##TITLE= /opt/topspin3.0/exp/stan/nmr/lists/wave/user/HypSec_trunc2.84_110
##JCAMP-DX= 5.00 Bruker JCAMP library
##DATA TYPE= Shape Data
##ORIGIN= Bruker BioSpin GmbH
##OWNER= <nmrsu>
##DATE= 15/02/24
##TIME= 16:15:04
##MINX= 1.164538e+01
##MAXX= 9.999960e+01
##MINY= 2.546774e-02
##MAXY= 3.585574e+02
##$SHAPE_EXMODE= Adiabatic
##$SHAPE_TOTROT= 1.800000e+02
##$SHAPE_BWFAC= 1.929340e+02
##$SHAPE_INTEGFAC= 2.356110e-02
##$SHAPE_MODE= 0
##NPOINTS= 1000
##XYPOINTS= (XY..XY)
1.000000e+02, 1.800000e+02
1.000000e+02, 1.760473e+02
1.000000e+02, 1.726467e+02
1.000000e+02, 1.696169e+02
1.000000e+02, 1.668589e+02
1.000000e+02, 1.643115e+02
1.000000e+02, 1.619334e+02
1.000000e+02, 1.596956e+02
1.000000e+02, 1.575764e+02
1.000000e+02, 1.555594e+02
1.000000e+02, 1.536315e+02
1.000000e+02, 1.517823e+02
1.000000e+02, 1.500033e+02
1.000000e+02, 1.482874e+02
1.000000e+02, 1.466288e+02
1.000000e+02, 1.450222e+02
1.000000e+02, 1.434634e+02
1.000000e+02, 1.419486e+02
1.000000e+02, 1.404745e+02
1.000000e+02, 1.390382e+02
1.000000e+02, 1.376372e+02
1.000000e+02, 1.362692e+02
1.000000e+02, 1.349322e+02
1.000000e+02, 1.336243e+02
1.000000e+02, 1.323438e+02
1.000000e+02, 1.310893e+02
1.000000e+02, 1.298593e+02
1.000000e+02, 1.286527e+02
1.000000e+02, 1.274683e+02
1.000000e+02, 1.263051e+02
1.000000e+02, 1.251620e+02
1.000000e+02, 1.240382e+02
1.000000e+02, 1.229328e+02
1.000000e+02, 1.218452e+02
1.000000e+02, 1.207745e+02
1.000000e+02, 1.197200e+02
1.000000e+02, 1.186813e+02
1.000000e+02, 1.176577e+02
1.000000e+02, 1.166486e+02
1.000000e+02, 1.156535e+02
1.000000e+02, 1.146720e+02
1.000000e+02, 1.137035e+02
1.000000e+02, 1.127478e+02
1.000000e+02, 1.118042e+02
1.000000e+02, 1.108726e+02
1.000000e+02, 1.099525e+02
1.000000e+02, 1.090435e+02
1.000000e+02, 1.081453e+02
1.000000e+02, 1.072577e+02
1.000000e+02, 1.063804e+02
1.000000e+02, 1.055129e+02
1.000000e+02, 1.046552e+02
1.000000e+02, 1.038069e+02
1.000000e+02, 1.029678e+02
1.000000e+02, 1.021376e+02
1.000000e+02, 1.013161e+02
1.000000e+02, 1.005032e+02
1.000000e+02, 9.969857e+01
1.000000e+02, 9.890207e+01
1.000000e+02, 9.811348e+01
1.000000e+02, 9.733265e+01
1.000000e+02, 9.655938e+01
1.000000e+02, 9.579353e+01
1.000000e+02, 9.503492e+01
1.000000e+02, 9.428340e+01
1.000000e+02, 9.353883e+01
1.000000e+02, 9.280106e+01
1.000000e+02, 9.206995e+01
1.000000e+02, 9.134538e+01
1.000000e+02, 9.062720e+01
1.000000e+02, 8.991531e+01
1.000000e+02, 8.920957e+01
1.000000e+02, 8.850988e+01
1.000000e+02, 8.781612e+01
1.000000e+02, 8.712819e+01
1.000000e+02, 8.644597e+01
1.000000e+02, 8.576937e+01
1.000000e+02, 8.509829e+01
1.000000e+02, 8.443264e+01
1.000000e+02, 8.377232e+01
1.000000e+02, 8.311724e+01
1.000000e+02, 8.246732e+01
1.000000e+02, 8.182247e+01
1.000000e+02, 8.118261e+01
1.000000e+02, 8.054766e+01
1.000000e+02, 7.991755e+01
1.000000e+02, 7.929220e+01
1.000000e+02, 7.867153e+01
1.000000e+02, 7.805548e+01
1.000000e+02, 7.744398e+01
1.000000e+02, 7.683695e+01
1.000000e+02, 7.623435e+01
1.000000e+02, 7.563609e+01
1.000000e+02, 7.504212e+01
1.000000e+02, 7.445239e+01
1.000000e+02, 7.386682e+01
1.000000e+02, 7.328537e+01
1.000000e+02, 7.270797e+01
1.000000e+02, 7.213458e+01
1.000000e+02, 7.156514e+01
1.000000e+02, 7.099959e+01
1.000000e+02, 7.043790e+01
1.000000e+02, 6.988000e+01
1.000000e+02, 6.932585e+01
1.000000e+02, 6.877541e+01
1.000000e+02, 6.822862e+01
1.000000e+02, 6.768545e+01
1.000000e+02, 6.714585e+01
1.000000e+02, 6.660977e+01
1.000000e+02, 6.607717e+01
1.000000e+02, 6.554802e+01
1.000000e+02, 6.502227e+01
1.000000e+02, 6.449989e+01
1.000000e+02, 6.398083e+01
1.000000e+02, 6.346506e+01
1.000000e+02, 6.295253e+01
1.000000e+02, 6.244323e+01
1.000000e+02, 6.193710e+01
1.000000e+02, 6.143412e+01
1.000000e+02, 6.093425e+01
1.000000e+02, 6.043746e+01
1.000000e+02, 5.994371e+01
1.000000e+02, 5.945298e+01
1.000000e+02, 5.896523e+01
1.000000e+02, 5.848043e+01
1.000000e+02, 5.799856e+01
1.000000e+02, 5.751958e+01
1.000000e+02, 5.704346e+01
1.000000e+02, 5.657018e+01
1.000000e+02, 5.609970e+01
1.000000e+02, 5.563201e+01
1.000000e+02, 5.516707e+01
1.000000e+02, 5.470486e+01
1.000000e+02, 5.424536e+01
1.000000e+02, 5.378853e+01
1.000000e+02, 5.333435e+01
1.000000e+02, 5.288280e+01
1.000000e+02, 5.243385e+01
1.000000e+02, 5.198749e+01
1.000000e+02, 5.154368e+01
1.000000e+02, 5.110241e+01
1.000000e+02, 5.066365e+01
1.000000e+02, 5.022738e+01
1.000000e+02, 4.979358e+01
1.000000e+02, 4.936223e+01
1.000000e+02, 4.893330e+01
1.000000e+02, 4.850679e+01
1.000000e+02, 4.808265e+01
1.000000e+02, 4.766089e+01
1.000000e+02, 4.724147e+01
1.000000e+02, 4.682439e+01
1.000000e+02, 4.640961e+01
1.000000e+02, 4.599712e+01
1.000000e+02, 4.558691e+01
1.000000e+02, 4.517895e+01
1.000000e+02, 4.477323e+01
1.000000e+02, 4.436973e+01
1.000000e+02, 4.396843e+01
1.000000e+02, 4.356931e+01
1.000000e+02, 4.317237e+01
1.000000e+02, 4.277758e+01
1.000000e+02, 4.238493e+01
1.000000e+02, 4.199440e+01
1.000000e+02, 4.160597e+01
1.000000e+02, 4.121964e+01
1.000000e+02, 4.083538e+01
1.000000e+02, 4.045318e+01
1.000000e+02, 4.007303e+01
1.000000e+02, 3.969491e+01
1.000000e+02, 3.931881e+01
1.000000e+02, 3.894471e+01
1.000000e+02, 3.857260e+01
1.000000e+02, 3.820247e+01
1.000000e+02, 3.783429e+01
1.000000e+02, 3.746807e+01
1.000000e+02, 3.710378e+01
1.000000e+02, 3.674142e+01
1.000000e+02, 3.638097e+01
1.000000e+02, 3.602242e+01
1.000000e+02, 3.566575e+01
1.000000e+02, 3.531095e+01
1.000000e+02, 3.495802e+01
1.000000e+02, 3.460694e+01
1.000000e+02, 3.425769e+01
1.000000e+02, 3.391027e+01
1.000000e+02, 3.356467e+01
1.000000e+02, 3.322087e+01
1.000000e+02, 3.287887e+01
1.000000e+02, 3.253865e+01
1.000000e+02, 3.220019e+01
1.000000e+02, 3.186350e+01
1.000000e+02, 3.152856e+01
1.000000e+02, 3.119536e+01
1.000000e+02, 3.086389e+01
1.000000e+02, 3.053414e+01
1.000000e+02, 3.020610e+01
1.000000e+02, 2.987976e+01
1.000000e+02, 2.955511e+01
1.000000e+02, 2.923214e+01
1.000000e+02, 2.891084e+01
1.000000e+02, 2.859121e+01
1.000000e+02, 2.827323e+01
1.000000e+02, 2.795689e+01
1.000000e+02, 2.764218e+01
1.000000e+02, 2.732910e+01
1.000000e+02, 2.701764e+01
1.000000e+02, 2.670779e+01
1.000000e+02, 2.639953e+01
1.000000e+02, 2.609287e+01
1.000000e+02, 2.578779e+01
1.000000e+02, 2.548429e+01
1.000000e+02, 2.518235e+01
1.000000e+02, 2.488197e+01
1.000000e+02, 2.458315e+01
1.000000e+02, 2.428586e+01
1.000000e+02, 2.399011e+01
1.000000e+02, 2.369589e+01
1.000000e+02, 2.340319e+01
1.000000e+02, 2.311200e+01
1.000000e+02, 2.282231e+01
1.000000e+02, 2.253413e+01
1.000000e+02, 2.224743e+01
1.000000e+02, 2.196222e+01
1.000000e+02, 2.167848e+01
1.000000e+02, 2.139621e+01
1.000000e+02, 2.111541e+01
1.000000e+02, 2.083606e+01
1.000000e+02, 2.055816e+01
1.000000e+02, 2.028170e+01
1.000000e+02, 2.000667e+01
1.000000e+02, 1.973308e+01
1.000000e+02, 1.946091e+01
1.000000e+02, 1.919015e+01
1.000000e+02, 1.892081e+01
1.000000e+02, 1.865286e+01
1.000000e+02, 1.838632e+01
1.000000e+02, 1.812117e+01
1.000000e+02, 1.785740e+01
1.000000e+02, 1.759501e+01
1.000000e+02, 1.733400e+01
1.000000e+02, 1.707435e+01
1.000000e+02, 1.681606e+01
1.000000e+02, 1.655913e+01
1.000000e+02, 1.630356e+01
1.000000e+02, 1.604932e+01
1.000000e+02, 1.579643e+01
1.000000e+02, 1.554487e+01
1.000000e+02, 1.529464e+01
1.000000e+02, 1.504573e+01
1.000000e+02, 1.479814e+01
1.000000e+02, 1.455186e+01
1.000000e+02, 1.430689e+01
1.000000e+02, 1.406322e+01
1.000000e+02, 1.382085e+01
1.000000e+02, 1.357977e+01
1.000000e+02, 1.333998e+01
1.000000e+02, 1.310147e+01
1.000000e+02, 1.286424e+01
1.000000e+02, 1.262828e+01
1.000000e+02, 1.239358e+01
1.000000e+02, 1.216016e+01
1.000000e+02, 1.192799e+01
1.000000e+02, 1.169707e+01
1.000000e+02, 1.146740e+01
1.000000e+02, 1.123898e+01
1.000000e+02, 1.101180e+01
1.000000e+02, 1.078585e+01
1.000000e+02, 1.056114e+01
1.000000e+02, 1.033765e+01
1.000000e+02, 1.011539e+01
1.000000e+02, 9.894343e+00
1.000000e+02, 9.674511e+00
1.000000e+02, 9.455890e+00
1.000000e+02, 9.238475e+00
1.000000e+02, 9.022261e+00
1.000000e+02, 8.807246e+00
1.000000e+02, 8.593424e+00
1.000000e+02, 8.380792e+00
1.000000e+02, 8.169346e+00
1.000000e+02, 7.959083e+00
1.000000e+02, 7.749997e+00
1.000000e+02, 7.542086e+00
1.000000e+02, 7.335346e+00
1.000000e+02, 7.129772e+00
1.000000e+02, 6.925362e+00
1.000000e+02, 6.722111e+00
1.000000e+02, 6.520017e+00
1.000000e+02, 6.319074e+00
1.000000e+02, 6.119280e+00
1.000000e+02, 5.920632e+00
1.000000e+02, 5.723125e+00
1.000000e+02, 5.526757e+00
1.000000e+02, 5.331523e+00
1.000000e+02, 5.137421e+00
1.000000e+02, 4.944447e+00
1.000000e+02, 4.752598e+00
1.000000e+02, 4.561870e+00
1.000000e+02, 4.372261e+00
1.000000e+02, 4.183767e+00
1.000000e+02, 3.996384e+00
1.000000e+02, 3.810110e+00
1.000000e+02, 3.624942e+00
1.000000e+02, 3.440876e+00
1.000000e+02, 3.257910e+00
1.000000e+02, 3.076040e+00
1.000000e+02, 2.895263e+00
1.000000e+02, 2.715576e+00
1.000000e+02, 2.536977e+00
1.000000e+02, 2.359462e+00
1.000000e+02, 2.183029e+00
1.000000e+02, 2.007675e+00
1.000000e+02, 1.833396e+00
1.000000e+02, 1.660190e+00
1.000000e+02, 1.488055e+00
1.000000e+02, 1.316987e+00
1.000000e+02, 1.146984e+00
1.000000e+02, 9.780425e-01
1.000000e+02, 8.101605e-01
1.000000e+02, 6.433353e-01
1.000000e+02, 4.775640e-01
1.000000e+02, 3.128442e-01
1.000000e+02, 1.491732e-01
1.000000e+02, 3.599865e+02
1.000000e+02, 3.598250e+02
1.000000e+02, 3.596644e+02
1.000000e+02, 3.595049e+02
1.000000e+02, 3.593465e+02
1.000000e+02, 3.591890e+02
1.000000e+02, 3.590326e+02
1.000000e+02, 3.588773e+02
1.000000e+02, 3.587229e+02
1.000000e+02, 3.585696e+02
1.000000e+02, 3.584173e+02
1.000000e+02, 3.582660e+02
1.000000e+02, 3.581158e+02
1.000000e+02, 3.579665e+02
1.000000e+02, 3.578183e+02
1.000000e+02, 3.576711e+02
1.000000e+02, 3.575249e+02
1.000000e+02, 3.573796e+02
1.000000e+02, 3.572354e+02
1.000000e+02, 3.570922e+02
1.000000e+02, 3.569500e+02
1.000000e+02, 3.568088e+02
1.000000e+02, 3.566686e+02
1.000000e+02, 3.565294e+02
1.000000e+02, 3.563912e+02
1.000000e+02, 3.562540e+02
1.000000e+02, 3.561177e+02
1.000000e+02, 3.559825e+02
1.000000e+02, 3.558482e+02
1.000000e+02, 3.557149e+02
1.000000e+02, 3.555826e+02
1.000000e+02, 3.554513e+02
1.000000e+02, 3.553209e+02
1.000000e+02, 3.551915e+02
1.000000e+02, 3.550631e+02
1.000000e+02, 3.549357e+02
1.000000e+02, 3.548092e+02
1.000000e+02, 3.546837e+02
1.000000e+02, 3.545592e+02
1.000000e+02, 3.544356e+02
1.000000e+02, 3.543130e+02
1.000000e+02, 3.541913e+02
1.000000e+02, 3.540706e+02
1.000000e+02, 3.539509e+02
1.000000e+02, 3.538321e+02
1.000000e+02, 3.537143e+02
1.000000e+02, 3.535974e+02
1.000000e+02, 3.534815e+02
1.000000e+02, 3.533665e+02
1.000000e+02, 3.532525e+02
1.000000e+02, 3.531394e+02
1.000000e+02, 3.530273e+02
1.000000e+02, 3.529161e+02
1.000000e+02, 3.528058e+02
1.000000e+02, 3.526965e+02
1.000000e+02, 3.525881e+02
1.000000e+02, 3.524807e+02
1.000000e+02, 3.523742e+02
1.000000e+02, 3.522686e+02
1.000000e+02, 3.521640e+02
1.000000e+02, 3.520603e+02
1.000000e+02, 3.519575e+02
1.000000e+02, 3.518556e+02
1.000000e+02, 3.517547e+02
1.000000e+02, 3.516547e+02
1.000000e+02, 3.515556e+02
1.000000e+02, 3.514575e+02
1.000000e+02, 3.513603e+02
1.000000e+02, 3.512640e+02
1.000000e+02, 3.511686e+02
1.000000e+02, 3.510741e+02
1.000000e+02, 3.509805e+02
1.000000e+02, 3.508879e+02
1.000000e+02, 3.507962e+02
1.000000e+02, 3.507054e+02
1.000000e+02, 3.506155e+02
1.000000e+02, 3.505265e+02
1.000000e+02, 3.504384e+02
1.000000e+02, 3.503512e+02
1.000000e+02, 3.502649e+02
1.000000e+02, 3.501796e+02
1.000000e+02, 3.500951e+02
1.000000e+02, 3.500116e+02
1.000000e+02, 3.499289e+02
1.000000e+02, 3.498472e+02
1.000000e+02, 3.497663e+02
1.000000e+02, 3.496864e+02
1.000000e+02, 3.496073e+02
1.000000e+02, 3.495292e+02
1.000000e+02, 3.494519e+02
1.000000e+02, 3.493756e+02
1.000000e+02, 3.493001e+02
1.000000e+02, 3.492256e+02
1.000000e+02, 3.491519e+02
1.000000e+02, 3.490791e+02
1.000000e+02, 3.490072e+02
1.000000e+02, 3.489362e+02
1.000000e+02, 3.488661e+02
1.000000e+02, 3.487969e+02
1.000000e+02, 3.487285e+02
1.000000e+02, 3.486611e+02
1.000000e+02, 3.485945e+02
1.000000e+02, 3.485288e+02
1.000000e+02, 3.484640e+02
1.000000e+02, 3.484001e+02
1.000000e+02, 3.483371e+02
1.000000e+02, 3.482749e+02
1.000000e+02, 3.482137e+02
1.000000e+02, 3.481533e+02
1.000000e+02, 3.480938e+02
1.000000e+02, 3.480351e+02
1.000000e+02, 3.479774e+02
1.000000e+02, 3.479205e+02
1.000000e+02, 3.478645e+02
1.000000e+02, 3.478094e+02
1.000000e+02, 3.477551e+02
1.000000e+02, 3.477018e+02
1.000000e+02, 3.476493e+02
1.000000e+02, 3.475977e+02
1.000000e+02, 3.475469e+02
1.000000e+02, 3.474970e+02
1.000000e+02, 3.474480e+02
1.000000e+02, 3.473999e+02
1.000000e+02, 3.473526e+02
1.000000e+02, 3.473062e+02
1.000000e+02, 3.472607e+02
1.000000e+02, 3.472160e+02
1.000000e+02, 3.471722e+02
1.000000e+02, 3.471293e+02
1.000000e+02, 3.470872e+02
1.000000e+02, 3.470460e+02
1.000000e+02, 3.470057e+02
1.000000e+02, 3.469662e+02
1.000000e+02, 3.469277e+02
1.000000e+02, 3.468899e+02
1.000000e+02, 3.468530e+02
1.000000e+02, 3.468170e+02
1.000000e+02, 3.467819e+02
1.000000e+02, 3.467476e+02
1.000000e+02, 3.467142e+02
1.000000e+02, 3.466817e+02
1.000000e+02, 3.466500e+02
1.000000e+02, 3.466191e+02
1.000000e+02, 3.465892e+02
1.000000e+02, 3.465600e+02
1.000000e+02, 3.465318e+02
1.000000e+02, 3.465044e+02
1.000000e+02, 3.464779e+02
1.000000e+02, 3.464522e+02
1.000000e+02, 3.464274e+02
1.000000e+02, 3.464034e+02
1.000000e+02, 3.463803e+02
1.000000e+02, 3.463581e+02
1.000000e+02, 3.463367e+02
1.000000e+02, 3.463162e+02
1.000000e+02, 3.462965e+02
1.000000e+02, 3.462777e+02
1.000000e+02, 3.462597e+02
1.000000e+02, 3.462426e+02
1.000000e+02, 3.462264e+02
1.000000e+02, 3.462110e+02
1.000000e+02, 3.461965e+02
1.000000e+02, 3.461828e+02
1.000000e+02, 3.461700e+02
1.000000e+02, 3.461580e+02
1.000000e+02, 3.461469e+02
1.000000e+02, 3.461367e+02
1.000000e+02, 3.461273e+02
1.000000e+02, 3.461187e+02
1.000000e+02, 3.461110e+02
1.000000e+02, 3.461042e+02
1.000000e+02, 3.460982e+02
1.000000e+02, 3.460931e+02
1.000000e+02, 3.460888e+02
1.000000e+02, 3.460854e+02
1.000000e+02, 3.460828e+02
1.000000e+02, 3.460811e+02
1.000000e+02, 3.460803e+02
1.000000e+02, 3.460803e+02
1.000000e+02, 3.460811e+02
1.000000e+02, 3.460828e+02
1.000000e+02, 3.460854e+02
1.000000e+02, 3.460888e+02
1.000000e+02, 3.460931e+02
1.000000e+02, 3.460982e+02
1.000000e+02, 3.461042e+02
1.000000e+02, 3.461110e+02
1.000000e+02, 3.461187e+02
1.000000e+02, 3.461273e+02
1.000000e+02, 3.461367e+02
1.000000e+02, 3.461469e+02
1.000000e+02, 3.461580e+02
1.000000e+02, 3.461700e+02
1.000000e+02, 3.461828e+02
1.000000e+02, 3.461965e+02
1.000000e+02, 3.462110e+02
1.000000e+02, 3.462264e+02
1.000000e+02, 3.462426e+02
1.000000e+02, 3.462597e+02
1.000000e+02, 3.462777e+02
1.000000e+02, 3.462965e+02
1.000000e+02, 3.463162e+02
1.000000e+02, 3.463367e+02
1.000000e+02, 3.463581e+02
1.000000e+02, 3.463803e+02
1.000000e+02, 3.464034e+02
1.000000e+02, 3.464274e+02
1.000000e+02, 3.464522e+02
1.000000e+02, 3.464779e+02
1.000000e+02, 3.465044e+02
1.000000e+02, 3.465318e+02
1.000000e+02, 3.465600e+02
1.000000e+02, 3.465892e+02
1.000000e+02, 3.466191e+02
1.000000e+02, 3.466500e+02
1.000000e+02, 3.466817e+02
1.000000e+02, 3.467142e+02
1.000000e+02, 3.467476e+02
1.000000e+02, 3.467819e+02
1.000000e+02, 3.468170e+02
1.000000e+02, 3.468531e+02
1.000000e+02, 3.468899e+02
1.000000e+02, 3.469277e+02
1.000000e+02, 3.469662e+02
1.000000e+02, 3.470057e+02
1.000000e+02, 3.470460e+02
1.000000e+02, 3.470872e+02
1.000000e+02, 3.471293e+02
1.000000e+02, 3.471722e+02
1.000000e+02, 3.472160e+02
1.000000e+02, 3.472607e+02
1.000000e+02, 3.473062e+02
1.000000e+02, 3.473526e+02
1.000000e+02, 3.473999e+02
1.000000e+02, 3.474480e+02
1.000000e+02, 3.474970e+02
1.000000e+02, 3.475469e+02
1.000000e+02, 3.475977e+02
1.000000e+02, 3.476493e+02
1.000000e+02, 3.477018e+02
1.000000e+02, 3.477551e+02
1.000000e+02, 3.478094e+02
1.000000e+02, 3.478645e+02
1.000000e+02, 3.479205e+02
1.000000e+02, 3.479774e+02
1.000000e+02, 3.480351e+02
1.000000e+02, 3.480938e+02
1.000000e+02, 3.481533e+02
1.000000e+02, 3.482137e+02
1.000000e+02, 3.482749e+02
1.000000e+02, 3.483371e+02
1.000000e+02, 3.484001e+02
1.000000e+02, 3.484640e+02
1.000000e+02, 3.485288e+02
1.000000e+02, 3.485945e+02
1.000000e+02, 3.486611e+02
1.000000e+02, 3.487285e+02
1.000000e+02, 3.487969e+02
1.000000e+02, 3.488661e+02
1.000000e+02, 3.489362e+02
1.000000e+02, 3.490072e+02
1.000000e+02, 3.490791e+02
1.000000e+02, 3.491519e+02
1.000000e+02, 3.492256e+02
1.000000e+02, 3.493001e+02
1.000000e+02, 3.493756e+02
1.000000e+02, 3.494519e+02
1.000000e+02, 3.495292e+02
1.000000e+02, 3.496073e+02
1.000000e+02, 3.496864e+02
1.000000e+02, 3.497663e+02
1.000000e+02, 3.498472e+02
1.000000e+02, 3.499289e+02
1.000000e+02, 3.500116e+02
1.000000e+02, 3.500951e+02
1.000000e+02, 3.501796e+02
1.000000e+02, 3.502649e+02
1.000000e+02, 3.503512e+02
1.000000e+02, 3.504384e+02
1.000000e+02, 3.505265e+02
1.000000e+02, 3.506155e+02
1.000000e+02, 3.507054e+02
1.000000e+02, 3.507962e+02
1.000000e+02, 3.508879e+02
1.000000e+02, 3.509805e+02
1.000000e+02, 3.510741e+02
1.000000e+02, 3.511686e+02
1.000000e+02, 3.512640e+02
1.000000e+02, 3.513603e+02
1.000000e+02, 3.514575e+02
1.000000e+02, 3.515556e+02
1.000000e+02, 3.516547e+02
1.000000e+02, 3.517547e+02
1.000000e+02, 3.518556e+02
1.000000e+02, 3.519575e+02
1.000000e+02, 3.520603e+02
1.000000e+02, 3.521640e+02
1.000000e+02, 3.522686e+02
1.000000e+02, 3.523742e+02
1.000000e+02, 3.524807e+02
1.000000e+02, 3.525881e+02
1.000000e+02, 3.526965e+02
1.000000e+02, 3.528058e+02
1.000000e+02, 3.529161e+02
1.000000e+02, 3.530273e+02
1.000000e+02, 3.531394e+02
1.000000e+02, 3.532525e+02
1.000000e+02, 3.533665e+02
1.000000e+02, 3.534815e+02
1.000000e+02, 3.535974e+02
1.000000e+02, 3.537143e+02
1.000000e+02, 3.538321e+02
1.000000e+02, 3.539509e+02
1.000000e+02, 3.540706e+02
1.000000e+02, 3.541913e+02
1.000000e+02, 3.543130e+02
1.000000e+02, 3.544356e+02
1.000000e+02, 3.545592e+02
1.000000e+02, 3.546837e+02
1.000000e+02, 3.548092e+02
1.000000e+02, 3.549357e+02
1.000000e+02, 3.550631e+02
1.000000e+02, 3.551915e+02
1.000000e+02, 3.553209e+02
1.000000e+02, 3.554513e+02
1.000000e+02, 3.555826e+02
1.000000e+02, 3.557149e+02
1.000000e+02, 3.558482e+02
1.000000e+02, 3.559825e+02
1.000000e+02, 3.561177e+02
1.000000e+02, 3.562540e+02
1.000000e+02, 3.563912e+02
1.000000e+02, 3.565294e+02
1.000000e+02, 3.566686e+02
1.000000e+02, 3.568088e+02
1.000000e+02, 3.569500e+02
1.000000e+02, 3.570922e+02
1.000000e+02, 3.572354e+02
1.000000e+02, 3.573796e+02
1.000000e+02, 3.575249e+02
1.000000e+02, 3.576711e+02
1.000000e+02, 3.578183e+02
1.000000e+02, 3.579665e+02
1.000000e+02, 3.581158e+02
1.000000e+02, 3.582660e+02
1.000000e+02, 3.584173e+02
1.000000e+02, 3.585696e+02
1.000000e+02, 3.587229e+02
1.000000e+02, 3.588773e+02
1.000000e+02, 3.590326e+02
1.000000e+02, 3.591890e+02
1.000000e+02, 3.593465e+02
1.000000e+02, 3.595049e+02
1.000000e+02, 3.596644e+02
1.000000e+02, 3.598250e+02
1.000000e+02, 3.599865e+02
1.000000e+02, 1.491740e-01
1.000000e+02, 3.128450e-01
1.000000e+02, 4.775648e-01
1.000000e+02, 6.433360e-01
1.000000e+02, 8.101613e-01
1.000000e+02, 9.780433e-01
1.000000e+02, 1.146985e+00
1.000000e+02, 1.316988e+00
1.000000e+02, 1.488056e+00
1.000000e+02, 1.660191e+00
1.000000e+02, 1.833397e+00
1.000000e+02, 2.007676e+00
1.000000e+02, 2.183030e+00
1.000000e+02, 2.359463e+00
1.000000e+02, 2.536978e+00
1.000000e+02, 2.715577e+00
1.000000e+02, 2.895264e+00
1.000000e+02, 3.076040e+00
1.000000e+02, 3.257911e+00
1.000000e+02, 3.440877e+00
1.000000e+02, 3.624943e+00
1.000000e+02, 3.810111e+00
1.000000e+02, 3.996385e+00
1.000000e+02, 4.183768e+00
1.000000e+02, 4.372262e+00
1.000000e+02, 4.561871e+00
1.000000e+02, 4.752599e+00
1.000000e+02, 4.944448e+00
1.000000e+02, 5.137422e+00
1.000000e+02, 5.331524e+00
1.000000e+02, 5.526758e+00
1.000000e+02, 5.723126e+00
1.000000e+02, 5.920633e+00
1.000000e+02, 6.119281e+00
1.000000e+02, 6.319075e+00
1.000000e+02, 6.520018e+00
1.000000e+02, 6.722112e+00
1.000000e+02, 6.925363e+00
1.000000e+02, 7.129773e+00
1.000000e+02, 7.335347e+00
1.000000e+02, 7.542087e+00
1.000000e+02, 7.749998e+00
1.000000e+02, 7.959084e+00
1.000000e+02, 8.169347e+00
1.000000e+02, 8.380793e+00
1.000000e+02, 8.593425e+00
1.000000e+02, 8.807247e+00
1.000000e+02, 9.022262e+00
1.000000e+02, 9.238476e+00
1.000000e+02, 9.455891e+00
1.000000e+02, 9.674512e+00
1.000000e+02, 9.894344e+00
1.000000e+02, 1.011539e+01
1.000000e+02, 1.033765e+01
1.000000e+02, 1.056114e+01
1.000000e+02, 1.078586e+01
1.000000e+02, 1.101180e+01
1.000000e+02, 1.123898e+01
1.000000e+02, 1.146740e+01
1.000000e+02, 1.169707e+01
1.000000e+02, 1.192799e+01
1.000000e+02, 1.216016e+01
1.000000e+02, 1.239359e+01
1.000000e+02, 1.262828e+01
1.000000e+02, 1.286424e+01
1.000000e+02, 1.310147e+01
1.000000e+02, 1.333998e+01
1.000000e+02, 1.357977e+01
1.000000e+02, 1.382085e+01
1.000000e+02, 1.406322e+01
1.000000e+02, 1.430689e+01
1.000000e+02, 1.455186e+01
1.000000e+02, 1.479814e+01
1.000000e+02, 1.504573e+01
1.000000e+02, 1.529464e+01
1.000000e+02, 1.554487e+01
1.000000e+02, 1.579643e+01
1.000000e+02, 1.604932e+01
1.000000e+02, 1.630356e+01
1.000000e+02, 1.655914e+01
1.000000e+02, 1.681606e+01
1.000000e+02, 1.707435e+01
1.000000e+02, 1.733400e+01
1.000000e+02, 1.759501e+01
1.000000e+02, 1.785740e+01
1.000000e+02, 1.812117e+01
1.000000e+02, 1.838632e+01
1.000000e+02, 1.865287e+01
1.000000e+02, 1.892081e+01
1.000000e+02, 1.919015e+01
1.000000e+02, 1.946091e+01
1.000000e+02, 1.973308e+01
1.000000e+02, 2.000667e+01
1.000000e+02, 2.028170e+01
1.000000e+02, 2.055816e+01
1.000000e+02, 2.083606e+01
1.000000e+02, 2.111541e+01
1.000000e+02, 2.139621e+01
1.000000e+02, 2.167848e+01
1.000000e+02, 2.196222e+01
1.000000e+02, 2.224743e+01
1.000000e+02, 2.253413e+01
1.000000e+02, 2.282231e+01
1.000000e+02, 2.311200e+01
1.000000e+02, 2.340319e+01
1.000000e+02, 2.369589e+01
1.000000e+02, 2.399011e+01
1.000000e+02, 2.428586e+01
1.000000e+02, 2.458315e+01
1.000000e+02, 2.488198e+01
1.000000e+02, 2.518235e+01
1.000000e+02, 2.548429e+01
1.000000e+02, 2.578779e+01
1.000000e+02, 2.609287e+01
1.000000e+02, 2.639954e+01
1.000000e+02, 2.670779e+01
1.000000e+02, 2.701764e+01
1.000000e+02, 2.732910e+01
1.000000e+02, 2.764218e+01
1.000000e+02, 2.795689e+01
1.000000e+02, 2.827323e+01
1.000000e+02, 2.859121e+01
1.000000e+02, 2.891085e+01
1.000000e+02, 2.923214e+01
1.000000e+02, 2.955511e+01
1.000000e+02, 2.987976e+01
1.000000e+02, 3.020610e+01
1.000000e+02, 3.053414e+01
1.000000e+02, 3.086389e+01
1.000000e+02, 3.119536e+01
1.000000e+02, 3.152856e+01
1.000000e+02, 3.186350e+01
1.000000e+02, 3.220020e+01
1.000000e+02, 3.253865e+01
1.000000e+02, 3.287887e+01
1.000000e+02, 3.322087e+01
1.000000e+02, 3.356467e+01
1.000000e+02, 3.391028e+01
1.000000e+02, 3.425769e+01
1.000000e+02, 3.460694e+01
1.000000e+02, 3.495802e+01
1.000000e+02, 3.531095e+01
1.000000e+02, 3.566575e+01
1.000000e+02, 3.602242e+01
1.000000e+02, 3.638097e+01
1.000000e+02, 3.674142e+01
1.000000e+02, 3.710379e+01
1.000000e+02, 3.746807e+01
1.000000e+02, 3.783429e+01
1.000000e+02, 3.820247e+01
1.000000e+02, 3.857260e+01
1.000000e+02, 3.894471e+01
1.000000e+02, 3.931881e+01
1.000000e+02, 3.969491e+01
1.000000e+02, 4.007303e+01
1.000000e+02, 4.045319e+01
1.000000e+02, 4.083538e+01
1.000000e+02, 4.121964e+01
1.000000e+02, 4.160598e+01
1.000000e+02, 4.199440e+01
1.000000e+02, 4.238493e+01
1.000000e+02, 4.277758e+01
1.000000e+02, 4.317237e+01
1.000000e+02, 4.356932e+01
1.000000e+02, 4.396843e+01
1.000000e+02, 4.436973e+01
1.000000e+02, 4.477323e+01
1.000000e+02, 4.517895e+01
1.000000e+02, 4.558691e+01
1.000000e+02, 4.599712e+01
1.000000e+02, 4.640961e+01
1.000000e+02, 4.682439e+01
1.000000e+02, 4.724148e+01
1.000000e+02, 4.766089e+01
1.000000e+02, 4.808266e+01
1.000000e+02, 4.850679e+01
1.000000e+02, 4.893330e+01
1.000000e+02, 4.936223e+01
1.000000e+02, 4.979358e+01
1.000000e+02, 5.022738e+01
1.000000e+02, 5.066365e+01
1.000000e+02, 5.110241e+01
1.000000e+02, 5.154368e+01
1.000000e+02, 5.198749e+01
1.000000e+02, 5.243386e+01
1.000000e+02, 5.288280e+01
1.000000e+02, 5.333435e+01
1.000000e+02, 5.378853e+01
1.000000e+02, 5.424536e+01
1.000000e+02, 5.470487e+01
1.000000e+02, 5.516708e+01
1.000000e+02, 5.563201e+01
1.000000e+02, 5.609971e+01
1.000000e+02, 5.657018e+01
1.000000e+02, 5.704346e+01
1.000000e+02, 5.751958e+01
1.000000e+02, 5.799856e+01
1.000000e+02, 5.848043e+01
1.000000e+02, 5.896523e+01
1.000000e+02, 5.945298e+01
1.000000e+02, 5.994371e+01
1.000000e+02, 6.043746e+01
1.000000e+02, 6.093425e+01
1.000000e+02, 6.143412e+01
1.000000e+02, 6.193710e+01
1.000000e+02, 6.244323e+01
1.000000e+02, 6.295254e+01
1.000000e+02, 6.346506e+01
1.000000e+02, 6.398083e+01
1.000000e+02, 6.449989e+01
1.000000e+02, 6.502227e+01
1.000000e+02, 6.554802e+01
1.000000e+02, 6.607718e+01
1.000000e+02, 6.660977e+01
1.000000e+02, 6.714585e+01
1.000000e+02, 6.768545e+01
1.000000e+02, 6.822863e+01
1.000000e+02, 6.877541e+01
1.000000e+02, 6.932586e+01
1.000000e+02, 6.988000e+01
1.000000e+02, 7.043790e+01
1.000000e+02, 7.099959e+01
1.000000e+02, 7.156514e+01
1.000000e+02, 7.213458e+01
1.000000e+02, 7.270797e+01
1.000000e+02, 7.328537e+01
1.000000e+02, 7.386682e+01
1.000000e+02, 7.445239e+01
1.000000e+02, 7.504213e+01
1.000000e+02, 7.563609e+01
1.000000e+02, 7.623435e+01
1.000000e+02, 7.683696e+01
1.000000e+02, 7.744398e+01
1.000000e+02, 7.805548e+01
1.000000e+02, 7.867153e+01
1.000000e+02, 7.929220e+01
1.000000e+02, 7.991755e+01
1.000000e+02, 8.054766e+01
1.000000e+02, 8.118261e+01
1.000000e+02, 8.182247e+01
1.000000e+02, 8.246732e+01
1.000000e+02, 8.311724e+01
1.000000e+02, 8.377232e+01
1.000000e+02, 8.443264e+01
1.000000e+02, 8.509829e+01
1.000000e+02, 8.576937e+01
1.000000e+02, 8.644597e+01
1.000000e+02, 8.712819e+01
1.000000e+02, 8.781612e+01
1.000000e+02, 8.850988e+01
1.000000e+02, 8.920958e+01
1.000000e+02, 8.991531e+01
1.000000e+02, 9.062721e+01
1.000000e+02, 9.134538e+01
1.000000e+02, 9.206995e+01
1.000000e+02, 9.280106e+01
1.000000e+02, 9.353883e+01
1.000000e+02, 9.428340e+01
1.000000e+02, 9.503492e+01
1.000000e+02, 9.579353e+01
1.000000e+02, 9.655939e+01
1.000000e+02, 9.733265e+01
1.000000e+02, 9.811348e+01
1.000000e+02, 9.890207e+01
1.000000e+02, 9.969858e+01
1.000000e+02, 1.005032e+02
1.000000e+02, 1.013161e+02
1.000000e+02, 1.021376e+02
1.000000e+02, 1.029678e+02
1.000000e+02, 1.038069e+02
1.000000e+02, 1.046552e+02
1.000000e+02, 1.055129e+02
1.000000e+02, 1.063804e+02
1.000000e+02, 1.072577e+02
1.000000e+02, 1.081454e+02
1.000000e+02, 1.090435e+02
1.000000e+02, 1.099525e+02
1.000000e+02, 1.108726e+02
1.000000e+02, 1.118042e+02
1.000000e+02, 1.127478e+02
1.000000e+02, 1.137035e+02
1.000000e+02, 1.146720e+02
1.000000e+02, 1.156535e+02
1.000000e+02, 1.166486e+02
1.000000e+02, 1.176577e+02
1.000000e+02, 1.186813e+02
1.000000e+02, 1.197200e+02
1.000000e+02, 1.207745e+02
1.000000e+02, 1.218452e+02
1.000000e+02, 1.229328e+02
1.000000e+02, 1.240382e+02
1.000000e+02, 1.251620e+02
1.000000e+02, 1.263051e+02
1.000000e+02, 1.274683e+02
1.000000e+02, 1.286527e+02
1.000000e+02, 1.298593e+02
1.000000e+02, 1.310893e+02
1.000000e+02, 1.323438e+02
1.000000e+02, 1.336243e+02
1.000000e+02, 1.349322e+02
1.000000e+02, 1.362692e+02
1.000000e+02, 1.376372e+02
1.000000e+02, 1.390382e+02
1.000000e+02, 1.404745e+02
1.000000e+02, 1.419486e+02
1.000000e+02, 1.434634e+02
1.000000e+02, 1.450222e+02
1.000000e+02, 1.466288e+02
1.000000e+02, 1.482874e+02
1.000000e+02, 1.500033e+02
1.000000e+02, 1.517823e+02
1.000000e+02, 1.536315e+02
1.000000e+02, 1.555594e+02
1.000000e+02, 1.575764e+02
1.000000e+02, 1.596956e+02
1.000000e+02, 1.619334e+02
1.000000e+02, 1.643115e+02
1.000000e+02, 1.668589e+02
1.000000e+02, 1.696169e+02
1.000000e+02, 1.726467e+02
1.000000e+02, 1.760474e+02
1.000000e+02, 1.800000e+02
##END= 