##TITLE= /opt/topspin3.0/exp/stan/nmr/lists/wave/user/HypSec_trunc2.84_110
##JCAMP-DX= 5.00 Bruker JCAMP library
##DATA TYPE= Shape Data
##ORIGIN= Bruker BioSpin GmbH
##OWNER= <nmrsu>
##DATE= 15/02/24
##TIME= 16:15:04
##MINX= 1.164538e+01
##MAXX= 9.999960e+01
##MINY= 2.546774e-02
##MAXY= 3.585574e+02
##$SHAPE_EXMODE= Adiabatic
##$SHAPE_TOTROT= 1.800000e+02
##$SHAPE_BWFAC= 1.929340e+02
##$SHAPE_INTEGFAC= 2.356110e-02
##$SHAPE_MODE= 0
##NPOINTS= 1000
##XYPOINTS= (XY..XY)
1.000000e+02, 1.800000e+02
1.000000e+02, 1.739548e+02
1.000000e+02, 1.687538e+02
1.000000e+02, 1.641200e+02
1.000000e+02, 1.599019e+02
1.000000e+02, 1.560058e+02
1.000000e+02, 1.523687e+02
1.000000e+02, 1.489462e+02
1.000000e+02, 1.457051e+02
1.000000e+02, 1.426202e+02
1.000000e+02, 1.396717e+02
1.000000e+02, 1.368435e+02
1.000000e+02, 1.341227e+02
1.000000e+02, 1.314984e+02
1.000000e+02, 1.289616e+02
1.000000e+02, 1.265045e+02
1.000000e+02, 1.241204e+02
1.000000e+02, 1.218037e+02
1.000000e+02, 1.195492e+02
1.000000e+02, 1.173526e+02
1.000000e+02, 1.152099e+02
1.000000e+02, 1.131177e+02
1.000000e+02, 1.110728e+02
1.000000e+02, 1.090724e+02
1.000000e+02, 1.071140e+02
1.000000e+02, 1.051953e+02
1.000000e+02, 1.033142e+02
1.000000e+02, 1.014689e+02
1.000000e+02, 9.965742e+01
1.000000e+02, 9.787832e+01
1.000000e+02, 9.613008e+01
1.000000e+02, 9.441133e+01
1.000000e+02, 9.272079e+01
1.000000e+02, 9.105730e+01
1.000000e+02, 8.941975e+01
1.000000e+02, 8.780713e+01
1.000000e+02, 8.621848e+01
1.000000e+02, 8.465291e+01
1.000000e+02, 8.310958e+01
1.000000e+02, 8.158770e+01
1.000000e+02, 8.008655e+01
1.000000e+02, 7.860541e+01
1.000000e+02, 7.714364e+01
1.000000e+02, 7.570061e+01
1.000000e+02, 7.427574e+01
1.000000e+02, 7.286847e+01
1.000000e+02, 7.147827e+01
1.000000e+02, 7.010465e+01
1.000000e+02, 6.874713e+01
1.000000e+02, 6.740527e+01
1.000000e+02, 6.607862e+01
1.000000e+02, 6.476678e+01
1.000000e+02, 6.346936e+01
1.000000e+02, 6.218599e+01
1.000000e+02, 6.091630e+01
1.000000e+02, 5.965997e+01
1.000000e+02, 5.841666e+01
1.000000e+02, 5.718606e+01
1.000000e+02, 5.596786e+01
1.000000e+02, 5.476180e+01
1.000000e+02, 5.356758e+01
1.000000e+02, 5.238494e+01
1.000000e+02, 5.121363e+01
1.000000e+02, 5.005340e+01
1.000000e+02, 4.890403e+01
1.000000e+02, 4.776527e+01
1.000000e+02, 4.663691e+01
1.000000e+02, 4.551875e+01
1.000000e+02, 4.441058e+01
1.000000e+02, 4.331219e+01
1.000000e+02, 4.222341e+01
1.000000e+02, 4.114405e+01
1.000000e+02, 4.007394e+01
1.000000e+02, 3.901289e+01
1.000000e+02, 3.796076e+01
1.000000e+02, 3.691737e+01
1.000000e+02, 3.588257e+01
1.000000e+02, 3.485621e+01
1.000000e+02, 3.383815e+01
1.000000e+02, 3.282825e+01
1.000000e+02, 3.182636e+01
1.000000e+02, 3.083237e+01
1.000000e+02, 2.984613e+01
1.000000e+02, 2.886752e+01
1.000000e+02, 2.789642e+01
1.000000e+02, 2.693272e+01
1.000000e+02, 2.597630e+01
1.000000e+02, 2.502705e+01
1.000000e+02, 2.408485e+01
1.000000e+02, 2.314961e+01
1.000000e+02, 2.222123e+01
1.000000e+02, 2.129959e+01
1.000000e+02, 2.038461e+01
1.000000e+02, 1.947619e+01
1.000000e+02, 1.857424e+01
1.000000e+02, 1.767867e+01
1.000000e+02, 1.678938e+01
1.000000e+02, 1.590631e+01
1.000000e+02, 1.502936e+01
1.000000e+02, 1.415844e+01
1.000000e+02, 1.329350e+01
1.000000e+02, 1.243443e+01
1.000000e+02, 1.158118e+01
1.000000e+02, 1.073366e+01
1.000000e+02, 9.891804e+00
1.000000e+02, 9.055544e+00
1.000000e+02, 8.224808e+00
1.000000e+02, 7.399531e+00
1.000000e+02, 6.579646e+00
1.000000e+02, 5.765089e+00
1.000000e+02, 4.955798e+00
1.000000e+02, 4.151711e+00
1.000000e+02, 3.352769e+00
1.000000e+02, 2.558913e+00
1.000000e+02, 1.770084e+00
1.000000e+02, 9.862278e-01
1.000000e+02, 2.072884e-01
1.000000e+02, 3.594332e+02
1.000000e+02, 3.586639e+02
1.000000e+02, 3.578994e+02
1.000000e+02, 3.571396e+02
1.000000e+02, 3.563845e+02
1.000000e+02, 3.556340e+02
1.000000e+02, 3.548880e+02
1.000000e+02, 3.541465e+02
1.000000e+02, 3.534096e+02
1.000000e+02, 3.526770e+02
1.000000e+02, 3.519488e+02
1.000000e+02, 3.512250e+02
1.000000e+02, 3.505054e+02
1.000000e+02, 3.497901e+02
1.000000e+02, 3.490791e+02
1.000000e+02, 3.483721e+02
1.000000e+02, 3.476694e+02
1.000000e+02, 3.469707e+02
1.000000e+02, 3.462761e+02
1.000000e+02, 3.455855e+02
1.000000e+02, 3.448988e+02
1.000000e+02, 3.442162e+02
1.000000e+02, 3.435374e+02
1.000000e+02, 3.428625e+02
1.000000e+02, 3.421915e+02
1.000000e+02, 3.415242e+02
1.000000e+02, 3.408608e+02
1.000000e+02, 3.402011e+02
1.000000e+02, 3.395451e+02
1.000000e+02, 3.388927e+02
1.000000e+02, 3.382441e+02
1.000000e+02, 3.375990e+02
1.000000e+02, 3.369575e+02
1.000000e+02, 3.363196e+02
1.000000e+02, 3.356853e+02
1.000000e+02, 3.350544e+02
1.000000e+02, 3.344270e+02
1.000000e+02, 3.338031e+02
1.000000e+02, 3.331826e+02
1.000000e+02, 3.325655e+02
1.000000e+02, 3.319517e+02
1.000000e+02, 3.313413e+02
1.000000e+02, 3.307342e+02
1.000000e+02, 3.301304e+02
1.000000e+02, 3.295299e+02
1.000000e+02, 3.289326e+02
1.000000e+02, 3.283385e+02
1.000000e+02, 3.277477e+02
1.000000e+02, 3.271600e+02
1.000000e+02, 3.265755e+02
1.000000e+02, 3.259940e+02
1.000000e+02, 3.254157e+02
1.000000e+02, 3.248405e+02
1.000000e+02, 3.242684e+02
1.000000e+02, 3.236993e+02
1.000000e+02, 3.231332e+02
1.000000e+02, 3.225701e+02
1.000000e+02, 3.220100e+02
1.000000e+02, 3.214528e+02
1.000000e+02, 3.208986e+02
1.000000e+02, 3.203474e+02
1.000000e+02, 3.197990e+02
1.000000e+02, 3.192535e+02
1.000000e+02, 3.187109e+02
1.000000e+02, 3.181711e+02
1.000000e+02, 3.176341e+02
1.000000e+02, 3.171000e+02
1.000000e+02, 3.165687e+02
1.000000e+02, 3.160401e+02
1.000000e+02, 3.155143e+02
1.000000e+02, 3.149912e+02
1.000000e+02, 3.144709e+02
1.000000e+02, 3.139532e+02
1.000000e+02, 3.134383e+02
1.000000e+02, 3.129260e+02
1.000000e+02, 3.124164e+02
1.000000e+02, 3.119095e+02
1.000000e+02, 3.114052e+02
1.000000e+02, 3.109035e+02
1.000000e+02, 3.104043e+02
1.000000e+02, 3.099078e+02
1.000000e+02, 3.094139e+02
1.000000e+02, 3.089225e+02
1.000000e+02, 3.084336e+02
1.000000e+02, 3.079473e+02
1.000000e+02, 3.074635e+02
1.000000e+02, 3.069822e+02
1.000000e+02, 3.065033e+02
1.000000e+02, 3.060270e+02
1.000000e+02, 3.055531e+02
1.000000e+02, 3.050816e+02
1.000000e+02, 3.046126e+02
1.000000e+02, 3.041460e+02
1.000000e+02, 3.036819e+02
1.000000e+02, 3.032201e+02
1.000000e+02, 3.027607e+02
1.000000e+02, 3.023036e+02
1.000000e+02, 3.018490e+02
1.000000e+02, 3.013966e+02
1.000000e+02, 3.009467e+02
1.000000e+02, 3.004990e+02
1.000000e+02, 3.000536e+02
1.000000e+02, 2.996106e+02
1.000000e+02, 2.991698e+02
1.000000e+02, 2.987314e+02
1.000000e+02, 2.982952e+02
1.000000e+02, 2.978612e+02
1.000000e+02, 2.974295e+02
1.000000e+02, 2.970000e+02
1.000000e+02, 2.965728e+02
1.000000e+02, 2.961478e+02
1.000000e+02, 2.957249e+02
1.000000e+02, 2.953043e+02
1.000000e+02, 2.948859e+02
1.000000e+02, 2.944696e+02
1.000000e+02, 2.940555e+02
1.000000e+02, 2.936436e+02
1.000000e+02, 2.932338e+02
1.000000e+02, 2.928261e+02
1.000000e+02, 2.924206e+02
1.000000e+02, 2.920172e+02
1.000000e+02, 2.916159e+02
1.000000e+02, 2.912167e+02
1.000000e+02, 2.908196e+02
1.000000e+02, 2.904246e+02
1.000000e+02, 2.900316e+02
1.000000e+02, 2.896407e+02
1.000000e+02, 2.892519e+02
1.000000e+02, 2.888651e+02
1.000000e+02, 2.884804e+02
1.000000e+02, 2.880977e+02
1.000000e+02, 2.877170e+02
1.000000e+02, 2.873383e+02
1.000000e+02, 2.869617e+02
1.000000e+02, 2.865870e+02
1.000000e+02, 2.862143e+02
1.000000e+02, 2.858436e+02
1.000000e+02, 2.854749e+02
1.000000e+02, 2.851082e+02
1.000000e+02, 2.847434e+02
1.000000e+02, 2.843806e+02
1.000000e+02, 2.840197e+02
1.000000e+02, 2.836608e+02
1.000000e+02, 2.833038e+02
1.000000e+02, 2.829487e+02
1.000000e+02, 2.825955e+02
1.000000e+02, 2.822443e+02
1.000000e+02, 2.818949e+02
1.000000e+02, 2.815475e+02
1.000000e+02, 2.812019e+02
1.000000e+02, 2.808582e+02
1.000000e+02, 2.805164e+02
1.000000e+02, 2.801765e+02
1.000000e+02, 2.798384e+02
1.000000e+02, 2.795022e+02
1.000000e+02, 2.791678e+02
1.000000e+02, 2.788353e+02
1.000000e+02, 2.785046e+02
1.000000e+02, 2.781758e+02
1.000000e+02, 2.778488e+02
1.000000e+02, 2.775236e+02
1.000000e+02, 2.772002e+02
1.000000e+02, 2.768786e+02
1.000000e+02, 2.765588e+02
1.000000e+02, 2.762408e+02
1.000000e+02, 2.759246e+02
1.000000e+02, 2.756102e+02
1.000000e+02, 2.752976e+02
1.000000e+02, 2.749868e+02
1.000000e+02, 2.746777e+02
1.000000e+02, 2.743703e+02
1.000000e+02, 2.740648e+02
1.000000e+02, 2.737610e+02
1.000000e+02, 2.734589e+02
1.000000e+02, 2.731586e+02
1.000000e+02, 2.728600e+02
1.000000e+02, 2.725631e+02
1.000000e+02, 2.722680e+02
1.000000e+02, 2.719746e+02
1.000000e+02, 2.716829e+02
1.000000e+02, 2.713929e+02
1.000000e+02, 2.711046e+02
1.000000e+02, 2.708180e+02
1.000000e+02, 2.705331e+02
1.000000e+02, 2.702499e+02
1.000000e+02, 2.699684e+02
1.000000e+02, 2.696886e+02
1.000000e+02, 2.694104e+02
1.000000e+02, 2.691339e+02
1.000000e+02, 2.688591e+02
1.000000e+02, 2.685860e+02
1.000000e+02, 2.683145e+02
1.000000e+02, 2.680446e+02
1.000000e+02, 2.677764e+02
1.000000e+02, 2.675099e+02
1.000000e+02, 2.672450e+02
1.000000e+02, 2.669817e+02
1.000000e+02, 2.667201e+02
1.000000e+02, 2.664601e+02
1.000000e+02, 2.662017e+02
1.000000e+02, 2.659450e+02
1.000000e+02, 2.656898e+02
1.000000e+02, 2.654363e+02
1.000000e+02, 2.651843e+02
1.000000e+02, 2.649340e+02
1.000000e+02, 2.646853e+02
1.000000e+02, 2.644382e+02
1.000000e+02, 2.641927e+02
1.000000e+02, 2.639487e+02
1.000000e+02, 2.637064e+02
1.000000e+02, 2.634656e+02
1.000000e+02, 2.632264e+02
1.000000e+02, 2.629888e+02
1.000000e+02, 2.627527e+02
1.000000e+02, 2.625182e+02
1.000000e+02, 2.622853e+02
1.000000e+02, 2.620539e+02
1.000000e+02, 2.618241e+02
1.000000e+02, 2.615959e+02
1.000000e+02, 2.613691e+02
1.000000e+02, 2.611440e+02
1.000000e+02, 2.609204e+02
1.000000e+02, 2.606983e+02
1.000000e+02, 2.604777e+02
1.000000e+02, 2.602587e+02
1.000000e+02, 2.600412e+02
1.000000e+02, 2.598253e+02
1.000000e+02, 2.596109e+02
1.000000e+02, 2.593979e+02
1.000000e+02, 2.591865e+02
1.000000e+02, 2.589767e+02
1.000000e+02, 2.587683e+02
1.000000e+02, 2.585614e+02
1.000000e+02, 2.583561e+02
1.000000e+02, 2.581522e+02
1.000000e+02, 2.579499e+02
1.000000e+02, 2.577490e+02
1.000000e+02, 2.575496e+02
1.000000e+02, 2.573517e+02
1.000000e+02, 2.571554e+02
1.000000e+02, 2.569605e+02
1.000000e+02, 2.567670e+02
1.000000e+02, 2.565751e+02
1.000000e+02, 2.563846e+02
1.000000e+02, 2.561956e+02
1.000000e+02, 2.560081e+02
1.000000e+02, 2.558220e+02
1.000000e+02, 2.556375e+02
1.000000e+02, 2.554543e+02
1.000000e+02, 2.552727e+02
1.000000e+02, 2.550925e+02
1.000000e+02, 2.549137e+02
1.000000e+02, 2.547364e+02
1.000000e+02, 2.545606e+02
1.000000e+02, 2.543862e+02
1.000000e+02, 2.542132e+02
1.000000e+02, 2.540417e+02
1.000000e+02, 2.538716e+02
1.000000e+02, 2.537030e+02
1.000000e+02, 2.535358e+02
1.000000e+02, 2.533701e+02
1.000000e+02, 2.532058e+02
1.000000e+02, 2.530429e+02
1.000000e+02, 2.528814e+02
1.000000e+02, 2.527214e+02
1.000000e+02, 2.525628e+02
1.000000e+02, 2.524056e+02
1.000000e+02, 2.522498e+02
1.000000e+02, 2.520954e+02
1.000000e+02, 2.519425e+02
1.000000e+02, 2.517910e+02
1.000000e+02, 2.516409e+02
1.000000e+02, 2.514922e+02
1.000000e+02, 2.513449e+02
1.000000e+02, 2.511990e+02
1.000000e+02, 2.510545e+02
1.000000e+02, 2.509114e+02
1.000000e+02, 2.507697e+02
1.000000e+02, 2.506294e+02
1.000000e+02, 2.504905e+02
1.000000e+02, 2.503530e+02
1.000000e+02, 2.502169e+02
1.000000e+02, 2.500822e+02
1.000000e+02, 2.499489e+02
1.000000e+02, 2.498170e+02
1.000000e+02, 2.496864e+02
1.000000e+02, 2.495573e+02
1.000000e+02, 2.494295e+02
1.000000e+02, 2.493031e+02
1.000000e+02, 2.491780e+02
1.000000e+02, 2.490544e+02
1.000000e+02, 2.489321e+02
1.000000e+02, 2.488112e+02
1.000000e+02, 2.486917e+02
1.000000e+02, 2.485736e+02
1.000000e+02, 2.484568e+02
1.000000e+02, 2.483414e+02
1.000000e+02, 2.482273e+02
1.000000e+02, 2.481146e+02
1.000000e+02, 2.480033e+02
1.000000e+02, 2.478934e+02
1.000000e+02, 2.477848e+02
1.000000e+02, 2.476775e+02
1.000000e+02, 2.475717e+02
1.000000e+02, 2.474672e+02
1.000000e+02, 2.473640e+02
1.000000e+02, 2.472622e+02
1.000000e+02, 2.471617e+02
1.000000e+02, 2.470626e+02
1.000000e+02, 2.469649e+02
1.000000e+02, 2.468685e+02
1.000000e+02, 2.467734e+02
1.000000e+02, 2.466797e+02
1.000000e+02, 2.465874e+02
1.000000e+02, 2.464964e+02
1.000000e+02, 2.464067e+02
1.000000e+02, 2.463184e+02
1.000000e+02, 2.462314e+02
1.000000e+02, 2.461457e+02
1.000000e+02, 2.460614e+02
1.000000e+02, 2.459785e+02
1.000000e+02, 2.458968e+02
1.000000e+02, 2.458165e+02
1.000000e+02, 2.457376e+02
1.000000e+02, 2.456600e+02
1.000000e+02, 2.455837e+02
1.000000e+02, 2.455087e+02
1.000000e+02, 2.454351e+02
1.000000e+02, 2.453628e+02
1.000000e+02, 2.452918e+02
1.000000e+02, 2.452222e+02
1.000000e+02, 2.451539e+02
1.000000e+02, 2.450869e+02
1.000000e+02, 2.450213e+02
1.000000e+02, 2.449569e+02
1.000000e+02, 2.448939e+02
1.000000e+02, 2.448323e+02
1.000000e+02, 2.447719e+02
1.000000e+02, 2.447129e+02
1.000000e+02, 2.446552e+02
1.000000e+02, 2.445988e+02
1.000000e+02, 2.445437e+02
1.000000e+02, 2.444900e+02
1.000000e+02, 2.444375e+02
1.000000e+02, 2.443864e+02
1.000000e+02, 2.443366e+02
1.000000e+02, 2.442882e+02
1.000000e+02, 2.442410e+02
1.000000e+02, 2.441952e+02
1.000000e+02, 2.441507e+02
1.000000e+02, 2.441074e+02
1.000000e+02, 2.440655e+02
1.000000e+02, 2.440250e+02
1.000000e+02, 2.439857e+02
1.000000e+02, 2.439478e+02
1.000000e+02, 2.439111e+02
1.000000e+02, 2.438758e+02
1.000000e+02, 2.438418e+02
1.000000e+02, 2.438091e+02
1.000000e+02, 2.437777e+02
1.000000e+02, 2.437476e+02
1.000000e+02, 2.437188e+02
1.000000e+02, 2.436914e+02
1.000000e+02, 2.436652e+02
1.000000e+02, 2.436404e+02
1.000000e+02, 2.436168e+02
1.000000e+02, 2.435946e+02
1.000000e+02, 2.435737e+02
1.000000e+02, 2.435541e+02
1.000000e+02, 2.435358e+02
1.000000e+02, 2.435188e+02
1.000000e+02, 2.435031e+02
1.000000e+02, 2.434887e+02
1.000000e+02, 2.434757e+02
1.000000e+02, 2.434639e+02
1.000000e+02, 2.434535e+02
1.000000e+02, 2.434443e+02
1.000000e+02, 2.434365e+02
1.000000e+02, 2.434299e+02
1.000000e+02, 2.434247e+02
1.000000e+02, 2.434208e+02
1.000000e+02, 2.434182e+02
1.000000e+02, 2.434169e+02
1.000000e+02, 2.434169e+02
1.000000e+02, 2.434182e+02
1.000000e+02, 2.434208e+02
1.000000e+02, 2.434247e+02
1.000000e+02, 2.434299e+02
1.000000e+02, 2.434365e+02
1.000000e+02, 2.434443e+02
1.000000e+02, 2.434535e+02
1.000000e+02, 2.434639e+02
1.000000e+02, 2.434757e+02
1.000000e+02, 2.434887e+02
1.000000e+02, 2.435031e+02
1.000000e+02, 2.435188e+02
1.000000e+02, 2.435358e+02
1.000000e+02, 2.435541e+02
1.000000e+02, 2.435737e+02
1.000000e+02, 2.435946e+02
1.000000e+02, 2.436168e+02
1.000000e+02, 2.436404e+02
1.000000e+02, 2.436652e+02
1.000000e+02, 2.436914e+02
1.000000e+02, 2.437188e+02
1.000000e+02, 2.437476e+02
1.000000e+02, 2.437777e+02
1.000000e+02, 2.438091e+02
1.000000e+02, 2.438418e+02
1.000000e+02, 2.438758e+02
1.000000e+02, 2.439111e+02
1.000000e+02, 2.439478e+02
1.000000e+02, 2.439857e+02
1.000000e+02, 2.440250e+02
1.000000e+02, 2.440656e+02
1.000000e+02, 2.441074e+02
1.000000e+02, 2.441507e+02
1.000000e+02, 2.441952e+02
1.000000e+02, 2.442410e+02
1.000000e+02, 2.442882e+02
1.000000e+02, 2.443366e+02
1.000000e+02, 2.443864e+02
1.000000e+02, 2.444375e+02
1.000000e+02, 2.444900e+02
1.000000e+02, 2.445437e+02
1.000000e+02, 2.445988e+02
1.000000e+02, 2.446552e+02
1.000000e+02, 2.447129e+02
1.000000e+02, 2.447719e+02
1.000000e+02, 2.448323e+02
1.000000e+02, 2.448939e+02
1.000000e+02, 2.449569e+02
1.000000e+02, 2.450213e+02
1.000000e+02, 2.450869e+02
1.000000e+02, 2.451539e+02
1.000000e+02, 2.452222e+02
1.000000e+02, 2.452918e+02
1.000000e+02, 2.453628e+02
1.000000e+02, 2.454351e+02
1.000000e+02, 2.455087e+02
1.000000e+02, 2.455837e+02
1.000000e+02, 2.456600e+02
1.000000e+02, 2.457376e+02
1.000000e+02, 2.458165e+02
1.000000e+02, 2.458968e+02
1.000000e+02, 2.459785e+02
1.000000e+02, 2.460614e+02
1.000000e+02, 2.461457e+02
1.000000e+02, 2.462314e+02
1.000000e+02, 2.463184e+02
1.000000e+02, 2.464067e+02
1.000000e+02, 2.464964e+02
1.000000e+02, 2.465874e+02
1.000000e+02, 2.466797e+02
1.000000e+02, 2.467734e+02
1.000000e+02, 2.468685e+02
1.000000e+02, 2.469649e+02
1.000000e+02, 2.470626e+02
1.000000e+02, 2.471617e+02
1.000000e+02, 2.472622e+02
1.000000e+02, 2.473640e+02
1.000000e+02, 2.474672e+02
1.000000e+02, 2.475717e+02
1.000000e+02, 2.476775e+02
1.000000e+02, 2.477848e+02
1.000000e+02, 2.478934e+02
1.000000e+02, 2.480033e+02
1.000000e+02, 2.481146e+02
1.000000e+02, 2.482273e+02
1.000000e+02, 2.483414e+02
1.000000e+02, 2.484568e+02
1.000000e+02, 2.485736e+02
1.000000e+02, 2.486917e+02
1.000000e+02, 2.488112e+02
1.000000e+02, 2.489321e+02
1.000000e+02, 2.490544e+02
1.000000e+02, 2.491780e+02
1.000000e+02, 2.493031e+02
1.000000e+02, 2.494295e+02
1.000000e+02, 2.495573e+02
1.000000e+02, 2.496864e+02
1.000000e+02, 2.498170e+02
1.000000e+02, 2.499489e+02
1.000000e+02, 2.500822e+02
1.000000e+02, 2.502169e+02
1.000000e+02, 2.503530e+02
1.000000e+02, 2.504905e+02
1.000000e+02, 2.506294e+02
1.000000e+02, 2.507697e+02
1.000000e+02, 2.509114e+02
1.000000e+02, 2.510545e+02
1.000000e+02, 2.511990e+02
1.000000e+02, 2.513449e+02
1.000000e+02, 2.514922e+02
1.000000e+02, 2.516409e+02
1.000000e+02, 2.517910e+02
1.000000e+02, 2.519425e+02
1.000000e+02, 2.520954e+02
1.000000e+02, 2.522498e+02
1.000000e+02, 2.524056e+02
1.000000e+02, 2.525628e+02
1.000000e+02, 2.527214e+02
1.000000e+02, 2.528814e+02
1.000000e+02, 2.530429e+02
1.000000e+02, 2.532058e+02
1.000000e+02, 2.533701e+02
1.000000e+02, 2.535358e+02
1.000000e+02, 2.537030e+02
1.000000e+02, 2.538716e+02
1.000000e+02, 2.540417e+02
1.000000e+02, 2.542132e+02
1.000000e+02, 2.543862e+02
1.000000e+02, 2.545606e+02
1.000000e+02, 2.547364e+02
1.000000e+02, 2.549137e+02
1.000000e+02, 2.550925e+02
1.000000e+02, 2.552727e+02
1.000000e+02, 2.554543e+02
1.000000e+02, 2.556375e+02
1.000000e+02, 2.558220e+02
1.000000e+02, 2.560081e+02
1.000000e+02, 2.561956e+02
1.000000e+02, 2.563846e+02
1.000000e+02, 2.565751e+02
1.000000e+02, 2.567670e+02
1.000000e+02, 2.569605e+02
1.000000e+02, 2.571554e+02
1.000000e+02, 2.573517e+02
1.000000e+02, 2.575496e+02
1.000000e+02, 2.577490e+02
1.000000e+02, 2.579499e+02
1.000000e+02, 2.581522e+02
1.000000e+02, 2.583561e+02
1.000000e+02, 2.585614e+02
1.000000e+02, 2.587683e+02
1.000000e+02, 2.589767e+02
1.000000e+02, 2.591866e+02
1.000000e+02, 2.593979e+02
1.000000e+02, 2.596109e+02
1.000000e+02, 2.598253e+02
1.000000e+02, 2.600412e+02
1.000000e+02, 2.602587e+02
1.000000e+02, 2.604777e+02
1.000000e+02, 2.606983e+02
1.000000e+02, 2.609204e+02
1.000000e+02, 2.611440e+02
1.000000e+02, 2.613691e+02
1.000000e+02, 2.615959e+02
1.000000e+02, 2.618241e+02
1.000000e+02, 2.620539e+02
1.000000e+02, 2.622853e+02
1.000000e+02, 2.625182e+02
1.000000e+02, 2.627527e+02
1.000000e+02, 2.629888e+02
1.000000e+02, 2.632264e+02
1.000000e+02, 2.634656e+02
1.000000e+02, 2.637064e+02
1.000000e+02, 2.639487e+02
1.000000e+02, 2.641927e+02
1.000000e+02, 2.644382e+02
1.000000e+02, 2.646853e+02
1.000000e+02, 2.649340e+02
1.000000e+02, 2.651844e+02
1.000000e+02, 2.654363e+02
1.000000e+02, 2.656898e+02
1.000000e+02, 2.659450e+02
1.000000e+02, 2.662017e+02
1.000000e+02, 2.664601e+02
1.000000e+02, 2.667201e+02
1.000000e+02, 2.669817e+02
1.000000e+02, 2.672450e+02
1.000000e+02, 2.675099e+02
1.000000e+02, 2.677764e+02
1.000000e+02, 2.680446e+02
1.000000e+02, 2.683145e+02
1.000000e+02, 2.685860e+02
1.000000e+02, 2.688591e+02
1.000000e+02, 2.691339e+02
1.000000e+02, 2.694104e+02
1.000000e+02, 2.696886e+02
1.000000e+02, 2.699684e+02
1.000000e+02, 2.702499e+02
1.000000e+02, 2.705331e+02
1.000000e+02, 2.708180e+02
1.000000e+02, 2.711046e+02
1.000000e+02, 2.713929e+02
1.000000e+02, 2.716829e+02
1.000000e+02, 2.719746e+02
1.000000e+02, 2.722680e+02
1.000000e+02, 2.725631e+02
1.000000e+02, 2.728600e+02
1.000000e+02, 2.731586e+02
1.000000e+02, 2.734589e+02
1.000000e+02, 2.737610e+02
1.000000e+02, 2.740648e+02
1.000000e+02, 2.743704e+02
1.000000e+02, 2.746777e+02
1.000000e+02, 2.749868e+02
1.000000e+02, 2.752976e+02
1.000000e+02, 2.756102e+02
1.000000e+02, 2.759246e+02
1.000000e+02, 2.762408e+02
1.000000e+02, 2.765588e+02
1.000000e+02, 2.768786e+02
1.000000e+02, 2.772002e+02
1.000000e+02, 2.775236e+02
1.000000e+02, 2.778488e+02
1.000000e+02, 2.781758e+02
1.000000e+02, 2.785046e+02
1.000000e+02, 2.788353e+02
1.000000e+02, 2.791678e+02
1.000000e+02, 2.795022e+02
1.000000e+02, 2.798384e+02
1.000000e+02, 2.801765e+02
1.000000e+02, 2.805164e+02
1.000000e+02, 2.808582e+02
1.000000e+02, 2.812019e+02
1.000000e+02, 2.815475e+02
1.000000e+02, 2.818949e+02
1.000000e+02, 2.822443e+02
1.000000e+02, 2.825955e+02
1.000000e+02, 2.829487e+02
1.000000e+02, 2.833038e+02
1.000000e+02, 2.836608e+02
1.000000e+02, 2.840197e+02
1.000000e+02, 2.843806e+02
1.000000e+02, 2.847434e+02
1.000000e+02, 2.851082e+02
1.000000e+02, 2.854749e+02
1.000000e+02, 2.858437e+02
1.000000e+02, 2.862143e+02
1.000000e+02, 2.865870e+02
1.000000e+02, 2.869617e+02
1.000000e+02, 2.873383e+02
1.000000e+02, 2.877170e+02
1.000000e+02, 2.880977e+02
1.000000e+02, 2.884804e+02
1.000000e+02, 2.888651e+02
1.000000e+02, 2.892519e+02
1.000000e+02, 2.896407e+02
1.000000e+02, 2.900316e+02
1.000000e+02, 2.904246e+02
1.000000e+02, 2.908196e+02
1.000000e+02, 2.912167e+02
1.000000e+02, 2.916159e+02
1.000000e+02, 2.920172e+02
1.000000e+02, 2.924206e+02
1.000000e+02, 2.928261e+02
1.000000e+02, 2.932338e+02
1.000000e+02, 2.936436e+02
1.000000e+02, 2.940555e+02
1.000000e+02, 2.944696e+02
1.000000e+02, 2.948859e+02
1.000000e+02, 2.953043e+02
1.000000e+02, 2.957250e+02
1.000000e+02, 2.961478e+02
1.000000e+02, 2.965728e+02
1.000000e+02, 2.970000e+02
1.000000e+02, 2.974295e+02
1.000000e+02, 2.978612e+02
1.000000e+02, 2.982952e+02
1.000000e+02, 2.987314e+02
1.000000e+02, 2.991698e+02
1.000000e+02, 2.996106e+02
1.000000e+02, 3.000536e+02
1.000000e+02, 3.004990e+02
1.000000e+02, 3.009467e+02
1.000000e+02, 3.013966e+02
1.000000e+02, 3.018490e+02
1.000000e+02, 3.023036e+02
1.000000e+02, 3.027607e+02
1.000000e+02, 3.032201e+02
1.000000e+02, 3.036819e+02
1.000000e+02, 3.041460e+02
1.000000e+02, 3.046126e+02
1.000000e+02, 3.050816e+02
1.000000e+02, 3.055531e+02
1.000000e+02, 3.060270e+02
1.000000e+02, 3.065033e+02
1.000000e+02, 3.069822e+02
1.000000e+02, 3.074635e+02
1.000000e+02, 3.079473e+02
1.000000e+02, 3.084336e+02
1.000000e+02, 3.089225e+02
1.000000e+02, 3.094139e+02
1.000000e+02, 3.099078e+02
1.000000e+02, 3.104043e+02
1.000000e+02, 3.109035e+02
1.000000e+02, 3.114052e+02
1.000000e+02, 3.119095e+02
1.000000e+02, 3.124164e+02
1.000000e+02, 3.129260e+02
1.000000e+02, 3.134383e+02
1.000000e+02, 3.139532e+02
1.000000e+02, 3.144709e+02
1.000000e+02, 3.149912e+02
1.000000e+02, 3.155143e+02
1.000000e+02, 3.160401e+02
1.000000e+02, 3.165687e+02
1.000000e+02, 3.171000e+02
1.000000e+02, 3.176341e+02
1.000000e+02, 3.181711e+02
1.000000e+02, 3.187109e+02
1.000000e+02, 3.192535e+02
1.000000e+02, 3.197990e+02
1.000000e+02, 3.203474e+02
1.000000e+02, 3.208986e+02
1.000000e+02, 3.214528e+02
1.000000e+02, 3.220100e+02
1.000000e+02, 3.225701e+02
1.000000e+02, 3.231332e+02
1.000000e+02, 3.236993e+02
1.000000e+02, 3.242684e+02
1.000000e+02, 3.248405e+02
1.000000e+02, 3.254158e+02
1.000000e+02, 3.259941e+02
1.000000e+02, 3.265755e+02
1.000000e+02, 3.271600e+02
1.000000e+02, 3.277477e+02
1.000000e+02, 3.283386e+02
1.000000e+02, 3.289326e+02
1.000000e+02, 3.295299e+02
1.000000e+02, 3.301304e+02
1.000000e+02, 3.307342e+02
1.000000e+02, 3.313413e+02
1.000000e+02, 3.319517e+02
1.000000e+02, 3.325655e+02
1.000000e+02, 3.331826e+02
1.000000e+02, 3.338031e+02
1.000000e+02, 3.344270e+02
1.000000e+02, 3.350544e+02
1.000000e+02, 3.356853e+02
1.000000e+02, 3.363197e+02
1.000000e+02, 3.369576e+02
1.000000e+02, 3.375990e+02
1.000000e+02, 3.382441e+02
1.000000e+02, 3.388927e+02
1.000000e+02, 3.395451e+02
1.000000e+02, 3.402011e+02
1.000000e+02, 3.408608e+02
1.000000e+02, 3.415242e+02
1.000000e+02, 3.421915e+02
1.000000e+02, 3.428625e+02
1.000000e+02, 3.435374e+02
1.000000e+02, 3.442162e+02
1.000000e+02, 3.448988e+02
1.000000e+02, 3.455855e+02
1.000000e+02, 3.462761e+02
1.000000e+02, 3.469707e+02
1.000000e+02, 3.476694e+02
1.000000e+02, 3.483721e+02
1.000000e+02, 3.490791e+02
1.000000e+02, 3.497901e+02
1.000000e+02, 3.505054e+02
1.000000e+02, 3.512250e+02
1.000000e+02, 3.519488e+02
1.000000e+02, 3.526770e+02
1.000000e+02, 3.534096e+02
1.000000e+02, 3.541465e+02
1.000000e+02, 3.548880e+02
1.000000e+02, 3.556340e+02
1.000000e+02, 3.563845e+02
1.000000e+02, 3.571396e+02
1.000000e+02, 3.578994e+02
1.000000e+02, 3.586639e+02
1.000000e+02, 3.594332e+02
1.000000e+02, 2.072912e-01
1.000000e+02, 9.862306e-01
1.000000e+02, 1.770087e+00
1.000000e+02, 2.558915e+00
1.000000e+02, 3.352772e+00
1.000000e+02, 4.151714e+00
1.000000e+02, 4.955801e+00
1.000000e+02, 5.765092e+00
1.000000e+02, 6.579649e+00
1.000000e+02, 7.399534e+00
1.000000e+02, 8.224811e+00
1.000000e+02, 9.055546e+00
1.000000e+02, 9.891807e+00
1.000000e+02, 1.073366e+01
1.000000e+02, 1.158118e+01
1.000000e+02, 1.243443e+01
1.000000e+02, 1.329350e+01
1.000000e+02, 1.415845e+01
1.000000e+02, 1.502936e+01
1.000000e+02, 1.590631e+01
1.000000e+02, 1.678939e+01
1.000000e+02, 1.767867e+01
1.000000e+02, 1.857424e+01
1.000000e+02, 1.947619e+01
1.000000e+02, 2.038461e+01
1.000000e+02, 2.129959e+01
1.000000e+02, 2.222123e+01
1.000000e+02, 2.314962e+01
1.000000e+02, 2.408486e+01
1.000000e+02, 2.502705e+01
1.000000e+02, 2.597630e+01
1.000000e+02, 2.693273e+01
1.000000e+02, 2.789643e+01
1.000000e+02, 2.886752e+01
1.000000e+02, 2.984613e+01
1.000000e+02, 3.083237e+01
1.000000e+02, 3.182637e+01
1.000000e+02, 3.282825e+01
1.000000e+02, 3.383815e+01
1.000000e+02, 3.485621e+01
1.000000e+02, 3.588257e+01
1.000000e+02, 3.691737e+01
1.000000e+02, 3.796076e+01
1.000000e+02, 3.901290e+01
1.000000e+02, 4.007394e+01
1.000000e+02, 4.114406e+01
1.000000e+02, 4.222342e+01
1.000000e+02, 4.331220e+01
1.000000e+02, 4.441058e+01
1.000000e+02, 4.551875e+01
1.000000e+02, 4.663692e+01
1.000000e+02, 4.776527e+01
1.000000e+02, 4.890403e+01
1.000000e+02, 5.005341e+01
1.000000e+02, 5.121363e+01
1.000000e+02, 5.238494e+01
1.000000e+02, 5.356758e+01
1.000000e+02, 5.476180e+01
1.000000e+02, 5.596787e+01
1.000000e+02, 5.718606e+01
1.000000e+02, 5.841666e+01
1.000000e+02, 5.965997e+01
1.000000e+02, 6.091631e+01
1.000000e+02, 6.218599e+01
1.000000e+02, 6.346936e+01
1.000000e+02, 6.476678e+01
1.000000e+02, 6.607862e+01
1.000000e+02, 6.740527e+01
1.000000e+02, 6.874714e+01
1.000000e+02, 7.010466e+01
1.000000e+02, 7.147827e+01
1.000000e+02, 7.286847e+01
1.000000e+02, 7.427574e+01
1.000000e+02, 7.570061e+01
1.000000e+02, 7.714364e+01
1.000000e+02, 7.860541e+01
1.000000e+02, 8.008655e+01
1.000000e+02, 8.158771e+01
1.000000e+02, 8.310958e+01
1.000000e+02, 8.465291e+01
1.000000e+02, 8.621848e+01
1.000000e+02, 8.780713e+01
1.000000e+02, 8.941975e+01
1.000000e+02, 9.105730e+01
1.000000e+02, 9.272079e+01
1.000000e+02, 9.441133e+01
1.000000e+02, 9.613008e+01
1.000000e+02, 9.787833e+01
1.000000e+02, 9.965743e+01
1.000000e+02, 1.014689e+02
1.000000e+02, 1.033142e+02
1.000000e+02, 1.051953e+02
1.000000e+02, 1.071140e+02
1.000000e+02, 1.090724e+02
1.000000e+02, 1.110728e+02
1.000000e+02, 1.131177e+02
1.000000e+02, 1.152099e+02
1.000000e+02, 1.173526e+02
1.000000e+02, 1.195492e+02
1.000000e+02, 1.218037e+02
1.000000e+02, 1.241204e+02
1.000000e+02, 1.265045e+02
1.000000e+02, 1.289616e+02
1.000000e+02, 1.314985e+02
1.000000e+02, 1.341227e+02
1.000000e+02, 1.368435e+02
1.000000e+02, 1.396717e+02
1.000000e+02, 1.426202e+02
1.000000e+02, 1.457051e+02
1.000000e+02, 1.489462e+02
1.000000e+02, 1.523687e+02
1.000000e+02, 1.560058e+02
1.000000e+02, 1.599019e+02
1.000000e+02, 1.641200e+02
1.000000e+02, 1.687538e+02
1.000000e+02, 1.739548e+02
1.000000e+02, 1.800000e+02
##END= 