##TITLE= /opt/topspin3.0/exp/stan/nmr/lists/wave/user/HypSec_trunc2.84_110
##JCAMP-DX= 5.00 Bruker JCAMP library
##DATA TYPE= Shape Data
##ORIGIN= Bruker BioSpin GmbH
##OWNER= <nmrsu>
##DATE= 15/02/24
##TIME= 16:15:04
##MINX= 1.164538e+01
##MAXX= 9.999960e+01
##MINY= 2.546774e-02
##MAXY= 3.585574e+02
##$SHAPE_EXMODE= Adiabatic
##$SHAPE_TOTROT= 1.800000e+02
##$SHAPE_BWFAC= 1.929340e+02
##$SHAPE_INTEGFAC= 2.356110e-02
##$SHAPE_MODE= 0
##NPOINTS= 1000
##XYPOINTS= (XY..XY)
1.000000e+02, 1.800000e+02
1.000000e+02, 1.745526e+02
1.000000e+02, 1.698661e+02
1.000000e+02, 1.656906e+02
1.000000e+02, 1.618896e+02
1.000000e+02, 1.583788e+02
1.000000e+02, 1.551015e+02
1.000000e+02, 1.520174e+02
1.000000e+02, 1.490969e+02
1.000000e+02, 1.463171e+02
1.000000e+02, 1.436602e+02
1.000000e+02, 1.411117e+02
1.000000e+02, 1.386600e+02
1.000000e+02, 1.362953e+02
1.000000e+02, 1.340094e+02
1.000000e+02, 1.317953e+02
1.000000e+02, 1.296470e+02
1.000000e+02, 1.275594e+02
1.000000e+02, 1.255279e+02
1.000000e+02, 1.235485e+02
1.000000e+02, 1.216177e+02
1.000000e+02, 1.197324e+02
1.000000e+02, 1.178897e+02
1.000000e+02, 1.160872e+02
1.000000e+02, 1.143225e+02
1.000000e+02, 1.125936e+02
1.000000e+02, 1.108986e+02
1.000000e+02, 1.092357e+02
1.000000e+02, 1.076034e+02
1.000000e+02, 1.060002e+02
1.000000e+02, 1.044249e+02
1.000000e+02, 1.028761e+02
1.000000e+02, 1.013528e+02
1.000000e+02, 9.985383e+01
1.000000e+02, 9.837824e+01
1.000000e+02, 9.692511e+01
1.000000e+02, 9.549357e+01
1.000000e+02, 9.408284e+01
1.000000e+02, 9.269215e+01
1.000000e+02, 9.132079e+01
1.000000e+02, 8.996810e+01
1.000000e+02, 8.863345e+01
1.000000e+02, 8.731624e+01
1.000000e+02, 8.601593e+01
1.000000e+02, 8.473198e+01
1.000000e+02, 8.346389e+01
1.000000e+02, 8.221119e+01
1.000000e+02, 8.097342e+01
1.000000e+02, 7.975017e+01
1.000000e+02, 7.854101e+01
1.000000e+02, 7.734557e+01
1.000000e+02, 7.616347e+01
1.000000e+02, 7.499437e+01
1.000000e+02, 7.383792e+01
1.000000e+02, 7.269381e+01
1.000000e+02, 7.156173e+01
1.000000e+02, 7.044138e+01
1.000000e+02, 6.933249e+01
1.000000e+02, 6.823478e+01
1.000000e+02, 6.714799e+01
1.000000e+02, 6.607188e+01
1.000000e+02, 6.500621e+01
1.000000e+02, 6.395074e+01
1.000000e+02, 6.290527e+01
1.000000e+02, 6.186956e+01
1.000000e+02, 6.084343e+01
1.000000e+02, 5.982667e+01
1.000000e+02, 5.881909e+01
1.000000e+02, 5.782052e+01
1.000000e+02, 5.683077e+01
1.000000e+02, 5.584967e+01
1.000000e+02, 5.487706e+01
1.000000e+02, 5.391278e+01
1.000000e+02, 5.295667e+01
1.000000e+02, 5.200859e+01
1.000000e+02, 5.106840e+01
1.000000e+02, 5.013594e+01
1.000000e+02, 4.921109e+01
1.000000e+02, 4.829372e+01
1.000000e+02, 4.738370e+01
1.000000e+02, 4.648090e+01
1.000000e+02, 4.558521e+01
1.000000e+02, 4.469651e+01
1.000000e+02, 4.381469e+01
1.000000e+02, 4.293963e+01
1.000000e+02, 4.207124e+01
1.000000e+02, 4.120941e+01
1.000000e+02, 4.035404e+01
1.000000e+02, 3.950503e+01
1.000000e+02, 3.866229e+01
1.000000e+02, 3.782572e+01
1.000000e+02, 3.699523e+01
1.000000e+02, 3.617075e+01
1.000000e+02, 3.535217e+01
1.000000e+02, 3.453942e+01
1.000000e+02, 3.373242e+01
1.000000e+02, 3.293109e+01
1.000000e+02, 3.213536e+01
1.000000e+02, 3.134513e+01
1.000000e+02, 3.056036e+01
1.000000e+02, 2.978095e+01
1.000000e+02, 2.900685e+01
1.000000e+02, 2.823798e+01
1.000000e+02, 2.747429e+01
1.000000e+02, 2.671569e+01
1.000000e+02, 2.596214e+01
1.000000e+02, 2.521356e+01
1.000000e+02, 2.446991e+01
1.000000e+02, 2.373111e+01
1.000000e+02, 2.299711e+01
1.000000e+02, 2.226786e+01
1.000000e+02, 2.154330e+01
1.000000e+02, 2.082337e+01
1.000000e+02, 2.010803e+01
1.000000e+02, 1.939722e+01
1.000000e+02, 1.869089e+01
1.000000e+02, 1.798899e+01
1.000000e+02, 1.729147e+01
1.000000e+02, 1.659828e+01
1.000000e+02, 1.590938e+01
1.000000e+02, 1.522473e+01
1.000000e+02, 1.454427e+01
1.000000e+02, 1.386797e+01
1.000000e+02, 1.319578e+01
1.000000e+02, 1.252765e+01
1.000000e+02, 1.186356e+01
1.000000e+02, 1.120345e+01
1.000000e+02, 1.054729e+01
1.000000e+02, 9.895034e+00
1.000000e+02, 9.246651e+00
1.000000e+02, 8.602101e+00
1.000000e+02, 7.961346e+00
1.000000e+02, 7.324351e+00
1.000000e+02, 6.691080e+00
1.000000e+02, 6.061499e+00
1.000000e+02, 5.435574e+00
1.000000e+02, 4.813270e+00
1.000000e+02, 4.194555e+00
1.000000e+02, 3.579396e+00
1.000000e+02, 2.967762e+00
1.000000e+02, 2.359622e+00
1.000000e+02, 1.754944e+00
1.000000e+02, 1.153700e+00
1.000000e+02, 5.558576e-01
1.000000e+02, 3.599614e+02
1.000000e+02, 3.593703e+02
1.000000e+02, 3.587825e+02
1.000000e+02, 3.581979e+02
1.000000e+02, 3.576167e+02
1.000000e+02, 3.570387e+02
1.000000e+02, 3.564639e+02
1.000000e+02, 3.558922e+02
1.000000e+02, 3.553238e+02
1.000000e+02, 3.547584e+02
1.000000e+02, 3.541962e+02
1.000000e+02, 3.536371e+02
1.000000e+02, 3.530810e+02
1.000000e+02, 3.525279e+02
1.000000e+02, 3.519779e+02
1.000000e+02, 3.514308e+02
1.000000e+02, 3.508868e+02
1.000000e+02, 3.503456e+02
1.000000e+02, 3.498074e+02
1.000000e+02, 3.492721e+02
1.000000e+02, 3.487397e+02
1.000000e+02, 3.482101e+02
1.000000e+02, 3.476834e+02
1.000000e+02, 3.471595e+02
1.000000e+02, 3.466384e+02
1.000000e+02, 3.461200e+02
1.000000e+02, 3.456045e+02
1.000000e+02, 3.450916e+02
1.000000e+02, 3.445815e+02
1.000000e+02, 3.440742e+02
1.000000e+02, 3.435694e+02
1.000000e+02, 3.430674e+02
1.000000e+02, 3.425680e+02
1.000000e+02, 3.420713e+02
1.000000e+02, 3.415771e+02
1.000000e+02, 3.410856e+02
1.000000e+02, 3.405966e+02
1.000000e+02, 3.401102e+02
1.000000e+02, 3.396264e+02
1.000000e+02, 3.391451e+02
1.000000e+02, 3.386663e+02
1.000000e+02, 3.381900e+02
1.000000e+02, 3.377162e+02
1.000000e+02, 3.372448e+02
1.000000e+02, 3.367759e+02
1.000000e+02, 3.363095e+02
1.000000e+02, 3.358455e+02
1.000000e+02, 3.353839e+02
1.000000e+02, 3.349247e+02
1.000000e+02, 3.344679e+02
1.000000e+02, 3.340134e+02
1.000000e+02, 3.335614e+02
1.000000e+02, 3.331116e+02
1.000000e+02, 3.326642e+02
1.000000e+02, 3.322191e+02
1.000000e+02, 3.317763e+02
1.000000e+02, 3.313358e+02
1.000000e+02, 3.308976e+02
1.000000e+02, 3.304616e+02
1.000000e+02, 3.300279e+02
1.000000e+02, 3.295964e+02
1.000000e+02, 3.291672e+02
1.000000e+02, 3.287401e+02
1.000000e+02, 3.283153e+02
1.000000e+02, 3.278927e+02
1.000000e+02, 3.274723e+02
1.000000e+02, 3.270540e+02
1.000000e+02, 3.266379e+02
1.000000e+02, 3.262239e+02
1.000000e+02, 3.258121e+02
1.000000e+02, 3.254024e+02
1.000000e+02, 3.249948e+02
1.000000e+02, 3.245893e+02
1.000000e+02, 3.241859e+02
1.000000e+02, 3.237846e+02
1.000000e+02, 3.233854e+02
1.000000e+02, 3.229882e+02
1.000000e+02, 3.225931e+02
1.000000e+02, 3.222000e+02
1.000000e+02, 3.218090e+02
1.000000e+02, 3.214200e+02
1.000000e+02, 3.210330e+02
1.000000e+02, 3.206480e+02
1.000000e+02, 3.202650e+02
1.000000e+02, 3.198840e+02
1.000000e+02, 3.195050e+02
1.000000e+02, 3.191279e+02
1.000000e+02, 3.187528e+02
1.000000e+02, 3.183797e+02
1.000000e+02, 3.180085e+02
1.000000e+02, 3.176392e+02
1.000000e+02, 3.172719e+02
1.000000e+02, 3.169065e+02
1.000000e+02, 3.165430e+02
1.000000e+02, 3.161814e+02
1.000000e+02, 3.158216e+02
1.000000e+02, 3.154638e+02
1.000000e+02, 3.151079e+02
1.000000e+02, 3.147538e+02
1.000000e+02, 3.144015e+02
1.000000e+02, 3.140512e+02
1.000000e+02, 3.137026e+02
1.000000e+02, 3.133560e+02
1.000000e+02, 3.130111e+02
1.000000e+02, 3.126681e+02
1.000000e+02, 3.123268e+02
1.000000e+02, 3.119874e+02
1.000000e+02, 3.116498e+02
1.000000e+02, 3.113140e+02
1.000000e+02, 3.109800e+02
1.000000e+02, 3.106477e+02
1.000000e+02, 3.103173e+02
1.000000e+02, 3.099886e+02
1.000000e+02, 3.096616e+02
1.000000e+02, 3.093364e+02
1.000000e+02, 3.090130e+02
1.000000e+02, 3.086913e+02
1.000000e+02, 3.083713e+02
1.000000e+02, 3.080531e+02
1.000000e+02, 3.077366e+02
1.000000e+02, 3.074218e+02
1.000000e+02, 3.071087e+02
1.000000e+02, 3.067973e+02
1.000000e+02, 3.064876e+02
1.000000e+02, 3.061796e+02
1.000000e+02, 3.058733e+02
1.000000e+02, 3.055687e+02
1.000000e+02, 3.052657e+02
1.000000e+02, 3.049644e+02
1.000000e+02, 3.046648e+02
1.000000e+02, 3.043668e+02
1.000000e+02, 3.040705e+02
1.000000e+02, 3.037758e+02
1.000000e+02, 3.034828e+02
1.000000e+02, 3.031914e+02
1.000000e+02, 3.029016e+02
1.000000e+02, 3.026134e+02
1.000000e+02, 3.023269e+02
1.000000e+02, 3.020420e+02
1.000000e+02, 3.017587e+02
1.000000e+02, 3.014770e+02
1.000000e+02, 3.011969e+02
1.000000e+02, 3.009183e+02
1.000000e+02, 3.006414e+02
1.000000e+02, 3.003661e+02
1.000000e+02, 3.000923e+02
1.000000e+02, 2.998201e+02
1.000000e+02, 2.995495e+02
1.000000e+02, 2.992804e+02
1.000000e+02, 2.990129e+02
1.000000e+02, 2.987470e+02
1.000000e+02, 2.984826e+02
1.000000e+02, 2.982197e+02
1.000000e+02, 2.979584e+02
1.000000e+02, 2.976986e+02
1.000000e+02, 2.974404e+02
1.000000e+02, 2.971837e+02
1.000000e+02, 2.969285e+02
1.000000e+02, 2.966748e+02
1.000000e+02, 2.964227e+02
1.000000e+02, 2.961720e+02
1.000000e+02, 2.959229e+02
1.000000e+02, 2.956752e+02
1.000000e+02, 2.954291e+02
1.000000e+02, 2.951845e+02
1.000000e+02, 2.949413e+02
1.000000e+02, 2.946997e+02
1.000000e+02, 2.944595e+02
1.000000e+02, 2.942208e+02
1.000000e+02, 2.939835e+02
1.000000e+02, 2.937478e+02
1.000000e+02, 2.935135e+02
1.000000e+02, 2.932807e+02
1.000000e+02, 2.930493e+02
1.000000e+02, 2.928194e+02
1.000000e+02, 2.925909e+02
1.000000e+02, 2.923639e+02
1.000000e+02, 2.921384e+02
1.000000e+02, 2.919142e+02
1.000000e+02, 2.916916e+02
1.000000e+02, 2.914703e+02
1.000000e+02, 2.912505e+02
1.000000e+02, 2.910321e+02
1.000000e+02, 2.908151e+02
1.000000e+02, 2.905996e+02
1.000000e+02, 2.903855e+02
1.000000e+02, 2.901728e+02
1.000000e+02, 2.899615e+02
1.000000e+02, 2.897516e+02
1.000000e+02, 2.895431e+02
1.000000e+02, 2.893360e+02
1.000000e+02, 2.891303e+02
1.000000e+02, 2.889260e+02
1.000000e+02, 2.887232e+02
1.000000e+02, 2.885216e+02
1.000000e+02, 2.883215e+02
1.000000e+02, 2.881228e+02
1.000000e+02, 2.879254e+02
1.000000e+02, 2.877295e+02
1.000000e+02, 2.875349e+02
1.000000e+02, 2.873417e+02
1.000000e+02, 2.871498e+02
1.000000e+02, 2.869593e+02
1.000000e+02, 2.867702e+02
1.000000e+02, 2.865824e+02
1.000000e+02, 2.863960e+02
1.000000e+02, 2.862110e+02
1.000000e+02, 2.860273e+02
1.000000e+02, 2.858449e+02
1.000000e+02, 2.856639e+02
1.000000e+02, 2.854843e+02
1.000000e+02, 2.853060e+02
1.000000e+02, 2.851290e+02
1.000000e+02, 2.849534e+02
1.000000e+02, 2.847791e+02
1.000000e+02, 2.846061e+02
1.000000e+02, 2.844345e+02
1.000000e+02, 2.842642e+02
1.000000e+02, 2.840952e+02
1.000000e+02, 2.839276e+02
1.000000e+02, 2.837612e+02
1.000000e+02, 2.835962e+02
1.000000e+02, 2.834325e+02
1.000000e+02, 2.832701e+02
1.000000e+02, 2.831091e+02
1.000000e+02, 2.829493e+02
1.000000e+02, 2.827908e+02
1.000000e+02, 2.826337e+02
1.000000e+02, 2.824778e+02
1.000000e+02, 2.823233e+02
1.000000e+02, 2.821701e+02
1.000000e+02, 2.820181e+02
1.000000e+02, 2.818675e+02
1.000000e+02, 2.817181e+02
1.000000e+02, 2.815700e+02
1.000000e+02, 2.814232e+02
1.000000e+02, 2.812777e+02
1.000000e+02, 2.811335e+02
1.000000e+02, 2.809906e+02
1.000000e+02, 2.808490e+02
1.000000e+02, 2.807086e+02
1.000000e+02, 2.805695e+02
1.000000e+02, 2.804317e+02
1.000000e+02, 2.802952e+02
1.000000e+02, 2.801599e+02
1.000000e+02, 2.800259e+02
1.000000e+02, 2.798932e+02
1.000000e+02, 2.797617e+02
1.000000e+02, 2.796315e+02
1.000000e+02, 2.795026e+02
1.000000e+02, 2.793749e+02
1.000000e+02, 2.792485e+02
1.000000e+02, 2.791233e+02
1.000000e+02, 2.789994e+02
1.000000e+02, 2.788768e+02
1.000000e+02, 2.787554e+02
1.000000e+02, 2.786353e+02
1.000000e+02, 2.785164e+02
1.000000e+02, 2.783988e+02
1.000000e+02, 2.782824e+02
1.000000e+02, 2.781672e+02
1.000000e+02, 2.780533e+02
1.000000e+02, 2.779407e+02
1.000000e+02, 2.778292e+02
1.000000e+02, 2.777191e+02
1.000000e+02, 2.776101e+02
1.000000e+02, 2.775024e+02
1.000000e+02, 2.773960e+02
1.000000e+02, 2.772907e+02
1.000000e+02, 2.771867e+02
1.000000e+02, 2.770840e+02
1.000000e+02, 2.769824e+02
1.000000e+02, 2.768821e+02
1.000000e+02, 2.767830e+02
1.000000e+02, 2.766852e+02
1.000000e+02, 2.765886e+02
1.000000e+02, 2.764932e+02
1.000000e+02, 2.763990e+02
1.000000e+02, 2.763060e+02
1.000000e+02, 2.762143e+02
1.000000e+02, 2.761238e+02
1.000000e+02, 2.760345e+02
1.000000e+02, 2.759464e+02
1.000000e+02, 2.758595e+02
1.000000e+02, 2.757739e+02
1.000000e+02, 2.756894e+02
1.000000e+02, 2.756062e+02
1.000000e+02, 2.755242e+02
1.000000e+02, 2.754434e+02
1.000000e+02, 2.753638e+02
1.000000e+02, 2.752854e+02
1.000000e+02, 2.752082e+02
1.000000e+02, 2.751323e+02
1.000000e+02, 2.750575e+02
1.000000e+02, 2.749840e+02
1.000000e+02, 2.749116e+02
1.000000e+02, 2.748405e+02
1.000000e+02, 2.747705e+02
1.000000e+02, 2.747018e+02
1.000000e+02, 2.746342e+02
1.000000e+02, 2.745679e+02
1.000000e+02, 2.745027e+02
1.000000e+02, 2.744388e+02
1.000000e+02, 2.743761e+02
1.000000e+02, 2.743145e+02
1.000000e+02, 2.742541e+02
1.000000e+02, 2.741950e+02
1.000000e+02, 2.741370e+02
1.000000e+02, 2.740803e+02
1.000000e+02, 2.740247e+02
1.000000e+02, 2.739703e+02
1.000000e+02, 2.739171e+02
1.000000e+02, 2.738651e+02
1.000000e+02, 2.738143e+02
1.000000e+02, 2.737647e+02
1.000000e+02, 2.737162e+02
1.000000e+02, 2.736690e+02
1.000000e+02, 2.736229e+02
1.000000e+02, 2.735781e+02
1.000000e+02, 2.735344e+02
1.000000e+02, 2.734919e+02
1.000000e+02, 2.734506e+02
1.000000e+02, 2.734105e+02
1.000000e+02, 2.733715e+02
1.000000e+02, 2.733338e+02
1.000000e+02, 2.732972e+02
1.000000e+02, 2.732618e+02
1.000000e+02, 2.732276e+02
1.000000e+02, 2.731946e+02
1.000000e+02, 2.731628e+02
1.000000e+02, 2.731321e+02
1.000000e+02, 2.731027e+02
1.000000e+02, 2.730744e+02
1.000000e+02, 2.730473e+02
1.000000e+02, 2.730214e+02
1.000000e+02, 2.729966e+02
1.000000e+02, 2.729730e+02
1.000000e+02, 2.729507e+02
1.000000e+02, 2.729295e+02
1.000000e+02, 2.729094e+02
1.000000e+02, 2.728906e+02
1.000000e+02, 2.728729e+02
1.000000e+02, 2.728564e+02
1.000000e+02, 2.728411e+02
1.000000e+02, 2.728270e+02
1.000000e+02, 2.728140e+02
1.000000e+02, 2.728023e+02
1.000000e+02, 2.727917e+02
1.000000e+02, 2.727822e+02
1.000000e+02, 2.727740e+02
1.000000e+02, 2.727669e+02
1.000000e+02, 2.727611e+02
1.000000e+02, 2.727563e+02
1.000000e+02, 2.727528e+02
1.000000e+02, 2.727505e+02
1.000000e+02, 2.727493e+02
1.000000e+02, 2.727493e+02
1.000000e+02, 2.727505e+02
1.000000e+02, 2.727528e+02
1.000000e+02, 2.727563e+02
1.000000e+02, 2.727611e+02
1.000000e+02, 2.727669e+02
1.000000e+02, 2.727740e+02
1.000000e+02, 2.727822e+02
1.000000e+02, 2.727917e+02
1.000000e+02, 2.728023e+02
1.000000e+02, 2.728140e+02
1.000000e+02, 2.728270e+02
1.000000e+02, 2.728411e+02
1.000000e+02, 2.728564e+02
1.000000e+02, 2.728729e+02
1.000000e+02, 2.728906e+02
1.000000e+02, 2.729094e+02
1.000000e+02, 2.729295e+02
1.000000e+02, 2.729507e+02
1.000000e+02, 2.729730e+02
1.000000e+02, 2.729966e+02
1.000000e+02, 2.730214e+02
1.000000e+02, 2.730473e+02
1.000000e+02, 2.730744e+02
1.000000e+02, 2.731027e+02
1.000000e+02, 2.731321e+02
1.000000e+02, 2.731628e+02
1.000000e+02, 2.731946e+02
1.000000e+02, 2.732276e+02
1.000000e+02, 2.732618e+02
1.000000e+02, 2.732972e+02
1.000000e+02, 2.733338e+02
1.000000e+02, 2.733715e+02
1.000000e+02, 2.734105e+02
1.000000e+02, 2.734506e+02
1.000000e+02, 2.734919e+02
1.000000e+02, 2.735344e+02
1.000000e+02, 2.735781e+02
1.000000e+02, 2.736229e+02
1.000000e+02, 2.736690e+02
1.000000e+02, 2.737162e+02
1.000000e+02, 2.737647e+02
1.000000e+02, 2.738143e+02
1.000000e+02, 2.738651e+02
1.000000e+02, 2.739171e+02
1.000000e+02, 2.739703e+02
1.000000e+02, 2.740247e+02
1.000000e+02, 2.740803e+02
1.000000e+02, 2.741370e+02
1.000000e+02, 2.741950e+02
1.000000e+02, 2.742541e+02
1.000000e+02, 2.743145e+02
1.000000e+02, 2.743761e+02
1.000000e+02, 2.744388e+02
1.000000e+02, 2.745027e+02
1.000000e+02, 2.745679e+02
1.000000e+02, 2.746342e+02
1.000000e+02, 2.747018e+02
1.000000e+02, 2.747705e+02
1.000000e+02, 2.748405e+02
1.000000e+02, 2.749116e+02
1.000000e+02, 2.749840e+02
1.000000e+02, 2.750575e+02
1.000000e+02, 2.751323e+02
1.000000e+02, 2.752082e+02
1.000000e+02, 2.752854e+02
1.000000e+02, 2.753638e+02
1.000000e+02, 2.754434e+02
1.000000e+02, 2.755242e+02
1.000000e+02, 2.756062e+02
1.000000e+02, 2.756894e+02
1.000000e+02, 2.757739e+02
1.000000e+02, 2.758595e+02
1.000000e+02, 2.759464e+02
1.000000e+02, 2.760345e+02
1.000000e+02, 2.761238e+02
1.000000e+02, 2.762143e+02
1.000000e+02, 2.763060e+02
1.000000e+02, 2.763990e+02
1.000000e+02, 2.764932e+02
1.000000e+02, 2.765886e+02
1.000000e+02, 2.766852e+02
1.000000e+02, 2.767830e+02
1.000000e+02, 2.768821e+02
1.000000e+02, 2.769824e+02
1.000000e+02, 2.770840e+02
1.000000e+02, 2.771867e+02
1.000000e+02, 2.772907e+02
1.000000e+02, 2.773960e+02
1.000000e+02, 2.775024e+02
1.000000e+02, 2.776101e+02
1.000000e+02, 2.777191e+02
1.000000e+02, 2.778292e+02
1.000000e+02, 2.779407e+02
1.000000e+02, 2.780533e+02
1.000000e+02, 2.781672e+02
1.000000e+02, 2.782824e+02
1.000000e+02, 2.783988e+02
1.000000e+02, 2.785164e+02
1.000000e+02, 2.786353e+02
1.000000e+02, 2.787554e+02
1.000000e+02, 2.788768e+02
1.000000e+02, 2.789994e+02
1.000000e+02, 2.791233e+02
1.000000e+02, 2.792485e+02
1.000000e+02, 2.793749e+02
1.000000e+02, 2.795026e+02
1.000000e+02, 2.796315e+02
1.000000e+02, 2.797617e+02
1.000000e+02, 2.798932e+02
1.000000e+02, 2.800259e+02
1.000000e+02, 2.801599e+02
1.000000e+02, 2.802952e+02
1.000000e+02, 2.804317e+02
1.000000e+02, 2.805695e+02
1.000000e+02, 2.807086e+02
1.000000e+02, 2.808490e+02
1.000000e+02, 2.809906e+02
1.000000e+02, 2.811335e+02
1.000000e+02, 2.812778e+02
1.000000e+02, 2.814232e+02
1.000000e+02, 2.815700e+02
1.000000e+02, 2.817181e+02
1.000000e+02, 2.818675e+02
1.000000e+02, 2.820181e+02
1.000000e+02, 2.821701e+02
1.000000e+02, 2.823233e+02
1.000000e+02, 2.824778e+02
1.000000e+02, 2.826337e+02
1.000000e+02, 2.827908e+02
1.000000e+02, 2.829493e+02
1.000000e+02, 2.831091e+02
1.000000e+02, 2.832701e+02
1.000000e+02, 2.834325e+02
1.000000e+02, 2.835962e+02
1.000000e+02, 2.837612e+02
1.000000e+02, 2.839276e+02
1.000000e+02, 2.840952e+02
1.000000e+02, 2.842642e+02
1.000000e+02, 2.844345e+02
1.000000e+02, 2.846061e+02
1.000000e+02, 2.847791e+02
1.000000e+02, 2.849534e+02
1.000000e+02, 2.851290e+02
1.000000e+02, 2.853060e+02
1.000000e+02, 2.854843e+02
1.000000e+02, 2.856639e+02
1.000000e+02, 2.858449e+02
1.000000e+02, 2.860273e+02
1.000000e+02, 2.862110e+02
1.000000e+02, 2.863960e+02
1.000000e+02, 2.865824e+02
1.000000e+02, 2.867702e+02
1.000000e+02, 2.869593e+02
1.000000e+02, 2.871498e+02
1.000000e+02, 2.873417e+02
1.000000e+02, 2.875349e+02
1.000000e+02, 2.877295e+02
1.000000e+02, 2.879254e+02
1.000000e+02, 2.881228e+02
1.000000e+02, 2.883215e+02
1.000000e+02, 2.885216e+02
1.000000e+02, 2.887232e+02
1.000000e+02, 2.889260e+02
1.000000e+02, 2.891303e+02
1.000000e+02, 2.893360e+02
1.000000e+02, 2.895431e+02
1.000000e+02, 2.897516e+02
1.000000e+02, 2.899615e+02
1.000000e+02, 2.901728e+02
1.000000e+02, 2.903855e+02
1.000000e+02, 2.905996e+02
1.000000e+02, 2.908151e+02
1.000000e+02, 2.910321e+02
1.000000e+02, 2.912505e+02
1.000000e+02, 2.914703e+02
1.000000e+02, 2.916916e+02
1.000000e+02, 2.919142e+02
1.000000e+02, 2.921384e+02
1.000000e+02, 2.923639e+02
1.000000e+02, 2.925909e+02
1.000000e+02, 2.928194e+02
1.000000e+02, 2.930493e+02
1.000000e+02, 2.932807e+02
1.000000e+02, 2.935135e+02
1.000000e+02, 2.937478e+02
1.000000e+02, 2.939835e+02
1.000000e+02, 2.942208e+02
1.000000e+02, 2.944595e+02
1.000000e+02, 2.946997e+02
1.000000e+02, 2.949413e+02
1.000000e+02, 2.951845e+02
1.000000e+02, 2.954291e+02
1.000000e+02, 2.956752e+02
1.000000e+02, 2.959229e+02
1.000000e+02, 2.961720e+02
1.000000e+02, 2.964227e+02
1.000000e+02, 2.966748e+02
1.000000e+02, 2.969285e+02
1.000000e+02, 2.971837e+02
1.000000e+02, 2.974404e+02
1.000000e+02, 2.976986e+02
1.000000e+02, 2.979584e+02
1.000000e+02, 2.982197e+02
1.000000e+02, 2.984826e+02
1.000000e+02, 2.987470e+02
1.000000e+02, 2.990129e+02
1.000000e+02, 2.992804e+02
1.000000e+02, 2.995495e+02
1.000000e+02, 2.998201e+02
1.000000e+02, 3.000923e+02
1.000000e+02, 3.003661e+02
1.000000e+02, 3.006414e+02
1.000000e+02, 3.009183e+02
1.000000e+02, 3.011969e+02
1.000000e+02, 3.014770e+02
1.000000e+02, 3.017587e+02
1.000000e+02, 3.020420e+02
1.000000e+02, 3.023269e+02
1.000000e+02, 3.026134e+02
1.000000e+02, 3.029016e+02
1.000000e+02, 3.031914e+02
1.000000e+02, 3.034828e+02
1.000000e+02, 3.037758e+02
1.000000e+02, 3.040705e+02
1.000000e+02, 3.043668e+02
1.000000e+02, 3.046648e+02
1.000000e+02, 3.049644e+02
1.000000e+02, 3.052657e+02
1.000000e+02, 3.055687e+02
1.000000e+02, 3.058733e+02
1.000000e+02, 3.061796e+02
1.000000e+02, 3.064876e+02
1.000000e+02, 3.067973e+02
1.000000e+02, 3.071087e+02
1.000000e+02, 3.074218e+02
1.000000e+02, 3.077366e+02
1.000000e+02, 3.080531e+02
1.000000e+02, 3.083713e+02
1.000000e+02, 3.086913e+02
1.000000e+02, 3.090130e+02
1.000000e+02, 3.093364e+02
1.000000e+02, 3.096616e+02
1.000000e+02, 3.099886e+02
1.000000e+02, 3.103173e+02
1.000000e+02, 3.106477e+02
1.000000e+02, 3.109800e+02
1.000000e+02, 3.113140e+02
1.000000e+02, 3.116498e+02
1.000000e+02, 3.119874e+02
1.000000e+02, 3.123268e+02
1.000000e+02, 3.126681e+02
1.000000e+02, 3.130111e+02
1.000000e+02, 3.133560e+02
1.000000e+02, 3.137026e+02
1.000000e+02, 3.140512e+02
1.000000e+02, 3.144015e+02
1.000000e+02, 3.147538e+02
1.000000e+02, 3.151079e+02
1.000000e+02, 3.154638e+02
1.000000e+02, 3.158216e+02
1.000000e+02, 3.161814e+02
1.000000e+02, 3.165430e+02
1.000000e+02, 3.169065e+02
1.000000e+02, 3.172719e+02
1.000000e+02, 3.176392e+02
1.000000e+02, 3.180085e+02
1.000000e+02, 3.183797e+02
1.000000e+02, 3.187528e+02
1.000000e+02, 3.191279e+02
1.000000e+02, 3.195050e+02
1.000000e+02, 3.198840e+02
1.000000e+02, 3.202650e+02
1.000000e+02, 3.206480e+02
1.000000e+02, 3.210330e+02
1.000000e+02, 3.214200e+02
1.000000e+02, 3.218090e+02
1.000000e+02, 3.222000e+02
1.000000e+02, 3.225931e+02
1.000000e+02, 3.229882e+02
1.000000e+02, 3.233854e+02
1.000000e+02, 3.237846e+02
1.000000e+02, 3.241859e+02
1.000000e+02, 3.245893e+02
1.000000e+02, 3.249948e+02
1.000000e+02, 3.254024e+02
1.000000e+02, 3.258121e+02
1.000000e+02, 3.262239e+02
1.000000e+02, 3.266379e+02
1.000000e+02, 3.270540e+02
1.000000e+02, 3.274723e+02
1.000000e+02, 3.278927e+02
1.000000e+02, 3.283153e+02
1.000000e+02, 3.287401e+02
1.000000e+02, 3.291672e+02
1.000000e+02, 3.295964e+02
1.000000e+02, 3.300279e+02
1.000000e+02, 3.304616e+02
1.000000e+02, 3.308976e+02
1.000000e+02, 3.313358e+02
1.000000e+02, 3.317763e+02
1.000000e+02, 3.322191e+02
1.000000e+02, 3.326642e+02
1.000000e+02, 3.331116e+02
1.000000e+02, 3.335614e+02
1.000000e+02, 3.340134e+02
1.000000e+02, 3.344679e+02
1.000000e+02, 3.349247e+02
1.000000e+02, 3.353839e+02
1.000000e+02, 3.358455e+02
1.000000e+02, 3.363095e+02
1.000000e+02, 3.367760e+02
1.000000e+02, 3.372448e+02
1.000000e+02, 3.377162e+02
1.000000e+02, 3.381900e+02
1.000000e+02, 3.386663e+02
1.000000e+02, 3.391451e+02
1.000000e+02, 3.396264e+02
1.000000e+02, 3.401102e+02
1.000000e+02, 3.405966e+02
1.000000e+02, 3.410856e+02
1.000000e+02, 3.415771e+02
1.000000e+02, 3.420713e+02
1.000000e+02, 3.425680e+02
1.000000e+02, 3.430674e+02
1.000000e+02, 3.435694e+02
1.000000e+02, 3.440742e+02
1.000000e+02, 3.445816e+02
1.000000e+02, 3.450917e+02
1.000000e+02, 3.456045e+02
1.000000e+02, 3.461200e+02
1.000000e+02, 3.466384e+02
1.000000e+02, 3.471595e+02
1.000000e+02, 3.476834e+02
1.000000e+02, 3.482101e+02
1.000000e+02, 3.487397e+02
1.000000e+02, 3.492721e+02
1.000000e+02, 3.498074e+02
1.000000e+02, 3.503456e+02
1.000000e+02, 3.508868e+02
1.000000e+02, 3.514308e+02
1.000000e+02, 3.519779e+02
1.000000e+02, 3.525279e+02
1.000000e+02, 3.530810e+02
1.000000e+02, 3.536371e+02
1.000000e+02, 3.541962e+02
1.000000e+02, 3.547584e+02
1.000000e+02, 3.553238e+02
1.000000e+02, 3.558922e+02
1.000000e+02, 3.564639e+02
1.000000e+02, 3.570387e+02
1.000000e+02, 3.576167e+02
1.000000e+02, 3.581979e+02
1.000000e+02, 3.587825e+02
1.000000e+02, 3.593703e+02
1.000000e+02, 3.599614e+02
1.000000e+02, 5.558599e-01
1.000000e+02, 1.153702e+00
1.000000e+02, 1.754947e+00
1.000000e+02, 2.359624e+00
1.000000e+02, 2.967765e+00
1.000000e+02, 3.579399e+00
1.000000e+02, 4.194557e+00
1.000000e+02, 4.813272e+00
1.000000e+02, 5.435576e+00
1.000000e+02, 6.061502e+00
1.000000e+02, 6.691083e+00
1.000000e+02, 7.324353e+00
1.000000e+02, 7.961348e+00
1.000000e+02, 8.602103e+00
1.000000e+02, 9.246654e+00
1.000000e+02, 9.895037e+00
1.000000e+02, 1.054729e+01
1.000000e+02, 1.120345e+01
1.000000e+02, 1.186356e+01
1.000000e+02, 1.252766e+01
1.000000e+02, 1.319578e+01
1.000000e+02, 1.386797e+01
1.000000e+02, 1.454428e+01
1.000000e+02, 1.522473e+01
1.000000e+02, 1.590939e+01
1.000000e+02, 1.659828e+01
1.000000e+02, 1.729147e+01
1.000000e+02, 1.798899e+01
1.000000e+02, 1.869089e+01
1.000000e+02, 1.939722e+01
1.000000e+02, 2.010803e+01
1.000000e+02, 2.082338e+01
1.000000e+02, 2.154330e+01
1.000000e+02, 2.226786e+01
1.000000e+02, 2.299712e+01
1.000000e+02, 2.373111e+01
1.000000e+02, 2.446991e+01
1.000000e+02, 2.521357e+01
1.000000e+02, 2.596214e+01
1.000000e+02, 2.671569e+01
1.000000e+02, 2.747429e+01
1.000000e+02, 2.823799e+01
1.000000e+02, 2.900685e+01
1.000000e+02, 2.978095e+01
1.000000e+02, 3.056036e+01
1.000000e+02, 3.134514e+01
1.000000e+02, 3.213536e+01
1.000000e+02, 3.293110e+01
1.000000e+02, 3.373243e+01
1.000000e+02, 3.453943e+01
1.000000e+02, 3.535217e+01
1.000000e+02, 3.617075e+01
1.000000e+02, 3.699524e+01
1.000000e+02, 3.782572e+01
1.000000e+02, 3.866229e+01
1.000000e+02, 3.950503e+01
1.000000e+02, 4.035404e+01
1.000000e+02, 4.120942e+01
1.000000e+02, 4.207125e+01
1.000000e+02, 4.293964e+01
1.000000e+02, 4.381469e+01
1.000000e+02, 4.469651e+01
1.000000e+02, 4.558521e+01
1.000000e+02, 4.648090e+01
1.000000e+02, 4.738370e+01
1.000000e+02, 4.829372e+01
1.000000e+02, 4.921109e+01
1.000000e+02, 5.013594e+01
1.000000e+02, 5.106840e+01
1.000000e+02, 5.200860e+01
1.000000e+02, 5.295668e+01
1.000000e+02, 5.391278e+01
1.000000e+02, 5.487706e+01
1.000000e+02, 5.584967e+01
1.000000e+02, 5.683077e+01
1.000000e+02, 5.782052e+01
1.000000e+02, 5.881910e+01
1.000000e+02, 5.982667e+01
1.000000e+02, 6.084343e+01
1.000000e+02, 6.186957e+01
1.000000e+02, 6.290527e+01
1.000000e+02, 6.395075e+01
1.000000e+02, 6.500621e+01
1.000000e+02, 6.607189e+01
1.000000e+02, 6.714800e+01
1.000000e+02, 6.823478e+01
1.000000e+02, 6.933249e+01
1.000000e+02, 7.044139e+01
1.000000e+02, 7.156173e+01
1.000000e+02, 7.269381e+01
1.000000e+02, 7.383793e+01
1.000000e+02, 7.499437e+01
1.000000e+02, 7.616347e+01
1.000000e+02, 7.734557e+01
1.000000e+02, 7.854101e+01
1.000000e+02, 7.975017e+01
1.000000e+02, 8.097343e+01
1.000000e+02, 8.221119e+01
1.000000e+02, 8.346390e+01
1.000000e+02, 8.473198e+01
1.000000e+02, 8.601594e+01
1.000000e+02, 8.731625e+01
1.000000e+02, 8.863345e+01
1.000000e+02, 8.996810e+01
1.000000e+02, 9.132079e+01
1.000000e+02, 9.269215e+01
1.000000e+02, 9.408284e+01
1.000000e+02, 9.549358e+01
1.000000e+02, 9.692511e+01
1.000000e+02, 9.837824e+01
1.000000e+02, 9.985383e+01
1.000000e+02, 1.013528e+02
1.000000e+02, 1.028761e+02
1.000000e+02, 1.044249e+02
1.000000e+02, 1.060003e+02
1.000000e+02, 1.076034e+02
1.000000e+02, 1.092357e+02
1.000000e+02, 1.108986e+02
1.000000e+02, 1.125936e+02
1.000000e+02, 1.143225e+02
1.000000e+02, 1.160872e+02
1.000000e+02, 1.178898e+02
1.000000e+02, 1.197324e+02
1.000000e+02, 1.216177e+02
1.000000e+02, 1.235485e+02
1.000000e+02, 1.255279e+02
1.000000e+02, 1.275594e+02
1.000000e+02, 1.296470e+02
1.000000e+02, 1.317953e+02
1.000000e+02, 1.340094e+02
1.000000e+02, 1.362953e+02
1.000000e+02, 1.386600e+02
1.000000e+02, 1.411117e+02
1.000000e+02, 1.436602e+02
1.000000e+02, 1.463171e+02
1.000000e+02, 1.490969e+02
1.000000e+02, 1.520174e+02
1.000000e+02, 1.551015e+02
1.000000e+02, 1.583788e+02
1.000000e+02, 1.618896e+02
1.000000e+02, 1.656906e+02
1.000000e+02, 1.698661e+02
1.000000e+02, 1.745527e+02
1.000000e+02, 1.800000e+02
##END= 