##TITLE= /opt/topspin3.0/exp/stan/nmr/lists/wave/user/HypSec_trunc2.84_110
##JCAMP-DX= 5.00 Bruker JCAMP library
##DATA TYPE= Shape Data
##ORIGIN= Bruker BioSpin GmbH
##OWNER= <nmrsu>
##DATE= 15/02/24
##TIME= 16:15:04
##MINX= 1.164538e+01
##MAXX= 9.999960e+01
##MINY= 2.546774e-02
##MAXY= 3.585574e+02
##$SHAPE_EXMODE= Adiabatic
##$SHAPE_TOTROT= 1.800000e+02
##$SHAPE_BWFAC= 1.929340e+02
##$SHAPE_INTEGFAC= 2.356110e-02
##$SHAPE_MODE= 0
##NPOINTS= 1000
##XYPOINTS= (XY..XY)
1.000000e+02, 1.800000e+02
1.000000e+02, 1.765788e+02
1.000000e+02, 1.736354e+02
1.000000e+02, 1.710130e+02
1.000000e+02, 1.686258e+02
1.000000e+02, 1.664208e+02
1.000000e+02, 1.643625e+02
1.000000e+02, 1.624256e+02
1.000000e+02, 1.605914e+02
1.000000e+02, 1.588455e+02
1.000000e+02, 1.571768e+02
1.000000e+02, 1.555763e+02
1.000000e+02, 1.540365e+02
1.000000e+02, 1.525513e+02
1.000000e+02, 1.511156e+02
1.000000e+02, 1.497251e+02
1.000000e+02, 1.483759e+02
1.000000e+02, 1.470647e+02
1.000000e+02, 1.457888e+02
1.000000e+02, 1.445457e+02
1.000000e+02, 1.433331e+02
1.000000e+02, 1.421490e+02
1.000000e+02, 1.409917e+02
1.000000e+02, 1.398597e+02
1.000000e+02, 1.387513e+02
1.000000e+02, 1.376655e+02
1.000000e+02, 1.366009e+02
1.000000e+02, 1.355566e+02
1.000000e+02, 1.345314e+02
1.000000e+02, 1.335245e+02
1.000000e+02, 1.325352e+02
1.000000e+02, 1.315625e+02
1.000000e+02, 1.306057e+02
1.000000e+02, 1.296643e+02
1.000000e+02, 1.287376e+02
1.000000e+02, 1.278249e+02
1.000000e+02, 1.269258e+02
1.000000e+02, 1.260398e+02
1.000000e+02, 1.251664e+02
1.000000e+02, 1.243051e+02
1.000000e+02, 1.234556e+02
1.000000e+02, 1.226173e+02
1.000000e+02, 1.217901e+02
1.000000e+02, 1.209734e+02
1.000000e+02, 1.201670e+02
1.000000e+02, 1.193706e+02
1.000000e+02, 1.185839e+02
1.000000e+02, 1.178065e+02
1.000000e+02, 1.170382e+02
1.000000e+02, 1.162788e+02
1.000000e+02, 1.155280e+02
1.000000e+02, 1.147856e+02
1.000000e+02, 1.140513e+02
1.000000e+02, 1.133250e+02
1.000000e+02, 1.126065e+02
1.000000e+02, 1.118955e+02
1.000000e+02, 1.111918e+02
1.000000e+02, 1.104954e+02
1.000000e+02, 1.098060e+02
1.000000e+02, 1.091234e+02
1.000000e+02, 1.084476e+02
1.000000e+02, 1.077783e+02
1.000000e+02, 1.071154e+02
1.000000e+02, 1.064588e+02
1.000000e+02, 1.058083e+02
1.000000e+02, 1.051639e+02
1.000000e+02, 1.045253e+02
1.000000e+02, 1.038925e+02
1.000000e+02, 1.032653e+02
1.000000e+02, 1.026437e+02
1.000000e+02, 1.020275e+02
1.000000e+02, 1.014167e+02
1.000000e+02, 1.008111e+02
1.000000e+02, 1.002106e+02
1.000000e+02, 9.961515e+01
1.000000e+02, 9.902466e+01
1.000000e+02, 9.843904e+01
1.000000e+02, 9.785819e+01
1.000000e+02, 9.728203e+01
1.000000e+02, 9.671049e+01
1.000000e+02, 9.614349e+01
1.000000e+02, 9.558095e+01
1.000000e+02, 9.502281e+01
1.000000e+02, 9.446898e+01
1.000000e+02, 9.391940e+01
1.000000e+02, 9.337401e+01
1.000000e+02, 9.283274e+01
1.000000e+02, 9.229553e+01
1.000000e+02, 9.176231e+01
1.000000e+02, 9.123302e+01
1.000000e+02, 9.070762e+01
1.000000e+02, 9.018603e+01
1.000000e+02, 8.966821e+01
1.000000e+02, 8.915411e+01
1.000000e+02, 8.864366e+01
1.000000e+02, 8.813683e+01
1.000000e+02, 8.763355e+01
1.000000e+02, 8.713379e+01
1.000000e+02, 8.663749e+01
1.000000e+02, 8.614461e+01
1.000000e+02, 8.565511e+01
1.000000e+02, 8.516894e+01
1.000000e+02, 8.468605e+01
1.000000e+02, 8.420641e+01
1.000000e+02, 8.372998e+01
1.000000e+02, 8.325671e+01
1.000000e+02, 8.278657e+01
1.000000e+02, 8.231951e+01
1.000000e+02, 8.185551e+01
1.000000e+02, 8.139453e+01
1.000000e+02, 8.093652e+01
1.000000e+02, 8.048146e+01
1.000000e+02, 8.002931e+01
1.000000e+02, 7.958004e+01
1.000000e+02, 7.913362e+01
1.000000e+02, 7.869001e+01
1.000000e+02, 7.824918e+01
1.000000e+02, 7.781110e+01
1.000000e+02, 7.737575e+01
1.000000e+02, 7.694309e+01
1.000000e+02, 7.651309e+01
1.000000e+02, 7.608573e+01
1.000000e+02, 7.566098e+01
1.000000e+02, 7.523881e+01
1.000000e+02, 7.481920e+01
1.000000e+02, 7.440211e+01
1.000000e+02, 7.398753e+01
1.000000e+02, 7.357543e+01
1.000000e+02, 7.316578e+01
1.000000e+02, 7.275857e+01
1.000000e+02, 7.235376e+01
1.000000e+02, 7.195133e+01
1.000000e+02, 7.155127e+01
1.000000e+02, 7.115354e+01
1.000000e+02, 7.075814e+01
1.000000e+02, 7.036502e+01
1.000000e+02, 6.997419e+01
1.000000e+02, 6.958560e+01
1.000000e+02, 6.919925e+01
1.000000e+02, 6.881512e+01
1.000000e+02, 6.843318e+01
1.000000e+02, 6.805341e+01
1.000000e+02, 6.767580e+01
1.000000e+02, 6.730033e+01
1.000000e+02, 6.692697e+01
1.000000e+02, 6.655572e+01
1.000000e+02, 6.618655e+01
1.000000e+02, 6.581944e+01
1.000000e+02, 6.545438e+01
1.000000e+02, 6.509136e+01
1.000000e+02, 6.473035e+01
1.000000e+02, 6.437134e+01
1.000000e+02, 6.401432e+01
1.000000e+02, 6.365926e+01
1.000000e+02, 6.330615e+01
1.000000e+02, 6.295498e+01
1.000000e+02, 6.260573e+01
1.000000e+02, 6.225839e+01
1.000000e+02, 6.191294e+01
1.000000e+02, 6.156936e+01
1.000000e+02, 6.122766e+01
1.000000e+02, 6.088780e+01
1.000000e+02, 6.054977e+01
1.000000e+02, 6.021357e+01
1.000000e+02, 5.987918e+01
1.000000e+02, 5.954659e+01
1.000000e+02, 5.921578e+01
1.000000e+02, 5.888674e+01
1.000000e+02, 5.855946e+01
1.000000e+02, 5.823393e+01
1.000000e+02, 5.791013e+01
1.000000e+02, 5.758805e+01
1.000000e+02, 5.726768e+01
1.000000e+02, 5.694901e+01
1.000000e+02, 5.663203e+01
1.000000e+02, 5.631672e+01
1.000000e+02, 5.600308e+01
1.000000e+02, 5.569109e+01
1.000000e+02, 5.538075e+01
1.000000e+02, 5.507203e+01
1.000000e+02, 5.476494e+01
1.000000e+02, 5.445946e+01
1.000000e+02, 5.415558e+01
1.000000e+02, 5.385330e+01
1.000000e+02, 5.355259e+01
1.000000e+02, 5.325346e+01
1.000000e+02, 5.295588e+01
1.000000e+02, 5.265986e+01
1.000000e+02, 5.236538e+01
1.000000e+02, 5.207244e+01
1.000000e+02, 5.178102e+01
1.000000e+02, 5.149111e+01
1.000000e+02, 5.120271e+01
1.000000e+02, 5.091581e+01
1.000000e+02, 5.063039e+01
1.000000e+02, 5.034646e+01
1.000000e+02, 5.006400e+01
1.000000e+02, 4.978300e+01
1.000000e+02, 4.950345e+01
1.000000e+02, 4.922535e+01
1.000000e+02, 4.894869e+01
1.000000e+02, 4.867346e+01
1.000000e+02, 4.839966e+01
1.000000e+02, 4.812727e+01
1.000000e+02, 4.785628e+01
1.000000e+02, 4.758670e+01
1.000000e+02, 4.731850e+01
1.000000e+02, 4.705170e+01
1.000000e+02, 4.678627e+01
1.000000e+02, 4.652221e+01
1.000000e+02, 4.625951e+01
1.000000e+02, 4.599817e+01
1.000000e+02, 4.573818e+01
1.000000e+02, 4.547953e+01
1.000000e+02, 4.522222e+01
1.000000e+02, 4.496623e+01
1.000000e+02, 4.471157e+01
1.000000e+02, 4.445822e+01
1.000000e+02, 4.420618e+01
1.000000e+02, 4.395545e+01
1.000000e+02, 4.370601e+01
1.000000e+02, 4.345786e+01
1.000000e+02, 4.321099e+01
1.000000e+02, 4.296541e+01
1.000000e+02, 4.272109e+01
1.000000e+02, 4.247804e+01
1.000000e+02, 4.223625e+01
1.000000e+02, 4.199571e+01
1.000000e+02, 4.175643e+01
1.000000e+02, 4.151838e+01
1.000000e+02, 4.128157e+01
1.000000e+02, 4.104600e+01
1.000000e+02, 4.081164e+01
1.000000e+02, 4.057851e+01
1.000000e+02, 4.034660e+01
1.000000e+02, 4.011589e+01
1.000000e+02, 3.988639e+01
1.000000e+02, 3.965809e+01
1.000000e+02, 3.943098e+01
1.000000e+02, 3.920506e+01
1.000000e+02, 3.898032e+01
1.000000e+02, 3.875676e+01
1.000000e+02, 3.853438e+01
1.000000e+02, 3.831316e+01
1.000000e+02, 3.809311e+01
1.000000e+02, 3.787422e+01
1.000000e+02, 3.765648e+01
1.000000e+02, 3.743989e+01
1.000000e+02, 3.722445e+01
1.000000e+02, 3.701015e+01
1.000000e+02, 3.679699e+01
1.000000e+02, 3.658495e+01
1.000000e+02, 3.637405e+01
1.000000e+02, 3.616426e+01
1.000000e+02, 3.595560e+01
1.000000e+02, 3.574805e+01
1.000000e+02, 3.554161e+01
1.000000e+02, 3.533627e+01
1.000000e+02, 3.513204e+01
1.000000e+02, 3.492890e+01
1.000000e+02, 3.472686e+01
1.000000e+02, 3.452590e+01
1.000000e+02, 3.432604e+01
1.000000e+02, 3.412725e+01
1.000000e+02, 3.392954e+01
1.000000e+02, 3.373290e+01
1.000000e+02, 3.353734e+01
1.000000e+02, 3.334284e+01
1.000000e+02, 3.314940e+01
1.000000e+02, 3.295702e+01
1.000000e+02, 3.276569e+01
1.000000e+02, 3.257542e+01
1.000000e+02, 3.238619e+01
1.000000e+02, 3.219801e+01
1.000000e+02, 3.201086e+01
1.000000e+02, 3.182476e+01
1.000000e+02, 3.163969e+01
1.000000e+02, 3.145564e+01
1.000000e+02, 3.127263e+01
1.000000e+02, 3.109063e+01
1.000000e+02, 3.090966e+01
1.000000e+02, 3.072970e+01
1.000000e+02, 3.055076e+01
1.000000e+02, 3.037283e+01
1.000000e+02, 3.019590e+01
1.000000e+02, 3.001998e+01
1.000000e+02, 2.984506e+01
1.000000e+02, 2.967113e+01
1.000000e+02, 2.949820e+01
1.000000e+02, 2.932626e+01
1.000000e+02, 2.915531e+01
1.000000e+02, 2.898534e+01
1.000000e+02, 2.881636e+01
1.000000e+02, 2.864836e+01
1.000000e+02, 2.848133e+01
1.000000e+02, 2.831527e+01
1.000000e+02, 2.815019e+01
1.000000e+02, 2.798607e+01
1.000000e+02, 2.782292e+01
1.000000e+02, 2.766074e+01
1.000000e+02, 2.749951e+01
1.000000e+02, 2.733924e+01
1.000000e+02, 2.717992e+01
1.000000e+02, 2.702155e+01
1.000000e+02, 2.686414e+01
1.000000e+02, 2.670766e+01
1.000000e+02, 2.655214e+01
1.000000e+02, 2.639755e+01
1.000000e+02, 2.624390e+01
1.000000e+02, 2.609119e+01
1.000000e+02, 2.593942e+01
1.000000e+02, 2.578857e+01
1.000000e+02, 2.563865e+01
1.000000e+02, 2.548966e+01
1.000000e+02, 2.534159e+01
1.000000e+02, 2.519445e+01
1.000000e+02, 2.504822e+01
1.000000e+02, 2.490291e+01
1.000000e+02, 2.475852e+01
1.000000e+02, 2.461503e+01
1.000000e+02, 2.447246e+01
1.000000e+02, 2.433080e+01
1.000000e+02, 2.419004e+01
1.000000e+02, 2.405018e+01
1.000000e+02, 2.391123e+01
1.000000e+02, 2.377317e+01
1.000000e+02, 2.363601e+01
1.000000e+02, 2.349975e+01
1.000000e+02, 2.336438e+01
1.000000e+02, 2.322990e+01
1.000000e+02, 2.309631e+01
1.000000e+02, 2.296360e+01
1.000000e+02, 2.283178e+01
1.000000e+02, 2.270084e+01
1.000000e+02, 2.257079e+01
1.000000e+02, 2.244161e+01
1.000000e+02, 2.231331e+01
1.000000e+02, 2.218588e+01
1.000000e+02, 2.205933e+01
1.000000e+02, 2.193364e+01
1.000000e+02, 2.180883e+01
1.000000e+02, 2.168489e+01
1.000000e+02, 2.156180e+01
1.000000e+02, 2.143959e+01
1.000000e+02, 2.131823e+01
1.000000e+02, 2.119774e+01
1.000000e+02, 2.107810e+01
1.000000e+02, 2.095932e+01
1.000000e+02, 2.084140e+01
1.000000e+02, 2.072433e+01
1.000000e+02, 2.060811e+01
1.000000e+02, 2.049274e+01
1.000000e+02, 2.037822e+01
1.000000e+02, 2.026454e+01
1.000000e+02, 2.015171e+01
1.000000e+02, 2.003973e+01
1.000000e+02, 1.992858e+01
1.000000e+02, 1.981828e+01
1.000000e+02, 1.970881e+01
1.000000e+02, 1.960018e+01
1.000000e+02, 1.949239e+01
1.000000e+02, 1.938543e+01
1.000000e+02, 1.927931e+01
1.000000e+02, 1.917401e+01
1.000000e+02, 1.906955e+01
1.000000e+02, 1.896591e+01
1.000000e+02, 1.886310e+01
1.000000e+02, 1.876111e+01
1.000000e+02, 1.865995e+01
1.000000e+02, 1.855962e+01
1.000000e+02, 1.846010e+01
1.000000e+02, 1.836140e+01
1.000000e+02, 1.826352e+01
1.000000e+02, 1.816646e+01
1.000000e+02, 1.807022e+01
1.000000e+02, 1.797479e+01
1.000000e+02, 1.788017e+01
1.000000e+02, 1.778636e+01
1.000000e+02, 1.769337e+01
1.000000e+02, 1.760118e+01
1.000000e+02, 1.750981e+01
1.000000e+02, 1.741924e+01
1.000000e+02, 1.732947e+01
1.000000e+02, 1.724051e+01
1.000000e+02, 1.715236e+01
1.000000e+02, 1.706500e+01
1.000000e+02, 1.697845e+01
1.000000e+02, 1.689270e+01
1.000000e+02, 1.680774e+01
1.000000e+02, 1.672359e+01
1.000000e+02, 1.664023e+01
1.000000e+02, 1.655766e+01
1.000000e+02, 1.647589e+01
1.000000e+02, 1.639491e+01
1.000000e+02, 1.631473e+01
1.000000e+02, 1.623534e+01
1.000000e+02, 1.615673e+01
1.000000e+02, 1.607892e+01
1.000000e+02, 1.600190e+01
1.000000e+02, 1.592566e+01
1.000000e+02, 1.585021e+01
1.000000e+02, 1.577554e+01
1.000000e+02, 1.570166e+01
1.000000e+02, 1.562856e+01
1.000000e+02, 1.555624e+01
1.000000e+02, 1.548470e+01
1.000000e+02, 1.541395e+01
1.000000e+02, 1.534397e+01
1.000000e+02, 1.527478e+01
1.000000e+02, 1.520636e+01
1.000000e+02, 1.513872e+01
1.000000e+02, 1.507185e+01
1.000000e+02, 1.500576e+01
1.000000e+02, 1.494044e+01
1.000000e+02, 1.487590e+01
1.000000e+02, 1.481213e+01
1.000000e+02, 1.474913e+01
1.000000e+02, 1.468691e+01
1.000000e+02, 1.462545e+01
1.000000e+02, 1.456476e+01
1.000000e+02, 1.450485e+01
1.000000e+02, 1.444570e+01
1.000000e+02, 1.438731e+01
1.000000e+02, 1.432970e+01
1.000000e+02, 1.427285e+01
1.000000e+02, 1.421677e+01
1.000000e+02, 1.416145e+01
1.000000e+02, 1.410689e+01
1.000000e+02, 1.405310e+01
1.000000e+02, 1.400007e+01
1.000000e+02, 1.394780e+01
1.000000e+02, 1.389629e+01
1.000000e+02, 1.384554e+01
1.000000e+02, 1.379556e+01
1.000000e+02, 1.374633e+01
1.000000e+02, 1.369786e+01
1.000000e+02, 1.365015e+01
1.000000e+02, 1.360320e+01
1.000000e+02, 1.355700e+01
1.000000e+02, 1.351156e+01
1.000000e+02, 1.346687e+01
1.000000e+02, 1.342295e+01
1.000000e+02, 1.337977e+01
1.000000e+02, 1.333735e+01
1.000000e+02, 1.329568e+01
1.000000e+02, 1.325477e+01
1.000000e+02, 1.321461e+01
1.000000e+02, 1.317520e+01
1.000000e+02, 1.313655e+01
1.000000e+02, 1.309864e+01
1.000000e+02, 1.306149e+01
1.000000e+02, 1.302508e+01
1.000000e+02, 1.298943e+01
1.000000e+02, 1.295452e+01
1.000000e+02, 1.292037e+01
1.000000e+02, 1.288696e+01
1.000000e+02, 1.285430e+01
1.000000e+02, 1.282239e+01
1.000000e+02, 1.279122e+01
1.000000e+02, 1.276081e+01
1.000000e+02, 1.273114e+01
1.000000e+02, 1.270221e+01
1.000000e+02, 1.267403e+01
1.000000e+02, 1.264660e+01
1.000000e+02, 1.261991e+01
1.000000e+02, 1.259397e+01
1.000000e+02, 1.256878e+01
1.000000e+02, 1.254432e+01
1.000000e+02, 1.252061e+01
1.000000e+02, 1.249765e+01
1.000000e+02, 1.247543e+01
1.000000e+02, 1.245395e+01
1.000000e+02, 1.243321e+01
1.000000e+02, 1.241322e+01
1.000000e+02, 1.239397e+01
1.000000e+02, 1.237546e+01
1.000000e+02, 1.235770e+01
1.000000e+02, 1.234067e+01
1.000000e+02, 1.232439e+01
1.000000e+02, 1.230885e+01
1.000000e+02, 1.229405e+01
1.000000e+02, 1.227999e+01
1.000000e+02, 1.226667e+01
1.000000e+02, 1.225410e+01
1.000000e+02, 1.224226e+01
1.000000e+02, 1.223116e+01
1.000000e+02, 1.222081e+01
1.000000e+02, 1.221119e+01
1.000000e+02, 1.220232e+01
1.000000e+02, 1.219418e+01
1.000000e+02, 1.218679e+01
1.000000e+02, 1.218013e+01
1.000000e+02, 1.217421e+01
1.000000e+02, 1.216904e+01
1.000000e+02, 1.216460e+01
1.000000e+02, 1.216090e+01
1.000000e+02, 1.215795e+01
1.000000e+02, 1.215573e+01
1.000000e+02, 1.215425e+01
1.000000e+02, 1.215351e+01
1.000000e+02, 1.215351e+01
1.000000e+02, 1.215425e+01
1.000000e+02, 1.215573e+01
1.000000e+02, 1.215795e+01
1.000000e+02, 1.216090e+01
1.000000e+02, 1.216460e+01
1.000000e+02, 1.216904e+01
1.000000e+02, 1.217421e+01
1.000000e+02, 1.218013e+01
1.000000e+02, 1.218679e+01
1.000000e+02, 1.219418e+01
1.000000e+02, 1.220232e+01
1.000000e+02, 1.221119e+01
1.000000e+02, 1.222081e+01
1.000000e+02, 1.223116e+01
1.000000e+02, 1.224226e+01
1.000000e+02, 1.225410e+01
1.000000e+02, 1.226667e+01
1.000000e+02, 1.227999e+01
1.000000e+02, 1.229405e+01
1.000000e+02, 1.230885e+01
1.000000e+02, 1.232439e+01
1.000000e+02, 1.234067e+01
1.000000e+02, 1.235770e+01
1.000000e+02, 1.237546e+01
1.000000e+02, 1.239397e+01
1.000000e+02, 1.241322e+01
1.000000e+02, 1.243321e+01
1.000000e+02, 1.245395e+01
1.000000e+02, 1.247543e+01
1.000000e+02, 1.249765e+01
1.000000e+02, 1.252061e+01
1.000000e+02, 1.254432e+01
1.000000e+02, 1.256878e+01
1.000000e+02, 1.259397e+01
1.000000e+02, 1.261992e+01
1.000000e+02, 1.264660e+01
1.000000e+02, 1.267403e+01
1.000000e+02, 1.270221e+01
1.000000e+02, 1.273114e+01
1.000000e+02, 1.276081e+01
1.000000e+02, 1.279122e+01
1.000000e+02, 1.282239e+01
1.000000e+02, 1.285430e+01
1.000000e+02, 1.288696e+01
1.000000e+02, 1.292037e+01
1.000000e+02, 1.295452e+01
1.000000e+02, 1.298943e+01
1.000000e+02, 1.302508e+01
1.000000e+02, 1.306149e+01
1.000000e+02, 1.309864e+01
1.000000e+02, 1.313655e+01
1.000000e+02, 1.317520e+01
1.000000e+02, 1.321461e+01
1.000000e+02, 1.325477e+01
1.000000e+02, 1.329569e+01
1.000000e+02, 1.333735e+01
1.000000e+02, 1.337977e+01
1.000000e+02, 1.342295e+01
1.000000e+02, 1.346687e+01
1.000000e+02, 1.351156e+01
1.000000e+02, 1.355700e+01
1.000000e+02, 1.360320e+01
1.000000e+02, 1.365015e+01
1.000000e+02, 1.369786e+01
1.000000e+02, 1.374633e+01
1.000000e+02, 1.379556e+01
1.000000e+02, 1.384554e+01
1.000000e+02, 1.389629e+01
1.000000e+02, 1.394780e+01
1.000000e+02, 1.400007e+01
1.000000e+02, 1.405310e+01
1.000000e+02, 1.410689e+01
1.000000e+02, 1.416145e+01
1.000000e+02, 1.421677e+01
1.000000e+02, 1.427285e+01
1.000000e+02, 1.432970e+01
1.000000e+02, 1.438731e+01
1.000000e+02, 1.444570e+01
1.000000e+02, 1.450485e+01
1.000000e+02, 1.456476e+01
1.000000e+02, 1.462545e+01
1.000000e+02, 1.468691e+01
1.000000e+02, 1.474913e+01
1.000000e+02, 1.481213e+01
1.000000e+02, 1.487590e+01
1.000000e+02, 1.494044e+01
1.000000e+02, 1.500576e+01
1.000000e+02, 1.507185e+01
1.000000e+02, 1.513872e+01
1.000000e+02, 1.520636e+01
1.000000e+02, 1.527478e+01
1.000000e+02, 1.534397e+01
1.000000e+02, 1.541395e+01
1.000000e+02, 1.548470e+01
1.000000e+02, 1.555624e+01
1.000000e+02, 1.562856e+01
1.000000e+02, 1.570166e+01
1.000000e+02, 1.577554e+01
1.000000e+02, 1.585021e+01
1.000000e+02, 1.592566e+01
1.000000e+02, 1.600190e+01
1.000000e+02, 1.607892e+01
1.000000e+02, 1.615674e+01
1.000000e+02, 1.623534e+01
1.000000e+02, 1.631473e+01
1.000000e+02, 1.639492e+01
1.000000e+02, 1.647589e+01
1.000000e+02, 1.655766e+01
1.000000e+02, 1.664023e+01
1.000000e+02, 1.672359e+01
1.000000e+02, 1.680774e+01
1.000000e+02, 1.689270e+01
1.000000e+02, 1.697845e+01
1.000000e+02, 1.706500e+01
1.000000e+02, 1.715236e+01
1.000000e+02, 1.724051e+01
1.000000e+02, 1.732947e+01
1.000000e+02, 1.741924e+01
1.000000e+02, 1.750981e+01
1.000000e+02, 1.760118e+01
1.000000e+02, 1.769337e+01
1.000000e+02, 1.778636e+01
1.000000e+02, 1.788017e+01
1.000000e+02, 1.797479e+01
1.000000e+02, 1.807022e+01
1.000000e+02, 1.816646e+01
1.000000e+02, 1.826352e+01
1.000000e+02, 1.836140e+01
1.000000e+02, 1.846010e+01
1.000000e+02, 1.855962e+01
1.000000e+02, 1.865995e+01
1.000000e+02, 1.876112e+01
1.000000e+02, 1.886310e+01
1.000000e+02, 1.896591e+01
1.000000e+02, 1.906955e+01
1.000000e+02, 1.917401e+01
1.000000e+02, 1.927931e+01
1.000000e+02, 1.938543e+01
1.000000e+02, 1.949239e+01
1.000000e+02, 1.960018e+01
1.000000e+02, 1.970881e+01
1.000000e+02, 1.981828e+01
1.000000e+02, 1.992858e+01
1.000000e+02, 2.003973e+01
1.000000e+02, 2.015171e+01
1.000000e+02, 2.026454e+01
1.000000e+02, 2.037822e+01
1.000000e+02, 2.049274e+01
1.000000e+02, 2.060811e+01
1.000000e+02, 2.072433e+01
1.000000e+02, 2.084140e+01
1.000000e+02, 2.095932e+01
1.000000e+02, 2.107810e+01
1.000000e+02, 2.119774e+01
1.000000e+02, 2.131823e+01
1.000000e+02, 2.143959e+01
1.000000e+02, 2.156181e+01
1.000000e+02, 2.168489e+01
1.000000e+02, 2.180883e+01
1.000000e+02, 2.193365e+01
1.000000e+02, 2.205933e+01
1.000000e+02, 2.218588e+01
1.000000e+02, 2.231331e+01
1.000000e+02, 2.244161e+01
1.000000e+02, 2.257079e+01
1.000000e+02, 2.270085e+01
1.000000e+02, 2.283178e+01
1.000000e+02, 2.296360e+01
1.000000e+02, 2.309631e+01
1.000000e+02, 2.322990e+01
1.000000e+02, 2.336438e+01
1.000000e+02, 2.349975e+01
1.000000e+02, 2.363601e+01
1.000000e+02, 2.377317e+01
1.000000e+02, 2.391123e+01
1.000000e+02, 2.405018e+01
1.000000e+02, 2.419004e+01
1.000000e+02, 2.433080e+01
1.000000e+02, 2.447246e+01
1.000000e+02, 2.461504e+01
1.000000e+02, 2.475852e+01
1.000000e+02, 2.490291e+01
1.000000e+02, 2.504822e+01
1.000000e+02, 2.519445e+01
1.000000e+02, 2.534159e+01
1.000000e+02, 2.548966e+01
1.000000e+02, 2.563865e+01
1.000000e+02, 2.578857e+01
1.000000e+02, 2.593942e+01
1.000000e+02, 2.609119e+01
1.000000e+02, 2.624391e+01
1.000000e+02, 2.639755e+01
1.000000e+02, 2.655214e+01
1.000000e+02, 2.670767e+01
1.000000e+02, 2.686414e+01
1.000000e+02, 2.702155e+01
1.000000e+02, 2.717992e+01
1.000000e+02, 2.733924e+01
1.000000e+02, 2.749951e+01
1.000000e+02, 2.766074e+01
1.000000e+02, 2.782292e+01
1.000000e+02, 2.798608e+01
1.000000e+02, 2.815019e+01
1.000000e+02, 2.831527e+01
1.000000e+02, 2.848133e+01
1.000000e+02, 2.864836e+01
1.000000e+02, 2.881636e+01
1.000000e+02, 2.898534e+01
1.000000e+02, 2.915531e+01
1.000000e+02, 2.932626e+01
1.000000e+02, 2.949820e+01
1.000000e+02, 2.967113e+01
1.000000e+02, 2.984506e+01
1.000000e+02, 3.001998e+01
1.000000e+02, 3.019590e+01
1.000000e+02, 3.037283e+01
1.000000e+02, 3.055076e+01
1.000000e+02, 3.072971e+01
1.000000e+02, 3.090966e+01
1.000000e+02, 3.109064e+01
1.000000e+02, 3.127263e+01
1.000000e+02, 3.145564e+01
1.000000e+02, 3.163969e+01
1.000000e+02, 3.182476e+01
1.000000e+02, 3.201087e+01
1.000000e+02, 3.219801e+01
1.000000e+02, 3.238619e+01
1.000000e+02, 3.257542e+01
1.000000e+02, 3.276569e+01
1.000000e+02, 3.295702e+01
1.000000e+02, 3.314940e+01
1.000000e+02, 3.334284e+01
1.000000e+02, 3.353734e+01
1.000000e+02, 3.373290e+01
1.000000e+02, 3.392954e+01
1.000000e+02, 3.412725e+01
1.000000e+02, 3.432604e+01
1.000000e+02, 3.452591e+01
1.000000e+02, 3.472686e+01
1.000000e+02, 3.492890e+01
1.000000e+02, 3.513204e+01
1.000000e+02, 3.533627e+01
1.000000e+02, 3.554161e+01
1.000000e+02, 3.574805e+01
1.000000e+02, 3.595560e+01
1.000000e+02, 3.616426e+01
1.000000e+02, 3.637405e+01
1.000000e+02, 3.658495e+01
1.000000e+02, 3.679699e+01
1.000000e+02, 3.701015e+01
1.000000e+02, 3.722445e+01
1.000000e+02, 3.743990e+01
1.000000e+02, 3.765648e+01
1.000000e+02, 3.787422e+01
1.000000e+02, 3.809311e+01
1.000000e+02, 3.831316e+01
1.000000e+02, 3.853438e+01
1.000000e+02, 3.875676e+01
1.000000e+02, 3.898032e+01
1.000000e+02, 3.920506e+01
1.000000e+02, 3.943098e+01
1.000000e+02, 3.965809e+01
1.000000e+02, 3.988639e+01
1.000000e+02, 4.011589e+01
1.000000e+02, 4.034660e+01
1.000000e+02, 4.057851e+01
1.000000e+02, 4.081165e+01
1.000000e+02, 4.104600e+01
1.000000e+02, 4.128157e+01
1.000000e+02, 4.151838e+01
1.000000e+02, 4.175643e+01
1.000000e+02, 4.199572e+01
1.000000e+02, 4.223625e+01
1.000000e+02, 4.247804e+01
1.000000e+02, 4.272109e+01
1.000000e+02, 4.296541e+01
1.000000e+02, 4.321100e+01
1.000000e+02, 4.345786e+01
1.000000e+02, 4.370601e+01
1.000000e+02, 4.395545e+01
1.000000e+02, 4.420618e+01
1.000000e+02, 4.445822e+01
1.000000e+02, 4.471157e+01
1.000000e+02, 4.496623e+01
1.000000e+02, 4.522222e+01
1.000000e+02, 4.547953e+01
1.000000e+02, 4.573818e+01
1.000000e+02, 4.599817e+01
1.000000e+02, 4.625951e+01
1.000000e+02, 4.652221e+01
1.000000e+02, 4.678627e+01
1.000000e+02, 4.705170e+01
1.000000e+02, 4.731851e+01
1.000000e+02, 4.758670e+01
1.000000e+02, 4.785628e+01
1.000000e+02, 4.812727e+01
1.000000e+02, 4.839966e+01
1.000000e+02, 4.867346e+01
1.000000e+02, 4.894869e+01
1.000000e+02, 4.922535e+01
1.000000e+02, 4.950345e+01
1.000000e+02, 4.978300e+01
1.000000e+02, 5.006400e+01
1.000000e+02, 5.034646e+01
1.000000e+02, 5.063039e+01
1.000000e+02, 5.091581e+01
1.000000e+02, 5.120271e+01
1.000000e+02, 5.149111e+01
1.000000e+02, 5.178102e+01
1.000000e+02, 5.207244e+01
1.000000e+02, 5.236538e+01
1.000000e+02, 5.265986e+01
1.000000e+02, 5.295588e+01
1.000000e+02, 5.325346e+01
1.000000e+02, 5.355259e+01
1.000000e+02, 5.385330e+01
1.000000e+02, 5.415559e+01
1.000000e+02, 5.445946e+01
1.000000e+02, 5.476494e+01
1.000000e+02, 5.507203e+01
1.000000e+02, 5.538075e+01
1.000000e+02, 5.569109e+01
1.000000e+02, 5.600308e+01
1.000000e+02, 5.631672e+01
1.000000e+02, 5.663203e+01
1.000000e+02, 5.694901e+01
1.000000e+02, 5.726768e+01
1.000000e+02, 5.758805e+01
1.000000e+02, 5.791013e+01
1.000000e+02, 5.823393e+01
1.000000e+02, 5.855946e+01
1.000000e+02, 5.888674e+01
1.000000e+02, 5.921578e+01
1.000000e+02, 5.954659e+01
1.000000e+02, 5.987919e+01
1.000000e+02, 6.021358e+01
1.000000e+02, 6.054978e+01
1.000000e+02, 6.088780e+01
1.000000e+02, 6.122766e+01
1.000000e+02, 6.156936e+01
1.000000e+02, 6.191294e+01
1.000000e+02, 6.225839e+01
1.000000e+02, 6.260573e+01
1.000000e+02, 6.295498e+01
1.000000e+02, 6.330615e+01
1.000000e+02, 6.365926e+01
1.000000e+02, 6.401432e+01
1.000000e+02, 6.437134e+01
1.000000e+02, 6.473035e+01
1.000000e+02, 6.509136e+01
1.000000e+02, 6.545439e+01
1.000000e+02, 6.581944e+01
1.000000e+02, 6.618655e+01
1.000000e+02, 6.655572e+01
1.000000e+02, 6.692697e+01
1.000000e+02, 6.730033e+01
1.000000e+02, 6.767580e+01
1.000000e+02, 6.805341e+01
1.000000e+02, 6.843318e+01
1.000000e+02, 6.881512e+01
1.000000e+02, 6.919926e+01
1.000000e+02, 6.958561e+01
1.000000e+02, 6.997419e+01
1.000000e+02, 7.036503e+01
1.000000e+02, 7.075814e+01
1.000000e+02, 7.115355e+01
1.000000e+02, 7.155127e+01
1.000000e+02, 7.195133e+01
1.000000e+02, 7.235376e+01
1.000000e+02, 7.275857e+01
1.000000e+02, 7.316579e+01
1.000000e+02, 7.357543e+01
1.000000e+02, 7.398753e+01
1.000000e+02, 7.440211e+01
1.000000e+02, 7.481920e+01
1.000000e+02, 7.523881e+01
1.000000e+02, 7.566098e+01
1.000000e+02, 7.608573e+01
1.000000e+02, 7.651309e+01
1.000000e+02, 7.694309e+01
1.000000e+02, 7.737575e+01
1.000000e+02, 7.781111e+01
1.000000e+02, 7.824918e+01
1.000000e+02, 7.869001e+01
1.000000e+02, 7.913362e+01
1.000000e+02, 7.958005e+01
1.000000e+02, 8.002932e+01
1.000000e+02, 8.048146e+01
1.000000e+02, 8.093652e+01
1.000000e+02, 8.139453e+01
1.000000e+02, 8.185552e+01
1.000000e+02, 8.231952e+01
1.000000e+02, 8.278657e+01
1.000000e+02, 8.325671e+01
1.000000e+02, 8.372998e+01
1.000000e+02, 8.420641e+01
1.000000e+02, 8.468605e+01
1.000000e+02, 8.516894e+01
1.000000e+02, 8.565511e+01
1.000000e+02, 8.614462e+01
1.000000e+02, 8.663749e+01
1.000000e+02, 8.713379e+01
1.000000e+02, 8.763355e+01
1.000000e+02, 8.813683e+01
1.000000e+02, 8.864366e+01
1.000000e+02, 8.915411e+01
1.000000e+02, 8.966821e+01
1.000000e+02, 9.018603e+01
1.000000e+02, 9.070762e+01
1.000000e+02, 9.123302e+01
1.000000e+02, 9.176231e+01
1.000000e+02, 9.229553e+01
1.000000e+02, 9.283274e+01
1.000000e+02, 9.337402e+01
1.000000e+02, 9.391941e+01
1.000000e+02, 9.446898e+01
1.000000e+02, 9.502281e+01
1.000000e+02, 9.558096e+01
1.000000e+02, 9.614349e+01
1.000000e+02, 9.671049e+01
1.000000e+02, 9.728203e+01
1.000000e+02, 9.785819e+01
1.000000e+02, 9.843904e+01
1.000000e+02, 9.902466e+01
1.000000e+02, 9.961515e+01
1.000000e+02, 1.002106e+02
1.000000e+02, 1.008111e+02
1.000000e+02, 1.014167e+02
1.000000e+02, 1.020275e+02
1.000000e+02, 1.026437e+02
1.000000e+02, 1.032653e+02
1.000000e+02, 1.038925e+02
1.000000e+02, 1.045253e+02
1.000000e+02, 1.051639e+02
1.000000e+02, 1.058083e+02
1.000000e+02, 1.064588e+02
1.000000e+02, 1.071154e+02
1.000000e+02, 1.077783e+02
1.000000e+02, 1.084476e+02
1.000000e+02, 1.091234e+02
1.000000e+02, 1.098060e+02
1.000000e+02, 1.104954e+02
1.000000e+02, 1.111918e+02
1.000000e+02, 1.118955e+02
1.000000e+02, 1.126065e+02
1.000000e+02, 1.133250e+02
1.000000e+02, 1.140513e+02
1.000000e+02, 1.147856e+02
1.000000e+02, 1.155280e+02
1.000000e+02, 1.162788e+02
1.000000e+02, 1.170382e+02
1.000000e+02, 1.178065e+02
1.000000e+02, 1.185839e+02
1.000000e+02, 1.193706e+02
1.000000e+02, 1.201670e+02
1.000000e+02, 1.209734e+02
1.000000e+02, 1.217901e+02
1.000000e+02, 1.226173e+02
1.000000e+02, 1.234556e+02
1.000000e+02, 1.243051e+02
1.000000e+02, 1.251664e+02
1.000000e+02, 1.260398e+02
1.000000e+02, 1.269258e+02
1.000000e+02, 1.278249e+02
1.000000e+02, 1.287376e+02
1.000000e+02, 1.296643e+02
1.000000e+02, 1.306057e+02
1.000000e+02, 1.315625e+02
1.000000e+02, 1.325352e+02
1.000000e+02, 1.335245e+02
1.000000e+02, 1.345314e+02
1.000000e+02, 1.355566e+02
1.000000e+02, 1.366009e+02
1.000000e+02, 1.376655e+02
1.000000e+02, 1.387513e+02
1.000000e+02, 1.398597e+02
1.000000e+02, 1.409917e+02
1.000000e+02, 1.421490e+02
1.000000e+02, 1.433331e+02
1.000000e+02, 1.445457e+02
1.000000e+02, 1.457888e+02
1.000000e+02, 1.470647e+02
1.000000e+02, 1.483759e+02
1.000000e+02, 1.497251e+02
1.000000e+02, 1.511156e+02
1.000000e+02, 1.525513e+02
1.000000e+02, 1.540365e+02
1.000000e+02, 1.555763e+02
1.000000e+02, 1.571768e+02
1.000000e+02, 1.588455e+02
1.000000e+02, 1.605914e+02
1.000000e+02, 1.624256e+02
1.000000e+02, 1.643625e+02
1.000000e+02, 1.664208e+02
1.000000e+02, 1.686258e+02
1.000000e+02, 1.710130e+02
1.000000e+02, 1.736354e+02
1.000000e+02, 1.765788e+02
1.000000e+02, 1.800000e+02
##END= 