##TITLE= /opt/topspin3.0/exp/stan/nmr/lists/wave/user/HypSec_trunc2.84_110
##JCAMP-DX= 5.00 Bruker JCAMP library
##DATA TYPE= Shape Data
##ORIGIN= Bruker BioSpin GmbH
##OWNER= <nmrsu>
##DATE= 15/02/24
##TIME= 16:15:04
##MINX= 1.164538e+01
##MAXX= 9.999960e+01
##MINY= 2.546774e-02
##MAXY= 3.585574e+02
##$SHAPE_EXMODE= Adiabatic
##$SHAPE_TOTROT= 1.800000e+02
##$SHAPE_BWFAC= 1.929340e+02
##$SHAPE_INTEGFAC= 2.356110e-02
##$SHAPE_MODE= 0
##NPOINTS= 1000
##XYPOINTS= (XY..XY)
1.000000e+02, 1.800000e+02
1.000000e+02, 1.724269e+02
1.000000e+02, 1.659114e+02
1.000000e+02, 1.601064e+02
1.000000e+02, 1.548222e+02
1.000000e+02, 1.499413e+02
1.000000e+02, 1.453850e+02
1.000000e+02, 1.410974e+02
1.000000e+02, 1.370372e+02
1.000000e+02, 1.331726e+02
1.000000e+02, 1.294788e+02
1.000000e+02, 1.259358e+02
1.000000e+02, 1.225274e+02
1.000000e+02, 1.192398e+02
1.000000e+02, 1.160618e+02
1.000000e+02, 1.129837e+02
1.000000e+02, 1.099970e+02
1.000000e+02, 1.070947e+02
1.000000e+02, 1.042704e+02
1.000000e+02, 1.015186e+02
1.000000e+02, 9.883439e+01
1.000000e+02, 9.621335e+01
1.000000e+02, 9.365160e+01
1.000000e+02, 9.114564e+01
1.000000e+02, 8.869228e+01
1.000000e+02, 8.628865e+01
1.000000e+02, 8.393213e+01
1.000000e+02, 8.162033e+01
1.000000e+02, 7.935106e+01
1.000000e+02, 7.712230e+01
1.000000e+02, 7.493219e+01
1.000000e+02, 7.277902e+01
1.000000e+02, 7.066121e+01
1.000000e+02, 6.857727e+01
1.000000e+02, 6.652584e+01
1.000000e+02, 6.450563e+01
1.000000e+02, 6.251546e+01
1.000000e+02, 6.055419e+01
1.000000e+02, 5.862079e+01
1.000000e+02, 5.671427e+01
1.000000e+02, 5.483370e+01
1.000000e+02, 5.297821e+01
1.000000e+02, 5.114697e+01
1.000000e+02, 4.933922e+01
1.000000e+02, 4.755422e+01
1.000000e+02, 4.579126e+01
1.000000e+02, 4.404970e+01
1.000000e+02, 4.232890e+01
1.000000e+02, 4.062828e+01
1.000000e+02, 3.894726e+01
1.000000e+02, 3.728530e+01
1.000000e+02, 3.564190e+01
1.000000e+02, 3.401656e+01
1.000000e+02, 3.240882e+01
1.000000e+02, 3.081823e+01
1.000000e+02, 2.924436e+01
1.000000e+02, 2.768680e+01
1.000000e+02, 2.614517e+01
1.000000e+02, 2.461908e+01
1.000000e+02, 2.310818e+01
1.000000e+02, 2.161213e+01
1.000000e+02, 2.013058e+01
1.000000e+02, 1.866323e+01
1.000000e+02, 1.720976e+01
1.000000e+02, 1.576988e+01
1.000000e+02, 1.434330e+01
1.000000e+02, 1.292976e+01
1.000000e+02, 1.152898e+01
1.000000e+02, 1.014072e+01
1.000000e+02, 8.764726e+00
1.000000e+02, 7.400760e+00
1.000000e+02, 6.048595e+00
1.000000e+02, 4.708009e+00
1.000000e+02, 3.378789e+00
1.000000e+02, 2.060727e+00
1.000000e+02, 7.536224e-01
1.000000e+02, 3.594573e+02
1.000000e+02, 3.581715e+02
1.000000e+02, 3.568961e+02
1.000000e+02, 3.556310e+02
1.000000e+02, 3.543759e+02
1.000000e+02, 3.531307e+02
1.000000e+02, 3.518951e+02
1.000000e+02, 3.506692e+02
1.000000e+02, 3.494527e+02
1.000000e+02, 3.482454e+02
1.000000e+02, 3.470472e+02
1.000000e+02, 3.458581e+02
1.000000e+02, 3.446777e+02
1.000000e+02, 3.435061e+02
1.000000e+02, 3.423431e+02
1.000000e+02, 3.411885e+02
1.000000e+02, 3.400423e+02
1.000000e+02, 3.389042e+02
1.000000e+02, 3.377743e+02
1.000000e+02, 3.366524e+02
1.000000e+02, 3.355383e+02
1.000000e+02, 3.344321e+02
1.000000e+02, 3.333335e+02
1.000000e+02, 3.322424e+02
1.000000e+02, 3.311589e+02
1.000000e+02, 3.300827e+02
1.000000e+02, 3.290138e+02
1.000000e+02, 3.279521e+02
1.000000e+02, 3.268974e+02
1.000000e+02, 3.258498e+02
1.000000e+02, 3.248091e+02
1.000000e+02, 3.237752e+02
1.000000e+02, 3.227481e+02
1.000000e+02, 3.217277e+02
1.000000e+02, 3.207139e+02
1.000000e+02, 3.197065e+02
1.000000e+02, 3.187057e+02
1.000000e+02, 3.177112e+02
1.000000e+02, 3.167230e+02
1.000000e+02, 3.157410e+02
1.000000e+02, 3.147652e+02
1.000000e+02, 3.137955e+02
1.000000e+02, 3.128318e+02
1.000000e+02, 3.118740e+02
1.000000e+02, 3.109222e+02
1.000000e+02, 3.099762e+02
1.000000e+02, 3.090360e+02
1.000000e+02, 3.081014e+02
1.000000e+02, 3.071726e+02
1.000000e+02, 3.062493e+02
1.000000e+02, 3.053316e+02
1.000000e+02, 3.044194e+02
1.000000e+02, 3.035126e+02
1.000000e+02, 3.026112e+02
1.000000e+02, 3.017151e+02
1.000000e+02, 3.008243e+02
1.000000e+02, 2.999387e+02
1.000000e+02, 2.990583e+02
1.000000e+02, 2.981831e+02
1.000000e+02, 2.973129e+02
1.000000e+02, 2.964477e+02
1.000000e+02, 2.955876e+02
1.000000e+02, 2.947323e+02
1.000000e+02, 2.938820e+02
1.000000e+02, 2.930365e+02
1.000000e+02, 2.921959e+02
1.000000e+02, 2.913600e+02
1.000000e+02, 2.905289e+02
1.000000e+02, 2.897024e+02
1.000000e+02, 2.888806e+02
1.000000e+02, 2.880634e+02
1.000000e+02, 2.872508e+02
1.000000e+02, 2.864427e+02
1.000000e+02, 2.856391e+02
1.000000e+02, 2.848400e+02
1.000000e+02, 2.840453e+02
1.000000e+02, 2.832550e+02
1.000000e+02, 2.824690e+02
1.000000e+02, 2.816874e+02
1.000000e+02, 2.809100e+02
1.000000e+02, 2.801370e+02
1.000000e+02, 2.793681e+02
1.000000e+02, 2.786034e+02
1.000000e+02, 2.778429e+02
1.000000e+02, 2.770865e+02
1.000000e+02, 2.763342e+02
1.000000e+02, 2.755859e+02
1.000000e+02, 2.748417e+02
1.000000e+02, 2.741015e+02
1.000000e+02, 2.733653e+02
1.000000e+02, 2.726330e+02
1.000000e+02, 2.719046e+02
1.000000e+02, 2.711802e+02
1.000000e+02, 2.704596e+02
1.000000e+02, 2.697428e+02
1.000000e+02, 2.690299e+02
1.000000e+02, 2.683207e+02
1.000000e+02, 2.676153e+02
1.000000e+02, 2.669136e+02
1.000000e+02, 2.662157e+02
1.000000e+02, 2.655214e+02
1.000000e+02, 2.648308e+02
1.000000e+02, 2.641438e+02
1.000000e+02, 2.634604e+02
1.000000e+02, 2.627806e+02
1.000000e+02, 2.621044e+02
1.000000e+02, 2.614318e+02
1.000000e+02, 2.607626e+02
1.000000e+02, 2.600970e+02
1.000000e+02, 2.594348e+02
1.000000e+02, 2.587761e+02
1.000000e+02, 2.581209e+02
1.000000e+02, 2.574690e+02
1.000000e+02, 2.568205e+02
1.000000e+02, 2.561755e+02
1.000000e+02, 2.555337e+02
1.000000e+02, 2.548953e+02
1.000000e+02, 2.542602e+02
1.000000e+02, 2.536284e+02
1.000000e+02, 2.529999e+02
1.000000e+02, 2.523747e+02
1.000000e+02, 2.517527e+02
1.000000e+02, 2.511339e+02
1.000000e+02, 2.505183e+02
1.000000e+02, 2.499058e+02
1.000000e+02, 2.492966e+02
1.000000e+02, 2.486905e+02
1.000000e+02, 2.480875e+02
1.000000e+02, 2.474877e+02
1.000000e+02, 2.468909e+02
1.000000e+02, 2.462973e+02
1.000000e+02, 2.457067e+02
1.000000e+02, 2.451191e+02
1.000000e+02, 2.445346e+02
1.000000e+02, 2.439531e+02
1.000000e+02, 2.433746e+02
1.000000e+02, 2.427991e+02
1.000000e+02, 2.422265e+02
1.000000e+02, 2.416569e+02
1.000000e+02, 2.410903e+02
1.000000e+02, 2.405266e+02
1.000000e+02, 2.399658e+02
1.000000e+02, 2.394079e+02
1.000000e+02, 2.388528e+02
1.000000e+02, 2.383007e+02
1.000000e+02, 2.377514e+02
1.000000e+02, 2.372049e+02
1.000000e+02, 2.366613e+02
1.000000e+02, 2.361205e+02
1.000000e+02, 2.355825e+02
1.000000e+02, 2.350472e+02
1.000000e+02, 2.345148e+02
1.000000e+02, 2.339851e+02
1.000000e+02, 2.334582e+02
1.000000e+02, 2.329340e+02
1.000000e+02, 2.324125e+02
1.000000e+02, 2.318937e+02
1.000000e+02, 2.313777e+02
1.000000e+02, 2.308643e+02
1.000000e+02, 2.303536e+02
1.000000e+02, 2.298456e+02
1.000000e+02, 2.293402e+02
1.000000e+02, 2.288375e+02
1.000000e+02, 2.283374e+02
1.000000e+02, 2.278399e+02
1.000000e+02, 2.273451e+02
1.000000e+02, 2.268528e+02
1.000000e+02, 2.263631e+02
1.000000e+02, 2.258760e+02
1.000000e+02, 2.253915e+02
1.000000e+02, 2.249095e+02
1.000000e+02, 2.244301e+02
1.000000e+02, 2.239532e+02
1.000000e+02, 2.234788e+02
1.000000e+02, 2.230069e+02
1.000000e+02, 2.225376e+02
1.000000e+02, 2.220707e+02
1.000000e+02, 2.216063e+02
1.000000e+02, 2.211444e+02
1.000000e+02, 2.206850e+02
1.000000e+02, 2.202280e+02
1.000000e+02, 2.197735e+02
1.000000e+02, 2.193214e+02
1.000000e+02, 2.188717e+02
1.000000e+02, 2.184245e+02
1.000000e+02, 2.179797e+02
1.000000e+02, 2.175372e+02
1.000000e+02, 2.170972e+02
1.000000e+02, 2.166596e+02
1.000000e+02, 2.162243e+02
1.000000e+02, 2.157914e+02
1.000000e+02, 2.153608e+02
1.000000e+02, 2.149326e+02
1.000000e+02, 2.145068e+02
1.000000e+02, 2.140833e+02
1.000000e+02, 2.136621e+02
1.000000e+02, 2.132432e+02
1.000000e+02, 2.128267e+02
1.000000e+02, 2.124124e+02
1.000000e+02, 2.120004e+02
1.000000e+02, 2.115908e+02
1.000000e+02, 2.111834e+02
1.000000e+02, 2.107782e+02
1.000000e+02, 2.103754e+02
1.000000e+02, 2.099748e+02
1.000000e+02, 2.095764e+02
1.000000e+02, 2.091803e+02
1.000000e+02, 2.087865e+02
1.000000e+02, 2.083948e+02
1.000000e+02, 2.080054e+02
1.000000e+02, 2.076182e+02
1.000000e+02, 2.072332e+02
1.000000e+02, 2.068504e+02
1.000000e+02, 2.064698e+02
1.000000e+02, 2.060914e+02
1.000000e+02, 2.057151e+02
1.000000e+02, 2.053411e+02
1.000000e+02, 2.049692e+02
1.000000e+02, 2.045994e+02
1.000000e+02, 2.042319e+02
1.000000e+02, 2.038664e+02
1.000000e+02, 2.035032e+02
1.000000e+02, 2.031420e+02
1.000000e+02, 2.027830e+02
1.000000e+02, 2.024261e+02
1.000000e+02, 2.020713e+02
1.000000e+02, 2.017187e+02
1.000000e+02, 2.013681e+02
1.000000e+02, 2.010196e+02
1.000000e+02, 2.006733e+02
1.000000e+02, 2.003290e+02
1.000000e+02, 1.999868e+02
1.000000e+02, 1.996467e+02
1.000000e+02, 1.993087e+02
1.000000e+02, 1.989727e+02
1.000000e+02, 1.986388e+02
1.000000e+02, 1.983069e+02
1.000000e+02, 1.979771e+02
1.000000e+02, 1.976494e+02
1.000000e+02, 1.973236e+02
1.000000e+02, 1.969999e+02
1.000000e+02, 1.966783e+02
1.000000e+02, 1.963587e+02
1.000000e+02, 1.960410e+02
1.000000e+02, 1.957254e+02
1.000000e+02, 1.954119e+02
1.000000e+02, 1.951003e+02
1.000000e+02, 1.947907e+02
1.000000e+02, 1.944831e+02
1.000000e+02, 1.941775e+02
1.000000e+02, 1.938739e+02
1.000000e+02, 1.935723e+02
1.000000e+02, 1.932726e+02
1.000000e+02, 1.929749e+02
1.000000e+02, 1.926792e+02
1.000000e+02, 1.923855e+02
1.000000e+02, 1.920937e+02
1.000000e+02, 1.918038e+02
1.000000e+02, 1.915159e+02
1.000000e+02, 1.912300e+02
1.000000e+02, 1.909460e+02
1.000000e+02, 1.906639e+02
1.000000e+02, 1.903838e+02
1.000000e+02, 1.901055e+02
1.000000e+02, 1.898293e+02
1.000000e+02, 1.895549e+02
1.000000e+02, 1.892824e+02
1.000000e+02, 1.890119e+02
1.000000e+02, 1.887433e+02
1.000000e+02, 1.884765e+02
1.000000e+02, 1.882117e+02
1.000000e+02, 1.879488e+02
1.000000e+02, 1.876878e+02
1.000000e+02, 1.874286e+02
1.000000e+02, 1.871713e+02
1.000000e+02, 1.869160e+02
1.000000e+02, 1.866625e+02
1.000000e+02, 1.864108e+02
1.000000e+02, 1.861611e+02
1.000000e+02, 1.859132e+02
1.000000e+02, 1.856672e+02
1.000000e+02, 1.854230e+02
1.000000e+02, 1.851807e+02
1.000000e+02, 1.849402e+02
1.000000e+02, 1.847016e+02
1.000000e+02, 1.844648e+02
1.000000e+02, 1.842299e+02
1.000000e+02, 1.839968e+02
1.000000e+02, 1.837656e+02
1.000000e+02, 1.835362e+02
1.000000e+02, 1.833086e+02
1.000000e+02, 1.830829e+02
1.000000e+02, 1.828589e+02
1.000000e+02, 1.826368e+02
1.000000e+02, 1.824165e+02
1.000000e+02, 1.821981e+02
1.000000e+02, 1.819814e+02
1.000000e+02, 1.817665e+02
1.000000e+02, 1.815535e+02
1.000000e+02, 1.813422e+02
1.000000e+02, 1.811328e+02
1.000000e+02, 1.809252e+02
1.000000e+02, 1.807193e+02
1.000000e+02, 1.805152e+02
1.000000e+02, 1.803130e+02
1.000000e+02, 1.801125e+02
1.000000e+02, 1.799138e+02
1.000000e+02, 1.797169e+02
1.000000e+02, 1.795217e+02
1.000000e+02, 1.793284e+02
1.000000e+02, 1.791368e+02
1.000000e+02, 1.789469e+02
1.000000e+02, 1.787589e+02
1.000000e+02, 1.785726e+02
1.000000e+02, 1.783881e+02
1.000000e+02, 1.782053e+02
1.000000e+02, 1.780243e+02
1.000000e+02, 1.778451e+02
1.000000e+02, 1.776676e+02
1.000000e+02, 1.774918e+02
1.000000e+02, 1.773178e+02
1.000000e+02, 1.771456e+02
1.000000e+02, 1.769751e+02
1.000000e+02, 1.768063e+02
1.000000e+02, 1.766393e+02
1.000000e+02, 1.764740e+02
1.000000e+02, 1.763105e+02
1.000000e+02, 1.761486e+02
1.000000e+02, 1.759886e+02
1.000000e+02, 1.758302e+02
1.000000e+02, 1.756736e+02
1.000000e+02, 1.755187e+02
1.000000e+02, 1.753655e+02
1.000000e+02, 1.752141e+02
1.000000e+02, 1.750643e+02
1.000000e+02, 1.749163e+02
1.000000e+02, 1.747700e+02
1.000000e+02, 1.746254e+02
1.000000e+02, 1.744826e+02
1.000000e+02, 1.743414e+02
1.000000e+02, 1.742020e+02
1.000000e+02, 1.740642e+02
1.000000e+02, 1.739282e+02
1.000000e+02, 1.737938e+02
1.000000e+02, 1.736612e+02
1.000000e+02, 1.735303e+02
1.000000e+02, 1.734010e+02
1.000000e+02, 1.732735e+02
1.000000e+02, 1.731477e+02
1.000000e+02, 1.730235e+02
1.000000e+02, 1.729011e+02
1.000000e+02, 1.727803e+02
1.000000e+02, 1.726612e+02
1.000000e+02, 1.725438e+02
1.000000e+02, 1.724281e+02
1.000000e+02, 1.723141e+02
1.000000e+02, 1.722018e+02
1.000000e+02, 1.720911e+02
1.000000e+02, 1.719822e+02
1.000000e+02, 1.718749e+02
1.000000e+02, 1.717693e+02
1.000000e+02, 1.716653e+02
1.000000e+02, 1.715631e+02
1.000000e+02, 1.714625e+02
1.000000e+02, 1.713636e+02
1.000000e+02, 1.712663e+02
1.000000e+02, 1.711708e+02
1.000000e+02, 1.710769e+02
1.000000e+02, 1.709846e+02
1.000000e+02, 1.708941e+02
1.000000e+02, 1.708052e+02
1.000000e+02, 1.707179e+02
1.000000e+02, 1.706324e+02
1.000000e+02, 1.705484e+02
1.000000e+02, 1.704662e+02
1.000000e+02, 1.703856e+02
1.000000e+02, 1.703067e+02
1.000000e+02, 1.702294e+02
1.000000e+02, 1.701538e+02
1.000000e+02, 1.700799e+02
1.000000e+02, 1.700076e+02
1.000000e+02, 1.699369e+02
1.000000e+02, 1.698680e+02
1.000000e+02, 1.698006e+02
1.000000e+02, 1.697349e+02
1.000000e+02, 1.696709e+02
1.000000e+02, 1.696085e+02
1.000000e+02, 1.695478e+02
1.000000e+02, 1.694887e+02
1.000000e+02, 1.694313e+02
1.000000e+02, 1.693755e+02
1.000000e+02, 1.693214e+02
1.000000e+02, 1.692689e+02
1.000000e+02, 1.692181e+02
1.000000e+02, 1.691689e+02
1.000000e+02, 1.691214e+02
1.000000e+02, 1.690755e+02
1.000000e+02, 1.690312e+02
1.000000e+02, 1.689886e+02
1.000000e+02, 1.689476e+02
1.000000e+02, 1.689083e+02
1.000000e+02, 1.688706e+02
1.000000e+02, 1.688346e+02
1.000000e+02, 1.688002e+02
1.000000e+02, 1.687674e+02
1.000000e+02, 1.687363e+02
1.000000e+02, 1.687068e+02
1.000000e+02, 1.686790e+02
1.000000e+02, 1.686528e+02
1.000000e+02, 1.686282e+02
1.000000e+02, 1.686053e+02
1.000000e+02, 1.685840e+02
1.000000e+02, 1.685644e+02
1.000000e+02, 1.685463e+02
1.000000e+02, 1.685300e+02
1.000000e+02, 1.685152e+02
1.000000e+02, 1.685021e+02
1.000000e+02, 1.684907e+02
1.000000e+02, 1.684809e+02
1.000000e+02, 1.684727e+02
1.000000e+02, 1.684661e+02
1.000000e+02, 1.684612e+02
1.000000e+02, 1.684580e+02
1.000000e+02, 1.684563e+02
1.000000e+02, 1.684563e+02
1.000000e+02, 1.684580e+02
1.000000e+02, 1.684612e+02
1.000000e+02, 1.684661e+02
1.000000e+02, 1.684727e+02
1.000000e+02, 1.684809e+02
1.000000e+02, 1.684907e+02
1.000000e+02, 1.685021e+02
1.000000e+02, 1.685152e+02
1.000000e+02, 1.685300e+02
1.000000e+02, 1.685463e+02
1.000000e+02, 1.685644e+02
1.000000e+02, 1.685840e+02
1.000000e+02, 1.686053e+02
1.000000e+02, 1.686282e+02
1.000000e+02, 1.686528e+02
1.000000e+02, 1.686790e+02
1.000000e+02, 1.687068e+02
1.000000e+02, 1.687363e+02
1.000000e+02, 1.687674e+02
1.000000e+02, 1.688002e+02
1.000000e+02, 1.688346e+02
1.000000e+02, 1.688706e+02
1.000000e+02, 1.689083e+02
1.000000e+02, 1.689476e+02
1.000000e+02, 1.689886e+02
1.000000e+02, 1.690312e+02
1.000000e+02, 1.690755e+02
1.000000e+02, 1.691214e+02
1.000000e+02, 1.691689e+02
1.000000e+02, 1.692181e+02
1.000000e+02, 1.692689e+02
1.000000e+02, 1.693214e+02
1.000000e+02, 1.693755e+02
1.000000e+02, 1.694313e+02
1.000000e+02, 1.694887e+02
1.000000e+02, 1.695478e+02
1.000000e+02, 1.696085e+02
1.000000e+02, 1.696709e+02
1.000000e+02, 1.697349e+02
1.000000e+02, 1.698006e+02
1.000000e+02, 1.698680e+02
1.000000e+02, 1.699369e+02
1.000000e+02, 1.700076e+02
1.000000e+02, 1.700799e+02
1.000000e+02, 1.701538e+02
1.000000e+02, 1.702294e+02
1.000000e+02, 1.703067e+02
1.000000e+02, 1.703856e+02
1.000000e+02, 1.704662e+02
1.000000e+02, 1.705484e+02
1.000000e+02, 1.706324e+02
1.000000e+02, 1.707179e+02
1.000000e+02, 1.708052e+02
1.000000e+02, 1.708941e+02
1.000000e+02, 1.709846e+02
1.000000e+02, 1.710769e+02
1.000000e+02, 1.711708e+02
1.000000e+02, 1.712663e+02
1.000000e+02, 1.713636e+02
1.000000e+02, 1.714625e+02
1.000000e+02, 1.715631e+02
1.000000e+02, 1.716653e+02
1.000000e+02, 1.717693e+02
1.000000e+02, 1.718749e+02
1.000000e+02, 1.719822e+02
1.000000e+02, 1.720911e+02
1.000000e+02, 1.722018e+02
1.000000e+02, 1.723141e+02
1.000000e+02, 1.724281e+02
1.000000e+02, 1.725438e+02
1.000000e+02, 1.726612e+02
1.000000e+02, 1.727803e+02
1.000000e+02, 1.729011e+02
1.000000e+02, 1.730235e+02
1.000000e+02, 1.731477e+02
1.000000e+02, 1.732735e+02
1.000000e+02, 1.734010e+02
1.000000e+02, 1.735303e+02
1.000000e+02, 1.736612e+02
1.000000e+02, 1.737938e+02
1.000000e+02, 1.739282e+02
1.000000e+02, 1.740642e+02
1.000000e+02, 1.742020e+02
1.000000e+02, 1.743414e+02
1.000000e+02, 1.744826e+02
1.000000e+02, 1.746254e+02
1.000000e+02, 1.747700e+02
1.000000e+02, 1.749163e+02
1.000000e+02, 1.750643e+02
1.000000e+02, 1.752141e+02
1.000000e+02, 1.753655e+02
1.000000e+02, 1.755187e+02
1.000000e+02, 1.756736e+02
1.000000e+02, 1.758302e+02
1.000000e+02, 1.759886e+02
1.000000e+02, 1.761486e+02
1.000000e+02, 1.763105e+02
1.000000e+02, 1.764740e+02
1.000000e+02, 1.766393e+02
1.000000e+02, 1.768063e+02
1.000000e+02, 1.769751e+02
1.000000e+02, 1.771456e+02
1.000000e+02, 1.773178e+02
1.000000e+02, 1.774918e+02
1.000000e+02, 1.776676e+02
1.000000e+02, 1.778451e+02
1.000000e+02, 1.780243e+02
1.000000e+02, 1.782053e+02
1.000000e+02, 1.783881e+02
1.000000e+02, 1.785726e+02
1.000000e+02, 1.787589e+02
1.000000e+02, 1.789469e+02
1.000000e+02, 1.791368e+02
1.000000e+02, 1.793284e+02
1.000000e+02, 1.795217e+02
1.000000e+02, 1.797169e+02
1.000000e+02, 1.799138e+02
1.000000e+02, 1.801125e+02
1.000000e+02, 1.803130e+02
1.000000e+02, 1.805152e+02
1.000000e+02, 1.807193e+02
1.000000e+02, 1.809252e+02
1.000000e+02, 1.811328e+02
1.000000e+02, 1.813422e+02
1.000000e+02, 1.815535e+02
1.000000e+02, 1.817665e+02
1.000000e+02, 1.819814e+02
1.000000e+02, 1.821981e+02
1.000000e+02, 1.824165e+02
1.000000e+02, 1.826368e+02
1.000000e+02, 1.828589e+02
1.000000e+02, 1.830829e+02
1.000000e+02, 1.833086e+02
1.000000e+02, 1.835362e+02
1.000000e+02, 1.837656e+02
1.000000e+02, 1.839968e+02
1.000000e+02, 1.842299e+02
1.000000e+02, 1.844648e+02
1.000000e+02, 1.847016e+02
1.000000e+02, 1.849402e+02
1.000000e+02, 1.851807e+02
1.000000e+02, 1.854230e+02
1.000000e+02, 1.856672e+02
1.000000e+02, 1.859132e+02
1.000000e+02, 1.861611e+02
1.000000e+02, 1.864108e+02
1.000000e+02, 1.866625e+02
1.000000e+02, 1.869160e+02
1.000000e+02, 1.871713e+02
1.000000e+02, 1.874286e+02
1.000000e+02, 1.876878e+02
1.000000e+02, 1.879488e+02
1.000000e+02, 1.882117e+02
1.000000e+02, 1.884765e+02
1.000000e+02, 1.887433e+02
1.000000e+02, 1.890119e+02
1.000000e+02, 1.892824e+02
1.000000e+02, 1.895549e+02
1.000000e+02, 1.898293e+02
1.000000e+02, 1.901055e+02
1.000000e+02, 1.903838e+02
1.000000e+02, 1.906639e+02
1.000000e+02, 1.909460e+02
1.000000e+02, 1.912300e+02
1.000000e+02, 1.915159e+02
1.000000e+02, 1.918038e+02
1.000000e+02, 1.920937e+02
1.000000e+02, 1.923855e+02
1.000000e+02, 1.926792e+02
1.000000e+02, 1.929749e+02
1.000000e+02, 1.932726e+02
1.000000e+02, 1.935723e+02
1.000000e+02, 1.938739e+02
1.000000e+02, 1.941775e+02
1.000000e+02, 1.944831e+02
1.000000e+02, 1.947907e+02
1.000000e+02, 1.951003e+02
1.000000e+02, 1.954119e+02
1.000000e+02, 1.957255e+02
1.000000e+02, 1.960410e+02
1.000000e+02, 1.963587e+02
1.000000e+02, 1.966783e+02
1.000000e+02, 1.969999e+02
1.000000e+02, 1.973236e+02
1.000000e+02, 1.976494e+02
1.000000e+02, 1.979771e+02
1.000000e+02, 1.983069e+02
1.000000e+02, 1.986388e+02
1.000000e+02, 1.989727e+02
1.000000e+02, 1.993087e+02
1.000000e+02, 1.996467e+02
1.000000e+02, 1.999868e+02
1.000000e+02, 2.003290e+02
1.000000e+02, 2.006733e+02
1.000000e+02, 2.010196e+02
1.000000e+02, 2.013681e+02
1.000000e+02, 2.017187e+02
1.000000e+02, 2.020713e+02
1.000000e+02, 2.024261e+02
1.000000e+02, 2.027830e+02
1.000000e+02, 2.031420e+02
1.000000e+02, 2.035032e+02
1.000000e+02, 2.038664e+02
1.000000e+02, 2.042319e+02
1.000000e+02, 2.045994e+02
1.000000e+02, 2.049692e+02
1.000000e+02, 2.053411e+02
1.000000e+02, 2.057151e+02
1.000000e+02, 2.060914e+02
1.000000e+02, 2.064698e+02
1.000000e+02, 2.068504e+02
1.000000e+02, 2.072332e+02
1.000000e+02, 2.076182e+02
1.000000e+02, 2.080054e+02
1.000000e+02, 2.083948e+02
1.000000e+02, 2.087865e+02
1.000000e+02, 2.091803e+02
1.000000e+02, 2.095764e+02
1.000000e+02, 2.099748e+02
1.000000e+02, 2.103754e+02
1.000000e+02, 2.107782e+02
1.000000e+02, 2.111834e+02
1.000000e+02, 2.115908e+02
1.000000e+02, 2.120004e+02
1.000000e+02, 2.124124e+02
1.000000e+02, 2.128267e+02
1.000000e+02, 2.132432e+02
1.000000e+02, 2.136621e+02
1.000000e+02, 2.140833e+02
1.000000e+02, 2.145068e+02
1.000000e+02, 2.149326e+02
1.000000e+02, 2.153608e+02
1.000000e+02, 2.157914e+02
1.000000e+02, 2.162243e+02
1.000000e+02, 2.166596e+02
1.000000e+02, 2.170972e+02
1.000000e+02, 2.175372e+02
1.000000e+02, 2.179797e+02
1.000000e+02, 2.184245e+02
1.000000e+02, 2.188717e+02
1.000000e+02, 2.193214e+02
1.000000e+02, 2.197735e+02
1.000000e+02, 2.202280e+02
1.000000e+02, 2.206850e+02
1.000000e+02, 2.211444e+02
1.000000e+02, 2.216063e+02
1.000000e+02, 2.220707e+02
1.000000e+02, 2.225376e+02
1.000000e+02, 2.230069e+02
1.000000e+02, 2.234788e+02
1.000000e+02, 2.239532e+02
1.000000e+02, 2.244301e+02
1.000000e+02, 2.249095e+02
1.000000e+02, 2.253915e+02
1.000000e+02, 2.258760e+02
1.000000e+02, 2.263631e+02
1.000000e+02, 2.268528e+02
1.000000e+02, 2.273451e+02
1.000000e+02, 2.278399e+02
1.000000e+02, 2.283374e+02
1.000000e+02, 2.288375e+02
1.000000e+02, 2.293402e+02
1.000000e+02, 2.298456e+02
1.000000e+02, 2.303536e+02
1.000000e+02, 2.308643e+02
1.000000e+02, 2.313777e+02
1.000000e+02, 2.318937e+02
1.000000e+02, 2.324125e+02
1.000000e+02, 2.329340e+02
1.000000e+02, 2.334582e+02
1.000000e+02, 2.339851e+02
1.000000e+02, 2.345148e+02
1.000000e+02, 2.350472e+02
1.000000e+02, 2.355825e+02
1.000000e+02, 2.361205e+02
1.000000e+02, 2.366613e+02
1.000000e+02, 2.372049e+02
1.000000e+02, 2.377514e+02
1.000000e+02, 2.383007e+02
1.000000e+02, 2.388528e+02
1.000000e+02, 2.394079e+02
1.000000e+02, 2.399658e+02
1.000000e+02, 2.405266e+02
1.000000e+02, 2.410903e+02
1.000000e+02, 2.416569e+02
1.000000e+02, 2.422265e+02
1.000000e+02, 2.427991e+02
1.000000e+02, 2.433746e+02
1.000000e+02, 2.439531e+02
1.000000e+02, 2.445346e+02
1.000000e+02, 2.451191e+02
1.000000e+02, 2.457067e+02
1.000000e+02, 2.462973e+02
1.000000e+02, 2.468909e+02
1.000000e+02, 2.474877e+02
1.000000e+02, 2.480875e+02
1.000000e+02, 2.486905e+02
1.000000e+02, 2.492966e+02
1.000000e+02, 2.499058e+02
1.000000e+02, 2.505183e+02
1.000000e+02, 2.511339e+02
1.000000e+02, 2.517527e+02
1.000000e+02, 2.523747e+02
1.000000e+02, 2.529999e+02
1.000000e+02, 2.536284e+02
1.000000e+02, 2.542602e+02
1.000000e+02, 2.548953e+02
1.000000e+02, 2.555337e+02
1.000000e+02, 2.561755e+02
1.000000e+02, 2.568205e+02
1.000000e+02, 2.574690e+02
1.000000e+02, 2.581209e+02
1.000000e+02, 2.587761e+02
1.000000e+02, 2.594348e+02
1.000000e+02, 2.600970e+02
1.000000e+02, 2.607626e+02
1.000000e+02, 2.614318e+02
1.000000e+02, 2.621044e+02
1.000000e+02, 2.627807e+02
1.000000e+02, 2.634604e+02
1.000000e+02, 2.641438e+02
1.000000e+02, 2.648308e+02
1.000000e+02, 2.655214e+02
1.000000e+02, 2.662157e+02
1.000000e+02, 2.669136e+02
1.000000e+02, 2.676153e+02
1.000000e+02, 2.683207e+02
1.000000e+02, 2.690299e+02
1.000000e+02, 2.697428e+02
1.000000e+02, 2.704596e+02
1.000000e+02, 2.711802e+02
1.000000e+02, 2.719046e+02
1.000000e+02, 2.726330e+02
1.000000e+02, 2.733653e+02
1.000000e+02, 2.741015e+02
1.000000e+02, 2.748417e+02
1.000000e+02, 2.755859e+02
1.000000e+02, 2.763342e+02
1.000000e+02, 2.770865e+02
1.000000e+02, 2.778429e+02
1.000000e+02, 2.786034e+02
1.000000e+02, 2.793681e+02
1.000000e+02, 2.801370e+02
1.000000e+02, 2.809101e+02
1.000000e+02, 2.816874e+02
1.000000e+02, 2.824690e+02
1.000000e+02, 2.832550e+02
1.000000e+02, 2.840453e+02
1.000000e+02, 2.848400e+02
1.000000e+02, 2.856391e+02
1.000000e+02, 2.864427e+02
1.000000e+02, 2.872508e+02
1.000000e+02, 2.880634e+02
1.000000e+02, 2.888806e+02
1.000000e+02, 2.897024e+02
1.000000e+02, 2.905289e+02
1.000000e+02, 2.913600e+02
1.000000e+02, 2.921959e+02
1.000000e+02, 2.930366e+02
1.000000e+02, 2.938820e+02
1.000000e+02, 2.947323e+02
1.000000e+02, 2.955876e+02
1.000000e+02, 2.964477e+02
1.000000e+02, 2.973129e+02
1.000000e+02, 2.981831e+02
1.000000e+02, 2.990583e+02
1.000000e+02, 2.999387e+02
1.000000e+02, 3.008243e+02
1.000000e+02, 3.017151e+02
1.000000e+02, 3.026112e+02
1.000000e+02, 3.035126e+02
1.000000e+02, 3.044194e+02
1.000000e+02, 3.053316e+02
1.000000e+02, 3.062493e+02
1.000000e+02, 3.071726e+02
1.000000e+02, 3.081015e+02
1.000000e+02, 3.090360e+02
1.000000e+02, 3.099762e+02
1.000000e+02, 3.109222e+02
1.000000e+02, 3.118740e+02
1.000000e+02, 3.128318e+02
1.000000e+02, 3.137955e+02
1.000000e+02, 3.147652e+02
1.000000e+02, 3.157410e+02
1.000000e+02, 3.167230e+02
1.000000e+02, 3.177112e+02
1.000000e+02, 3.187057e+02
1.000000e+02, 3.197065e+02
1.000000e+02, 3.207139e+02
1.000000e+02, 3.217277e+02
1.000000e+02, 3.227481e+02
1.000000e+02, 3.237752e+02
1.000000e+02, 3.248091e+02
1.000000e+02, 3.258498e+02
1.000000e+02, 3.268974e+02
1.000000e+02, 3.279521e+02
1.000000e+02, 3.290138e+02
1.000000e+02, 3.300827e+02
1.000000e+02, 3.311589e+02
1.000000e+02, 3.322425e+02
1.000000e+02, 3.333335e+02
1.000000e+02, 3.344321e+02
1.000000e+02, 3.355384e+02
1.000000e+02, 3.366524e+02
1.000000e+02, 3.377743e+02
1.000000e+02, 3.389042e+02
1.000000e+02, 3.400423e+02
1.000000e+02, 3.411885e+02
1.000000e+02, 3.423431e+02
1.000000e+02, 3.435061e+02
1.000000e+02, 3.446777e+02
1.000000e+02, 3.458581e+02
1.000000e+02, 3.470472e+02
1.000000e+02, 3.482454e+02
1.000000e+02, 3.494527e+02
1.000000e+02, 3.506692e+02
1.000000e+02, 3.518952e+02
1.000000e+02, 3.531307e+02
1.000000e+02, 3.543759e+02
1.000000e+02, 3.556310e+02
1.000000e+02, 3.568962e+02
1.000000e+02, 3.581715e+02
1.000000e+02, 3.594573e+02
1.000000e+02, 7.536264e-01
1.000000e+02, 2.060731e+00
1.000000e+02, 3.378793e+00
1.000000e+02, 4.708013e+00
1.000000e+02, 6.048599e+00
1.000000e+02, 7.400764e+00
1.000000e+02, 8.764730e+00
1.000000e+02, 1.014073e+01
1.000000e+02, 1.152899e+01
1.000000e+02, 1.292977e+01
1.000000e+02, 1.434331e+01
1.000000e+02, 1.576988e+01
1.000000e+02, 1.720976e+01
1.000000e+02, 1.866323e+01
1.000000e+02, 2.013059e+01
1.000000e+02, 2.161213e+01
1.000000e+02, 2.310819e+01
1.000000e+02, 2.461909e+01
1.000000e+02, 2.614517e+01
1.000000e+02, 2.768681e+01
1.000000e+02, 2.924436e+01
1.000000e+02, 3.081823e+01
1.000000e+02, 3.240882e+01
1.000000e+02, 3.401656e+01
1.000000e+02, 3.564190e+01
1.000000e+02, 3.728531e+01
1.000000e+02, 3.894726e+01
1.000000e+02, 4.062828e+01
1.000000e+02, 4.232891e+01
1.000000e+02, 4.404971e+01
1.000000e+02, 4.579127e+01
1.000000e+02, 4.755422e+01
1.000000e+02, 4.933923e+01
1.000000e+02, 5.114698e+01
1.000000e+02, 5.297821e+01
1.000000e+02, 5.483370e+01
1.000000e+02, 5.671427e+01
1.000000e+02, 5.862079e+01
1.000000e+02, 6.055420e+01
1.000000e+02, 6.251546e+01
1.000000e+02, 6.450564e+01
1.000000e+02, 6.652585e+01
1.000000e+02, 6.857728e+01
1.000000e+02, 7.066121e+01
1.000000e+02, 7.277903e+01
1.000000e+02, 7.493219e+01
1.000000e+02, 7.712230e+01
1.000000e+02, 7.935106e+01
1.000000e+02, 8.162034e+01
1.000000e+02, 8.393214e+01
1.000000e+02, 8.628865e+01
1.000000e+02, 8.869228e+01
1.000000e+02, 9.114564e+01
1.000000e+02, 9.365161e+01
1.000000e+02, 9.621335e+01
1.000000e+02, 9.883439e+01
1.000000e+02, 1.015186e+02
1.000000e+02, 1.042705e+02
1.000000e+02, 1.070947e+02
1.000000e+02, 1.099970e+02
1.000000e+02, 1.129837e+02
1.000000e+02, 1.160618e+02
1.000000e+02, 1.192398e+02
1.000000e+02, 1.225274e+02
1.000000e+02, 1.259358e+02
1.000000e+02, 1.294788e+02
1.000000e+02, 1.331726e+02
1.000000e+02, 1.370372e+02
1.000000e+02, 1.410974e+02
1.000000e+02, 1.453850e+02
1.000000e+02, 1.499413e+02
1.000000e+02, 1.548222e+02
1.000000e+02, 1.601064e+02
1.000000e+02, 1.659114e+02
1.000000e+02, 1.724269e+02
1.000000e+02, 1.800000e+02
##END= 