##TITLE= /opt/topspin3.0/exp/stan/nmr/lists/wave/user/HypSec_trunc2.84_110
##JCAMP-DX= 5.00 Bruker JCAMP library
##DATA TYPE= Shape Data
##ORIGIN= Bruker BioSpin GmbH
##OWNER= <nmrsu>
##DATE= 15/02/24
##TIME= 16:15:04
##MINX= 1.164538e+01
##MAXX= 9.999960e+01
##MINY= 2.546774e-02
##MAXY= 3.585574e+02
##$SHAPE_EXMODE= Adiabatic
##$SHAPE_TOTROT= 1.800000e+02
##$SHAPE_BWFAC= 1.929340e+02
##$SHAPE_INTEGFAC= 2.356110e-02
##$SHAPE_MODE= 0
##NPOINTS= 1000
##XYPOINTS= (XY..XY)
1.000000e+02, 1.800000e+02
1.000000e+02, 1.718622e+02
1.000000e+02, 1.648609e+02
1.000000e+02, 1.586231e+02
1.000000e+02, 1.529449e+02
1.000000e+02, 1.477001e+02
1.000000e+02, 1.428040e+02
1.000000e+02, 1.381968e+02
1.000000e+02, 1.338338e+02
1.000000e+02, 1.296811e+02
1.000000e+02, 1.257119e+02
1.000000e+02, 1.219047e+02
1.000000e+02, 1.182421e+02
1.000000e+02, 1.147094e+02
1.000000e+02, 1.112945e+02
1.000000e+02, 1.079868e+02
1.000000e+02, 1.047775e+02
1.000000e+02, 1.016588e+02
1.000000e+02, 9.862394e+01
1.000000e+02, 9.566695e+01
1.000000e+02, 9.278257e+01
1.000000e+02, 8.996610e+01
1.000000e+02, 8.721334e+01
1.000000e+02, 8.452053e+01
1.000000e+02, 8.188425e+01
1.000000e+02, 7.930140e+01
1.000000e+02, 7.676918e+01
1.000000e+02, 7.428500e+01
1.000000e+02, 7.184653e+01
1.000000e+02, 6.945159e+01
1.000000e+02, 6.709819e+01
1.000000e+02, 6.478448e+01
1.000000e+02, 6.250876e+01
1.000000e+02, 6.026944e+01
1.000000e+02, 5.806505e+01
1.000000e+02, 5.589421e+01
1.000000e+02, 5.375564e+01
1.000000e+02, 5.164814e+01
1.000000e+02, 4.957059e+01
1.000000e+02, 4.752191e+01
1.000000e+02, 4.550112e+01
1.000000e+02, 4.350728e+01
1.000000e+02, 4.153951e+01
1.000000e+02, 3.959697e+01
1.000000e+02, 3.767887e+01
1.000000e+02, 3.578447e+01
1.000000e+02, 3.391306e+01
1.000000e+02, 3.206395e+01
1.000000e+02, 3.023653e+01
1.000000e+02, 2.843017e+01
1.000000e+02, 2.664429e+01
1.000000e+02, 2.487836e+01
1.000000e+02, 2.313183e+01
1.000000e+02, 2.140421e+01
1.000000e+02, 1.969502e+01
1.000000e+02, 1.800380e+01
1.000000e+02, 1.633012e+01
1.000000e+02, 1.467354e+01
1.000000e+02, 1.303366e+01
1.000000e+02, 1.141011e+01
1.000000e+02, 9.802507e+00
1.000000e+02, 8.210495e+00
1.000000e+02, 6.633733e+00
1.000000e+02, 5.071891e+00
1.000000e+02, 3.524651e+00
1.000000e+02, 1.991709e+00
1.000000e+02, 4.727694e-01
1.000000e+02, 3.589675e+02
1.000000e+02, 3.574758e+02
1.000000e+02, 3.559972e+02
1.000000e+02, 3.545315e+02
1.000000e+02, 3.530785e+02
1.000000e+02, 3.516380e+02
1.000000e+02, 3.502097e+02
1.000000e+02, 3.487933e+02
1.000000e+02, 3.473888e+02
1.000000e+02, 3.459958e+02
1.000000e+02, 3.446141e+02
1.000000e+02, 3.432437e+02
1.000000e+02, 3.418842e+02
1.000000e+02, 3.405355e+02
1.000000e+02, 3.391974e+02
1.000000e+02, 3.378698e+02
1.000000e+02, 3.365524e+02
1.000000e+02, 3.352452e+02
1.000000e+02, 3.339479e+02
1.000000e+02, 3.326604e+02
1.000000e+02, 3.313826e+02
1.000000e+02, 3.301142e+02
1.000000e+02, 3.288552e+02
1.000000e+02, 3.276055e+02
1.000000e+02, 3.263648e+02
1.000000e+02, 3.251331e+02
1.000000e+02, 3.239103e+02
1.000000e+02, 3.226961e+02
1.000000e+02, 3.214905e+02
1.000000e+02, 3.202934e+02
1.000000e+02, 3.191046e+02
1.000000e+02, 3.179241e+02
1.000000e+02, 3.167518e+02
1.000000e+02, 3.155874e+02
1.000000e+02, 3.144310e+02
1.000000e+02, 3.132824e+02
1.000000e+02, 3.121415e+02
1.000000e+02, 3.110082e+02
1.000000e+02, 3.098825e+02
1.000000e+02, 3.087642e+02
1.000000e+02, 3.076532e+02
1.000000e+02, 3.065495e+02
1.000000e+02, 3.054530e+02
1.000000e+02, 3.043636e+02
1.000000e+02, 3.032812e+02
1.000000e+02, 3.022057e+02
1.000000e+02, 3.011370e+02
1.000000e+02, 3.000751e+02
1.000000e+02, 2.990199e+02
1.000000e+02, 2.979713e+02
1.000000e+02, 2.969293e+02
1.000000e+02, 2.958938e+02
1.000000e+02, 2.948646e+02
1.000000e+02, 2.938418e+02
1.000000e+02, 2.928253e+02
1.000000e+02, 2.918150e+02
1.000000e+02, 2.908108e+02
1.000000e+02, 2.898127e+02
1.000000e+02, 2.888206e+02
1.000000e+02, 2.878344e+02
1.000000e+02, 2.868542e+02
1.000000e+02, 2.858798e+02
1.000000e+02, 2.849112e+02
1.000000e+02, 2.839483e+02
1.000000e+02, 2.829910e+02
1.000000e+02, 2.820394e+02
1.000000e+02, 2.810934e+02
1.000000e+02, 2.801528e+02
1.000000e+02, 2.792178e+02
1.000000e+02, 2.782881e+02
1.000000e+02, 2.773638e+02
1.000000e+02, 2.764448e+02
1.000000e+02, 2.755311e+02
1.000000e+02, 2.746226e+02
1.000000e+02, 2.737193e+02
1.000000e+02, 2.728211e+02
1.000000e+02, 2.719280e+02
1.000000e+02, 2.710399e+02
1.000000e+02, 2.701568e+02
1.000000e+02, 2.692787e+02
1.000000e+02, 2.684055e+02
1.000000e+02, 2.675371e+02
1.000000e+02, 2.666736e+02
1.000000e+02, 2.658149e+02
1.000000e+02, 2.649610e+02
1.000000e+02, 2.641117e+02
1.000000e+02, 2.632672e+02
1.000000e+02, 2.624272e+02
1.000000e+02, 2.615919e+02
1.000000e+02, 2.607612e+02
1.000000e+02, 2.599350e+02
1.000000e+02, 2.591133e+02
1.000000e+02, 2.582961e+02
1.000000e+02, 2.574833e+02
1.000000e+02, 2.566749e+02
1.000000e+02, 2.558708e+02
1.000000e+02, 2.550711e+02
1.000000e+02, 2.542757e+02
1.000000e+02, 2.534846e+02
1.000000e+02, 2.526977e+02
1.000000e+02, 2.519151e+02
1.000000e+02, 2.511366e+02
1.000000e+02, 2.503623e+02
1.000000e+02, 2.495920e+02
1.000000e+02, 2.488259e+02
1.000000e+02, 2.480639e+02
1.000000e+02, 2.473059e+02
1.000000e+02, 2.465519e+02
1.000000e+02, 2.458019e+02
1.000000e+02, 2.450559e+02
1.000000e+02, 2.443138e+02
1.000000e+02, 2.435756e+02
1.000000e+02, 2.428412e+02
1.000000e+02, 2.421108e+02
1.000000e+02, 2.413842e+02
1.000000e+02, 2.406613e+02
1.000000e+02, 2.399423e+02
1.000000e+02, 2.392270e+02
1.000000e+02, 2.385155e+02
1.000000e+02, 2.378077e+02
1.000000e+02, 2.371036e+02
1.000000e+02, 2.364031e+02
1.000000e+02, 2.357063e+02
1.000000e+02, 2.350131e+02
1.000000e+02, 2.343235e+02
1.000000e+02, 2.336375e+02
1.000000e+02, 2.329551e+02
1.000000e+02, 2.322762e+02
1.000000e+02, 2.316008e+02
1.000000e+02, 2.309289e+02
1.000000e+02, 2.302605e+02
1.000000e+02, 2.295956e+02
1.000000e+02, 2.289341e+02
1.000000e+02, 2.282760e+02
1.000000e+02, 2.276213e+02
1.000000e+02, 2.269701e+02
1.000000e+02, 2.263221e+02
1.000000e+02, 2.256776e+02
1.000000e+02, 2.250363e+02
1.000000e+02, 2.243984e+02
1.000000e+02, 2.237637e+02
1.000000e+02, 2.231324e+02
1.000000e+02, 2.225043e+02
1.000000e+02, 2.218794e+02
1.000000e+02, 2.212578e+02
1.000000e+02, 2.206394e+02
1.000000e+02, 2.200241e+02
1.000000e+02, 2.194121e+02
1.000000e+02, 2.188032e+02
1.000000e+02, 2.181974e+02
1.000000e+02, 2.175948e+02
1.000000e+02, 2.169953e+02
1.000000e+02, 2.163989e+02
1.000000e+02, 2.158056e+02
1.000000e+02, 2.152153e+02
1.000000e+02, 2.146281e+02
1.000000e+02, 2.140439e+02
1.000000e+02, 2.134628e+02
1.000000e+02, 2.128847e+02
1.000000e+02, 2.123095e+02
1.000000e+02, 2.117374e+02
1.000000e+02, 2.111682e+02
1.000000e+02, 2.106020e+02
1.000000e+02, 2.100387e+02
1.000000e+02, 2.094783e+02
1.000000e+02, 2.089209e+02
1.000000e+02, 2.083664e+02
1.000000e+02, 2.078147e+02
1.000000e+02, 2.072660e+02
1.000000e+02, 2.067200e+02
1.000000e+02, 2.061770e+02
1.000000e+02, 2.056368e+02
1.000000e+02, 2.050994e+02
1.000000e+02, 2.045648e+02
1.000000e+02, 2.040331e+02
1.000000e+02, 2.035041e+02
1.000000e+02, 2.029779e+02
1.000000e+02, 2.024545e+02
1.000000e+02, 2.019338e+02
1.000000e+02, 2.014159e+02
1.000000e+02, 2.009007e+02
1.000000e+02, 2.003883e+02
1.000000e+02, 1.998785e+02
1.000000e+02, 1.993715e+02
1.000000e+02, 1.988671e+02
1.000000e+02, 1.983655e+02
1.000000e+02, 1.978665e+02
1.000000e+02, 1.973701e+02
1.000000e+02, 1.968764e+02
1.000000e+02, 1.963854e+02
1.000000e+02, 1.958970e+02
1.000000e+02, 1.954112e+02
1.000000e+02, 1.949280e+02
1.000000e+02, 1.944474e+02
1.000000e+02, 1.939694e+02
1.000000e+02, 1.934940e+02
1.000000e+02, 1.930211e+02
1.000000e+02, 1.925508e+02
1.000000e+02, 1.920831e+02
1.000000e+02, 1.916179e+02
1.000000e+02, 1.911553e+02
1.000000e+02, 1.906952e+02
1.000000e+02, 1.902376e+02
1.000000e+02, 1.897825e+02
1.000000e+02, 1.893299e+02
1.000000e+02, 1.888798e+02
1.000000e+02, 1.884322e+02
1.000000e+02, 1.879870e+02
1.000000e+02, 1.875443e+02
1.000000e+02, 1.871041e+02
1.000000e+02, 1.866663e+02
1.000000e+02, 1.862310e+02
1.000000e+02, 1.857981e+02
1.000000e+02, 1.853676e+02
1.000000e+02, 1.849396e+02
1.000000e+02, 1.845139e+02
1.000000e+02, 1.840907e+02
1.000000e+02, 1.836699e+02
1.000000e+02, 1.832514e+02
1.000000e+02, 1.828353e+02
1.000000e+02, 1.824216e+02
1.000000e+02, 1.820103e+02
1.000000e+02, 1.816013e+02
1.000000e+02, 1.811947e+02
1.000000e+02, 1.807904e+02
1.000000e+02, 1.803884e+02
1.000000e+02, 1.799888e+02
1.000000e+02, 1.795915e+02
1.000000e+02, 1.791965e+02
1.000000e+02, 1.788039e+02
1.000000e+02, 1.784135e+02
1.000000e+02, 1.780254e+02
1.000000e+02, 1.776396e+02
1.000000e+02, 1.772561e+02
1.000000e+02, 1.768749e+02
1.000000e+02, 1.764959e+02
1.000000e+02, 1.761192e+02
1.000000e+02, 1.757448e+02
1.000000e+02, 1.753726e+02
1.000000e+02, 1.750027e+02
1.000000e+02, 1.746350e+02
1.000000e+02, 1.742695e+02
1.000000e+02, 1.739062e+02
1.000000e+02, 1.735452e+02
1.000000e+02, 1.731864e+02
1.000000e+02, 1.728298e+02
1.000000e+02, 1.724754e+02
1.000000e+02, 1.721232e+02
1.000000e+02, 1.717732e+02
1.000000e+02, 1.714254e+02
1.000000e+02, 1.710797e+02
1.000000e+02, 1.707363e+02
1.000000e+02, 1.703950e+02
1.000000e+02, 1.700559e+02
1.000000e+02, 1.697189e+02
1.000000e+02, 1.693841e+02
1.000000e+02, 1.690514e+02
1.000000e+02, 1.687209e+02
1.000000e+02, 1.683925e+02
1.000000e+02, 1.680662e+02
1.000000e+02, 1.677421e+02
1.000000e+02, 1.674201e+02
1.000000e+02, 1.671002e+02
1.000000e+02, 1.667825e+02
1.000000e+02, 1.664668e+02
1.000000e+02, 1.661533e+02
1.000000e+02, 1.658418e+02
1.000000e+02, 1.655325e+02
1.000000e+02, 1.652252e+02
1.000000e+02, 1.649200e+02
1.000000e+02, 1.646169e+02
1.000000e+02, 1.643159e+02
1.000000e+02, 1.640169e+02
1.000000e+02, 1.637200e+02
1.000000e+02, 1.634252e+02
1.000000e+02, 1.631324e+02
1.000000e+02, 1.628417e+02
1.000000e+02, 1.625531e+02
1.000000e+02, 1.622665e+02
1.000000e+02, 1.619819e+02
1.000000e+02, 1.616994e+02
1.000000e+02, 1.614189e+02
1.000000e+02, 1.611404e+02
1.000000e+02, 1.608639e+02
1.000000e+02, 1.605895e+02
1.000000e+02, 1.603171e+02
1.000000e+02, 1.600467e+02
1.000000e+02, 1.597783e+02
1.000000e+02, 1.595120e+02
1.000000e+02, 1.592476e+02
1.000000e+02, 1.589852e+02
1.000000e+02, 1.587248e+02
1.000000e+02, 1.584665e+02
1.000000e+02, 1.582101e+02
1.000000e+02, 1.579556e+02
1.000000e+02, 1.577032e+02
1.000000e+02, 1.574527e+02
1.000000e+02, 1.572043e+02
1.000000e+02, 1.569577e+02
1.000000e+02, 1.567132e+02
1.000000e+02, 1.564706e+02
1.000000e+02, 1.562300e+02
1.000000e+02, 1.559913e+02
1.000000e+02, 1.557546e+02
1.000000e+02, 1.555198e+02
1.000000e+02, 1.552870e+02
1.000000e+02, 1.550561e+02
1.000000e+02, 1.548272e+02
1.000000e+02, 1.546002e+02
1.000000e+02, 1.543752e+02
1.000000e+02, 1.541520e+02
1.000000e+02, 1.539308e+02
1.000000e+02, 1.537116e+02
1.000000e+02, 1.534942e+02
1.000000e+02, 1.532788e+02
1.000000e+02, 1.530652e+02
1.000000e+02, 1.528536e+02
1.000000e+02, 1.526440e+02
1.000000e+02, 1.524362e+02
1.000000e+02, 1.522303e+02
1.000000e+02, 1.520263e+02
1.000000e+02, 1.518242e+02
1.000000e+02, 1.516241e+02
1.000000e+02, 1.514258e+02
1.000000e+02, 1.512294e+02
1.000000e+02, 1.510349e+02
1.000000e+02, 1.508423e+02
1.000000e+02, 1.506515e+02
1.000000e+02, 1.504627e+02
1.000000e+02, 1.502757e+02
1.000000e+02, 1.500906e+02
1.000000e+02, 1.499074e+02
1.000000e+02, 1.497261e+02
1.000000e+02, 1.495466e+02
1.000000e+02, 1.493690e+02
1.000000e+02, 1.491933e+02
1.000000e+02, 1.490194e+02
1.000000e+02, 1.488474e+02
1.000000e+02, 1.486772e+02
1.000000e+02, 1.485089e+02
1.000000e+02, 1.483425e+02
1.000000e+02, 1.481779e+02
1.000000e+02, 1.480151e+02
1.000000e+02, 1.478542e+02
1.000000e+02, 1.476952e+02
1.000000e+02, 1.475380e+02
1.000000e+02, 1.473826e+02
1.000000e+02, 1.472291e+02
1.000000e+02, 1.470774e+02
1.000000e+02, 1.469276e+02
1.000000e+02, 1.467795e+02
1.000000e+02, 1.466334e+02
1.000000e+02, 1.464890e+02
1.000000e+02, 1.463465e+02
1.000000e+02, 1.462058e+02
1.000000e+02, 1.460669e+02
1.000000e+02, 1.459299e+02
1.000000e+02, 1.457946e+02
1.000000e+02, 1.456612e+02
1.000000e+02, 1.455297e+02
1.000000e+02, 1.453999e+02
1.000000e+02, 1.452719e+02
1.000000e+02, 1.451458e+02
1.000000e+02, 1.450215e+02
1.000000e+02, 1.448989e+02
1.000000e+02, 1.447782e+02
1.000000e+02, 1.446593e+02
1.000000e+02, 1.445422e+02
1.000000e+02, 1.444269e+02
1.000000e+02, 1.443135e+02
1.000000e+02, 1.442018e+02
1.000000e+02, 1.440919e+02
1.000000e+02, 1.439838e+02
1.000000e+02, 1.438775e+02
1.000000e+02, 1.437730e+02
1.000000e+02, 1.436703e+02
1.000000e+02, 1.435694e+02
1.000000e+02, 1.434703e+02
1.000000e+02, 1.433730e+02
1.000000e+02, 1.432775e+02
1.000000e+02, 1.431837e+02
1.000000e+02, 1.430918e+02
1.000000e+02, 1.430016e+02
1.000000e+02, 1.429132e+02
1.000000e+02, 1.428266e+02
1.000000e+02, 1.427418e+02
1.000000e+02, 1.426588e+02
1.000000e+02, 1.425776e+02
1.000000e+02, 1.424981e+02
1.000000e+02, 1.424204e+02
1.000000e+02, 1.423445e+02
1.000000e+02, 1.422704e+02
1.000000e+02, 1.421980e+02
1.000000e+02, 1.421275e+02
1.000000e+02, 1.420587e+02
1.000000e+02, 1.419916e+02
1.000000e+02, 1.419264e+02
1.000000e+02, 1.418629e+02
1.000000e+02, 1.418012e+02
1.000000e+02, 1.417413e+02
1.000000e+02, 1.416831e+02
1.000000e+02, 1.416267e+02
1.000000e+02, 1.415721e+02
1.000000e+02, 1.415192e+02
1.000000e+02, 1.414681e+02
1.000000e+02, 1.414188e+02
1.000000e+02, 1.413713e+02
1.000000e+02, 1.413255e+02
1.000000e+02, 1.412814e+02
1.000000e+02, 1.412392e+02
1.000000e+02, 1.411987e+02
1.000000e+02, 1.411600e+02
1.000000e+02, 1.411230e+02
1.000000e+02, 1.410878e+02
1.000000e+02, 1.410543e+02
1.000000e+02, 1.410227e+02
1.000000e+02, 1.409928e+02
1.000000e+02, 1.409646e+02
1.000000e+02, 1.409382e+02
1.000000e+02, 1.409136e+02
1.000000e+02, 1.408907e+02
1.000000e+02, 1.408696e+02
1.000000e+02, 1.408502e+02
1.000000e+02, 1.408326e+02
1.000000e+02, 1.408168e+02
1.000000e+02, 1.408027e+02
1.000000e+02, 1.407904e+02
1.000000e+02, 1.407799e+02
1.000000e+02, 1.407711e+02
1.000000e+02, 1.407640e+02
1.000000e+02, 1.407588e+02
1.000000e+02, 1.407553e+02
1.000000e+02, 1.407535e+02
1.000000e+02, 1.407535e+02
1.000000e+02, 1.407553e+02
1.000000e+02, 1.407588e+02
1.000000e+02, 1.407640e+02
1.000000e+02, 1.407711e+02
1.000000e+02, 1.407799e+02
1.000000e+02, 1.407904e+02
1.000000e+02, 1.408027e+02
1.000000e+02, 1.408168e+02
1.000000e+02, 1.408326e+02
1.000000e+02, 1.408502e+02
1.000000e+02, 1.408696e+02
1.000000e+02, 1.408907e+02
1.000000e+02, 1.409136e+02
1.000000e+02, 1.409382e+02
1.000000e+02, 1.409646e+02
1.000000e+02, 1.409928e+02
1.000000e+02, 1.410227e+02
1.000000e+02, 1.410543e+02
1.000000e+02, 1.410878e+02
1.000000e+02, 1.411230e+02
1.000000e+02, 1.411600e+02
1.000000e+02, 1.411987e+02
1.000000e+02, 1.412392e+02
1.000000e+02, 1.412814e+02
1.000000e+02, 1.413255e+02
1.000000e+02, 1.413713e+02
1.000000e+02, 1.414188e+02
1.000000e+02, 1.414681e+02
1.000000e+02, 1.415192e+02
1.000000e+02, 1.415721e+02
1.000000e+02, 1.416267e+02
1.000000e+02, 1.416831e+02
1.000000e+02, 1.417413e+02
1.000000e+02, 1.418012e+02
1.000000e+02, 1.418629e+02
1.000000e+02, 1.419264e+02
1.000000e+02, 1.419916e+02
1.000000e+02, 1.420587e+02
1.000000e+02, 1.421275e+02
1.000000e+02, 1.421980e+02
1.000000e+02, 1.422704e+02
1.000000e+02, 1.423445e+02
1.000000e+02, 1.424204e+02
1.000000e+02, 1.424981e+02
1.000000e+02, 1.425776e+02
1.000000e+02, 1.426588e+02
1.000000e+02, 1.427418e+02
1.000000e+02, 1.428267e+02
1.000000e+02, 1.429132e+02
1.000000e+02, 1.430016e+02
1.000000e+02, 1.430918e+02
1.000000e+02, 1.431837e+02
1.000000e+02, 1.432775e+02
1.000000e+02, 1.433730e+02
1.000000e+02, 1.434703e+02
1.000000e+02, 1.435694e+02
1.000000e+02, 1.436703e+02
1.000000e+02, 1.437730e+02
1.000000e+02, 1.438775e+02
1.000000e+02, 1.439838e+02
1.000000e+02, 1.440919e+02
1.000000e+02, 1.442018e+02
1.000000e+02, 1.443135e+02
1.000000e+02, 1.444269e+02
1.000000e+02, 1.445422e+02
1.000000e+02, 1.446593e+02
1.000000e+02, 1.447782e+02
1.000000e+02, 1.448989e+02
1.000000e+02, 1.450215e+02
1.000000e+02, 1.451458e+02
1.000000e+02, 1.452719e+02
1.000000e+02, 1.453999e+02
1.000000e+02, 1.455297e+02
1.000000e+02, 1.456612e+02
1.000000e+02, 1.457946e+02
1.000000e+02, 1.459299e+02
1.000000e+02, 1.460669e+02
1.000000e+02, 1.462058e+02
1.000000e+02, 1.463465e+02
1.000000e+02, 1.464890e+02
1.000000e+02, 1.466334e+02
1.000000e+02, 1.467795e+02
1.000000e+02, 1.469276e+02
1.000000e+02, 1.470774e+02
1.000000e+02, 1.472291e+02
1.000000e+02, 1.473826e+02
1.000000e+02, 1.475380e+02
1.000000e+02, 1.476952e+02
1.000000e+02, 1.478542e+02
1.000000e+02, 1.480151e+02
1.000000e+02, 1.481779e+02
1.000000e+02, 1.483425e+02
1.000000e+02, 1.485089e+02
1.000000e+02, 1.486772e+02
1.000000e+02, 1.488474e+02
1.000000e+02, 1.490194e+02
1.000000e+02, 1.491933e+02
1.000000e+02, 1.493690e+02
1.000000e+02, 1.495466e+02
1.000000e+02, 1.497261e+02
1.000000e+02, 1.499074e+02
1.000000e+02, 1.500906e+02
1.000000e+02, 1.502757e+02
1.000000e+02, 1.504627e+02
1.000000e+02, 1.506515e+02
1.000000e+02, 1.508423e+02
1.000000e+02, 1.510349e+02
1.000000e+02, 1.512294e+02
1.000000e+02, 1.514258e+02
1.000000e+02, 1.516241e+02
1.000000e+02, 1.518242e+02
1.000000e+02, 1.520263e+02
1.000000e+02, 1.522303e+02
1.000000e+02, 1.524362e+02
1.000000e+02, 1.526440e+02
1.000000e+02, 1.528536e+02
1.000000e+02, 1.530652e+02
1.000000e+02, 1.532788e+02
1.000000e+02, 1.534942e+02
1.000000e+02, 1.537116e+02
1.000000e+02, 1.539308e+02
1.000000e+02, 1.541520e+02
1.000000e+02, 1.543752e+02
1.000000e+02, 1.546002e+02
1.000000e+02, 1.548272e+02
1.000000e+02, 1.550562e+02
1.000000e+02, 1.552870e+02
1.000000e+02, 1.555198e+02
1.000000e+02, 1.557546e+02
1.000000e+02, 1.559913e+02
1.000000e+02, 1.562300e+02
1.000000e+02, 1.564706e+02
1.000000e+02, 1.567132e+02
1.000000e+02, 1.569577e+02
1.000000e+02, 1.572043e+02
1.000000e+02, 1.574527e+02
1.000000e+02, 1.577032e+02
1.000000e+02, 1.579556e+02
1.000000e+02, 1.582101e+02
1.000000e+02, 1.584665e+02
1.000000e+02, 1.587248e+02
1.000000e+02, 1.589852e+02
1.000000e+02, 1.592476e+02
1.000000e+02, 1.595120e+02
1.000000e+02, 1.597783e+02
1.000000e+02, 1.600467e+02
1.000000e+02, 1.603171e+02
1.000000e+02, 1.605895e+02
1.000000e+02, 1.608639e+02
1.000000e+02, 1.611404e+02
1.000000e+02, 1.614189e+02
1.000000e+02, 1.616994e+02
1.000000e+02, 1.619819e+02
1.000000e+02, 1.622665e+02
1.000000e+02, 1.625531e+02
1.000000e+02, 1.628417e+02
1.000000e+02, 1.631324e+02
1.000000e+02, 1.634252e+02
1.000000e+02, 1.637200e+02
1.000000e+02, 1.640169e+02
1.000000e+02, 1.643159e+02
1.000000e+02, 1.646169e+02
1.000000e+02, 1.649200e+02
1.000000e+02, 1.652252e+02
1.000000e+02, 1.655325e+02
1.000000e+02, 1.658418e+02
1.000000e+02, 1.661533e+02
1.000000e+02, 1.664668e+02
1.000000e+02, 1.667825e+02
1.000000e+02, 1.671002e+02
1.000000e+02, 1.674201e+02
1.000000e+02, 1.677421e+02
1.000000e+02, 1.680662e+02
1.000000e+02, 1.683925e+02
1.000000e+02, 1.687209e+02
1.000000e+02, 1.690514e+02
1.000000e+02, 1.693841e+02
1.000000e+02, 1.697189e+02
1.000000e+02, 1.700559e+02
1.000000e+02, 1.703950e+02
1.000000e+02, 1.707363e+02
1.000000e+02, 1.710797e+02
1.000000e+02, 1.714254e+02
1.000000e+02, 1.717732e+02
1.000000e+02, 1.721232e+02
1.000000e+02, 1.724754e+02
1.000000e+02, 1.728298e+02
1.000000e+02, 1.731864e+02
1.000000e+02, 1.735452e+02
1.000000e+02, 1.739062e+02
1.000000e+02, 1.742695e+02
1.000000e+02, 1.746350e+02
1.000000e+02, 1.750027e+02
1.000000e+02, 1.753726e+02
1.000000e+02, 1.757448e+02
1.000000e+02, 1.761192e+02
1.000000e+02, 1.764959e+02
1.000000e+02, 1.768749e+02
1.000000e+02, 1.772561e+02
1.000000e+02, 1.776396e+02
1.000000e+02, 1.780254e+02
1.000000e+02, 1.784135e+02
1.000000e+02, 1.788039e+02
1.000000e+02, 1.791965e+02
1.000000e+02, 1.795915e+02
1.000000e+02, 1.799888e+02
1.000000e+02, 1.803884e+02
1.000000e+02, 1.807904e+02
1.000000e+02, 1.811947e+02
1.000000e+02, 1.816013e+02
1.000000e+02, 1.820103e+02
1.000000e+02, 1.824216e+02
1.000000e+02, 1.828353e+02
1.000000e+02, 1.832514e+02
1.000000e+02, 1.836699e+02
1.000000e+02, 1.840907e+02
1.000000e+02, 1.845139e+02
1.000000e+02, 1.849396e+02
1.000000e+02, 1.853676e+02
1.000000e+02, 1.857981e+02
1.000000e+02, 1.862310e+02
1.000000e+02, 1.866663e+02
1.000000e+02, 1.871041e+02
1.000000e+02, 1.875443e+02
1.000000e+02, 1.879870e+02
1.000000e+02, 1.884322e+02
1.000000e+02, 1.888798e+02
1.000000e+02, 1.893299e+02
1.000000e+02, 1.897825e+02
1.000000e+02, 1.902376e+02
1.000000e+02, 1.906952e+02
1.000000e+02, 1.911553e+02
1.000000e+02, 1.916179e+02
1.000000e+02, 1.920831e+02
1.000000e+02, 1.925508e+02
1.000000e+02, 1.930211e+02
1.000000e+02, 1.934940e+02
1.000000e+02, 1.939694e+02
1.000000e+02, 1.944474e+02
1.000000e+02, 1.949280e+02
1.000000e+02, 1.954112e+02
1.000000e+02, 1.958970e+02
1.000000e+02, 1.963854e+02
1.000000e+02, 1.968764e+02
1.000000e+02, 1.973701e+02
1.000000e+02, 1.978665e+02
1.000000e+02, 1.983655e+02
1.000000e+02, 1.988671e+02
1.000000e+02, 1.993715e+02
1.000000e+02, 1.998785e+02
1.000000e+02, 2.003883e+02
1.000000e+02, 2.009007e+02
1.000000e+02, 2.014159e+02
1.000000e+02, 2.019338e+02
1.000000e+02, 2.024545e+02
1.000000e+02, 2.029779e+02
1.000000e+02, 2.035041e+02
1.000000e+02, 2.040331e+02
1.000000e+02, 2.045648e+02
1.000000e+02, 2.050994e+02
1.000000e+02, 2.056368e+02
1.000000e+02, 2.061770e+02
1.000000e+02, 2.067201e+02
1.000000e+02, 2.072660e+02
1.000000e+02, 2.078147e+02
1.000000e+02, 2.083664e+02
1.000000e+02, 2.089209e+02
1.000000e+02, 2.094783e+02
1.000000e+02, 2.100387e+02
1.000000e+02, 2.106020e+02
1.000000e+02, 2.111682e+02
1.000000e+02, 2.117374e+02
1.000000e+02, 2.123095e+02
1.000000e+02, 2.128847e+02
1.000000e+02, 2.134628e+02
1.000000e+02, 2.140439e+02
1.000000e+02, 2.146281e+02
1.000000e+02, 2.152153e+02
1.000000e+02, 2.158056e+02
1.000000e+02, 2.163989e+02
1.000000e+02, 2.169953e+02
1.000000e+02, 2.175948e+02
1.000000e+02, 2.181974e+02
1.000000e+02, 2.188032e+02
1.000000e+02, 2.194121e+02
1.000000e+02, 2.200241e+02
1.000000e+02, 2.206394e+02
1.000000e+02, 2.212578e+02
1.000000e+02, 2.218794e+02
1.000000e+02, 2.225043e+02
1.000000e+02, 2.231324e+02
1.000000e+02, 2.237637e+02
1.000000e+02, 2.243984e+02
1.000000e+02, 2.250363e+02
1.000000e+02, 2.256776e+02
1.000000e+02, 2.263221e+02
1.000000e+02, 2.269701e+02
1.000000e+02, 2.276213e+02
1.000000e+02, 2.282760e+02
1.000000e+02, 2.289341e+02
1.000000e+02, 2.295956e+02
1.000000e+02, 2.302605e+02
1.000000e+02, 2.309289e+02
1.000000e+02, 2.316008e+02
1.000000e+02, 2.322762e+02
1.000000e+02, 2.329551e+02
1.000000e+02, 2.336375e+02
1.000000e+02, 2.343235e+02
1.000000e+02, 2.350131e+02
1.000000e+02, 2.357063e+02
1.000000e+02, 2.364031e+02
1.000000e+02, 2.371036e+02
1.000000e+02, 2.378077e+02
1.000000e+02, 2.385155e+02
1.000000e+02, 2.392270e+02
1.000000e+02, 2.399423e+02
1.000000e+02, 2.406613e+02
1.000000e+02, 2.413842e+02
1.000000e+02, 2.421108e+02
1.000000e+02, 2.428412e+02
1.000000e+02, 2.435756e+02
1.000000e+02, 2.443138e+02
1.000000e+02, 2.450559e+02
1.000000e+02, 2.458019e+02
1.000000e+02, 2.465519e+02
1.000000e+02, 2.473059e+02
1.000000e+02, 2.480639e+02
1.000000e+02, 2.488259e+02
1.000000e+02, 2.495921e+02
1.000000e+02, 2.503623e+02
1.000000e+02, 2.511366e+02
1.000000e+02, 2.519151e+02
1.000000e+02, 2.526977e+02
1.000000e+02, 2.534846e+02
1.000000e+02, 2.542757e+02
1.000000e+02, 2.550711e+02
1.000000e+02, 2.558708e+02
1.000000e+02, 2.566749e+02
1.000000e+02, 2.574833e+02
1.000000e+02, 2.582961e+02
1.000000e+02, 2.591133e+02
1.000000e+02, 2.599350e+02
1.000000e+02, 2.607612e+02
1.000000e+02, 2.615919e+02
1.000000e+02, 2.624272e+02
1.000000e+02, 2.632672e+02
1.000000e+02, 2.641117e+02
1.000000e+02, 2.649610e+02
1.000000e+02, 2.658149e+02
1.000000e+02, 2.666736e+02
1.000000e+02, 2.675371e+02
1.000000e+02, 2.684055e+02
1.000000e+02, 2.692787e+02
1.000000e+02, 2.701568e+02
1.000000e+02, 2.710399e+02
1.000000e+02, 2.719280e+02
1.000000e+02, 2.728211e+02
1.000000e+02, 2.737193e+02
1.000000e+02, 2.746226e+02
1.000000e+02, 2.755311e+02
1.000000e+02, 2.764448e+02
1.000000e+02, 2.773638e+02
1.000000e+02, 2.782881e+02
1.000000e+02, 2.792178e+02
1.000000e+02, 2.801529e+02
1.000000e+02, 2.810934e+02
1.000000e+02, 2.820394e+02
1.000000e+02, 2.829910e+02
1.000000e+02, 2.839483e+02
1.000000e+02, 2.849112e+02
1.000000e+02, 2.858798e+02
1.000000e+02, 2.868542e+02
1.000000e+02, 2.878344e+02
1.000000e+02, 2.888206e+02
1.000000e+02, 2.898127e+02
1.000000e+02, 2.908108e+02
1.000000e+02, 2.918150e+02
1.000000e+02, 2.928253e+02
1.000000e+02, 2.938418e+02
1.000000e+02, 2.948646e+02
1.000000e+02, 2.958938e+02
1.000000e+02, 2.969293e+02
1.000000e+02, 2.979714e+02
1.000000e+02, 2.990199e+02
1.000000e+02, 3.000751e+02
1.000000e+02, 3.011370e+02
1.000000e+02, 3.022057e+02
1.000000e+02, 3.032812e+02
1.000000e+02, 3.043636e+02
1.000000e+02, 3.054530e+02
1.000000e+02, 3.065495e+02
1.000000e+02, 3.076532e+02
1.000000e+02, 3.087642e+02
1.000000e+02, 3.098825e+02
1.000000e+02, 3.110082e+02
1.000000e+02, 3.121415e+02
1.000000e+02, 3.132824e+02
1.000000e+02, 3.144310e+02
1.000000e+02, 3.155874e+02
1.000000e+02, 3.167518e+02
1.000000e+02, 3.179241e+02
1.000000e+02, 3.191047e+02
1.000000e+02, 3.202934e+02
1.000000e+02, 3.214905e+02
1.000000e+02, 3.226961e+02
1.000000e+02, 3.239103e+02
1.000000e+02, 3.251331e+02
1.000000e+02, 3.263648e+02
1.000000e+02, 3.276055e+02
1.000000e+02, 3.288553e+02
1.000000e+02, 3.301142e+02
1.000000e+02, 3.313826e+02
1.000000e+02, 3.326604e+02
1.000000e+02, 3.339479e+02
1.000000e+02, 3.352452e+02
1.000000e+02, 3.365524e+02
1.000000e+02, 3.378698e+02
1.000000e+02, 3.391974e+02
1.000000e+02, 3.405355e+02
1.000000e+02, 3.418842e+02
1.000000e+02, 3.432437e+02
1.000000e+02, 3.446141e+02
1.000000e+02, 3.459958e+02
1.000000e+02, 3.473888e+02
1.000000e+02, 3.487933e+02
1.000000e+02, 3.502097e+02
1.000000e+02, 3.516380e+02
1.000000e+02, 3.530785e+02
1.000000e+02, 3.545315e+02
1.000000e+02, 3.559972e+02
1.000000e+02, 3.574758e+02
1.000000e+02, 3.589676e+02
1.000000e+02, 4.727739e-01
1.000000e+02, 1.991713e+00
1.000000e+02, 3.524656e+00
1.000000e+02, 5.071895e+00
1.000000e+02, 6.633738e+00
1.000000e+02, 8.210500e+00
1.000000e+02, 9.802512e+00
1.000000e+02, 1.141012e+01
1.000000e+02, 1.303367e+01
1.000000e+02, 1.467354e+01
1.000000e+02, 1.633012e+01
1.000000e+02, 1.800381e+01
1.000000e+02, 1.969503e+01
1.000000e+02, 2.140422e+01
1.000000e+02, 2.313184e+01
1.000000e+02, 2.487836e+01
1.000000e+02, 2.664430e+01
1.000000e+02, 2.843017e+01
1.000000e+02, 3.023653e+01
1.000000e+02, 3.206396e+01
1.000000e+02, 3.391306e+01
1.000000e+02, 3.578448e+01
1.000000e+02, 3.767888e+01
1.000000e+02, 3.959698e+01
1.000000e+02, 4.153952e+01
1.000000e+02, 4.350729e+01
1.000000e+02, 4.550112e+01
1.000000e+02, 4.752191e+01
1.000000e+02, 4.957059e+01
1.000000e+02, 5.164815e+01
1.000000e+02, 5.375565e+01
1.000000e+02, 5.589422e+01
1.000000e+02, 5.806505e+01
1.000000e+02, 6.026944e+01
1.000000e+02, 6.250876e+01
1.000000e+02, 6.478448e+01
1.000000e+02, 6.709819e+01
1.000000e+02, 6.945159e+01
1.000000e+02, 7.184654e+01
1.000000e+02, 7.428501e+01
1.000000e+02, 7.676918e+01
1.000000e+02, 7.930140e+01
1.000000e+02, 8.188425e+01
1.000000e+02, 8.452053e+01
1.000000e+02, 8.721335e+01
1.000000e+02, 8.996610e+01
1.000000e+02, 9.278257e+01
1.000000e+02, 9.566696e+01
1.000000e+02, 9.862395e+01
1.000000e+02, 1.016588e+02
1.000000e+02, 1.047775e+02
1.000000e+02, 1.079868e+02
1.000000e+02, 1.112945e+02
1.000000e+02, 1.147095e+02
1.000000e+02, 1.182421e+02
1.000000e+02, 1.219047e+02
1.000000e+02, 1.257119e+02
1.000000e+02, 1.296811e+02
1.000000e+02, 1.338338e+02
1.000000e+02, 1.381968e+02
1.000000e+02, 1.428040e+02
1.000000e+02, 1.477001e+02
1.000000e+02, 1.529449e+02
1.000000e+02, 1.586231e+02
1.000000e+02, 1.648609e+02
1.000000e+02, 1.718622e+02
1.000000e+02, 1.800000e+02
##END= 