##TITLE= /opt/topspin3.0/exp/stan/nmr/lists/wave/user/HypSec_trunc2.84_110
##JCAMP-DX= 5.00 Bruker JCAMP library
##DATA TYPE= Shape Data
##ORIGIN= Bruker BioSpin GmbH
##OWNER= <nmrsu>
##DATE= 15/02/24
##TIME= 16:15:04
##MINX= 1.164538e+01
##MAXX= 9.999960e+01
##MINY= 2.546774e-02
##MAXY= 3.585574e+02
##$SHAPE_EXMODE= Adiabatic
##$SHAPE_TOTROT= 1.800000e+02
##$SHAPE_BWFAC= 1.929340e+02
##$SHAPE_INTEGFAC= 2.356110e-02
##$SHAPE_MODE= 0
##NPOINTS= 1000
##XYPOINTS= (XY..XY)
1.000000e+02, 1.800000e+02
1.000000e+02, 1.742537e+02
1.000000e+02, 1.693100e+02
1.000000e+02, 1.649053e+02
1.000000e+02, 1.608958e+02
1.000000e+02, 1.571923e+02
1.000000e+02, 1.537351e+02
1.000000e+02, 1.504818e+02
1.000000e+02, 1.474010e+02
1.000000e+02, 1.444687e+02
1.000000e+02, 1.416659e+02
1.000000e+02, 1.389776e+02
1.000000e+02, 1.363914e+02
1.000000e+02, 1.338969e+02
1.000000e+02, 1.314855e+02
1.000000e+02, 1.291499e+02
1.000000e+02, 1.268837e+02
1.000000e+02, 1.246815e+02
1.000000e+02, 1.225385e+02
1.000000e+02, 1.204505e+02
1.000000e+02, 1.184138e+02
1.000000e+02, 1.164250e+02
1.000000e+02, 1.144813e+02
1.000000e+02, 1.125798e+02
1.000000e+02, 1.107183e+02
1.000000e+02, 1.088945e+02
1.000000e+02, 1.071064e+02
1.000000e+02, 1.053523e+02
1.000000e+02, 1.036304e+02
1.000000e+02, 1.019393e+02
1.000000e+02, 1.002775e+02
1.000000e+02, 9.864373e+01
1.000000e+02, 9.703680e+01
1.000000e+02, 9.545556e+01
1.000000e+02, 9.389899e+01
1.000000e+02, 9.236612e+01
1.000000e+02, 9.085603e+01
1.000000e+02, 8.936787e+01
1.000000e+02, 8.790086e+01
1.000000e+02, 8.645425e+01
1.000000e+02, 8.502732e+01
1.000000e+02, 8.361943e+01
1.000000e+02, 8.222994e+01
1.000000e+02, 8.085827e+01
1.000000e+02, 7.950386e+01
1.000000e+02, 7.816618e+01
1.000000e+02, 7.684473e+01
1.000000e+02, 7.553904e+01
1.000000e+02, 7.424865e+01
1.000000e+02, 7.297314e+01
1.000000e+02, 7.171209e+01
1.000000e+02, 7.046513e+01
1.000000e+02, 6.923186e+01
1.000000e+02, 6.801195e+01
1.000000e+02, 6.680506e+01
1.000000e+02, 6.561085e+01
1.000000e+02, 6.442902e+01
1.000000e+02, 6.325927e+01
1.000000e+02, 6.210132e+01
1.000000e+02, 6.095489e+01
1.000000e+02, 5.981973e+01
1.000000e+02, 5.869557e+01
1.000000e+02, 5.758219e+01
1.000000e+02, 5.647934e+01
1.000000e+02, 5.538679e+01
1.000000e+02, 5.430435e+01
1.000000e+02, 5.323179e+01
1.000000e+02, 5.216892e+01
1.000000e+02, 5.111555e+01
1.000000e+02, 5.007148e+01
1.000000e+02, 4.903654e+01
1.000000e+02, 4.801056e+01
1.000000e+02, 4.699336e+01
1.000000e+02, 4.598478e+01
1.000000e+02, 4.498467e+01
1.000000e+02, 4.399288e+01
1.000000e+02, 4.300925e+01
1.000000e+02, 4.203365e+01
1.000000e+02, 4.106594e+01
1.000000e+02, 4.010597e+01
1.000000e+02, 3.915363e+01
1.000000e+02, 3.820879e+01
1.000000e+02, 3.727132e+01
1.000000e+02, 3.634110e+01
1.000000e+02, 3.541803e+01
1.000000e+02, 3.450198e+01
1.000000e+02, 3.359286e+01
1.000000e+02, 3.269054e+01
1.000000e+02, 3.179494e+01
1.000000e+02, 3.090595e+01
1.000000e+02, 3.002347e+01
1.000000e+02, 2.914741e+01
1.000000e+02, 2.827768e+01
1.000000e+02, 2.741418e+01
1.000000e+02, 2.655683e+01
1.000000e+02, 2.570554e+01
1.000000e+02, 2.486024e+01
1.000000e+02, 2.402083e+01
1.000000e+02, 2.318724e+01
1.000000e+02, 2.235940e+01
1.000000e+02, 2.153722e+01
1.000000e+02, 2.072064e+01
1.000000e+02, 1.990958e+01
1.000000e+02, 1.910397e+01
1.000000e+02, 1.830375e+01
1.000000e+02, 1.750884e+01
1.000000e+02, 1.671919e+01
1.000000e+02, 1.593472e+01
1.000000e+02, 1.515538e+01
1.000000e+02, 1.438110e+01
1.000000e+02, 1.361183e+01
1.000000e+02, 1.284751e+01
1.000000e+02, 1.208807e+01
1.000000e+02, 1.133347e+01
1.000000e+02, 1.058365e+01
1.000000e+02, 9.838557e+00
1.000000e+02, 9.098137e+00
1.000000e+02, 8.362339e+00
1.000000e+02, 7.631113e+00
1.000000e+02, 6.904411e+00
1.000000e+02, 6.182184e+00
1.000000e+02, 5.464385e+00
1.000000e+02, 4.750968e+00
1.000000e+02, 4.041887e+00
1.000000e+02, 3.337099e+00
1.000000e+02, 2.636558e+00
1.000000e+02, 1.940224e+00
1.000000e+02, 1.248053e+00
1.000000e+02, 5.600057e-01
1.000000e+02, 3.598760e+02
1.000000e+02, 3.591961e+02
1.000000e+02, 3.585202e+02
1.000000e+02, 3.578482e+02
1.000000e+02, 3.571802e+02
1.000000e+02, 3.565161e+02
1.000000e+02, 3.558558e+02
1.000000e+02, 3.551994e+02
1.000000e+02, 3.545467e+02
1.000000e+02, 3.538978e+02
1.000000e+02, 3.532526e+02
1.000000e+02, 3.526111e+02
1.000000e+02, 3.519732e+02
1.000000e+02, 3.513390e+02
1.000000e+02, 3.507083e+02
1.000000e+02, 3.500812e+02
1.000000e+02, 3.494577e+02
1.000000e+02, 3.488376e+02
1.000000e+02, 3.482210e+02
1.000000e+02, 3.476078e+02
1.000000e+02, 3.469981e+02
1.000000e+02, 3.463918e+02
1.000000e+02, 3.457888e+02
1.000000e+02, 3.451891e+02
1.000000e+02, 3.445927e+02
1.000000e+02, 3.439996e+02
1.000000e+02, 3.434098e+02
1.000000e+02, 3.428232e+02
1.000000e+02, 3.422398e+02
1.000000e+02, 3.416596e+02
1.000000e+02, 3.410825e+02
1.000000e+02, 3.405086e+02
1.000000e+02, 3.399378e+02
1.000000e+02, 3.393700e+02
1.000000e+02, 3.388053e+02
1.000000e+02, 3.382437e+02
1.000000e+02, 3.376851e+02
1.000000e+02, 3.371294e+02
1.000000e+02, 3.365768e+02
1.000000e+02, 3.360271e+02
1.000000e+02, 3.354803e+02
1.000000e+02, 3.349364e+02
1.000000e+02, 3.343955e+02
1.000000e+02, 3.338574e+02
1.000000e+02, 3.333221e+02
1.000000e+02, 3.327897e+02
1.000000e+02, 3.322601e+02
1.000000e+02, 3.317333e+02
1.000000e+02, 3.312093e+02
1.000000e+02, 3.306880e+02
1.000000e+02, 3.301695e+02
1.000000e+02, 3.296537e+02
1.000000e+02, 3.291407e+02
1.000000e+02, 3.286303e+02
1.000000e+02, 3.281225e+02
1.000000e+02, 3.276175e+02
1.000000e+02, 3.271150e+02
1.000000e+02, 3.266152e+02
1.000000e+02, 3.261180e+02
1.000000e+02, 3.256234e+02
1.000000e+02, 3.251314e+02
1.000000e+02, 3.246419e+02
1.000000e+02, 3.241550e+02
1.000000e+02, 3.236706e+02
1.000000e+02, 3.231887e+02
1.000000e+02, 3.227093e+02
1.000000e+02, 3.222324e+02
1.000000e+02, 3.217580e+02
1.000000e+02, 3.212860e+02
1.000000e+02, 3.208165e+02
1.000000e+02, 3.203494e+02
1.000000e+02, 3.198847e+02
1.000000e+02, 3.194224e+02
1.000000e+02, 3.189625e+02
1.000000e+02, 3.185050e+02
1.000000e+02, 3.180499e+02
1.000000e+02, 3.175971e+02
1.000000e+02, 3.171466e+02
1.000000e+02, 3.166985e+02
1.000000e+02, 3.162527e+02
1.000000e+02, 3.158091e+02
1.000000e+02, 3.153679e+02
1.000000e+02, 3.149290e+02
1.000000e+02, 3.144923e+02
1.000000e+02, 3.140579e+02
1.000000e+02, 3.136257e+02
1.000000e+02, 3.131957e+02
1.000000e+02, 3.127680e+02
1.000000e+02, 3.123424e+02
1.000000e+02, 3.119191e+02
1.000000e+02, 3.114980e+02
1.000000e+02, 3.110790e+02
1.000000e+02, 3.106622e+02
1.000000e+02, 3.102476e+02
1.000000e+02, 3.098351e+02
1.000000e+02, 3.094247e+02
1.000000e+02, 3.090165e+02
1.000000e+02, 3.086104e+02
1.000000e+02, 3.082064e+02
1.000000e+02, 3.078045e+02
1.000000e+02, 3.074047e+02
1.000000e+02, 3.070069e+02
1.000000e+02, 3.066112e+02
1.000000e+02, 3.062176e+02
1.000000e+02, 3.058260e+02
1.000000e+02, 3.054365e+02
1.000000e+02, 3.050490e+02
1.000000e+02, 3.046635e+02
1.000000e+02, 3.042801e+02
1.000000e+02, 3.038986e+02
1.000000e+02, 3.035192e+02
1.000000e+02, 3.031417e+02
1.000000e+02, 3.027662e+02
1.000000e+02, 3.023927e+02
1.000000e+02, 3.020211e+02
1.000000e+02, 3.016515e+02
1.000000e+02, 3.012839e+02
1.000000e+02, 3.009182e+02
1.000000e+02, 3.005544e+02
1.000000e+02, 3.001925e+02
1.000000e+02, 2.998326e+02
1.000000e+02, 2.994745e+02
1.000000e+02, 2.991184e+02
1.000000e+02, 2.987642e+02
1.000000e+02, 2.984118e+02
1.000000e+02, 2.980613e+02
1.000000e+02, 2.977127e+02
1.000000e+02, 2.973660e+02
1.000000e+02, 2.970211e+02
1.000000e+02, 2.966781e+02
1.000000e+02, 2.963369e+02
1.000000e+02, 2.959975e+02
1.000000e+02, 2.956600e+02
1.000000e+02, 2.953243e+02
1.000000e+02, 2.949904e+02
1.000000e+02, 2.946584e+02
1.000000e+02, 2.943281e+02
1.000000e+02, 2.939996e+02
1.000000e+02, 2.936729e+02
1.000000e+02, 2.933480e+02
1.000000e+02, 2.930249e+02
1.000000e+02, 2.927035e+02
1.000000e+02, 2.923840e+02
1.000000e+02, 2.920661e+02
1.000000e+02, 2.917501e+02
1.000000e+02, 2.914357e+02
1.000000e+02, 2.911231e+02
1.000000e+02, 2.908123e+02
1.000000e+02, 2.905032e+02
1.000000e+02, 2.901958e+02
1.000000e+02, 2.898901e+02
1.000000e+02, 2.895861e+02
1.000000e+02, 2.892839e+02
1.000000e+02, 2.889833e+02
1.000000e+02, 2.886845e+02
1.000000e+02, 2.883873e+02
1.000000e+02, 2.880918e+02
1.000000e+02, 2.877980e+02
1.000000e+02, 2.875059e+02
1.000000e+02, 2.872154e+02
1.000000e+02, 2.869266e+02
1.000000e+02, 2.866395e+02
1.000000e+02, 2.863540e+02
1.000000e+02, 2.860702e+02
1.000000e+02, 2.857880e+02
1.000000e+02, 2.855075e+02
1.000000e+02, 2.852286e+02
1.000000e+02, 2.849513e+02
1.000000e+02, 2.846756e+02
1.000000e+02, 2.844016e+02
1.000000e+02, 2.841292e+02
1.000000e+02, 2.838584e+02
1.000000e+02, 2.835892e+02
1.000000e+02, 2.833216e+02
1.000000e+02, 2.830556e+02
1.000000e+02, 2.827912e+02
1.000000e+02, 2.825284e+02
1.000000e+02, 2.822672e+02
1.000000e+02, 2.820075e+02
1.000000e+02, 2.817495e+02
1.000000e+02, 2.814930e+02
1.000000e+02, 2.812380e+02
1.000000e+02, 2.809847e+02
1.000000e+02, 2.807329e+02
1.000000e+02, 2.804826e+02
1.000000e+02, 2.802339e+02
1.000000e+02, 2.799868e+02
1.000000e+02, 2.797412e+02
1.000000e+02, 2.794971e+02
1.000000e+02, 2.792546e+02
1.000000e+02, 2.790136e+02
1.000000e+02, 2.787741e+02
1.000000e+02, 2.785362e+02
1.000000e+02, 2.782998e+02
1.000000e+02, 2.780649e+02
1.000000e+02, 2.778315e+02
1.000000e+02, 2.775996e+02
1.000000e+02, 2.773692e+02
1.000000e+02, 2.771404e+02
1.000000e+02, 2.769130e+02
1.000000e+02, 2.766871e+02
1.000000e+02, 2.764627e+02
1.000000e+02, 2.762398e+02
1.000000e+02, 2.760184e+02
1.000000e+02, 2.757985e+02
1.000000e+02, 2.755801e+02
1.000000e+02, 2.753631e+02
1.000000e+02, 2.751476e+02
1.000000e+02, 2.749336e+02
1.000000e+02, 2.747210e+02
1.000000e+02, 2.745099e+02
1.000000e+02, 2.743003e+02
1.000000e+02, 2.740921e+02
1.000000e+02, 2.738854e+02
1.000000e+02, 2.736801e+02
1.000000e+02, 2.734763e+02
1.000000e+02, 2.732739e+02
1.000000e+02, 2.730729e+02
1.000000e+02, 2.728734e+02
1.000000e+02, 2.726754e+02
1.000000e+02, 2.724787e+02
1.000000e+02, 2.722835e+02
1.000000e+02, 2.720897e+02
1.000000e+02, 2.718974e+02
1.000000e+02, 2.717065e+02
1.000000e+02, 2.715170e+02
1.000000e+02, 2.713289e+02
1.000000e+02, 2.711422e+02
1.000000e+02, 2.709569e+02
1.000000e+02, 2.707731e+02
1.000000e+02, 2.705906e+02
1.000000e+02, 2.704095e+02
1.000000e+02, 2.702299e+02
1.000000e+02, 2.700516e+02
1.000000e+02, 2.698748e+02
1.000000e+02, 2.696993e+02
1.000000e+02, 2.695253e+02
1.000000e+02, 2.693526e+02
1.000000e+02, 2.691813e+02
1.000000e+02, 2.690114e+02
1.000000e+02, 2.688429e+02
1.000000e+02, 2.686757e+02
1.000000e+02, 2.685099e+02
1.000000e+02, 2.683455e+02
1.000000e+02, 2.681825e+02
1.000000e+02, 2.680209e+02
1.000000e+02, 2.678606e+02
1.000000e+02, 2.677016e+02
1.000000e+02, 2.675441e+02
1.000000e+02, 2.673879e+02
1.000000e+02, 2.672331e+02
1.000000e+02, 2.670796e+02
1.000000e+02, 2.669275e+02
1.000000e+02, 2.667767e+02
1.000000e+02, 2.666273e+02
1.000000e+02, 2.664792e+02
1.000000e+02, 2.663325e+02
1.000000e+02, 2.661871e+02
1.000000e+02, 2.660431e+02
1.000000e+02, 2.659004e+02
1.000000e+02, 2.657590e+02
1.000000e+02, 2.656190e+02
1.000000e+02, 2.654803e+02
1.000000e+02, 2.653430e+02
1.000000e+02, 2.652070e+02
1.000000e+02, 2.650723e+02
1.000000e+02, 2.649390e+02
1.000000e+02, 2.648069e+02
1.000000e+02, 2.646762e+02
1.000000e+02, 2.645469e+02
1.000000e+02, 2.644188e+02
1.000000e+02, 2.642921e+02
1.000000e+02, 2.641667e+02
1.000000e+02, 2.640426e+02
1.000000e+02, 2.639198e+02
1.000000e+02, 2.637983e+02
1.000000e+02, 2.636782e+02
1.000000e+02, 2.635594e+02
1.000000e+02, 2.634418e+02
1.000000e+02, 2.633256e+02
1.000000e+02, 2.632107e+02
1.000000e+02, 2.630971e+02
1.000000e+02, 2.629848e+02
1.000000e+02, 2.628738e+02
1.000000e+02, 2.627640e+02
1.000000e+02, 2.626556e+02
1.000000e+02, 2.625485e+02
1.000000e+02, 2.624427e+02
1.000000e+02, 2.623382e+02
1.000000e+02, 2.622350e+02
1.000000e+02, 2.621331e+02
1.000000e+02, 2.620324e+02
1.000000e+02, 2.619331e+02
1.000000e+02, 2.618350e+02
1.000000e+02, 2.617382e+02
1.000000e+02, 2.616427e+02
1.000000e+02, 2.615485e+02
1.000000e+02, 2.614556e+02
1.000000e+02, 2.613640e+02
1.000000e+02, 2.612736e+02
1.000000e+02, 2.611846e+02
1.000000e+02, 2.610968e+02
1.000000e+02, 2.610103e+02
1.000000e+02, 2.609250e+02
1.000000e+02, 2.608411e+02
1.000000e+02, 2.607584e+02
1.000000e+02, 2.606770e+02
1.000000e+02, 2.605969e+02
1.000000e+02, 2.605180e+02
1.000000e+02, 2.604404e+02
1.000000e+02, 2.603641e+02
1.000000e+02, 2.602890e+02
1.000000e+02, 2.602152e+02
1.000000e+02, 2.601427e+02
1.000000e+02, 2.600715e+02
1.000000e+02, 2.600015e+02
1.000000e+02, 2.599328e+02
1.000000e+02, 2.598653e+02
1.000000e+02, 2.597991e+02
1.000000e+02, 2.597342e+02
1.000000e+02, 2.596705e+02
1.000000e+02, 2.596081e+02
1.000000e+02, 2.595470e+02
1.000000e+02, 2.594871e+02
1.000000e+02, 2.594285e+02
1.000000e+02, 2.593711e+02
1.000000e+02, 2.593150e+02
1.000000e+02, 2.592601e+02
1.000000e+02, 2.592065e+02
1.000000e+02, 2.591542e+02
1.000000e+02, 2.591031e+02
1.000000e+02, 2.590533e+02
1.000000e+02, 2.590047e+02
1.000000e+02, 2.589574e+02
1.000000e+02, 2.589113e+02
1.000000e+02, 2.588665e+02
1.000000e+02, 2.588229e+02
1.000000e+02, 2.587806e+02
1.000000e+02, 2.587395e+02
1.000000e+02, 2.586997e+02
1.000000e+02, 2.586611e+02
1.000000e+02, 2.586238e+02
1.000000e+02, 2.585877e+02
1.000000e+02, 2.585529e+02
1.000000e+02, 2.585193e+02
1.000000e+02, 2.584870e+02
1.000000e+02, 2.584559e+02
1.000000e+02, 2.584260e+02
1.000000e+02, 2.583974e+02
1.000000e+02, 2.583701e+02
1.000000e+02, 2.583440e+02
1.000000e+02, 2.583191e+02
1.000000e+02, 2.582955e+02
1.000000e+02, 2.582731e+02
1.000000e+02, 2.582520e+02
1.000000e+02, 2.582321e+02
1.000000e+02, 2.582135e+02
1.000000e+02, 2.581961e+02
1.000000e+02, 2.581800e+02
1.000000e+02, 2.581651e+02
1.000000e+02, 2.581514e+02
1.000000e+02, 2.581390e+02
1.000000e+02, 2.581278e+02
1.000000e+02, 2.581179e+02
1.000000e+02, 2.581092e+02
1.000000e+02, 2.581017e+02
1.000000e+02, 2.580955e+02
1.000000e+02, 2.580905e+02
1.000000e+02, 2.580868e+02
1.000000e+02, 2.580843e+02
1.000000e+02, 2.580831e+02
1.000000e+02, 2.580831e+02
1.000000e+02, 2.580843e+02
1.000000e+02, 2.580868e+02
1.000000e+02, 2.580905e+02
1.000000e+02, 2.580955e+02
1.000000e+02, 2.581017e+02
1.000000e+02, 2.581092e+02
1.000000e+02, 2.581179e+02
1.000000e+02, 2.581278e+02
1.000000e+02, 2.581390e+02
1.000000e+02, 2.581514e+02
1.000000e+02, 2.581651e+02
1.000000e+02, 2.581800e+02
1.000000e+02, 2.581961e+02
1.000000e+02, 2.582135e+02
1.000000e+02, 2.582321e+02
1.000000e+02, 2.582520e+02
1.000000e+02, 2.582731e+02
1.000000e+02, 2.582955e+02
1.000000e+02, 2.583191e+02
1.000000e+02, 2.583440e+02
1.000000e+02, 2.583701e+02
1.000000e+02, 2.583974e+02
1.000000e+02, 2.584260e+02
1.000000e+02, 2.584559e+02
1.000000e+02, 2.584870e+02
1.000000e+02, 2.585193e+02
1.000000e+02, 2.585529e+02
1.000000e+02, 2.585877e+02
1.000000e+02, 2.586238e+02
1.000000e+02, 2.586611e+02
1.000000e+02, 2.586997e+02
1.000000e+02, 2.587395e+02
1.000000e+02, 2.587806e+02
1.000000e+02, 2.588229e+02
1.000000e+02, 2.588665e+02
1.000000e+02, 2.589113e+02
1.000000e+02, 2.589574e+02
1.000000e+02, 2.590047e+02
1.000000e+02, 2.590533e+02
1.000000e+02, 2.591031e+02
1.000000e+02, 2.591542e+02
1.000000e+02, 2.592065e+02
1.000000e+02, 2.592601e+02
1.000000e+02, 2.593150e+02
1.000000e+02, 2.593711e+02
1.000000e+02, 2.594285e+02
1.000000e+02, 2.594871e+02
1.000000e+02, 2.595470e+02
1.000000e+02, 2.596081e+02
1.000000e+02, 2.596705e+02
1.000000e+02, 2.597342e+02
1.000000e+02, 2.597991e+02
1.000000e+02, 2.598653e+02
1.000000e+02, 2.599328e+02
1.000000e+02, 2.600015e+02
1.000000e+02, 2.600715e+02
1.000000e+02, 2.601427e+02
1.000000e+02, 2.602152e+02
1.000000e+02, 2.602890e+02
1.000000e+02, 2.603641e+02
1.000000e+02, 2.604404e+02
1.000000e+02, 2.605180e+02
1.000000e+02, 2.605969e+02
1.000000e+02, 2.606770e+02
1.000000e+02, 2.607584e+02
1.000000e+02, 2.608411e+02
1.000000e+02, 2.609250e+02
1.000000e+02, 2.610103e+02
1.000000e+02, 2.610968e+02
1.000000e+02, 2.611846e+02
1.000000e+02, 2.612736e+02
1.000000e+02, 2.613640e+02
1.000000e+02, 2.614556e+02
1.000000e+02, 2.615485e+02
1.000000e+02, 2.616427e+02
1.000000e+02, 2.617382e+02
1.000000e+02, 2.618350e+02
1.000000e+02, 2.619331e+02
1.000000e+02, 2.620324e+02
1.000000e+02, 2.621331e+02
1.000000e+02, 2.622350e+02
1.000000e+02, 2.623382e+02
1.000000e+02, 2.624427e+02
1.000000e+02, 2.625485e+02
1.000000e+02, 2.626556e+02
1.000000e+02, 2.627640e+02
1.000000e+02, 2.628738e+02
1.000000e+02, 2.629848e+02
1.000000e+02, 2.630971e+02
1.000000e+02, 2.632107e+02
1.000000e+02, 2.633256e+02
1.000000e+02, 2.634418e+02
1.000000e+02, 2.635594e+02
1.000000e+02, 2.636782e+02
1.000000e+02, 2.637983e+02
1.000000e+02, 2.639198e+02
1.000000e+02, 2.640426e+02
1.000000e+02, 2.641667e+02
1.000000e+02, 2.642921e+02
1.000000e+02, 2.644188e+02
1.000000e+02, 2.645469e+02
1.000000e+02, 2.646762e+02
1.000000e+02, 2.648069e+02
1.000000e+02, 2.649390e+02
1.000000e+02, 2.650723e+02
1.000000e+02, 2.652070e+02
1.000000e+02, 2.653430e+02
1.000000e+02, 2.654803e+02
1.000000e+02, 2.656190e+02
1.000000e+02, 2.657590e+02
1.000000e+02, 2.659004e+02
1.000000e+02, 2.660431e+02
1.000000e+02, 2.661871e+02
1.000000e+02, 2.663325e+02
1.000000e+02, 2.664792e+02
1.000000e+02, 2.666273e+02
1.000000e+02, 2.667767e+02
1.000000e+02, 2.669275e+02
1.000000e+02, 2.670796e+02
1.000000e+02, 2.672331e+02
1.000000e+02, 2.673879e+02
1.000000e+02, 2.675441e+02
1.000000e+02, 2.677016e+02
1.000000e+02, 2.678606e+02
1.000000e+02, 2.680209e+02
1.000000e+02, 2.681825e+02
1.000000e+02, 2.683455e+02
1.000000e+02, 2.685099e+02
1.000000e+02, 2.686757e+02
1.000000e+02, 2.688429e+02
1.000000e+02, 2.690114e+02
1.000000e+02, 2.691813e+02
1.000000e+02, 2.693526e+02
1.000000e+02, 2.695253e+02
1.000000e+02, 2.696993e+02
1.000000e+02, 2.698748e+02
1.000000e+02, 2.700517e+02
1.000000e+02, 2.702299e+02
1.000000e+02, 2.704095e+02
1.000000e+02, 2.705906e+02
1.000000e+02, 2.707731e+02
1.000000e+02, 2.709569e+02
1.000000e+02, 2.711422e+02
1.000000e+02, 2.713289e+02
1.000000e+02, 2.715170e+02
1.000000e+02, 2.717065e+02
1.000000e+02, 2.718974e+02
1.000000e+02, 2.720897e+02
1.000000e+02, 2.722835e+02
1.000000e+02, 2.724787e+02
1.000000e+02, 2.726754e+02
1.000000e+02, 2.728734e+02
1.000000e+02, 2.730729e+02
1.000000e+02, 2.732739e+02
1.000000e+02, 2.734763e+02
1.000000e+02, 2.736801e+02
1.000000e+02, 2.738854e+02
1.000000e+02, 2.740921e+02
1.000000e+02, 2.743003e+02
1.000000e+02, 2.745099e+02
1.000000e+02, 2.747210e+02
1.000000e+02, 2.749336e+02
1.000000e+02, 2.751476e+02
1.000000e+02, 2.753631e+02
1.000000e+02, 2.755801e+02
1.000000e+02, 2.757985e+02
1.000000e+02, 2.760184e+02
1.000000e+02, 2.762398e+02
1.000000e+02, 2.764627e+02
1.000000e+02, 2.766871e+02
1.000000e+02, 2.769130e+02
1.000000e+02, 2.771404e+02
1.000000e+02, 2.773692e+02
1.000000e+02, 2.775996e+02
1.000000e+02, 2.778315e+02
1.000000e+02, 2.780649e+02
1.000000e+02, 2.782998e+02
1.000000e+02, 2.785362e+02
1.000000e+02, 2.787741e+02
1.000000e+02, 2.790136e+02
1.000000e+02, 2.792546e+02
1.000000e+02, 2.794971e+02
1.000000e+02, 2.797412e+02
1.000000e+02, 2.799868e+02
1.000000e+02, 2.802339e+02
1.000000e+02, 2.804826e+02
1.000000e+02, 2.807329e+02
1.000000e+02, 2.809847e+02
1.000000e+02, 2.812380e+02
1.000000e+02, 2.814930e+02
1.000000e+02, 2.817495e+02
1.000000e+02, 2.820075e+02
1.000000e+02, 2.822672e+02
1.000000e+02, 2.825284e+02
1.000000e+02, 2.827912e+02
1.000000e+02, 2.830556e+02
1.000000e+02, 2.833216e+02
1.000000e+02, 2.835892e+02
1.000000e+02, 2.838584e+02
1.000000e+02, 2.841292e+02
1.000000e+02, 2.844016e+02
1.000000e+02, 2.846756e+02
1.000000e+02, 2.849513e+02
1.000000e+02, 2.852286e+02
1.000000e+02, 2.855075e+02
1.000000e+02, 2.857880e+02
1.000000e+02, 2.860702e+02
1.000000e+02, 2.863540e+02
1.000000e+02, 2.866395e+02
1.000000e+02, 2.869266e+02
1.000000e+02, 2.872154e+02
1.000000e+02, 2.875059e+02
1.000000e+02, 2.877980e+02
1.000000e+02, 2.880918e+02
1.000000e+02, 2.883873e+02
1.000000e+02, 2.886845e+02
1.000000e+02, 2.889833e+02
1.000000e+02, 2.892839e+02
1.000000e+02, 2.895861e+02
1.000000e+02, 2.898901e+02
1.000000e+02, 2.901958e+02
1.000000e+02, 2.905032e+02
1.000000e+02, 2.908123e+02
1.000000e+02, 2.911231e+02
1.000000e+02, 2.914357e+02
1.000000e+02, 2.917501e+02
1.000000e+02, 2.920661e+02
1.000000e+02, 2.923840e+02
1.000000e+02, 2.927035e+02
1.000000e+02, 2.930249e+02
1.000000e+02, 2.933480e+02
1.000000e+02, 2.936729e+02
1.000000e+02, 2.939996e+02
1.000000e+02, 2.943281e+02
1.000000e+02, 2.946584e+02
1.000000e+02, 2.949904e+02
1.000000e+02, 2.953243e+02
1.000000e+02, 2.956600e+02
1.000000e+02, 2.959975e+02
1.000000e+02, 2.963369e+02
1.000000e+02, 2.966781e+02
1.000000e+02, 2.970211e+02
1.000000e+02, 2.973660e+02
1.000000e+02, 2.977127e+02
1.000000e+02, 2.980613e+02
1.000000e+02, 2.984118e+02
1.000000e+02, 2.987642e+02
1.000000e+02, 2.991184e+02
1.000000e+02, 2.994746e+02
1.000000e+02, 2.998326e+02
1.000000e+02, 3.001925e+02
1.000000e+02, 3.005544e+02
1.000000e+02, 3.009182e+02
1.000000e+02, 3.012839e+02
1.000000e+02, 3.016515e+02
1.000000e+02, 3.020211e+02
1.000000e+02, 3.023927e+02
1.000000e+02, 3.027662e+02
1.000000e+02, 3.031417e+02
1.000000e+02, 3.035192e+02
1.000000e+02, 3.038986e+02
1.000000e+02, 3.042801e+02
1.000000e+02, 3.046635e+02
1.000000e+02, 3.050490e+02
1.000000e+02, 3.054365e+02
1.000000e+02, 3.058260e+02
1.000000e+02, 3.062176e+02
1.000000e+02, 3.066112e+02
1.000000e+02, 3.070069e+02
1.000000e+02, 3.074047e+02
1.000000e+02, 3.078045e+02
1.000000e+02, 3.082064e+02
1.000000e+02, 3.086104e+02
1.000000e+02, 3.090165e+02
1.000000e+02, 3.094247e+02
1.000000e+02, 3.098351e+02
1.000000e+02, 3.102476e+02
1.000000e+02, 3.106622e+02
1.000000e+02, 3.110790e+02
1.000000e+02, 3.114980e+02
1.000000e+02, 3.119191e+02
1.000000e+02, 3.123425e+02
1.000000e+02, 3.127680e+02
1.000000e+02, 3.131957e+02
1.000000e+02, 3.136257e+02
1.000000e+02, 3.140579e+02
1.000000e+02, 3.144923e+02
1.000000e+02, 3.149290e+02
1.000000e+02, 3.153679e+02
1.000000e+02, 3.158091e+02
1.000000e+02, 3.162527e+02
1.000000e+02, 3.166985e+02
1.000000e+02, 3.171466e+02
1.000000e+02, 3.175971e+02
1.000000e+02, 3.180499e+02
1.000000e+02, 3.185050e+02
1.000000e+02, 3.189625e+02
1.000000e+02, 3.194224e+02
1.000000e+02, 3.198847e+02
1.000000e+02, 3.203494e+02
1.000000e+02, 3.208165e+02
1.000000e+02, 3.212860e+02
1.000000e+02, 3.217580e+02
1.000000e+02, 3.222324e+02
1.000000e+02, 3.227093e+02
1.000000e+02, 3.231887e+02
1.000000e+02, 3.236706e+02
1.000000e+02, 3.241550e+02
1.000000e+02, 3.246419e+02
1.000000e+02, 3.251314e+02
1.000000e+02, 3.256234e+02
1.000000e+02, 3.261180e+02
1.000000e+02, 3.266152e+02
1.000000e+02, 3.271150e+02
1.000000e+02, 3.276175e+02
1.000000e+02, 3.281225e+02
1.000000e+02, 3.286303e+02
1.000000e+02, 3.291407e+02
1.000000e+02, 3.296537e+02
1.000000e+02, 3.301695e+02
1.000000e+02, 3.306881e+02
1.000000e+02, 3.312093e+02
1.000000e+02, 3.317333e+02
1.000000e+02, 3.322601e+02
1.000000e+02, 3.327897e+02
1.000000e+02, 3.333221e+02
1.000000e+02, 3.338574e+02
1.000000e+02, 3.343955e+02
1.000000e+02, 3.349364e+02
1.000000e+02, 3.354803e+02
1.000000e+02, 3.360271e+02
1.000000e+02, 3.365768e+02
1.000000e+02, 3.371294e+02
1.000000e+02, 3.376851e+02
1.000000e+02, 3.382437e+02
1.000000e+02, 3.388053e+02
1.000000e+02, 3.393700e+02
1.000000e+02, 3.399378e+02
1.000000e+02, 3.405086e+02
1.000000e+02, 3.410825e+02
1.000000e+02, 3.416596e+02
1.000000e+02, 3.422398e+02
1.000000e+02, 3.428232e+02
1.000000e+02, 3.434098e+02
1.000000e+02, 3.439996e+02
1.000000e+02, 3.445927e+02
1.000000e+02, 3.451891e+02
1.000000e+02, 3.457888e+02
1.000000e+02, 3.463918e+02
1.000000e+02, 3.469981e+02
1.000000e+02, 3.476079e+02
1.000000e+02, 3.482210e+02
1.000000e+02, 3.488376e+02
1.000000e+02, 3.494577e+02
1.000000e+02, 3.500812e+02
1.000000e+02, 3.507083e+02
1.000000e+02, 3.513390e+02
1.000000e+02, 3.519732e+02
1.000000e+02, 3.526111e+02
1.000000e+02, 3.532526e+02
1.000000e+02, 3.538978e+02
1.000000e+02, 3.545467e+02
1.000000e+02, 3.551994e+02
1.000000e+02, 3.558558e+02
1.000000e+02, 3.565161e+02
1.000000e+02, 3.571802e+02
1.000000e+02, 3.578483e+02
1.000000e+02, 3.585202e+02
1.000000e+02, 3.591961e+02
1.000000e+02, 3.598760e+02
1.000000e+02, 5.600083e-01
1.000000e+02, 1.248056e+00
1.000000e+02, 1.940227e+00
1.000000e+02, 2.636561e+00
1.000000e+02, 3.337101e+00
1.000000e+02, 4.041890e+00
1.000000e+02, 4.750971e+00
1.000000e+02, 5.464388e+00
1.000000e+02, 6.182187e+00
1.000000e+02, 6.904414e+00
1.000000e+02, 7.631116e+00
1.000000e+02, 8.362342e+00
1.000000e+02, 9.098139e+00
1.000000e+02, 9.838560e+00
1.000000e+02, 1.058365e+01
1.000000e+02, 1.133347e+01
1.000000e+02, 1.208807e+01
1.000000e+02, 1.284751e+01
1.000000e+02, 1.361183e+01
1.000000e+02, 1.438110e+01
1.000000e+02, 1.515538e+01
1.000000e+02, 1.593472e+01
1.000000e+02, 1.671919e+01
1.000000e+02, 1.750884e+01
1.000000e+02, 1.830375e+01
1.000000e+02, 1.910397e+01
1.000000e+02, 1.990958e+01
1.000000e+02, 2.072064e+01
1.000000e+02, 2.153723e+01
1.000000e+02, 2.235940e+01
1.000000e+02, 2.318725e+01
1.000000e+02, 2.402083e+01
1.000000e+02, 2.486024e+01
1.000000e+02, 2.570555e+01
1.000000e+02, 2.655683e+01
1.000000e+02, 2.741418e+01
1.000000e+02, 2.827768e+01
1.000000e+02, 2.914742e+01
1.000000e+02, 3.002348e+01
1.000000e+02, 3.090595e+01
1.000000e+02, 3.179495e+01
1.000000e+02, 3.269055e+01
1.000000e+02, 3.359286e+01
1.000000e+02, 3.450199e+01
1.000000e+02, 3.541803e+01
1.000000e+02, 3.634111e+01
1.000000e+02, 3.727132e+01
1.000000e+02, 3.820879e+01
1.000000e+02, 3.915363e+01
1.000000e+02, 4.010598e+01
1.000000e+02, 4.106594e+01
1.000000e+02, 4.203365e+01
1.000000e+02, 4.300926e+01
1.000000e+02, 4.399288e+01
1.000000e+02, 4.498468e+01
1.000000e+02, 4.598479e+01
1.000000e+02, 4.699336e+01
1.000000e+02, 4.801056e+01
1.000000e+02, 4.903654e+01
1.000000e+02, 5.007148e+01
1.000000e+02, 5.111555e+01
1.000000e+02, 5.216893e+01
1.000000e+02, 5.323180e+01
1.000000e+02, 5.430435e+01
1.000000e+02, 5.538680e+01
1.000000e+02, 5.647934e+01
1.000000e+02, 5.758219e+01
1.000000e+02, 5.869558e+01
1.000000e+02, 5.981973e+01
1.000000e+02, 6.095490e+01
1.000000e+02, 6.210132e+01
1.000000e+02, 6.325928e+01
1.000000e+02, 6.442902e+01
1.000000e+02, 6.561085e+01
1.000000e+02, 6.680506e+01
1.000000e+02, 6.801196e+01
1.000000e+02, 6.923187e+01
1.000000e+02, 7.046513e+01
1.000000e+02, 7.171210e+01
1.000000e+02, 7.297314e+01
1.000000e+02, 7.424865e+01
1.000000e+02, 7.553904e+01
1.000000e+02, 7.684473e+01
1.000000e+02, 7.816618e+01
1.000000e+02, 7.950386e+01
1.000000e+02, 8.085827e+01
1.000000e+02, 8.222994e+01
1.000000e+02, 8.361943e+01
1.000000e+02, 8.502732e+01
1.000000e+02, 8.645425e+01
1.000000e+02, 8.790087e+01
1.000000e+02, 8.936788e+01
1.000000e+02, 9.085603e+01
1.000000e+02, 9.236612e+01
1.000000e+02, 9.389900e+01
1.000000e+02, 9.545557e+01
1.000000e+02, 9.703680e+01
1.000000e+02, 9.864374e+01
1.000000e+02, 1.002775e+02
1.000000e+02, 1.019393e+02
1.000000e+02, 1.036304e+02
1.000000e+02, 1.053523e+02
1.000000e+02, 1.071064e+02
1.000000e+02, 1.088945e+02
1.000000e+02, 1.107183e+02
1.000000e+02, 1.125798e+02
1.000000e+02, 1.144813e+02
1.000000e+02, 1.164250e+02
1.000000e+02, 1.184138e+02
1.000000e+02, 1.204505e+02
1.000000e+02, 1.225385e+02
1.000000e+02, 1.246815e+02
1.000000e+02, 1.268837e+02
1.000000e+02, 1.291499e+02
1.000000e+02, 1.314855e+02
1.000000e+02, 1.338969e+02
1.000000e+02, 1.363914e+02
1.000000e+02, 1.389776e+02
1.000000e+02, 1.416659e+02
1.000000e+02, 1.444687e+02
1.000000e+02, 1.474010e+02
1.000000e+02, 1.504818e+02
1.000000e+02, 1.537351e+02
1.000000e+02, 1.571923e+02
1.000000e+02, 1.608958e+02
1.000000e+02, 1.649053e+02
1.000000e+02, 1.693100e+02
1.000000e+02, 1.742537e+02
1.000000e+02, 1.800000e+02
##END= 