##TITLE= /opt/topspin3.0/exp/stan/nmr/lists/wave/user/HypSec_trunc2.84_110
##JCAMP-DX= 5.00 Bruker JCAMP library
##DATA TYPE= Shape Data
##ORIGIN= Bruker BioSpin GmbH
##OWNER= <nmrsu>
##DATE= 15/02/24
##TIME= 16:15:04
##MINX= 1.164538e+01
##MAXX= 9.999960e+01
##MINY= 2.546774e-02
##MAXY= 3.585574e+02
##$SHAPE_EXMODE= Adiabatic
##$SHAPE_TOTROT= 1.800000e+02
##$SHAPE_BWFAC= 1.929340e+02
##$SHAPE_INTEGFAC= 2.356110e-02
##$SHAPE_MODE= 0
##NPOINTS= 1000
##XYPOINTS= (XY..XY)
1.000000e+02, 1.800000e+02
1.000000e+02, 1.776417e+02
1.000000e+02, 1.756128e+02
1.000000e+02, 1.738051e+02
1.000000e+02, 1.721595e+02
1.000000e+02, 1.706396e+02
1.000000e+02, 1.692208e+02
1.000000e+02, 1.678856e+02
1.000000e+02, 1.666212e+02
1.000000e+02, 1.654178e+02
1.000000e+02, 1.642675e+02
1.000000e+02, 1.631642e+02
1.000000e+02, 1.621028e+02
1.000000e+02, 1.610791e+02
1.000000e+02, 1.600894e+02
1.000000e+02, 1.591309e+02
1.000000e+02, 1.582008e+02
1.000000e+02, 1.572970e+02
1.000000e+02, 1.564176e+02
1.000000e+02, 1.555606e+02
1.000000e+02, 1.547247e+02
1.000000e+02, 1.539085e+02
1.000000e+02, 1.531108e+02
1.000000e+02, 1.523304e+02
1.000000e+02, 1.515665e+02
1.000000e+02, 1.508180e+02
1.000000e+02, 1.500841e+02
1.000000e+02, 1.493642e+02
1.000000e+02, 1.486576e+02
1.000000e+02, 1.479635e+02
1.000000e+02, 1.472815e+02
1.000000e+02, 1.466110e+02
1.000000e+02, 1.459515e+02
1.000000e+02, 1.453026e+02
1.000000e+02, 1.446637e+02
1.000000e+02, 1.440346e+02
1.000000e+02, 1.434149e+02
1.000000e+02, 1.428042e+02
1.000000e+02, 1.422021e+02
1.000000e+02, 1.416084e+02
1.000000e+02, 1.410228e+02
1.000000e+02, 1.404450e+02
1.000000e+02, 1.398747e+02
1.000000e+02, 1.393118e+02
1.000000e+02, 1.387559e+02
1.000000e+02, 1.382069e+02
1.000000e+02, 1.376646e+02
1.000000e+02, 1.371287e+02
1.000000e+02, 1.365992e+02
1.000000e+02, 1.360757e+02
1.000000e+02, 1.355581e+02
1.000000e+02, 1.350464e+02
1.000000e+02, 1.345402e+02
1.000000e+02, 1.340396e+02
1.000000e+02, 1.335443e+02
1.000000e+02, 1.330542e+02
1.000000e+02, 1.325691e+02
1.000000e+02, 1.320891e+02
1.000000e+02, 1.316138e+02
1.000000e+02, 1.311433e+02
1.000000e+02, 1.306775e+02
1.000000e+02, 1.302161e+02
1.000000e+02, 1.297592e+02
1.000000e+02, 1.293065e+02
1.000000e+02, 1.288582e+02
1.000000e+02, 1.284139e+02
1.000000e+02, 1.279737e+02
1.000000e+02, 1.275375e+02
1.000000e+02, 1.271052e+02
1.000000e+02, 1.266767e+02
1.000000e+02, 1.262520e+02
1.000000e+02, 1.258309e+02
1.000000e+02, 1.254135e+02
1.000000e+02, 1.249995e+02
1.000000e+02, 1.245891e+02
1.000000e+02, 1.241820e+02
1.000000e+02, 1.237784e+02
1.000000e+02, 1.233780e+02
1.000000e+02, 1.229808e+02
1.000000e+02, 1.225868e+02
1.000000e+02, 1.221960e+02
1.000000e+02, 1.218082e+02
1.000000e+02, 1.214235e+02
1.000000e+02, 1.210417e+02
1.000000e+02, 1.206629e+02
1.000000e+02, 1.202869e+02
1.000000e+02, 1.199138e+02
1.000000e+02, 1.195435e+02
1.000000e+02, 1.191760e+02
1.000000e+02, 1.188111e+02
1.000000e+02, 1.184489e+02
1.000000e+02, 1.180894e+02
1.000000e+02, 1.177325e+02
1.000000e+02, 1.173781e+02
1.000000e+02, 1.170262e+02
1.000000e+02, 1.166768e+02
1.000000e+02, 1.163299e+02
1.000000e+02, 1.159854e+02
1.000000e+02, 1.156433e+02
1.000000e+02, 1.153036e+02
1.000000e+02, 1.149661e+02
1.000000e+02, 1.146310e+02
1.000000e+02, 1.142982e+02
1.000000e+02, 1.139675e+02
1.000000e+02, 1.136391e+02
1.000000e+02, 1.133129e+02
1.000000e+02, 1.129888e+02
1.000000e+02, 1.126668e+02
1.000000e+02, 1.123470e+02
1.000000e+02, 1.120292e+02
1.000000e+02, 1.117135e+02
1.000000e+02, 1.113998e+02
1.000000e+02, 1.110882e+02
1.000000e+02, 1.107785e+02
1.000000e+02, 1.104707e+02
1.000000e+02, 1.101650e+02
1.000000e+02, 1.098611e+02
1.000000e+02, 1.095591e+02
1.000000e+02, 1.092590e+02
1.000000e+02, 1.089608e+02
1.000000e+02, 1.086644e+02
1.000000e+02, 1.083698e+02
1.000000e+02, 1.080770e+02
1.000000e+02, 1.077860e+02
1.000000e+02, 1.074967e+02
1.000000e+02, 1.072092e+02
1.000000e+02, 1.069234e+02
1.000000e+02, 1.066394e+02
1.000000e+02, 1.063570e+02
1.000000e+02, 1.060763e+02
1.000000e+02, 1.057973e+02
1.000000e+02, 1.055199e+02
1.000000e+02, 1.052441e+02
1.000000e+02, 1.049699e+02
1.000000e+02, 1.046974e+02
1.000000e+02, 1.044264e+02
1.000000e+02, 1.041570e+02
1.000000e+02, 1.038891e+02
1.000000e+02, 1.036228e+02
1.000000e+02, 1.033580e+02
1.000000e+02, 1.030947e+02
1.000000e+02, 1.028329e+02
1.000000e+02, 1.025726e+02
1.000000e+02, 1.023138e+02
1.000000e+02, 1.020565e+02
1.000000e+02, 1.018005e+02
1.000000e+02, 1.015461e+02
1.000000e+02, 1.012930e+02
1.000000e+02, 1.010414e+02
1.000000e+02, 1.007911e+02
1.000000e+02, 1.005423e+02
1.000000e+02, 1.002948e+02
1.000000e+02, 1.000487e+02
1.000000e+02, 9.980395e+01
1.000000e+02, 9.956055e+01
1.000000e+02, 9.931848e+01
1.000000e+02, 9.907774e+01
1.000000e+02, 9.883830e+01
1.000000e+02, 9.860018e+01
1.000000e+02, 9.836335e+01
1.000000e+02, 9.812780e+01
1.000000e+02, 9.789353e+01
1.000000e+02, 9.766052e+01
1.000000e+02, 9.742877e+01
1.000000e+02, 9.719827e+01
1.000000e+02, 9.696901e+01
1.000000e+02, 9.674098e+01
1.000000e+02, 9.651416e+01
1.000000e+02, 9.628856e+01
1.000000e+02, 9.606416e+01
1.000000e+02, 9.584096e+01
1.000000e+02, 9.561895e+01
1.000000e+02, 9.539811e+01
1.000000e+02, 9.517844e+01
1.000000e+02, 9.495994e+01
1.000000e+02, 9.474259e+01
1.000000e+02, 9.452639e+01
1.000000e+02, 9.431133e+01
1.000000e+02, 9.409741e+01
1.000000e+02, 9.388461e+01
1.000000e+02, 9.367292e+01
1.000000e+02, 9.346235e+01
1.000000e+02, 9.325288e+01
1.000000e+02, 9.304451e+01
1.000000e+02, 9.283722e+01
1.000000e+02, 9.263102e+01
1.000000e+02, 9.242590e+01
1.000000e+02, 9.222185e+01
1.000000e+02, 9.201886e+01
1.000000e+02, 9.181692e+01
1.000000e+02, 9.161604e+01
1.000000e+02, 9.141620e+01
1.000000e+02, 9.121740e+01
1.000000e+02, 9.101963e+01
1.000000e+02, 9.082289e+01
1.000000e+02, 9.062717e+01
1.000000e+02, 9.043246e+01
1.000000e+02, 9.023876e+01
1.000000e+02, 9.004607e+01
1.000000e+02, 8.985437e+01
1.000000e+02, 8.966366e+01
1.000000e+02, 8.947394e+01
1.000000e+02, 8.928520e+01
1.000000e+02, 8.909744e+01
1.000000e+02, 8.891064e+01
1.000000e+02, 8.872481e+01
1.000000e+02, 8.853994e+01
1.000000e+02, 8.835602e+01
1.000000e+02, 8.817306e+01
1.000000e+02, 8.799104e+01
1.000000e+02, 8.780995e+01
1.000000e+02, 8.762981e+01
1.000000e+02, 8.745059e+01
1.000000e+02, 8.727230e+01
1.000000e+02, 8.709493e+01
1.000000e+02, 8.691847e+01
1.000000e+02, 8.674293e+01
1.000000e+02, 8.656829e+01
1.000000e+02, 8.639455e+01
1.000000e+02, 8.622172e+01
1.000000e+02, 8.604977e+01
1.000000e+02, 8.587872e+01
1.000000e+02, 8.570855e+01
1.000000e+02, 8.553926e+01
1.000000e+02, 8.537085e+01
1.000000e+02, 8.520331e+01
1.000000e+02, 8.503664e+01
1.000000e+02, 8.487083e+01
1.000000e+02, 8.470589e+01
1.000000e+02, 8.454180e+01
1.000000e+02, 8.437856e+01
1.000000e+02, 8.421617e+01
1.000000e+02, 8.405463e+01
1.000000e+02, 8.389393e+01
1.000000e+02, 8.373406e+01
1.000000e+02, 8.357503e+01
1.000000e+02, 8.341683e+01
1.000000e+02, 8.325946e+01
1.000000e+02, 8.310291e+01
1.000000e+02, 8.294717e+01
1.000000e+02, 8.279226e+01
1.000000e+02, 8.263816e+01
1.000000e+02, 8.248486e+01
1.000000e+02, 8.233237e+01
1.000000e+02, 8.218069e+01
1.000000e+02, 8.202980e+01
1.000000e+02, 8.187971e+01
1.000000e+02, 8.173041e+01
1.000000e+02, 8.158190e+01
1.000000e+02, 8.143418e+01
1.000000e+02, 8.128724e+01
1.000000e+02, 8.114108e+01
1.000000e+02, 8.099570e+01
1.000000e+02, 8.085109e+01
1.000000e+02, 8.070726e+01
1.000000e+02, 8.056419e+01
1.000000e+02, 8.042188e+01
1.000000e+02, 8.028034e+01
1.000000e+02, 8.013956e+01
1.000000e+02, 7.999953e+01
1.000000e+02, 7.986026e+01
1.000000e+02, 7.972174e+01
1.000000e+02, 7.958397e+01
1.000000e+02, 7.944694e+01
1.000000e+02, 7.931065e+01
1.000000e+02, 7.917511e+01
1.000000e+02, 7.904030e+01
1.000000e+02, 7.890623e+01
1.000000e+02, 7.877289e+01
1.000000e+02, 7.864027e+01
1.000000e+02, 7.850839e+01
1.000000e+02, 7.837723e+01
1.000000e+02, 7.824679e+01
1.000000e+02, 7.811707e+01
1.000000e+02, 7.798807e+01
1.000000e+02, 7.785979e+01
1.000000e+02, 7.773221e+01
1.000000e+02, 7.760535e+01
1.000000e+02, 7.747919e+01
1.000000e+02, 7.735374e+01
1.000000e+02, 7.722899e+01
1.000000e+02, 7.710494e+01
1.000000e+02, 7.698159e+01
1.000000e+02, 7.685894e+01
1.000000e+02, 7.673698e+01
1.000000e+02, 7.661571e+01
1.000000e+02, 7.649514e+01
1.000000e+02, 7.637525e+01
1.000000e+02, 7.625604e+01
1.000000e+02, 7.613752e+01
1.000000e+02, 7.601968e+01
1.000000e+02, 7.590252e+01
1.000000e+02, 7.578603e+01
1.000000e+02, 7.567023e+01
1.000000e+02, 7.555509e+01
1.000000e+02, 7.544063e+01
1.000000e+02, 7.532683e+01
1.000000e+02, 7.521370e+01
1.000000e+02, 7.510124e+01
1.000000e+02, 7.498944e+01
1.000000e+02, 7.487830e+01
1.000000e+02, 7.476782e+01
1.000000e+02, 7.465800e+01
1.000000e+02, 7.454884e+01
1.000000e+02, 7.444033e+01
1.000000e+02, 7.433247e+01
1.000000e+02, 7.422526e+01
1.000000e+02, 7.411870e+01
1.000000e+02, 7.401279e+01
1.000000e+02, 7.390752e+01
1.000000e+02, 7.380290e+01
1.000000e+02, 7.369892e+01
1.000000e+02, 7.359558e+01
1.000000e+02, 7.349287e+01
1.000000e+02, 7.339081e+01
1.000000e+02, 7.328938e+01
1.000000e+02, 7.318858e+01
1.000000e+02, 7.308842e+01
1.000000e+02, 7.298888e+01
1.000000e+02, 7.288998e+01
1.000000e+02, 7.279170e+01
1.000000e+02, 7.269404e+01
1.000000e+02, 7.259702e+01
1.000000e+02, 7.250061e+01
1.000000e+02, 7.240483e+01
1.000000e+02, 7.230966e+01
1.000000e+02, 7.221512e+01
1.000000e+02, 7.212119e+01
1.000000e+02, 7.202787e+01
1.000000e+02, 7.193517e+01
1.000000e+02, 7.184309e+01
1.000000e+02, 7.175161e+01
1.000000e+02, 7.166074e+01
1.000000e+02, 7.157049e+01
1.000000e+02, 7.148083e+01
1.000000e+02, 7.139179e+01
1.000000e+02, 7.130335e+01
1.000000e+02, 7.121551e+01
1.000000e+02, 7.112827e+01
1.000000e+02, 7.104164e+01
1.000000e+02, 7.095560e+01
1.000000e+02, 7.087016e+01
1.000000e+02, 7.078532e+01
1.000000e+02, 7.070108e+01
1.000000e+02, 7.061742e+01
1.000000e+02, 7.053436e+01
1.000000e+02, 7.045190e+01
1.000000e+02, 7.037002e+01
1.000000e+02, 7.028873e+01
1.000000e+02, 7.020803e+01
1.000000e+02, 7.012792e+01
1.000000e+02, 7.004839e+01
1.000000e+02, 6.996945e+01
1.000000e+02, 6.989109e+01
1.000000e+02, 6.981332e+01
1.000000e+02, 6.973612e+01
1.000000e+02, 6.965951e+01
1.000000e+02, 6.958347e+01
1.000000e+02, 6.950802e+01
1.000000e+02, 6.943314e+01
1.000000e+02, 6.935883e+01
1.000000e+02, 6.928510e+01
1.000000e+02, 6.921195e+01
1.000000e+02, 6.913937e+01
1.000000e+02, 6.906736e+01
1.000000e+02, 6.899592e+01
1.000000e+02, 6.892505e+01
1.000000e+02, 6.885475e+01
1.000000e+02, 6.878502e+01
1.000000e+02, 6.871585e+01
1.000000e+02, 6.864725e+01
1.000000e+02, 6.857922e+01
1.000000e+02, 6.851175e+01
1.000000e+02, 6.844484e+01
1.000000e+02, 6.837850e+01
1.000000e+02, 6.831272e+01
1.000000e+02, 6.824750e+01
1.000000e+02, 6.818283e+01
1.000000e+02, 6.811873e+01
1.000000e+02, 6.805518e+01
1.000000e+02, 6.799220e+01
1.000000e+02, 6.792976e+01
1.000000e+02, 6.786789e+01
1.000000e+02, 6.780657e+01
1.000000e+02, 6.774580e+01
1.000000e+02, 6.768558e+01
1.000000e+02, 6.762592e+01
1.000000e+02, 6.756681e+01
1.000000e+02, 6.750825e+01
1.000000e+02, 6.745024e+01
1.000000e+02, 6.739278e+01
1.000000e+02, 6.733586e+01
1.000000e+02, 6.727950e+01
1.000000e+02, 6.722368e+01
1.000000e+02, 6.716841e+01
1.000000e+02, 6.711368e+01
1.000000e+02, 6.705950e+01
1.000000e+02, 6.700586e+01
1.000000e+02, 6.695276e+01
1.000000e+02, 6.690021e+01
1.000000e+02, 6.684820e+01
1.000000e+02, 6.679673e+01
1.000000e+02, 6.674580e+01
1.000000e+02, 6.669541e+01
1.000000e+02, 6.664556e+01
1.000000e+02, 6.659625e+01
1.000000e+02, 6.654748e+01
1.000000e+02, 6.649924e+01
1.000000e+02, 6.645154e+01
1.000000e+02, 6.640438e+01
1.000000e+02, 6.635776e+01
1.000000e+02, 6.631166e+01
1.000000e+02, 6.626611e+01
1.000000e+02, 6.622108e+01
1.000000e+02, 6.617659e+01
1.000000e+02, 6.613263e+01
1.000000e+02, 6.608921e+01
1.000000e+02, 6.604631e+01
1.000000e+02, 6.600395e+01
1.000000e+02, 6.596212e+01
1.000000e+02, 6.592082e+01
1.000000e+02, 6.588004e+01
1.000000e+02, 6.583980e+01
1.000000e+02, 6.580008e+01
1.000000e+02, 6.576090e+01
1.000000e+02, 6.572224e+01
1.000000e+02, 6.568410e+01
1.000000e+02, 6.564650e+01
1.000000e+02, 6.560942e+01
1.000000e+02, 6.557286e+01
1.000000e+02, 6.553683e+01
1.000000e+02, 6.550133e+01
1.000000e+02, 6.546635e+01
1.000000e+02, 6.543189e+01
1.000000e+02, 6.539795e+01
1.000000e+02, 6.536454e+01
1.000000e+02, 6.533166e+01
1.000000e+02, 6.529929e+01
1.000000e+02, 6.526745e+01
1.000000e+02, 6.523612e+01
1.000000e+02, 6.520532e+01
1.000000e+02, 6.517504e+01
1.000000e+02, 6.514528e+01
1.000000e+02, 6.511604e+01
1.000000e+02, 6.508732e+01
1.000000e+02, 6.505911e+01
1.000000e+02, 6.503143e+01
1.000000e+02, 6.500427e+01
1.000000e+02, 6.497762e+01
1.000000e+02, 6.495149e+01
1.000000e+02, 6.492588e+01
1.000000e+02, 6.490078e+01
1.000000e+02, 6.487621e+01
1.000000e+02, 6.485215e+01
1.000000e+02, 6.482860e+01
1.000000e+02, 6.480557e+01
1.000000e+02, 6.478306e+01
1.000000e+02, 6.476106e+01
1.000000e+02, 6.473958e+01
1.000000e+02, 6.471861e+01
1.000000e+02, 6.469816e+01
1.000000e+02, 6.467822e+01
1.000000e+02, 6.465880e+01
1.000000e+02, 6.463989e+01
1.000000e+02, 6.462149e+01
1.000000e+02, 6.460361e+01
1.000000e+02, 6.458624e+01
1.000000e+02, 6.456939e+01
1.000000e+02, 6.455304e+01
1.000000e+02, 6.453721e+01
1.000000e+02, 6.452190e+01
1.000000e+02, 6.450709e+01
1.000000e+02, 6.449280e+01
1.000000e+02, 6.447902e+01
1.000000e+02, 6.446575e+01
1.000000e+02, 6.445299e+01
1.000000e+02, 6.444074e+01
1.000000e+02, 6.442901e+01
1.000000e+02, 6.441778e+01
1.000000e+02, 6.440707e+01
1.000000e+02, 6.439687e+01
1.000000e+02, 6.438718e+01
1.000000e+02, 6.437800e+01
1.000000e+02, 6.436933e+01
1.000000e+02, 6.436117e+01
1.000000e+02, 6.435352e+01
1.000000e+02, 6.434638e+01
1.000000e+02, 6.433975e+01
1.000000e+02, 6.433364e+01
1.000000e+02, 6.432803e+01
1.000000e+02, 6.432293e+01
1.000000e+02, 6.431834e+01
1.000000e+02, 6.431426e+01
1.000000e+02, 6.431070e+01
1.000000e+02, 6.430764e+01
1.000000e+02, 6.430509e+01
1.000000e+02, 6.430305e+01
1.000000e+02, 6.430152e+01
1.000000e+02, 6.430050e+01
1.000000e+02, 6.429999e+01
1.000000e+02, 6.429999e+01
1.000000e+02, 6.430050e+01
1.000000e+02, 6.430152e+01
1.000000e+02, 6.430305e+01
1.000000e+02, 6.430509e+01
1.000000e+02, 6.430764e+01
1.000000e+02, 6.431070e+01
1.000000e+02, 6.431426e+01
1.000000e+02, 6.431834e+01
1.000000e+02, 6.432293e+01
1.000000e+02, 6.432803e+01
1.000000e+02, 6.433364e+01
1.000000e+02, 6.433975e+01
1.000000e+02, 6.434638e+01
1.000000e+02, 6.435352e+01
1.000000e+02, 6.436117e+01
1.000000e+02, 6.436933e+01
1.000000e+02, 6.437800e+01
1.000000e+02, 6.438718e+01
1.000000e+02, 6.439687e+01
1.000000e+02, 6.440707e+01
1.000000e+02, 6.441778e+01
1.000000e+02, 6.442901e+01
1.000000e+02, 6.444074e+01
1.000000e+02, 6.445299e+01
1.000000e+02, 6.446575e+01
1.000000e+02, 6.447902e+01
1.000000e+02, 6.449280e+01
1.000000e+02, 6.450709e+01
1.000000e+02, 6.452190e+01
1.000000e+02, 6.453721e+01
1.000000e+02, 6.455304e+01
1.000000e+02, 6.456939e+01
1.000000e+02, 6.458624e+01
1.000000e+02, 6.460361e+01
1.000000e+02, 6.462149e+01
1.000000e+02, 6.463989e+01
1.000000e+02, 6.465880e+01
1.000000e+02, 6.467822e+01
1.000000e+02, 6.469816e+01
1.000000e+02, 6.471861e+01
1.000000e+02, 6.473958e+01
1.000000e+02, 6.476106e+01
1.000000e+02, 6.478306e+01
1.000000e+02, 6.480557e+01
1.000000e+02, 6.482860e+01
1.000000e+02, 6.485215e+01
1.000000e+02, 6.487621e+01
1.000000e+02, 6.490078e+01
1.000000e+02, 6.492588e+01
1.000000e+02, 6.495149e+01
1.000000e+02, 6.497762e+01
1.000000e+02, 6.500427e+01
1.000000e+02, 6.503143e+01
1.000000e+02, 6.505911e+01
1.000000e+02, 6.508732e+01
1.000000e+02, 6.511604e+01
1.000000e+02, 6.514528e+01
1.000000e+02, 6.517504e+01
1.000000e+02, 6.520532e+01
1.000000e+02, 6.523612e+01
1.000000e+02, 6.526745e+01
1.000000e+02, 6.529929e+01
1.000000e+02, 6.533166e+01
1.000000e+02, 6.536454e+01
1.000000e+02, 6.539795e+01
1.000000e+02, 6.543189e+01
1.000000e+02, 6.546635e+01
1.000000e+02, 6.550133e+01
1.000000e+02, 6.553683e+01
1.000000e+02, 6.557286e+01
1.000000e+02, 6.560942e+01
1.000000e+02, 6.564650e+01
1.000000e+02, 6.568410e+01
1.000000e+02, 6.572224e+01
1.000000e+02, 6.576090e+01
1.000000e+02, 6.580008e+01
1.000000e+02, 6.583980e+01
1.000000e+02, 6.588004e+01
1.000000e+02, 6.592082e+01
1.000000e+02, 6.596212e+01
1.000000e+02, 6.600395e+01
1.000000e+02, 6.604631e+01
1.000000e+02, 6.608921e+01
1.000000e+02, 6.613263e+01
1.000000e+02, 6.617659e+01
1.000000e+02, 6.622108e+01
1.000000e+02, 6.626611e+01
1.000000e+02, 6.631166e+01
1.000000e+02, 6.635776e+01
1.000000e+02, 6.640438e+01
1.000000e+02, 6.645155e+01
1.000000e+02, 6.649924e+01
1.000000e+02, 6.654748e+01
1.000000e+02, 6.659625e+01
1.000000e+02, 6.664556e+01
1.000000e+02, 6.669541e+01
1.000000e+02, 6.674580e+01
1.000000e+02, 6.679673e+01
1.000000e+02, 6.684820e+01
1.000000e+02, 6.690021e+01
1.000000e+02, 6.695276e+01
1.000000e+02, 6.700586e+01
1.000000e+02, 6.705950e+01
1.000000e+02, 6.711368e+01
1.000000e+02, 6.716841e+01
1.000000e+02, 6.722368e+01
1.000000e+02, 6.727950e+01
1.000000e+02, 6.733586e+01
1.000000e+02, 6.739278e+01
1.000000e+02, 6.745024e+01
1.000000e+02, 6.750825e+01
1.000000e+02, 6.756681e+01
1.000000e+02, 6.762592e+01
1.000000e+02, 6.768558e+01
1.000000e+02, 6.774580e+01
1.000000e+02, 6.780657e+01
1.000000e+02, 6.786789e+01
1.000000e+02, 6.792976e+01
1.000000e+02, 6.799220e+01
1.000000e+02, 6.805518e+01
1.000000e+02, 6.811873e+01
1.000000e+02, 6.818283e+01
1.000000e+02, 6.824750e+01
1.000000e+02, 6.831272e+01
1.000000e+02, 6.837850e+01
1.000000e+02, 6.844484e+01
1.000000e+02, 6.851175e+01
1.000000e+02, 6.857922e+01
1.000000e+02, 6.864725e+01
1.000000e+02, 6.871585e+01
1.000000e+02, 6.878502e+01
1.000000e+02, 6.885475e+01
1.000000e+02, 6.892505e+01
1.000000e+02, 6.899592e+01
1.000000e+02, 6.906736e+01
1.000000e+02, 6.913937e+01
1.000000e+02, 6.921195e+01
1.000000e+02, 6.928510e+01
1.000000e+02, 6.935883e+01
1.000000e+02, 6.943314e+01
1.000000e+02, 6.950802e+01
1.000000e+02, 6.958347e+01
1.000000e+02, 6.965951e+01
1.000000e+02, 6.973612e+01
1.000000e+02, 6.981332e+01
1.000000e+02, 6.989109e+01
1.000000e+02, 6.996945e+01
1.000000e+02, 7.004839e+01
1.000000e+02, 7.012792e+01
1.000000e+02, 7.020803e+01
1.000000e+02, 7.028873e+01
1.000000e+02, 7.037002e+01
1.000000e+02, 7.045190e+01
1.000000e+02, 7.053436e+01
1.000000e+02, 7.061742e+01
1.000000e+02, 7.070108e+01
1.000000e+02, 7.078532e+01
1.000000e+02, 7.087016e+01
1.000000e+02, 7.095560e+01
1.000000e+02, 7.104164e+01
1.000000e+02, 7.112827e+01
1.000000e+02, 7.121551e+01
1.000000e+02, 7.130335e+01
1.000000e+02, 7.139179e+01
1.000000e+02, 7.148083e+01
1.000000e+02, 7.157049e+01
1.000000e+02, 7.166074e+01
1.000000e+02, 7.175161e+01
1.000000e+02, 7.184309e+01
1.000000e+02, 7.193517e+01
1.000000e+02, 7.202787e+01
1.000000e+02, 7.212119e+01
1.000000e+02, 7.221512e+01
1.000000e+02, 7.230966e+01
1.000000e+02, 7.240483e+01
1.000000e+02, 7.250061e+01
1.000000e+02, 7.259702e+01
1.000000e+02, 7.269404e+01
1.000000e+02, 7.279170e+01
1.000000e+02, 7.288998e+01
1.000000e+02, 7.298888e+01
1.000000e+02, 7.308842e+01
1.000000e+02, 7.318858e+01
1.000000e+02, 7.328938e+01
1.000000e+02, 7.339081e+01
1.000000e+02, 7.349287e+01
1.000000e+02, 7.359558e+01
1.000000e+02, 7.369892e+01
1.000000e+02, 7.380290e+01
1.000000e+02, 7.390752e+01
1.000000e+02, 7.401279e+01
1.000000e+02, 7.411870e+01
1.000000e+02, 7.422526e+01
1.000000e+02, 7.433247e+01
1.000000e+02, 7.444033e+01
1.000000e+02, 7.454884e+01
1.000000e+02, 7.465800e+01
1.000000e+02, 7.476782e+01
1.000000e+02, 7.487830e+01
1.000000e+02, 7.498944e+01
1.000000e+02, 7.510124e+01
1.000000e+02, 7.521370e+01
1.000000e+02, 7.532683e+01
1.000000e+02, 7.544063e+01
1.000000e+02, 7.555509e+01
1.000000e+02, 7.567023e+01
1.000000e+02, 7.578604e+01
1.000000e+02, 7.590252e+01
1.000000e+02, 7.601968e+01
1.000000e+02, 7.613752e+01
1.000000e+02, 7.625604e+01
1.000000e+02, 7.637525e+01
1.000000e+02, 7.649514e+01
1.000000e+02, 7.661571e+01
1.000000e+02, 7.673698e+01
1.000000e+02, 7.685894e+01
1.000000e+02, 7.698159e+01
1.000000e+02, 7.710494e+01
1.000000e+02, 7.722899e+01
1.000000e+02, 7.735374e+01
1.000000e+02, 7.747919e+01
1.000000e+02, 7.760535e+01
1.000000e+02, 7.773221e+01
1.000000e+02, 7.785979e+01
1.000000e+02, 7.798807e+01
1.000000e+02, 7.811707e+01
1.000000e+02, 7.824679e+01
1.000000e+02, 7.837723e+01
1.000000e+02, 7.850839e+01
1.000000e+02, 7.864027e+01
1.000000e+02, 7.877289e+01
1.000000e+02, 7.890623e+01
1.000000e+02, 7.904030e+01
1.000000e+02, 7.917511e+01
1.000000e+02, 7.931065e+01
1.000000e+02, 7.944694e+01
1.000000e+02, 7.958397e+01
1.000000e+02, 7.972174e+01
1.000000e+02, 7.986026e+01
1.000000e+02, 7.999953e+01
1.000000e+02, 8.013956e+01
1.000000e+02, 8.028034e+01
1.000000e+02, 8.042188e+01
1.000000e+02, 8.056419e+01
1.000000e+02, 8.070726e+01
1.000000e+02, 8.085109e+01
1.000000e+02, 8.099570e+01
1.000000e+02, 8.114108e+01
1.000000e+02, 8.128724e+01
1.000000e+02, 8.143418e+01
1.000000e+02, 8.158190e+01
1.000000e+02, 8.173041e+01
1.000000e+02, 8.187971e+01
1.000000e+02, 8.202980e+01
1.000000e+02, 8.218069e+01
1.000000e+02, 8.233237e+01
1.000000e+02, 8.248486e+01
1.000000e+02, 8.263816e+01
1.000000e+02, 8.279226e+01
1.000000e+02, 8.294717e+01
1.000000e+02, 8.310291e+01
1.000000e+02, 8.325946e+01
1.000000e+02, 8.341683e+01
1.000000e+02, 8.357503e+01
1.000000e+02, 8.373406e+01
1.000000e+02, 8.389393e+01
1.000000e+02, 8.405463e+01
1.000000e+02, 8.421617e+01
1.000000e+02, 8.437856e+01
1.000000e+02, 8.454180e+01
1.000000e+02, 8.470589e+01
1.000000e+02, 8.487083e+01
1.000000e+02, 8.503664e+01
1.000000e+02, 8.520331e+01
1.000000e+02, 8.537085e+01
1.000000e+02, 8.553926e+01
1.000000e+02, 8.570855e+01
1.000000e+02, 8.587872e+01
1.000000e+02, 8.604977e+01
1.000000e+02, 8.622172e+01
1.000000e+02, 8.639455e+01
1.000000e+02, 8.656829e+01
1.000000e+02, 8.674293e+01
1.000000e+02, 8.691847e+01
1.000000e+02, 8.709493e+01
1.000000e+02, 8.727230e+01
1.000000e+02, 8.745059e+01
1.000000e+02, 8.762981e+01
1.000000e+02, 8.780995e+01
1.000000e+02, 8.799104e+01
1.000000e+02, 8.817306e+01
1.000000e+02, 8.835603e+01
1.000000e+02, 8.853994e+01
1.000000e+02, 8.872481e+01
1.000000e+02, 8.891064e+01
1.000000e+02, 8.909744e+01
1.000000e+02, 8.928520e+01
1.000000e+02, 8.947394e+01
1.000000e+02, 8.966366e+01
1.000000e+02, 8.985437e+01
1.000000e+02, 9.004607e+01
1.000000e+02, 9.023876e+01
1.000000e+02, 9.043246e+01
1.000000e+02, 9.062717e+01
1.000000e+02, 9.082289e+01
1.000000e+02, 9.101963e+01
1.000000e+02, 9.121740e+01
1.000000e+02, 9.141620e+01
1.000000e+02, 9.161604e+01
1.000000e+02, 9.181692e+01
1.000000e+02, 9.201886e+01
1.000000e+02, 9.222185e+01
1.000000e+02, 9.242590e+01
1.000000e+02, 9.263102e+01
1.000000e+02, 9.283722e+01
1.000000e+02, 9.304451e+01
1.000000e+02, 9.325288e+01
1.000000e+02, 9.346235e+01
1.000000e+02, 9.367292e+01
1.000000e+02, 9.388461e+01
1.000000e+02, 9.409741e+01
1.000000e+02, 9.431134e+01
1.000000e+02, 9.452640e+01
1.000000e+02, 9.474260e+01
1.000000e+02, 9.495994e+01
1.000000e+02, 9.517844e+01
1.000000e+02, 9.539811e+01
1.000000e+02, 9.561895e+01
1.000000e+02, 9.584096e+01
1.000000e+02, 9.606416e+01
1.000000e+02, 9.628856e+01
1.000000e+02, 9.651416e+01
1.000000e+02, 9.674098e+01
1.000000e+02, 9.696901e+01
1.000000e+02, 9.719827e+01
1.000000e+02, 9.742878e+01
1.000000e+02, 9.766052e+01
1.000000e+02, 9.789353e+01
1.000000e+02, 9.812780e+01
1.000000e+02, 9.836335e+01
1.000000e+02, 9.860018e+01
1.000000e+02, 9.883831e+01
1.000000e+02, 9.907774e+01
1.000000e+02, 9.931848e+01
1.000000e+02, 9.956055e+01
1.000000e+02, 9.980395e+01
1.000000e+02, 1.000487e+02
1.000000e+02, 1.002948e+02
1.000000e+02, 1.005423e+02
1.000000e+02, 1.007911e+02
1.000000e+02, 1.010414e+02
1.000000e+02, 1.012930e+02
1.000000e+02, 1.015461e+02
1.000000e+02, 1.018005e+02
1.000000e+02, 1.020565e+02
1.000000e+02, 1.023138e+02
1.000000e+02, 1.025726e+02
1.000000e+02, 1.028329e+02
1.000000e+02, 1.030947e+02
1.000000e+02, 1.033580e+02
1.000000e+02, 1.036228e+02
1.000000e+02, 1.038891e+02
1.000000e+02, 1.041570e+02
1.000000e+02, 1.044264e+02
1.000000e+02, 1.046974e+02
1.000000e+02, 1.049699e+02
1.000000e+02, 1.052441e+02
1.000000e+02, 1.055199e+02
1.000000e+02, 1.057973e+02
1.000000e+02, 1.060763e+02
1.000000e+02, 1.063570e+02
1.000000e+02, 1.066394e+02
1.000000e+02, 1.069234e+02
1.000000e+02, 1.072092e+02
1.000000e+02, 1.074967e+02
1.000000e+02, 1.077860e+02
1.000000e+02, 1.080770e+02
1.000000e+02, 1.083698e+02
1.000000e+02, 1.086644e+02
1.000000e+02, 1.089608e+02
1.000000e+02, 1.092590e+02
1.000000e+02, 1.095591e+02
1.000000e+02, 1.098611e+02
1.000000e+02, 1.101650e+02
1.000000e+02, 1.104707e+02
1.000000e+02, 1.107785e+02
1.000000e+02, 1.110882e+02
1.000000e+02, 1.113998e+02
1.000000e+02, 1.117135e+02
1.000000e+02, 1.120292e+02
1.000000e+02, 1.123470e+02
1.000000e+02, 1.126669e+02
1.000000e+02, 1.129888e+02
1.000000e+02, 1.133129e+02
1.000000e+02, 1.136391e+02
1.000000e+02, 1.139675e+02
1.000000e+02, 1.142982e+02
1.000000e+02, 1.146310e+02
1.000000e+02, 1.149661e+02
1.000000e+02, 1.153036e+02
1.000000e+02, 1.156433e+02
1.000000e+02, 1.159854e+02
1.000000e+02, 1.163299e+02
1.000000e+02, 1.166768e+02
1.000000e+02, 1.170262e+02
1.000000e+02, 1.173781e+02
1.000000e+02, 1.177325e+02
1.000000e+02, 1.180894e+02
1.000000e+02, 1.184489e+02
1.000000e+02, 1.188111e+02
1.000000e+02, 1.191760e+02
1.000000e+02, 1.195435e+02
1.000000e+02, 1.199138e+02
1.000000e+02, 1.202869e+02
1.000000e+02, 1.206629e+02
1.000000e+02, 1.210417e+02
1.000000e+02, 1.214235e+02
1.000000e+02, 1.218082e+02
1.000000e+02, 1.221960e+02
1.000000e+02, 1.225868e+02
1.000000e+02, 1.229808e+02
1.000000e+02, 1.233780e+02
1.000000e+02, 1.237784e+02
1.000000e+02, 1.241821e+02
1.000000e+02, 1.245891e+02
1.000000e+02, 1.249995e+02
1.000000e+02, 1.254135e+02
1.000000e+02, 1.258309e+02
1.000000e+02, 1.262520e+02
1.000000e+02, 1.266767e+02
1.000000e+02, 1.271052e+02
1.000000e+02, 1.275375e+02
1.000000e+02, 1.279737e+02
1.000000e+02, 1.284139e+02
1.000000e+02, 1.288582e+02
1.000000e+02, 1.293065e+02
1.000000e+02, 1.297592e+02
1.000000e+02, 1.302161e+02
1.000000e+02, 1.306775e+02
1.000000e+02, 1.311433e+02
1.000000e+02, 1.316138e+02
1.000000e+02, 1.320891e+02
1.000000e+02, 1.325691e+02
1.000000e+02, 1.330542e+02
1.000000e+02, 1.335443e+02
1.000000e+02, 1.340396e+02
1.000000e+02, 1.345402e+02
1.000000e+02, 1.350464e+02
1.000000e+02, 1.355581e+02
1.000000e+02, 1.360757e+02
1.000000e+02, 1.365992e+02
1.000000e+02, 1.371287e+02
1.000000e+02, 1.376646e+02
1.000000e+02, 1.382069e+02
1.000000e+02, 1.387559e+02
1.000000e+02, 1.393118e+02
1.000000e+02, 1.398747e+02
1.000000e+02, 1.404450e+02
1.000000e+02, 1.410228e+02
1.000000e+02, 1.416084e+02
1.000000e+02, 1.422021e+02
1.000000e+02, 1.428042e+02
1.000000e+02, 1.434149e+02
1.000000e+02, 1.440347e+02
1.000000e+02, 1.446638e+02
1.000000e+02, 1.453026e+02
1.000000e+02, 1.459515e+02
1.000000e+02, 1.466110e+02
1.000000e+02, 1.472815e+02
1.000000e+02, 1.479635e+02
1.000000e+02, 1.486576e+02
1.000000e+02, 1.493642e+02
1.000000e+02, 1.500841e+02
1.000000e+02, 1.508180e+02
1.000000e+02, 1.515665e+02
1.000000e+02, 1.523304e+02
1.000000e+02, 1.531108e+02
1.000000e+02, 1.539085e+02
1.000000e+02, 1.547247e+02
1.000000e+02, 1.555606e+02
1.000000e+02, 1.564176e+02
1.000000e+02, 1.572970e+02
1.000000e+02, 1.582008e+02
1.000000e+02, 1.591309e+02
1.000000e+02, 1.600894e+02
1.000000e+02, 1.610791e+02
1.000000e+02, 1.621028e+02
1.000000e+02, 1.631642e+02
1.000000e+02, 1.642675e+02
1.000000e+02, 1.654178e+02
1.000000e+02, 1.666212e+02
1.000000e+02, 1.678856e+02
1.000000e+02, 1.692208e+02
1.000000e+02, 1.706396e+02
1.000000e+02, 1.721595e+02
1.000000e+02, 1.738051e+02
1.000000e+02, 1.756128e+02
1.000000e+02, 1.776417e+02
1.000000e+02, 1.800000e+02
##END= 