##TITLE= /opt/topspin3.0/exp/stan/nmr/lists/wave/user/HypSec_trunc2.84_110
##JCAMP-DX= 5.00 Bruker JCAMP library
##DATA TYPE= Shape Data
##ORIGIN= Bruker BioSpin GmbH
##OWNER= <nmrsu>
##DATE= 15/02/24
##TIME= 16:15:04
##MINX= 1.164538e+01
##MAXX= 9.999960e+01
##MINY= 2.546774e-02
##MAXY= 3.585574e+02
##$SHAPE_EXMODE= Adiabatic
##$SHAPE_TOTROT= 1.800000e+02
##$SHAPE_BWFAC= 1.929340e+02
##$SHAPE_INTEGFAC= 2.356110e-02
##$SHAPE_MODE= 0
##NPOINTS= 1000
##XYPOINTS= (XY..XY)
1.000000e+02, 1.800000e+02
1.000000e+02, 1.758148e+02
1.000000e+02, 1.722142e+02
1.000000e+02, 1.690062e+02
1.000000e+02, 1.660859e+02
1.000000e+02, 1.633886e+02
1.000000e+02, 1.608706e+02
1.000000e+02, 1.585012e+02
1.000000e+02, 1.562574e+02
1.000000e+02, 1.541217e+02
1.000000e+02, 1.520804e+02
1.000000e+02, 1.501224e+02
1.000000e+02, 1.482388e+02
1.000000e+02, 1.464220e+02
1.000000e+02, 1.446657e+02
1.000000e+02, 1.429647e+02
1.000000e+02, 1.413142e+02
1.000000e+02, 1.397102e+02
1.000000e+02, 1.381495e+02
1.000000e+02, 1.366287e+02
1.000000e+02, 1.351453e+02
1.000000e+02, 1.336968e+02
1.000000e+02, 1.322811e+02
1.000000e+02, 1.308963e+02
1.000000e+02, 1.295405e+02
1.000000e+02, 1.282121e+02
1.000000e+02, 1.269099e+02
1.000000e+02, 1.256323e+02
1.000000e+02, 1.243782e+02
1.000000e+02, 1.231465e+02
1.000000e+02, 1.219362e+02
1.000000e+02, 1.207463e+02
1.000000e+02, 1.195759e+02
1.000000e+02, 1.184243e+02
1.000000e+02, 1.172906e+02
1.000000e+02, 1.161742e+02
1.000000e+02, 1.150743e+02
1.000000e+02, 1.139905e+02
1.000000e+02, 1.129220e+02
1.000000e+02, 1.118684e+02
1.000000e+02, 1.108291e+02
1.000000e+02, 1.098037e+02
1.000000e+02, 1.087917e+02
1.000000e+02, 1.077927e+02
1.000000e+02, 1.068063e+02
1.000000e+02, 1.058320e+02
1.000000e+02, 1.048696e+02
1.000000e+02, 1.039186e+02
1.000000e+02, 1.029788e+02
1.000000e+02, 1.020498e+02
1.000000e+02, 1.011314e+02
1.000000e+02, 1.002232e+02
1.000000e+02, 9.932494e+01
1.000000e+02, 9.843645e+01
1.000000e+02, 9.755744e+01
1.000000e+02, 9.668767e+01
1.000000e+02, 9.582692e+01
1.000000e+02, 9.497496e+01
1.000000e+02, 9.413160e+01
1.000000e+02, 9.329663e+01
1.000000e+02, 9.246986e+01
1.000000e+02, 9.165111e+01
1.000000e+02, 9.084021e+01
1.000000e+02, 9.003697e+01
1.000000e+02, 8.924125e+01
1.000000e+02, 8.845288e+01
1.000000e+02, 8.767171e+01
1.000000e+02, 8.689760e+01
1.000000e+02, 8.613040e+01
1.000000e+02, 8.536998e+01
1.000000e+02, 8.461621e+01
1.000000e+02, 8.386896e+01
1.000000e+02, 8.312811e+01
1.000000e+02, 8.239354e+01
1.000000e+02, 8.166514e+01
1.000000e+02, 8.094279e+01
1.000000e+02, 8.022639e+01
1.000000e+02, 7.951584e+01
1.000000e+02, 7.881103e+01
1.000000e+02, 7.811186e+01
1.000000e+02, 7.741825e+01
1.000000e+02, 7.673010e+01
1.000000e+02, 7.604732e+01
1.000000e+02, 7.536982e+01
1.000000e+02, 7.469752e+01
1.000000e+02, 7.403035e+01
1.000000e+02, 7.336821e+01
1.000000e+02, 7.271103e+01
1.000000e+02, 7.205874e+01
1.000000e+02, 7.141127e+01
1.000000e+02, 7.076854e+01
1.000000e+02, 7.013049e+01
1.000000e+02, 6.949704e+01
1.000000e+02, 6.886813e+01
1.000000e+02, 6.824370e+01
1.000000e+02, 6.762369e+01
1.000000e+02, 6.700804e+01
1.000000e+02, 6.639668e+01
1.000000e+02, 6.578955e+01
1.000000e+02, 6.518662e+01
1.000000e+02, 6.458780e+01
1.000000e+02, 6.399307e+01
1.000000e+02, 6.340235e+01
1.000000e+02, 6.281561e+01
1.000000e+02, 6.223279e+01
1.000000e+02, 6.165384e+01
1.000000e+02, 6.107871e+01
1.000000e+02, 6.050737e+01
1.000000e+02, 5.993975e+01
1.000000e+02, 5.937583e+01
1.000000e+02, 5.881555e+01
1.000000e+02, 5.825888e+01
1.000000e+02, 5.770576e+01
1.000000e+02, 5.715617e+01
1.000000e+02, 5.661006e+01
1.000000e+02, 5.606739e+01
1.000000e+02, 5.552812e+01
1.000000e+02, 5.499222e+01
1.000000e+02, 5.445965e+01
1.000000e+02, 5.393038e+01
1.000000e+02, 5.340437e+01
1.000000e+02, 5.288158e+01
1.000000e+02, 5.236198e+01
1.000000e+02, 5.184554e+01
1.000000e+02, 5.133222e+01
1.000000e+02, 5.082200e+01
1.000000e+02, 5.031485e+01
1.000000e+02, 4.981072e+01
1.000000e+02, 4.930960e+01
1.000000e+02, 4.881145e+01
1.000000e+02, 4.831625e+01
1.000000e+02, 4.782396e+01
1.000000e+02, 4.733456e+01
1.000000e+02, 4.684803e+01
1.000000e+02, 4.636432e+01
1.000000e+02, 4.588343e+01
1.000000e+02, 4.540532e+01
1.000000e+02, 4.492996e+01
1.000000e+02, 4.445734e+01
1.000000e+02, 4.398743e+01
1.000000e+02, 4.352020e+01
1.000000e+02, 4.305563e+01
1.000000e+02, 4.259370e+01
1.000000e+02, 4.213438e+01
1.000000e+02, 4.167765e+01
1.000000e+02, 4.122350e+01
1.000000e+02, 4.077189e+01
1.000000e+02, 4.032281e+01
1.000000e+02, 3.987624e+01
1.000000e+02, 3.943215e+01
1.000000e+02, 3.899053e+01
1.000000e+02, 3.855135e+01
1.000000e+02, 3.811460e+01
1.000000e+02, 3.768025e+01
1.000000e+02, 3.724830e+01
1.000000e+02, 3.681871e+01
1.000000e+02, 3.639147e+01
1.000000e+02, 3.596657e+01
1.000000e+02, 3.554398e+01
1.000000e+02, 3.512369e+01
1.000000e+02, 3.470568e+01
1.000000e+02, 3.428993e+01
1.000000e+02, 3.387642e+01
1.000000e+02, 3.346515e+01
1.000000e+02, 3.305609e+01
1.000000e+02, 3.264923e+01
1.000000e+02, 3.224455e+01
1.000000e+02, 3.184203e+01
1.000000e+02, 3.144167e+01
1.000000e+02, 3.104344e+01
1.000000e+02, 3.064734e+01
1.000000e+02, 3.025334e+01
1.000000e+02, 2.986143e+01
1.000000e+02, 2.947160e+01
1.000000e+02, 2.908384e+01
1.000000e+02, 2.869812e+01
1.000000e+02, 2.831445e+01
1.000000e+02, 2.793279e+01
1.000000e+02, 2.755315e+01
1.000000e+02, 2.717550e+01
1.000000e+02, 2.679983e+01
1.000000e+02, 2.642614e+01
1.000000e+02, 2.605440e+01
1.000000e+02, 2.568462e+01
1.000000e+02, 2.531676e+01
1.000000e+02, 2.495083e+01
1.000000e+02, 2.458681e+01
1.000000e+02, 2.422468e+01
1.000000e+02, 2.386445e+01
1.000000e+02, 2.350609e+01
1.000000e+02, 2.314959e+01
1.000000e+02, 2.279495e+01
1.000000e+02, 2.244215e+01
1.000000e+02, 2.209118e+01
1.000000e+02, 2.174203e+01
1.000000e+02, 2.139470e+01
1.000000e+02, 2.104916e+01
1.000000e+02, 2.070541e+01
1.000000e+02, 2.036344e+01
1.000000e+02, 2.002325e+01
1.000000e+02, 1.968481e+01
1.000000e+02, 1.934812e+01
1.000000e+02, 1.901317e+01
1.000000e+02, 1.867996e+01
1.000000e+02, 1.834846e+01
1.000000e+02, 1.801868e+01
1.000000e+02, 1.769060e+01
1.000000e+02, 1.736421e+01
1.000000e+02, 1.703951e+01
1.000000e+02, 1.671649e+01
1.000000e+02, 1.639513e+01
1.000000e+02, 1.607543e+01
1.000000e+02, 1.575738e+01
1.000000e+02, 1.544098e+01
1.000000e+02, 1.512621e+01
1.000000e+02, 1.481306e+01
1.000000e+02, 1.450153e+01
1.000000e+02, 1.419161e+01
1.000000e+02, 1.388329e+01
1.000000e+02, 1.357657e+01
1.000000e+02, 1.327143e+01
1.000000e+02, 1.296787e+01
1.000000e+02, 1.266588e+01
1.000000e+02, 1.236545e+01
1.000000e+02, 1.206658e+01
1.000000e+02, 1.176925e+01
1.000000e+02, 1.147347e+01
1.000000e+02, 1.117922e+01
1.000000e+02, 1.088650e+01
1.000000e+02, 1.059530e+01
1.000000e+02, 1.030561e+01
1.000000e+02, 1.001743e+01
1.000000e+02, 9.730749e+00
1.000000e+02, 9.445560e+00
1.000000e+02, 9.161857e+00
1.000000e+02, 8.879633e+00
1.000000e+02, 8.598883e+00
1.000000e+02, 8.319599e+00
1.000000e+02, 8.041776e+00
1.000000e+02, 7.765408e+00
1.000000e+02, 7.490487e+00
1.000000e+02, 7.217008e+00
1.000000e+02, 6.944966e+00
1.000000e+02, 6.674353e+00
1.000000e+02, 6.405165e+00
1.000000e+02, 6.137394e+00
1.000000e+02, 5.871036e+00
1.000000e+02, 5.606085e+00
1.000000e+02, 5.342534e+00
1.000000e+02, 5.080379e+00
1.000000e+02, 4.819614e+00
1.000000e+02, 4.560233e+00
1.000000e+02, 4.302231e+00
1.000000e+02, 4.045603e+00
1.000000e+02, 3.790343e+00
1.000000e+02, 3.536446e+00
1.000000e+02, 3.283907e+00
1.000000e+02, 3.032720e+00
1.000000e+02, 2.782881e+00
1.000000e+02, 2.534384e+00
1.000000e+02, 2.287224e+00
1.000000e+02, 2.041398e+00
1.000000e+02, 1.796898e+00
1.000000e+02, 1.553722e+00
1.000000e+02, 1.311863e+00
1.000000e+02, 1.071318e+00
1.000000e+02, 8.320814e-01
1.000000e+02, 5.941486e-01
1.000000e+02, 3.575151e-01
1.000000e+02, 1.221763e-01
1.000000e+02, 3.598881e+02
1.000000e+02, 3.596554e+02
1.000000e+02, 3.594239e+02
1.000000e+02, 3.591937e+02
1.000000e+02, 3.589647e+02
1.000000e+02, 3.587371e+02
1.000000e+02, 3.585107e+02
1.000000e+02, 3.582855e+02
1.000000e+02, 3.580617e+02
1.000000e+02, 3.578390e+02
1.000000e+02, 3.576176e+02
1.000000e+02, 3.573975e+02
1.000000e+02, 3.571786e+02
1.000000e+02, 3.569609e+02
1.000000e+02, 3.567445e+02
1.000000e+02, 3.565293e+02
1.000000e+02, 3.563153e+02
1.000000e+02, 3.561025e+02
1.000000e+02, 3.558910e+02
1.000000e+02, 3.556807e+02
1.000000e+02, 3.554715e+02
1.000000e+02, 3.552636e+02
1.000000e+02, 3.550569e+02
1.000000e+02, 3.548514e+02
1.000000e+02, 3.546471e+02
1.000000e+02, 3.544439e+02
1.000000e+02, 3.542420e+02
1.000000e+02, 3.540412e+02
1.000000e+02, 3.538416e+02
1.000000e+02, 3.536432e+02
1.000000e+02, 3.534460e+02
1.000000e+02, 3.532499e+02
1.000000e+02, 3.530550e+02
1.000000e+02, 3.528613e+02
1.000000e+02, 3.526687e+02
1.000000e+02, 3.524773e+02
1.000000e+02, 3.522871e+02
1.000000e+02, 3.520980e+02
1.000000e+02, 3.519100e+02
1.000000e+02, 3.517232e+02
1.000000e+02, 3.515375e+02
1.000000e+02, 3.513530e+02
1.000000e+02, 3.511696e+02
1.000000e+02, 3.509874e+02
1.000000e+02, 3.508062e+02
1.000000e+02, 3.506262e+02
1.000000e+02, 3.504473e+02
1.000000e+02, 3.502696e+02
1.000000e+02, 3.500929e+02
1.000000e+02, 3.499174e+02
1.000000e+02, 3.497430e+02
1.000000e+02, 3.495697e+02
1.000000e+02, 3.493975e+02
1.000000e+02, 3.492264e+02
1.000000e+02, 3.490565e+02
1.000000e+02, 3.488876e+02
1.000000e+02, 3.487198e+02
1.000000e+02, 3.485531e+02
1.000000e+02, 3.483875e+02
1.000000e+02, 3.482230e+02
1.000000e+02, 3.480596e+02
1.000000e+02, 3.478972e+02
1.000000e+02, 3.477360e+02
1.000000e+02, 3.475758e+02
1.000000e+02, 3.474167e+02
1.000000e+02, 3.472587e+02
1.000000e+02, 3.471017e+02
1.000000e+02, 3.469458e+02
1.000000e+02, 3.467910e+02
1.000000e+02, 3.466373e+02
1.000000e+02, 3.464846e+02
1.000000e+02, 3.463330e+02
1.000000e+02, 3.461824e+02
1.000000e+02, 3.460329e+02
1.000000e+02, 3.458844e+02
1.000000e+02, 3.457370e+02
1.000000e+02, 3.455907e+02
1.000000e+02, 3.454454e+02
1.000000e+02, 3.453011e+02
1.000000e+02, 3.451579e+02
1.000000e+02, 3.450157e+02
1.000000e+02, 3.448746e+02
1.000000e+02, 3.447345e+02
1.000000e+02, 3.445955e+02
1.000000e+02, 3.444574e+02
1.000000e+02, 3.443204e+02
1.000000e+02, 3.441845e+02
1.000000e+02, 3.440495e+02
1.000000e+02, 3.439156e+02
1.000000e+02, 3.437827e+02
1.000000e+02, 3.436509e+02
1.000000e+02, 3.435200e+02
1.000000e+02, 3.433902e+02
1.000000e+02, 3.432614e+02
1.000000e+02, 3.431336e+02
1.000000e+02, 3.430068e+02
1.000000e+02, 3.428811e+02
1.000000e+02, 3.427563e+02
1.000000e+02, 3.426326e+02
1.000000e+02, 3.425098e+02
1.000000e+02, 3.423881e+02
1.000000e+02, 3.422673e+02
1.000000e+02, 3.421476e+02
1.000000e+02, 3.420289e+02
1.000000e+02, 3.419111e+02
1.000000e+02, 3.417944e+02
1.000000e+02, 3.416787e+02
1.000000e+02, 3.415639e+02
1.000000e+02, 3.414501e+02
1.000000e+02, 3.413374e+02
1.000000e+02, 3.412256e+02
1.000000e+02, 3.411148e+02
1.000000e+02, 3.410050e+02
1.000000e+02, 3.408962e+02
1.000000e+02, 3.407883e+02
1.000000e+02, 3.406815e+02
1.000000e+02, 3.405756e+02
1.000000e+02, 3.404707e+02
1.000000e+02, 3.403668e+02
1.000000e+02, 3.402638e+02
1.000000e+02, 3.401618e+02
1.000000e+02, 3.400608e+02
1.000000e+02, 3.399608e+02
1.000000e+02, 3.398617e+02
1.000000e+02, 3.397637e+02
1.000000e+02, 3.396665e+02
1.000000e+02, 3.395704e+02
1.000000e+02, 3.394752e+02
1.000000e+02, 3.393810e+02
1.000000e+02, 3.392877e+02
1.000000e+02, 3.391954e+02
1.000000e+02, 3.391041e+02
1.000000e+02, 3.390137e+02
1.000000e+02, 3.389243e+02
1.000000e+02, 3.388358e+02
1.000000e+02, 3.387483e+02
1.000000e+02, 3.386617e+02
1.000000e+02, 3.385761e+02
1.000000e+02, 3.384915e+02
1.000000e+02, 3.384078e+02
1.000000e+02, 3.383250e+02
1.000000e+02, 3.382432e+02
1.000000e+02, 3.381624e+02
1.000000e+02, 3.380825e+02
1.000000e+02, 3.380035e+02
1.000000e+02, 3.379255e+02
1.000000e+02, 3.378485e+02
1.000000e+02, 3.377723e+02
1.000000e+02, 3.376972e+02
1.000000e+02, 3.376229e+02
1.000000e+02, 3.375496e+02
1.000000e+02, 3.374773e+02
1.000000e+02, 3.374058e+02
1.000000e+02, 3.373354e+02
1.000000e+02, 3.372658e+02
1.000000e+02, 3.371972e+02
1.000000e+02, 3.371295e+02
1.000000e+02, 3.370628e+02
1.000000e+02, 3.369970e+02
1.000000e+02, 3.369321e+02
1.000000e+02, 3.368682e+02
1.000000e+02, 3.368052e+02
1.000000e+02, 3.367431e+02
1.000000e+02, 3.366819e+02
1.000000e+02, 3.366217e+02
1.000000e+02, 3.365624e+02
1.000000e+02, 3.365041e+02
1.000000e+02, 3.364466e+02
1.000000e+02, 3.363901e+02
1.000000e+02, 3.363345e+02
1.000000e+02, 3.362799e+02
1.000000e+02, 3.362261e+02
1.000000e+02, 3.361733e+02
1.000000e+02, 3.361214e+02
1.000000e+02, 3.360704e+02
1.000000e+02, 3.360204e+02
1.000000e+02, 3.359713e+02
1.000000e+02, 3.359231e+02
1.000000e+02, 3.358758e+02
1.000000e+02, 3.358294e+02
1.000000e+02, 3.357840e+02
1.000000e+02, 3.357394e+02
1.000000e+02, 3.356958e+02
1.000000e+02, 3.356531e+02
1.000000e+02, 3.356113e+02
1.000000e+02, 3.355705e+02
1.000000e+02, 3.355305e+02
1.000000e+02, 3.354915e+02
1.000000e+02, 3.354533e+02
1.000000e+02, 3.354161e+02
1.000000e+02, 3.353798e+02
1.000000e+02, 3.353445e+02
1.000000e+02, 3.353100e+02
1.000000e+02, 3.352764e+02
1.000000e+02, 3.352438e+02
1.000000e+02, 3.352120e+02
1.000000e+02, 3.351812e+02
1.000000e+02, 3.351513e+02
1.000000e+02, 3.351223e+02
1.000000e+02, 3.350942e+02
1.000000e+02, 3.350670e+02
1.000000e+02, 3.350408e+02
1.000000e+02, 3.350154e+02
1.000000e+02, 3.349909e+02
1.000000e+02, 3.349674e+02
1.000000e+02, 3.349447e+02
1.000000e+02, 3.349230e+02
1.000000e+02, 3.349022e+02
1.000000e+02, 3.348823e+02
1.000000e+02, 3.348633e+02
1.000000e+02, 3.348451e+02
1.000000e+02, 3.348279e+02
1.000000e+02, 3.348117e+02
1.000000e+02, 3.347963e+02
1.000000e+02, 3.347818e+02
1.000000e+02, 3.347682e+02
1.000000e+02, 3.347556e+02
1.000000e+02, 3.347438e+02
1.000000e+02, 3.347329e+02
1.000000e+02, 3.347230e+02
1.000000e+02, 3.347139e+02
1.000000e+02, 3.347058e+02
1.000000e+02, 3.346986e+02
1.000000e+02, 3.346922e+02
1.000000e+02, 3.346868e+02
1.000000e+02, 3.346823e+02
1.000000e+02, 3.346787e+02
1.000000e+02, 3.346759e+02
1.000000e+02, 3.346741e+02
1.000000e+02, 3.346732e+02
1.000000e+02, 3.346732e+02
1.000000e+02, 3.346741e+02
1.000000e+02, 3.346759e+02
1.000000e+02, 3.346787e+02
1.000000e+02, 3.346823e+02
1.000000e+02, 3.346868e+02
1.000000e+02, 3.346922e+02
1.000000e+02, 3.346986e+02
1.000000e+02, 3.347058e+02
1.000000e+02, 3.347139e+02
1.000000e+02, 3.347230e+02
1.000000e+02, 3.347329e+02
1.000000e+02, 3.347438e+02
1.000000e+02, 3.347556e+02
1.000000e+02, 3.347682e+02
1.000000e+02, 3.347818e+02
1.000000e+02, 3.347963e+02
1.000000e+02, 3.348117e+02
1.000000e+02, 3.348279e+02
1.000000e+02, 3.348451e+02
1.000000e+02, 3.348633e+02
1.000000e+02, 3.348823e+02
1.000000e+02, 3.349022e+02
1.000000e+02, 3.349230e+02
1.000000e+02, 3.349447e+02
1.000000e+02, 3.349674e+02
1.000000e+02, 3.349909e+02
1.000000e+02, 3.350154e+02
1.000000e+02, 3.350408e+02
1.000000e+02, 3.350670e+02
1.000000e+02, 3.350942e+02
1.000000e+02, 3.351223e+02
1.000000e+02, 3.351513e+02
1.000000e+02, 3.351812e+02
1.000000e+02, 3.352120e+02
1.000000e+02, 3.352438e+02
1.000000e+02, 3.352764e+02
1.000000e+02, 3.353100e+02
1.000000e+02, 3.353445e+02
1.000000e+02, 3.353798e+02
1.000000e+02, 3.354161e+02
1.000000e+02, 3.354533e+02
1.000000e+02, 3.354915e+02
1.000000e+02, 3.355305e+02
1.000000e+02, 3.355705e+02
1.000000e+02, 3.356113e+02
1.000000e+02, 3.356531e+02
1.000000e+02, 3.356958e+02
1.000000e+02, 3.357394e+02
1.000000e+02, 3.357840e+02
1.000000e+02, 3.358294e+02
1.000000e+02, 3.358758e+02
1.000000e+02, 3.359231e+02
1.000000e+02, 3.359713e+02
1.000000e+02, 3.360204e+02
1.000000e+02, 3.360704e+02
1.000000e+02, 3.361214e+02
1.000000e+02, 3.361733e+02
1.000000e+02, 3.362261e+02
1.000000e+02, 3.362799e+02
1.000000e+02, 3.363345e+02
1.000000e+02, 3.363901e+02
1.000000e+02, 3.364466e+02
1.000000e+02, 3.365041e+02
1.000000e+02, 3.365624e+02
1.000000e+02, 3.366217e+02
1.000000e+02, 3.366819e+02
1.000000e+02, 3.367431e+02
1.000000e+02, 3.368052e+02
1.000000e+02, 3.368682e+02
1.000000e+02, 3.369321e+02
1.000000e+02, 3.369970e+02
1.000000e+02, 3.370628e+02
1.000000e+02, 3.371295e+02
1.000000e+02, 3.371972e+02
1.000000e+02, 3.372658e+02
1.000000e+02, 3.373354e+02
1.000000e+02, 3.374058e+02
1.000000e+02, 3.374773e+02
1.000000e+02, 3.375496e+02
1.000000e+02, 3.376229e+02
1.000000e+02, 3.376972e+02
1.000000e+02, 3.377723e+02
1.000000e+02, 3.378485e+02
1.000000e+02, 3.379255e+02
1.000000e+02, 3.380035e+02
1.000000e+02, 3.380825e+02
1.000000e+02, 3.381624e+02
1.000000e+02, 3.382432e+02
1.000000e+02, 3.383250e+02
1.000000e+02, 3.384078e+02
1.000000e+02, 3.384915e+02
1.000000e+02, 3.385761e+02
1.000000e+02, 3.386617e+02
1.000000e+02, 3.387483e+02
1.000000e+02, 3.388358e+02
1.000000e+02, 3.389243e+02
1.000000e+02, 3.390137e+02
1.000000e+02, 3.391041e+02
1.000000e+02, 3.391954e+02
1.000000e+02, 3.392877e+02
1.000000e+02, 3.393810e+02
1.000000e+02, 3.394752e+02
1.000000e+02, 3.395704e+02
1.000000e+02, 3.396665e+02
1.000000e+02, 3.397637e+02
1.000000e+02, 3.398617e+02
1.000000e+02, 3.399608e+02
1.000000e+02, 3.400608e+02
1.000000e+02, 3.401618e+02
1.000000e+02, 3.402638e+02
1.000000e+02, 3.403668e+02
1.000000e+02, 3.404707e+02
1.000000e+02, 3.405756e+02
1.000000e+02, 3.406815e+02
1.000000e+02, 3.407883e+02
1.000000e+02, 3.408962e+02
1.000000e+02, 3.410050e+02
1.000000e+02, 3.411148e+02
1.000000e+02, 3.412256e+02
1.000000e+02, 3.413374e+02
1.000000e+02, 3.414501e+02
1.000000e+02, 3.415639e+02
1.000000e+02, 3.416787e+02
1.000000e+02, 3.417944e+02
1.000000e+02, 3.419111e+02
1.000000e+02, 3.420289e+02
1.000000e+02, 3.421476e+02
1.000000e+02, 3.422673e+02
1.000000e+02, 3.423881e+02
1.000000e+02, 3.425098e+02
1.000000e+02, 3.426326e+02
1.000000e+02, 3.427563e+02
1.000000e+02, 3.428811e+02
1.000000e+02, 3.430068e+02
1.000000e+02, 3.431336e+02
1.000000e+02, 3.432614e+02
1.000000e+02, 3.433902e+02
1.000000e+02, 3.435200e+02
1.000000e+02, 3.436509e+02
1.000000e+02, 3.437827e+02
1.000000e+02, 3.439156e+02
1.000000e+02, 3.440495e+02
1.000000e+02, 3.441845e+02
1.000000e+02, 3.443204e+02
1.000000e+02, 3.444574e+02
1.000000e+02, 3.445955e+02
1.000000e+02, 3.447345e+02
1.000000e+02, 3.448746e+02
1.000000e+02, 3.450157e+02
1.000000e+02, 3.451579e+02
1.000000e+02, 3.453011e+02
1.000000e+02, 3.454454e+02
1.000000e+02, 3.455907e+02
1.000000e+02, 3.457370e+02
1.000000e+02, 3.458844e+02
1.000000e+02, 3.460329e+02
1.000000e+02, 3.461824e+02
1.000000e+02, 3.463330e+02
1.000000e+02, 3.464846e+02
1.000000e+02, 3.466373e+02
1.000000e+02, 3.467910e+02
1.000000e+02, 3.469458e+02
1.000000e+02, 3.471017e+02
1.000000e+02, 3.472587e+02
1.000000e+02, 3.474167e+02
1.000000e+02, 3.475758e+02
1.000000e+02, 3.477360e+02
1.000000e+02, 3.478972e+02
1.000000e+02, 3.480596e+02
1.000000e+02, 3.482230e+02
1.000000e+02, 3.483875e+02
1.000000e+02, 3.485531e+02
1.000000e+02, 3.487198e+02
1.000000e+02, 3.488876e+02
1.000000e+02, 3.490565e+02
1.000000e+02, 3.492264e+02
1.000000e+02, 3.493975e+02
1.000000e+02, 3.495697e+02
1.000000e+02, 3.497430e+02
1.000000e+02, 3.499174e+02
1.000000e+02, 3.500929e+02
1.000000e+02, 3.502696e+02
1.000000e+02, 3.504473e+02
1.000000e+02, 3.506262e+02
1.000000e+02, 3.508062e+02
1.000000e+02, 3.509874e+02
1.000000e+02, 3.511696e+02
1.000000e+02, 3.513530e+02
1.000000e+02, 3.515375e+02
1.000000e+02, 3.517232e+02
1.000000e+02, 3.519100e+02
1.000000e+02, 3.520980e+02
1.000000e+02, 3.522871e+02
1.000000e+02, 3.524773e+02
1.000000e+02, 3.526687e+02
1.000000e+02, 3.528613e+02
1.000000e+02, 3.530550e+02
1.000000e+02, 3.532499e+02
1.000000e+02, 3.534460e+02
1.000000e+02, 3.536432e+02
1.000000e+02, 3.538416e+02
1.000000e+02, 3.540412e+02
1.000000e+02, 3.542420e+02
1.000000e+02, 3.544439e+02
1.000000e+02, 3.546471e+02
1.000000e+02, 3.548514e+02
1.000000e+02, 3.550569e+02
1.000000e+02, 3.552636e+02
1.000000e+02, 3.554715e+02
1.000000e+02, 3.556807e+02
1.000000e+02, 3.558910e+02
1.000000e+02, 3.561026e+02
1.000000e+02, 3.563153e+02
1.000000e+02, 3.565293e+02
1.000000e+02, 3.567445e+02
1.000000e+02, 3.569609e+02
1.000000e+02, 3.571786e+02
1.000000e+02, 3.573975e+02
1.000000e+02, 3.576176e+02
1.000000e+02, 3.578390e+02
1.000000e+02, 3.580617e+02
1.000000e+02, 3.582855e+02
1.000000e+02, 3.585107e+02
1.000000e+02, 3.587371e+02
1.000000e+02, 3.589647e+02
1.000000e+02, 3.591937e+02
1.000000e+02, 3.594239e+02
1.000000e+02, 3.596554e+02
1.000000e+02, 3.598881e+02
1.000000e+02, 1.221774e-01
1.000000e+02, 3.575162e-01
1.000000e+02, 5.941497e-01
1.000000e+02, 8.320825e-01
1.000000e+02, 1.071319e+00
1.000000e+02, 1.311864e+00
1.000000e+02, 1.553723e+00
1.000000e+02, 1.796899e+00
1.000000e+02, 2.041399e+00
1.000000e+02, 2.287225e+00
1.000000e+02, 2.534385e+00
1.000000e+02, 2.782882e+00
1.000000e+02, 3.032721e+00
1.000000e+02, 3.283908e+00
1.000000e+02, 3.536447e+00
1.000000e+02, 3.790344e+00
1.000000e+02, 4.045604e+00
1.000000e+02, 4.302233e+00
1.000000e+02, 4.560234e+00
1.000000e+02, 4.819615e+00
1.000000e+02, 5.080380e+00
1.000000e+02, 5.342535e+00
1.000000e+02, 5.606086e+00
1.000000e+02, 5.871037e+00
1.000000e+02, 6.137395e+00
1.000000e+02, 6.405166e+00
1.000000e+02, 6.674354e+00
1.000000e+02, 6.944967e+00
1.000000e+02, 7.217010e+00
1.000000e+02, 7.490488e+00
1.000000e+02, 7.765409e+00
1.000000e+02, 8.041778e+00
1.000000e+02, 8.319600e+00
1.000000e+02, 8.598884e+00
1.000000e+02, 8.879634e+00
1.000000e+02, 9.161858e+00
1.000000e+02, 9.445561e+00
1.000000e+02, 9.730751e+00
1.000000e+02, 1.001743e+01
1.000000e+02, 1.030561e+01
1.000000e+02, 1.059530e+01
1.000000e+02, 1.088650e+01
1.000000e+02, 1.117922e+01
1.000000e+02, 1.147347e+01
1.000000e+02, 1.176926e+01
1.000000e+02, 1.206658e+01
1.000000e+02, 1.236545e+01
1.000000e+02, 1.266588e+01
1.000000e+02, 1.296787e+01
1.000000e+02, 1.327143e+01
1.000000e+02, 1.357657e+01
1.000000e+02, 1.388329e+01
1.000000e+02, 1.419161e+01
1.000000e+02, 1.450153e+01
1.000000e+02, 1.481306e+01
1.000000e+02, 1.512621e+01
1.000000e+02, 1.544098e+01
1.000000e+02, 1.575739e+01
1.000000e+02, 1.607543e+01
1.000000e+02, 1.639513e+01
1.000000e+02, 1.671649e+01
1.000000e+02, 1.703951e+01
1.000000e+02, 1.736421e+01
1.000000e+02, 1.769060e+01
1.000000e+02, 1.801868e+01
1.000000e+02, 1.834846e+01
1.000000e+02, 1.867996e+01
1.000000e+02, 1.901317e+01
1.000000e+02, 1.934812e+01
1.000000e+02, 1.968481e+01
1.000000e+02, 2.002325e+01
1.000000e+02, 2.036345e+01
1.000000e+02, 2.070541e+01
1.000000e+02, 2.104916e+01
1.000000e+02, 2.139470e+01
1.000000e+02, 2.174203e+01
1.000000e+02, 2.209118e+01
1.000000e+02, 2.244215e+01
1.000000e+02, 2.279495e+01
1.000000e+02, 2.314959e+01
1.000000e+02, 2.350609e+01
1.000000e+02, 2.386445e+01
1.000000e+02, 2.422469e+01
1.000000e+02, 2.458681e+01
1.000000e+02, 2.495083e+01
1.000000e+02, 2.531676e+01
1.000000e+02, 2.568462e+01
1.000000e+02, 2.605441e+01
1.000000e+02, 2.642614e+01
1.000000e+02, 2.679983e+01
1.000000e+02, 2.717550e+01
1.000000e+02, 2.755315e+01
1.000000e+02, 2.793279e+01
1.000000e+02, 2.831445e+01
1.000000e+02, 2.869813e+01
1.000000e+02, 2.908384e+01
1.000000e+02, 2.947161e+01
1.000000e+02, 2.986144e+01
1.000000e+02, 3.025334e+01
1.000000e+02, 3.064734e+01
1.000000e+02, 3.104345e+01
1.000000e+02, 3.144167e+01
1.000000e+02, 3.184204e+01
1.000000e+02, 3.224455e+01
1.000000e+02, 3.264923e+01
1.000000e+02, 3.305609e+01
1.000000e+02, 3.346515e+01
1.000000e+02, 3.387642e+01
1.000000e+02, 3.428993e+01
1.000000e+02, 3.470568e+01
1.000000e+02, 3.512369e+01
1.000000e+02, 3.554398e+01
1.000000e+02, 3.596657e+01
1.000000e+02, 3.639148e+01
1.000000e+02, 3.681871e+01
1.000000e+02, 3.724830e+01
1.000000e+02, 3.768026e+01
1.000000e+02, 3.811460e+01
1.000000e+02, 3.855135e+01
1.000000e+02, 3.899053e+01
1.000000e+02, 3.943215e+01
1.000000e+02, 3.987624e+01
1.000000e+02, 4.032281e+01
1.000000e+02, 4.077189e+01
1.000000e+02, 4.122350e+01
1.000000e+02, 4.167765e+01
1.000000e+02, 4.213438e+01
1.000000e+02, 4.259370e+01
1.000000e+02, 4.305563e+01
1.000000e+02, 4.352020e+01
1.000000e+02, 4.398743e+01
1.000000e+02, 4.445734e+01
1.000000e+02, 4.492996e+01
1.000000e+02, 4.540532e+01
1.000000e+02, 4.588343e+01
1.000000e+02, 4.636432e+01
1.000000e+02, 4.684803e+01
1.000000e+02, 4.733456e+01
1.000000e+02, 4.782396e+01
1.000000e+02, 4.831625e+01
1.000000e+02, 4.881145e+01
1.000000e+02, 4.930960e+01
1.000000e+02, 4.981072e+01
1.000000e+02, 5.031485e+01
1.000000e+02, 5.082200e+01
1.000000e+02, 5.133222e+01
1.000000e+02, 5.184554e+01
1.000000e+02, 5.236198e+01
1.000000e+02, 5.288158e+01
1.000000e+02, 5.340437e+01
1.000000e+02, 5.393038e+01
1.000000e+02, 5.445966e+01
1.000000e+02, 5.499223e+01
1.000000e+02, 5.552812e+01
1.000000e+02, 5.606739e+01
1.000000e+02, 5.661006e+01
1.000000e+02, 5.715617e+01
1.000000e+02, 5.770577e+01
1.000000e+02, 5.825888e+01
1.000000e+02, 5.881555e+01
1.000000e+02, 5.937583e+01
1.000000e+02, 5.993976e+01
1.000000e+02, 6.050737e+01
1.000000e+02, 6.107872e+01
1.000000e+02, 6.165384e+01
1.000000e+02, 6.223279e+01
1.000000e+02, 6.281561e+01
1.000000e+02, 6.340236e+01
1.000000e+02, 6.399307e+01
1.000000e+02, 6.458781e+01
1.000000e+02, 6.518662e+01
1.000000e+02, 6.578956e+01
1.000000e+02, 6.639668e+01
1.000000e+02, 6.700804e+01
1.000000e+02, 6.762369e+01
1.000000e+02, 6.824371e+01
1.000000e+02, 6.886813e+01
1.000000e+02, 6.949704e+01
1.000000e+02, 7.013049e+01
1.000000e+02, 7.076854e+01
1.000000e+02, 7.141127e+01
1.000000e+02, 7.205875e+01
1.000000e+02, 7.271103e+01
1.000000e+02, 7.336821e+01
1.000000e+02, 7.403035e+01
1.000000e+02, 7.469753e+01
1.000000e+02, 7.536982e+01
1.000000e+02, 7.604732e+01
1.000000e+02, 7.673010e+01
1.000000e+02, 7.741825e+01
1.000000e+02, 7.811187e+01
1.000000e+02, 7.881103e+01
1.000000e+02, 7.951584e+01
1.000000e+02, 8.022639e+01
1.000000e+02, 8.094279e+01
1.000000e+02, 8.166514e+01
1.000000e+02, 8.239354e+01
1.000000e+02, 8.312811e+01
1.000000e+02, 8.386896e+01
1.000000e+02, 8.461621e+01
1.000000e+02, 8.536998e+01
1.000000e+02, 8.613040e+01
1.000000e+02, 8.689760e+01
1.000000e+02, 8.767171e+01
1.000000e+02, 8.845288e+01
1.000000e+02, 8.924125e+01
1.000000e+02, 9.003697e+01
1.000000e+02, 9.084021e+01
1.000000e+02, 9.165111e+01
1.000000e+02, 9.246986e+01
1.000000e+02, 9.329663e+01
1.000000e+02, 9.413160e+01
1.000000e+02, 9.497496e+01
1.000000e+02, 9.582692e+01
1.000000e+02, 9.668767e+01
1.000000e+02, 9.755744e+01
1.000000e+02, 9.843645e+01
1.000000e+02, 9.932494e+01
1.000000e+02, 1.002232e+02
1.000000e+02, 1.011314e+02
1.000000e+02, 1.020498e+02
1.000000e+02, 1.029788e+02
1.000000e+02, 1.039186e+02
1.000000e+02, 1.048696e+02
1.000000e+02, 1.058320e+02
1.000000e+02, 1.068063e+02
1.000000e+02, 1.077927e+02
1.000000e+02, 1.087918e+02
1.000000e+02, 1.098037e+02
1.000000e+02, 1.108291e+02
1.000000e+02, 1.118684e+02
1.000000e+02, 1.129220e+02
1.000000e+02, 1.139905e+02
1.000000e+02, 1.150743e+02
1.000000e+02, 1.161742e+02
1.000000e+02, 1.172906e+02
1.000000e+02, 1.184243e+02
1.000000e+02, 1.195759e+02
1.000000e+02, 1.207463e+02
1.000000e+02, 1.219362e+02
1.000000e+02, 1.231465e+02
1.000000e+02, 1.243782e+02
1.000000e+02, 1.256323e+02
1.000000e+02, 1.269099e+02
1.000000e+02, 1.282122e+02
1.000000e+02, 1.295405e+02
1.000000e+02, 1.308963e+02
1.000000e+02, 1.322812e+02
1.000000e+02, 1.336969e+02
1.000000e+02, 1.351453e+02
1.000000e+02, 1.366287e+02
1.000000e+02, 1.381495e+02
1.000000e+02, 1.397103e+02
1.000000e+02, 1.413142e+02
1.000000e+02, 1.429647e+02
1.000000e+02, 1.446657e+02
1.000000e+02, 1.464220e+02
1.000000e+02, 1.482388e+02
1.000000e+02, 1.501224e+02
1.000000e+02, 1.520804e+02
1.000000e+02, 1.541217e+02
1.000000e+02, 1.562574e+02
1.000000e+02, 1.585012e+02
1.000000e+02, 1.608707e+02
1.000000e+02, 1.633886e+02
1.000000e+02, 1.660859e+02
1.000000e+02, 1.690062e+02
1.000000e+02, 1.722142e+02
1.000000e+02, 1.758148e+02
1.000000e+02, 1.800000e+02
##END= 