##TITLE= /opt/topspin3.0/exp/stan/nmr/lists/wave/user/HypSec_trunc2.84_110
##JCAMP-DX= 5.00 Bruker JCAMP library
##DATA TYPE= Shape Data
##ORIGIN= Bruker BioSpin GmbH
##OWNER= <nmrsu>
##DATE= 15/02/24
##TIME= 16:15:04
##MINX= 1.164538e+01
##MAXX= 9.999960e+01
##MINY= 2.546774e-02
##MAXY= 3.585574e+02
##$SHAPE_EXMODE= Adiabatic
##$SHAPE_TOTROT= 1.800000e+02
##$SHAPE_BWFAC= 1.929340e+02
##$SHAPE_INTEGFAC= 2.356110e-02
##$SHAPE_MODE= 0
##NPOINTS= 1000
##XYPOINTS= (XY..XY)
1.000000e+02, 1.800000e+02
1.000000e+02, 1.738883e+02
1.000000e+02, 1.686302e+02
1.000000e+02, 1.639455e+02
1.000000e+02, 1.596811e+02
1.000000e+02, 1.557421e+02
1.000000e+02, 1.520651e+02
1.000000e+02, 1.486049e+02
1.000000e+02, 1.453282e+02
1.000000e+02, 1.422095e+02
1.000000e+02, 1.392285e+02
1.000000e+02, 1.363693e+02
1.000000e+02, 1.336186e+02
1.000000e+02, 1.309655e+02
1.000000e+02, 1.284008e+02
1.000000e+02, 1.259166e+02
1.000000e+02, 1.235064e+02
1.000000e+02, 1.211642e+02
1.000000e+02, 1.188849e+02
1.000000e+02, 1.166642e+02
1.000000e+02, 1.144979e+02
1.000000e+02, 1.123827e+02
1.000000e+02, 1.103153e+02
1.000000e+02, 1.082930e+02
1.000000e+02, 1.063131e+02
1.000000e+02, 1.043733e+02
1.000000e+02, 1.024715e+02
1.000000e+02, 1.006059e+02
1.000000e+02, 9.877454e+01
1.000000e+02, 9.697589e+01
1.000000e+02, 9.520843e+01
1.000000e+02, 9.347079e+01
1.000000e+02, 9.176168e+01
1.000000e+02, 9.007990e+01
1.000000e+02, 8.842436e+01
1.000000e+02, 8.679402e+01
1.000000e+02, 8.518791e+01
1.000000e+02, 8.360514e+01
1.000000e+02, 8.204485e+01
1.000000e+02, 8.050625e+01
1.000000e+02, 7.898860e+01
1.000000e+02, 7.749118e+01
1.000000e+02, 7.601335e+01
1.000000e+02, 7.455446e+01
1.000000e+02, 7.311393e+01
1.000000e+02, 7.169120e+01
1.000000e+02, 7.028572e+01
1.000000e+02, 6.889701e+01
1.000000e+02, 6.752458e+01
1.000000e+02, 6.616796e+01
1.000000e+02, 6.482673e+01
1.000000e+02, 6.350048e+01
1.000000e+02, 6.218880e+01
1.000000e+02, 6.089133e+01
1.000000e+02, 5.960769e+01
1.000000e+02, 5.833755e+01
1.000000e+02, 5.708058e+01
1.000000e+02, 5.583645e+01
1.000000e+02, 5.460487e+01
1.000000e+02, 5.338555e+01
1.000000e+02, 5.217821e+01
1.000000e+02, 5.098258e+01
1.000000e+02, 4.979840e+01
1.000000e+02, 4.862542e+01
1.000000e+02, 4.746341e+01
1.000000e+02, 4.631214e+01
1.000000e+02, 4.517139e+01
1.000000e+02, 4.404094e+01
1.000000e+02, 4.292058e+01
1.000000e+02, 4.181013e+01
1.000000e+02, 4.070939e+01
1.000000e+02, 3.961816e+01
1.000000e+02, 3.853629e+01
1.000000e+02, 3.746358e+01
1.000000e+02, 3.639988e+01
1.000000e+02, 3.534503e+01
1.000000e+02, 3.429886e+01
1.000000e+02, 3.326122e+01
1.000000e+02, 3.223198e+01
1.000000e+02, 3.121098e+01
1.000000e+02, 3.019808e+01
1.000000e+02, 2.919316e+01
1.000000e+02, 2.819608e+01
1.000000e+02, 2.720672e+01
1.000000e+02, 2.622496e+01
1.000000e+02, 2.525066e+01
1.000000e+02, 2.428373e+01
1.000000e+02, 2.332405e+01
1.000000e+02, 2.237150e+01
1.000000e+02, 2.142598e+01
1.000000e+02, 2.048739e+01
1.000000e+02, 1.955563e+01
1.000000e+02, 1.863059e+01
1.000000e+02, 1.771219e+01
1.000000e+02, 1.680033e+01
1.000000e+02, 1.589491e+01
1.000000e+02, 1.499586e+01
1.000000e+02, 1.410308e+01
1.000000e+02, 1.321649e+01
1.000000e+02, 1.233601e+01
1.000000e+02, 1.146156e+01
1.000000e+02, 1.059305e+01
1.000000e+02, 9.730421e+00
1.000000e+02, 8.873589e+00
1.000000e+02, 8.022483e+00
1.000000e+02, 7.177033e+00
1.000000e+02, 6.337169e+00
1.000000e+02, 5.502822e+00
1.000000e+02, 4.673928e+00
1.000000e+02, 3.850420e+00
1.000000e+02, 3.032235e+00
1.000000e+02, 2.219313e+00
1.000000e+02, 1.411591e+00
1.000000e+02, 6.090105e-01
1.000000e+02, 3.598115e+02
1.000000e+02, 3.590190e+02
1.000000e+02, 3.582315e+02
1.000000e+02, 3.574490e+02
1.000000e+02, 3.566712e+02
1.000000e+02, 3.558983e+02
1.000000e+02, 3.551302e+02
1.000000e+02, 3.543667e+02
1.000000e+02, 3.536080e+02
1.000000e+02, 3.528538e+02
1.000000e+02, 3.521042e+02
1.000000e+02, 3.513591e+02
1.000000e+02, 3.506185e+02
1.000000e+02, 3.498823e+02
1.000000e+02, 3.491505e+02
1.000000e+02, 3.484231e+02
1.000000e+02, 3.476999e+02
1.000000e+02, 3.469810e+02
1.000000e+02, 3.462663e+02
1.000000e+02, 3.455558e+02
1.000000e+02, 3.448495e+02
1.000000e+02, 3.441472e+02
1.000000e+02, 3.434490e+02
1.000000e+02, 3.427549e+02
1.000000e+02, 3.420647e+02
1.000000e+02, 3.413785e+02
1.000000e+02, 3.406962e+02
1.000000e+02, 3.400177e+02
1.000000e+02, 3.393432e+02
1.000000e+02, 3.386724e+02
1.000000e+02, 3.380055e+02
1.000000e+02, 3.373423e+02
1.000000e+02, 3.366828e+02
1.000000e+02, 3.360270e+02
1.000000e+02, 3.353748e+02
1.000000e+02, 3.347263e+02
1.000000e+02, 3.340814e+02
1.000000e+02, 3.334401e+02
1.000000e+02, 3.328023e+02
1.000000e+02, 3.321680e+02
1.000000e+02, 3.315372e+02
1.000000e+02, 3.309099e+02
1.000000e+02, 3.302860e+02
1.000000e+02, 3.296655e+02
1.000000e+02, 3.290484e+02
1.000000e+02, 3.284346e+02
1.000000e+02, 3.278242e+02
1.000000e+02, 3.272170e+02
1.000000e+02, 3.266132e+02
1.000000e+02, 3.260126e+02
1.000000e+02, 3.254152e+02
1.000000e+02, 3.248211e+02
1.000000e+02, 3.242301e+02
1.000000e+02, 3.236423e+02
1.000000e+02, 3.230577e+02
1.000000e+02, 3.224761e+02
1.000000e+02, 3.218977e+02
1.000000e+02, 3.213223e+02
1.000000e+02, 3.207500e+02
1.000000e+02, 3.201808e+02
1.000000e+02, 3.196145e+02
1.000000e+02, 3.190512e+02
1.000000e+02, 3.184909e+02
1.000000e+02, 3.179336e+02
1.000000e+02, 3.173792e+02
1.000000e+02, 3.168277e+02
1.000000e+02, 3.162791e+02
1.000000e+02, 3.157334e+02
1.000000e+02, 3.151906e+02
1.000000e+02, 3.146505e+02
1.000000e+02, 3.141134e+02
1.000000e+02, 3.135790e+02
1.000000e+02, 3.130474e+02
1.000000e+02, 3.125186e+02
1.000000e+02, 3.119925e+02
1.000000e+02, 3.114692e+02
1.000000e+02, 3.109486e+02
1.000000e+02, 3.104307e+02
1.000000e+02, 3.099155e+02
1.000000e+02, 3.094030e+02
1.000000e+02, 3.088931e+02
1.000000e+02, 3.083859e+02
1.000000e+02, 3.078813e+02
1.000000e+02, 3.073793e+02
1.000000e+02, 3.068800e+02
1.000000e+02, 3.063832e+02
1.000000e+02, 3.058889e+02
1.000000e+02, 3.053973e+02
1.000000e+02, 3.049081e+02
1.000000e+02, 3.044215e+02
1.000000e+02, 3.039374e+02
1.000000e+02, 3.034558e+02
1.000000e+02, 3.029767e+02
1.000000e+02, 3.025001e+02
1.000000e+02, 3.020260e+02
1.000000e+02, 3.015542e+02
1.000000e+02, 3.010850e+02
1.000000e+02, 3.006181e+02
1.000000e+02, 3.001536e+02
1.000000e+02, 2.996916e+02
1.000000e+02, 2.992319e+02
1.000000e+02, 2.987746e+02
1.000000e+02, 2.983197e+02
1.000000e+02, 2.978671e+02
1.000000e+02, 2.974169e+02
1.000000e+02, 2.969690e+02
1.000000e+02, 2.965234e+02
1.000000e+02, 2.960801e+02
1.000000e+02, 2.956391e+02
1.000000e+02, 2.952003e+02
1.000000e+02, 2.947639e+02
1.000000e+02, 2.943297e+02
1.000000e+02, 2.938978e+02
1.000000e+02, 2.934681e+02
1.000000e+02, 2.930406e+02
1.000000e+02, 2.926154e+02
1.000000e+02, 2.921923e+02
1.000000e+02, 2.917715e+02
1.000000e+02, 2.913528e+02
1.000000e+02, 2.909364e+02
1.000000e+02, 2.905221e+02
1.000000e+02, 2.901099e+02
1.000000e+02, 2.897000e+02
1.000000e+02, 2.892921e+02
1.000000e+02, 2.888864e+02
1.000000e+02, 2.884828e+02
1.000000e+02, 2.880813e+02
1.000000e+02, 2.876820e+02
1.000000e+02, 2.872847e+02
1.000000e+02, 2.868895e+02
1.000000e+02, 2.864964e+02
1.000000e+02, 2.861054e+02
1.000000e+02, 2.857164e+02
1.000000e+02, 2.853295e+02
1.000000e+02, 2.849447e+02
1.000000e+02, 2.845618e+02
1.000000e+02, 2.841810e+02
1.000000e+02, 2.838022e+02
1.000000e+02, 2.834255e+02
1.000000e+02, 2.830507e+02
1.000000e+02, 2.826780e+02
1.000000e+02, 2.823072e+02
1.000000e+02, 2.819384e+02
1.000000e+02, 2.815716e+02
1.000000e+02, 2.812067e+02
1.000000e+02, 2.808439e+02
1.000000e+02, 2.804829e+02
1.000000e+02, 2.801239e+02
1.000000e+02, 2.797669e+02
1.000000e+02, 2.794118e+02
1.000000e+02, 2.790586e+02
1.000000e+02, 2.787073e+02
1.000000e+02, 2.783580e+02
1.000000e+02, 2.780105e+02
1.000000e+02, 2.776649e+02
1.000000e+02, 2.773213e+02
1.000000e+02, 2.769795e+02
1.000000e+02, 2.766396e+02
1.000000e+02, 2.763015e+02
1.000000e+02, 2.759654e+02
1.000000e+02, 2.756311e+02
1.000000e+02, 2.752986e+02
1.000000e+02, 2.749680e+02
1.000000e+02, 2.746392e+02
1.000000e+02, 2.743123e+02
1.000000e+02, 2.739872e+02
1.000000e+02, 2.736639e+02
1.000000e+02, 2.733424e+02
1.000000e+02, 2.730227e+02
1.000000e+02, 2.727049e+02
1.000000e+02, 2.723888e+02
1.000000e+02, 2.720745e+02
1.000000e+02, 2.717620e+02
1.000000e+02, 2.714513e+02
1.000000e+02, 2.711424e+02
1.000000e+02, 2.708353e+02
1.000000e+02, 2.705299e+02
1.000000e+02, 2.702262e+02
1.000000e+02, 2.699244e+02
1.000000e+02, 2.696242e+02
1.000000e+02, 2.693259e+02
1.000000e+02, 2.690292e+02
1.000000e+02, 2.687343e+02
1.000000e+02, 2.684411e+02
1.000000e+02, 2.681497e+02
1.000000e+02, 2.678600e+02
1.000000e+02, 2.675719e+02
1.000000e+02, 2.672856e+02
1.000000e+02, 2.670010e+02
1.000000e+02, 2.667181e+02
1.000000e+02, 2.664369e+02
1.000000e+02, 2.661574e+02
1.000000e+02, 2.658795e+02
1.000000e+02, 2.656034e+02
1.000000e+02, 2.653289e+02
1.000000e+02, 2.650561e+02
1.000000e+02, 2.647850e+02
1.000000e+02, 2.645155e+02
1.000000e+02, 2.642477e+02
1.000000e+02, 2.639815e+02
1.000000e+02, 2.637170e+02
1.000000e+02, 2.634542e+02
1.000000e+02, 2.631929e+02
1.000000e+02, 2.629334e+02
1.000000e+02, 2.626754e+02
1.000000e+02, 2.624191e+02
1.000000e+02, 2.621644e+02
1.000000e+02, 2.619113e+02
1.000000e+02, 2.616599e+02
1.000000e+02, 2.614100e+02
1.000000e+02, 2.611618e+02
1.000000e+02, 2.609152e+02
1.000000e+02, 2.606702e+02
1.000000e+02, 2.604267e+02
1.000000e+02, 2.601849e+02
1.000000e+02, 2.599447e+02
1.000000e+02, 2.597060e+02
1.000000e+02, 2.594690e+02
1.000000e+02, 2.592335e+02
1.000000e+02, 2.589996e+02
1.000000e+02, 2.587672e+02
1.000000e+02, 2.585365e+02
1.000000e+02, 2.583073e+02
1.000000e+02, 2.580796e+02
1.000000e+02, 2.578536e+02
1.000000e+02, 2.576290e+02
1.000000e+02, 2.574061e+02
1.000000e+02, 2.571846e+02
1.000000e+02, 2.569648e+02
1.000000e+02, 2.567464e+02
1.000000e+02, 2.565297e+02
1.000000e+02, 2.563144e+02
1.000000e+02, 2.561007e+02
1.000000e+02, 2.558885e+02
1.000000e+02, 2.556778e+02
1.000000e+02, 2.554687e+02
1.000000e+02, 2.552611e+02
1.000000e+02, 2.550550e+02
1.000000e+02, 2.548504e+02
1.000000e+02, 2.546473e+02
1.000000e+02, 2.544458e+02
1.000000e+02, 2.542457e+02
1.000000e+02, 2.540472e+02
1.000000e+02, 2.538501e+02
1.000000e+02, 2.536546e+02
1.000000e+02, 2.534605e+02
1.000000e+02, 2.532680e+02
1.000000e+02, 2.530769e+02
1.000000e+02, 2.528873e+02
1.000000e+02, 2.526992e+02
1.000000e+02, 2.525126e+02
1.000000e+02, 2.523274e+02
1.000000e+02, 2.521438e+02
1.000000e+02, 2.519616e+02
1.000000e+02, 2.517809e+02
1.000000e+02, 2.516016e+02
1.000000e+02, 2.514239e+02
1.000000e+02, 2.512476e+02
1.000000e+02, 2.510727e+02
1.000000e+02, 2.508993e+02
1.000000e+02, 2.507274e+02
1.000000e+02, 2.505569e+02
1.000000e+02, 2.503879e+02
1.000000e+02, 2.502203e+02
1.000000e+02, 2.500542e+02
1.000000e+02, 2.498895e+02
1.000000e+02, 2.497263e+02
1.000000e+02, 2.495645e+02
1.000000e+02, 2.494041e+02
1.000000e+02, 2.492452e+02
1.000000e+02, 2.490877e+02
1.000000e+02, 2.489317e+02
1.000000e+02, 2.487770e+02
1.000000e+02, 2.486238e+02
1.000000e+02, 2.484721e+02
1.000000e+02, 2.483217e+02
1.000000e+02, 2.481728e+02
1.000000e+02, 2.480253e+02
1.000000e+02, 2.478793e+02
1.000000e+02, 2.477346e+02
1.000000e+02, 2.475914e+02
1.000000e+02, 2.474495e+02
1.000000e+02, 2.473091e+02
1.000000e+02, 2.471701e+02
1.000000e+02, 2.470325e+02
1.000000e+02, 2.468963e+02
1.000000e+02, 2.467615e+02
1.000000e+02, 2.466281e+02
1.000000e+02, 2.464962e+02
1.000000e+02, 2.463656e+02
1.000000e+02, 2.462364e+02
1.000000e+02, 2.461086e+02
1.000000e+02, 2.459822e+02
1.000000e+02, 2.458572e+02
1.000000e+02, 2.457336e+02
1.000000e+02, 2.456114e+02
1.000000e+02, 2.454905e+02
1.000000e+02, 2.453711e+02
1.000000e+02, 2.452530e+02
1.000000e+02, 2.451363e+02
1.000000e+02, 2.450210e+02
1.000000e+02, 2.449071e+02
1.000000e+02, 2.447946e+02
1.000000e+02, 2.446834e+02
1.000000e+02, 2.445736e+02
1.000000e+02, 2.444652e+02
1.000000e+02, 2.443582e+02
1.000000e+02, 2.442525e+02
1.000000e+02, 2.441482e+02
1.000000e+02, 2.440453e+02
1.000000e+02, 2.439437e+02
1.000000e+02, 2.438435e+02
1.000000e+02, 2.437447e+02
1.000000e+02, 2.436473e+02
1.000000e+02, 2.435512e+02
1.000000e+02, 2.434564e+02
1.000000e+02, 2.433631e+02
1.000000e+02, 2.432710e+02
1.000000e+02, 2.431804e+02
1.000000e+02, 2.430911e+02
1.000000e+02, 2.430031e+02
1.000000e+02, 2.429166e+02
1.000000e+02, 2.428313e+02
1.000000e+02, 2.427475e+02
1.000000e+02, 2.426649e+02
1.000000e+02, 2.425838e+02
1.000000e+02, 2.425039e+02
1.000000e+02, 2.424255e+02
1.000000e+02, 2.423483e+02
1.000000e+02, 2.422725e+02
1.000000e+02, 2.421981e+02
1.000000e+02, 2.421250e+02
1.000000e+02, 2.420533e+02
1.000000e+02, 2.419829e+02
1.000000e+02, 2.419138e+02
1.000000e+02, 2.418461e+02
1.000000e+02, 2.417797e+02
1.000000e+02, 2.417147e+02
1.000000e+02, 2.416510e+02
1.000000e+02, 2.415887e+02
1.000000e+02, 2.415276e+02
1.000000e+02, 2.414680e+02
1.000000e+02, 2.414096e+02
1.000000e+02, 2.413526e+02
1.000000e+02, 2.412969e+02
1.000000e+02, 2.412426e+02
1.000000e+02, 2.411896e+02
1.000000e+02, 2.411379e+02
1.000000e+02, 2.410876e+02
1.000000e+02, 2.410386e+02
1.000000e+02, 2.409909e+02
1.000000e+02, 2.409446e+02
1.000000e+02, 2.408996e+02
1.000000e+02, 2.408559e+02
1.000000e+02, 2.408135e+02
1.000000e+02, 2.407725e+02
1.000000e+02, 2.407328e+02
1.000000e+02, 2.406944e+02
1.000000e+02, 2.406574e+02
1.000000e+02, 2.406217e+02
1.000000e+02, 2.405873e+02
1.000000e+02, 2.405542e+02
1.000000e+02, 2.405225e+02
1.000000e+02, 2.404921e+02
1.000000e+02, 2.404630e+02
1.000000e+02, 2.404352e+02
1.000000e+02, 2.404088e+02
1.000000e+02, 2.403837e+02
1.000000e+02, 2.403599e+02
1.000000e+02, 2.403374e+02
1.000000e+02, 2.403163e+02
1.000000e+02, 2.402964e+02
1.000000e+02, 2.402779e+02
1.000000e+02, 2.402608e+02
1.000000e+02, 2.402449e+02
1.000000e+02, 2.402304e+02
1.000000e+02, 2.402172e+02
1.000000e+02, 2.402053e+02
1.000000e+02, 2.401947e+02
1.000000e+02, 2.401855e+02
1.000000e+02, 2.401775e+02
1.000000e+02, 2.401709e+02
1.000000e+02, 2.401657e+02
1.000000e+02, 2.401617e+02
1.000000e+02, 2.401590e+02
1.000000e+02, 2.401577e+02
1.000000e+02, 2.401577e+02
1.000000e+02, 2.401590e+02
1.000000e+02, 2.401617e+02
1.000000e+02, 2.401657e+02
1.000000e+02, 2.401709e+02
1.000000e+02, 2.401775e+02
1.000000e+02, 2.401855e+02
1.000000e+02, 2.401947e+02
1.000000e+02, 2.402053e+02
1.000000e+02, 2.402172e+02
1.000000e+02, 2.402304e+02
1.000000e+02, 2.402449e+02
1.000000e+02, 2.402608e+02
1.000000e+02, 2.402779e+02
1.000000e+02, 2.402964e+02
1.000000e+02, 2.403163e+02
1.000000e+02, 2.403374e+02
1.000000e+02, 2.403599e+02
1.000000e+02, 2.403837e+02
1.000000e+02, 2.404088e+02
1.000000e+02, 2.404352e+02
1.000000e+02, 2.404630e+02
1.000000e+02, 2.404921e+02
1.000000e+02, 2.405225e+02
1.000000e+02, 2.405542e+02
1.000000e+02, 2.405873e+02
1.000000e+02, 2.406217e+02
1.000000e+02, 2.406574e+02
1.000000e+02, 2.406944e+02
1.000000e+02, 2.407328e+02
1.000000e+02, 2.407725e+02
1.000000e+02, 2.408135e+02
1.000000e+02, 2.408559e+02
1.000000e+02, 2.408996e+02
1.000000e+02, 2.409446e+02
1.000000e+02, 2.409909e+02
1.000000e+02, 2.410386e+02
1.000000e+02, 2.410876e+02
1.000000e+02, 2.411379e+02
1.000000e+02, 2.411896e+02
1.000000e+02, 2.412426e+02
1.000000e+02, 2.412969e+02
1.000000e+02, 2.413526e+02
1.000000e+02, 2.414096e+02
1.000000e+02, 2.414680e+02
1.000000e+02, 2.415276e+02
1.000000e+02, 2.415887e+02
1.000000e+02, 2.416510e+02
1.000000e+02, 2.417147e+02
1.000000e+02, 2.417797e+02
1.000000e+02, 2.418461e+02
1.000000e+02, 2.419138e+02
1.000000e+02, 2.419829e+02
1.000000e+02, 2.420533e+02
1.000000e+02, 2.421250e+02
1.000000e+02, 2.421981e+02
1.000000e+02, 2.422726e+02
1.000000e+02, 2.423483e+02
1.000000e+02, 2.424255e+02
1.000000e+02, 2.425039e+02
1.000000e+02, 2.425838e+02
1.000000e+02, 2.426649e+02
1.000000e+02, 2.427475e+02
1.000000e+02, 2.428313e+02
1.000000e+02, 2.429166e+02
1.000000e+02, 2.430032e+02
1.000000e+02, 2.430911e+02
1.000000e+02, 2.431804e+02
1.000000e+02, 2.432710e+02
1.000000e+02, 2.433631e+02
1.000000e+02, 2.434564e+02
1.000000e+02, 2.435512e+02
1.000000e+02, 2.436473e+02
1.000000e+02, 2.437447e+02
1.000000e+02, 2.438435e+02
1.000000e+02, 2.439437e+02
1.000000e+02, 2.440453e+02
1.000000e+02, 2.441482e+02
1.000000e+02, 2.442525e+02
1.000000e+02, 2.443582e+02
1.000000e+02, 2.444652e+02
1.000000e+02, 2.445736e+02
1.000000e+02, 2.446834e+02
1.000000e+02, 2.447946e+02
1.000000e+02, 2.449071e+02
1.000000e+02, 2.450210e+02
1.000000e+02, 2.451363e+02
1.000000e+02, 2.452530e+02
1.000000e+02, 2.453711e+02
1.000000e+02, 2.454905e+02
1.000000e+02, 2.456114e+02
1.000000e+02, 2.457336e+02
1.000000e+02, 2.458572e+02
1.000000e+02, 2.459822e+02
1.000000e+02, 2.461086e+02
1.000000e+02, 2.462364e+02
1.000000e+02, 2.463656e+02
1.000000e+02, 2.464962e+02
1.000000e+02, 2.466281e+02
1.000000e+02, 2.467615e+02
1.000000e+02, 2.468963e+02
1.000000e+02, 2.470325e+02
1.000000e+02, 2.471701e+02
1.000000e+02, 2.473091e+02
1.000000e+02, 2.474495e+02
1.000000e+02, 2.475914e+02
1.000000e+02, 2.477346e+02
1.000000e+02, 2.478793e+02
1.000000e+02, 2.480253e+02
1.000000e+02, 2.481728e+02
1.000000e+02, 2.483217e+02
1.000000e+02, 2.484721e+02
1.000000e+02, 2.486238e+02
1.000000e+02, 2.487770e+02
1.000000e+02, 2.489317e+02
1.000000e+02, 2.490877e+02
1.000000e+02, 2.492452e+02
1.000000e+02, 2.494041e+02
1.000000e+02, 2.495645e+02
1.000000e+02, 2.497263e+02
1.000000e+02, 2.498895e+02
1.000000e+02, 2.500542e+02
1.000000e+02, 2.502203e+02
1.000000e+02, 2.503879e+02
1.000000e+02, 2.505569e+02
1.000000e+02, 2.507274e+02
1.000000e+02, 2.508993e+02
1.000000e+02, 2.510727e+02
1.000000e+02, 2.512476e+02
1.000000e+02, 2.514239e+02
1.000000e+02, 2.516016e+02
1.000000e+02, 2.517809e+02
1.000000e+02, 2.519616e+02
1.000000e+02, 2.521438e+02
1.000000e+02, 2.523275e+02
1.000000e+02, 2.525126e+02
1.000000e+02, 2.526992e+02
1.000000e+02, 2.528873e+02
1.000000e+02, 2.530769e+02
1.000000e+02, 2.532680e+02
1.000000e+02, 2.534605e+02
1.000000e+02, 2.536546e+02
1.000000e+02, 2.538501e+02
1.000000e+02, 2.540472e+02
1.000000e+02, 2.542457e+02
1.000000e+02, 2.544458e+02
1.000000e+02, 2.546473e+02
1.000000e+02, 2.548504e+02
1.000000e+02, 2.550550e+02
1.000000e+02, 2.552611e+02
1.000000e+02, 2.554687e+02
1.000000e+02, 2.556778e+02
1.000000e+02, 2.558885e+02
1.000000e+02, 2.561007e+02
1.000000e+02, 2.563144e+02
1.000000e+02, 2.565297e+02
1.000000e+02, 2.567464e+02
1.000000e+02, 2.569648e+02
1.000000e+02, 2.571847e+02
1.000000e+02, 2.574061e+02
1.000000e+02, 2.576290e+02
1.000000e+02, 2.578536e+02
1.000000e+02, 2.580796e+02
1.000000e+02, 2.583073e+02
1.000000e+02, 2.585365e+02
1.000000e+02, 2.587672e+02
1.000000e+02, 2.589996e+02
1.000000e+02, 2.592335e+02
1.000000e+02, 2.594690e+02
1.000000e+02, 2.597060e+02
1.000000e+02, 2.599447e+02
1.000000e+02, 2.601849e+02
1.000000e+02, 2.604267e+02
1.000000e+02, 2.606702e+02
1.000000e+02, 2.609152e+02
1.000000e+02, 2.611618e+02
1.000000e+02, 2.614100e+02
1.000000e+02, 2.616599e+02
1.000000e+02, 2.619113e+02
1.000000e+02, 2.621644e+02
1.000000e+02, 2.624191e+02
1.000000e+02, 2.626754e+02
1.000000e+02, 2.629334e+02
1.000000e+02, 2.631929e+02
1.000000e+02, 2.634542e+02
1.000000e+02, 2.637170e+02
1.000000e+02, 2.639815e+02
1.000000e+02, 2.642477e+02
1.000000e+02, 2.645155e+02
1.000000e+02, 2.647850e+02
1.000000e+02, 2.650561e+02
1.000000e+02, 2.653289e+02
1.000000e+02, 2.656034e+02
1.000000e+02, 2.658795e+02
1.000000e+02, 2.661574e+02
1.000000e+02, 2.664369e+02
1.000000e+02, 2.667181e+02
1.000000e+02, 2.670010e+02
1.000000e+02, 2.672856e+02
1.000000e+02, 2.675719e+02
1.000000e+02, 2.678600e+02
1.000000e+02, 2.681497e+02
1.000000e+02, 2.684411e+02
1.000000e+02, 2.687343e+02
1.000000e+02, 2.690292e+02
1.000000e+02, 2.693259e+02
1.000000e+02, 2.696242e+02
1.000000e+02, 2.699244e+02
1.000000e+02, 2.702262e+02
1.000000e+02, 2.705299e+02
1.000000e+02, 2.708353e+02
1.000000e+02, 2.711424e+02
1.000000e+02, 2.714513e+02
1.000000e+02, 2.717620e+02
1.000000e+02, 2.720745e+02
1.000000e+02, 2.723888e+02
1.000000e+02, 2.727049e+02
1.000000e+02, 2.730227e+02
1.000000e+02, 2.733424e+02
1.000000e+02, 2.736639e+02
1.000000e+02, 2.739872e+02
1.000000e+02, 2.743123e+02
1.000000e+02, 2.746392e+02
1.000000e+02, 2.749680e+02
1.000000e+02, 2.752986e+02
1.000000e+02, 2.756311e+02
1.000000e+02, 2.759654e+02
1.000000e+02, 2.763015e+02
1.000000e+02, 2.766396e+02
1.000000e+02, 2.769795e+02
1.000000e+02, 2.773213e+02
1.000000e+02, 2.776649e+02
1.000000e+02, 2.780105e+02
1.000000e+02, 2.783580e+02
1.000000e+02, 2.787073e+02
1.000000e+02, 2.790586e+02
1.000000e+02, 2.794118e+02
1.000000e+02, 2.797669e+02
1.000000e+02, 2.801239e+02
1.000000e+02, 2.804829e+02
1.000000e+02, 2.808439e+02
1.000000e+02, 2.812067e+02
1.000000e+02, 2.815716e+02
1.000000e+02, 2.819384e+02
1.000000e+02, 2.823072e+02
1.000000e+02, 2.826780e+02
1.000000e+02, 2.830507e+02
1.000000e+02, 2.834255e+02
1.000000e+02, 2.838022e+02
1.000000e+02, 2.841810e+02
1.000000e+02, 2.845618e+02
1.000000e+02, 2.849447e+02
1.000000e+02, 2.853295e+02
1.000000e+02, 2.857164e+02
1.000000e+02, 2.861054e+02
1.000000e+02, 2.864964e+02
1.000000e+02, 2.868895e+02
1.000000e+02, 2.872847e+02
1.000000e+02, 2.876820e+02
1.000000e+02, 2.880813e+02
1.000000e+02, 2.884828e+02
1.000000e+02, 2.888864e+02
1.000000e+02, 2.892921e+02
1.000000e+02, 2.897000e+02
1.000000e+02, 2.901099e+02
1.000000e+02, 2.905221e+02
1.000000e+02, 2.909364e+02
1.000000e+02, 2.913528e+02
1.000000e+02, 2.917715e+02
1.000000e+02, 2.921923e+02
1.000000e+02, 2.926154e+02
1.000000e+02, 2.930406e+02
1.000000e+02, 2.934681e+02
1.000000e+02, 2.938978e+02
1.000000e+02, 2.943297e+02
1.000000e+02, 2.947639e+02
1.000000e+02, 2.952003e+02
1.000000e+02, 2.956391e+02
1.000000e+02, 2.960801e+02
1.000000e+02, 2.965234e+02
1.000000e+02, 2.969690e+02
1.000000e+02, 2.974169e+02
1.000000e+02, 2.978671e+02
1.000000e+02, 2.983197e+02
1.000000e+02, 2.987746e+02
1.000000e+02, 2.992319e+02
1.000000e+02, 2.996916e+02
1.000000e+02, 3.001536e+02
1.000000e+02, 3.006181e+02
1.000000e+02, 3.010850e+02
1.000000e+02, 3.015542e+02
1.000000e+02, 3.020260e+02
1.000000e+02, 3.025001e+02
1.000000e+02, 3.029767e+02
1.000000e+02, 3.034558e+02
1.000000e+02, 3.039374e+02
1.000000e+02, 3.044215e+02
1.000000e+02, 3.049081e+02
1.000000e+02, 3.053973e+02
1.000000e+02, 3.058889e+02
1.000000e+02, 3.063832e+02
1.000000e+02, 3.068800e+02
1.000000e+02, 3.073793e+02
1.000000e+02, 3.078813e+02
1.000000e+02, 3.083859e+02
1.000000e+02, 3.088931e+02
1.000000e+02, 3.094030e+02
1.000000e+02, 3.099155e+02
1.000000e+02, 3.104307e+02
1.000000e+02, 3.109486e+02
1.000000e+02, 3.114692e+02
1.000000e+02, 3.119925e+02
1.000000e+02, 3.125186e+02
1.000000e+02, 3.130474e+02
1.000000e+02, 3.135790e+02
1.000000e+02, 3.141134e+02
1.000000e+02, 3.146506e+02
1.000000e+02, 3.151906e+02
1.000000e+02, 3.157334e+02
1.000000e+02, 3.162791e+02
1.000000e+02, 3.168277e+02
1.000000e+02, 3.173792e+02
1.000000e+02, 3.179336e+02
1.000000e+02, 3.184909e+02
1.000000e+02, 3.190512e+02
1.000000e+02, 3.196145e+02
1.000000e+02, 3.201808e+02
1.000000e+02, 3.207500e+02
1.000000e+02, 3.213223e+02
1.000000e+02, 3.218977e+02
1.000000e+02, 3.224761e+02
1.000000e+02, 3.230577e+02
1.000000e+02, 3.236423e+02
1.000000e+02, 3.242301e+02
1.000000e+02, 3.248211e+02
1.000000e+02, 3.254152e+02
1.000000e+02, 3.260126e+02
1.000000e+02, 3.266132e+02
1.000000e+02, 3.272170e+02
1.000000e+02, 3.278242e+02
1.000000e+02, 3.284346e+02
1.000000e+02, 3.290484e+02
1.000000e+02, 3.296655e+02
1.000000e+02, 3.302860e+02
1.000000e+02, 3.309099e+02
1.000000e+02, 3.315372e+02
1.000000e+02, 3.321680e+02
1.000000e+02, 3.328023e+02
1.000000e+02, 3.334401e+02
1.000000e+02, 3.340814e+02
1.000000e+02, 3.347263e+02
1.000000e+02, 3.353748e+02
1.000000e+02, 3.360270e+02
1.000000e+02, 3.366828e+02
1.000000e+02, 3.373423e+02
1.000000e+02, 3.380055e+02
1.000000e+02, 3.386724e+02
1.000000e+02, 3.393432e+02
1.000000e+02, 3.400177e+02
1.000000e+02, 3.406962e+02
1.000000e+02, 3.413785e+02
1.000000e+02, 3.420647e+02
1.000000e+02, 3.427549e+02
1.000000e+02, 3.434490e+02
1.000000e+02, 3.441472e+02
1.000000e+02, 3.448495e+02
1.000000e+02, 3.455558e+02
1.000000e+02, 3.462663e+02
1.000000e+02, 3.469810e+02
1.000000e+02, 3.476999e+02
1.000000e+02, 3.484231e+02
1.000000e+02, 3.491505e+02
1.000000e+02, 3.498823e+02
1.000000e+02, 3.506185e+02
1.000000e+02, 3.513591e+02
1.000000e+02, 3.521042e+02
1.000000e+02, 3.528538e+02
1.000000e+02, 3.536080e+02
1.000000e+02, 3.543667e+02
1.000000e+02, 3.551302e+02
1.000000e+02, 3.558983e+02
1.000000e+02, 3.566712e+02
1.000000e+02, 3.574490e+02
1.000000e+02, 3.582315e+02
1.000000e+02, 3.590190e+02
1.000000e+02, 3.598115e+02
1.000000e+02, 6.090134e-01
1.000000e+02, 1.411594e+00
1.000000e+02, 2.219316e+00
1.000000e+02, 3.032238e+00
1.000000e+02, 3.850423e+00
1.000000e+02, 4.673930e+00
1.000000e+02, 5.502825e+00
1.000000e+02, 6.337172e+00
1.000000e+02, 7.177036e+00
1.000000e+02, 8.022486e+00
1.000000e+02, 8.873592e+00
1.000000e+02, 9.730424e+00
1.000000e+02, 1.059305e+01
1.000000e+02, 1.146156e+01
1.000000e+02, 1.233601e+01
1.000000e+02, 1.321649e+01
1.000000e+02, 1.410308e+01
1.000000e+02, 1.499586e+01
1.000000e+02, 1.589492e+01
1.000000e+02, 1.680033e+01
1.000000e+02, 1.771219e+01
1.000000e+02, 1.863060e+01
1.000000e+02, 1.955563e+01
1.000000e+02, 2.048740e+01
1.000000e+02, 2.142599e+01
1.000000e+02, 2.237150e+01
1.000000e+02, 2.332405e+01
1.000000e+02, 2.428374e+01
1.000000e+02, 2.525067e+01
1.000000e+02, 2.622496e+01
1.000000e+02, 2.720673e+01
1.000000e+02, 2.819609e+01
1.000000e+02, 2.919316e+01
1.000000e+02, 3.019809e+01
1.000000e+02, 3.121098e+01
1.000000e+02, 3.223198e+01
1.000000e+02, 3.326123e+01
1.000000e+02, 3.429886e+01
1.000000e+02, 3.534503e+01
1.000000e+02, 3.639989e+01
1.000000e+02, 3.746359e+01
1.000000e+02, 3.853629e+01
1.000000e+02, 3.961817e+01
1.000000e+02, 4.070939e+01
1.000000e+02, 4.181013e+01
1.000000e+02, 4.292059e+01
1.000000e+02, 4.404094e+01
1.000000e+02, 4.517139e+01
1.000000e+02, 4.631214e+01
1.000000e+02, 4.746341e+01
1.000000e+02, 4.862542e+01
1.000000e+02, 4.979840e+01
1.000000e+02, 5.098258e+01
1.000000e+02, 5.217821e+01
1.000000e+02, 5.338556e+01
1.000000e+02, 5.460488e+01
1.000000e+02, 5.583645e+01
1.000000e+02, 5.708058e+01
1.000000e+02, 5.833755e+01
1.000000e+02, 5.960769e+01
1.000000e+02, 6.089133e+01
1.000000e+02, 6.218881e+01
1.000000e+02, 6.350048e+01
1.000000e+02, 6.482674e+01
1.000000e+02, 6.616796e+01
1.000000e+02, 6.752458e+01
1.000000e+02, 6.889701e+01
1.000000e+02, 7.028573e+01
1.000000e+02, 7.169120e+01
1.000000e+02, 7.311393e+01
1.000000e+02, 7.455446e+01
1.000000e+02, 7.601335e+01
1.000000e+02, 7.749119e+01
1.000000e+02, 7.898860e+01
1.000000e+02, 8.050625e+01
1.000000e+02, 8.204485e+01
1.000000e+02, 8.360514e+01
1.000000e+02, 8.518792e+01
1.000000e+02, 8.679402e+01
1.000000e+02, 8.842437e+01
1.000000e+02, 9.007991e+01
1.000000e+02, 9.176168e+01
1.000000e+02, 9.347080e+01
1.000000e+02, 9.520844e+01
1.000000e+02, 9.697589e+01
1.000000e+02, 9.877454e+01
1.000000e+02, 1.006059e+02
1.000000e+02, 1.024715e+02
1.000000e+02, 1.043733e+02
1.000000e+02, 1.063131e+02
1.000000e+02, 1.082930e+02
1.000000e+02, 1.103153e+02
1.000000e+02, 1.123827e+02
1.000000e+02, 1.144979e+02
1.000000e+02, 1.166642e+02
1.000000e+02, 1.188849e+02
1.000000e+02, 1.211642e+02
1.000000e+02, 1.235064e+02
1.000000e+02, 1.259166e+02
1.000000e+02, 1.284008e+02
1.000000e+02, 1.309655e+02
1.000000e+02, 1.336186e+02
1.000000e+02, 1.363693e+02
1.000000e+02, 1.392285e+02
1.000000e+02, 1.422095e+02
1.000000e+02, 1.453282e+02
1.000000e+02, 1.486049e+02
1.000000e+02, 1.520651e+02
1.000000e+02, 1.557421e+02
1.000000e+02, 1.596811e+02
1.000000e+02, 1.639455e+02
1.000000e+02, 1.686303e+02
1.000000e+02, 1.738883e+02
1.000000e+02, 1.800000e+02
##END= 