##TITLE= /opt/topspin3.0/exp/stan/nmr/lists/wave/user/HypSec_trunc2.84_110
##JCAMP-DX= 5.00 Bruker JCAMP library
##DATA TYPE= Shape Data
##ORIGIN= Bruker BioSpin GmbH
##OWNER= <nmrsu>
##DATE= 15/02/24
##TIME= 16:15:04
##MINX= 1.164538e+01
##MAXX= 9.999960e+01
##MINY= 2.546774e-02
##MAXY= 3.585574e+02
##$SHAPE_EXMODE= Adiabatic
##$SHAPE_TOTROT= 1.800000e+02
##$SHAPE_BWFAC= 1.929340e+02
##$SHAPE_INTEGFAC= 2.356110e-02
##$SHAPE_MODE= 0
##NPOINTS= 1000
##XYPOINTS= (XY..XY)
1.000000e+02, 1.800000e+02
1.000000e+02, 1.740876e+02
1.000000e+02, 1.690010e+02
1.000000e+02, 1.644690e+02
1.000000e+02, 1.603436e+02
1.000000e+02, 1.565331e+02
1.000000e+02, 1.529760e+02
1.000000e+02, 1.496287e+02
1.000000e+02, 1.464588e+02
1.000000e+02, 1.434418e+02
1.000000e+02, 1.405580e+02
1.000000e+02, 1.377920e+02
1.000000e+02, 1.351310e+02
1.000000e+02, 1.325644e+02
1.000000e+02, 1.300833e+02
1.000000e+02, 1.276802e+02
1.000000e+02, 1.253486e+02
1.000000e+02, 1.230827e+02
1.000000e+02, 1.208778e+02
1.000000e+02, 1.187295e+02
1.000000e+02, 1.166339e+02
1.000000e+02, 1.145876e+02
1.000000e+02, 1.125877e+02
1.000000e+02, 1.106312e+02
1.000000e+02, 1.087159e+02
1.000000e+02, 1.068394e+02
1.000000e+02, 1.049996e+02
1.000000e+02, 1.031948e+02
1.000000e+02, 1.014232e+02
1.000000e+02, 9.968320e+01
1.000000e+02, 9.797338e+01
1.000000e+02, 9.629240e+01
1.000000e+02, 9.463902e+01
1.000000e+02, 9.301208e+01
1.000000e+02, 9.141053e+01
1.000000e+02, 8.983335e+01
1.000000e+02, 8.827961e+01
1.000000e+02, 8.674845e+01
1.000000e+02, 8.523904e+01
1.000000e+02, 8.375061e+01
1.000000e+02, 8.228245e+01
1.000000e+02, 8.083386e+01
1.000000e+02, 7.940422e+01
1.000000e+02, 7.799290e+01
1.000000e+02, 7.659935e+01
1.000000e+02, 7.522300e+01
1.000000e+02, 7.386336e+01
1.000000e+02, 7.251993e+01
1.000000e+02, 7.119225e+01
1.000000e+02, 6.987988e+01
1.000000e+02, 6.858238e+01
1.000000e+02, 6.729938e+01
1.000000e+02, 6.603047e+01
1.000000e+02, 6.477531e+01
1.000000e+02, 6.353353e+01
1.000000e+02, 6.230480e+01
1.000000e+02, 6.108882e+01
1.000000e+02, 5.988526e+01
1.000000e+02, 5.869385e+01
1.000000e+02, 5.751428e+01
1.000000e+02, 5.634631e+01
1.000000e+02, 5.518967e+01
1.000000e+02, 5.404410e+01
1.000000e+02, 5.290937e+01
1.000000e+02, 5.178526e+01
1.000000e+02, 5.067153e+01
1.000000e+02, 4.956797e+01
1.000000e+02, 4.847438e+01
1.000000e+02, 4.739056e+01
1.000000e+02, 4.631632e+01
1.000000e+02, 4.525147e+01
1.000000e+02, 4.419583e+01
1.000000e+02, 4.314924e+01
1.000000e+02, 4.211151e+01
1.000000e+02, 4.108250e+01
1.000000e+02, 4.006204e+01
1.000000e+02, 3.904998e+01
1.000000e+02, 3.804618e+01
1.000000e+02, 3.705050e+01
1.000000e+02, 3.606279e+01
1.000000e+02, 3.508293e+01
1.000000e+02, 3.411078e+01
1.000000e+02, 3.314621e+01
1.000000e+02, 3.218911e+01
1.000000e+02, 3.123936e+01
1.000000e+02, 3.029684e+01
1.000000e+02, 2.936144e+01
1.000000e+02, 2.843305e+01
1.000000e+02, 2.751156e+01
1.000000e+02, 2.659687e+01
1.000000e+02, 2.568889e+01
1.000000e+02, 2.478751e+01
1.000000e+02, 2.389264e+01
1.000000e+02, 2.300419e+01
1.000000e+02, 2.212206e+01
1.000000e+02, 2.124617e+01
1.000000e+02, 2.037643e+01
1.000000e+02, 1.951276e+01
1.000000e+02, 1.865508e+01
1.000000e+02, 1.780331e+01
1.000000e+02, 1.695737e+01
1.000000e+02, 1.611719e+01
1.000000e+02, 1.528269e+01
1.000000e+02, 1.445380e+01
1.000000e+02, 1.363045e+01
1.000000e+02, 1.281256e+01
1.000000e+02, 1.200009e+01
1.000000e+02, 1.119295e+01
1.000000e+02, 1.039108e+01
1.000000e+02, 9.594428e+00
1.000000e+02, 8.802923e+00
1.000000e+02, 8.016509e+00
1.000000e+02, 7.235126e+00
1.000000e+02, 6.458717e+00
1.000000e+02, 5.687225e+00
1.000000e+02, 4.920596e+00
1.000000e+02, 4.158777e+00
1.000000e+02, 3.401713e+00
1.000000e+02, 2.649354e+00
1.000000e+02, 1.901649e+00
1.000000e+02, 1.158548e+00
1.000000e+02, 4.200035e-01
1.000000e+02, 3.596860e+02
1.000000e+02, 3.589564e+02
1.000000e+02, 3.582312e+02
1.000000e+02, 3.575104e+02
1.000000e+02, 3.567940e+02
1.000000e+02, 3.560818e+02
1.000000e+02, 3.553739e+02
1.000000e+02, 3.546701e+02
1.000000e+02, 3.539706e+02
1.000000e+02, 3.532751e+02
1.000000e+02, 3.525837e+02
1.000000e+02, 3.518964e+02
1.000000e+02, 3.512131e+02
1.000000e+02, 3.505337e+02
1.000000e+02, 3.498583e+02
1.000000e+02, 3.491868e+02
1.000000e+02, 3.485191e+02
1.000000e+02, 3.478553e+02
1.000000e+02, 3.471952e+02
1.000000e+02, 3.465389e+02
1.000000e+02, 3.458863e+02
1.000000e+02, 3.452375e+02
1.000000e+02, 3.445922e+02
1.000000e+02, 3.439507e+02
1.000000e+02, 3.433127e+02
1.000000e+02, 3.426783e+02
1.000000e+02, 3.420474e+02
1.000000e+02, 3.414200e+02
1.000000e+02, 3.407961e+02
1.000000e+02, 3.401757e+02
1.000000e+02, 3.395587e+02
1.000000e+02, 3.389451e+02
1.000000e+02, 3.383349e+02
1.000000e+02, 3.377280e+02
1.000000e+02, 3.371245e+02
1.000000e+02, 3.365242e+02
1.000000e+02, 3.359272e+02
1.000000e+02, 3.353335e+02
1.000000e+02, 3.347429e+02
1.000000e+02, 3.341556e+02
1.000000e+02, 3.335715e+02
1.000000e+02, 3.329904e+02
1.000000e+02, 3.324126e+02
1.000000e+02, 3.318378e+02
1.000000e+02, 3.312661e+02
1.000000e+02, 3.306975e+02
1.000000e+02, 3.301319e+02
1.000000e+02, 3.295693e+02
1.000000e+02, 3.290097e+02
1.000000e+02, 3.284531e+02
1.000000e+02, 3.278995e+02
1.000000e+02, 3.273488e+02
1.000000e+02, 3.268010e+02
1.000000e+02, 3.262561e+02
1.000000e+02, 3.257141e+02
1.000000e+02, 3.251749e+02
1.000000e+02, 3.246386e+02
1.000000e+02, 3.241051e+02
1.000000e+02, 3.235744e+02
1.000000e+02, 3.230464e+02
1.000000e+02, 3.225213e+02
1.000000e+02, 3.219989e+02
1.000000e+02, 3.214792e+02
1.000000e+02, 3.209623e+02
1.000000e+02, 3.204480e+02
1.000000e+02, 3.199365e+02
1.000000e+02, 3.194276e+02
1.000000e+02, 3.189213e+02
1.000000e+02, 3.184177e+02
1.000000e+02, 3.179167e+02
1.000000e+02, 3.174183e+02
1.000000e+02, 3.169225e+02
1.000000e+02, 3.164292e+02
1.000000e+02, 3.159385e+02
1.000000e+02, 3.154504e+02
1.000000e+02, 3.149648e+02
1.000000e+02, 3.144817e+02
1.000000e+02, 3.140011e+02
1.000000e+02, 3.135230e+02
1.000000e+02, 3.130473e+02
1.000000e+02, 3.125742e+02
1.000000e+02, 3.121034e+02
1.000000e+02, 3.116351e+02
1.000000e+02, 3.111692e+02
1.000000e+02, 3.107058e+02
1.000000e+02, 3.102447e+02
1.000000e+02, 3.097860e+02
1.000000e+02, 3.093296e+02
1.000000e+02, 3.088757e+02
1.000000e+02, 3.084240e+02
1.000000e+02, 3.079747e+02
1.000000e+02, 3.075277e+02
1.000000e+02, 3.070831e+02
1.000000e+02, 3.066407e+02
1.000000e+02, 3.062006e+02
1.000000e+02, 3.057628e+02
1.000000e+02, 3.053272e+02
1.000000e+02, 3.048939e+02
1.000000e+02, 3.044628e+02
1.000000e+02, 3.040340e+02
1.000000e+02, 3.036073e+02
1.000000e+02, 3.031829e+02
1.000000e+02, 3.027607e+02
1.000000e+02, 3.023407e+02
1.000000e+02, 3.019228e+02
1.000000e+02, 3.015072e+02
1.000000e+02, 3.010936e+02
1.000000e+02, 3.006823e+02
1.000000e+02, 3.002730e+02
1.000000e+02, 2.998659e+02
1.000000e+02, 2.994609e+02
1.000000e+02, 2.990580e+02
1.000000e+02, 2.986572e+02
1.000000e+02, 2.982585e+02
1.000000e+02, 2.978619e+02
1.000000e+02, 2.974674e+02
1.000000e+02, 2.970749e+02
1.000000e+02, 2.966845e+02
1.000000e+02, 2.962961e+02
1.000000e+02, 2.959097e+02
1.000000e+02, 2.955254e+02
1.000000e+02, 2.951431e+02
1.000000e+02, 2.947629e+02
1.000000e+02, 2.943846e+02
1.000000e+02, 2.940083e+02
1.000000e+02, 2.936340e+02
1.000000e+02, 2.932617e+02
1.000000e+02, 2.928913e+02
1.000000e+02, 2.925229e+02
1.000000e+02, 2.921565e+02
1.000000e+02, 2.917920e+02
1.000000e+02, 2.914295e+02
1.000000e+02, 2.910689e+02
1.000000e+02, 2.907102e+02
1.000000e+02, 2.903535e+02
1.000000e+02, 2.899986e+02
1.000000e+02, 2.896457e+02
1.000000e+02, 2.892946e+02
1.000000e+02, 2.889454e+02
1.000000e+02, 2.885982e+02
1.000000e+02, 2.882528e+02
1.000000e+02, 2.879092e+02
1.000000e+02, 2.875676e+02
1.000000e+02, 2.872277e+02
1.000000e+02, 2.868898e+02
1.000000e+02, 2.865536e+02
1.000000e+02, 2.862193e+02
1.000000e+02, 2.858869e+02
1.000000e+02, 2.855562e+02
1.000000e+02, 2.852274e+02
1.000000e+02, 2.849004e+02
1.000000e+02, 2.845752e+02
1.000000e+02, 2.842518e+02
1.000000e+02, 2.839302e+02
1.000000e+02, 2.836103e+02
1.000000e+02, 2.832923e+02
1.000000e+02, 2.829760e+02
1.000000e+02, 2.826615e+02
1.000000e+02, 2.823487e+02
1.000000e+02, 2.820377e+02
1.000000e+02, 2.817285e+02
1.000000e+02, 2.814210e+02
1.000000e+02, 2.811152e+02
1.000000e+02, 2.808112e+02
1.000000e+02, 2.805089e+02
1.000000e+02, 2.802084e+02
1.000000e+02, 2.799095e+02
1.000000e+02, 2.796124e+02
1.000000e+02, 2.793169e+02
1.000000e+02, 2.790232e+02
1.000000e+02, 2.787312e+02
1.000000e+02, 2.784408e+02
1.000000e+02, 2.781522e+02
1.000000e+02, 2.778652e+02
1.000000e+02, 2.775799e+02
1.000000e+02, 2.772963e+02
1.000000e+02, 2.770144e+02
1.000000e+02, 2.767341e+02
1.000000e+02, 2.764555e+02
1.000000e+02, 2.761785e+02
1.000000e+02, 2.759032e+02
1.000000e+02, 2.756295e+02
1.000000e+02, 2.753574e+02
1.000000e+02, 2.750870e+02
1.000000e+02, 2.748183e+02
1.000000e+02, 2.745511e+02
1.000000e+02, 2.742856e+02
1.000000e+02, 2.740217e+02
1.000000e+02, 2.737594e+02
1.000000e+02, 2.734987e+02
1.000000e+02, 2.732396e+02
1.000000e+02, 2.729821e+02
1.000000e+02, 2.727262e+02
1.000000e+02, 2.724720e+02
1.000000e+02, 2.722193e+02
1.000000e+02, 2.719681e+02
1.000000e+02, 2.717186e+02
1.000000e+02, 2.714706e+02
1.000000e+02, 2.712243e+02
1.000000e+02, 2.709794e+02
1.000000e+02, 2.707362e+02
1.000000e+02, 2.704945e+02
1.000000e+02, 2.702544e+02
1.000000e+02, 2.700158e+02
1.000000e+02, 2.697787e+02
1.000000e+02, 2.695433e+02
1.000000e+02, 2.693093e+02
1.000000e+02, 2.690769e+02
1.000000e+02, 2.688460e+02
1.000000e+02, 2.686167e+02
1.000000e+02, 2.683889e+02
1.000000e+02, 2.681626e+02
1.000000e+02, 2.679379e+02
1.000000e+02, 2.677146e+02
1.000000e+02, 2.674929e+02
1.000000e+02, 2.672727e+02
1.000000e+02, 2.670540e+02
1.000000e+02, 2.668368e+02
1.000000e+02, 2.666211e+02
1.000000e+02, 2.664069e+02
1.000000e+02, 2.661942e+02
1.000000e+02, 2.659830e+02
1.000000e+02, 2.657733e+02
1.000000e+02, 2.655650e+02
1.000000e+02, 2.653583e+02
1.000000e+02, 2.651530e+02
1.000000e+02, 2.649492e+02
1.000000e+02, 2.647469e+02
1.000000e+02, 2.645461e+02
1.000000e+02, 2.643467e+02
1.000000e+02, 2.641488e+02
1.000000e+02, 2.639523e+02
1.000000e+02, 2.637573e+02
1.000000e+02, 2.635638e+02
1.000000e+02, 2.633717e+02
1.000000e+02, 2.631811e+02
1.000000e+02, 2.629919e+02
1.000000e+02, 2.628042e+02
1.000000e+02, 2.626179e+02
1.000000e+02, 2.624331e+02
1.000000e+02, 2.622497e+02
1.000000e+02, 2.620677e+02
1.000000e+02, 2.618872e+02
1.000000e+02, 2.617081e+02
1.000000e+02, 2.615304e+02
1.000000e+02, 2.613542e+02
1.000000e+02, 2.611793e+02
1.000000e+02, 2.610059e+02
1.000000e+02, 2.608340e+02
1.000000e+02, 2.606634e+02
1.000000e+02, 2.604942e+02
1.000000e+02, 2.603265e+02
1.000000e+02, 2.601602e+02
1.000000e+02, 2.599953e+02
1.000000e+02, 2.598317e+02
1.000000e+02, 2.596696e+02
1.000000e+02, 2.595089e+02
1.000000e+02, 2.593496e+02
1.000000e+02, 2.591917e+02
1.000000e+02, 2.590352e+02
1.000000e+02, 2.588801e+02
1.000000e+02, 2.587263e+02
1.000000e+02, 2.585740e+02
1.000000e+02, 2.584230e+02
1.000000e+02, 2.582734e+02
1.000000e+02, 2.581252e+02
1.000000e+02, 2.579784e+02
1.000000e+02, 2.578330e+02
1.000000e+02, 2.576889e+02
1.000000e+02, 2.575462e+02
1.000000e+02, 2.574049e+02
1.000000e+02, 2.572650e+02
1.000000e+02, 2.571264e+02
1.000000e+02, 2.569892e+02
1.000000e+02, 2.568534e+02
1.000000e+02, 2.567189e+02
1.000000e+02, 2.565858e+02
1.000000e+02, 2.564540e+02
1.000000e+02, 2.563237e+02
1.000000e+02, 2.561946e+02
1.000000e+02, 2.560669e+02
1.000000e+02, 2.559406e+02
1.000000e+02, 2.558156e+02
1.000000e+02, 2.556920e+02
1.000000e+02, 2.555697e+02
1.000000e+02, 2.554488e+02
1.000000e+02, 2.553292e+02
1.000000e+02, 2.552110e+02
1.000000e+02, 2.550941e+02
1.000000e+02, 2.549785e+02
1.000000e+02, 2.548643e+02
1.000000e+02, 2.547514e+02
1.000000e+02, 2.546399e+02
1.000000e+02, 2.545297e+02
1.000000e+02, 2.544208e+02
1.000000e+02, 2.543133e+02
1.000000e+02, 2.542071e+02
1.000000e+02, 2.541022e+02
1.000000e+02, 2.539987e+02
1.000000e+02, 2.538964e+02
1.000000e+02, 2.537956e+02
1.000000e+02, 2.536960e+02
1.000000e+02, 2.535977e+02
1.000000e+02, 2.535008e+02
1.000000e+02, 2.534052e+02
1.000000e+02, 2.533109e+02
1.000000e+02, 2.532180e+02
1.000000e+02, 2.531263e+02
1.000000e+02, 2.530360e+02
1.000000e+02, 2.529470e+02
1.000000e+02, 2.528593e+02
1.000000e+02, 2.527729e+02
1.000000e+02, 2.526878e+02
1.000000e+02, 2.526041e+02
1.000000e+02, 2.525216e+02
1.000000e+02, 2.524405e+02
1.000000e+02, 2.523606e+02
1.000000e+02, 2.522821e+02
1.000000e+02, 2.522049e+02
1.000000e+02, 2.521290e+02
1.000000e+02, 2.520544e+02
1.000000e+02, 2.519811e+02
1.000000e+02, 2.519090e+02
1.000000e+02, 2.518383e+02
1.000000e+02, 2.517689e+02
1.000000e+02, 2.517008e+02
1.000000e+02, 2.516340e+02
1.000000e+02, 2.515685e+02
1.000000e+02, 2.515043e+02
1.000000e+02, 2.514414e+02
1.000000e+02, 2.513798e+02
1.000000e+02, 2.513195e+02
1.000000e+02, 2.512604e+02
1.000000e+02, 2.512027e+02
1.000000e+02, 2.511463e+02
1.000000e+02, 2.510911e+02
1.000000e+02, 2.510373e+02
1.000000e+02, 2.509847e+02
1.000000e+02, 2.509334e+02
1.000000e+02, 2.508834e+02
1.000000e+02, 2.508347e+02
1.000000e+02, 2.507873e+02
1.000000e+02, 2.507412e+02
1.000000e+02, 2.506964e+02
1.000000e+02, 2.506528e+02
1.000000e+02, 2.506106e+02
1.000000e+02, 2.505696e+02
1.000000e+02, 2.505299e+02
1.000000e+02, 2.504915e+02
1.000000e+02, 2.504544e+02
1.000000e+02, 2.504186e+02
1.000000e+02, 2.503840e+02
1.000000e+02, 2.503507e+02
1.000000e+02, 2.503188e+02
1.000000e+02, 2.502881e+02
1.000000e+02, 2.502586e+02
1.000000e+02, 2.502305e+02
1.000000e+02, 2.502036e+02
1.000000e+02, 2.501781e+02
1.000000e+02, 2.501538e+02
1.000000e+02, 2.501308e+02
1.000000e+02, 2.501090e+02
1.000000e+02, 2.500886e+02
1.000000e+02, 2.500694e+02
1.000000e+02, 2.500515e+02
1.000000e+02, 2.500349e+02
1.000000e+02, 2.500195e+02
1.000000e+02, 2.500055e+02
1.000000e+02, 2.499927e+02
1.000000e+02, 2.499812e+02
1.000000e+02, 2.499710e+02
1.000000e+02, 2.499620e+02
1.000000e+02, 2.499544e+02
1.000000e+02, 2.499480e+02
1.000000e+02, 2.499429e+02
1.000000e+02, 2.499390e+02
1.000000e+02, 2.499365e+02
1.000000e+02, 2.499352e+02
1.000000e+02, 2.499352e+02
1.000000e+02, 2.499365e+02
1.000000e+02, 2.499390e+02
1.000000e+02, 2.499429e+02
1.000000e+02, 2.499480e+02
1.000000e+02, 2.499544e+02
1.000000e+02, 2.499620e+02
1.000000e+02, 2.499710e+02
1.000000e+02, 2.499812e+02
1.000000e+02, 2.499927e+02
1.000000e+02, 2.500055e+02
1.000000e+02, 2.500195e+02
1.000000e+02, 2.500349e+02
1.000000e+02, 2.500515e+02
1.000000e+02, 2.500694e+02
1.000000e+02, 2.500886e+02
1.000000e+02, 2.501090e+02
1.000000e+02, 2.501308e+02
1.000000e+02, 2.501538e+02
1.000000e+02, 2.501781e+02
1.000000e+02, 2.502036e+02
1.000000e+02, 2.502305e+02
1.000000e+02, 2.502586e+02
1.000000e+02, 2.502881e+02
1.000000e+02, 2.503188e+02
1.000000e+02, 2.503507e+02
1.000000e+02, 2.503840e+02
1.000000e+02, 2.504186e+02
1.000000e+02, 2.504544e+02
1.000000e+02, 2.504915e+02
1.000000e+02, 2.505299e+02
1.000000e+02, 2.505696e+02
1.000000e+02, 2.506106e+02
1.000000e+02, 2.506528e+02
1.000000e+02, 2.506964e+02
1.000000e+02, 2.507412e+02
1.000000e+02, 2.507873e+02
1.000000e+02, 2.508347e+02
1.000000e+02, 2.508834e+02
1.000000e+02, 2.509334e+02
1.000000e+02, 2.509847e+02
1.000000e+02, 2.510373e+02
1.000000e+02, 2.510911e+02
1.000000e+02, 2.511463e+02
1.000000e+02, 2.512027e+02
1.000000e+02, 2.512604e+02
1.000000e+02, 2.513195e+02
1.000000e+02, 2.513798e+02
1.000000e+02, 2.514414e+02
1.000000e+02, 2.515043e+02
1.000000e+02, 2.515685e+02
1.000000e+02, 2.516340e+02
1.000000e+02, 2.517008e+02
1.000000e+02, 2.517689e+02
1.000000e+02, 2.518383e+02
1.000000e+02, 2.519090e+02
1.000000e+02, 2.519811e+02
1.000000e+02, 2.520544e+02
1.000000e+02, 2.521290e+02
1.000000e+02, 2.522049e+02
1.000000e+02, 2.522821e+02
1.000000e+02, 2.523606e+02
1.000000e+02, 2.524405e+02
1.000000e+02, 2.525216e+02
1.000000e+02, 2.526041e+02
1.000000e+02, 2.526878e+02
1.000000e+02, 2.527729e+02
1.000000e+02, 2.528593e+02
1.000000e+02, 2.529470e+02
1.000000e+02, 2.530360e+02
1.000000e+02, 2.531263e+02
1.000000e+02, 2.532180e+02
1.000000e+02, 2.533109e+02
1.000000e+02, 2.534052e+02
1.000000e+02, 2.535008e+02
1.000000e+02, 2.535977e+02
1.000000e+02, 2.536960e+02
1.000000e+02, 2.537956e+02
1.000000e+02, 2.538964e+02
1.000000e+02, 2.539987e+02
1.000000e+02, 2.541022e+02
1.000000e+02, 2.542071e+02
1.000000e+02, 2.543133e+02
1.000000e+02, 2.544208e+02
1.000000e+02, 2.545297e+02
1.000000e+02, 2.546399e+02
1.000000e+02, 2.547514e+02
1.000000e+02, 2.548643e+02
1.000000e+02, 2.549785e+02
1.000000e+02, 2.550941e+02
1.000000e+02, 2.552110e+02
1.000000e+02, 2.553292e+02
1.000000e+02, 2.554488e+02
1.000000e+02, 2.555697e+02
1.000000e+02, 2.556920e+02
1.000000e+02, 2.558156e+02
1.000000e+02, 2.559406e+02
1.000000e+02, 2.560669e+02
1.000000e+02, 2.561946e+02
1.000000e+02, 2.563237e+02
1.000000e+02, 2.564540e+02
1.000000e+02, 2.565858e+02
1.000000e+02, 2.567189e+02
1.000000e+02, 2.568534e+02
1.000000e+02, 2.569892e+02
1.000000e+02, 2.571264e+02
1.000000e+02, 2.572650e+02
1.000000e+02, 2.574049e+02
1.000000e+02, 2.575463e+02
1.000000e+02, 2.576889e+02
1.000000e+02, 2.578330e+02
1.000000e+02, 2.579784e+02
1.000000e+02, 2.581252e+02
1.000000e+02, 2.582734e+02
1.000000e+02, 2.584230e+02
1.000000e+02, 2.585740e+02
1.000000e+02, 2.587263e+02
1.000000e+02, 2.588801e+02
1.000000e+02, 2.590352e+02
1.000000e+02, 2.591917e+02
1.000000e+02, 2.593496e+02
1.000000e+02, 2.595089e+02
1.000000e+02, 2.596696e+02
1.000000e+02, 2.598317e+02
1.000000e+02, 2.599953e+02
1.000000e+02, 2.601602e+02
1.000000e+02, 2.603265e+02
1.000000e+02, 2.604942e+02
1.000000e+02, 2.606634e+02
1.000000e+02, 2.608340e+02
1.000000e+02, 2.610059e+02
1.000000e+02, 2.611793e+02
1.000000e+02, 2.613542e+02
1.000000e+02, 2.615304e+02
1.000000e+02, 2.617081e+02
1.000000e+02, 2.618872e+02
1.000000e+02, 2.620677e+02
1.000000e+02, 2.622497e+02
1.000000e+02, 2.624331e+02
1.000000e+02, 2.626179e+02
1.000000e+02, 2.628042e+02
1.000000e+02, 2.629919e+02
1.000000e+02, 2.631811e+02
1.000000e+02, 2.633717e+02
1.000000e+02, 2.635638e+02
1.000000e+02, 2.637573e+02
1.000000e+02, 2.639523e+02
1.000000e+02, 2.641488e+02
1.000000e+02, 2.643467e+02
1.000000e+02, 2.645461e+02
1.000000e+02, 2.647469e+02
1.000000e+02, 2.649492e+02
1.000000e+02, 2.651530e+02
1.000000e+02, 2.653583e+02
1.000000e+02, 2.655650e+02
1.000000e+02, 2.657733e+02
1.000000e+02, 2.659830e+02
1.000000e+02, 2.661942e+02
1.000000e+02, 2.664069e+02
1.000000e+02, 2.666211e+02
1.000000e+02, 2.668368e+02
1.000000e+02, 2.670540e+02
1.000000e+02, 2.672727e+02
1.000000e+02, 2.674929e+02
1.000000e+02, 2.677146e+02
1.000000e+02, 2.679379e+02
1.000000e+02, 2.681626e+02
1.000000e+02, 2.683889e+02
1.000000e+02, 2.686167e+02
1.000000e+02, 2.688460e+02
1.000000e+02, 2.690769e+02
1.000000e+02, 2.693093e+02
1.000000e+02, 2.695433e+02
1.000000e+02, 2.697787e+02
1.000000e+02, 2.700158e+02
1.000000e+02, 2.702544e+02
1.000000e+02, 2.704945e+02
1.000000e+02, 2.707362e+02
1.000000e+02, 2.709794e+02
1.000000e+02, 2.712243e+02
1.000000e+02, 2.714706e+02
1.000000e+02, 2.717186e+02
1.000000e+02, 2.719681e+02
1.000000e+02, 2.722193e+02
1.000000e+02, 2.724720e+02
1.000000e+02, 2.727263e+02
1.000000e+02, 2.729821e+02
1.000000e+02, 2.732396e+02
1.000000e+02, 2.734987e+02
1.000000e+02, 2.737594e+02
1.000000e+02, 2.740217e+02
1.000000e+02, 2.742856e+02
1.000000e+02, 2.745511e+02
1.000000e+02, 2.748183e+02
1.000000e+02, 2.750870e+02
1.000000e+02, 2.753574e+02
1.000000e+02, 2.756295e+02
1.000000e+02, 2.759032e+02
1.000000e+02, 2.761785e+02
1.000000e+02, 2.764555e+02
1.000000e+02, 2.767341e+02
1.000000e+02, 2.770144e+02
1.000000e+02, 2.772963e+02
1.000000e+02, 2.775799e+02
1.000000e+02, 2.778652e+02
1.000000e+02, 2.781522e+02
1.000000e+02, 2.784408e+02
1.000000e+02, 2.787312e+02
1.000000e+02, 2.790232e+02
1.000000e+02, 2.793169e+02
1.000000e+02, 2.796124e+02
1.000000e+02, 2.799095e+02
1.000000e+02, 2.802084e+02
1.000000e+02, 2.805089e+02
1.000000e+02, 2.808112e+02
1.000000e+02, 2.811152e+02
1.000000e+02, 2.814210e+02
1.000000e+02, 2.817285e+02
1.000000e+02, 2.820377e+02
1.000000e+02, 2.823487e+02
1.000000e+02, 2.826615e+02
1.000000e+02, 2.829760e+02
1.000000e+02, 2.832923e+02
1.000000e+02, 2.836103e+02
1.000000e+02, 2.839302e+02
1.000000e+02, 2.842518e+02
1.000000e+02, 2.845752e+02
1.000000e+02, 2.849004e+02
1.000000e+02, 2.852274e+02
1.000000e+02, 2.855562e+02
1.000000e+02, 2.858869e+02
1.000000e+02, 2.862193e+02
1.000000e+02, 2.865536e+02
1.000000e+02, 2.868898e+02
1.000000e+02, 2.872277e+02
1.000000e+02, 2.875676e+02
1.000000e+02, 2.879092e+02
1.000000e+02, 2.882528e+02
1.000000e+02, 2.885982e+02
1.000000e+02, 2.889454e+02
1.000000e+02, 2.892946e+02
1.000000e+02, 2.896457e+02
1.000000e+02, 2.899986e+02
1.000000e+02, 2.903535e+02
1.000000e+02, 2.907102e+02
1.000000e+02, 2.910689e+02
1.000000e+02, 2.914295e+02
1.000000e+02, 2.917920e+02
1.000000e+02, 2.921565e+02
1.000000e+02, 2.925229e+02
1.000000e+02, 2.928913e+02
1.000000e+02, 2.932617e+02
1.000000e+02, 2.936340e+02
1.000000e+02, 2.940083e+02
1.000000e+02, 2.943846e+02
1.000000e+02, 2.947629e+02
1.000000e+02, 2.951431e+02
1.000000e+02, 2.955254e+02
1.000000e+02, 2.959097e+02
1.000000e+02, 2.962961e+02
1.000000e+02, 2.966845e+02
1.000000e+02, 2.970749e+02
1.000000e+02, 2.974674e+02
1.000000e+02, 2.978619e+02
1.000000e+02, 2.982585e+02
1.000000e+02, 2.986572e+02
1.000000e+02, 2.990580e+02
1.000000e+02, 2.994609e+02
1.000000e+02, 2.998659e+02
1.000000e+02, 3.002730e+02
1.000000e+02, 3.006823e+02
1.000000e+02, 3.010936e+02
1.000000e+02, 3.015072e+02
1.000000e+02, 3.019228e+02
1.000000e+02, 3.023407e+02
1.000000e+02, 3.027607e+02
1.000000e+02, 3.031829e+02
1.000000e+02, 3.036074e+02
1.000000e+02, 3.040340e+02
1.000000e+02, 3.044628e+02
1.000000e+02, 3.048939e+02
1.000000e+02, 3.053272e+02
1.000000e+02, 3.057628e+02
1.000000e+02, 3.062006e+02
1.000000e+02, 3.066407e+02
1.000000e+02, 3.070831e+02
1.000000e+02, 3.075277e+02
1.000000e+02, 3.079747e+02
1.000000e+02, 3.084240e+02
1.000000e+02, 3.088757e+02
1.000000e+02, 3.093296e+02
1.000000e+02, 3.097860e+02
1.000000e+02, 3.102447e+02
1.000000e+02, 3.107058e+02
1.000000e+02, 3.111692e+02
1.000000e+02, 3.116351e+02
1.000000e+02, 3.121034e+02
1.000000e+02, 3.125742e+02
1.000000e+02, 3.130473e+02
1.000000e+02, 3.135230e+02
1.000000e+02, 3.140011e+02
1.000000e+02, 3.144817e+02
1.000000e+02, 3.149648e+02
1.000000e+02, 3.154504e+02
1.000000e+02, 3.159385e+02
1.000000e+02, 3.164292e+02
1.000000e+02, 3.169225e+02
1.000000e+02, 3.174183e+02
1.000000e+02, 3.179167e+02
1.000000e+02, 3.184177e+02
1.000000e+02, 3.189213e+02
1.000000e+02, 3.194276e+02
1.000000e+02, 3.199365e+02
1.000000e+02, 3.204480e+02
1.000000e+02, 3.209623e+02
1.000000e+02, 3.214792e+02
1.000000e+02, 3.219989e+02
1.000000e+02, 3.225213e+02
1.000000e+02, 3.230465e+02
1.000000e+02, 3.235744e+02
1.000000e+02, 3.241051e+02
1.000000e+02, 3.246386e+02
1.000000e+02, 3.251749e+02
1.000000e+02, 3.257141e+02
1.000000e+02, 3.262561e+02
1.000000e+02, 3.268010e+02
1.000000e+02, 3.273488e+02
1.000000e+02, 3.278995e+02
1.000000e+02, 3.284531e+02
1.000000e+02, 3.290097e+02
1.000000e+02, 3.295693e+02
1.000000e+02, 3.301319e+02
1.000000e+02, 3.306975e+02
1.000000e+02, 3.312661e+02
1.000000e+02, 3.318378e+02
1.000000e+02, 3.324126e+02
1.000000e+02, 3.329905e+02
1.000000e+02, 3.335715e+02
1.000000e+02, 3.341556e+02
1.000000e+02, 3.347429e+02
1.000000e+02, 3.353335e+02
1.000000e+02, 3.359272e+02
1.000000e+02, 3.365242e+02
1.000000e+02, 3.371245e+02
1.000000e+02, 3.377280e+02
1.000000e+02, 3.383349e+02
1.000000e+02, 3.389451e+02
1.000000e+02, 3.395587e+02
1.000000e+02, 3.401757e+02
1.000000e+02, 3.407961e+02
1.000000e+02, 3.414200e+02
1.000000e+02, 3.420474e+02
1.000000e+02, 3.426783e+02
1.000000e+02, 3.433127e+02
1.000000e+02, 3.439507e+02
1.000000e+02, 3.445922e+02
1.000000e+02, 3.452375e+02
1.000000e+02, 3.458863e+02
1.000000e+02, 3.465389e+02
1.000000e+02, 3.471952e+02
1.000000e+02, 3.478553e+02
1.000000e+02, 3.485191e+02
1.000000e+02, 3.491868e+02
1.000000e+02, 3.498583e+02
1.000000e+02, 3.505337e+02
1.000000e+02, 3.512131e+02
1.000000e+02, 3.518964e+02
1.000000e+02, 3.525837e+02
1.000000e+02, 3.532751e+02
1.000000e+02, 3.539706e+02
1.000000e+02, 3.546701e+02
1.000000e+02, 3.553739e+02
1.000000e+02, 3.560818e+02
1.000000e+02, 3.567940e+02
1.000000e+02, 3.575105e+02
1.000000e+02, 3.582312e+02
1.000000e+02, 3.589564e+02
1.000000e+02, 3.596860e+02
1.000000e+02, 4.200062e-01
1.000000e+02, 1.158551e+00
1.000000e+02, 1.901651e+00
1.000000e+02, 2.649356e+00
1.000000e+02, 3.401716e+00
1.000000e+02, 4.158779e+00
1.000000e+02, 4.920599e+00
1.000000e+02, 5.687228e+00
1.000000e+02, 6.458719e+00
1.000000e+02, 7.235129e+00
1.000000e+02, 8.016512e+00
1.000000e+02, 8.802926e+00
1.000000e+02, 9.594431e+00
1.000000e+02, 1.039108e+01
1.000000e+02, 1.119295e+01
1.000000e+02, 1.200009e+01
1.000000e+02, 1.281257e+01
1.000000e+02, 1.363045e+01
1.000000e+02, 1.445380e+01
1.000000e+02, 1.528269e+01
1.000000e+02, 1.611719e+01
1.000000e+02, 1.695738e+01
1.000000e+02, 1.780332e+01
1.000000e+02, 1.865509e+01
1.000000e+02, 1.951277e+01
1.000000e+02, 2.037643e+01
1.000000e+02, 2.124617e+01
1.000000e+02, 2.212206e+01
1.000000e+02, 2.300419e+01
1.000000e+02, 2.389264e+01
1.000000e+02, 2.478751e+01
1.000000e+02, 2.568889e+01
1.000000e+02, 2.659688e+01
1.000000e+02, 2.751156e+01
1.000000e+02, 2.843305e+01
1.000000e+02, 2.936144e+01
1.000000e+02, 3.029684e+01
1.000000e+02, 3.123936e+01
1.000000e+02, 3.218912e+01
1.000000e+02, 3.314621e+01
1.000000e+02, 3.411078e+01
1.000000e+02, 3.508293e+01
1.000000e+02, 3.606280e+01
1.000000e+02, 3.705050e+01
1.000000e+02, 3.804619e+01
1.000000e+02, 3.904999e+01
1.000000e+02, 4.006204e+01
1.000000e+02, 4.108250e+01
1.000000e+02, 4.211151e+01
1.000000e+02, 4.314924e+01
1.000000e+02, 4.419584e+01
1.000000e+02, 4.525147e+01
1.000000e+02, 4.631632e+01
1.000000e+02, 4.739057e+01
1.000000e+02, 4.847439e+01
1.000000e+02, 4.956797e+01
1.000000e+02, 5.067153e+01
1.000000e+02, 5.178526e+01
1.000000e+02, 5.290938e+01
1.000000e+02, 5.404410e+01
1.000000e+02, 5.518967e+01
1.000000e+02, 5.634631e+01
1.000000e+02, 5.751429e+01
1.000000e+02, 5.869385e+01
1.000000e+02, 5.988527e+01
1.000000e+02, 6.108882e+01
1.000000e+02, 6.230481e+01
1.000000e+02, 6.353353e+01
1.000000e+02, 6.477531e+01
1.000000e+02, 6.603048e+01
1.000000e+02, 6.729938e+01
1.000000e+02, 6.858239e+01
1.000000e+02, 6.987988e+01
1.000000e+02, 7.119226e+01
1.000000e+02, 7.251994e+01
1.000000e+02, 7.386337e+01
1.000000e+02, 7.522301e+01
1.000000e+02, 7.659935e+01
1.000000e+02, 7.799291e+01
1.000000e+02, 7.940422e+01
1.000000e+02, 8.083387e+01
1.000000e+02, 8.228245e+01
1.000000e+02, 8.375061e+01
1.000000e+02, 8.523904e+01
1.000000e+02, 8.674845e+01
1.000000e+02, 8.827961e+01
1.000000e+02, 8.983335e+01
1.000000e+02, 9.141053e+01
1.000000e+02, 9.301209e+01
1.000000e+02, 9.463902e+01
1.000000e+02, 9.629240e+01
1.000000e+02, 9.797338e+01
1.000000e+02, 9.968320e+01
1.000000e+02, 1.014232e+02
1.000000e+02, 1.031948e+02
1.000000e+02, 1.049996e+02
1.000000e+02, 1.068394e+02
1.000000e+02, 1.087159e+02
1.000000e+02, 1.106312e+02
1.000000e+02, 1.125877e+02
1.000000e+02, 1.145876e+02
1.000000e+02, 1.166339e+02
1.000000e+02, 1.187295e+02
1.000000e+02, 1.208778e+02
1.000000e+02, 1.230827e+02
1.000000e+02, 1.253486e+02
1.000000e+02, 1.276802e+02
1.000000e+02, 1.300833e+02
1.000000e+02, 1.325644e+02
1.000000e+02, 1.351310e+02
1.000000e+02, 1.377920e+02
1.000000e+02, 1.405580e+02
1.000000e+02, 1.434418e+02
1.000000e+02, 1.464588e+02
1.000000e+02, 1.496287e+02
1.000000e+02, 1.529760e+02
1.000000e+02, 1.565331e+02
1.000000e+02, 1.603436e+02
1.000000e+02, 1.644690e+02
1.000000e+02, 1.690010e+02
1.000000e+02, 1.740876e+02
1.000000e+02, 1.800000e+02
##END= 