##TITLE= /opt/topspin3.0/exp/stan/nmr/lists/wave/user/HypSec_trunc2.84_110
##JCAMP-DX= 5.00 Bruker JCAMP library
##DATA TYPE= Shape Data
##ORIGIN= Bruker BioSpin GmbH
##OWNER= <nmrsu>
##DATE= 15/02/24
##TIME= 16:15:04
##MINX= 1.164538e+01
##MAXX= 9.999960e+01
##MINY= 2.546774e-02
##MAXY= 3.585574e+02
##$SHAPE_EXMODE= Adiabatic
##$SHAPE_TOTROT= 1.800000e+02
##$SHAPE_BWFAC= 1.929340e+02
##$SHAPE_INTEGFAC= 2.356110e-02
##$SHAPE_MODE= 0
##NPOINTS= 1000
##XYPOINTS= (XY..XY)
1.000000e+02, 1.800000e+02
1.000000e+02, 1.736558e+02
1.000000e+02, 1.681977e+02
1.000000e+02, 1.633348e+02
1.000000e+02, 1.589081e+02
1.000000e+02, 1.548192e+02
1.000000e+02, 1.510023e+02
1.000000e+02, 1.474105e+02
1.000000e+02, 1.440092e+02
1.000000e+02, 1.407718e+02
1.000000e+02, 1.376774e+02
1.000000e+02, 1.347094e+02
1.000000e+02, 1.318541e+02
1.000000e+02, 1.291000e+02
1.000000e+02, 1.264377e+02
1.000000e+02, 1.238591e+02
1.000000e+02, 1.213572e+02
1.000000e+02, 1.189259e+02
1.000000e+02, 1.165599e+02
1.000000e+02, 1.142546e+02
1.000000e+02, 1.120060e+02
1.000000e+02, 1.098103e+02
1.000000e+02, 1.076643e+02
1.000000e+02, 1.055650e+02
1.000000e+02, 1.035098e+02
1.000000e+02, 1.014962e+02
1.000000e+02, 9.952209e+01
1.000000e+02, 9.758545e+01
1.000000e+02, 9.568444e+01
1.000000e+02, 9.381736e+01
1.000000e+02, 9.198267e+01
1.000000e+02, 9.017892e+01
1.000000e+02, 8.840479e+01
1.000000e+02, 8.665903e+01
1.000000e+02, 8.494051e+01
1.000000e+02, 8.324814e+01
1.000000e+02, 8.158093e+01
1.000000e+02, 7.993794e+01
1.000000e+02, 7.831829e+01
1.000000e+02, 7.672116e+01
1.000000e+02, 7.514577e+01
1.000000e+02, 7.359139e+01
1.000000e+02, 7.205733e+01
1.000000e+02, 7.054295e+01
1.000000e+02, 6.904761e+01
1.000000e+02, 6.757075e+01
1.000000e+02, 6.611181e+01
1.000000e+02, 6.467027e+01
1.000000e+02, 6.324562e+01
1.000000e+02, 6.183739e+01
1.000000e+02, 6.044514e+01
1.000000e+02, 5.906843e+01
1.000000e+02, 5.770686e+01
1.000000e+02, 5.636002e+01
1.000000e+02, 5.502755e+01
1.000000e+02, 5.370909e+01
1.000000e+02, 5.240429e+01
1.000000e+02, 5.111284e+01
1.000000e+02, 4.983441e+01
1.000000e+02, 4.856870e+01
1.000000e+02, 4.731542e+01
1.000000e+02, 4.607430e+01
1.000000e+02, 4.484507e+01
1.000000e+02, 4.362747e+01
1.000000e+02, 4.242126e+01
1.000000e+02, 4.122619e+01
1.000000e+02, 4.004204e+01
1.000000e+02, 3.886858e+01
1.000000e+02, 3.770560e+01
1.000000e+02, 3.655291e+01
1.000000e+02, 3.541029e+01
1.000000e+02, 3.427755e+01
1.000000e+02, 3.315452e+01
1.000000e+02, 3.204100e+01
1.000000e+02, 3.093684e+01
1.000000e+02, 2.984185e+01
1.000000e+02, 2.875588e+01
1.000000e+02, 2.767877e+01
1.000000e+02, 2.661037e+01
1.000000e+02, 2.555052e+01
1.000000e+02, 2.449910e+01
1.000000e+02, 2.345594e+01
1.000000e+02, 2.242093e+01
1.000000e+02, 2.139394e+01
1.000000e+02, 2.037482e+01
1.000000e+02, 1.936346e+01
1.000000e+02, 1.835974e+01
1.000000e+02, 1.736355e+01
1.000000e+02, 1.637476e+01
1.000000e+02, 1.539328e+01
1.000000e+02, 1.441898e+01
1.000000e+02, 1.345177e+01
1.000000e+02, 1.249154e+01
1.000000e+02, 1.153820e+01
1.000000e+02, 1.059165e+01
1.000000e+02, 9.651787e+00
1.000000e+02, 8.718530e+00
1.000000e+02, 7.791785e+00
1.000000e+02, 6.871467e+00
1.000000e+02, 5.957488e+00
1.000000e+02, 5.049767e+00
1.000000e+02, 4.148222e+00
1.000000e+02, 3.252774e+00
1.000000e+02, 2.363345e+00
1.000000e+02, 1.479860e+00
1.000000e+02, 6.022463e-01
1.000000e+02, 3.597304e+02
1.000000e+02, 3.588643e+02
1.000000e+02, 3.580039e+02
1.000000e+02, 3.571491e+02
1.000000e+02, 3.562998e+02
1.000000e+02, 3.554559e+02
1.000000e+02, 3.546175e+02
1.000000e+02, 3.537844e+02
1.000000e+02, 3.529565e+02
1.000000e+02, 3.521339e+02
1.000000e+02, 3.513164e+02
1.000000e+02, 3.505041e+02
1.000000e+02, 3.496968e+02
1.000000e+02, 3.488945e+02
1.000000e+02, 3.480971e+02
1.000000e+02, 3.473046e+02
1.000000e+02, 3.465170e+02
1.000000e+02, 3.457341e+02
1.000000e+02, 3.449560e+02
1.000000e+02, 3.441826e+02
1.000000e+02, 3.434138e+02
1.000000e+02, 3.426496e+02
1.000000e+02, 3.418899e+02
1.000000e+02, 3.411348e+02
1.000000e+02, 3.403842e+02
1.000000e+02, 3.396379e+02
1.000000e+02, 3.388960e+02
1.000000e+02, 3.381585e+02
1.000000e+02, 3.374253e+02
1.000000e+02, 3.366963e+02
1.000000e+02, 3.359716e+02
1.000000e+02, 3.352510e+02
1.000000e+02, 3.345345e+02
1.000000e+02, 3.338222e+02
1.000000e+02, 3.331140e+02
1.000000e+02, 3.324097e+02
1.000000e+02, 3.317095e+02
1.000000e+02, 3.310132e+02
1.000000e+02, 3.303209e+02
1.000000e+02, 3.296324e+02
1.000000e+02, 3.289479e+02
1.000000e+02, 3.282671e+02
1.000000e+02, 3.275902e+02
1.000000e+02, 3.269170e+02
1.000000e+02, 3.262475e+02
1.000000e+02, 3.255818e+02
1.000000e+02, 3.249197e+02
1.000000e+02, 3.242613e+02
1.000000e+02, 3.236065e+02
1.000000e+02, 3.229553e+02
1.000000e+02, 3.223077e+02
1.000000e+02, 3.216636e+02
1.000000e+02, 3.210230e+02
1.000000e+02, 3.203859e+02
1.000000e+02, 3.197523e+02
1.000000e+02, 3.191220e+02
1.000000e+02, 3.184952e+02
1.000000e+02, 3.178718e+02
1.000000e+02, 3.172517e+02
1.000000e+02, 3.166349e+02
1.000000e+02, 3.160215e+02
1.000000e+02, 3.154113e+02
1.000000e+02, 3.148044e+02
1.000000e+02, 3.142008e+02
1.000000e+02, 3.136003e+02
1.000000e+02, 3.130031e+02
1.000000e+02, 3.124090e+02
1.000000e+02, 3.118181e+02
1.000000e+02, 3.112303e+02
1.000000e+02, 3.106456e+02
1.000000e+02, 3.100640e+02
1.000000e+02, 3.094854e+02
1.000000e+02, 3.089099e+02
1.000000e+02, 3.083375e+02
1.000000e+02, 3.077680e+02
1.000000e+02, 3.072015e+02
1.000000e+02, 3.066380e+02
1.000000e+02, 3.060775e+02
1.000000e+02, 3.055199e+02
1.000000e+02, 3.049651e+02
1.000000e+02, 3.044133e+02
1.000000e+02, 3.038644e+02
1.000000e+02, 3.033183e+02
1.000000e+02, 3.027751e+02
1.000000e+02, 3.022347e+02
1.000000e+02, 3.016971e+02
1.000000e+02, 3.011623e+02
1.000000e+02, 3.006303e+02
1.000000e+02, 3.001010e+02
1.000000e+02, 2.995745e+02
1.000000e+02, 2.990507e+02
1.000000e+02, 2.985296e+02
1.000000e+02, 2.980113e+02
1.000000e+02, 2.974956e+02
1.000000e+02, 2.969825e+02
1.000000e+02, 2.964722e+02
1.000000e+02, 2.959644e+02
1.000000e+02, 2.954593e+02
1.000000e+02, 2.949568e+02
1.000000e+02, 2.944569e+02
1.000000e+02, 2.939596e+02
1.000000e+02, 2.934648e+02
1.000000e+02, 2.929726e+02
1.000000e+02, 2.924829e+02
1.000000e+02, 2.919958e+02
1.000000e+02, 2.915112e+02
1.000000e+02, 2.910291e+02
1.000000e+02, 2.905494e+02
1.000000e+02, 2.900723e+02
1.000000e+02, 2.895976e+02
1.000000e+02, 2.891253e+02
1.000000e+02, 2.886555e+02
1.000000e+02, 2.881882e+02
1.000000e+02, 2.877232e+02
1.000000e+02, 2.872607e+02
1.000000e+02, 2.868005e+02
1.000000e+02, 2.863427e+02
1.000000e+02, 2.858873e+02
1.000000e+02, 2.854343e+02
1.000000e+02, 2.849836e+02
1.000000e+02, 2.845352e+02
1.000000e+02, 2.840891e+02
1.000000e+02, 2.836454e+02
1.000000e+02, 2.832040e+02
1.000000e+02, 2.827649e+02
1.000000e+02, 2.823280e+02
1.000000e+02, 2.818934e+02
1.000000e+02, 2.814611e+02
1.000000e+02, 2.810311e+02
1.000000e+02, 2.806033e+02
1.000000e+02, 2.801777e+02
1.000000e+02, 2.797543e+02
1.000000e+02, 2.793332e+02
1.000000e+02, 2.789142e+02
1.000000e+02, 2.784975e+02
1.000000e+02, 2.780829e+02
1.000000e+02, 2.776705e+02
1.000000e+02, 2.772603e+02
1.000000e+02, 2.768523e+02
1.000000e+02, 2.764464e+02
1.000000e+02, 2.760426e+02
1.000000e+02, 2.756410e+02
1.000000e+02, 2.752415e+02
1.000000e+02, 2.748441e+02
1.000000e+02, 2.744488e+02
1.000000e+02, 2.740556e+02
1.000000e+02, 2.736645e+02
1.000000e+02, 2.732755e+02
1.000000e+02, 2.728885e+02
1.000000e+02, 2.725037e+02
1.000000e+02, 2.721208e+02
1.000000e+02, 2.717401e+02
1.000000e+02, 2.713614e+02
1.000000e+02, 2.709847e+02
1.000000e+02, 2.706100e+02
1.000000e+02, 2.702374e+02
1.000000e+02, 2.698667e+02
1.000000e+02, 2.694981e+02
1.000000e+02, 2.691315e+02
1.000000e+02, 2.687668e+02
1.000000e+02, 2.684042e+02
1.000000e+02, 2.680435e+02
1.000000e+02, 2.676848e+02
1.000000e+02, 2.673281e+02
1.000000e+02, 2.669733e+02
1.000000e+02, 2.666204e+02
1.000000e+02, 2.662695e+02
1.000000e+02, 2.659206e+02
1.000000e+02, 2.655735e+02
1.000000e+02, 2.652284e+02
1.000000e+02, 2.648852e+02
1.000000e+02, 2.645440e+02
1.000000e+02, 2.642046e+02
1.000000e+02, 2.638671e+02
1.000000e+02, 2.635315e+02
1.000000e+02, 2.631978e+02
1.000000e+02, 2.628660e+02
1.000000e+02, 2.625360e+02
1.000000e+02, 2.622079e+02
1.000000e+02, 2.618817e+02
1.000000e+02, 2.615573e+02
1.000000e+02, 2.612348e+02
1.000000e+02, 2.609141e+02
1.000000e+02, 2.605953e+02
1.000000e+02, 2.602783e+02
1.000000e+02, 2.599631e+02
1.000000e+02, 2.596498e+02
1.000000e+02, 2.593382e+02
1.000000e+02, 2.590285e+02
1.000000e+02, 2.587206e+02
1.000000e+02, 2.584144e+02
1.000000e+02, 2.581101e+02
1.000000e+02, 2.578076e+02
1.000000e+02, 2.575068e+02
1.000000e+02, 2.572078e+02
1.000000e+02, 2.569106e+02
1.000000e+02, 2.566152e+02
1.000000e+02, 2.563215e+02
1.000000e+02, 2.560296e+02
1.000000e+02, 2.557395e+02
1.000000e+02, 2.554511e+02
1.000000e+02, 2.551644e+02
1.000000e+02, 2.548795e+02
1.000000e+02, 2.545963e+02
1.000000e+02, 2.543148e+02
1.000000e+02, 2.540351e+02
1.000000e+02, 2.537571e+02
1.000000e+02, 2.534808e+02
1.000000e+02, 2.532063e+02
1.000000e+02, 2.529334e+02
1.000000e+02, 2.526622e+02
1.000000e+02, 2.523928e+02
1.000000e+02, 2.521250e+02
1.000000e+02, 2.518589e+02
1.000000e+02, 2.515946e+02
1.000000e+02, 2.513319e+02
1.000000e+02, 2.510708e+02
1.000000e+02, 2.508115e+02
1.000000e+02, 2.505538e+02
1.000000e+02, 2.502978e+02
1.000000e+02, 2.500435e+02
1.000000e+02, 2.497908e+02
1.000000e+02, 2.495398e+02
1.000000e+02, 2.492904e+02
1.000000e+02, 2.490427e+02
1.000000e+02, 2.487966e+02
1.000000e+02, 2.485521e+02
1.000000e+02, 2.483093e+02
1.000000e+02, 2.480682e+02
1.000000e+02, 2.478286e+02
1.000000e+02, 2.475907e+02
1.000000e+02, 2.473544e+02
1.000000e+02, 2.471197e+02
1.000000e+02, 2.468867e+02
1.000000e+02, 2.466552e+02
1.000000e+02, 2.464254e+02
1.000000e+02, 2.461971e+02
1.000000e+02, 2.459705e+02
1.000000e+02, 2.457455e+02
1.000000e+02, 2.455220e+02
1.000000e+02, 2.453002e+02
1.000000e+02, 2.450799e+02
1.000000e+02, 2.448612e+02
1.000000e+02, 2.446441e+02
1.000000e+02, 2.444286e+02
1.000000e+02, 2.442147e+02
1.000000e+02, 2.440023e+02
1.000000e+02, 2.437915e+02
1.000000e+02, 2.435823e+02
1.000000e+02, 2.433746e+02
1.000000e+02, 2.431685e+02
1.000000e+02, 2.429640e+02
1.000000e+02, 2.427610e+02
1.000000e+02, 2.425596e+02
1.000000e+02, 2.423597e+02
1.000000e+02, 2.421613e+02
1.000000e+02, 2.419645e+02
1.000000e+02, 2.417693e+02
1.000000e+02, 2.415756e+02
1.000000e+02, 2.413834e+02
1.000000e+02, 2.411927e+02
1.000000e+02, 2.410036e+02
1.000000e+02, 2.408160e+02
1.000000e+02, 2.406300e+02
1.000000e+02, 2.404454e+02
1.000000e+02, 2.402624e+02
1.000000e+02, 2.400809e+02
1.000000e+02, 2.399009e+02
1.000000e+02, 2.397224e+02
1.000000e+02, 2.395455e+02
1.000000e+02, 2.393700e+02
1.000000e+02, 2.391961e+02
1.000000e+02, 2.390236e+02
1.000000e+02, 2.388527e+02
1.000000e+02, 2.386832e+02
1.000000e+02, 2.385153e+02
1.000000e+02, 2.383488e+02
1.000000e+02, 2.381839e+02
1.000000e+02, 2.380204e+02
1.000000e+02, 2.378584e+02
1.000000e+02, 2.376979e+02
1.000000e+02, 2.375389e+02
1.000000e+02, 2.373813e+02
1.000000e+02, 2.372253e+02
1.000000e+02, 2.370707e+02
1.000000e+02, 2.369176e+02
1.000000e+02, 2.367660e+02
1.000000e+02, 2.366158e+02
1.000000e+02, 2.364671e+02
1.000000e+02, 2.363199e+02
1.000000e+02, 2.361741e+02
1.000000e+02, 2.360298e+02
1.000000e+02, 2.358870e+02
1.000000e+02, 2.357456e+02
1.000000e+02, 2.356057e+02
1.000000e+02, 2.354673e+02
1.000000e+02, 2.353303e+02
1.000000e+02, 2.351947e+02
1.000000e+02, 2.350606e+02
1.000000e+02, 2.349279e+02
1.000000e+02, 2.347967e+02
1.000000e+02, 2.346670e+02
1.000000e+02, 2.345387e+02
1.000000e+02, 2.344118e+02
1.000000e+02, 2.342864e+02
1.000000e+02, 2.341624e+02
1.000000e+02, 2.340398e+02
1.000000e+02, 2.339187e+02
1.000000e+02, 2.337990e+02
1.000000e+02, 2.336807e+02
1.000000e+02, 2.335639e+02
1.000000e+02, 2.334485e+02
1.000000e+02, 2.333346e+02
1.000000e+02, 2.332220e+02
1.000000e+02, 2.331109e+02
1.000000e+02, 2.330012e+02
1.000000e+02, 2.328930e+02
1.000000e+02, 2.327861e+02
1.000000e+02, 2.326807e+02
1.000000e+02, 2.325767e+02
1.000000e+02, 2.324741e+02
1.000000e+02, 2.323730e+02
1.000000e+02, 2.322732e+02
1.000000e+02, 2.321749e+02
1.000000e+02, 2.320780e+02
1.000000e+02, 2.319824e+02
1.000000e+02, 2.318883e+02
1.000000e+02, 2.317956e+02
1.000000e+02, 2.317044e+02
1.000000e+02, 2.316145e+02
1.000000e+02, 2.315260e+02
1.000000e+02, 2.314389e+02
1.000000e+02, 2.313533e+02
1.000000e+02, 2.312690e+02
1.000000e+02, 2.311861e+02
1.000000e+02, 2.311047e+02
1.000000e+02, 2.310246e+02
1.000000e+02, 2.309460e+02
1.000000e+02, 2.308687e+02
1.000000e+02, 2.307928e+02
1.000000e+02, 2.307184e+02
1.000000e+02, 2.306453e+02
1.000000e+02, 2.305736e+02
1.000000e+02, 2.305033e+02
1.000000e+02, 2.304344e+02
1.000000e+02, 2.303669e+02
1.000000e+02, 2.303008e+02
1.000000e+02, 2.302361e+02
1.000000e+02, 2.301727e+02
1.000000e+02, 2.301108e+02
1.000000e+02, 2.300502e+02
1.000000e+02, 2.299910e+02
1.000000e+02, 2.299332e+02
1.000000e+02, 2.298768e+02
1.000000e+02, 2.298218e+02
1.000000e+02, 2.297682e+02
1.000000e+02, 2.297159e+02
1.000000e+02, 2.296651e+02
1.000000e+02, 2.296156e+02
1.000000e+02, 2.295675e+02
1.000000e+02, 2.295207e+02
1.000000e+02, 2.294754e+02
1.000000e+02, 2.294314e+02
1.000000e+02, 2.293888e+02
1.000000e+02, 2.293476e+02
1.000000e+02, 2.293078e+02
1.000000e+02, 2.292694e+02
1.000000e+02, 2.292323e+02
1.000000e+02, 2.291966e+02
1.000000e+02, 2.291623e+02
1.000000e+02, 2.291293e+02
1.000000e+02, 2.290978e+02
1.000000e+02, 2.290676e+02
1.000000e+02, 2.290387e+02
1.000000e+02, 2.290113e+02
1.000000e+02, 2.289852e+02
1.000000e+02, 2.289605e+02
1.000000e+02, 2.289372e+02
1.000000e+02, 2.289153e+02
1.000000e+02, 2.288947e+02
1.000000e+02, 2.288755e+02
1.000000e+02, 2.288576e+02
1.000000e+02, 2.288412e+02
1.000000e+02, 2.288261e+02
1.000000e+02, 2.288124e+02
1.000000e+02, 2.288000e+02
1.000000e+02, 2.287891e+02
1.000000e+02, 2.287795e+02
1.000000e+02, 2.287713e+02
1.000000e+02, 2.287644e+02
1.000000e+02, 2.287589e+02
1.000000e+02, 2.287548e+02
1.000000e+02, 2.287521e+02
1.000000e+02, 2.287507e+02
1.000000e+02, 2.287507e+02
1.000000e+02, 2.287521e+02
1.000000e+02, 2.287548e+02
1.000000e+02, 2.287589e+02
1.000000e+02, 2.287644e+02
1.000000e+02, 2.287713e+02
1.000000e+02, 2.287795e+02
1.000000e+02, 2.287891e+02
1.000000e+02, 2.288000e+02
1.000000e+02, 2.288124e+02
1.000000e+02, 2.288261e+02
1.000000e+02, 2.288412e+02
1.000000e+02, 2.288576e+02
1.000000e+02, 2.288755e+02
1.000000e+02, 2.288947e+02
1.000000e+02, 2.289153e+02
1.000000e+02, 2.289372e+02
1.000000e+02, 2.289605e+02
1.000000e+02, 2.289852e+02
1.000000e+02, 2.290113e+02
1.000000e+02, 2.290387e+02
1.000000e+02, 2.290676e+02
1.000000e+02, 2.290978e+02
1.000000e+02, 2.291293e+02
1.000000e+02, 2.291623e+02
1.000000e+02, 2.291966e+02
1.000000e+02, 2.292323e+02
1.000000e+02, 2.292694e+02
1.000000e+02, 2.293078e+02
1.000000e+02, 2.293476e+02
1.000000e+02, 2.293888e+02
1.000000e+02, 2.294314e+02
1.000000e+02, 2.294754e+02
1.000000e+02, 2.295207e+02
1.000000e+02, 2.295675e+02
1.000000e+02, 2.296156e+02
1.000000e+02, 2.296651e+02
1.000000e+02, 2.297159e+02
1.000000e+02, 2.297682e+02
1.000000e+02, 2.298218e+02
1.000000e+02, 2.298768e+02
1.000000e+02, 2.299332e+02
1.000000e+02, 2.299910e+02
1.000000e+02, 2.300502e+02
1.000000e+02, 2.301108e+02
1.000000e+02, 2.301727e+02
1.000000e+02, 2.302361e+02
1.000000e+02, 2.303008e+02
1.000000e+02, 2.303669e+02
1.000000e+02, 2.304344e+02
1.000000e+02, 2.305033e+02
1.000000e+02, 2.305736e+02
1.000000e+02, 2.306453e+02
1.000000e+02, 2.307184e+02
1.000000e+02, 2.307928e+02
1.000000e+02, 2.308687e+02
1.000000e+02, 2.309460e+02
1.000000e+02, 2.310246e+02
1.000000e+02, 2.311047e+02
1.000000e+02, 2.311861e+02
1.000000e+02, 2.312690e+02
1.000000e+02, 2.313533e+02
1.000000e+02, 2.314389e+02
1.000000e+02, 2.315260e+02
1.000000e+02, 2.316145e+02
1.000000e+02, 2.317044e+02
1.000000e+02, 2.317956e+02
1.000000e+02, 2.318883e+02
1.000000e+02, 2.319824e+02
1.000000e+02, 2.320780e+02
1.000000e+02, 2.321749e+02
1.000000e+02, 2.322732e+02
1.000000e+02, 2.323730e+02
1.000000e+02, 2.324741e+02
1.000000e+02, 2.325767e+02
1.000000e+02, 2.326807e+02
1.000000e+02, 2.327861e+02
1.000000e+02, 2.328930e+02
1.000000e+02, 2.330012e+02
1.000000e+02, 2.331109e+02
1.000000e+02, 2.332220e+02
1.000000e+02, 2.333346e+02
1.000000e+02, 2.334485e+02
1.000000e+02, 2.335639e+02
1.000000e+02, 2.336807e+02
1.000000e+02, 2.337990e+02
1.000000e+02, 2.339187e+02
1.000000e+02, 2.340398e+02
1.000000e+02, 2.341624e+02
1.000000e+02, 2.342864e+02
1.000000e+02, 2.344118e+02
1.000000e+02, 2.345387e+02
1.000000e+02, 2.346670e+02
1.000000e+02, 2.347967e+02
1.000000e+02, 2.349279e+02
1.000000e+02, 2.350606e+02
1.000000e+02, 2.351947e+02
1.000000e+02, 2.353303e+02
1.000000e+02, 2.354673e+02
1.000000e+02, 2.356057e+02
1.000000e+02, 2.357456e+02
1.000000e+02, 2.358870e+02
1.000000e+02, 2.360298e+02
1.000000e+02, 2.361741e+02
1.000000e+02, 2.363199e+02
1.000000e+02, 2.364671e+02
1.000000e+02, 2.366158e+02
1.000000e+02, 2.367660e+02
1.000000e+02, 2.369176e+02
1.000000e+02, 2.370707e+02
1.000000e+02, 2.372253e+02
1.000000e+02, 2.373813e+02
1.000000e+02, 2.375389e+02
1.000000e+02, 2.376979e+02
1.000000e+02, 2.378584e+02
1.000000e+02, 2.380204e+02
1.000000e+02, 2.381839e+02
1.000000e+02, 2.383488e+02
1.000000e+02, 2.385153e+02
1.000000e+02, 2.386832e+02
1.000000e+02, 2.388527e+02
1.000000e+02, 2.390236e+02
1.000000e+02, 2.391961e+02
1.000000e+02, 2.393700e+02
1.000000e+02, 2.395455e+02
1.000000e+02, 2.397224e+02
1.000000e+02, 2.399009e+02
1.000000e+02, 2.400809e+02
1.000000e+02, 2.402624e+02
1.000000e+02, 2.404454e+02
1.000000e+02, 2.406300e+02
1.000000e+02, 2.408160e+02
1.000000e+02, 2.410036e+02
1.000000e+02, 2.411927e+02
1.000000e+02, 2.413834e+02
1.000000e+02, 2.415756e+02
1.000000e+02, 2.417693e+02
1.000000e+02, 2.419645e+02
1.000000e+02, 2.421613e+02
1.000000e+02, 2.423597e+02
1.000000e+02, 2.425596e+02
1.000000e+02, 2.427610e+02
1.000000e+02, 2.429640e+02
1.000000e+02, 2.431685e+02
1.000000e+02, 2.433746e+02
1.000000e+02, 2.435823e+02
1.000000e+02, 2.437915e+02
1.000000e+02, 2.440023e+02
1.000000e+02, 2.442147e+02
1.000000e+02, 2.444286e+02
1.000000e+02, 2.446441e+02
1.000000e+02, 2.448612e+02
1.000000e+02, 2.450799e+02
1.000000e+02, 2.453002e+02
1.000000e+02, 2.455220e+02
1.000000e+02, 2.457455e+02
1.000000e+02, 2.459705e+02
1.000000e+02, 2.461971e+02
1.000000e+02, 2.464254e+02
1.000000e+02, 2.466552e+02
1.000000e+02, 2.468867e+02
1.000000e+02, 2.471197e+02
1.000000e+02, 2.473544e+02
1.000000e+02, 2.475907e+02
1.000000e+02, 2.478286e+02
1.000000e+02, 2.480682e+02
1.000000e+02, 2.483093e+02
1.000000e+02, 2.485521e+02
1.000000e+02, 2.487966e+02
1.000000e+02, 2.490427e+02
1.000000e+02, 2.492904e+02
1.000000e+02, 2.495398e+02
1.000000e+02, 2.497908e+02
1.000000e+02, 2.500435e+02
1.000000e+02, 2.502978e+02
1.000000e+02, 2.505538e+02
1.000000e+02, 2.508115e+02
1.000000e+02, 2.510708e+02
1.000000e+02, 2.513319e+02
1.000000e+02, 2.515946e+02
1.000000e+02, 2.518589e+02
1.000000e+02, 2.521250e+02
1.000000e+02, 2.523928e+02
1.000000e+02, 2.526622e+02
1.000000e+02, 2.529334e+02
1.000000e+02, 2.532063e+02
1.000000e+02, 2.534808e+02
1.000000e+02, 2.537571e+02
1.000000e+02, 2.540351e+02
1.000000e+02, 2.543148e+02
1.000000e+02, 2.545963e+02
1.000000e+02, 2.548795e+02
1.000000e+02, 2.551644e+02
1.000000e+02, 2.554511e+02
1.000000e+02, 2.557395e+02
1.000000e+02, 2.560296e+02
1.000000e+02, 2.563215e+02
1.000000e+02, 2.566152e+02
1.000000e+02, 2.569106e+02
1.000000e+02, 2.572078e+02
1.000000e+02, 2.575068e+02
1.000000e+02, 2.578076e+02
1.000000e+02, 2.581101e+02
1.000000e+02, 2.584144e+02
1.000000e+02, 2.587206e+02
1.000000e+02, 2.590285e+02
1.000000e+02, 2.593382e+02
1.000000e+02, 2.596498e+02
1.000000e+02, 2.599631e+02
1.000000e+02, 2.602783e+02
1.000000e+02, 2.605953e+02
1.000000e+02, 2.609141e+02
1.000000e+02, 2.612348e+02
1.000000e+02, 2.615573e+02
1.000000e+02, 2.618817e+02
1.000000e+02, 2.622079e+02
1.000000e+02, 2.625360e+02
1.000000e+02, 2.628660e+02
1.000000e+02, 2.631978e+02
1.000000e+02, 2.635315e+02
1.000000e+02, 2.638671e+02
1.000000e+02, 2.642046e+02
1.000000e+02, 2.645440e+02
1.000000e+02, 2.648852e+02
1.000000e+02, 2.652284e+02
1.000000e+02, 2.655735e+02
1.000000e+02, 2.659206e+02
1.000000e+02, 2.662695e+02
1.000000e+02, 2.666204e+02
1.000000e+02, 2.669733e+02
1.000000e+02, 2.673281e+02
1.000000e+02, 2.676848e+02
1.000000e+02, 2.680435e+02
1.000000e+02, 2.684042e+02
1.000000e+02, 2.687668e+02
1.000000e+02, 2.691315e+02
1.000000e+02, 2.694981e+02
1.000000e+02, 2.698667e+02
1.000000e+02, 2.702374e+02
1.000000e+02, 2.706100e+02
1.000000e+02, 2.709847e+02
1.000000e+02, 2.713614e+02
1.000000e+02, 2.717401e+02
1.000000e+02, 2.721208e+02
1.000000e+02, 2.725037e+02
1.000000e+02, 2.728885e+02
1.000000e+02, 2.732755e+02
1.000000e+02, 2.736645e+02
1.000000e+02, 2.740556e+02
1.000000e+02, 2.744488e+02
1.000000e+02, 2.748441e+02
1.000000e+02, 2.752415e+02
1.000000e+02, 2.756410e+02
1.000000e+02, 2.760426e+02
1.000000e+02, 2.764464e+02
1.000000e+02, 2.768523e+02
1.000000e+02, 2.772603e+02
1.000000e+02, 2.776705e+02
1.000000e+02, 2.780829e+02
1.000000e+02, 2.784975e+02
1.000000e+02, 2.789142e+02
1.000000e+02, 2.793332e+02
1.000000e+02, 2.797543e+02
1.000000e+02, 2.801777e+02
1.000000e+02, 2.806033e+02
1.000000e+02, 2.810311e+02
1.000000e+02, 2.814611e+02
1.000000e+02, 2.818934e+02
1.000000e+02, 2.823280e+02
1.000000e+02, 2.827649e+02
1.000000e+02, 2.832040e+02
1.000000e+02, 2.836454e+02
1.000000e+02, 2.840891e+02
1.000000e+02, 2.845352e+02
1.000000e+02, 2.849836e+02
1.000000e+02, 2.854343e+02
1.000000e+02, 2.858873e+02
1.000000e+02, 2.863427e+02
1.000000e+02, 2.868005e+02
1.000000e+02, 2.872607e+02
1.000000e+02, 2.877232e+02
1.000000e+02, 2.881882e+02
1.000000e+02, 2.886555e+02
1.000000e+02, 2.891253e+02
1.000000e+02, 2.895976e+02
1.000000e+02, 2.900723e+02
1.000000e+02, 2.905494e+02
1.000000e+02, 2.910291e+02
1.000000e+02, 2.915112e+02
1.000000e+02, 2.919958e+02
1.000000e+02, 2.924829e+02
1.000000e+02, 2.929726e+02
1.000000e+02, 2.934648e+02
1.000000e+02, 2.939596e+02
1.000000e+02, 2.944569e+02
1.000000e+02, 2.949568e+02
1.000000e+02, 2.954593e+02
1.000000e+02, 2.959644e+02
1.000000e+02, 2.964722e+02
1.000000e+02, 2.969825e+02
1.000000e+02, 2.974956e+02
1.000000e+02, 2.980113e+02
1.000000e+02, 2.985296e+02
1.000000e+02, 2.990507e+02
1.000000e+02, 2.995745e+02
1.000000e+02, 3.001010e+02
1.000000e+02, 3.006303e+02
1.000000e+02, 3.011623e+02
1.000000e+02, 3.016971e+02
1.000000e+02, 3.022347e+02
1.000000e+02, 3.027751e+02
1.000000e+02, 3.033183e+02
1.000000e+02, 3.038644e+02
1.000000e+02, 3.044133e+02
1.000000e+02, 3.049651e+02
1.000000e+02, 3.055199e+02
1.000000e+02, 3.060775e+02
1.000000e+02, 3.066380e+02
1.000000e+02, 3.072015e+02
1.000000e+02, 3.077680e+02
1.000000e+02, 3.083375e+02
1.000000e+02, 3.089099e+02
1.000000e+02, 3.094854e+02
1.000000e+02, 3.100640e+02
1.000000e+02, 3.106456e+02
1.000000e+02, 3.112303e+02
1.000000e+02, 3.118181e+02
1.000000e+02, 3.124090e+02
1.000000e+02, 3.130031e+02
1.000000e+02, 3.136003e+02
1.000000e+02, 3.142008e+02
1.000000e+02, 3.148044e+02
1.000000e+02, 3.154113e+02
1.000000e+02, 3.160215e+02
1.000000e+02, 3.166349e+02
1.000000e+02, 3.172517e+02
1.000000e+02, 3.178718e+02
1.000000e+02, 3.184952e+02
1.000000e+02, 3.191220e+02
1.000000e+02, 3.197523e+02
1.000000e+02, 3.203859e+02
1.000000e+02, 3.210230e+02
1.000000e+02, 3.216636e+02
1.000000e+02, 3.223077e+02
1.000000e+02, 3.229553e+02
1.000000e+02, 3.236065e+02
1.000000e+02, 3.242613e+02
1.000000e+02, 3.249198e+02
1.000000e+02, 3.255818e+02
1.000000e+02, 3.262475e+02
1.000000e+02, 3.269170e+02
1.000000e+02, 3.275902e+02
1.000000e+02, 3.282671e+02
1.000000e+02, 3.289479e+02
1.000000e+02, 3.296324e+02
1.000000e+02, 3.303209e+02
1.000000e+02, 3.310132e+02
1.000000e+02, 3.317095e+02
1.000000e+02, 3.324097e+02
1.000000e+02, 3.331140e+02
1.000000e+02, 3.338222e+02
1.000000e+02, 3.345345e+02
1.000000e+02, 3.352510e+02
1.000000e+02, 3.359716e+02
1.000000e+02, 3.366963e+02
1.000000e+02, 3.374253e+02
1.000000e+02, 3.381585e+02
1.000000e+02, 3.388960e+02
1.000000e+02, 3.396379e+02
1.000000e+02, 3.403842e+02
1.000000e+02, 3.411348e+02
1.000000e+02, 3.418900e+02
1.000000e+02, 3.426496e+02
1.000000e+02, 3.434138e+02
1.000000e+02, 3.441826e+02
1.000000e+02, 3.449560e+02
1.000000e+02, 3.457341e+02
1.000000e+02, 3.465170e+02
1.000000e+02, 3.473046e+02
1.000000e+02, 3.480971e+02
1.000000e+02, 3.488945e+02
1.000000e+02, 3.496968e+02
1.000000e+02, 3.505041e+02
1.000000e+02, 3.513164e+02
1.000000e+02, 3.521339e+02
1.000000e+02, 3.529565e+02
1.000000e+02, 3.537844e+02
1.000000e+02, 3.546175e+02
1.000000e+02, 3.554559e+02
1.000000e+02, 3.562998e+02
1.000000e+02, 3.571491e+02
1.000000e+02, 3.580039e+02
1.000000e+02, 3.588643e+02
1.000000e+02, 3.597304e+02
1.000000e+02, 6.022493e-01
1.000000e+02, 1.479863e+00
1.000000e+02, 2.363348e+00
1.000000e+02, 3.252777e+00
1.000000e+02, 4.148225e+00
1.000000e+02, 5.049770e+00
1.000000e+02, 5.957491e+00
1.000000e+02, 6.871470e+00
1.000000e+02, 7.791789e+00
1.000000e+02, 8.718533e+00
1.000000e+02, 9.651790e+00
1.000000e+02, 1.059165e+01
1.000000e+02, 1.153820e+01
1.000000e+02, 1.249154e+01
1.000000e+02, 1.345177e+01
1.000000e+02, 1.441898e+01
1.000000e+02, 1.539328e+01
1.000000e+02, 1.637477e+01
1.000000e+02, 1.736355e+01
1.000000e+02, 1.835975e+01
1.000000e+02, 1.936346e+01
1.000000e+02, 2.037482e+01
1.000000e+02, 2.139394e+01
1.000000e+02, 2.242094e+01
1.000000e+02, 2.345595e+01
1.000000e+02, 2.449910e+01
1.000000e+02, 2.555053e+01
1.000000e+02, 2.661037e+01
1.000000e+02, 2.767877e+01
1.000000e+02, 2.875588e+01
1.000000e+02, 2.984185e+01
1.000000e+02, 3.093684e+01
1.000000e+02, 3.204101e+01
1.000000e+02, 3.315452e+01
1.000000e+02, 3.427755e+01
1.000000e+02, 3.541029e+01
1.000000e+02, 3.655291e+01
1.000000e+02, 3.770561e+01
1.000000e+02, 3.886858e+01
1.000000e+02, 4.004204e+01
1.000000e+02, 4.122619e+01
1.000000e+02, 4.242126e+01
1.000000e+02, 4.362748e+01
1.000000e+02, 4.484508e+01
1.000000e+02, 4.607431e+01
1.000000e+02, 4.731543e+01
1.000000e+02, 4.856870e+01
1.000000e+02, 4.983441e+01
1.000000e+02, 5.111284e+01
1.000000e+02, 5.240430e+01
1.000000e+02, 5.370909e+01
1.000000e+02, 5.502755e+01
1.000000e+02, 5.636002e+01
1.000000e+02, 5.770686e+01
1.000000e+02, 5.906844e+01
1.000000e+02, 6.044515e+01
1.000000e+02, 6.183740e+01
1.000000e+02, 6.324562e+01
1.000000e+02, 6.467027e+01
1.000000e+02, 6.611182e+01
1.000000e+02, 6.757076e+01
1.000000e+02, 6.904762e+01
1.000000e+02, 7.054295e+01
1.000000e+02, 7.205734e+01
1.000000e+02, 7.359140e+01
1.000000e+02, 7.514577e+01
1.000000e+02, 7.672117e+01
1.000000e+02, 7.831830e+01
1.000000e+02, 7.993795e+01
1.000000e+02, 8.158094e+01
1.000000e+02, 8.324814e+01
1.000000e+02, 8.494051e+01
1.000000e+02, 8.665904e+01
1.000000e+02, 8.840479e+01
1.000000e+02, 9.017892e+01
1.000000e+02, 9.198267e+01
1.000000e+02, 9.381737e+01
1.000000e+02, 9.568444e+01
1.000000e+02, 9.758546e+01
1.000000e+02, 9.952210e+01
1.000000e+02, 1.014962e+02
1.000000e+02, 1.035098e+02
1.000000e+02, 1.055650e+02
1.000000e+02, 1.076643e+02
1.000000e+02, 1.098103e+02
1.000000e+02, 1.120060e+02
1.000000e+02, 1.142546e+02
1.000000e+02, 1.165599e+02
1.000000e+02, 1.189259e+02
1.000000e+02, 1.213572e+02
1.000000e+02, 1.238591e+02
1.000000e+02, 1.264377e+02
1.000000e+02, 1.291000e+02
1.000000e+02, 1.318541e+02
1.000000e+02, 1.347094e+02
1.000000e+02, 1.376774e+02
1.000000e+02, 1.407718e+02
1.000000e+02, 1.440092e+02
1.000000e+02, 1.474106e+02
1.000000e+02, 1.510023e+02
1.000000e+02, 1.548192e+02
1.000000e+02, 1.589081e+02
1.000000e+02, 1.633348e+02
1.000000e+02, 1.681977e+02
1.000000e+02, 1.736558e+02
1.000000e+02, 1.800000e+02
##END= 