##TITLE= /opt/topspin3.0/exp/stan/nmr/lists/wave/user/HypSec_trunc2.84_110
##JCAMP-DX= 5.00 Bruker JCAMP library
##DATA TYPE= Shape Data
##ORIGIN= Bruker BioSpin GmbH
##OWNER= <nmrsu>
##DATE= 15/02/24
##TIME= 16:15:04
##MINX= 1.164538e+01
##MAXX= 9.999960e+01
##MINY= 2.546774e-02
##MAXY= 3.585574e+02
##$SHAPE_EXMODE= Adiabatic
##$SHAPE_TOTROT= 1.800000e+02
##$SHAPE_BWFAC= 1.929340e+02
##$SHAPE_INTEGFAC= 2.356110e-02
##$SHAPE_MODE= 0
##NPOINTS= 1000
##XYPOINTS= (XY..XY)
1.000000e+02, 1.800000e+02
1.000000e+02, 1.734233e+02
1.000000e+02, 1.677652e+02
1.000000e+02, 1.627240e+02
1.000000e+02, 1.581350e+02
1.000000e+02, 1.538964e+02
1.000000e+02, 1.499396e+02
1.000000e+02, 1.462162e+02
1.000000e+02, 1.426902e+02
1.000000e+02, 1.393341e+02
1.000000e+02, 1.361263e+02
1.000000e+02, 1.330495e+02
1.000000e+02, 1.300895e+02
1.000000e+02, 1.272346e+02
1.000000e+02, 1.244747e+02
1.000000e+02, 1.218016e+02
1.000000e+02, 1.192080e+02
1.000000e+02, 1.166875e+02
1.000000e+02, 1.142349e+02
1.000000e+02, 1.118451e+02
1.000000e+02, 1.095141e+02
1.000000e+02, 1.072379e+02
1.000000e+02, 1.050132e+02
1.000000e+02, 1.028370e+02
1.000000e+02, 1.007065e+02
1.000000e+02, 9.861909e+01
1.000000e+02, 9.657264e+01
1.000000e+02, 9.456502e+01
1.000000e+02, 9.259434e+01
1.000000e+02, 9.065884e+01
1.000000e+02, 8.875690e+01
1.000000e+02, 8.688705e+01
1.000000e+02, 8.504789e+01
1.000000e+02, 8.323816e+01
1.000000e+02, 8.145665e+01
1.000000e+02, 7.970226e+01
1.000000e+02, 7.797395e+01
1.000000e+02, 7.627075e+01
1.000000e+02, 7.459174e+01
1.000000e+02, 7.293607e+01
1.000000e+02, 7.130295e+01
1.000000e+02, 6.969160e+01
1.000000e+02, 6.810132e+01
1.000000e+02, 6.653143e+01
1.000000e+02, 6.498129e+01
1.000000e+02, 6.345031e+01
1.000000e+02, 6.193790e+01
1.000000e+02, 6.044352e+01
1.000000e+02, 5.896666e+01
1.000000e+02, 5.750683e+01
1.000000e+02, 5.606355e+01
1.000000e+02, 5.463639e+01
1.000000e+02, 5.322491e+01
1.000000e+02, 5.182871e+01
1.000000e+02, 5.044741e+01
1.000000e+02, 4.908063e+01
1.000000e+02, 4.772801e+01
1.000000e+02, 4.638923e+01
1.000000e+02, 4.506394e+01
1.000000e+02, 4.375184e+01
1.000000e+02, 4.245264e+01
1.000000e+02, 4.116603e+01
1.000000e+02, 3.989175e+01
1.000000e+02, 3.862953e+01
1.000000e+02, 3.737911e+01
1.000000e+02, 3.614024e+01
1.000000e+02, 3.491269e+01
1.000000e+02, 3.369622e+01
1.000000e+02, 3.249063e+01
1.000000e+02, 3.129568e+01
1.000000e+02, 3.011119e+01
1.000000e+02, 2.893694e+01
1.000000e+02, 2.777274e+01
1.000000e+02, 2.661842e+01
1.000000e+02, 2.547379e+01
1.000000e+02, 2.433867e+01
1.000000e+02, 2.321290e+01
1.000000e+02, 2.209632e+01
1.000000e+02, 2.098876e+01
1.000000e+02, 1.989007e+01
1.000000e+02, 1.880011e+01
1.000000e+02, 1.771873e+01
1.000000e+02, 1.664579e+01
1.000000e+02, 1.558115e+01
1.000000e+02, 1.452468e+01
1.000000e+02, 1.347626e+01
1.000000e+02, 1.243576e+01
1.000000e+02, 1.140305e+01
1.000000e+02, 1.037803e+01
1.000000e+02, 9.360568e+00
1.000000e+02, 8.350564e+00
1.000000e+02, 7.347905e+00
1.000000e+02, 6.352487e+00
1.000000e+02, 5.364206e+00
1.000000e+02, 4.382963e+00
1.000000e+02, 3.408658e+00
1.000000e+02, 2.441198e+00
1.000000e+02, 1.480490e+00
1.000000e+02, 5.264420e-01
1.000000e+02, 3.595790e+02
1.000000e+02, 3.586380e+02
1.000000e+02, 3.577034e+02
1.000000e+02, 3.567751e+02
1.000000e+02, 3.558531e+02
1.000000e+02, 3.549372e+02
1.000000e+02, 3.540275e+02
1.000000e+02, 3.531237e+02
1.000000e+02, 3.522259e+02
1.000000e+02, 3.513339e+02
1.000000e+02, 3.504477e+02
1.000000e+02, 3.495673e+02
1.000000e+02, 3.486925e+02
1.000000e+02, 3.478233e+02
1.000000e+02, 3.469597e+02
1.000000e+02, 3.461015e+02
1.000000e+02, 3.452488e+02
1.000000e+02, 3.444013e+02
1.000000e+02, 3.435592e+02
1.000000e+02, 3.427223e+02
1.000000e+02, 3.418906e+02
1.000000e+02, 3.410640e+02
1.000000e+02, 3.402425e+02
1.000000e+02, 3.394260e+02
1.000000e+02, 3.386144e+02
1.000000e+02, 3.378078e+02
1.000000e+02, 3.370060e+02
1.000000e+02, 3.362090e+02
1.000000e+02, 3.354168e+02
1.000000e+02, 3.346294e+02
1.000000e+02, 3.338466e+02
1.000000e+02, 3.330684e+02
1.000000e+02, 3.322948e+02
1.000000e+02, 3.315257e+02
1.000000e+02, 3.307612e+02
1.000000e+02, 3.300011e+02
1.000000e+02, 3.292454e+02
1.000000e+02, 3.284941e+02
1.000000e+02, 3.277471e+02
1.000000e+02, 3.270044e+02
1.000000e+02, 3.262660e+02
1.000000e+02, 3.255317e+02
1.000000e+02, 3.248017e+02
1.000000e+02, 3.240758e+02
1.000000e+02, 3.233540e+02
1.000000e+02, 3.226363e+02
1.000000e+02, 3.219226e+02
1.000000e+02, 3.212130e+02
1.000000e+02, 3.205073e+02
1.000000e+02, 3.198055e+02
1.000000e+02, 3.191077e+02
1.000000e+02, 3.184137e+02
1.000000e+02, 3.177236e+02
1.000000e+02, 3.170372e+02
1.000000e+02, 3.163547e+02
1.000000e+02, 3.156759e+02
1.000000e+02, 3.150008e+02
1.000000e+02, 3.143295e+02
1.000000e+02, 3.136618e+02
1.000000e+02, 3.129977e+02
1.000000e+02, 3.123372e+02
1.000000e+02, 3.116803e+02
1.000000e+02, 3.110270e+02
1.000000e+02, 3.103772e+02
1.000000e+02, 3.097309e+02
1.000000e+02, 3.090881e+02
1.000000e+02, 3.084488e+02
1.000000e+02, 3.078129e+02
1.000000e+02, 3.071803e+02
1.000000e+02, 3.065512e+02
1.000000e+02, 3.059254e+02
1.000000e+02, 3.053030e+02
1.000000e+02, 3.046838e+02
1.000000e+02, 3.040680e+02
1.000000e+02, 3.034554e+02
1.000000e+02, 3.028460e+02
1.000000e+02, 3.022399e+02
1.000000e+02, 3.016370e+02
1.000000e+02, 3.010372e+02
1.000000e+02, 3.004407e+02
1.000000e+02, 2.998472e+02
1.000000e+02, 2.992569e+02
1.000000e+02, 2.986696e+02
1.000000e+02, 2.980855e+02
1.000000e+02, 2.975044e+02
1.000000e+02, 2.969263e+02
1.000000e+02, 2.963513e+02
1.000000e+02, 2.957793e+02
1.000000e+02, 2.952102e+02
1.000000e+02, 2.946441e+02
1.000000e+02, 2.940810e+02
1.000000e+02, 2.935208e+02
1.000000e+02, 2.929635e+02
1.000000e+02, 2.924091e+02
1.000000e+02, 2.918576e+02
1.000000e+02, 2.913089e+02
1.000000e+02, 2.907631e+02
1.000000e+02, 2.902201e+02
1.000000e+02, 2.896799e+02
1.000000e+02, 2.891426e+02
1.000000e+02, 2.886080e+02
1.000000e+02, 2.880761e+02
1.000000e+02, 2.875470e+02
1.000000e+02, 2.870207e+02
1.000000e+02, 2.864971e+02
1.000000e+02, 2.859762e+02
1.000000e+02, 2.854579e+02
1.000000e+02, 2.849424e+02
1.000000e+02, 2.844295e+02
1.000000e+02, 2.839192e+02
1.000000e+02, 2.834116e+02
1.000000e+02, 2.829066e+02
1.000000e+02, 2.824043e+02
1.000000e+02, 2.819045e+02
1.000000e+02, 2.814073e+02
1.000000e+02, 2.809126e+02
1.000000e+02, 2.804205e+02
1.000000e+02, 2.799310e+02
1.000000e+02, 2.794440e+02
1.000000e+02, 2.789595e+02
1.000000e+02, 2.784775e+02
1.000000e+02, 2.779980e+02
1.000000e+02, 2.775209e+02
1.000000e+02, 2.770464e+02
1.000000e+02, 2.765743e+02
1.000000e+02, 2.761046e+02
1.000000e+02, 2.756374e+02
1.000000e+02, 2.751726e+02
1.000000e+02, 2.747102e+02
1.000000e+02, 2.742502e+02
1.000000e+02, 2.737926e+02
1.000000e+02, 2.733374e+02
1.000000e+02, 2.728845e+02
1.000000e+02, 2.724340e+02
1.000000e+02, 2.719859e+02
1.000000e+02, 2.715401e+02
1.000000e+02, 2.710966e+02
1.000000e+02, 2.706554e+02
1.000000e+02, 2.702165e+02
1.000000e+02, 2.697799e+02
1.000000e+02, 2.693456e+02
1.000000e+02, 2.689136e+02
1.000000e+02, 2.684839e+02
1.000000e+02, 2.680564e+02
1.000000e+02, 2.676311e+02
1.000000e+02, 2.672081e+02
1.000000e+02, 2.667873e+02
1.000000e+02, 2.663688e+02
1.000000e+02, 2.659524e+02
1.000000e+02, 2.655383e+02
1.000000e+02, 2.651263e+02
1.000000e+02, 2.647165e+02
1.000000e+02, 2.643089e+02
1.000000e+02, 2.639035e+02
1.000000e+02, 2.635002e+02
1.000000e+02, 2.630991e+02
1.000000e+02, 2.627001e+02
1.000000e+02, 2.623033e+02
1.000000e+02, 2.619086e+02
1.000000e+02, 2.615160e+02
1.000000e+02, 2.611255e+02
1.000000e+02, 2.607371e+02
1.000000e+02, 2.603508e+02
1.000000e+02, 2.599666e+02
1.000000e+02, 2.595844e+02
1.000000e+02, 2.592044e+02
1.000000e+02, 2.588264e+02
1.000000e+02, 2.584504e+02
1.000000e+02, 2.580765e+02
1.000000e+02, 2.577047e+02
1.000000e+02, 2.573348e+02
1.000000e+02, 2.569671e+02
1.000000e+02, 2.566013e+02
1.000000e+02, 2.562375e+02
1.000000e+02, 2.558758e+02
1.000000e+02, 2.555160e+02
1.000000e+02, 2.551583e+02
1.000000e+02, 2.548025e+02
1.000000e+02, 2.544487e+02
1.000000e+02, 2.540969e+02
1.000000e+02, 2.537470e+02
1.000000e+02, 2.533992e+02
1.000000e+02, 2.530532e+02
1.000000e+02, 2.527092e+02
1.000000e+02, 2.523672e+02
1.000000e+02, 2.520271e+02
1.000000e+02, 2.516889e+02
1.000000e+02, 2.513526e+02
1.000000e+02, 2.510183e+02
1.000000e+02, 2.506859e+02
1.000000e+02, 2.503553e+02
1.000000e+02, 2.500267e+02
1.000000e+02, 2.497000e+02
1.000000e+02, 2.493751e+02
1.000000e+02, 2.490522e+02
1.000000e+02, 2.487311e+02
1.000000e+02, 2.484119e+02
1.000000e+02, 2.480945e+02
1.000000e+02, 2.477791e+02
1.000000e+02, 2.474654e+02
1.000000e+02, 2.471536e+02
1.000000e+02, 2.468437e+02
1.000000e+02, 2.465356e+02
1.000000e+02, 2.462294e+02
1.000000e+02, 2.459249e+02
1.000000e+02, 2.456223e+02
1.000000e+02, 2.453215e+02
1.000000e+02, 2.450226e+02
1.000000e+02, 2.447254e+02
1.000000e+02, 2.444300e+02
1.000000e+02, 2.441365e+02
1.000000e+02, 2.438447e+02
1.000000e+02, 2.435547e+02
1.000000e+02, 2.432665e+02
1.000000e+02, 2.429801e+02
1.000000e+02, 2.426955e+02
1.000000e+02, 2.424126e+02
1.000000e+02, 2.421315e+02
1.000000e+02, 2.418522e+02
1.000000e+02, 2.415746e+02
1.000000e+02, 2.412988e+02
1.000000e+02, 2.410247e+02
1.000000e+02, 2.407524e+02
1.000000e+02, 2.404818e+02
1.000000e+02, 2.402130e+02
1.000000e+02, 2.399459e+02
1.000000e+02, 2.396805e+02
1.000000e+02, 2.394168e+02
1.000000e+02, 2.391549e+02
1.000000e+02, 2.388946e+02
1.000000e+02, 2.386361e+02
1.000000e+02, 2.383793e+02
1.000000e+02, 2.381242e+02
1.000000e+02, 2.378708e+02
1.000000e+02, 2.376191e+02
1.000000e+02, 2.373691e+02
1.000000e+02, 2.371208e+02
1.000000e+02, 2.368741e+02
1.000000e+02, 2.366292e+02
1.000000e+02, 2.363859e+02
1.000000e+02, 2.361443e+02
1.000000e+02, 2.359044e+02
1.000000e+02, 2.356661e+02
1.000000e+02, 2.354295e+02
1.000000e+02, 2.351945e+02
1.000000e+02, 2.349613e+02
1.000000e+02, 2.347296e+02
1.000000e+02, 2.344997e+02
1.000000e+02, 2.342713e+02
1.000000e+02, 2.340446e+02
1.000000e+02, 2.338196e+02
1.000000e+02, 2.335962e+02
1.000000e+02, 2.333744e+02
1.000000e+02, 2.331542e+02
1.000000e+02, 2.329357e+02
1.000000e+02, 2.327188e+02
1.000000e+02, 2.325036e+02
1.000000e+02, 2.322899e+02
1.000000e+02, 2.320779e+02
1.000000e+02, 2.318674e+02
1.000000e+02, 2.316586e+02
1.000000e+02, 2.314514e+02
1.000000e+02, 2.312458e+02
1.000000e+02, 2.310418e+02
1.000000e+02, 2.308394e+02
1.000000e+02, 2.306385e+02
1.000000e+02, 2.304393e+02
1.000000e+02, 2.302417e+02
1.000000e+02, 2.300456e+02
1.000000e+02, 2.298512e+02
1.000000e+02, 2.296583e+02
1.000000e+02, 2.294670e+02
1.000000e+02, 2.292773e+02
1.000000e+02, 2.290891e+02
1.000000e+02, 2.289025e+02
1.000000e+02, 2.287175e+02
1.000000e+02, 2.285341e+02
1.000000e+02, 2.283522e+02
1.000000e+02, 2.281718e+02
1.000000e+02, 2.279931e+02
1.000000e+02, 2.278159e+02
1.000000e+02, 2.276402e+02
1.000000e+02, 2.274661e+02
1.000000e+02, 2.272935e+02
1.000000e+02, 2.271225e+02
1.000000e+02, 2.269531e+02
1.000000e+02, 2.267851e+02
1.000000e+02, 2.266188e+02
1.000000e+02, 2.264539e+02
1.000000e+02, 2.262906e+02
1.000000e+02, 2.261288e+02
1.000000e+02, 2.259686e+02
1.000000e+02, 2.258099e+02
1.000000e+02, 2.256527e+02
1.000000e+02, 2.254970e+02
1.000000e+02, 2.253429e+02
1.000000e+02, 2.251903e+02
1.000000e+02, 2.250392e+02
1.000000e+02, 2.248896e+02
1.000000e+02, 2.247415e+02
1.000000e+02, 2.245950e+02
1.000000e+02, 2.244499e+02
1.000000e+02, 2.243064e+02
1.000000e+02, 2.241643e+02
1.000000e+02, 2.240238e+02
1.000000e+02, 2.238848e+02
1.000000e+02, 2.237473e+02
1.000000e+02, 2.236113e+02
1.000000e+02, 2.234768e+02
1.000000e+02, 2.233437e+02
1.000000e+02, 2.232122e+02
1.000000e+02, 2.230822e+02
1.000000e+02, 2.229537e+02
1.000000e+02, 2.228266e+02
1.000000e+02, 2.227010e+02
1.000000e+02, 2.225770e+02
1.000000e+02, 2.224544e+02
1.000000e+02, 2.223333e+02
1.000000e+02, 2.222137e+02
1.000000e+02, 2.220955e+02
1.000000e+02, 2.219789e+02
1.000000e+02, 2.218637e+02
1.000000e+02, 2.217500e+02
1.000000e+02, 2.216378e+02
1.000000e+02, 2.215270e+02
1.000000e+02, 2.214177e+02
1.000000e+02, 2.213099e+02
1.000000e+02, 2.212036e+02
1.000000e+02, 2.210987e+02
1.000000e+02, 2.209953e+02
1.000000e+02, 2.208933e+02
1.000000e+02, 2.207929e+02
1.000000e+02, 2.206938e+02
1.000000e+02, 2.205963e+02
1.000000e+02, 2.205002e+02
1.000000e+02, 2.204056e+02
1.000000e+02, 2.203124e+02
1.000000e+02, 2.202207e+02
1.000000e+02, 2.201304e+02
1.000000e+02, 2.200416e+02
1.000000e+02, 2.199543e+02
1.000000e+02, 2.198684e+02
1.000000e+02, 2.197839e+02
1.000000e+02, 2.197009e+02
1.000000e+02, 2.196194e+02
1.000000e+02, 2.195393e+02
1.000000e+02, 2.194606e+02
1.000000e+02, 2.193834e+02
1.000000e+02, 2.193077e+02
1.000000e+02, 2.192334e+02
1.000000e+02, 2.191605e+02
1.000000e+02, 2.190891e+02
1.000000e+02, 2.190191e+02
1.000000e+02, 2.189505e+02
1.000000e+02, 2.188834e+02
1.000000e+02, 2.188178e+02
1.000000e+02, 2.187536e+02
1.000000e+02, 2.186908e+02
1.000000e+02, 2.186294e+02
1.000000e+02, 2.185695e+02
1.000000e+02, 2.185111e+02
1.000000e+02, 2.184540e+02
1.000000e+02, 2.183984e+02
1.000000e+02, 2.183443e+02
1.000000e+02, 2.182915e+02
1.000000e+02, 2.182402e+02
1.000000e+02, 2.181904e+02
1.000000e+02, 2.181419e+02
1.000000e+02, 2.180949e+02
1.000000e+02, 2.180493e+02
1.000000e+02, 2.180052e+02
1.000000e+02, 2.179625e+02
1.000000e+02, 2.179212e+02
1.000000e+02, 2.178813e+02
1.000000e+02, 2.178429e+02
1.000000e+02, 2.178059e+02
1.000000e+02, 2.177703e+02
1.000000e+02, 2.177362e+02
1.000000e+02, 2.177034e+02
1.000000e+02, 2.176721e+02
1.000000e+02, 2.176423e+02
1.000000e+02, 2.176138e+02
1.000000e+02, 2.175868e+02
1.000000e+02, 2.175612e+02
1.000000e+02, 2.175370e+02
1.000000e+02, 2.175142e+02
1.000000e+02, 2.174929e+02
1.000000e+02, 2.174730e+02
1.000000e+02, 2.174545e+02
1.000000e+02, 2.174375e+02
1.000000e+02, 2.174218e+02
1.000000e+02, 2.174076e+02
1.000000e+02, 2.173948e+02
1.000000e+02, 2.173834e+02
1.000000e+02, 2.173735e+02
1.000000e+02, 2.173650e+02
1.000000e+02, 2.173579e+02
1.000000e+02, 2.173522e+02
1.000000e+02, 2.173479e+02
1.000000e+02, 2.173451e+02
1.000000e+02, 2.173436e+02
1.000000e+02, 2.173436e+02
1.000000e+02, 2.173451e+02
1.000000e+02, 2.173479e+02
1.000000e+02, 2.173522e+02
1.000000e+02, 2.173579e+02
1.000000e+02, 2.173650e+02
1.000000e+02, 2.173735e+02
1.000000e+02, 2.173834e+02
1.000000e+02, 2.173948e+02
1.000000e+02, 2.174076e+02
1.000000e+02, 2.174218e+02
1.000000e+02, 2.174375e+02
1.000000e+02, 2.174545e+02
1.000000e+02, 2.174730e+02
1.000000e+02, 2.174929e+02
1.000000e+02, 2.175142e+02
1.000000e+02, 2.175370e+02
1.000000e+02, 2.175612e+02
1.000000e+02, 2.175868e+02
1.000000e+02, 2.176138e+02
1.000000e+02, 2.176423e+02
1.000000e+02, 2.176721e+02
1.000000e+02, 2.177034e+02
1.000000e+02, 2.177362e+02
1.000000e+02, 2.177703e+02
1.000000e+02, 2.178059e+02
1.000000e+02, 2.178429e+02
1.000000e+02, 2.178813e+02
1.000000e+02, 2.179212e+02
1.000000e+02, 2.179625e+02
1.000000e+02, 2.180052e+02
1.000000e+02, 2.180493e+02
1.000000e+02, 2.180949e+02
1.000000e+02, 2.181419e+02
1.000000e+02, 2.181904e+02
1.000000e+02, 2.182402e+02
1.000000e+02, 2.182915e+02
1.000000e+02, 2.183443e+02
1.000000e+02, 2.183984e+02
1.000000e+02, 2.184540e+02
1.000000e+02, 2.185111e+02
1.000000e+02, 2.185695e+02
1.000000e+02, 2.186294e+02
1.000000e+02, 2.186908e+02
1.000000e+02, 2.187536e+02
1.000000e+02, 2.188178e+02
1.000000e+02, 2.188835e+02
1.000000e+02, 2.189505e+02
1.000000e+02, 2.190191e+02
1.000000e+02, 2.190891e+02
1.000000e+02, 2.191605e+02
1.000000e+02, 2.192334e+02
1.000000e+02, 2.193077e+02
1.000000e+02, 2.193834e+02
1.000000e+02, 2.194606e+02
1.000000e+02, 2.195393e+02
1.000000e+02, 2.196194e+02
1.000000e+02, 2.197009e+02
1.000000e+02, 2.197839e+02
1.000000e+02, 2.198684e+02
1.000000e+02, 2.199543e+02
1.000000e+02, 2.200416e+02
1.000000e+02, 2.201304e+02
1.000000e+02, 2.202207e+02
1.000000e+02, 2.203124e+02
1.000000e+02, 2.204056e+02
1.000000e+02, 2.205002e+02
1.000000e+02, 2.205963e+02
1.000000e+02, 2.206938e+02
1.000000e+02, 2.207929e+02
1.000000e+02, 2.208933e+02
1.000000e+02, 2.209953e+02
1.000000e+02, 2.210987e+02
1.000000e+02, 2.212036e+02
1.000000e+02, 2.213099e+02
1.000000e+02, 2.214177e+02
1.000000e+02, 2.215270e+02
1.000000e+02, 2.216378e+02
1.000000e+02, 2.217500e+02
1.000000e+02, 2.218637e+02
1.000000e+02, 2.219789e+02
1.000000e+02, 2.220955e+02
1.000000e+02, 2.222137e+02
1.000000e+02, 2.223333e+02
1.000000e+02, 2.224544e+02
1.000000e+02, 2.225770e+02
1.000000e+02, 2.227010e+02
1.000000e+02, 2.228266e+02
1.000000e+02, 2.229537e+02
1.000000e+02, 2.230822e+02
1.000000e+02, 2.232122e+02
1.000000e+02, 2.233437e+02
1.000000e+02, 2.234768e+02
1.000000e+02, 2.236113e+02
1.000000e+02, 2.237473e+02
1.000000e+02, 2.238848e+02
1.000000e+02, 2.240238e+02
1.000000e+02, 2.241643e+02
1.000000e+02, 2.243064e+02
1.000000e+02, 2.244499e+02
1.000000e+02, 2.245950e+02
1.000000e+02, 2.247415e+02
1.000000e+02, 2.248896e+02
1.000000e+02, 2.250392e+02
1.000000e+02, 2.251903e+02
1.000000e+02, 2.253429e+02
1.000000e+02, 2.254970e+02
1.000000e+02, 2.256527e+02
1.000000e+02, 2.258099e+02
1.000000e+02, 2.259686e+02
1.000000e+02, 2.261288e+02
1.000000e+02, 2.262906e+02
1.000000e+02, 2.264539e+02
1.000000e+02, 2.266188e+02
1.000000e+02, 2.267852e+02
1.000000e+02, 2.269531e+02
1.000000e+02, 2.271225e+02
1.000000e+02, 2.272935e+02
1.000000e+02, 2.274661e+02
1.000000e+02, 2.276402e+02
1.000000e+02, 2.278159e+02
1.000000e+02, 2.279931e+02
1.000000e+02, 2.281718e+02
1.000000e+02, 2.283522e+02
1.000000e+02, 2.285341e+02
1.000000e+02, 2.287175e+02
1.000000e+02, 2.289025e+02
1.000000e+02, 2.290891e+02
1.000000e+02, 2.292773e+02
1.000000e+02, 2.294670e+02
1.000000e+02, 2.296583e+02
1.000000e+02, 2.298512e+02
1.000000e+02, 2.300456e+02
1.000000e+02, 2.302417e+02
1.000000e+02, 2.304393e+02
1.000000e+02, 2.306385e+02
1.000000e+02, 2.308394e+02
1.000000e+02, 2.310418e+02
1.000000e+02, 2.312458e+02
1.000000e+02, 2.314514e+02
1.000000e+02, 2.316586e+02
1.000000e+02, 2.318674e+02
1.000000e+02, 2.320779e+02
1.000000e+02, 2.322899e+02
1.000000e+02, 2.325036e+02
1.000000e+02, 2.327188e+02
1.000000e+02, 2.329357e+02
1.000000e+02, 2.331542e+02
1.000000e+02, 2.333744e+02
1.000000e+02, 2.335962e+02
1.000000e+02, 2.338196e+02
1.000000e+02, 2.340446e+02
1.000000e+02, 2.342713e+02
1.000000e+02, 2.344997e+02
1.000000e+02, 2.347296e+02
1.000000e+02, 2.349613e+02
1.000000e+02, 2.351945e+02
1.000000e+02, 2.354295e+02
1.000000e+02, 2.356661e+02
1.000000e+02, 2.359044e+02
1.000000e+02, 2.361443e+02
1.000000e+02, 2.363859e+02
1.000000e+02, 2.366292e+02
1.000000e+02, 2.368741e+02
1.000000e+02, 2.371208e+02
1.000000e+02, 2.373691e+02
1.000000e+02, 2.376191e+02
1.000000e+02, 2.378708e+02
1.000000e+02, 2.381242e+02
1.000000e+02, 2.383793e+02
1.000000e+02, 2.386361e+02
1.000000e+02, 2.388946e+02
1.000000e+02, 2.391549e+02
1.000000e+02, 2.394168e+02
1.000000e+02, 2.396805e+02
1.000000e+02, 2.399459e+02
1.000000e+02, 2.402130e+02
1.000000e+02, 2.404818e+02
1.000000e+02, 2.407524e+02
1.000000e+02, 2.410247e+02
1.000000e+02, 2.412988e+02
1.000000e+02, 2.415746e+02
1.000000e+02, 2.418522e+02
1.000000e+02, 2.421315e+02
1.000000e+02, 2.424126e+02
1.000000e+02, 2.426955e+02
1.000000e+02, 2.429801e+02
1.000000e+02, 2.432665e+02
1.000000e+02, 2.435547e+02
1.000000e+02, 2.438447e+02
1.000000e+02, 2.441365e+02
1.000000e+02, 2.444300e+02
1.000000e+02, 2.447254e+02
1.000000e+02, 2.450226e+02
1.000000e+02, 2.453215e+02
1.000000e+02, 2.456223e+02
1.000000e+02, 2.459249e+02
1.000000e+02, 2.462294e+02
1.000000e+02, 2.465356e+02
1.000000e+02, 2.468437e+02
1.000000e+02, 2.471536e+02
1.000000e+02, 2.474654e+02
1.000000e+02, 2.477791e+02
1.000000e+02, 2.480945e+02
1.000000e+02, 2.484119e+02
1.000000e+02, 2.487311e+02
1.000000e+02, 2.490522e+02
1.000000e+02, 2.493751e+02
1.000000e+02, 2.497000e+02
1.000000e+02, 2.500267e+02
1.000000e+02, 2.503553e+02
1.000000e+02, 2.506859e+02
1.000000e+02, 2.510183e+02
1.000000e+02, 2.513526e+02
1.000000e+02, 2.516889e+02
1.000000e+02, 2.520271e+02
1.000000e+02, 2.523672e+02
1.000000e+02, 2.527092e+02
1.000000e+02, 2.530532e+02
1.000000e+02, 2.533992e+02
1.000000e+02, 2.537470e+02
1.000000e+02, 2.540969e+02
1.000000e+02, 2.544487e+02
1.000000e+02, 2.548025e+02
1.000000e+02, 2.551583e+02
1.000000e+02, 2.555160e+02
1.000000e+02, 2.558758e+02
1.000000e+02, 2.562375e+02
1.000000e+02, 2.566013e+02
1.000000e+02, 2.569671e+02
1.000000e+02, 2.573349e+02
1.000000e+02, 2.577047e+02
1.000000e+02, 2.580765e+02
1.000000e+02, 2.584504e+02
1.000000e+02, 2.588264e+02
1.000000e+02, 2.592044e+02
1.000000e+02, 2.595844e+02
1.000000e+02, 2.599666e+02
1.000000e+02, 2.603508e+02
1.000000e+02, 2.607371e+02
1.000000e+02, 2.611255e+02
1.000000e+02, 2.615160e+02
1.000000e+02, 2.619086e+02
1.000000e+02, 2.623033e+02
1.000000e+02, 2.627001e+02
1.000000e+02, 2.630991e+02
1.000000e+02, 2.635002e+02
1.000000e+02, 2.639035e+02
1.000000e+02, 2.643089e+02
1.000000e+02, 2.647165e+02
1.000000e+02, 2.651263e+02
1.000000e+02, 2.655383e+02
1.000000e+02, 2.659524e+02
1.000000e+02, 2.663688e+02
1.000000e+02, 2.667873e+02
1.000000e+02, 2.672081e+02
1.000000e+02, 2.676311e+02
1.000000e+02, 2.680564e+02
1.000000e+02, 2.684839e+02
1.000000e+02, 2.689136e+02
1.000000e+02, 2.693456e+02
1.000000e+02, 2.697799e+02
1.000000e+02, 2.702165e+02
1.000000e+02, 2.706554e+02
1.000000e+02, 2.710966e+02
1.000000e+02, 2.715401e+02
1.000000e+02, 2.719859e+02
1.000000e+02, 2.724340e+02
1.000000e+02, 2.728845e+02
1.000000e+02, 2.733374e+02
1.000000e+02, 2.737926e+02
1.000000e+02, 2.742502e+02
1.000000e+02, 2.747102e+02
1.000000e+02, 2.751726e+02
1.000000e+02, 2.756374e+02
1.000000e+02, 2.761046e+02
1.000000e+02, 2.765743e+02
1.000000e+02, 2.770464e+02
1.000000e+02, 2.775209e+02
1.000000e+02, 2.779980e+02
1.000000e+02, 2.784775e+02
1.000000e+02, 2.789595e+02
1.000000e+02, 2.794440e+02
1.000000e+02, 2.799310e+02
1.000000e+02, 2.804205e+02
1.000000e+02, 2.809126e+02
1.000000e+02, 2.814073e+02
1.000000e+02, 2.819045e+02
1.000000e+02, 2.824043e+02
1.000000e+02, 2.829066e+02
1.000000e+02, 2.834116e+02
1.000000e+02, 2.839192e+02
1.000000e+02, 2.844295e+02
1.000000e+02, 2.849424e+02
1.000000e+02, 2.854579e+02
1.000000e+02, 2.859762e+02
1.000000e+02, 2.864971e+02
1.000000e+02, 2.870207e+02
1.000000e+02, 2.875470e+02
1.000000e+02, 2.880761e+02
1.000000e+02, 2.886080e+02
1.000000e+02, 2.891426e+02
1.000000e+02, 2.896799e+02
1.000000e+02, 2.902201e+02
1.000000e+02, 2.907631e+02
1.000000e+02, 2.913089e+02
1.000000e+02, 2.918576e+02
1.000000e+02, 2.924091e+02
1.000000e+02, 2.929635e+02
1.000000e+02, 2.935208e+02
1.000000e+02, 2.940810e+02
1.000000e+02, 2.946441e+02
1.000000e+02, 2.952102e+02
1.000000e+02, 2.957793e+02
1.000000e+02, 2.963513e+02
1.000000e+02, 2.969263e+02
1.000000e+02, 2.975044e+02
1.000000e+02, 2.980855e+02
1.000000e+02, 2.986696e+02
1.000000e+02, 2.992569e+02
1.000000e+02, 2.998472e+02
1.000000e+02, 3.004407e+02
1.000000e+02, 3.010372e+02
1.000000e+02, 3.016370e+02
1.000000e+02, 3.022399e+02
1.000000e+02, 3.028460e+02
1.000000e+02, 3.034554e+02
1.000000e+02, 3.040680e+02
1.000000e+02, 3.046838e+02
1.000000e+02, 3.053030e+02
1.000000e+02, 3.059254e+02
1.000000e+02, 3.065512e+02
1.000000e+02, 3.071803e+02
1.000000e+02, 3.078129e+02
1.000000e+02, 3.084488e+02
1.000000e+02, 3.090881e+02
1.000000e+02, 3.097310e+02
1.000000e+02, 3.103772e+02
1.000000e+02, 3.110270e+02
1.000000e+02, 3.116803e+02
1.000000e+02, 3.123372e+02
1.000000e+02, 3.129977e+02
1.000000e+02, 3.136618e+02
1.000000e+02, 3.143295e+02
1.000000e+02, 3.150008e+02
1.000000e+02, 3.156759e+02
1.000000e+02, 3.163547e+02
1.000000e+02, 3.170372e+02
1.000000e+02, 3.177236e+02
1.000000e+02, 3.184137e+02
1.000000e+02, 3.191077e+02
1.000000e+02, 3.198055e+02
1.000000e+02, 3.205073e+02
1.000000e+02, 3.212130e+02
1.000000e+02, 3.219226e+02
1.000000e+02, 3.226363e+02
1.000000e+02, 3.233540e+02
1.000000e+02, 3.240758e+02
1.000000e+02, 3.248017e+02
1.000000e+02, 3.255317e+02
1.000000e+02, 3.262660e+02
1.000000e+02, 3.270044e+02
1.000000e+02, 3.277471e+02
1.000000e+02, 3.284941e+02
1.000000e+02, 3.292454e+02
1.000000e+02, 3.300011e+02
1.000000e+02, 3.307612e+02
1.000000e+02, 3.315257e+02
1.000000e+02, 3.322948e+02
1.000000e+02, 3.330684e+02
1.000000e+02, 3.338466e+02
1.000000e+02, 3.346294e+02
1.000000e+02, 3.354169e+02
1.000000e+02, 3.362090e+02
1.000000e+02, 3.370060e+02
1.000000e+02, 3.378078e+02
1.000000e+02, 3.386144e+02
1.000000e+02, 3.394260e+02
1.000000e+02, 3.402425e+02
1.000000e+02, 3.410640e+02
1.000000e+02, 3.418906e+02
1.000000e+02, 3.427223e+02
1.000000e+02, 3.435592e+02
1.000000e+02, 3.444013e+02
1.000000e+02, 3.452488e+02
1.000000e+02, 3.461015e+02
1.000000e+02, 3.469597e+02
1.000000e+02, 3.478233e+02
1.000000e+02, 3.486925e+02
1.000000e+02, 3.495673e+02
1.000000e+02, 3.504477e+02
1.000000e+02, 3.513339e+02
1.000000e+02, 3.522259e+02
1.000000e+02, 3.531237e+02
1.000000e+02, 3.540275e+02
1.000000e+02, 3.549372e+02
1.000000e+02, 3.558531e+02
1.000000e+02, 3.567751e+02
1.000000e+02, 3.577034e+02
1.000000e+02, 3.586380e+02
1.000000e+02, 3.595790e+02
1.000000e+02, 5.264452e-01
1.000000e+02, 1.480493e+00
1.000000e+02, 2.441201e+00
1.000000e+02, 3.408662e+00
1.000000e+02, 4.382966e+00
1.000000e+02, 5.364210e+00
1.000000e+02, 6.352490e+00
1.000000e+02, 7.347909e+00
1.000000e+02, 8.350567e+00
1.000000e+02, 9.360571e+00
1.000000e+02, 1.037803e+01
1.000000e+02, 1.140305e+01
1.000000e+02, 1.243576e+01
1.000000e+02, 1.347626e+01
1.000000e+02, 1.452468e+01
1.000000e+02, 1.558115e+01
1.000000e+02, 1.664579e+01
1.000000e+02, 1.771873e+01
1.000000e+02, 1.880011e+01
1.000000e+02, 1.989008e+01
1.000000e+02, 2.098876e+01
1.000000e+02, 2.209632e+01
1.000000e+02, 2.321291e+01
1.000000e+02, 2.433868e+01
1.000000e+02, 2.547379e+01
1.000000e+02, 2.661843e+01
1.000000e+02, 2.777275e+01
1.000000e+02, 2.893694e+01
1.000000e+02, 3.011119e+01
1.000000e+02, 3.129569e+01
1.000000e+02, 3.249063e+01
1.000000e+02, 3.369623e+01
1.000000e+02, 3.491269e+01
1.000000e+02, 3.614024e+01
1.000000e+02, 3.737911e+01
1.000000e+02, 3.862953e+01
1.000000e+02, 3.989176e+01
1.000000e+02, 4.116604e+01
1.000000e+02, 4.245264e+01
1.000000e+02, 4.375185e+01
1.000000e+02, 4.506394e+01
1.000000e+02, 4.638923e+01
1.000000e+02, 4.772802e+01
1.000000e+02, 4.908063e+01
1.000000e+02, 5.044741e+01
1.000000e+02, 5.182871e+01
1.000000e+02, 5.322491e+01
1.000000e+02, 5.463639e+01
1.000000e+02, 5.606355e+01
1.000000e+02, 5.750683e+01
1.000000e+02, 5.896667e+01
1.000000e+02, 6.044353e+01
1.000000e+02, 6.193790e+01
1.000000e+02, 6.345031e+01
1.000000e+02, 6.498130e+01
1.000000e+02, 6.653143e+01
1.000000e+02, 6.810132e+01
1.000000e+02, 6.969160e+01
1.000000e+02, 7.130295e+01
1.000000e+02, 7.293608e+01
1.000000e+02, 7.459174e+01
1.000000e+02, 7.627075e+01
1.000000e+02, 7.797395e+01
1.000000e+02, 7.970227e+01
1.000000e+02, 8.145666e+01
1.000000e+02, 8.323816e+01
1.000000e+02, 8.504790e+01
1.000000e+02, 8.688705e+01
1.000000e+02, 8.875691e+01
1.000000e+02, 9.065884e+01
1.000000e+02, 9.259434e+01
1.000000e+02, 9.456503e+01
1.000000e+02, 9.657264e+01
1.000000e+02, 9.861909e+01
1.000000e+02, 1.007065e+02
1.000000e+02, 1.028370e+02
1.000000e+02, 1.050132e+02
1.000000e+02, 1.072379e+02
1.000000e+02, 1.095141e+02
1.000000e+02, 1.118451e+02
1.000000e+02, 1.142349e+02
1.000000e+02, 1.166875e+02
1.000000e+02, 1.192080e+02
1.000000e+02, 1.218016e+02
1.000000e+02, 1.244747e+02
1.000000e+02, 1.272346e+02
1.000000e+02, 1.300896e+02
1.000000e+02, 1.330496e+02
1.000000e+02, 1.361263e+02
1.000000e+02, 1.393341e+02
1.000000e+02, 1.426902e+02
1.000000e+02, 1.462162e+02
1.000000e+02, 1.499396e+02
1.000000e+02, 1.538964e+02
1.000000e+02, 1.581351e+02
1.000000e+02, 1.627240e+02
1.000000e+02, 1.677652e+02
1.000000e+02, 1.734233e+02
1.000000e+02, 1.800000e+02
##END= 