##TITLE= /opt/topspin3.0/exp/stan/nmr/lists/wave/user/HypSec_trunc2.84_110
##JCAMP-DX= 5.00 Bruker JCAMP library
##DATA TYPE= Shape Data
##ORIGIN= Bruker BioSpin GmbH
##OWNER= <nmrsu>
##DATE= 15/02/24
##TIME= 16:15:04
##MINX= 1.164538e+01
##MAXX= 9.999960e+01
##MINY= 2.546774e-02
##MAXY= 3.585574e+02
##$SHAPE_EXMODE= Adiabatic
##$SHAPE_TOTROT= 1.800000e+02
##$SHAPE_BWFAC= 1.929340e+02
##$SHAPE_INTEGFAC= 2.356110e-02
##$SHAPE_MODE= 0
##NPOINTS= 1000
##XYPOINTS= (XY..XY)
1.000000e+02, 1.800000e+02
1.000000e+02, 1.758481e+02
1.000000e+02, 1.722760e+02
1.000000e+02, 1.690934e+02
1.000000e+02, 1.661964e+02
1.000000e+02, 1.635204e+02
1.000000e+02, 1.610225e+02
1.000000e+02, 1.586718e+02
1.000000e+02, 1.564458e+02
1.000000e+02, 1.543271e+02
1.000000e+02, 1.523020e+02
1.000000e+02, 1.503596e+02
1.000000e+02, 1.484909e+02
1.000000e+02, 1.466885e+02
1.000000e+02, 1.449462e+02
1.000000e+02, 1.432586e+02
1.000000e+02, 1.416212e+02
1.000000e+02, 1.400300e+02
1.000000e+02, 1.384816e+02
1.000000e+02, 1.369729e+02
1.000000e+02, 1.355013e+02
1.000000e+02, 1.340643e+02
1.000000e+02, 1.326599e+02
1.000000e+02, 1.312860e+02
1.000000e+02, 1.299409e+02
1.000000e+02, 1.286232e+02
1.000000e+02, 1.273312e+02
1.000000e+02, 1.260638e+02
1.000000e+02, 1.248197e+02
1.000000e+02, 1.235977e+02
1.000000e+02, 1.223970e+02
1.000000e+02, 1.212166e+02
1.000000e+02, 1.200555e+02
1.000000e+02, 1.189130e+02
1.000000e+02, 1.177883e+02
1.000000e+02, 1.166807e+02
1.000000e+02, 1.155896e+02
1.000000e+02, 1.145144e+02
1.000000e+02, 1.134544e+02
1.000000e+02, 1.124091e+02
1.000000e+02, 1.113781e+02
1.000000e+02, 1.103609e+02
1.000000e+02, 1.093569e+02
1.000000e+02, 1.083658e+02
1.000000e+02, 1.073872e+02
1.000000e+02, 1.064206e+02
1.000000e+02, 1.054658e+02
1.000000e+02, 1.045224e+02
1.000000e+02, 1.035901e+02
1.000000e+02, 1.026685e+02
1.000000e+02, 1.017573e+02
1.000000e+02, 1.008563e+02
1.000000e+02, 9.996522e+01
1.000000e+02, 9.908378e+01
1.000000e+02, 9.821175e+01
1.000000e+02, 9.734888e+01
1.000000e+02, 9.649496e+01
1.000000e+02, 9.564976e+01
1.000000e+02, 9.481309e+01
1.000000e+02, 9.398475e+01
1.000000e+02, 9.316454e+01
1.000000e+02, 9.235229e+01
1.000000e+02, 9.154782e+01
1.000000e+02, 9.075096e+01
1.000000e+02, 8.996156e+01
1.000000e+02, 8.917944e+01
1.000000e+02, 8.840447e+01
1.000000e+02, 8.763650e+01
1.000000e+02, 8.687540e+01
1.000000e+02, 8.612101e+01
1.000000e+02, 8.537322e+01
1.000000e+02, 8.463190e+01
1.000000e+02, 8.389693e+01
1.000000e+02, 8.316820e+01
1.000000e+02, 8.244557e+01
1.000000e+02, 8.172896e+01
1.000000e+02, 8.101825e+01
1.000000e+02, 8.031333e+01
1.000000e+02, 7.961412e+01
1.000000e+02, 7.892050e+01
1.000000e+02, 7.823239e+01
1.000000e+02, 7.754970e+01
1.000000e+02, 7.687234e+01
1.000000e+02, 7.620022e+01
1.000000e+02, 7.553326e+01
1.000000e+02, 7.487138e+01
1.000000e+02, 7.421449e+01
1.000000e+02, 7.356253e+01
1.000000e+02, 7.291542e+01
1.000000e+02, 7.227309e+01
1.000000e+02, 7.163546e+01
1.000000e+02, 7.100247e+01
1.000000e+02, 7.037404e+01
1.000000e+02, 6.975013e+01
1.000000e+02, 6.913066e+01
1.000000e+02, 6.851557e+01
1.000000e+02, 6.790480e+01
1.000000e+02, 6.729829e+01
1.000000e+02, 6.669599e+01
1.000000e+02, 6.609783e+01
1.000000e+02, 6.550377e+01
1.000000e+02, 6.491376e+01
1.000000e+02, 6.432773e+01
1.000000e+02, 6.374564e+01
1.000000e+02, 6.316745e+01
1.000000e+02, 6.259309e+01
1.000000e+02, 6.202253e+01
1.000000e+02, 6.145572e+01
1.000000e+02, 6.089261e+01
1.000000e+02, 6.033317e+01
1.000000e+02, 5.977733e+01
1.000000e+02, 5.922508e+01
1.000000e+02, 5.867635e+01
1.000000e+02, 5.813112e+01
1.000000e+02, 5.758934e+01
1.000000e+02, 5.705098e+01
1.000000e+02, 5.651599e+01
1.000000e+02, 5.598435e+01
1.000000e+02, 5.545601e+01
1.000000e+02, 5.493093e+01
1.000000e+02, 5.440909e+01
1.000000e+02, 5.389045e+01
1.000000e+02, 5.337498e+01
1.000000e+02, 5.286264e+01
1.000000e+02, 5.235340e+01
1.000000e+02, 5.184722e+01
1.000000e+02, 5.134409e+01
1.000000e+02, 5.084397e+01
1.000000e+02, 5.034682e+01
1.000000e+02, 4.985263e+01
1.000000e+02, 4.936136e+01
1.000000e+02, 4.887298e+01
1.000000e+02, 4.838746e+01
1.000000e+02, 4.790479e+01
1.000000e+02, 4.742492e+01
1.000000e+02, 4.694785e+01
1.000000e+02, 4.647353e+01
1.000000e+02, 4.600195e+01
1.000000e+02, 4.553308e+01
1.000000e+02, 4.506689e+01
1.000000e+02, 4.460337e+01
1.000000e+02, 4.414249e+01
1.000000e+02, 4.368422e+01
1.000000e+02, 4.322855e+01
1.000000e+02, 4.277545e+01
1.000000e+02, 4.232490e+01
1.000000e+02, 4.187688e+01
1.000000e+02, 4.143136e+01
1.000000e+02, 4.098833e+01
1.000000e+02, 4.054777e+01
1.000000e+02, 4.010965e+01
1.000000e+02, 3.967396e+01
1.000000e+02, 3.924067e+01
1.000000e+02, 3.880978e+01
1.000000e+02, 3.838125e+01
1.000000e+02, 3.795507e+01
1.000000e+02, 3.753122e+01
1.000000e+02, 3.710969e+01
1.000000e+02, 3.669046e+01
1.000000e+02, 3.627350e+01
1.000000e+02, 3.585880e+01
1.000000e+02, 3.544635e+01
1.000000e+02, 3.503613e+01
1.000000e+02, 3.462812e+01
1.000000e+02, 3.422231e+01
1.000000e+02, 3.381868e+01
1.000000e+02, 3.341721e+01
1.000000e+02, 3.301789e+01
1.000000e+02, 3.262071e+01
1.000000e+02, 3.222564e+01
1.000000e+02, 3.183268e+01
1.000000e+02, 3.144181e+01
1.000000e+02, 3.105301e+01
1.000000e+02, 3.066627e+01
1.000000e+02, 3.028159e+01
1.000000e+02, 2.989893e+01
1.000000e+02, 2.951830e+01
1.000000e+02, 2.913967e+01
1.000000e+02, 2.876304e+01
1.000000e+02, 2.838839e+01
1.000000e+02, 2.801571e+01
1.000000e+02, 2.764498e+01
1.000000e+02, 2.727619e+01
1.000000e+02, 2.690934e+01
1.000000e+02, 2.654441e+01
1.000000e+02, 2.618138e+01
1.000000e+02, 2.582025e+01
1.000000e+02, 2.546100e+01
1.000000e+02, 2.510362e+01
1.000000e+02, 2.474810e+01
1.000000e+02, 2.439444e+01
1.000000e+02, 2.404261e+01
1.000000e+02, 2.369261e+01
1.000000e+02, 2.334443e+01
1.000000e+02, 2.299805e+01
1.000000e+02, 2.265347e+01
1.000000e+02, 2.231067e+01
1.000000e+02, 2.196966e+01
1.000000e+02, 2.163040e+01
1.000000e+02, 2.129290e+01
1.000000e+02, 2.095715e+01
1.000000e+02, 2.062314e+01
1.000000e+02, 2.029085e+01
1.000000e+02, 1.996027e+01
1.000000e+02, 1.963141e+01
1.000000e+02, 1.930424e+01
1.000000e+02, 1.897877e+01
1.000000e+02, 1.865497e+01
1.000000e+02, 1.833285e+01
1.000000e+02, 1.801239e+01
1.000000e+02, 1.769358e+01
1.000000e+02, 1.737642e+01
1.000000e+02, 1.706090e+01
1.000000e+02, 1.674700e+01
1.000000e+02, 1.643473e+01
1.000000e+02, 1.612407e+01
1.000000e+02, 1.581501e+01
1.000000e+02, 1.550755e+01
1.000000e+02, 1.520168e+01
1.000000e+02, 1.489739e+01
1.000000e+02, 1.459467e+01
1.000000e+02, 1.429352e+01
1.000000e+02, 1.399392e+01
1.000000e+02, 1.369588e+01
1.000000e+02, 1.339938e+01
1.000000e+02, 1.310442e+01
1.000000e+02, 1.281098e+01
1.000000e+02, 1.251907e+01
1.000000e+02, 1.222867e+01
1.000000e+02, 1.193978e+01
1.000000e+02, 1.165239e+01
1.000000e+02, 1.136650e+01
1.000000e+02, 1.108209e+01
1.000000e+02, 1.079917e+01
1.000000e+02, 1.051771e+01
1.000000e+02, 1.023773e+01
1.000000e+02, 9.959209e+00
1.000000e+02, 9.682142e+00
1.000000e+02, 9.406524e+00
1.000000e+02, 9.132349e+00
1.000000e+02, 8.859610e+00
1.000000e+02, 8.588302e+00
1.000000e+02, 8.318418e+00
1.000000e+02, 8.049954e+00
1.000000e+02, 7.782901e+00
1.000000e+02, 7.517256e+00
1.000000e+02, 7.253012e+00
1.000000e+02, 6.990163e+00
1.000000e+02, 6.728705e+00
1.000000e+02, 6.468630e+00
1.000000e+02, 6.209935e+00
1.000000e+02, 5.952612e+00
1.000000e+02, 5.696658e+00
1.000000e+02, 5.442067e+00
1.000000e+02, 5.188832e+00
1.000000e+02, 4.936950e+00
1.000000e+02, 4.686415e+00
1.000000e+02, 4.437222e+00
1.000000e+02, 4.189366e+00
1.000000e+02, 3.942841e+00
1.000000e+02, 3.697643e+00
1.000000e+02, 3.453767e+00
1.000000e+02, 3.211209e+00
1.000000e+02, 2.969962e+00
1.000000e+02, 2.730023e+00
1.000000e+02, 2.491387e+00
1.000000e+02, 2.254049e+00
1.000000e+02, 2.018005e+00
1.000000e+02, 1.783249e+00
1.000000e+02, 1.549778e+00
1.000000e+02, 1.317587e+00
1.000000e+02, 1.086672e+00
1.000000e+02, 8.570273e-01
1.000000e+02, 6.286498e-01
1.000000e+02, 4.015349e-01
1.000000e+02, 1.756782e-01
1.000000e+02, 3.599511e+02
1.000000e+02, 3.597277e+02
1.000000e+02, 3.595056e+02
1.000000e+02, 3.592848e+02
1.000000e+02, 3.590651e+02
1.000000e+02, 3.588467e+02
1.000000e+02, 3.586296e+02
1.000000e+02, 3.584136e+02
1.000000e+02, 3.581989e+02
1.000000e+02, 3.579854e+02
1.000000e+02, 3.577731e+02
1.000000e+02, 3.575621e+02
1.000000e+02, 3.573522e+02
1.000000e+02, 3.571435e+02
1.000000e+02, 3.569361e+02
1.000000e+02, 3.567298e+02
1.000000e+02, 3.565247e+02
1.000000e+02, 3.563208e+02
1.000000e+02, 3.561181e+02
1.000000e+02, 3.559166e+02
1.000000e+02, 3.557163e+02
1.000000e+02, 3.555171e+02
1.000000e+02, 3.553191e+02
1.000000e+02, 3.551223e+02
1.000000e+02, 3.549266e+02
1.000000e+02, 3.547321e+02
1.000000e+02, 3.545387e+02
1.000000e+02, 3.543465e+02
1.000000e+02, 3.541555e+02
1.000000e+02, 3.539656e+02
1.000000e+02, 3.537769e+02
1.000000e+02, 3.535893e+02
1.000000e+02, 3.534028e+02
1.000000e+02, 3.532175e+02
1.000000e+02, 3.530333e+02
1.000000e+02, 3.528502e+02
1.000000e+02, 3.526683e+02
1.000000e+02, 3.524875e+02
1.000000e+02, 3.523078e+02
1.000000e+02, 3.521292e+02
1.000000e+02, 3.519517e+02
1.000000e+02, 3.517754e+02
1.000000e+02, 3.516001e+02
1.000000e+02, 3.514260e+02
1.000000e+02, 3.512530e+02
1.000000e+02, 3.510811e+02
1.000000e+02, 3.509102e+02
1.000000e+02, 3.507405e+02
1.000000e+02, 3.505719e+02
1.000000e+02, 3.504043e+02
1.000000e+02, 3.502379e+02
1.000000e+02, 3.500725e+02
1.000000e+02, 3.499082e+02
1.000000e+02, 3.497450e+02
1.000000e+02, 3.495829e+02
1.000000e+02, 3.494218e+02
1.000000e+02, 3.492619e+02
1.000000e+02, 3.491030e+02
1.000000e+02, 3.489451e+02
1.000000e+02, 3.487884e+02
1.000000e+02, 3.486327e+02
1.000000e+02, 3.484780e+02
1.000000e+02, 3.483244e+02
1.000000e+02, 3.481719e+02
1.000000e+02, 3.480204e+02
1.000000e+02, 3.478700e+02
1.000000e+02, 3.477206e+02
1.000000e+02, 3.475723e+02
1.000000e+02, 3.474250e+02
1.000000e+02, 3.472788e+02
1.000000e+02, 3.471336e+02
1.000000e+02, 3.469895e+02
1.000000e+02, 3.468464e+02
1.000000e+02, 3.467043e+02
1.000000e+02, 3.465632e+02
1.000000e+02, 3.464232e+02
1.000000e+02, 3.462842e+02
1.000000e+02, 3.461463e+02
1.000000e+02, 3.460094e+02
1.000000e+02, 3.458735e+02
1.000000e+02, 3.457386e+02
1.000000e+02, 3.456047e+02
1.000000e+02, 3.454719e+02
1.000000e+02, 3.453400e+02
1.000000e+02, 3.452092e+02
1.000000e+02, 3.450794e+02
1.000000e+02, 3.449506e+02
1.000000e+02, 3.448228e+02
1.000000e+02, 3.446961e+02
1.000000e+02, 3.445703e+02
1.000000e+02, 3.444455e+02
1.000000e+02, 3.443217e+02
1.000000e+02, 3.441990e+02
1.000000e+02, 3.440772e+02
1.000000e+02, 3.439564e+02
1.000000e+02, 3.438367e+02
1.000000e+02, 3.437179e+02
1.000000e+02, 3.436001e+02
1.000000e+02, 3.434833e+02
1.000000e+02, 3.433675e+02
1.000000e+02, 3.432526e+02
1.000000e+02, 3.431388e+02
1.000000e+02, 3.430259e+02
1.000000e+02, 3.429141e+02
1.000000e+02, 3.428032e+02
1.000000e+02, 3.426932e+02
1.000000e+02, 3.425843e+02
1.000000e+02, 3.424763e+02
1.000000e+02, 3.423694e+02
1.000000e+02, 3.422634e+02
1.000000e+02, 3.421583e+02
1.000000e+02, 3.420542e+02
1.000000e+02, 3.419511e+02
1.000000e+02, 3.418490e+02
1.000000e+02, 3.417478e+02
1.000000e+02, 3.416476e+02
1.000000e+02, 3.415484e+02
1.000000e+02, 3.414501e+02
1.000000e+02, 3.413528e+02
1.000000e+02, 3.412565e+02
1.000000e+02, 3.411611e+02
1.000000e+02, 3.410667e+02
1.000000e+02, 3.409732e+02
1.000000e+02, 3.408807e+02
1.000000e+02, 3.407891e+02
1.000000e+02, 3.406985e+02
1.000000e+02, 3.406088e+02
1.000000e+02, 3.405201e+02
1.000000e+02, 3.404323e+02
1.000000e+02, 3.403455e+02
1.000000e+02, 3.402596e+02
1.000000e+02, 3.401747e+02
1.000000e+02, 3.400907e+02
1.000000e+02, 3.400077e+02
1.000000e+02, 3.399256e+02
1.000000e+02, 3.398445e+02
1.000000e+02, 3.397643e+02
1.000000e+02, 3.396850e+02
1.000000e+02, 3.396067e+02
1.000000e+02, 3.395293e+02
1.000000e+02, 3.394528e+02
1.000000e+02, 3.393773e+02
1.000000e+02, 3.393027e+02
1.000000e+02, 3.392291e+02
1.000000e+02, 3.391564e+02
1.000000e+02, 3.390846e+02
1.000000e+02, 3.390137e+02
1.000000e+02, 3.389438e+02
1.000000e+02, 3.388748e+02
1.000000e+02, 3.388068e+02
1.000000e+02, 3.387396e+02
1.000000e+02, 3.386734e+02
1.000000e+02, 3.386081e+02
1.000000e+02, 3.385438e+02
1.000000e+02, 3.384803e+02
1.000000e+02, 3.384178e+02
1.000000e+02, 3.383562e+02
1.000000e+02, 3.382956e+02
1.000000e+02, 3.382358e+02
1.000000e+02, 3.381770e+02
1.000000e+02, 3.381191e+02
1.000000e+02, 3.380621e+02
1.000000e+02, 3.380061e+02
1.000000e+02, 3.379509e+02
1.000000e+02, 3.378967e+02
1.000000e+02, 3.378434e+02
1.000000e+02, 3.377910e+02
1.000000e+02, 3.377395e+02
1.000000e+02, 3.376889e+02
1.000000e+02, 3.376393e+02
1.000000e+02, 3.375905e+02
1.000000e+02, 3.375427e+02
1.000000e+02, 3.374958e+02
1.000000e+02, 3.374498e+02
1.000000e+02, 3.374047e+02
1.000000e+02, 3.373605e+02
1.000000e+02, 3.373173e+02
1.000000e+02, 3.372749e+02
1.000000e+02, 3.372335e+02
1.000000e+02, 3.371929e+02
1.000000e+02, 3.371533e+02
1.000000e+02, 3.371145e+02
1.000000e+02, 3.370767e+02
1.000000e+02, 3.370398e+02
1.000000e+02, 3.370038e+02
1.000000e+02, 3.369687e+02
1.000000e+02, 3.369345e+02
1.000000e+02, 3.369012e+02
1.000000e+02, 3.368688e+02
1.000000e+02, 3.368373e+02
1.000000e+02, 3.368068e+02
1.000000e+02, 3.367771e+02
1.000000e+02, 3.367483e+02
1.000000e+02, 3.367204e+02
1.000000e+02, 3.366935e+02
1.000000e+02, 3.366674e+02
1.000000e+02, 3.366422e+02
1.000000e+02, 3.366180e+02
1.000000e+02, 3.365946e+02
1.000000e+02, 3.365722e+02
1.000000e+02, 3.365506e+02
1.000000e+02, 3.365299e+02
1.000000e+02, 3.365102e+02
1.000000e+02, 3.364913e+02
1.000000e+02, 3.364734e+02
1.000000e+02, 3.364563e+02
1.000000e+02, 3.364401e+02
1.000000e+02, 3.364249e+02
1.000000e+02, 3.364105e+02
1.000000e+02, 3.363970e+02
1.000000e+02, 3.363845e+02
1.000000e+02, 3.363728e+02
1.000000e+02, 3.363620e+02
1.000000e+02, 3.363522e+02
1.000000e+02, 3.363432e+02
1.000000e+02, 3.363351e+02
1.000000e+02, 3.363279e+02
1.000000e+02, 3.363216e+02
1.000000e+02, 3.363163e+02
1.000000e+02, 3.363118e+02
1.000000e+02, 3.363082e+02
1.000000e+02, 3.363055e+02
1.000000e+02, 3.363037e+02
1.000000e+02, 3.363028e+02
1.000000e+02, 3.363028e+02
1.000000e+02, 3.363037e+02
1.000000e+02, 3.363055e+02
1.000000e+02, 3.363082e+02
1.000000e+02, 3.363118e+02
1.000000e+02, 3.363163e+02
1.000000e+02, 3.363216e+02
1.000000e+02, 3.363279e+02
1.000000e+02, 3.363351e+02
1.000000e+02, 3.363432e+02
1.000000e+02, 3.363522e+02
1.000000e+02, 3.363620e+02
1.000000e+02, 3.363728e+02
1.000000e+02, 3.363845e+02
1.000000e+02, 3.363970e+02
1.000000e+02, 3.364105e+02
1.000000e+02, 3.364249e+02
1.000000e+02, 3.364401e+02
1.000000e+02, 3.364563e+02
1.000000e+02, 3.364734e+02
1.000000e+02, 3.364913e+02
1.000000e+02, 3.365102e+02
1.000000e+02, 3.365299e+02
1.000000e+02, 3.365506e+02
1.000000e+02, 3.365722e+02
1.000000e+02, 3.365946e+02
1.000000e+02, 3.366180e+02
1.000000e+02, 3.366422e+02
1.000000e+02, 3.366674e+02
1.000000e+02, 3.366935e+02
1.000000e+02, 3.367204e+02
1.000000e+02, 3.367483e+02
1.000000e+02, 3.367771e+02
1.000000e+02, 3.368068e+02
1.000000e+02, 3.368373e+02
1.000000e+02, 3.368688e+02
1.000000e+02, 3.369012e+02
1.000000e+02, 3.369345e+02
1.000000e+02, 3.369687e+02
1.000000e+02, 3.370038e+02
1.000000e+02, 3.370398e+02
1.000000e+02, 3.370767e+02
1.000000e+02, 3.371145e+02
1.000000e+02, 3.371533e+02
1.000000e+02, 3.371929e+02
1.000000e+02, 3.372335e+02
1.000000e+02, 3.372749e+02
1.000000e+02, 3.373173e+02
1.000000e+02, 3.373605e+02
1.000000e+02, 3.374047e+02
1.000000e+02, 3.374498e+02
1.000000e+02, 3.374958e+02
1.000000e+02, 3.375427e+02
1.000000e+02, 3.375905e+02
1.000000e+02, 3.376393e+02
1.000000e+02, 3.376889e+02
1.000000e+02, 3.377395e+02
1.000000e+02, 3.377910e+02
1.000000e+02, 3.378434e+02
1.000000e+02, 3.378967e+02
1.000000e+02, 3.379509e+02
1.000000e+02, 3.380061e+02
1.000000e+02, 3.380621e+02
1.000000e+02, 3.381191e+02
1.000000e+02, 3.381770e+02
1.000000e+02, 3.382358e+02
1.000000e+02, 3.382956e+02
1.000000e+02, 3.383562e+02
1.000000e+02, 3.384178e+02
1.000000e+02, 3.384803e+02
1.000000e+02, 3.385438e+02
1.000000e+02, 3.386081e+02
1.000000e+02, 3.386734e+02
1.000000e+02, 3.387396e+02
1.000000e+02, 3.388068e+02
1.000000e+02, 3.388748e+02
1.000000e+02, 3.389438e+02
1.000000e+02, 3.390137e+02
1.000000e+02, 3.390846e+02
1.000000e+02, 3.391564e+02
1.000000e+02, 3.392291e+02
1.000000e+02, 3.393027e+02
1.000000e+02, 3.393773e+02
1.000000e+02, 3.394528e+02
1.000000e+02, 3.395293e+02
1.000000e+02, 3.396067e+02
1.000000e+02, 3.396850e+02
1.000000e+02, 3.397643e+02
1.000000e+02, 3.398445e+02
1.000000e+02, 3.399256e+02
1.000000e+02, 3.400077e+02
1.000000e+02, 3.400907e+02
1.000000e+02, 3.401747e+02
1.000000e+02, 3.402596e+02
1.000000e+02, 3.403455e+02
1.000000e+02, 3.404323e+02
1.000000e+02, 3.405201e+02
1.000000e+02, 3.406088e+02
1.000000e+02, 3.406985e+02
1.000000e+02, 3.407891e+02
1.000000e+02, 3.408807e+02
1.000000e+02, 3.409732e+02
1.000000e+02, 3.410667e+02
1.000000e+02, 3.411611e+02
1.000000e+02, 3.412565e+02
1.000000e+02, 3.413528e+02
1.000000e+02, 3.414501e+02
1.000000e+02, 3.415484e+02
1.000000e+02, 3.416476e+02
1.000000e+02, 3.417478e+02
1.000000e+02, 3.418490e+02
1.000000e+02, 3.419511e+02
1.000000e+02, 3.420542e+02
1.000000e+02, 3.421583e+02
1.000000e+02, 3.422634e+02
1.000000e+02, 3.423694e+02
1.000000e+02, 3.424764e+02
1.000000e+02, 3.425843e+02
1.000000e+02, 3.426932e+02
1.000000e+02, 3.428032e+02
1.000000e+02, 3.429141e+02
1.000000e+02, 3.430259e+02
1.000000e+02, 3.431388e+02
1.000000e+02, 3.432526e+02
1.000000e+02, 3.433675e+02
1.000000e+02, 3.434833e+02
1.000000e+02, 3.436001e+02
1.000000e+02, 3.437179e+02
1.000000e+02, 3.438367e+02
1.000000e+02, 3.439564e+02
1.000000e+02, 3.440772e+02
1.000000e+02, 3.441990e+02
1.000000e+02, 3.443217e+02
1.000000e+02, 3.444455e+02
1.000000e+02, 3.445703e+02
1.000000e+02, 3.446961e+02
1.000000e+02, 3.448228e+02
1.000000e+02, 3.449506e+02
1.000000e+02, 3.450794e+02
1.000000e+02, 3.452092e+02
1.000000e+02, 3.453400e+02
1.000000e+02, 3.454719e+02
1.000000e+02, 3.456047e+02
1.000000e+02, 3.457386e+02
1.000000e+02, 3.458735e+02
1.000000e+02, 3.460094e+02
1.000000e+02, 3.461463e+02
1.000000e+02, 3.462842e+02
1.000000e+02, 3.464232e+02
1.000000e+02, 3.465632e+02
1.000000e+02, 3.467043e+02
1.000000e+02, 3.468464e+02
1.000000e+02, 3.469895e+02
1.000000e+02, 3.471336e+02
1.000000e+02, 3.472788e+02
1.000000e+02, 3.474250e+02
1.000000e+02, 3.475723e+02
1.000000e+02, 3.477206e+02
1.000000e+02, 3.478700e+02
1.000000e+02, 3.480204e+02
1.000000e+02, 3.481719e+02
1.000000e+02, 3.483244e+02
1.000000e+02, 3.484780e+02
1.000000e+02, 3.486327e+02
1.000000e+02, 3.487884e+02
1.000000e+02, 3.489451e+02
1.000000e+02, 3.491030e+02
1.000000e+02, 3.492619e+02
1.000000e+02, 3.494218e+02
1.000000e+02, 3.495829e+02
1.000000e+02, 3.497450e+02
1.000000e+02, 3.499082e+02
1.000000e+02, 3.500725e+02
1.000000e+02, 3.502379e+02
1.000000e+02, 3.504043e+02
1.000000e+02, 3.505719e+02
1.000000e+02, 3.507405e+02
1.000000e+02, 3.509102e+02
1.000000e+02, 3.510811e+02
1.000000e+02, 3.512530e+02
1.000000e+02, 3.514260e+02
1.000000e+02, 3.516001e+02
1.000000e+02, 3.517754e+02
1.000000e+02, 3.519517e+02
1.000000e+02, 3.521292e+02
1.000000e+02, 3.523078e+02
1.000000e+02, 3.524875e+02
1.000000e+02, 3.526683e+02
1.000000e+02, 3.528502e+02
1.000000e+02, 3.530333e+02
1.000000e+02, 3.532175e+02
1.000000e+02, 3.534028e+02
1.000000e+02, 3.535893e+02
1.000000e+02, 3.537769e+02
1.000000e+02, 3.539656e+02
1.000000e+02, 3.541555e+02
1.000000e+02, 3.543465e+02
1.000000e+02, 3.545387e+02
1.000000e+02, 3.547321e+02
1.000000e+02, 3.549266e+02
1.000000e+02, 3.551223e+02
1.000000e+02, 3.553191e+02
1.000000e+02, 3.555171e+02
1.000000e+02, 3.557163e+02
1.000000e+02, 3.559166e+02
1.000000e+02, 3.561181e+02
1.000000e+02, 3.563208e+02
1.000000e+02, 3.565247e+02
1.000000e+02, 3.567298e+02
1.000000e+02, 3.569361e+02
1.000000e+02, 3.571435e+02
1.000000e+02, 3.573522e+02
1.000000e+02, 3.575621e+02
1.000000e+02, 3.577731e+02
1.000000e+02, 3.579854e+02
1.000000e+02, 3.581989e+02
1.000000e+02, 3.584136e+02
1.000000e+02, 3.586296e+02
1.000000e+02, 3.588467e+02
1.000000e+02, 3.590651e+02
1.000000e+02, 3.592848e+02
1.000000e+02, 3.595056e+02
1.000000e+02, 3.597277e+02
1.000000e+02, 3.599511e+02
1.000000e+02, 1.756793e-01
1.000000e+02, 4.015359e-01
1.000000e+02, 6.286509e-01
1.000000e+02, 8.570283e-01
1.000000e+02, 1.086673e+00
1.000000e+02, 1.317588e+00
1.000000e+02, 1.549779e+00
1.000000e+02, 1.783250e+00
1.000000e+02, 2.018006e+00
1.000000e+02, 2.254050e+00
1.000000e+02, 2.491388e+00
1.000000e+02, 2.730024e+00
1.000000e+02, 2.969963e+00
1.000000e+02, 3.211210e+00
1.000000e+02, 3.453768e+00
1.000000e+02, 3.697644e+00
1.000000e+02, 3.942842e+00
1.000000e+02, 4.189367e+00
1.000000e+02, 4.437223e+00
1.000000e+02, 4.686416e+00
1.000000e+02, 4.936951e+00
1.000000e+02, 5.188834e+00
1.000000e+02, 5.442068e+00
1.000000e+02, 5.696659e+00
1.000000e+02, 5.952614e+00
1.000000e+02, 6.209936e+00
1.000000e+02, 6.468631e+00
1.000000e+02, 6.728706e+00
1.000000e+02, 6.990164e+00
1.000000e+02, 7.253013e+00
1.000000e+02, 7.517257e+00
1.000000e+02, 7.782902e+00
1.000000e+02, 8.049955e+00
1.000000e+02, 8.318420e+00
1.000000e+02, 8.588303e+00
1.000000e+02, 8.859611e+00
1.000000e+02, 9.132350e+00
1.000000e+02, 9.406525e+00
1.000000e+02, 9.682143e+00
1.000000e+02, 9.959210e+00
1.000000e+02, 1.023773e+01
1.000000e+02, 1.051772e+01
1.000000e+02, 1.079917e+01
1.000000e+02, 1.108209e+01
1.000000e+02, 1.136650e+01
1.000000e+02, 1.165240e+01
1.000000e+02, 1.193978e+01
1.000000e+02, 1.222867e+01
1.000000e+02, 1.251907e+01
1.000000e+02, 1.281099e+01
1.000000e+02, 1.310442e+01
1.000000e+02, 1.339938e+01
1.000000e+02, 1.369588e+01
1.000000e+02, 1.399393e+01
1.000000e+02, 1.429352e+01
1.000000e+02, 1.459467e+01
1.000000e+02, 1.489739e+01
1.000000e+02, 1.520168e+01
1.000000e+02, 1.550755e+01
1.000000e+02, 1.581501e+01
1.000000e+02, 1.612407e+01
1.000000e+02, 1.643473e+01
1.000000e+02, 1.674700e+01
1.000000e+02, 1.706090e+01
1.000000e+02, 1.737642e+01
1.000000e+02, 1.769358e+01
1.000000e+02, 1.801239e+01
1.000000e+02, 1.833285e+01
1.000000e+02, 1.865497e+01
1.000000e+02, 1.897877e+01
1.000000e+02, 1.930425e+01
1.000000e+02, 1.963141e+01
1.000000e+02, 1.996028e+01
1.000000e+02, 2.029085e+01
1.000000e+02, 2.062314e+01
1.000000e+02, 2.095715e+01
1.000000e+02, 2.129291e+01
1.000000e+02, 2.163040e+01
1.000000e+02, 2.196966e+01
1.000000e+02, 2.231068e+01
1.000000e+02, 2.265347e+01
1.000000e+02, 2.299805e+01
1.000000e+02, 2.334443e+01
1.000000e+02, 2.369261e+01
1.000000e+02, 2.404261e+01
1.000000e+02, 2.439444e+01
1.000000e+02, 2.474810e+01
1.000000e+02, 2.510362e+01
1.000000e+02, 2.546100e+01
1.000000e+02, 2.582025e+01
1.000000e+02, 2.618138e+01
1.000000e+02, 2.654441e+01
1.000000e+02, 2.690934e+01
1.000000e+02, 2.727620e+01
1.000000e+02, 2.764498e+01
1.000000e+02, 2.801571e+01
1.000000e+02, 2.838839e+01
1.000000e+02, 2.876304e+01
1.000000e+02, 2.913968e+01
1.000000e+02, 2.951830e+01
1.000000e+02, 2.989893e+01
1.000000e+02, 3.028159e+01
1.000000e+02, 3.066628e+01
1.000000e+02, 3.105301e+01
1.000000e+02, 3.144181e+01
1.000000e+02, 3.183268e+01
1.000000e+02, 3.222564e+01
1.000000e+02, 3.262071e+01
1.000000e+02, 3.301789e+01
1.000000e+02, 3.341721e+01
1.000000e+02, 3.381868e+01
1.000000e+02, 3.422231e+01
1.000000e+02, 3.462813e+01
1.000000e+02, 3.503614e+01
1.000000e+02, 3.544636e+01
1.000000e+02, 3.585881e+01
1.000000e+02, 3.627350e+01
1.000000e+02, 3.669046e+01
1.000000e+02, 3.710969e+01
1.000000e+02, 3.753123e+01
1.000000e+02, 3.795507e+01
1.000000e+02, 3.838125e+01
1.000000e+02, 3.880978e+01
1.000000e+02, 3.924068e+01
1.000000e+02, 3.967396e+01
1.000000e+02, 4.010965e+01
1.000000e+02, 4.054777e+01
1.000000e+02, 4.098833e+01
1.000000e+02, 4.143136e+01
1.000000e+02, 4.187688e+01
1.000000e+02, 4.232490e+01
1.000000e+02, 4.277545e+01
1.000000e+02, 4.322855e+01
1.000000e+02, 4.368422e+01
1.000000e+02, 4.414249e+01
1.000000e+02, 4.460337e+01
1.000000e+02, 4.506689e+01
1.000000e+02, 4.553308e+01
1.000000e+02, 4.600195e+01
1.000000e+02, 4.647353e+01
1.000000e+02, 4.694785e+01
1.000000e+02, 4.742493e+01
1.000000e+02, 4.790479e+01
1.000000e+02, 4.838746e+01
1.000000e+02, 4.887298e+01
1.000000e+02, 4.936136e+01
1.000000e+02, 4.985263e+01
1.000000e+02, 5.034683e+01
1.000000e+02, 5.084397e+01
1.000000e+02, 5.134409e+01
1.000000e+02, 5.184723e+01
1.000000e+02, 5.235340e+01
1.000000e+02, 5.286264e+01
1.000000e+02, 5.337498e+01
1.000000e+02, 5.389045e+01
1.000000e+02, 5.440909e+01
1.000000e+02, 5.493093e+01
1.000000e+02, 5.545601e+01
1.000000e+02, 5.598435e+01
1.000000e+02, 5.651600e+01
1.000000e+02, 5.705098e+01
1.000000e+02, 5.758935e+01
1.000000e+02, 5.813112e+01
1.000000e+02, 5.867635e+01
1.000000e+02, 5.922508e+01
1.000000e+02, 5.977734e+01
1.000000e+02, 6.033317e+01
1.000000e+02, 6.089262e+01
1.000000e+02, 6.145572e+01
1.000000e+02, 6.202254e+01
1.000000e+02, 6.259310e+01
1.000000e+02, 6.316745e+01
1.000000e+02, 6.374565e+01
1.000000e+02, 6.432773e+01
1.000000e+02, 6.491376e+01
1.000000e+02, 6.550378e+01
1.000000e+02, 6.609783e+01
1.000000e+02, 6.669599e+01
1.000000e+02, 6.729829e+01
1.000000e+02, 6.790480e+01
1.000000e+02, 6.851557e+01
1.000000e+02, 6.913066e+01
1.000000e+02, 6.975013e+01
1.000000e+02, 7.037405e+01
1.000000e+02, 7.100247e+01
1.000000e+02, 7.163546e+01
1.000000e+02, 7.227309e+01
1.000000e+02, 7.291542e+01
1.000000e+02, 7.356253e+01
1.000000e+02, 7.421449e+01
1.000000e+02, 7.487138e+01
1.000000e+02, 7.553326e+01
1.000000e+02, 7.620022e+01
1.000000e+02, 7.687234e+01
1.000000e+02, 7.754970e+01
1.000000e+02, 7.823239e+01
1.000000e+02, 7.892050e+01
1.000000e+02, 7.961412e+01
1.000000e+02, 8.031333e+01
1.000000e+02, 8.101825e+01
1.000000e+02, 8.172896e+01
1.000000e+02, 8.244558e+01
1.000000e+02, 8.316820e+01
1.000000e+02, 8.389694e+01
1.000000e+02, 8.463191e+01
1.000000e+02, 8.537323e+01
1.000000e+02, 8.612101e+01
1.000000e+02, 8.687540e+01
1.000000e+02, 8.763651e+01
1.000000e+02, 8.840448e+01
1.000000e+02, 8.917945e+01
1.000000e+02, 8.996156e+01
1.000000e+02, 9.075097e+01
1.000000e+02, 9.154783e+01
1.000000e+02, 9.235230e+01
1.000000e+02, 9.316455e+01
1.000000e+02, 9.398475e+01
1.000000e+02, 9.481310e+01
1.000000e+02, 9.564977e+01
1.000000e+02, 9.649496e+01
1.000000e+02, 9.734888e+01
1.000000e+02, 9.821175e+01
1.000000e+02, 9.908378e+01
1.000000e+02, 9.996522e+01
1.000000e+02, 1.008563e+02
1.000000e+02, 1.017573e+02
1.000000e+02, 1.026685e+02
1.000000e+02, 1.035901e+02
1.000000e+02, 1.045224e+02
1.000000e+02, 1.054658e+02
1.000000e+02, 1.064207e+02
1.000000e+02, 1.073872e+02
1.000000e+02, 1.083658e+02
1.000000e+02, 1.093569e+02
1.000000e+02, 1.103609e+02
1.000000e+02, 1.113781e+02
1.000000e+02, 1.124091e+02
1.000000e+02, 1.134544e+02
1.000000e+02, 1.145144e+02
1.000000e+02, 1.155896e+02
1.000000e+02, 1.166807e+02
1.000000e+02, 1.177883e+02
1.000000e+02, 1.189130e+02
1.000000e+02, 1.200555e+02
1.000000e+02, 1.212166e+02
1.000000e+02, 1.223970e+02
1.000000e+02, 1.235978e+02
1.000000e+02, 1.248197e+02
1.000000e+02, 1.260638e+02
1.000000e+02, 1.273312e+02
1.000000e+02, 1.286232e+02
1.000000e+02, 1.299409e+02
1.000000e+02, 1.312860e+02
1.000000e+02, 1.326599e+02
1.000000e+02, 1.340643e+02
1.000000e+02, 1.355013e+02
1.000000e+02, 1.369729e+02
1.000000e+02, 1.384816e+02
1.000000e+02, 1.400300e+02
1.000000e+02, 1.416212e+02
1.000000e+02, 1.432586e+02
1.000000e+02, 1.449462e+02
1.000000e+02, 1.466885e+02
1.000000e+02, 1.484909e+02
1.000000e+02, 1.503596e+02
1.000000e+02, 1.523020e+02
1.000000e+02, 1.543271e+02
1.000000e+02, 1.564458e+02
1.000000e+02, 1.586718e+02
1.000000e+02, 1.610225e+02
1.000000e+02, 1.635204e+02
1.000000e+02, 1.661964e+02
1.000000e+02, 1.690934e+02
1.000000e+02, 1.722760e+02
1.000000e+02, 1.758481e+02
1.000000e+02, 1.800000e+02
##END= 