##TITLE= /opt/topspin3.0/exp/stan/nmr/lists/wave/user/HypSec_trunc2.84_110
##JCAMP-DX= 5.00 Bruker JCAMP library
##DATA TYPE= Shape Data
##ORIGIN= Bruker BioSpin GmbH
##OWNER= <nmrsu>
##DATE= 15/02/24
##TIME= 16:15:04
##MINX= 1.164538e+01
##MAXX= 9.999960e+01
##MINY= 2.546774e-02
##MAXY= 3.585574e+02
##$SHAPE_EXMODE= Adiabatic
##$SHAPE_TOTROT= 1.800000e+02
##$SHAPE_BWFAC= 1.929340e+02
##$SHAPE_INTEGFAC= 2.356110e-02
##$SHAPE_MODE= 0
##NPOINTS= 1000
##XYPOINTS= (XY..XY)
1.000000e+02, 1.800000e+02
1.000000e+02, 1.737887e+02
1.000000e+02, 1.684449e+02
1.000000e+02, 1.636838e+02
1.000000e+02, 1.593498e+02
1.000000e+02, 1.553466e+02
1.000000e+02, 1.516096e+02
1.000000e+02, 1.480930e+02
1.000000e+02, 1.447629e+02
1.000000e+02, 1.415933e+02
1.000000e+02, 1.385638e+02
1.000000e+02, 1.356579e+02
1.000000e+02, 1.328624e+02
1.000000e+02, 1.301660e+02
1.000000e+02, 1.275595e+02
1.000000e+02, 1.250348e+02
1.000000e+02, 1.225853e+02
1.000000e+02, 1.202049e+02
1.000000e+02, 1.178885e+02
1.000000e+02, 1.156315e+02
1.000000e+02, 1.134300e+02
1.000000e+02, 1.112802e+02
1.000000e+02, 1.091792e+02
1.000000e+02, 1.071238e+02
1.000000e+02, 1.051116e+02
1.000000e+02, 1.031403e+02
1.000000e+02, 1.012075e+02
1.000000e+02, 9.931141e+01
1.000000e+02, 9.745021e+01
1.000000e+02, 9.562223e+01
1.000000e+02, 9.382596e+01
1.000000e+02, 9.205999e+01
1.000000e+02, 9.032301e+01
1.000000e+02, 8.861382e+01
1.000000e+02, 8.693128e+01
1.000000e+02, 8.527436e+01
1.000000e+02, 8.364206e+01
1.000000e+02, 8.203348e+01
1.000000e+02, 8.044775e+01
1.000000e+02, 7.888407e+01
1.000000e+02, 7.734167e+01
1.000000e+02, 7.581984e+01
1.000000e+02, 7.431791e+01
1.000000e+02, 7.283524e+01
1.000000e+02, 7.137122e+01
1.000000e+02, 6.992529e+01
1.000000e+02, 6.849690e+01
1.000000e+02, 6.708555e+01
1.000000e+02, 6.569074e+01
1.000000e+02, 6.431200e+01
1.000000e+02, 6.294891e+01
1.000000e+02, 6.160103e+01
1.000000e+02, 6.026797e+01
1.000000e+02, 5.894934e+01
1.000000e+02, 5.764477e+01
1.000000e+02, 5.635392e+01
1.000000e+02, 5.507646e+01
1.000000e+02, 5.381205e+01
1.000000e+02, 5.256039e+01
1.000000e+02, 5.132119e+01
1.000000e+02, 5.009416e+01
1.000000e+02, 4.887903e+01
1.000000e+02, 4.767554e+01
1.000000e+02, 4.648344e+01
1.000000e+02, 4.530249e+01
1.000000e+02, 4.413245e+01
1.000000e+02, 4.297309e+01
1.000000e+02, 4.182421e+01
1.000000e+02, 4.068559e+01
1.000000e+02, 3.955703e+01
1.000000e+02, 3.843834e+01
1.000000e+02, 3.732933e+01
1.000000e+02, 3.622981e+01
1.000000e+02, 3.513962e+01
1.000000e+02, 3.405858e+01
1.000000e+02, 3.298652e+01
1.000000e+02, 3.192330e+01
1.000000e+02, 3.086874e+01
1.000000e+02, 2.982272e+01
1.000000e+02, 2.878507e+01
1.000000e+02, 2.775566e+01
1.000000e+02, 2.673435e+01
1.000000e+02, 2.572102e+01
1.000000e+02, 2.471553e+01
1.000000e+02, 2.371775e+01
1.000000e+02, 2.272758e+01
1.000000e+02, 2.174488e+01
1.000000e+02, 2.076955e+01
1.000000e+02, 1.980147e+01
1.000000e+02, 1.884054e+01
1.000000e+02, 1.788664e+01
1.000000e+02, 1.693969e+01
1.000000e+02, 1.599957e+01
1.000000e+02, 1.506619e+01
1.000000e+02, 1.413946e+01
1.000000e+02, 1.321929e+01
1.000000e+02, 1.230558e+01
1.000000e+02, 1.139824e+01
1.000000e+02, 1.049720e+01
1.000000e+02, 9.602358e+00
1.000000e+02, 8.713646e+00
1.000000e+02, 7.830982e+00
1.000000e+02, 6.954286e+00
1.000000e+02, 6.083484e+00
1.000000e+02, 5.218502e+00
1.000000e+02, 4.359267e+00
1.000000e+02, 3.505709e+00
1.000000e+02, 2.657760e+00
1.000000e+02, 1.815350e+00
1.000000e+02, 9.784157e-01
1.000000e+02, 1.468915e-01
1.000000e+02, 3.593207e+02
1.000000e+02, 3.584998e+02
1.000000e+02, 3.576842e+02
1.000000e+02, 3.568737e+02
1.000000e+02, 3.560683e+02
1.000000e+02, 3.552679e+02
1.000000e+02, 3.544726e+02
1.000000e+02, 3.536822e+02
1.000000e+02, 3.528967e+02
1.000000e+02, 3.521160e+02
1.000000e+02, 3.513401e+02
1.000000e+02, 3.505690e+02
1.000000e+02, 3.498025e+02
1.000000e+02, 3.490407e+02
1.000000e+02, 3.482834e+02
1.000000e+02, 3.475308e+02
1.000000e+02, 3.467826e+02
1.000000e+02, 3.460389e+02
1.000000e+02, 3.452995e+02
1.000000e+02, 3.445646e+02
1.000000e+02, 3.438340e+02
1.000000e+02, 3.431076e+02
1.000000e+02, 3.423856e+02
1.000000e+02, 3.416677e+02
1.000000e+02, 3.409540e+02
1.000000e+02, 3.402444e+02
1.000000e+02, 3.395389e+02
1.000000e+02, 3.388375e+02
1.000000e+02, 3.381401e+02
1.000000e+02, 3.374466e+02
1.000000e+02, 3.367572e+02
1.000000e+02, 3.360716e+02
1.000000e+02, 3.353899e+02
1.000000e+02, 3.347121e+02
1.000000e+02, 3.340380e+02
1.000000e+02, 3.333678e+02
1.000000e+02, 3.327013e+02
1.000000e+02, 3.320385e+02
1.000000e+02, 3.313795e+02
1.000000e+02, 3.307240e+02
1.000000e+02, 3.300722e+02
1.000000e+02, 3.294240e+02
1.000000e+02, 3.287794e+02
1.000000e+02, 3.281383e+02
1.000000e+02, 3.275008e+02
1.000000e+02, 3.268667e+02
1.000000e+02, 3.262361e+02
1.000000e+02, 3.256089e+02
1.000000e+02, 3.249852e+02
1.000000e+02, 3.243648e+02
1.000000e+02, 3.237477e+02
1.000000e+02, 3.231341e+02
1.000000e+02, 3.225237e+02
1.000000e+02, 3.219166e+02
1.000000e+02, 3.213127e+02
1.000000e+02, 3.207121e+02
1.000000e+02, 3.201148e+02
1.000000e+02, 3.195206e+02
1.000000e+02, 3.189296e+02
1.000000e+02, 3.183417e+02
1.000000e+02, 3.177569e+02
1.000000e+02, 3.171753e+02
1.000000e+02, 3.165967e+02
1.000000e+02, 3.160213e+02
1.000000e+02, 3.154488e+02
1.000000e+02, 3.148794e+02
1.000000e+02, 3.143130e+02
1.000000e+02, 3.137495e+02
1.000000e+02, 3.131890e+02
1.000000e+02, 3.126315e+02
1.000000e+02, 3.120769e+02
1.000000e+02, 3.115252e+02
1.000000e+02, 3.109764e+02
1.000000e+02, 3.104304e+02
1.000000e+02, 3.098873e+02
1.000000e+02, 3.093471e+02
1.000000e+02, 3.088097e+02
1.000000e+02, 3.082750e+02
1.000000e+02, 3.077432e+02
1.000000e+02, 3.072141e+02
1.000000e+02, 3.066877e+02
1.000000e+02, 3.061641e+02
1.000000e+02, 3.056433e+02
1.000000e+02, 3.051251e+02
1.000000e+02, 3.046096e+02
1.000000e+02, 3.040968e+02
1.000000e+02, 3.035866e+02
1.000000e+02, 3.030791e+02
1.000000e+02, 3.025742e+02
1.000000e+02, 3.020719e+02
1.000000e+02, 3.015722e+02
1.000000e+02, 3.010751e+02
1.000000e+02, 3.005806e+02
1.000000e+02, 3.000886e+02
1.000000e+02, 2.995991e+02
1.000000e+02, 2.991122e+02
1.000000e+02, 2.986278e+02
1.000000e+02, 2.981459e+02
1.000000e+02, 2.976665e+02
1.000000e+02, 2.971896e+02
1.000000e+02, 2.967151e+02
1.000000e+02, 2.962431e+02
1.000000e+02, 2.957735e+02
1.000000e+02, 2.953064e+02
1.000000e+02, 2.948416e+02
1.000000e+02, 2.943793e+02
1.000000e+02, 2.939193e+02
1.000000e+02, 2.934617e+02
1.000000e+02, 2.930065e+02
1.000000e+02, 2.925536e+02
1.000000e+02, 2.921031e+02
1.000000e+02, 2.916549e+02
1.000000e+02, 2.912090e+02
1.000000e+02, 2.907655e+02
1.000000e+02, 2.903242e+02
1.000000e+02, 2.898852e+02
1.000000e+02, 2.894485e+02
1.000000e+02, 2.890141e+02
1.000000e+02, 2.885819e+02
1.000000e+02, 2.881520e+02
1.000000e+02, 2.877243e+02
1.000000e+02, 2.872988e+02
1.000000e+02, 2.868756e+02
1.000000e+02, 2.864545e+02
1.000000e+02, 2.860356e+02
1.000000e+02, 2.856190e+02
1.000000e+02, 2.852045e+02
1.000000e+02, 2.847922e+02
1.000000e+02, 2.843820e+02
1.000000e+02, 2.839740e+02
1.000000e+02, 2.835681e+02
1.000000e+02, 2.831644e+02
1.000000e+02, 2.827627e+02
1.000000e+02, 2.823632e+02
1.000000e+02, 2.819658e+02
1.000000e+02, 2.815705e+02
1.000000e+02, 2.811773e+02
1.000000e+02, 2.807861e+02
1.000000e+02, 2.803971e+02
1.000000e+02, 2.800101e+02
1.000000e+02, 2.796251e+02
1.000000e+02, 2.792422e+02
1.000000e+02, 2.788613e+02
1.000000e+02, 2.784825e+02
1.000000e+02, 2.781057e+02
1.000000e+02, 2.777309e+02
1.000000e+02, 2.773581e+02
1.000000e+02, 2.769873e+02
1.000000e+02, 2.766185e+02
1.000000e+02, 2.762517e+02
1.000000e+02, 2.758868e+02
1.000000e+02, 2.755240e+02
1.000000e+02, 2.751631e+02
1.000000e+02, 2.748041e+02
1.000000e+02, 2.744471e+02
1.000000e+02, 2.740921e+02
1.000000e+02, 2.737389e+02
1.000000e+02, 2.733877e+02
1.000000e+02, 2.730385e+02
1.000000e+02, 2.726911e+02
1.000000e+02, 2.723457e+02
1.000000e+02, 2.720021e+02
1.000000e+02, 2.716605e+02
1.000000e+02, 2.713207e+02
1.000000e+02, 2.709828e+02
1.000000e+02, 2.706468e+02
1.000000e+02, 2.703127e+02
1.000000e+02, 2.699804e+02
1.000000e+02, 2.696500e+02
1.000000e+02, 2.693214e+02
1.000000e+02, 2.689947e+02
1.000000e+02, 2.686698e+02
1.000000e+02, 2.683468e+02
1.000000e+02, 2.680256e+02
1.000000e+02, 2.677062e+02
1.000000e+02, 2.673886e+02
1.000000e+02, 2.670728e+02
1.000000e+02, 2.667589e+02
1.000000e+02, 2.664467e+02
1.000000e+02, 2.661363e+02
1.000000e+02, 2.658278e+02
1.000000e+02, 2.655210e+02
1.000000e+02, 2.652159e+02
1.000000e+02, 2.649127e+02
1.000000e+02, 2.646112e+02
1.000000e+02, 2.643115e+02
1.000000e+02, 2.640136e+02
1.000000e+02, 2.637173e+02
1.000000e+02, 2.634229e+02
1.000000e+02, 2.631302e+02
1.000000e+02, 2.628392e+02
1.000000e+02, 2.625499e+02
1.000000e+02, 2.622624e+02
1.000000e+02, 2.619766e+02
1.000000e+02, 2.616926e+02
1.000000e+02, 2.614102e+02
1.000000e+02, 2.611295e+02
1.000000e+02, 2.608506e+02
1.000000e+02, 2.605733e+02
1.000000e+02, 2.602978e+02
1.000000e+02, 2.600239e+02
1.000000e+02, 2.597517e+02
1.000000e+02, 2.594812e+02
1.000000e+02, 2.592124e+02
1.000000e+02, 2.589453e+02
1.000000e+02, 2.586798e+02
1.000000e+02, 2.584160e+02
1.000000e+02, 2.581538e+02
1.000000e+02, 2.578933e+02
1.000000e+02, 2.576345e+02
1.000000e+02, 2.573773e+02
1.000000e+02, 2.571217e+02
1.000000e+02, 2.568678e+02
1.000000e+02, 2.566155e+02
1.000000e+02, 2.563649e+02
1.000000e+02, 2.561159e+02
1.000000e+02, 2.558685e+02
1.000000e+02, 2.556227e+02
1.000000e+02, 2.553786e+02
1.000000e+02, 2.551360e+02
1.000000e+02, 2.548951e+02
1.000000e+02, 2.546558e+02
1.000000e+02, 2.544180e+02
1.000000e+02, 2.541819e+02
1.000000e+02, 2.539474e+02
1.000000e+02, 2.537145e+02
1.000000e+02, 2.534831e+02
1.000000e+02, 2.532533e+02
1.000000e+02, 2.530252e+02
1.000000e+02, 2.527986e+02
1.000000e+02, 2.525735e+02
1.000000e+02, 2.523501e+02
1.000000e+02, 2.521282e+02
1.000000e+02, 2.519079e+02
1.000000e+02, 2.516891e+02
1.000000e+02, 2.514719e+02
1.000000e+02, 2.512562e+02
1.000000e+02, 2.510422e+02
1.000000e+02, 2.508296e+02
1.000000e+02, 2.506186e+02
1.000000e+02, 2.504091e+02
1.000000e+02, 2.502012e+02
1.000000e+02, 2.499948e+02
1.000000e+02, 2.497900e+02
1.000000e+02, 2.495867e+02
1.000000e+02, 2.493849e+02
1.000000e+02, 2.491846e+02
1.000000e+02, 2.489859e+02
1.000000e+02, 2.487887e+02
1.000000e+02, 2.485930e+02
1.000000e+02, 2.483988e+02
1.000000e+02, 2.482061e+02
1.000000e+02, 2.480150e+02
1.000000e+02, 2.478253e+02
1.000000e+02, 2.476371e+02
1.000000e+02, 2.474505e+02
1.000000e+02, 2.472653e+02
1.000000e+02, 2.470817e+02
1.000000e+02, 2.468995e+02
1.000000e+02, 2.467188e+02
1.000000e+02, 2.465396e+02
1.000000e+02, 2.463619e+02
1.000000e+02, 2.461857e+02
1.000000e+02, 2.460110e+02
1.000000e+02, 2.458377e+02
1.000000e+02, 2.456659e+02
1.000000e+02, 2.454956e+02
1.000000e+02, 2.453268e+02
1.000000e+02, 2.451594e+02
1.000000e+02, 2.449935e+02
1.000000e+02, 2.448291e+02
1.000000e+02, 2.446661e+02
1.000000e+02, 2.445046e+02
1.000000e+02, 2.443446e+02
1.000000e+02, 2.441860e+02
1.000000e+02, 2.440288e+02
1.000000e+02, 2.438731e+02
1.000000e+02, 2.437189e+02
1.000000e+02, 2.435661e+02
1.000000e+02, 2.434148e+02
1.000000e+02, 2.432649e+02
1.000000e+02, 2.431164e+02
1.000000e+02, 2.429694e+02
1.000000e+02, 2.428238e+02
1.000000e+02, 2.426797e+02
1.000000e+02, 2.425370e+02
1.000000e+02, 2.423957e+02
1.000000e+02, 2.422559e+02
1.000000e+02, 2.421175e+02
1.000000e+02, 2.419805e+02
1.000000e+02, 2.418449e+02
1.000000e+02, 2.417108e+02
1.000000e+02, 2.415781e+02
1.000000e+02, 2.414468e+02
1.000000e+02, 2.413169e+02
1.000000e+02, 2.411884e+02
1.000000e+02, 2.410614e+02
1.000000e+02, 2.409358e+02
1.000000e+02, 2.408115e+02
1.000000e+02, 2.406887e+02
1.000000e+02, 2.405673e+02
1.000000e+02, 2.404473e+02
1.000000e+02, 2.403288e+02
1.000000e+02, 2.402116e+02
1.000000e+02, 2.400958e+02
1.000000e+02, 2.399814e+02
1.000000e+02, 2.398685e+02
1.000000e+02, 2.397569e+02
1.000000e+02, 2.396467e+02
1.000000e+02, 2.395379e+02
1.000000e+02, 2.394305e+02
1.000000e+02, 2.393245e+02
1.000000e+02, 2.392199e+02
1.000000e+02, 2.391167e+02
1.000000e+02, 2.390149e+02
1.000000e+02, 2.389145e+02
1.000000e+02, 2.388154e+02
1.000000e+02, 2.387178e+02
1.000000e+02, 2.386215e+02
1.000000e+02, 2.385266e+02
1.000000e+02, 2.384331e+02
1.000000e+02, 2.383409e+02
1.000000e+02, 2.382502e+02
1.000000e+02, 2.381608e+02
1.000000e+02, 2.380728e+02
1.000000e+02, 2.379862e+02
1.000000e+02, 2.379009e+02
1.000000e+02, 2.378171e+02
1.000000e+02, 2.377346e+02
1.000000e+02, 2.376535e+02
1.000000e+02, 2.375737e+02
1.000000e+02, 2.374953e+02
1.000000e+02, 2.374183e+02
1.000000e+02, 2.373427e+02
1.000000e+02, 2.372684e+02
1.000000e+02, 2.371955e+02
1.000000e+02, 2.371239e+02
1.000000e+02, 2.370537e+02
1.000000e+02, 2.369849e+02
1.000000e+02, 2.369175e+02
1.000000e+02, 2.368514e+02
1.000000e+02, 2.367866e+02
1.000000e+02, 2.367233e+02
1.000000e+02, 2.366612e+02
1.000000e+02, 2.366006e+02
1.000000e+02, 2.365413e+02
1.000000e+02, 2.364834e+02
1.000000e+02, 2.364268e+02
1.000000e+02, 2.363716e+02
1.000000e+02, 2.363177e+02
1.000000e+02, 2.362652e+02
1.000000e+02, 2.362140e+02
1.000000e+02, 2.361642e+02
1.000000e+02, 2.361158e+02
1.000000e+02, 2.360687e+02
1.000000e+02, 2.360229e+02
1.000000e+02, 2.359785e+02
1.000000e+02, 2.359355e+02
1.000000e+02, 2.358938e+02
1.000000e+02, 2.358534e+02
1.000000e+02, 2.358144e+02
1.000000e+02, 2.357768e+02
1.000000e+02, 2.357405e+02
1.000000e+02, 2.357056e+02
1.000000e+02, 2.356720e+02
1.000000e+02, 2.356397e+02
1.000000e+02, 2.356088e+02
1.000000e+02, 2.355792e+02
1.000000e+02, 2.355510e+02
1.000000e+02, 2.355241e+02
1.000000e+02, 2.354986e+02
1.000000e+02, 2.354744e+02
1.000000e+02, 2.354516e+02
1.000000e+02, 2.354301e+02
1.000000e+02, 2.354100e+02
1.000000e+02, 2.353912e+02
1.000000e+02, 2.353737e+02
1.000000e+02, 2.353576e+02
1.000000e+02, 2.353428e+02
1.000000e+02, 2.353294e+02
1.000000e+02, 2.353173e+02
1.000000e+02, 2.353066e+02
1.000000e+02, 2.352972e+02
1.000000e+02, 2.352891e+02
1.000000e+02, 2.352824e+02
1.000000e+02, 2.352770e+02
1.000000e+02, 2.352730e+02
1.000000e+02, 2.352703e+02
1.000000e+02, 2.352690e+02
1.000000e+02, 2.352690e+02
1.000000e+02, 2.352703e+02
1.000000e+02, 2.352730e+02
1.000000e+02, 2.352770e+02
1.000000e+02, 2.352824e+02
1.000000e+02, 2.352891e+02
1.000000e+02, 2.352972e+02
1.000000e+02, 2.353066e+02
1.000000e+02, 2.353173e+02
1.000000e+02, 2.353294e+02
1.000000e+02, 2.353428e+02
1.000000e+02, 2.353576e+02
1.000000e+02, 2.353737e+02
1.000000e+02, 2.353912e+02
1.000000e+02, 2.354100e+02
1.000000e+02, 2.354301e+02
1.000000e+02, 2.354516e+02
1.000000e+02, 2.354744e+02
1.000000e+02, 2.354986e+02
1.000000e+02, 2.355241e+02
1.000000e+02, 2.355510e+02
1.000000e+02, 2.355792e+02
1.000000e+02, 2.356088e+02
1.000000e+02, 2.356397e+02
1.000000e+02, 2.356720e+02
1.000000e+02, 2.357056e+02
1.000000e+02, 2.357405e+02
1.000000e+02, 2.357768e+02
1.000000e+02, 2.358144e+02
1.000000e+02, 2.358534e+02
1.000000e+02, 2.358938e+02
1.000000e+02, 2.359355e+02
1.000000e+02, 2.359785e+02
1.000000e+02, 2.360229e+02
1.000000e+02, 2.360687e+02
1.000000e+02, 2.361158e+02
1.000000e+02, 2.361642e+02
1.000000e+02, 2.362140e+02
1.000000e+02, 2.362652e+02
1.000000e+02, 2.363177e+02
1.000000e+02, 2.363716e+02
1.000000e+02, 2.364268e+02
1.000000e+02, 2.364834e+02
1.000000e+02, 2.365413e+02
1.000000e+02, 2.366006e+02
1.000000e+02, 2.366612e+02
1.000000e+02, 2.367233e+02
1.000000e+02, 2.367866e+02
1.000000e+02, 2.368514e+02
1.000000e+02, 2.369175e+02
1.000000e+02, 2.369849e+02
1.000000e+02, 2.370537e+02
1.000000e+02, 2.371239e+02
1.000000e+02, 2.371955e+02
1.000000e+02, 2.372684e+02
1.000000e+02, 2.373427e+02
1.000000e+02, 2.374183e+02
1.000000e+02, 2.374953e+02
1.000000e+02, 2.375737e+02
1.000000e+02, 2.376535e+02
1.000000e+02, 2.377346e+02
1.000000e+02, 2.378171e+02
1.000000e+02, 2.379009e+02
1.000000e+02, 2.379862e+02
1.000000e+02, 2.380728e+02
1.000000e+02, 2.381608e+02
1.000000e+02, 2.382502e+02
1.000000e+02, 2.383409e+02
1.000000e+02, 2.384331e+02
1.000000e+02, 2.385266e+02
1.000000e+02, 2.386215e+02
1.000000e+02, 2.387178e+02
1.000000e+02, 2.388154e+02
1.000000e+02, 2.389145e+02
1.000000e+02, 2.390149e+02
1.000000e+02, 2.391167e+02
1.000000e+02, 2.392199e+02
1.000000e+02, 2.393245e+02
1.000000e+02, 2.394305e+02
1.000000e+02, 2.395379e+02
1.000000e+02, 2.396467e+02
1.000000e+02, 2.397569e+02
1.000000e+02, 2.398685e+02
1.000000e+02, 2.399814e+02
1.000000e+02, 2.400958e+02
1.000000e+02, 2.402116e+02
1.000000e+02, 2.403288e+02
1.000000e+02, 2.404474e+02
1.000000e+02, 2.405673e+02
1.000000e+02, 2.406887e+02
1.000000e+02, 2.408115e+02
1.000000e+02, 2.409358e+02
1.000000e+02, 2.410614e+02
1.000000e+02, 2.411884e+02
1.000000e+02, 2.413169e+02
1.000000e+02, 2.414468e+02
1.000000e+02, 2.415781e+02
1.000000e+02, 2.417108e+02
1.000000e+02, 2.418449e+02
1.000000e+02, 2.419805e+02
1.000000e+02, 2.421175e+02
1.000000e+02, 2.422559e+02
1.000000e+02, 2.423957e+02
1.000000e+02, 2.425370e+02
1.000000e+02, 2.426797e+02
1.000000e+02, 2.428238e+02
1.000000e+02, 2.429694e+02
1.000000e+02, 2.431164e+02
1.000000e+02, 2.432649e+02
1.000000e+02, 2.434148e+02
1.000000e+02, 2.435661e+02
1.000000e+02, 2.437189e+02
1.000000e+02, 2.438731e+02
1.000000e+02, 2.440288e+02
1.000000e+02, 2.441860e+02
1.000000e+02, 2.443446e+02
1.000000e+02, 2.445046e+02
1.000000e+02, 2.446661e+02
1.000000e+02, 2.448291e+02
1.000000e+02, 2.449935e+02
1.000000e+02, 2.451594e+02
1.000000e+02, 2.453268e+02
1.000000e+02, 2.454956e+02
1.000000e+02, 2.456659e+02
1.000000e+02, 2.458377e+02
1.000000e+02, 2.460110e+02
1.000000e+02, 2.461857e+02
1.000000e+02, 2.463619e+02
1.000000e+02, 2.465396e+02
1.000000e+02, 2.467188e+02
1.000000e+02, 2.468995e+02
1.000000e+02, 2.470817e+02
1.000000e+02, 2.472653e+02
1.000000e+02, 2.474505e+02
1.000000e+02, 2.476371e+02
1.000000e+02, 2.478253e+02
1.000000e+02, 2.480150e+02
1.000000e+02, 2.482061e+02
1.000000e+02, 2.483988e+02
1.000000e+02, 2.485930e+02
1.000000e+02, 2.487887e+02
1.000000e+02, 2.489859e+02
1.000000e+02, 2.491846e+02
1.000000e+02, 2.493849e+02
1.000000e+02, 2.495867e+02
1.000000e+02, 2.497900e+02
1.000000e+02, 2.499948e+02
1.000000e+02, 2.502012e+02
1.000000e+02, 2.504091e+02
1.000000e+02, 2.506186e+02
1.000000e+02, 2.508296e+02
1.000000e+02, 2.510422e+02
1.000000e+02, 2.512562e+02
1.000000e+02, 2.514719e+02
1.000000e+02, 2.516891e+02
1.000000e+02, 2.519079e+02
1.000000e+02, 2.521282e+02
1.000000e+02, 2.523501e+02
1.000000e+02, 2.525735e+02
1.000000e+02, 2.527986e+02
1.000000e+02, 2.530252e+02
1.000000e+02, 2.532533e+02
1.000000e+02, 2.534831e+02
1.000000e+02, 2.537145e+02
1.000000e+02, 2.539474e+02
1.000000e+02, 2.541819e+02
1.000000e+02, 2.544180e+02
1.000000e+02, 2.546558e+02
1.000000e+02, 2.548951e+02
1.000000e+02, 2.551360e+02
1.000000e+02, 2.553786e+02
1.000000e+02, 2.556227e+02
1.000000e+02, 2.558685e+02
1.000000e+02, 2.561159e+02
1.000000e+02, 2.563649e+02
1.000000e+02, 2.566155e+02
1.000000e+02, 2.568678e+02
1.000000e+02, 2.571217e+02
1.000000e+02, 2.573773e+02
1.000000e+02, 2.576345e+02
1.000000e+02, 2.578933e+02
1.000000e+02, 2.581538e+02
1.000000e+02, 2.584160e+02
1.000000e+02, 2.586798e+02
1.000000e+02, 2.589453e+02
1.000000e+02, 2.592124e+02
1.000000e+02, 2.594812e+02
1.000000e+02, 2.597517e+02
1.000000e+02, 2.600239e+02
1.000000e+02, 2.602978e+02
1.000000e+02, 2.605733e+02
1.000000e+02, 2.608506e+02
1.000000e+02, 2.611295e+02
1.000000e+02, 2.614102e+02
1.000000e+02, 2.616926e+02
1.000000e+02, 2.619766e+02
1.000000e+02, 2.622624e+02
1.000000e+02, 2.625499e+02
1.000000e+02, 2.628392e+02
1.000000e+02, 2.631302e+02
1.000000e+02, 2.634229e+02
1.000000e+02, 2.637173e+02
1.000000e+02, 2.640136e+02
1.000000e+02, 2.643115e+02
1.000000e+02, 2.646112e+02
1.000000e+02, 2.649127e+02
1.000000e+02, 2.652159e+02
1.000000e+02, 2.655210e+02
1.000000e+02, 2.658278e+02
1.000000e+02, 2.661363e+02
1.000000e+02, 2.664467e+02
1.000000e+02, 2.667589e+02
1.000000e+02, 2.670728e+02
1.000000e+02, 2.673886e+02
1.000000e+02, 2.677062e+02
1.000000e+02, 2.680256e+02
1.000000e+02, 2.683468e+02
1.000000e+02, 2.686698e+02
1.000000e+02, 2.689947e+02
1.000000e+02, 2.693214e+02
1.000000e+02, 2.696500e+02
1.000000e+02, 2.699804e+02
1.000000e+02, 2.703127e+02
1.000000e+02, 2.706468e+02
1.000000e+02, 2.709828e+02
1.000000e+02, 2.713207e+02
1.000000e+02, 2.716605e+02
1.000000e+02, 2.720021e+02
1.000000e+02, 2.723457e+02
1.000000e+02, 2.726911e+02
1.000000e+02, 2.730385e+02
1.000000e+02, 2.733877e+02
1.000000e+02, 2.737389e+02
1.000000e+02, 2.740921e+02
1.000000e+02, 2.744471e+02
1.000000e+02, 2.748041e+02
1.000000e+02, 2.751631e+02
1.000000e+02, 2.755240e+02
1.000000e+02, 2.758868e+02
1.000000e+02, 2.762517e+02
1.000000e+02, 2.766185e+02
1.000000e+02, 2.769873e+02
1.000000e+02, 2.773581e+02
1.000000e+02, 2.777309e+02
1.000000e+02, 2.781057e+02
1.000000e+02, 2.784825e+02
1.000000e+02, 2.788613e+02
1.000000e+02, 2.792422e+02
1.000000e+02, 2.796251e+02
1.000000e+02, 2.800101e+02
1.000000e+02, 2.803971e+02
1.000000e+02, 2.807861e+02
1.000000e+02, 2.811773e+02
1.000000e+02, 2.815705e+02
1.000000e+02, 2.819658e+02
1.000000e+02, 2.823632e+02
1.000000e+02, 2.827627e+02
1.000000e+02, 2.831644e+02
1.000000e+02, 2.835681e+02
1.000000e+02, 2.839740e+02
1.000000e+02, 2.843820e+02
1.000000e+02, 2.847922e+02
1.000000e+02, 2.852045e+02
1.000000e+02, 2.856190e+02
1.000000e+02, 2.860356e+02
1.000000e+02, 2.864545e+02
1.000000e+02, 2.868756e+02
1.000000e+02, 2.872988e+02
1.000000e+02, 2.877243e+02
1.000000e+02, 2.881520e+02
1.000000e+02, 2.885819e+02
1.000000e+02, 2.890141e+02
1.000000e+02, 2.894485e+02
1.000000e+02, 2.898852e+02
1.000000e+02, 2.903242e+02
1.000000e+02, 2.907655e+02
1.000000e+02, 2.912090e+02
1.000000e+02, 2.916549e+02
1.000000e+02, 2.921031e+02
1.000000e+02, 2.925536e+02
1.000000e+02, 2.930065e+02
1.000000e+02, 2.934617e+02
1.000000e+02, 2.939193e+02
1.000000e+02, 2.943793e+02
1.000000e+02, 2.948416e+02
1.000000e+02, 2.953064e+02
1.000000e+02, 2.957735e+02
1.000000e+02, 2.962431e+02
1.000000e+02, 2.967151e+02
1.000000e+02, 2.971896e+02
1.000000e+02, 2.976665e+02
1.000000e+02, 2.981459e+02
1.000000e+02, 2.986278e+02
1.000000e+02, 2.991122e+02
1.000000e+02, 2.995992e+02
1.000000e+02, 3.000886e+02
1.000000e+02, 3.005806e+02
1.000000e+02, 3.010751e+02
1.000000e+02, 3.015722e+02
1.000000e+02, 3.020719e+02
1.000000e+02, 3.025742e+02
1.000000e+02, 3.030791e+02
1.000000e+02, 3.035866e+02
1.000000e+02, 3.040968e+02
1.000000e+02, 3.046096e+02
1.000000e+02, 3.051251e+02
1.000000e+02, 3.056433e+02
1.000000e+02, 3.061641e+02
1.000000e+02, 3.066877e+02
1.000000e+02, 3.072141e+02
1.000000e+02, 3.077432e+02
1.000000e+02, 3.082750e+02
1.000000e+02, 3.088097e+02
1.000000e+02, 3.093471e+02
1.000000e+02, 3.098873e+02
1.000000e+02, 3.104304e+02
1.000000e+02, 3.109764e+02
1.000000e+02, 3.115252e+02
1.000000e+02, 3.120769e+02
1.000000e+02, 3.126315e+02
1.000000e+02, 3.131890e+02
1.000000e+02, 3.137495e+02
1.000000e+02, 3.143130e+02
1.000000e+02, 3.148794e+02
1.000000e+02, 3.154488e+02
1.000000e+02, 3.160213e+02
1.000000e+02, 3.165967e+02
1.000000e+02, 3.171753e+02
1.000000e+02, 3.177569e+02
1.000000e+02, 3.183417e+02
1.000000e+02, 3.189296e+02
1.000000e+02, 3.195206e+02
1.000000e+02, 3.201148e+02
1.000000e+02, 3.207121e+02
1.000000e+02, 3.213127e+02
1.000000e+02, 3.219166e+02
1.000000e+02, 3.225237e+02
1.000000e+02, 3.231341e+02
1.000000e+02, 3.237477e+02
1.000000e+02, 3.243648e+02
1.000000e+02, 3.249852e+02
1.000000e+02, 3.256089e+02
1.000000e+02, 3.262361e+02
1.000000e+02, 3.268667e+02
1.000000e+02, 3.275008e+02
1.000000e+02, 3.281383e+02
1.000000e+02, 3.287794e+02
1.000000e+02, 3.294241e+02
1.000000e+02, 3.300722e+02
1.000000e+02, 3.307240e+02
1.000000e+02, 3.313795e+02
1.000000e+02, 3.320385e+02
1.000000e+02, 3.327013e+02
1.000000e+02, 3.333678e+02
1.000000e+02, 3.340381e+02
1.000000e+02, 3.347121e+02
1.000000e+02, 3.353899e+02
1.000000e+02, 3.360716e+02
1.000000e+02, 3.367572e+02
1.000000e+02, 3.374466e+02
1.000000e+02, 3.381401e+02
1.000000e+02, 3.388375e+02
1.000000e+02, 3.395389e+02
1.000000e+02, 3.402444e+02
1.000000e+02, 3.409540e+02
1.000000e+02, 3.416677e+02
1.000000e+02, 3.423856e+02
1.000000e+02, 3.431076e+02
1.000000e+02, 3.438340e+02
1.000000e+02, 3.445646e+02
1.000000e+02, 3.452995e+02
1.000000e+02, 3.460389e+02
1.000000e+02, 3.467826e+02
1.000000e+02, 3.475308e+02
1.000000e+02, 3.482835e+02
1.000000e+02, 3.490407e+02
1.000000e+02, 3.498025e+02
1.000000e+02, 3.505690e+02
1.000000e+02, 3.513401e+02
1.000000e+02, 3.521160e+02
1.000000e+02, 3.528967e+02
1.000000e+02, 3.536822e+02
1.000000e+02, 3.544726e+02
1.000000e+02, 3.552679e+02
1.000000e+02, 3.560683e+02
1.000000e+02, 3.568737e+02
1.000000e+02, 3.576842e+02
1.000000e+02, 3.584998e+02
1.000000e+02, 3.593207e+02
1.000000e+02, 1.468944e-01
1.000000e+02, 9.784186e-01
1.000000e+02, 1.815353e+00
1.000000e+02, 2.657762e+00
1.000000e+02, 3.505712e+00
1.000000e+02, 4.359270e+00
1.000000e+02, 5.218505e+00
1.000000e+02, 6.083487e+00
1.000000e+02, 6.954289e+00
1.000000e+02, 7.830985e+00
1.000000e+02, 8.713649e+00
1.000000e+02, 9.602361e+00
1.000000e+02, 1.049720e+01
1.000000e+02, 1.139824e+01
1.000000e+02, 1.230558e+01
1.000000e+02, 1.321929e+01
1.000000e+02, 1.413947e+01
1.000000e+02, 1.506620e+01
1.000000e+02, 1.599957e+01
1.000000e+02, 1.693969e+01
1.000000e+02, 1.788665e+01
1.000000e+02, 1.884054e+01
1.000000e+02, 1.980147e+01
1.000000e+02, 2.076955e+01
1.000000e+02, 2.174488e+01
1.000000e+02, 2.272758e+01
1.000000e+02, 2.371776e+01
1.000000e+02, 2.471553e+01
1.000000e+02, 2.572102e+01
1.000000e+02, 2.673436e+01
1.000000e+02, 2.775566e+01
1.000000e+02, 2.878507e+01
1.000000e+02, 2.982272e+01
1.000000e+02, 3.086875e+01
1.000000e+02, 3.192330e+01
1.000000e+02, 3.298653e+01
1.000000e+02, 3.405858e+01
1.000000e+02, 3.513962e+01
1.000000e+02, 3.622982e+01
1.000000e+02, 3.732933e+01
1.000000e+02, 3.843835e+01
1.000000e+02, 3.955704e+01
1.000000e+02, 4.068560e+01
1.000000e+02, 4.182421e+01
1.000000e+02, 4.297310e+01
1.000000e+02, 4.413245e+01
1.000000e+02, 4.530249e+01
1.000000e+02, 4.648345e+01
1.000000e+02, 4.767555e+01
1.000000e+02, 4.887903e+01
1.000000e+02, 5.009416e+01
1.000000e+02, 5.132119e+01
1.000000e+02, 5.256039e+01
1.000000e+02, 5.381205e+01
1.000000e+02, 5.507646e+01
1.000000e+02, 5.635393e+01
1.000000e+02, 5.764478e+01
1.000000e+02, 5.894934e+01
1.000000e+02, 6.026797e+01
1.000000e+02, 6.160103e+01
1.000000e+02, 6.294891e+01
1.000000e+02, 6.431201e+01
1.000000e+02, 6.569074e+01
1.000000e+02, 6.708555e+01
1.000000e+02, 6.849691e+01
1.000000e+02, 6.992530e+01
1.000000e+02, 7.137123e+01
1.000000e+02, 7.283524e+01
1.000000e+02, 7.431792e+01
1.000000e+02, 7.581985e+01
1.000000e+02, 7.734167e+01
1.000000e+02, 7.888407e+01
1.000000e+02, 8.044776e+01
1.000000e+02, 8.203349e+01
1.000000e+02, 8.364207e+01
1.000000e+02, 8.527436e+01
1.000000e+02, 8.693129e+01
1.000000e+02, 8.861382e+01
1.000000e+02, 9.032301e+01
1.000000e+02, 9.205999e+01
1.000000e+02, 9.382597e+01
1.000000e+02, 9.562224e+01
1.000000e+02, 9.745021e+01
1.000000e+02, 9.931142e+01
1.000000e+02, 1.012075e+02
1.000000e+02, 1.031403e+02
1.000000e+02, 1.051117e+02
1.000000e+02, 1.071238e+02
1.000000e+02, 1.091792e+02
1.000000e+02, 1.112802e+02
1.000000e+02, 1.134300e+02
1.000000e+02, 1.156315e+02
1.000000e+02, 1.178885e+02
1.000000e+02, 1.202049e+02
1.000000e+02, 1.225853e+02
1.000000e+02, 1.250348e+02
1.000000e+02, 1.275595e+02
1.000000e+02, 1.301660e+02
1.000000e+02, 1.328624e+02
1.000000e+02, 1.356579e+02
1.000000e+02, 1.385638e+02
1.000000e+02, 1.415933e+02
1.000000e+02, 1.447629e+02
1.000000e+02, 1.480931e+02
1.000000e+02, 1.516096e+02
1.000000e+02, 1.553466e+02
1.000000e+02, 1.593498e+02
1.000000e+02, 1.636838e+02
1.000000e+02, 1.684449e+02
1.000000e+02, 1.737887e+02
1.000000e+02, 1.800000e+02
##END= 