##TITLE= /opt/topspin3.0/exp/stan/nmr/lists/wave/user/HypSec_trunc2.84_110
##JCAMP-DX= 5.00 Bruker JCAMP library
##DATA TYPE= Shape Data
##ORIGIN= Bruker BioSpin GmbH
##OWNER= <nmrsu>
##DATE= 15/02/24
##TIME= 16:15:04
##MINX= 1.164538e+01
##MAXX= 9.999960e+01
##MINY= 2.546774e-02
##MAXY= 3.585574e+02
##$SHAPE_EXMODE= Adiabatic
##$SHAPE_TOTROT= 1.800000e+02
##$SHAPE_BWFAC= 1.929340e+02
##$SHAPE_INTEGFAC= 2.356110e-02
##$SHAPE_MODE= 0
##NPOINTS= 1000
##XYPOINTS= (XY..XY)
1.000000e+02, 1.800000e+02
1.000000e+02, 1.744862e+02
1.000000e+02, 1.697425e+02
1.000000e+02, 1.655161e+02
1.000000e+02, 1.616688e+02
1.000000e+02, 1.581151e+02
1.000000e+02, 1.547978e+02
1.000000e+02, 1.516762e+02
1.000000e+02, 1.487200e+02
1.000000e+02, 1.459064e+02
1.000000e+02, 1.432170e+02
1.000000e+02, 1.406375e+02
1.000000e+02, 1.381559e+02
1.000000e+02, 1.357623e+02
1.000000e+02, 1.334485e+02
1.000000e+02, 1.312074e+02
1.000000e+02, 1.290329e+02
1.000000e+02, 1.269199e+02
1.000000e+02, 1.248636e+02
1.000000e+02, 1.228601e+02
1.000000e+02, 1.209057e+02
1.000000e+02, 1.189974e+02
1.000000e+02, 1.171323e+02
1.000000e+02, 1.153078e+02
1.000000e+02, 1.135216e+02
1.000000e+02, 1.117716e+02
1.000000e+02, 1.100558e+02
1.000000e+02, 1.083727e+02
1.000000e+02, 1.067205e+02
1.000000e+02, 1.050978e+02
1.000000e+02, 1.035033e+02
1.000000e+02, 1.019356e+02
1.000000e+02, 1.003937e+02
1.000000e+02, 9.887644e+01
1.000000e+02, 9.738285e+01
1.000000e+02, 9.591200e+01
1.000000e+02, 9.446301e+01
1.000000e+02, 9.303507e+01
1.000000e+02, 9.162742e+01
1.000000e+02, 9.023933e+01
1.000000e+02, 8.887015e+01
1.000000e+02, 8.751922e+01
1.000000e+02, 8.618595e+01
1.000000e+02, 8.486978e+01
1.000000e+02, 8.357018e+01
1.000000e+02, 8.228662e+01
1.000000e+02, 8.101864e+01
1.000000e+02, 7.976578e+01
1.000000e+02, 7.852761e+01
1.000000e+02, 7.730370e+01
1.000000e+02, 7.609368e+01
1.000000e+02, 7.489717e+01
1.000000e+02, 7.371381e+01
1.000000e+02, 7.254326e+01
1.000000e+02, 7.138520e+01
1.000000e+02, 7.023931e+01
1.000000e+02, 6.910530e+01
1.000000e+02, 6.798289e+01
1.000000e+02, 6.687179e+01
1.000000e+02, 6.577175e+01
1.000000e+02, 6.468252e+01
1.000000e+02, 6.360385e+01
1.000000e+02, 6.253551e+01
1.000000e+02, 6.147728e+01
1.000000e+02, 6.042895e+01
1.000000e+02, 5.939030e+01
1.000000e+02, 5.836114e+01
1.000000e+02, 5.734128e+01
1.000000e+02, 5.633053e+01
1.000000e+02, 5.532870e+01
1.000000e+02, 5.433564e+01
1.000000e+02, 5.335117e+01
1.000000e+02, 5.237513e+01
1.000000e+02, 5.140736e+01
1.000000e+02, 5.044772e+01
1.000000e+02, 4.949606e+01
1.000000e+02, 4.855223e+01
1.000000e+02, 4.761610e+01
1.000000e+02, 4.668755e+01
1.000000e+02, 4.576642e+01
1.000000e+02, 4.485262e+01
1.000000e+02, 4.394600e+01
1.000000e+02, 4.304647e+01
1.000000e+02, 4.215389e+01
1.000000e+02, 4.126817e+01
1.000000e+02, 4.038919e+01
1.000000e+02, 3.951685e+01
1.000000e+02, 3.865104e+01
1.000000e+02, 3.779168e+01
1.000000e+02, 3.693866e+01
1.000000e+02, 3.609189e+01
1.000000e+02, 3.525127e+01
1.000000e+02, 3.441673e+01
1.000000e+02, 3.358817e+01
1.000000e+02, 3.276551e+01
1.000000e+02, 3.194867e+01
1.000000e+02, 3.113757e+01
1.000000e+02, 3.033213e+01
1.000000e+02, 2.953227e+01
1.000000e+02, 2.873792e+01
1.000000e+02, 2.794901e+01
1.000000e+02, 2.716547e+01
1.000000e+02, 2.638723e+01
1.000000e+02, 2.561422e+01
1.000000e+02, 2.484637e+01
1.000000e+02, 2.408363e+01
1.000000e+02, 2.332592e+01
1.000000e+02, 2.257320e+01
1.000000e+02, 2.182539e+01
1.000000e+02, 2.108244e+01
1.000000e+02, 2.034430e+01
1.000000e+02, 1.961090e+01
1.000000e+02, 1.888220e+01
1.000000e+02, 1.815813e+01
1.000000e+02, 1.743865e+01
1.000000e+02, 1.672370e+01
1.000000e+02, 1.601324e+01
1.000000e+02, 1.530722e+01
1.000000e+02, 1.460558e+01
1.000000e+02, 1.390828e+01
1.000000e+02, 1.321528e+01
1.000000e+02, 1.252652e+01
1.000000e+02, 1.184197e+01
1.000000e+02, 1.116158e+01
1.000000e+02, 1.048531e+01
1.000000e+02, 9.813114e+00
1.000000e+02, 9.144955e+00
1.000000e+02, 8.480791e+00
1.000000e+02, 7.820584e+00
1.000000e+02, 7.164293e+00
1.000000e+02, 6.511882e+00
1.000000e+02, 5.863314e+00
1.000000e+02, 5.218550e+00
1.000000e+02, 4.577557e+00
1.000000e+02, 3.940298e+00
1.000000e+02, 3.306739e+00
1.000000e+02, 2.676846e+00
1.000000e+02, 2.050586e+00
1.000000e+02, 1.427925e+00
1.000000e+02, 8.088327e-01
1.000000e+02, 1.932760e-01
1.000000e+02, 3.595812e+02
1.000000e+02, 3.589726e+02
1.000000e+02, 3.583675e+02
1.000000e+02, 3.577658e+02
1.000000e+02, 3.571675e+02
1.000000e+02, 3.565725e+02
1.000000e+02, 3.559808e+02
1.000000e+02, 3.553925e+02
1.000000e+02, 3.548074e+02
1.000000e+02, 3.542256e+02
1.000000e+02, 3.536470e+02
1.000000e+02, 3.530716e+02
1.000000e+02, 3.524994e+02
1.000000e+02, 3.519303e+02
1.000000e+02, 3.513643e+02
1.000000e+02, 3.508015e+02
1.000000e+02, 3.502417e+02
1.000000e+02, 3.496849e+02
1.000000e+02, 3.491312e+02
1.000000e+02, 3.485805e+02
1.000000e+02, 3.480328e+02
1.000000e+02, 3.474880e+02
1.000000e+02, 3.469461e+02
1.000000e+02, 3.464072e+02
1.000000e+02, 3.458712e+02
1.000000e+02, 3.453381e+02
1.000000e+02, 3.448078e+02
1.000000e+02, 3.442803e+02
1.000000e+02, 3.437556e+02
1.000000e+02, 3.432338e+02
1.000000e+02, 3.427147e+02
1.000000e+02, 3.421984e+02
1.000000e+02, 3.416848e+02
1.000000e+02, 3.411739e+02
1.000000e+02, 3.406658e+02
1.000000e+02, 3.401603e+02
1.000000e+02, 3.396575e+02
1.000000e+02, 3.391573e+02
1.000000e+02, 3.386598e+02
1.000000e+02, 3.381649e+02
1.000000e+02, 3.376725e+02
1.000000e+02, 3.371828e+02
1.000000e+02, 3.366956e+02
1.000000e+02, 3.362110e+02
1.000000e+02, 3.357289e+02
1.000000e+02, 3.352493e+02
1.000000e+02, 3.347722e+02
1.000000e+02, 3.342976e+02
1.000000e+02, 3.338255e+02
1.000000e+02, 3.333558e+02
1.000000e+02, 3.328886e+02
1.000000e+02, 3.324238e+02
1.000000e+02, 3.319614e+02
1.000000e+02, 3.315014e+02
1.000000e+02, 3.310438e+02
1.000000e+02, 3.305886e+02
1.000000e+02, 3.301357e+02
1.000000e+02, 3.296852e+02
1.000000e+02, 3.292370e+02
1.000000e+02, 3.287911e+02
1.000000e+02, 3.283475e+02
1.000000e+02, 3.279062e+02
1.000000e+02, 3.274672e+02
1.000000e+02, 3.270305e+02
1.000000e+02, 3.265960e+02
1.000000e+02, 3.261638e+02
1.000000e+02, 3.257338e+02
1.000000e+02, 3.253060e+02
1.000000e+02, 3.248805e+02
1.000000e+02, 3.244571e+02
1.000000e+02, 3.240359e+02
1.000000e+02, 3.236169e+02
1.000000e+02, 3.232000e+02
1.000000e+02, 3.227853e+02
1.000000e+02, 3.223728e+02
1.000000e+02, 3.219623e+02
1.000000e+02, 3.215540e+02
1.000000e+02, 3.211478e+02
1.000000e+02, 3.207437e+02
1.000000e+02, 3.203417e+02
1.000000e+02, 3.199418e+02
1.000000e+02, 3.195439e+02
1.000000e+02, 3.191481e+02
1.000000e+02, 3.187544e+02
1.000000e+02, 3.183627e+02
1.000000e+02, 3.179730e+02
1.000000e+02, 3.175853e+02
1.000000e+02, 3.171997e+02
1.000000e+02, 3.168160e+02
1.000000e+02, 3.164344e+02
1.000000e+02, 3.160547e+02
1.000000e+02, 3.156770e+02
1.000000e+02, 3.153013e+02
1.000000e+02, 3.149275e+02
1.000000e+02, 3.145557e+02
1.000000e+02, 3.141858e+02
1.000000e+02, 3.138179e+02
1.000000e+02, 3.134519e+02
1.000000e+02, 3.130878e+02
1.000000e+02, 3.127256e+02
1.000000e+02, 3.123653e+02
1.000000e+02, 3.120069e+02
1.000000e+02, 3.116503e+02
1.000000e+02, 3.112957e+02
1.000000e+02, 3.109429e+02
1.000000e+02, 3.105920e+02
1.000000e+02, 3.102429e+02
1.000000e+02, 3.098957e+02
1.000000e+02, 3.095503e+02
1.000000e+02, 3.092068e+02
1.000000e+02, 3.088651e+02
1.000000e+02, 3.085252e+02
1.000000e+02, 3.081871e+02
1.000000e+02, 3.078508e+02
1.000000e+02, 3.075163e+02
1.000000e+02, 3.071836e+02
1.000000e+02, 3.068526e+02
1.000000e+02, 3.065235e+02
1.000000e+02, 3.061961e+02
1.000000e+02, 3.058705e+02
1.000000e+02, 3.055466e+02
1.000000e+02, 3.052245e+02
1.000000e+02, 3.049041e+02
1.000000e+02, 3.045855e+02
1.000000e+02, 3.042686e+02
1.000000e+02, 3.039534e+02
1.000000e+02, 3.036399e+02
1.000000e+02, 3.033282e+02
1.000000e+02, 3.030181e+02
1.000000e+02, 3.027098e+02
1.000000e+02, 3.024031e+02
1.000000e+02, 3.020981e+02
1.000000e+02, 3.017948e+02
1.000000e+02, 3.014932e+02
1.000000e+02, 3.011933e+02
1.000000e+02, 3.008950e+02
1.000000e+02, 3.005984e+02
1.000000e+02, 3.003035e+02
1.000000e+02, 3.000101e+02
1.000000e+02, 2.997185e+02
1.000000e+02, 2.994285e+02
1.000000e+02, 2.991401e+02
1.000000e+02, 2.988533e+02
1.000000e+02, 2.985682e+02
1.000000e+02, 2.982846e+02
1.000000e+02, 2.980027e+02
1.000000e+02, 2.977224e+02
1.000000e+02, 2.974437e+02
1.000000e+02, 2.971666e+02
1.000000e+02, 2.968911e+02
1.000000e+02, 2.966172e+02
1.000000e+02, 2.963448e+02
1.000000e+02, 2.960740e+02
1.000000e+02, 2.958049e+02
1.000000e+02, 2.955372e+02
1.000000e+02, 2.952712e+02
1.000000e+02, 2.950067e+02
1.000000e+02, 2.947437e+02
1.000000e+02, 2.944824e+02
1.000000e+02, 2.942225e+02
1.000000e+02, 2.939642e+02
1.000000e+02, 2.937074e+02
1.000000e+02, 2.934522e+02
1.000000e+02, 2.931985e+02
1.000000e+02, 2.929463e+02
1.000000e+02, 2.926957e+02
1.000000e+02, 2.924465e+02
1.000000e+02, 2.921989e+02
1.000000e+02, 2.919528e+02
1.000000e+02, 2.917082e+02
1.000000e+02, 2.914651e+02
1.000000e+02, 2.912235e+02
1.000000e+02, 2.909833e+02
1.000000e+02, 2.907447e+02
1.000000e+02, 2.905076e+02
1.000000e+02, 2.902719e+02
1.000000e+02, 2.900377e+02
1.000000e+02, 2.898050e+02
1.000000e+02, 2.895737e+02
1.000000e+02, 2.893440e+02
1.000000e+02, 2.891157e+02
1.000000e+02, 2.888888e+02
1.000000e+02, 2.886634e+02
1.000000e+02, 2.884395e+02
1.000000e+02, 2.882170e+02
1.000000e+02, 2.879959e+02
1.000000e+02, 2.877763e+02
1.000000e+02, 2.875581e+02
1.000000e+02, 2.873414e+02
1.000000e+02, 2.871261e+02
1.000000e+02, 2.869122e+02
1.000000e+02, 2.866998e+02
1.000000e+02, 2.864887e+02
1.000000e+02, 2.862791e+02
1.000000e+02, 2.860709e+02
1.000000e+02, 2.858642e+02
1.000000e+02, 2.856588e+02
1.000000e+02, 2.854548e+02
1.000000e+02, 2.852523e+02
1.000000e+02, 2.850511e+02
1.000000e+02, 2.848514e+02
1.000000e+02, 2.846530e+02
1.000000e+02, 2.844560e+02
1.000000e+02, 2.842605e+02
1.000000e+02, 2.840663e+02
1.000000e+02, 2.838734e+02
1.000000e+02, 2.836820e+02
1.000000e+02, 2.834920e+02
1.000000e+02, 2.833033e+02
1.000000e+02, 2.831160e+02
1.000000e+02, 2.829300e+02
1.000000e+02, 2.827455e+02
1.000000e+02, 2.825623e+02
1.000000e+02, 2.823804e+02
1.000000e+02, 2.821999e+02
1.000000e+02, 2.820208e+02
1.000000e+02, 2.818430e+02
1.000000e+02, 2.816666e+02
1.000000e+02, 2.814916e+02
1.000000e+02, 2.813178e+02
1.000000e+02, 2.811455e+02
1.000000e+02, 2.809744e+02
1.000000e+02, 2.808047e+02
1.000000e+02, 2.806364e+02
1.000000e+02, 2.804693e+02
1.000000e+02, 2.803036e+02
1.000000e+02, 2.801393e+02
1.000000e+02, 2.799762e+02
1.000000e+02, 2.798145e+02
1.000000e+02, 2.796541e+02
1.000000e+02, 2.794951e+02
1.000000e+02, 2.793373e+02
1.000000e+02, 2.791809e+02
1.000000e+02, 2.790258e+02
1.000000e+02, 2.788720e+02
1.000000e+02, 2.787195e+02
1.000000e+02, 2.785683e+02
1.000000e+02, 2.784184e+02
1.000000e+02, 2.782699e+02
1.000000e+02, 2.781226e+02
1.000000e+02, 2.779766e+02
1.000000e+02, 2.778320e+02
1.000000e+02, 2.776886e+02
1.000000e+02, 2.775465e+02
1.000000e+02, 2.774057e+02
1.000000e+02, 2.772662e+02
1.000000e+02, 2.771280e+02
1.000000e+02, 2.769911e+02
1.000000e+02, 2.768555e+02
1.000000e+02, 2.767211e+02
1.000000e+02, 2.765881e+02
1.000000e+02, 2.764563e+02
1.000000e+02, 2.763258e+02
1.000000e+02, 2.761966e+02
1.000000e+02, 2.760686e+02
1.000000e+02, 2.759419e+02
1.000000e+02, 2.758165e+02
1.000000e+02, 2.756924e+02
1.000000e+02, 2.755695e+02
1.000000e+02, 2.754479e+02
1.000000e+02, 2.753276e+02
1.000000e+02, 2.752085e+02
1.000000e+02, 2.750907e+02
1.000000e+02, 2.749741e+02
1.000000e+02, 2.748588e+02
1.000000e+02, 2.747448e+02
1.000000e+02, 2.746320e+02
1.000000e+02, 2.745205e+02
1.000000e+02, 2.744102e+02
1.000000e+02, 2.743012e+02
1.000000e+02, 2.741935e+02
1.000000e+02, 2.740870e+02
1.000000e+02, 2.739817e+02
1.000000e+02, 2.738777e+02
1.000000e+02, 2.737749e+02
1.000000e+02, 2.736734e+02
1.000000e+02, 2.735731e+02
1.000000e+02, 2.734740e+02
1.000000e+02, 2.733762e+02
1.000000e+02, 2.732797e+02
1.000000e+02, 2.731843e+02
1.000000e+02, 2.730902e+02
1.000000e+02, 2.729974e+02
1.000000e+02, 2.729058e+02
1.000000e+02, 2.728154e+02
1.000000e+02, 2.727262e+02
1.000000e+02, 2.726383e+02
1.000000e+02, 2.725516e+02
1.000000e+02, 2.724661e+02
1.000000e+02, 2.723819e+02
1.000000e+02, 2.722989e+02
1.000000e+02, 2.722171e+02
1.000000e+02, 2.721365e+02
1.000000e+02, 2.720572e+02
1.000000e+02, 2.719791e+02
1.000000e+02, 2.719022e+02
1.000000e+02, 2.718265e+02
1.000000e+02, 2.717521e+02
1.000000e+02, 2.716788e+02
1.000000e+02, 2.716068e+02
1.000000e+02, 2.715360e+02
1.000000e+02, 2.714664e+02
1.000000e+02, 2.713981e+02
1.000000e+02, 2.713309e+02
1.000000e+02, 2.712650e+02
1.000000e+02, 2.712002e+02
1.000000e+02, 2.711367e+02
1.000000e+02, 2.710744e+02
1.000000e+02, 2.710133e+02
1.000000e+02, 2.709535e+02
1.000000e+02, 2.708948e+02
1.000000e+02, 2.708373e+02
1.000000e+02, 2.707811e+02
1.000000e+02, 2.707260e+02
1.000000e+02, 2.706722e+02
1.000000e+02, 2.706196e+02
1.000000e+02, 2.705681e+02
1.000000e+02, 2.705179e+02
1.000000e+02, 2.704689e+02
1.000000e+02, 2.704211e+02
1.000000e+02, 2.703744e+02
1.000000e+02, 2.703290e+02
1.000000e+02, 2.702848e+02
1.000000e+02, 2.702418e+02
1.000000e+02, 2.702000e+02
1.000000e+02, 2.701594e+02
1.000000e+02, 2.701200e+02
1.000000e+02, 2.700818e+02
1.000000e+02, 2.700448e+02
1.000000e+02, 2.700089e+02
1.000000e+02, 2.699743e+02
1.000000e+02, 2.699409e+02
1.000000e+02, 2.699087e+02
1.000000e+02, 2.698777e+02
1.000000e+02, 2.698478e+02
1.000000e+02, 2.698192e+02
1.000000e+02, 2.697918e+02
1.000000e+02, 2.697655e+02
1.000000e+02, 2.697405e+02
1.000000e+02, 2.697166e+02
1.000000e+02, 2.696940e+02
1.000000e+02, 2.696725e+02
1.000000e+02, 2.696522e+02
1.000000e+02, 2.696332e+02
1.000000e+02, 2.696153e+02
1.000000e+02, 2.695986e+02
1.000000e+02, 2.695831e+02
1.000000e+02, 2.695688e+02
1.000000e+02, 2.695557e+02
1.000000e+02, 2.695438e+02
1.000000e+02, 2.695330e+02
1.000000e+02, 2.695235e+02
1.000000e+02, 2.695151e+02
1.000000e+02, 2.695080e+02
1.000000e+02, 2.695020e+02
1.000000e+02, 2.694973e+02
1.000000e+02, 2.694937e+02
1.000000e+02, 2.694913e+02
1.000000e+02, 2.694901e+02
1.000000e+02, 2.694901e+02
1.000000e+02, 2.694913e+02
1.000000e+02, 2.694937e+02
1.000000e+02, 2.694973e+02
1.000000e+02, 2.695020e+02
1.000000e+02, 2.695080e+02
1.000000e+02, 2.695151e+02
1.000000e+02, 2.695235e+02
1.000000e+02, 2.695330e+02
1.000000e+02, 2.695438e+02
1.000000e+02, 2.695557e+02
1.000000e+02, 2.695688e+02
1.000000e+02, 2.695831e+02
1.000000e+02, 2.695986e+02
1.000000e+02, 2.696153e+02
1.000000e+02, 2.696332e+02
1.000000e+02, 2.696522e+02
1.000000e+02, 2.696725e+02
1.000000e+02, 2.696940e+02
1.000000e+02, 2.697166e+02
1.000000e+02, 2.697405e+02
1.000000e+02, 2.697655e+02
1.000000e+02, 2.697918e+02
1.000000e+02, 2.698192e+02
1.000000e+02, 2.698478e+02
1.000000e+02, 2.698777e+02
1.000000e+02, 2.699087e+02
1.000000e+02, 2.699409e+02
1.000000e+02, 2.699743e+02
1.000000e+02, 2.700089e+02
1.000000e+02, 2.700448e+02
1.000000e+02, 2.700818e+02
1.000000e+02, 2.701200e+02
1.000000e+02, 2.701594e+02
1.000000e+02, 2.702000e+02
1.000000e+02, 2.702418e+02
1.000000e+02, 2.702848e+02
1.000000e+02, 2.703290e+02
1.000000e+02, 2.703744e+02
1.000000e+02, 2.704211e+02
1.000000e+02, 2.704689e+02
1.000000e+02, 2.705179e+02
1.000000e+02, 2.705681e+02
1.000000e+02, 2.706196e+02
1.000000e+02, 2.706722e+02
1.000000e+02, 2.707260e+02
1.000000e+02, 2.707811e+02
1.000000e+02, 2.708373e+02
1.000000e+02, 2.708948e+02
1.000000e+02, 2.709535e+02
1.000000e+02, 2.710133e+02
1.000000e+02, 2.710744e+02
1.000000e+02, 2.711367e+02
1.000000e+02, 2.712002e+02
1.000000e+02, 2.712650e+02
1.000000e+02, 2.713309e+02
1.000000e+02, 2.713981e+02
1.000000e+02, 2.714664e+02
1.000000e+02, 2.715360e+02
1.000000e+02, 2.716068e+02
1.000000e+02, 2.716788e+02
1.000000e+02, 2.717521e+02
1.000000e+02, 2.718265e+02
1.000000e+02, 2.719022e+02
1.000000e+02, 2.719791e+02
1.000000e+02, 2.720572e+02
1.000000e+02, 2.721365e+02
1.000000e+02, 2.722171e+02
1.000000e+02, 2.722989e+02
1.000000e+02, 2.723819e+02
1.000000e+02, 2.724661e+02
1.000000e+02, 2.725516e+02
1.000000e+02, 2.726383e+02
1.000000e+02, 2.727262e+02
1.000000e+02, 2.728154e+02
1.000000e+02, 2.729058e+02
1.000000e+02, 2.729974e+02
1.000000e+02, 2.730902e+02
1.000000e+02, 2.731843e+02
1.000000e+02, 2.732797e+02
1.000000e+02, 2.733762e+02
1.000000e+02, 2.734740e+02
1.000000e+02, 2.735731e+02
1.000000e+02, 2.736734e+02
1.000000e+02, 2.737749e+02
1.000000e+02, 2.738777e+02
1.000000e+02, 2.739817e+02
1.000000e+02, 2.740870e+02
1.000000e+02, 2.741935e+02
1.000000e+02, 2.743012e+02
1.000000e+02, 2.744102e+02
1.000000e+02, 2.745205e+02
1.000000e+02, 2.746320e+02
1.000000e+02, 2.747448e+02
1.000000e+02, 2.748588e+02
1.000000e+02, 2.749741e+02
1.000000e+02, 2.750907e+02
1.000000e+02, 2.752085e+02
1.000000e+02, 2.753276e+02
1.000000e+02, 2.754479e+02
1.000000e+02, 2.755695e+02
1.000000e+02, 2.756924e+02
1.000000e+02, 2.758165e+02
1.000000e+02, 2.759419e+02
1.000000e+02, 2.760686e+02
1.000000e+02, 2.761966e+02
1.000000e+02, 2.763258e+02
1.000000e+02, 2.764563e+02
1.000000e+02, 2.765881e+02
1.000000e+02, 2.767211e+02
1.000000e+02, 2.768555e+02
1.000000e+02, 2.769911e+02
1.000000e+02, 2.771280e+02
1.000000e+02, 2.772662e+02
1.000000e+02, 2.774057e+02
1.000000e+02, 2.775465e+02
1.000000e+02, 2.776886e+02
1.000000e+02, 2.778320e+02
1.000000e+02, 2.779766e+02
1.000000e+02, 2.781226e+02
1.000000e+02, 2.782699e+02
1.000000e+02, 2.784184e+02
1.000000e+02, 2.785683e+02
1.000000e+02, 2.787195e+02
1.000000e+02, 2.788720e+02
1.000000e+02, 2.790258e+02
1.000000e+02, 2.791809e+02
1.000000e+02, 2.793373e+02
1.000000e+02, 2.794951e+02
1.000000e+02, 2.796541e+02
1.000000e+02, 2.798145e+02
1.000000e+02, 2.799762e+02
1.000000e+02, 2.801393e+02
1.000000e+02, 2.803036e+02
1.000000e+02, 2.804693e+02
1.000000e+02, 2.806364e+02
1.000000e+02, 2.808047e+02
1.000000e+02, 2.809744e+02
1.000000e+02, 2.811455e+02
1.000000e+02, 2.813178e+02
1.000000e+02, 2.814916e+02
1.000000e+02, 2.816666e+02
1.000000e+02, 2.818430e+02
1.000000e+02, 2.820208e+02
1.000000e+02, 2.821999e+02
1.000000e+02, 2.823804e+02
1.000000e+02, 2.825623e+02
1.000000e+02, 2.827455e+02
1.000000e+02, 2.829300e+02
1.000000e+02, 2.831160e+02
1.000000e+02, 2.833033e+02
1.000000e+02, 2.834920e+02
1.000000e+02, 2.836820e+02
1.000000e+02, 2.838734e+02
1.000000e+02, 2.840663e+02
1.000000e+02, 2.842605e+02
1.000000e+02, 2.844560e+02
1.000000e+02, 2.846530e+02
1.000000e+02, 2.848514e+02
1.000000e+02, 2.850511e+02
1.000000e+02, 2.852523e+02
1.000000e+02, 2.854548e+02
1.000000e+02, 2.856588e+02
1.000000e+02, 2.858642e+02
1.000000e+02, 2.860709e+02
1.000000e+02, 2.862791e+02
1.000000e+02, 2.864887e+02
1.000000e+02, 2.866998e+02
1.000000e+02, 2.869122e+02
1.000000e+02, 2.871261e+02
1.000000e+02, 2.873414e+02
1.000000e+02, 2.875581e+02
1.000000e+02, 2.877763e+02
1.000000e+02, 2.879959e+02
1.000000e+02, 2.882170e+02
1.000000e+02, 2.884395e+02
1.000000e+02, 2.886634e+02
1.000000e+02, 2.888888e+02
1.000000e+02, 2.891157e+02
1.000000e+02, 2.893440e+02
1.000000e+02, 2.895737e+02
1.000000e+02, 2.898050e+02
1.000000e+02, 2.900377e+02
1.000000e+02, 2.902719e+02
1.000000e+02, 2.905076e+02
1.000000e+02, 2.907447e+02
1.000000e+02, 2.909833e+02
1.000000e+02, 2.912235e+02
1.000000e+02, 2.914651e+02
1.000000e+02, 2.917082e+02
1.000000e+02, 2.919528e+02
1.000000e+02, 2.921989e+02
1.000000e+02, 2.924465e+02
1.000000e+02, 2.926957e+02
1.000000e+02, 2.929463e+02
1.000000e+02, 2.931985e+02
1.000000e+02, 2.934522e+02
1.000000e+02, 2.937074e+02
1.000000e+02, 2.939642e+02
1.000000e+02, 2.942225e+02
1.000000e+02, 2.944824e+02
1.000000e+02, 2.947437e+02
1.000000e+02, 2.950067e+02
1.000000e+02, 2.952712e+02
1.000000e+02, 2.955372e+02
1.000000e+02, 2.958049e+02
1.000000e+02, 2.960741e+02
1.000000e+02, 2.963448e+02
1.000000e+02, 2.966172e+02
1.000000e+02, 2.968911e+02
1.000000e+02, 2.971666e+02
1.000000e+02, 2.974437e+02
1.000000e+02, 2.977224e+02
1.000000e+02, 2.980027e+02
1.000000e+02, 2.982846e+02
1.000000e+02, 2.985682e+02
1.000000e+02, 2.988533e+02
1.000000e+02, 2.991401e+02
1.000000e+02, 2.994285e+02
1.000000e+02, 2.997185e+02
1.000000e+02, 3.000102e+02
1.000000e+02, 3.003035e+02
1.000000e+02, 3.005984e+02
1.000000e+02, 3.008950e+02
1.000000e+02, 3.011933e+02
1.000000e+02, 3.014932e+02
1.000000e+02, 3.017948e+02
1.000000e+02, 3.020981e+02
1.000000e+02, 3.024031e+02
1.000000e+02, 3.027098e+02
1.000000e+02, 3.030181e+02
1.000000e+02, 3.033282e+02
1.000000e+02, 3.036399e+02
1.000000e+02, 3.039534e+02
1.000000e+02, 3.042686e+02
1.000000e+02, 3.045855e+02
1.000000e+02, 3.049041e+02
1.000000e+02, 3.052245e+02
1.000000e+02, 3.055466e+02
1.000000e+02, 3.058705e+02
1.000000e+02, 3.061961e+02
1.000000e+02, 3.065235e+02
1.000000e+02, 3.068526e+02
1.000000e+02, 3.071836e+02
1.000000e+02, 3.075163e+02
1.000000e+02, 3.078508e+02
1.000000e+02, 3.081871e+02
1.000000e+02, 3.085252e+02
1.000000e+02, 3.088651e+02
1.000000e+02, 3.092068e+02
1.000000e+02, 3.095503e+02
1.000000e+02, 3.098957e+02
1.000000e+02, 3.102429e+02
1.000000e+02, 3.105920e+02
1.000000e+02, 3.109429e+02
1.000000e+02, 3.112957e+02
1.000000e+02, 3.116503e+02
1.000000e+02, 3.120069e+02
1.000000e+02, 3.123653e+02
1.000000e+02, 3.127256e+02
1.000000e+02, 3.130878e+02
1.000000e+02, 3.134519e+02
1.000000e+02, 3.138179e+02
1.000000e+02, 3.141858e+02
1.000000e+02, 3.145557e+02
1.000000e+02, 3.149275e+02
1.000000e+02, 3.153013e+02
1.000000e+02, 3.156770e+02
1.000000e+02, 3.160547e+02
1.000000e+02, 3.164344e+02
1.000000e+02, 3.168160e+02
1.000000e+02, 3.171997e+02
1.000000e+02, 3.175853e+02
1.000000e+02, 3.179730e+02
1.000000e+02, 3.183627e+02
1.000000e+02, 3.187544e+02
1.000000e+02, 3.191481e+02
1.000000e+02, 3.195439e+02
1.000000e+02, 3.199418e+02
1.000000e+02, 3.203417e+02
1.000000e+02, 3.207437e+02
1.000000e+02, 3.211478e+02
1.000000e+02, 3.215540e+02
1.000000e+02, 3.219623e+02
1.000000e+02, 3.223728e+02
1.000000e+02, 3.227853e+02
1.000000e+02, 3.232000e+02
1.000000e+02, 3.236169e+02
1.000000e+02, 3.240359e+02
1.000000e+02, 3.244571e+02
1.000000e+02, 3.248805e+02
1.000000e+02, 3.253060e+02
1.000000e+02, 3.257338e+02
1.000000e+02, 3.261638e+02
1.000000e+02, 3.265960e+02
1.000000e+02, 3.270305e+02
1.000000e+02, 3.274672e+02
1.000000e+02, 3.279062e+02
1.000000e+02, 3.283475e+02
1.000000e+02, 3.287911e+02
1.000000e+02, 3.292370e+02
1.000000e+02, 3.296852e+02
1.000000e+02, 3.301357e+02
1.000000e+02, 3.305886e+02
1.000000e+02, 3.310438e+02
1.000000e+02, 3.315014e+02
1.000000e+02, 3.319614e+02
1.000000e+02, 3.324238e+02
1.000000e+02, 3.328886e+02
1.000000e+02, 3.333558e+02
1.000000e+02, 3.338255e+02
1.000000e+02, 3.342976e+02
1.000000e+02, 3.347722e+02
1.000000e+02, 3.352493e+02
1.000000e+02, 3.357289e+02
1.000000e+02, 3.362110e+02
1.000000e+02, 3.366956e+02
1.000000e+02, 3.371828e+02
1.000000e+02, 3.376725e+02
1.000000e+02, 3.381649e+02
1.000000e+02, 3.386598e+02
1.000000e+02, 3.391573e+02
1.000000e+02, 3.396575e+02
1.000000e+02, 3.401603e+02
1.000000e+02, 3.406658e+02
1.000000e+02, 3.411739e+02
1.000000e+02, 3.416848e+02
1.000000e+02, 3.421984e+02
1.000000e+02, 3.427147e+02
1.000000e+02, 3.432338e+02
1.000000e+02, 3.437557e+02
1.000000e+02, 3.442803e+02
1.000000e+02, 3.448078e+02
1.000000e+02, 3.453381e+02
1.000000e+02, 3.458712e+02
1.000000e+02, 3.464072e+02
1.000000e+02, 3.469462e+02
1.000000e+02, 3.474880e+02
1.000000e+02, 3.480328e+02
1.000000e+02, 3.485805e+02
1.000000e+02, 3.491312e+02
1.000000e+02, 3.496849e+02
1.000000e+02, 3.502417e+02
1.000000e+02, 3.508015e+02
1.000000e+02, 3.513643e+02
1.000000e+02, 3.519303e+02
1.000000e+02, 3.524994e+02
1.000000e+02, 3.530716e+02
1.000000e+02, 3.536470e+02
1.000000e+02, 3.542256e+02
1.000000e+02, 3.548074e+02
1.000000e+02, 3.553925e+02
1.000000e+02, 3.559808e+02
1.000000e+02, 3.565725e+02
1.000000e+02, 3.571675e+02
1.000000e+02, 3.577658e+02
1.000000e+02, 3.583675e+02
1.000000e+02, 3.589726e+02
1.000000e+02, 3.595812e+02
1.000000e+02, 1.932783e-01
1.000000e+02, 8.088350e-01
1.000000e+02, 1.427928e+00
1.000000e+02, 2.050588e+00
1.000000e+02, 2.676849e+00
1.000000e+02, 3.306742e+00
1.000000e+02, 3.940301e+00
1.000000e+02, 4.577559e+00
1.000000e+02, 5.218553e+00
1.000000e+02, 5.863316e+00
1.000000e+02, 6.511885e+00
1.000000e+02, 7.164296e+00
1.000000e+02, 7.820586e+00
1.000000e+02, 8.480794e+00
1.000000e+02, 9.144957e+00
1.000000e+02, 9.813116e+00
1.000000e+02, 1.048531e+01
1.000000e+02, 1.116158e+01
1.000000e+02, 1.184197e+01
1.000000e+02, 1.252652e+01
1.000000e+02, 1.321528e+01
1.000000e+02, 1.390828e+01
1.000000e+02, 1.460558e+01
1.000000e+02, 1.530722e+01
1.000000e+02, 1.601324e+01
1.000000e+02, 1.672370e+01
1.000000e+02, 1.743865e+01
1.000000e+02, 1.815813e+01
1.000000e+02, 1.888220e+01
1.000000e+02, 1.961090e+01
1.000000e+02, 2.034430e+01
1.000000e+02, 2.108245e+01
1.000000e+02, 2.182539e+01
1.000000e+02, 2.257320e+01
1.000000e+02, 2.332593e+01
1.000000e+02, 2.408363e+01
1.000000e+02, 2.484637e+01
1.000000e+02, 2.561422e+01
1.000000e+02, 2.638723e+01
1.000000e+02, 2.716547e+01
1.000000e+02, 2.794901e+01
1.000000e+02, 2.873792e+01
1.000000e+02, 2.953227e+01
1.000000e+02, 3.033213e+01
1.000000e+02, 3.113757e+01
1.000000e+02, 3.194868e+01
1.000000e+02, 3.276552e+01
1.000000e+02, 3.358818e+01
1.000000e+02, 3.441673e+01
1.000000e+02, 3.525128e+01
1.000000e+02, 3.609189e+01
1.000000e+02, 3.693866e+01
1.000000e+02, 3.779168e+01
1.000000e+02, 3.865105e+01
1.000000e+02, 3.951685e+01
1.000000e+02, 4.038919e+01
1.000000e+02, 4.126817e+01
1.000000e+02, 4.215389e+01
1.000000e+02, 4.304647e+01
1.000000e+02, 4.394601e+01
1.000000e+02, 4.485262e+01
1.000000e+02, 4.576643e+01
1.000000e+02, 4.668755e+01
1.000000e+02, 4.761611e+01
1.000000e+02, 4.855223e+01
1.000000e+02, 4.949606e+01
1.000000e+02, 5.044772e+01
1.000000e+02, 5.140737e+01
1.000000e+02, 5.237513e+01
1.000000e+02, 5.335117e+01
1.000000e+02, 5.433564e+01
1.000000e+02, 5.532871e+01
1.000000e+02, 5.633053e+01
1.000000e+02, 5.734128e+01
1.000000e+02, 5.836114e+01
1.000000e+02, 5.939030e+01
1.000000e+02, 6.042895e+01
1.000000e+02, 6.147728e+01
1.000000e+02, 6.253551e+01
1.000000e+02, 6.360385e+01
1.000000e+02, 6.468252e+01
1.000000e+02, 6.577175e+01
1.000000e+02, 6.687179e+01
1.000000e+02, 6.798289e+01
1.000000e+02, 6.910531e+01
1.000000e+02, 7.023932e+01
1.000000e+02, 7.138520e+01
1.000000e+02, 7.254327e+01
1.000000e+02, 7.371381e+01
1.000000e+02, 7.489718e+01
1.000000e+02, 7.609369e+01
1.000000e+02, 7.730371e+01
1.000000e+02, 7.852761e+01
1.000000e+02, 7.976578e+01
1.000000e+02, 8.101865e+01
1.000000e+02, 8.228663e+01
1.000000e+02, 8.357018e+01
1.000000e+02, 8.486979e+01
1.000000e+02, 8.618596e+01
1.000000e+02, 8.751922e+01
1.000000e+02, 8.887015e+01
1.000000e+02, 9.023934e+01
1.000000e+02, 9.162742e+01
1.000000e+02, 9.303507e+01
1.000000e+02, 9.446301e+01
1.000000e+02, 9.591200e+01
1.000000e+02, 9.738285e+01
1.000000e+02, 9.887644e+01
1.000000e+02, 1.003937e+02
1.000000e+02, 1.019356e+02
1.000000e+02, 1.035033e+02
1.000000e+02, 1.050978e+02
1.000000e+02, 1.067205e+02
1.000000e+02, 1.083727e+02
1.000000e+02, 1.100559e+02
1.000000e+02, 1.117716e+02
1.000000e+02, 1.135216e+02
1.000000e+02, 1.153078e+02
1.000000e+02, 1.171323e+02
1.000000e+02, 1.189974e+02
1.000000e+02, 1.209057e+02
1.000000e+02, 1.228601e+02
1.000000e+02, 1.248636e+02
1.000000e+02, 1.269199e+02
1.000000e+02, 1.290329e+02
1.000000e+02, 1.312074e+02
1.000000e+02, 1.334485e+02
1.000000e+02, 1.357623e+02
1.000000e+02, 1.381559e+02
1.000000e+02, 1.406375e+02
1.000000e+02, 1.432170e+02
1.000000e+02, 1.459064e+02
1.000000e+02, 1.487200e+02
1.000000e+02, 1.516762e+02
1.000000e+02, 1.547978e+02
1.000000e+02, 1.581151e+02
1.000000e+02, 1.616688e+02
1.000000e+02, 1.655161e+02
1.000000e+02, 1.697425e+02
1.000000e+02, 1.744862e+02
1.000000e+02, 1.800000e+02
##END= 