##TITLE= /opt/topspin3.0/exp/stan/nmr/lists/wave/user/HypSec_trunc2.84_110
##JCAMP-DX= 5.00 Bruker JCAMP library
##DATA TYPE= Shape Data
##ORIGIN= Bruker BioSpin GmbH
##OWNER= <nmrsu>
##DATE= 15/02/24
##TIME= 16:15:04
##MINX= 1.164538e+01
##MAXX= 9.999960e+01
##MINY= 2.546774e-02
##MAXY= 3.585574e+02
##$SHAPE_EXMODE= Adiabatic
##$SHAPE_TOTROT= 1.800000e+02
##$SHAPE_BWFAC= 1.929340e+02
##$SHAPE_INTEGFAC= 2.356110e-02
##$SHAPE_MODE= 0
##NPOINTS= 1000
##XYPOINTS= (XY..XY)
1.000000e+02, 1.800000e+02
1.000000e+02, 1.756155e+02
1.000000e+02, 1.718434e+02
1.000000e+02, 1.684827e+02
1.000000e+02, 1.654234e+02
1.000000e+02, 1.625976e+02
1.000000e+02, 1.599597e+02
1.000000e+02, 1.574774e+02
1.000000e+02, 1.551268e+02
1.000000e+02, 1.528894e+02
1.000000e+02, 1.507509e+02
1.000000e+02, 1.486997e+02
1.000000e+02, 1.467264e+02
1.000000e+02, 1.448230e+02
1.000000e+02, 1.429832e+02
1.000000e+02, 1.412011e+02
1.000000e+02, 1.394720e+02
1.000000e+02, 1.377917e+02
1.000000e+02, 1.361566e+02
1.000000e+02, 1.345634e+02
1.000000e+02, 1.330094e+02
1.000000e+02, 1.314919e+02
1.000000e+02, 1.300088e+02
1.000000e+02, 1.285580e+02
1.000000e+02, 1.271376e+02
1.000000e+02, 1.257461e+02
1.000000e+02, 1.243818e+02
1.000000e+02, 1.230433e+02
1.000000e+02, 1.217296e+02
1.000000e+02, 1.204392e+02
1.000000e+02, 1.191713e+02
1.000000e+02, 1.179247e+02
1.000000e+02, 1.166986e+02
1.000000e+02, 1.154921e+02
1.000000e+02, 1.143044e+02
1.000000e+02, 1.131348e+02
1.000000e+02, 1.119826e+02
1.000000e+02, 1.108472e+02
1.000000e+02, 1.097278e+02
1.000000e+02, 1.086240e+02
1.000000e+02, 1.075353e+02
1.000000e+02, 1.064611e+02
1.000000e+02, 1.054009e+02
1.000000e+02, 1.043543e+02
1.000000e+02, 1.033209e+02
1.000000e+02, 1.023002e+02
1.000000e+02, 1.012919e+02
1.000000e+02, 1.002957e+02
1.000000e+02, 9.931111e+01
1.000000e+02, 9.833789e+01
1.000000e+02, 9.737570e+01
1.000000e+02, 9.642426e+01
1.000000e+02, 9.548327e+01
1.000000e+02, 9.455247e+01
1.000000e+02, 9.363160e+01
1.000000e+02, 9.272042e+01
1.000000e+02, 9.181867e+01
1.000000e+02, 9.092615e+01
1.000000e+02, 9.004263e+01
1.000000e+02, 8.916790e+01
1.000000e+02, 8.830176e+01
1.000000e+02, 8.744402e+01
1.000000e+02, 8.659450e+01
1.000000e+02, 8.575302e+01
1.000000e+02, 8.491940e+01
1.000000e+02, 8.409349e+01
1.000000e+02, 8.327512e+01
1.000000e+02, 8.246415e+01
1.000000e+02, 8.166042e+01
1.000000e+02, 8.086379e+01
1.000000e+02, 8.007412e+01
1.000000e+02, 7.929129e+01
1.000000e+02, 7.851516e+01
1.000000e+02, 7.774561e+01
1.000000e+02, 7.698253e+01
1.000000e+02, 7.622578e+01
1.000000e+02, 7.547527e+01
1.000000e+02, 7.473088e+01
1.000000e+02, 7.399251e+01
1.000000e+02, 7.326005e+01
1.000000e+02, 7.253341e+01
1.000000e+02, 7.181249e+01
1.000000e+02, 7.109719e+01
1.000000e+02, 7.038743e+01
1.000000e+02, 6.968312e+01
1.000000e+02, 6.898417e+01
1.000000e+02, 6.829050e+01
1.000000e+02, 6.760203e+01
1.000000e+02, 6.691868e+01
1.000000e+02, 6.624038e+01
1.000000e+02, 6.556704e+01
1.000000e+02, 6.489860e+01
1.000000e+02, 6.423499e+01
1.000000e+02, 6.357614e+01
1.000000e+02, 6.292198e+01
1.000000e+02, 6.227244e+01
1.000000e+02, 6.162747e+01
1.000000e+02, 6.098699e+01
1.000000e+02, 6.035096e+01
1.000000e+02, 5.971931e+01
1.000000e+02, 5.909199e+01
1.000000e+02, 5.846893e+01
1.000000e+02, 5.785008e+01
1.000000e+02, 5.723540e+01
1.000000e+02, 5.662482e+01
1.000000e+02, 5.601831e+01
1.000000e+02, 5.541579e+01
1.000000e+02, 5.481724e+01
1.000000e+02, 5.422260e+01
1.000000e+02, 5.363182e+01
1.000000e+02, 5.304486e+01
1.000000e+02, 5.246168e+01
1.000000e+02, 5.188223e+01
1.000000e+02, 5.130646e+01
1.000000e+02, 5.073435e+01
1.000000e+02, 5.016584e+01
1.000000e+02, 4.960089e+01
1.000000e+02, 4.903947e+01
1.000000e+02, 4.848154e+01
1.000000e+02, 4.792707e+01
1.000000e+02, 4.737600e+01
1.000000e+02, 4.682832e+01
1.000000e+02, 4.628398e+01
1.000000e+02, 4.574294e+01
1.000000e+02, 4.520519e+01
1.000000e+02, 4.467067e+01
1.000000e+02, 4.413936e+01
1.000000e+02, 4.361123e+01
1.000000e+02, 4.308625e+01
1.000000e+02, 4.256438e+01
1.000000e+02, 4.204559e+01
1.000000e+02, 4.152986e+01
1.000000e+02, 4.101716e+01
1.000000e+02, 4.050745e+01
1.000000e+02, 4.000072e+01
1.000000e+02, 3.949693e+01
1.000000e+02, 3.899605e+01
1.000000e+02, 3.849806e+01
1.000000e+02, 3.800293e+01
1.000000e+02, 3.751064e+01
1.000000e+02, 3.702116e+01
1.000000e+02, 3.653447e+01
1.000000e+02, 3.605054e+01
1.000000e+02, 3.556935e+01
1.000000e+02, 3.509087e+01
1.000000e+02, 3.461509e+01
1.000000e+02, 3.414198e+01
1.000000e+02, 3.367152e+01
1.000000e+02, 3.320368e+01
1.000000e+02, 3.273844e+01
1.000000e+02, 3.227579e+01
1.000000e+02, 3.181570e+01
1.000000e+02, 3.135815e+01
1.000000e+02, 3.090312e+01
1.000000e+02, 3.045060e+01
1.000000e+02, 3.000055e+01
1.000000e+02, 2.955297e+01
1.000000e+02, 2.910783e+01
1.000000e+02, 2.866512e+01
1.000000e+02, 2.822482e+01
1.000000e+02, 2.778690e+01
1.000000e+02, 2.735135e+01
1.000000e+02, 2.691816e+01
1.000000e+02, 2.648730e+01
1.000000e+02, 2.605876e+01
1.000000e+02, 2.563252e+01
1.000000e+02, 2.520857e+01
1.000000e+02, 2.478689e+01
1.000000e+02, 2.436747e+01
1.000000e+02, 2.395028e+01
1.000000e+02, 2.353531e+01
1.000000e+02, 2.312255e+01
1.000000e+02, 2.271198e+01
1.000000e+02, 2.230359e+01
1.000000e+02, 2.189736e+01
1.000000e+02, 2.149327e+01
1.000000e+02, 2.109132e+01
1.000000e+02, 2.069150e+01
1.000000e+02, 2.029377e+01
1.000000e+02, 1.989814e+01
1.000000e+02, 1.950459e+01
1.000000e+02, 1.911310e+01
1.000000e+02, 1.872366e+01
1.000000e+02, 1.833626e+01
1.000000e+02, 1.795089e+01
1.000000e+02, 1.756754e+01
1.000000e+02, 1.718618e+01
1.000000e+02, 1.680681e+01
1.000000e+02, 1.642942e+01
1.000000e+02, 1.605400e+01
1.000000e+02, 1.568052e+01
1.000000e+02, 1.530899e+01
1.000000e+02, 1.493939e+01
1.000000e+02, 1.457171e+01
1.000000e+02, 1.420594e+01
1.000000e+02, 1.384206e+01
1.000000e+02, 1.348007e+01
1.000000e+02, 1.311996e+01
1.000000e+02, 1.276170e+01
1.000000e+02, 1.240531e+01
1.000000e+02, 1.205075e+01
1.000000e+02, 1.169803e+01
1.000000e+02, 1.134713e+01
1.000000e+02, 1.099805e+01
1.000000e+02, 1.065077e+01
1.000000e+02, 1.030528e+01
1.000000e+02, 9.961579e+00
1.000000e+02, 9.619651e+00
1.000000e+02, 9.279488e+00
1.000000e+02, 8.941082e+00
1.000000e+02, 8.604422e+00
1.000000e+02, 8.269500e+00
1.000000e+02, 7.936307e+00
1.000000e+02, 7.604835e+00
1.000000e+02, 7.275073e+00
1.000000e+02, 6.947015e+00
1.000000e+02, 6.620651e+00
1.000000e+02, 6.295973e+00
1.000000e+02, 5.972972e+00
1.000000e+02, 5.651642e+00
1.000000e+02, 5.331972e+00
1.000000e+02, 5.013956e+00
1.000000e+02, 4.697585e+00
1.000000e+02, 4.382851e+00
1.000000e+02, 4.069747e+00
1.000000e+02, 3.758266e+00
1.000000e+02, 3.448399e+00
1.000000e+02, 3.140139e+00
1.000000e+02, 2.833479e+00
1.000000e+02, 2.528411e+00
1.000000e+02, 2.224928e+00
1.000000e+02, 1.923024e+00
1.000000e+02, 1.622690e+00
1.000000e+02, 1.323920e+00
1.000000e+02, 1.026707e+00
1.000000e+02, 7.310442e-01
1.000000e+02, 4.369248e-01
1.000000e+02, 1.443421e-01
1.000000e+02, 3.598533e+02
1.000000e+02, 3.595638e+02
1.000000e+02, 3.592757e+02
1.000000e+02, 3.589892e+02
1.000000e+02, 3.587042e+02
1.000000e+02, 3.584208e+02
1.000000e+02, 3.581387e+02
1.000000e+02, 3.578582e+02
1.000000e+02, 3.575792e+02
1.000000e+02, 3.573016e+02
1.000000e+02, 3.570255e+02
1.000000e+02, 3.567509e+02
1.000000e+02, 3.564777e+02
1.000000e+02, 3.562060e+02
1.000000e+02, 3.559357e+02
1.000000e+02, 3.556668e+02
1.000000e+02, 3.553994e+02
1.000000e+02, 3.551334e+02
1.000000e+02, 3.548689e+02
1.000000e+02, 3.546057e+02
1.000000e+02, 3.543440e+02
1.000000e+02, 3.540836e+02
1.000000e+02, 3.538247e+02
1.000000e+02, 3.535672e+02
1.000000e+02, 3.533110e+02
1.000000e+02, 3.530563e+02
1.000000e+02, 3.528029e+02
1.000000e+02, 3.525509e+02
1.000000e+02, 3.523003e+02
1.000000e+02, 3.520510e+02
1.000000e+02, 3.518031e+02
1.000000e+02, 3.515566e+02
1.000000e+02, 3.513114e+02
1.000000e+02, 3.510675e+02
1.000000e+02, 3.508250e+02
1.000000e+02, 3.505839e+02
1.000000e+02, 3.503440e+02
1.000000e+02, 3.501055e+02
1.000000e+02, 3.498683e+02
1.000000e+02, 3.496325e+02
1.000000e+02, 3.493979e+02
1.000000e+02, 3.491647e+02
1.000000e+02, 3.489328e+02
1.000000e+02, 3.487021e+02
1.000000e+02, 3.484728e+02
1.000000e+02, 3.482448e+02
1.000000e+02, 3.480180e+02
1.000000e+02, 3.477926e+02
1.000000e+02, 3.475684e+02
1.000000e+02, 3.473455e+02
1.000000e+02, 3.471239e+02
1.000000e+02, 3.469036e+02
1.000000e+02, 3.466845e+02
1.000000e+02, 3.464667e+02
1.000000e+02, 3.462501e+02
1.000000e+02, 3.460348e+02
1.000000e+02, 3.458207e+02
1.000000e+02, 3.456079e+02
1.000000e+02, 3.453964e+02
1.000000e+02, 3.451860e+02
1.000000e+02, 3.449770e+02
1.000000e+02, 3.447691e+02
1.000000e+02, 3.445625e+02
1.000000e+02, 3.443571e+02
1.000000e+02, 3.441529e+02
1.000000e+02, 3.439500e+02
1.000000e+02, 3.437482e+02
1.000000e+02, 3.435477e+02
1.000000e+02, 3.433484e+02
1.000000e+02, 3.431503e+02
1.000000e+02, 3.429534e+02
1.000000e+02, 3.427576e+02
1.000000e+02, 3.425631e+02
1.000000e+02, 3.423698e+02
1.000000e+02, 3.421777e+02
1.000000e+02, 3.419868e+02
1.000000e+02, 3.417970e+02
1.000000e+02, 3.416084e+02
1.000000e+02, 3.414210e+02
1.000000e+02, 3.412348e+02
1.000000e+02, 3.410498e+02
1.000000e+02, 3.408659e+02
1.000000e+02, 3.406832e+02
1.000000e+02, 3.405016e+02
1.000000e+02, 3.403212e+02
1.000000e+02, 3.401420e+02
1.000000e+02, 3.399639e+02
1.000000e+02, 3.397870e+02
1.000000e+02, 3.396112e+02
1.000000e+02, 3.394366e+02
1.000000e+02, 3.392631e+02
1.000000e+02, 3.390907e+02
1.000000e+02, 3.389195e+02
1.000000e+02, 3.387495e+02
1.000000e+02, 3.385805e+02
1.000000e+02, 3.384127e+02
1.000000e+02, 3.382461e+02
1.000000e+02, 3.380805e+02
1.000000e+02, 3.379161e+02
1.000000e+02, 3.377528e+02
1.000000e+02, 3.375906e+02
1.000000e+02, 3.374295e+02
1.000000e+02, 3.372696e+02
1.000000e+02, 3.371107e+02
1.000000e+02, 3.369530e+02
1.000000e+02, 3.367964e+02
1.000000e+02, 3.366408e+02
1.000000e+02, 3.364864e+02
1.000000e+02, 3.363331e+02
1.000000e+02, 3.361809e+02
1.000000e+02, 3.360298e+02
1.000000e+02, 3.358797e+02
1.000000e+02, 3.357308e+02
1.000000e+02, 3.355829e+02
1.000000e+02, 3.354362e+02
1.000000e+02, 3.352905e+02
1.000000e+02, 3.351459e+02
1.000000e+02, 3.350024e+02
1.000000e+02, 3.348599e+02
1.000000e+02, 3.347186e+02
1.000000e+02, 3.345783e+02
1.000000e+02, 3.344391e+02
1.000000e+02, 3.343009e+02
1.000000e+02, 3.341639e+02
1.000000e+02, 3.340278e+02
1.000000e+02, 3.338929e+02
1.000000e+02, 3.337590e+02
1.000000e+02, 3.336262e+02
1.000000e+02, 3.334945e+02
1.000000e+02, 3.333638e+02
1.000000e+02, 3.332341e+02
1.000000e+02, 3.331055e+02
1.000000e+02, 3.329780e+02
1.000000e+02, 3.328515e+02
1.000000e+02, 3.327261e+02
1.000000e+02, 3.326017e+02
1.000000e+02, 3.324783e+02
1.000000e+02, 3.323560e+02
1.000000e+02, 3.322348e+02
1.000000e+02, 3.321146e+02
1.000000e+02, 3.319954e+02
1.000000e+02, 3.318772e+02
1.000000e+02, 3.317601e+02
1.000000e+02, 3.316441e+02
1.000000e+02, 3.315290e+02
1.000000e+02, 3.314150e+02
1.000000e+02, 3.313020e+02
1.000000e+02, 3.311901e+02
1.000000e+02, 3.310792e+02
1.000000e+02, 3.309693e+02
1.000000e+02, 3.308604e+02
1.000000e+02, 3.307526e+02
1.000000e+02, 3.306457e+02
1.000000e+02, 3.305399e+02
1.000000e+02, 3.304351e+02
1.000000e+02, 3.303313e+02
1.000000e+02, 3.302286e+02
1.000000e+02, 3.301268e+02
1.000000e+02, 3.300261e+02
1.000000e+02, 3.299264e+02
1.000000e+02, 3.298277e+02
1.000000e+02, 3.297300e+02
1.000000e+02, 3.296333e+02
1.000000e+02, 3.295376e+02
1.000000e+02, 3.294429e+02
1.000000e+02, 3.293492e+02
1.000000e+02, 3.292565e+02
1.000000e+02, 3.291649e+02
1.000000e+02, 3.290742e+02
1.000000e+02, 3.289845e+02
1.000000e+02, 3.288958e+02
1.000000e+02, 3.288081e+02
1.000000e+02, 3.287215e+02
1.000000e+02, 3.286358e+02
1.000000e+02, 3.285511e+02
1.000000e+02, 3.284674e+02
1.000000e+02, 3.283846e+02
1.000000e+02, 3.283029e+02
1.000000e+02, 3.282222e+02
1.000000e+02, 3.281424e+02
1.000000e+02, 3.280637e+02
1.000000e+02, 3.279859e+02
1.000000e+02, 3.279091e+02
1.000000e+02, 3.278333e+02
1.000000e+02, 3.277585e+02
1.000000e+02, 3.276847e+02
1.000000e+02, 3.276118e+02
1.000000e+02, 3.275399e+02
1.000000e+02, 3.274690e+02
1.000000e+02, 3.273991e+02
1.000000e+02, 3.273302e+02
1.000000e+02, 3.272622e+02
1.000000e+02, 3.271952e+02
1.000000e+02, 3.271292e+02
1.000000e+02, 3.270642e+02
1.000000e+02, 3.270001e+02
1.000000e+02, 3.269370e+02
1.000000e+02, 3.268749e+02
1.000000e+02, 3.268138e+02
1.000000e+02, 3.267536e+02
1.000000e+02, 3.266944e+02
1.000000e+02, 3.266362e+02
1.000000e+02, 3.265789e+02
1.000000e+02, 3.265226e+02
1.000000e+02, 3.264673e+02
1.000000e+02, 3.264129e+02
1.000000e+02, 3.263595e+02
1.000000e+02, 3.263071e+02
1.000000e+02, 3.262556e+02
1.000000e+02, 3.262051e+02
1.000000e+02, 3.261556e+02
1.000000e+02, 3.261070e+02
1.000000e+02, 3.260594e+02
1.000000e+02, 3.260127e+02
1.000000e+02, 3.259670e+02
1.000000e+02, 3.259223e+02
1.000000e+02, 3.258785e+02
1.000000e+02, 3.258357e+02
1.000000e+02, 3.257939e+02
1.000000e+02, 3.257530e+02
1.000000e+02, 3.257130e+02
1.000000e+02, 3.256740e+02
1.000000e+02, 3.256360e+02
1.000000e+02, 3.255990e+02
1.000000e+02, 3.255628e+02
1.000000e+02, 3.255277e+02
1.000000e+02, 3.254935e+02
1.000000e+02, 3.254602e+02
1.000000e+02, 3.254279e+02
1.000000e+02, 3.253966e+02
1.000000e+02, 3.253662e+02
1.000000e+02, 3.253368e+02
1.000000e+02, 3.253083e+02
1.000000e+02, 3.252808e+02
1.000000e+02, 3.252542e+02
1.000000e+02, 3.252286e+02
1.000000e+02, 3.252039e+02
1.000000e+02, 3.251802e+02
1.000000e+02, 3.251574e+02
1.000000e+02, 3.251356e+02
1.000000e+02, 3.251148e+02
1.000000e+02, 3.250948e+02
1.000000e+02, 3.250759e+02
1.000000e+02, 3.250579e+02
1.000000e+02, 3.250408e+02
1.000000e+02, 3.250247e+02
1.000000e+02, 3.250095e+02
1.000000e+02, 3.249953e+02
1.000000e+02, 3.249820e+02
1.000000e+02, 3.249697e+02
1.000000e+02, 3.249583e+02
1.000000e+02, 3.249479e+02
1.000000e+02, 3.249384e+02
1.000000e+02, 3.249299e+02
1.000000e+02, 3.249223e+02
1.000000e+02, 3.249157e+02
1.000000e+02, 3.249100e+02
1.000000e+02, 3.249052e+02
1.000000e+02, 3.249014e+02
1.000000e+02, 3.248986e+02
1.000000e+02, 3.248967e+02
1.000000e+02, 3.248958e+02
1.000000e+02, 3.248958e+02
1.000000e+02, 3.248967e+02
1.000000e+02, 3.248986e+02
1.000000e+02, 3.249014e+02
1.000000e+02, 3.249052e+02
1.000000e+02, 3.249100e+02
1.000000e+02, 3.249157e+02
1.000000e+02, 3.249223e+02
1.000000e+02, 3.249299e+02
1.000000e+02, 3.249384e+02
1.000000e+02, 3.249479e+02
1.000000e+02, 3.249583e+02
1.000000e+02, 3.249697e+02
1.000000e+02, 3.249820e+02
1.000000e+02, 3.249953e+02
1.000000e+02, 3.250095e+02
1.000000e+02, 3.250247e+02
1.000000e+02, 3.250408e+02
1.000000e+02, 3.250579e+02
1.000000e+02, 3.250759e+02
1.000000e+02, 3.250948e+02
1.000000e+02, 3.251148e+02
1.000000e+02, 3.251356e+02
1.000000e+02, 3.251574e+02
1.000000e+02, 3.251802e+02
1.000000e+02, 3.252039e+02
1.000000e+02, 3.252286e+02
1.000000e+02, 3.252542e+02
1.000000e+02, 3.252808e+02
1.000000e+02, 3.253083e+02
1.000000e+02, 3.253368e+02
1.000000e+02, 3.253662e+02
1.000000e+02, 3.253966e+02
1.000000e+02, 3.254279e+02
1.000000e+02, 3.254602e+02
1.000000e+02, 3.254935e+02
1.000000e+02, 3.255277e+02
1.000000e+02, 3.255628e+02
1.000000e+02, 3.255990e+02
1.000000e+02, 3.256360e+02
1.000000e+02, 3.256740e+02
1.000000e+02, 3.257130e+02
1.000000e+02, 3.257530e+02
1.000000e+02, 3.257939e+02
1.000000e+02, 3.258357e+02
1.000000e+02, 3.258785e+02
1.000000e+02, 3.259223e+02
1.000000e+02, 3.259670e+02
1.000000e+02, 3.260127e+02
1.000000e+02, 3.260594e+02
1.000000e+02, 3.261070e+02
1.000000e+02, 3.261556e+02
1.000000e+02, 3.262051e+02
1.000000e+02, 3.262556e+02
1.000000e+02, 3.263071e+02
1.000000e+02, 3.263595e+02
1.000000e+02, 3.264129e+02
1.000000e+02, 3.264673e+02
1.000000e+02, 3.265226e+02
1.000000e+02, 3.265789e+02
1.000000e+02, 3.266362e+02
1.000000e+02, 3.266944e+02
1.000000e+02, 3.267536e+02
1.000000e+02, 3.268138e+02
1.000000e+02, 3.268749e+02
1.000000e+02, 3.269370e+02
1.000000e+02, 3.270001e+02
1.000000e+02, 3.270642e+02
1.000000e+02, 3.271292e+02
1.000000e+02, 3.271952e+02
1.000000e+02, 3.272622e+02
1.000000e+02, 3.273302e+02
1.000000e+02, 3.273991e+02
1.000000e+02, 3.274690e+02
1.000000e+02, 3.275399e+02
1.000000e+02, 3.276118e+02
1.000000e+02, 3.276847e+02
1.000000e+02, 3.277585e+02
1.000000e+02, 3.278333e+02
1.000000e+02, 3.279091e+02
1.000000e+02, 3.279859e+02
1.000000e+02, 3.280637e+02
1.000000e+02, 3.281424e+02
1.000000e+02, 3.282222e+02
1.000000e+02, 3.283029e+02
1.000000e+02, 3.283847e+02
1.000000e+02, 3.284674e+02
1.000000e+02, 3.285511e+02
1.000000e+02, 3.286358e+02
1.000000e+02, 3.287215e+02
1.000000e+02, 3.288081e+02
1.000000e+02, 3.288958e+02
1.000000e+02, 3.289845e+02
1.000000e+02, 3.290742e+02
1.000000e+02, 3.291649e+02
1.000000e+02, 3.292565e+02
1.000000e+02, 3.293492e+02
1.000000e+02, 3.294429e+02
1.000000e+02, 3.295376e+02
1.000000e+02, 3.296333e+02
1.000000e+02, 3.297300e+02
1.000000e+02, 3.298277e+02
1.000000e+02, 3.299264e+02
1.000000e+02, 3.300261e+02
1.000000e+02, 3.301268e+02
1.000000e+02, 3.302286e+02
1.000000e+02, 3.303313e+02
1.000000e+02, 3.304351e+02
1.000000e+02, 3.305399e+02
1.000000e+02, 3.306457e+02
1.000000e+02, 3.307526e+02
1.000000e+02, 3.308604e+02
1.000000e+02, 3.309693e+02
1.000000e+02, 3.310792e+02
1.000000e+02, 3.311901e+02
1.000000e+02, 3.313020e+02
1.000000e+02, 3.314150e+02
1.000000e+02, 3.315290e+02
1.000000e+02, 3.316441e+02
1.000000e+02, 3.317601e+02
1.000000e+02, 3.318772e+02
1.000000e+02, 3.319954e+02
1.000000e+02, 3.321146e+02
1.000000e+02, 3.322348e+02
1.000000e+02, 3.323560e+02
1.000000e+02, 3.324783e+02
1.000000e+02, 3.326017e+02
1.000000e+02, 3.327261e+02
1.000000e+02, 3.328515e+02
1.000000e+02, 3.329780e+02
1.000000e+02, 3.331055e+02
1.000000e+02, 3.332341e+02
1.000000e+02, 3.333638e+02
1.000000e+02, 3.334945e+02
1.000000e+02, 3.336262e+02
1.000000e+02, 3.337590e+02
1.000000e+02, 3.338929e+02
1.000000e+02, 3.340278e+02
1.000000e+02, 3.341639e+02
1.000000e+02, 3.343009e+02
1.000000e+02, 3.344391e+02
1.000000e+02, 3.345783e+02
1.000000e+02, 3.347186e+02
1.000000e+02, 3.348599e+02
1.000000e+02, 3.350024e+02
1.000000e+02, 3.351459e+02
1.000000e+02, 3.352905e+02
1.000000e+02, 3.354362e+02
1.000000e+02, 3.355829e+02
1.000000e+02, 3.357308e+02
1.000000e+02, 3.358797e+02
1.000000e+02, 3.360298e+02
1.000000e+02, 3.361809e+02
1.000000e+02, 3.363331e+02
1.000000e+02, 3.364864e+02
1.000000e+02, 3.366408e+02
1.000000e+02, 3.367964e+02
1.000000e+02, 3.369530e+02
1.000000e+02, 3.371107e+02
1.000000e+02, 3.372696e+02
1.000000e+02, 3.374295e+02
1.000000e+02, 3.375906e+02
1.000000e+02, 3.377528e+02
1.000000e+02, 3.379161e+02
1.000000e+02, 3.380805e+02
1.000000e+02, 3.382461e+02
1.000000e+02, 3.384127e+02
1.000000e+02, 3.385805e+02
1.000000e+02, 3.387495e+02
1.000000e+02, 3.389195e+02
1.000000e+02, 3.390907e+02
1.000000e+02, 3.392631e+02
1.000000e+02, 3.394366e+02
1.000000e+02, 3.396112e+02
1.000000e+02, 3.397870e+02
1.000000e+02, 3.399639e+02
1.000000e+02, 3.401420e+02
1.000000e+02, 3.403212e+02
1.000000e+02, 3.405016e+02
1.000000e+02, 3.406832e+02
1.000000e+02, 3.408659e+02
1.000000e+02, 3.410498e+02
1.000000e+02, 3.412348e+02
1.000000e+02, 3.414210e+02
1.000000e+02, 3.416084e+02
1.000000e+02, 3.417970e+02
1.000000e+02, 3.419868e+02
1.000000e+02, 3.421777e+02
1.000000e+02, 3.423698e+02
1.000000e+02, 3.425631e+02
1.000000e+02, 3.427576e+02
1.000000e+02, 3.429534e+02
1.000000e+02, 3.431503e+02
1.000000e+02, 3.433484e+02
1.000000e+02, 3.435477e+02
1.000000e+02, 3.437482e+02
1.000000e+02, 3.439500e+02
1.000000e+02, 3.441529e+02
1.000000e+02, 3.443571e+02
1.000000e+02, 3.445625e+02
1.000000e+02, 3.447691e+02
1.000000e+02, 3.449770e+02
1.000000e+02, 3.451860e+02
1.000000e+02, 3.453964e+02
1.000000e+02, 3.456079e+02
1.000000e+02, 3.458207e+02
1.000000e+02, 3.460348e+02
1.000000e+02, 3.462501e+02
1.000000e+02, 3.464667e+02
1.000000e+02, 3.466845e+02
1.000000e+02, 3.469036e+02
1.000000e+02, 3.471239e+02
1.000000e+02, 3.473455e+02
1.000000e+02, 3.475684e+02
1.000000e+02, 3.477926e+02
1.000000e+02, 3.480180e+02
1.000000e+02, 3.482448e+02
1.000000e+02, 3.484728e+02
1.000000e+02, 3.487021e+02
1.000000e+02, 3.489328e+02
1.000000e+02, 3.491647e+02
1.000000e+02, 3.493979e+02
1.000000e+02, 3.496325e+02
1.000000e+02, 3.498683e+02
1.000000e+02, 3.501055e+02
1.000000e+02, 3.503440e+02
1.000000e+02, 3.505839e+02
1.000000e+02, 3.508250e+02
1.000000e+02, 3.510675e+02
1.000000e+02, 3.513114e+02
1.000000e+02, 3.515566e+02
1.000000e+02, 3.518031e+02
1.000000e+02, 3.520510e+02
1.000000e+02, 3.523003e+02
1.000000e+02, 3.525509e+02
1.000000e+02, 3.528029e+02
1.000000e+02, 3.530563e+02
1.000000e+02, 3.533110e+02
1.000000e+02, 3.535672e+02
1.000000e+02, 3.538247e+02
1.000000e+02, 3.540836e+02
1.000000e+02, 3.543440e+02
1.000000e+02, 3.546057e+02
1.000000e+02, 3.548689e+02
1.000000e+02, 3.551334e+02
1.000000e+02, 3.553994e+02
1.000000e+02, 3.556668e+02
1.000000e+02, 3.559357e+02
1.000000e+02, 3.562060e+02
1.000000e+02, 3.564777e+02
1.000000e+02, 3.567509e+02
1.000000e+02, 3.570255e+02
1.000000e+02, 3.573016e+02
1.000000e+02, 3.575792e+02
1.000000e+02, 3.578582e+02
1.000000e+02, 3.581387e+02
1.000000e+02, 3.584208e+02
1.000000e+02, 3.587043e+02
1.000000e+02, 3.589892e+02
1.000000e+02, 3.592757e+02
1.000000e+02, 3.595638e+02
1.000000e+02, 3.598533e+02
1.000000e+02, 1.443434e-01
1.000000e+02, 4.369261e-01
1.000000e+02, 7.310455e-01
1.000000e+02, 1.026708e+00
1.000000e+02, 1.323921e+00
1.000000e+02, 1.622691e+00
1.000000e+02, 1.923025e+00
1.000000e+02, 2.224930e+00
1.000000e+02, 2.528412e+00
1.000000e+02, 2.833480e+00
1.000000e+02, 3.140140e+00
1.000000e+02, 3.448400e+00
1.000000e+02, 3.758267e+00
1.000000e+02, 4.069749e+00
1.000000e+02, 4.382852e+00
1.000000e+02, 4.697586e+00
1.000000e+02, 5.013957e+00
1.000000e+02, 5.331973e+00
1.000000e+02, 5.651643e+00
1.000000e+02, 5.972974e+00
1.000000e+02, 6.295974e+00
1.000000e+02, 6.620652e+00
1.000000e+02, 6.947016e+00
1.000000e+02, 7.275075e+00
1.000000e+02, 7.604836e+00
1.000000e+02, 7.936309e+00
1.000000e+02, 8.269501e+00
1.000000e+02, 8.604423e+00
1.000000e+02, 8.941083e+00
1.000000e+02, 9.279490e+00
1.000000e+02, 9.619652e+00
1.000000e+02, 9.961581e+00
1.000000e+02, 1.030528e+01
1.000000e+02, 1.065077e+01
1.000000e+02, 1.099805e+01
1.000000e+02, 1.134714e+01
1.000000e+02, 1.169803e+01
1.000000e+02, 1.205075e+01
1.000000e+02, 1.240531e+01
1.000000e+02, 1.276171e+01
1.000000e+02, 1.311996e+01
1.000000e+02, 1.348007e+01
1.000000e+02, 1.384206e+01
1.000000e+02, 1.420594e+01
1.000000e+02, 1.457171e+01
1.000000e+02, 1.493940e+01
1.000000e+02, 1.530900e+01
1.000000e+02, 1.568053e+01
1.000000e+02, 1.605400e+01
1.000000e+02, 1.642942e+01
1.000000e+02, 1.680681e+01
1.000000e+02, 1.718618e+01
1.000000e+02, 1.756754e+01
1.000000e+02, 1.795089e+01
1.000000e+02, 1.833627e+01
1.000000e+02, 1.872366e+01
1.000000e+02, 1.911310e+01
1.000000e+02, 1.950459e+01
1.000000e+02, 1.989814e+01
1.000000e+02, 2.029377e+01
1.000000e+02, 2.069150e+01
1.000000e+02, 2.109133e+01
1.000000e+02, 2.149328e+01
1.000000e+02, 2.189736e+01
1.000000e+02, 2.230359e+01
1.000000e+02, 2.271198e+01
1.000000e+02, 2.312255e+01
1.000000e+02, 2.353531e+01
1.000000e+02, 2.395028e+01
1.000000e+02, 2.436747e+01
1.000000e+02, 2.478689e+01
1.000000e+02, 2.520858e+01
1.000000e+02, 2.563253e+01
1.000000e+02, 2.605876e+01
1.000000e+02, 2.648730e+01
1.000000e+02, 2.691816e+01
1.000000e+02, 2.735135e+01
1.000000e+02, 2.778690e+01
1.000000e+02, 2.822482e+01
1.000000e+02, 2.866512e+01
1.000000e+02, 2.910784e+01
1.000000e+02, 2.955297e+01
1.000000e+02, 3.000056e+01
1.000000e+02, 3.045060e+01
1.000000e+02, 3.090313e+01
1.000000e+02, 3.135815e+01
1.000000e+02, 3.181570e+01
1.000000e+02, 3.227579e+01
1.000000e+02, 3.273844e+01
1.000000e+02, 3.320368e+01
1.000000e+02, 3.367152e+01
1.000000e+02, 3.414198e+01
1.000000e+02, 3.461509e+01
1.000000e+02, 3.509088e+01
1.000000e+02, 3.556935e+01
1.000000e+02, 3.605054e+01
1.000000e+02, 3.653447e+01
1.000000e+02, 3.702116e+01
1.000000e+02, 3.751064e+01
1.000000e+02, 3.800293e+01
1.000000e+02, 3.849806e+01
1.000000e+02, 3.899605e+01
1.000000e+02, 3.949693e+01
1.000000e+02, 4.000072e+01
1.000000e+02, 4.050746e+01
1.000000e+02, 4.101716e+01
1.000000e+02, 4.152987e+01
1.000000e+02, 4.204560e+01
1.000000e+02, 4.256438e+01
1.000000e+02, 4.308625e+01
1.000000e+02, 4.361123e+01
1.000000e+02, 4.413936e+01
1.000000e+02, 4.467067e+01
1.000000e+02, 4.520519e+01
1.000000e+02, 4.574294e+01
1.000000e+02, 4.628398e+01
1.000000e+02, 4.682832e+01
1.000000e+02, 4.737600e+01
1.000000e+02, 4.792707e+01
1.000000e+02, 4.848155e+01
1.000000e+02, 4.903947e+01
1.000000e+02, 4.960089e+01
1.000000e+02, 5.016584e+01
1.000000e+02, 5.073435e+01
1.000000e+02, 5.130647e+01
1.000000e+02, 5.188223e+01
1.000000e+02, 5.246168e+01
1.000000e+02, 5.304487e+01
1.000000e+02, 5.363182e+01
1.000000e+02, 5.422260e+01
1.000000e+02, 5.481724e+01
1.000000e+02, 5.541580e+01
1.000000e+02, 5.601831e+01
1.000000e+02, 5.662483e+01
1.000000e+02, 5.723540e+01
1.000000e+02, 5.785009e+01
1.000000e+02, 5.846893e+01
1.000000e+02, 5.909199e+01
1.000000e+02, 5.971931e+01
1.000000e+02, 6.035096e+01
1.000000e+02, 6.098700e+01
1.000000e+02, 6.162747e+01
1.000000e+02, 6.227244e+01
1.000000e+02, 6.292198e+01
1.000000e+02, 6.357614e+01
1.000000e+02, 6.423499e+01
1.000000e+02, 6.489861e+01
1.000000e+02, 6.556704e+01
1.000000e+02, 6.624038e+01
1.000000e+02, 6.691869e+01
1.000000e+02, 6.760204e+01
1.000000e+02, 6.829051e+01
1.000000e+02, 6.898417e+01
1.000000e+02, 6.968312e+01
1.000000e+02, 7.038743e+01
1.000000e+02, 7.109719e+01
1.000000e+02, 7.181249e+01
1.000000e+02, 7.253341e+01
1.000000e+02, 7.326005e+01
1.000000e+02, 7.399251e+01
1.000000e+02, 7.473088e+01
1.000000e+02, 7.547527e+01
1.000000e+02, 7.622578e+01
1.000000e+02, 7.698253e+01
1.000000e+02, 7.774562e+01
1.000000e+02, 7.851517e+01
1.000000e+02, 7.929129e+01
1.000000e+02, 8.007413e+01
1.000000e+02, 8.086379e+01
1.000000e+02, 8.166042e+01
1.000000e+02, 8.246415e+01
1.000000e+02, 8.327513e+01
1.000000e+02, 8.409349e+01
1.000000e+02, 8.491941e+01
1.000000e+02, 8.575302e+01
1.000000e+02, 8.659450e+01
1.000000e+02, 8.744402e+01
1.000000e+02, 8.830176e+01
1.000000e+02, 8.916790e+01
1.000000e+02, 9.004263e+01
1.000000e+02, 9.092615e+01
1.000000e+02, 9.181868e+01
1.000000e+02, 9.272042e+01
1.000000e+02, 9.363161e+01
1.000000e+02, 9.455248e+01
1.000000e+02, 9.548327e+01
1.000000e+02, 9.642426e+01
1.000000e+02, 9.737570e+01
1.000000e+02, 9.833789e+01
1.000000e+02, 9.931111e+01
1.000000e+02, 1.002957e+02
1.000000e+02, 1.012919e+02
1.000000e+02, 1.023002e+02
1.000000e+02, 1.033209e+02
1.000000e+02, 1.043543e+02
1.000000e+02, 1.054009e+02
1.000000e+02, 1.064611e+02
1.000000e+02, 1.075353e+02
1.000000e+02, 1.086241e+02
1.000000e+02, 1.097278e+02
1.000000e+02, 1.108472e+02
1.000000e+02, 1.119826e+02
1.000000e+02, 1.131348e+02
1.000000e+02, 1.143044e+02
1.000000e+02, 1.154921e+02
1.000000e+02, 1.166986e+02
1.000000e+02, 1.179247e+02
1.000000e+02, 1.191713e+02
1.000000e+02, 1.204392e+02
1.000000e+02, 1.217296e+02
1.000000e+02, 1.230434e+02
1.000000e+02, 1.243818e+02
1.000000e+02, 1.257461e+02
1.000000e+02, 1.271376e+02
1.000000e+02, 1.285580e+02
1.000000e+02, 1.300088e+02
1.000000e+02, 1.314919e+02
1.000000e+02, 1.330094e+02
1.000000e+02, 1.345634e+02
1.000000e+02, 1.361566e+02
1.000000e+02, 1.377917e+02
1.000000e+02, 1.394720e+02
1.000000e+02, 1.412011e+02
1.000000e+02, 1.429832e+02
1.000000e+02, 1.448231e+02
1.000000e+02, 1.467264e+02
1.000000e+02, 1.486997e+02
1.000000e+02, 1.507509e+02
1.000000e+02, 1.528894e+02
1.000000e+02, 1.551268e+02
1.000000e+02, 1.574774e+02
1.000000e+02, 1.599597e+02
1.000000e+02, 1.625976e+02
1.000000e+02, 1.654234e+02
1.000000e+02, 1.684827e+02
1.000000e+02, 1.718434e+02
1.000000e+02, 1.756155e+02
1.000000e+02, 1.800000e+02
##END= 