##TITLE= /opt/topspin3.0/exp/stan/nmr/lists/wave/user/HypSec_trunc2.84_110
##JCAMP-DX= 5.00 Bruker JCAMP library
##DATA TYPE= Shape Data
##ORIGIN= Bruker BioSpin GmbH
##OWNER= <nmrsu>
##DATE= 15/02/24
##TIME= 16:15:04
##MINX= 1.164538e+01
##MAXX= 9.999960e+01
##MINY= 2.546774e-02
##MAXY= 3.585574e+02
##$SHAPE_EXMODE= Adiabatic
##$SHAPE_TOTROT= 1.800000e+02
##$SHAPE_BWFAC= 1.929340e+02
##$SHAPE_INTEGFAC= 2.356110e-02
##$SHAPE_MODE= 0
##NPOINTS= 1000
##XYPOINTS= (XY..XY)
1.000000e+02, 1.800000e+02
1.000000e+02, 1.779739e+02
1.000000e+02, 1.762307e+02
1.000000e+02, 1.746776e+02
1.000000e+02, 1.732638e+02
1.000000e+02, 1.719580e+02
1.000000e+02, 1.707390e+02
1.000000e+02, 1.695918e+02
1.000000e+02, 1.685056e+02
1.000000e+02, 1.674716e+02
1.000000e+02, 1.664834e+02
1.000000e+02, 1.655355e+02
1.000000e+02, 1.646235e+02
1.000000e+02, 1.637440e+02
1.000000e+02, 1.628937e+02
1.000000e+02, 1.620702e+02
1.000000e+02, 1.612711e+02
1.000000e+02, 1.604946e+02
1.000000e+02, 1.597390e+02
1.000000e+02, 1.590028e+02
1.000000e+02, 1.582846e+02
1.000000e+02, 1.575834e+02
1.000000e+02, 1.568980e+02
1.000000e+02, 1.562276e+02
1.000000e+02, 1.555712e+02
1.000000e+02, 1.549281e+02
1.000000e+02, 1.542976e+02
1.000000e+02, 1.536791e+02
1.000000e+02, 1.530720e+02
1.000000e+02, 1.524757e+02
1.000000e+02, 1.518898e+02
1.000000e+02, 1.513137e+02
1.000000e+02, 1.507471e+02
1.000000e+02, 1.501895e+02
1.000000e+02, 1.496407e+02
1.000000e+02, 1.491002e+02
1.000000e+02, 1.485677e+02
1.000000e+02, 1.480430e+02
1.000000e+02, 1.475257e+02
1.000000e+02, 1.470157e+02
1.000000e+02, 1.465125e+02
1.000000e+02, 1.460161e+02
1.000000e+02, 1.455262e+02
1.000000e+02, 1.450425e+02
1.000000e+02, 1.445649e+02
1.000000e+02, 1.440933e+02
1.000000e+02, 1.436273e+02
1.000000e+02, 1.431669e+02
1.000000e+02, 1.427120e+02
1.000000e+02, 1.422622e+02
1.000000e+02, 1.418176e+02
1.000000e+02, 1.413779e+02
1.000000e+02, 1.409430e+02
1.000000e+02, 1.405129e+02
1.000000e+02, 1.400873e+02
1.000000e+02, 1.396663e+02
1.000000e+02, 1.392495e+02
1.000000e+02, 1.388371e+02
1.000000e+02, 1.384288e+02
1.000000e+02, 1.380246e+02
1.000000e+02, 1.376243e+02
1.000000e+02, 1.372279e+02
1.000000e+02, 1.368353e+02
1.000000e+02, 1.364465e+02
1.000000e+02, 1.360612e+02
1.000000e+02, 1.356796e+02
1.000000e+02, 1.353014e+02
1.000000e+02, 1.349266e+02
1.000000e+02, 1.345552e+02
1.000000e+02, 1.341871e+02
1.000000e+02, 1.338221e+02
1.000000e+02, 1.334604e+02
1.000000e+02, 1.331017e+02
1.000000e+02, 1.327461e+02
1.000000e+02, 1.323934e+02
1.000000e+02, 1.320437e+02
1.000000e+02, 1.316969e+02
1.000000e+02, 1.313529e+02
1.000000e+02, 1.310117e+02
1.000000e+02, 1.306732e+02
1.000000e+02, 1.303374e+02
1.000000e+02, 1.300043e+02
1.000000e+02, 1.296737e+02
1.000000e+02, 1.293457e+02
1.000000e+02, 1.290202e+02
1.000000e+02, 1.286972e+02
1.000000e+02, 1.283767e+02
1.000000e+02, 1.280585e+02
1.000000e+02, 1.277427e+02
1.000000e+02, 1.274293e+02
1.000000e+02, 1.271181e+02
1.000000e+02, 1.268092e+02
1.000000e+02, 1.265025e+02
1.000000e+02, 1.261981e+02
1.000000e+02, 1.258958e+02
1.000000e+02, 1.255956e+02
1.000000e+02, 1.252975e+02
1.000000e+02, 1.250016e+02
1.000000e+02, 1.247076e+02
1.000000e+02, 1.244157e+02
1.000000e+02, 1.241258e+02
1.000000e+02, 1.238379e+02
1.000000e+02, 1.235519e+02
1.000000e+02, 1.232679e+02
1.000000e+02, 1.229857e+02
1.000000e+02, 1.227054e+02
1.000000e+02, 1.224270e+02
1.000000e+02, 1.221504e+02
1.000000e+02, 1.218756e+02
1.000000e+02, 1.216026e+02
1.000000e+02, 1.213313e+02
1.000000e+02, 1.210618e+02
1.000000e+02, 1.207941e+02
1.000000e+02, 1.205280e+02
1.000000e+02, 1.202636e+02
1.000000e+02, 1.200009e+02
1.000000e+02, 1.197398e+02
1.000000e+02, 1.194804e+02
1.000000e+02, 1.192225e+02
1.000000e+02, 1.189663e+02
1.000000e+02, 1.187116e+02
1.000000e+02, 1.184585e+02
1.000000e+02, 1.182070e+02
1.000000e+02, 1.179570e+02
1.000000e+02, 1.177085e+02
1.000000e+02, 1.174614e+02
1.000000e+02, 1.172159e+02
1.000000e+02, 1.169719e+02
1.000000e+02, 1.167293e+02
1.000000e+02, 1.164881e+02
1.000000e+02, 1.162483e+02
1.000000e+02, 1.160100e+02
1.000000e+02, 1.157731e+02
1.000000e+02, 1.155375e+02
1.000000e+02, 1.153034e+02
1.000000e+02, 1.150705e+02
1.000000e+02, 1.148391e+02
1.000000e+02, 1.146090e+02
1.000000e+02, 1.143801e+02
1.000000e+02, 1.141526e+02
1.000000e+02, 1.139264e+02
1.000000e+02, 1.137015e+02
1.000000e+02, 1.134779e+02
1.000000e+02, 1.132555e+02
1.000000e+02, 1.130344e+02
1.000000e+02, 1.128146e+02
1.000000e+02, 1.125959e+02
1.000000e+02, 1.123785e+02
1.000000e+02, 1.121623e+02
1.000000e+02, 1.119473e+02
1.000000e+02, 1.117335e+02
1.000000e+02, 1.115209e+02
1.000000e+02, 1.113094e+02
1.000000e+02, 1.110992e+02
1.000000e+02, 1.108900e+02
1.000000e+02, 1.106821e+02
1.000000e+02, 1.104752e+02
1.000000e+02, 1.102695e+02
1.000000e+02, 1.100649e+02
1.000000e+02, 1.098615e+02
1.000000e+02, 1.096591e+02
1.000000e+02, 1.094578e+02
1.000000e+02, 1.092576e+02
1.000000e+02, 1.090585e+02
1.000000e+02, 1.088605e+02
1.000000e+02, 1.086635e+02
1.000000e+02, 1.084676e+02
1.000000e+02, 1.082727e+02
1.000000e+02, 1.080789e+02
1.000000e+02, 1.078861e+02
1.000000e+02, 1.076943e+02
1.000000e+02, 1.075036e+02
1.000000e+02, 1.073139e+02
1.000000e+02, 1.071251e+02
1.000000e+02, 1.069374e+02
1.000000e+02, 1.067507e+02
1.000000e+02, 1.065649e+02
1.000000e+02, 1.063802e+02
1.000000e+02, 1.061964e+02
1.000000e+02, 1.060135e+02
1.000000e+02, 1.058317e+02
1.000000e+02, 1.056507e+02
1.000000e+02, 1.054708e+02
1.000000e+02, 1.052918e+02
1.000000e+02, 1.051137e+02
1.000000e+02, 1.049365e+02
1.000000e+02, 1.047603e+02
1.000000e+02, 1.045850e+02
1.000000e+02, 1.044106e+02
1.000000e+02, 1.042371e+02
1.000000e+02, 1.040645e+02
1.000000e+02, 1.038928e+02
1.000000e+02, 1.037220e+02
1.000000e+02, 1.035521e+02
1.000000e+02, 1.033830e+02
1.000000e+02, 1.032149e+02
1.000000e+02, 1.030476e+02
1.000000e+02, 1.028812e+02
1.000000e+02, 1.027156e+02
1.000000e+02, 1.025509e+02
1.000000e+02, 1.023871e+02
1.000000e+02, 1.022241e+02
1.000000e+02, 1.020619e+02
1.000000e+02, 1.019006e+02
1.000000e+02, 1.017401e+02
1.000000e+02, 1.015805e+02
1.000000e+02, 1.014216e+02
1.000000e+02, 1.012636e+02
1.000000e+02, 1.011064e+02
1.000000e+02, 1.009500e+02
1.000000e+02, 1.007945e+02
1.000000e+02, 1.006397e+02
1.000000e+02, 1.004857e+02
1.000000e+02, 1.003325e+02
1.000000e+02, 1.001801e+02
1.000000e+02, 1.000285e+02
1.000000e+02, 9.987773e+01
1.000000e+02, 9.972768e+01
1.000000e+02, 9.957842e+01
1.000000e+02, 9.942993e+01
1.000000e+02, 9.928220e+01
1.000000e+02, 9.913524e+01
1.000000e+02, 9.898904e+01
1.000000e+02, 9.884359e+01
1.000000e+02, 9.869890e+01
1.000000e+02, 9.855496e+01
1.000000e+02, 9.841176e+01
1.000000e+02, 9.826931e+01
1.000000e+02, 9.812759e+01
1.000000e+02, 9.798661e+01
1.000000e+02, 9.784637e+01
1.000000e+02, 9.770685e+01
1.000000e+02, 9.756806e+01
1.000000e+02, 9.742999e+01
1.000000e+02, 9.729264e+01
1.000000e+02, 9.715601e+01
1.000000e+02, 9.702009e+01
1.000000e+02, 9.688489e+01
1.000000e+02, 9.675038e+01
1.000000e+02, 9.661659e+01
1.000000e+02, 9.648349e+01
1.000000e+02, 9.635109e+01
1.000000e+02, 9.621939e+01
1.000000e+02, 9.608838e+01
1.000000e+02, 9.595806e+01
1.000000e+02, 9.582842e+01
1.000000e+02, 9.569947e+01
1.000000e+02, 9.557120e+01
1.000000e+02, 9.544361e+01
1.000000e+02, 9.531669e+01
1.000000e+02, 9.519045e+01
1.000000e+02, 9.506487e+01
1.000000e+02, 9.493997e+01
1.000000e+02, 9.481573e+01
1.000000e+02, 9.469215e+01
1.000000e+02, 9.456923e+01
1.000000e+02, 9.444697e+01
1.000000e+02, 9.432536e+01
1.000000e+02, 9.420441e+01
1.000000e+02, 9.408411e+01
1.000000e+02, 9.396445e+01
1.000000e+02, 9.384544e+01
1.000000e+02, 9.372707e+01
1.000000e+02, 9.360934e+01
1.000000e+02, 9.349225e+01
1.000000e+02, 9.337580e+01
1.000000e+02, 9.325998e+01
1.000000e+02, 9.314479e+01
1.000000e+02, 9.303023e+01
1.000000e+02, 9.291629e+01
1.000000e+02, 9.280298e+01
1.000000e+02, 9.269030e+01
1.000000e+02, 9.257823e+01
1.000000e+02, 9.246678e+01
1.000000e+02, 9.235595e+01
1.000000e+02, 9.224573e+01
1.000000e+02, 9.213612e+01
1.000000e+02, 9.202713e+01
1.000000e+02, 9.191874e+01
1.000000e+02, 9.181096e+01
1.000000e+02, 9.170378e+01
1.000000e+02, 9.159720e+01
1.000000e+02, 9.149123e+01
1.000000e+02, 9.138585e+01
1.000000e+02, 9.128107e+01
1.000000e+02, 9.117688e+01
1.000000e+02, 9.107329e+01
1.000000e+02, 9.097028e+01
1.000000e+02, 9.086787e+01
1.000000e+02, 9.076604e+01
1.000000e+02, 9.066480e+01
1.000000e+02, 9.056414e+01
1.000000e+02, 9.046406e+01
1.000000e+02, 9.036456e+01
1.000000e+02, 9.026564e+01
1.000000e+02, 9.016730e+01
1.000000e+02, 9.006953e+01
1.000000e+02, 8.997234e+01
1.000000e+02, 8.987571e+01
1.000000e+02, 8.977966e+01
1.000000e+02, 8.968417e+01
1.000000e+02, 8.958926e+01
1.000000e+02, 8.949490e+01
1.000000e+02, 8.940111e+01
1.000000e+02, 8.930789e+01
1.000000e+02, 8.921522e+01
1.000000e+02, 8.912311e+01
1.000000e+02, 8.903156e+01
1.000000e+02, 8.894056e+01
1.000000e+02, 8.885012e+01
1.000000e+02, 8.876024e+01
1.000000e+02, 8.867090e+01
1.000000e+02, 8.858211e+01
1.000000e+02, 8.849388e+01
1.000000e+02, 8.840619e+01
1.000000e+02, 8.831904e+01
1.000000e+02, 8.823244e+01
1.000000e+02, 8.814638e+01
1.000000e+02, 8.806087e+01
1.000000e+02, 8.797589e+01
1.000000e+02, 8.789146e+01
1.000000e+02, 8.780756e+01
1.000000e+02, 8.772420e+01
1.000000e+02, 8.764137e+01
1.000000e+02, 8.755908e+01
1.000000e+02, 8.747732e+01
1.000000e+02, 8.739609e+01
1.000000e+02, 8.731539e+01
1.000000e+02, 8.723521e+01
1.000000e+02, 8.715557e+01
1.000000e+02, 8.707645e+01
1.000000e+02, 8.699786e+01
1.000000e+02, 8.691979e+01
1.000000e+02, 8.684225e+01
1.000000e+02, 8.676522e+01
1.000000e+02, 8.668872e+01
1.000000e+02, 8.661274e+01
1.000000e+02, 8.653727e+01
1.000000e+02, 8.646232e+01
1.000000e+02, 8.638789e+01
1.000000e+02, 8.631397e+01
1.000000e+02, 8.624056e+01
1.000000e+02, 8.616767e+01
1.000000e+02, 8.609529e+01
1.000000e+02, 8.602342e+01
1.000000e+02, 8.595206e+01
1.000000e+02, 8.588121e+01
1.000000e+02, 8.581086e+01
1.000000e+02, 8.574102e+01
1.000000e+02, 8.567169e+01
1.000000e+02, 8.560286e+01
1.000000e+02, 8.553453e+01
1.000000e+02, 8.546671e+01
1.000000e+02, 8.539939e+01
1.000000e+02, 8.533257e+01
1.000000e+02, 8.526625e+01
1.000000e+02, 8.520042e+01
1.000000e+02, 8.513510e+01
1.000000e+02, 8.507027e+01
1.000000e+02, 8.500593e+01
1.000000e+02, 8.494210e+01
1.000000e+02, 8.487875e+01
1.000000e+02, 8.481590e+01
1.000000e+02, 8.475354e+01
1.000000e+02, 8.469167e+01
1.000000e+02, 8.463030e+01
1.000000e+02, 8.456941e+01
1.000000e+02, 8.450901e+01
1.000000e+02, 8.444910e+01
1.000000e+02, 8.438968e+01
1.000000e+02, 8.433074e+01
1.000000e+02, 8.427229e+01
1.000000e+02, 8.421432e+01
1.000000e+02, 8.415684e+01
1.000000e+02, 8.409984e+01
1.000000e+02, 8.404332e+01
1.000000e+02, 8.398728e+01
1.000000e+02, 8.393173e+01
1.000000e+02, 8.387666e+01
1.000000e+02, 8.382206e+01
1.000000e+02, 8.376794e+01
1.000000e+02, 8.371430e+01
1.000000e+02, 8.366114e+01
1.000000e+02, 8.360846e+01
1.000000e+02, 8.355625e+01
1.000000e+02, 8.350452e+01
1.000000e+02, 8.345326e+01
1.000000e+02, 8.340247e+01
1.000000e+02, 8.335216e+01
1.000000e+02, 8.330232e+01
1.000000e+02, 8.325295e+01
1.000000e+02, 8.320405e+01
1.000000e+02, 8.315563e+01
1.000000e+02, 8.310767e+01
1.000000e+02, 8.306018e+01
1.000000e+02, 8.301316e+01
1.000000e+02, 8.296661e+01
1.000000e+02, 8.292053e+01
1.000000e+02, 8.287491e+01
1.000000e+02, 8.282976e+01
1.000000e+02, 8.278507e+01
1.000000e+02, 8.274085e+01
1.000000e+02, 8.269710e+01
1.000000e+02, 8.265381e+01
1.000000e+02, 8.261098e+01
1.000000e+02, 8.256861e+01
1.000000e+02, 8.252671e+01
1.000000e+02, 8.248527e+01
1.000000e+02, 8.244429e+01
1.000000e+02, 8.240377e+01
1.000000e+02, 8.236371e+01
1.000000e+02, 8.232411e+01
1.000000e+02, 8.228496e+01
1.000000e+02, 8.224628e+01
1.000000e+02, 8.220806e+01
1.000000e+02, 8.217029e+01
1.000000e+02, 8.213298e+01
1.000000e+02, 8.209613e+01
1.000000e+02, 8.205973e+01
1.000000e+02, 8.202379e+01
1.000000e+02, 8.198831e+01
1.000000e+02, 8.195328e+01
1.000000e+02, 8.191870e+01
1.000000e+02, 8.188458e+01
1.000000e+02, 8.185091e+01
1.000000e+02, 8.181770e+01
1.000000e+02, 8.178493e+01
1.000000e+02, 8.175262e+01
1.000000e+02, 8.172077e+01
1.000000e+02, 8.168936e+01
1.000000e+02, 8.165840e+01
1.000000e+02, 8.162790e+01
1.000000e+02, 8.159785e+01
1.000000e+02, 8.156824e+01
1.000000e+02, 8.153909e+01
1.000000e+02, 8.151038e+01
1.000000e+02, 8.148213e+01
1.000000e+02, 8.145432e+01
1.000000e+02, 8.142696e+01
1.000000e+02, 8.140005e+01
1.000000e+02, 8.137359e+01
1.000000e+02, 8.134757e+01
1.000000e+02, 8.132200e+01
1.000000e+02, 8.129688e+01
1.000000e+02, 8.127220e+01
1.000000e+02, 8.124797e+01
1.000000e+02, 8.122419e+01
1.000000e+02, 8.120085e+01
1.000000e+02, 8.117795e+01
1.000000e+02, 8.115551e+01
1.000000e+02, 8.113350e+01
1.000000e+02, 8.111194e+01
1.000000e+02, 8.109083e+01
1.000000e+02, 8.107015e+01
1.000000e+02, 8.104993e+01
1.000000e+02, 8.103014e+01
1.000000e+02, 8.101080e+01
1.000000e+02, 8.099190e+01
1.000000e+02, 8.097344e+01
1.000000e+02, 8.095543e+01
1.000000e+02, 8.093786e+01
1.000000e+02, 8.092073e+01
1.000000e+02, 8.090404e+01
1.000000e+02, 8.088779e+01
1.000000e+02, 8.087199e+01
1.000000e+02, 8.085662e+01
1.000000e+02, 8.084170e+01
1.000000e+02, 8.082722e+01
1.000000e+02, 8.081318e+01
1.000000e+02, 8.079958e+01
1.000000e+02, 8.078642e+01
1.000000e+02, 8.077370e+01
1.000000e+02, 8.076142e+01
1.000000e+02, 8.074958e+01
1.000000e+02, 8.073818e+01
1.000000e+02, 8.072722e+01
1.000000e+02, 8.071669e+01
1.000000e+02, 8.070661e+01
1.000000e+02, 8.069697e+01
1.000000e+02, 8.068776e+01
1.000000e+02, 8.067900e+01
1.000000e+02, 8.067067e+01
1.000000e+02, 8.066279e+01
1.000000e+02, 8.065534e+01
1.000000e+02, 8.064833e+01
1.000000e+02, 8.064176e+01
1.000000e+02, 8.063562e+01
1.000000e+02, 8.062993e+01
1.000000e+02, 8.062467e+01
1.000000e+02, 8.061986e+01
1.000000e+02, 8.061548e+01
1.000000e+02, 8.061153e+01
1.000000e+02, 8.060803e+01
1.000000e+02, 8.060496e+01
1.000000e+02, 8.060234e+01
1.000000e+02, 8.060015e+01
1.000000e+02, 8.059840e+01
1.000000e+02, 8.059708e+01
1.000000e+02, 8.059621e+01
1.000000e+02, 8.059577e+01
1.000000e+02, 8.059577e+01
1.000000e+02, 8.059621e+01
1.000000e+02, 8.059708e+01
1.000000e+02, 8.059840e+01
1.000000e+02, 8.060015e+01
1.000000e+02, 8.060234e+01
1.000000e+02, 8.060496e+01
1.000000e+02, 8.060803e+01
1.000000e+02, 8.061153e+01
1.000000e+02, 8.061548e+01
1.000000e+02, 8.061986e+01
1.000000e+02, 8.062467e+01
1.000000e+02, 8.062993e+01
1.000000e+02, 8.063562e+01
1.000000e+02, 8.064176e+01
1.000000e+02, 8.064833e+01
1.000000e+02, 8.065534e+01
1.000000e+02, 8.066279e+01
1.000000e+02, 8.067067e+01
1.000000e+02, 8.067900e+01
1.000000e+02, 8.068776e+01
1.000000e+02, 8.069697e+01
1.000000e+02, 8.070661e+01
1.000000e+02, 8.071669e+01
1.000000e+02, 8.072722e+01
1.000000e+02, 8.073818e+01
1.000000e+02, 8.074958e+01
1.000000e+02, 8.076142e+01
1.000000e+02, 8.077370e+01
1.000000e+02, 8.078642e+01
1.000000e+02, 8.079958e+01
1.000000e+02, 8.081318e+01
1.000000e+02, 8.082722e+01
1.000000e+02, 8.084170e+01
1.000000e+02, 8.085662e+01
1.000000e+02, 8.087199e+01
1.000000e+02, 8.088779e+01
1.000000e+02, 8.090404e+01
1.000000e+02, 8.092073e+01
1.000000e+02, 8.093786e+01
1.000000e+02, 8.095543e+01
1.000000e+02, 8.097344e+01
1.000000e+02, 8.099190e+01
1.000000e+02, 8.101080e+01
1.000000e+02, 8.103014e+01
1.000000e+02, 8.104993e+01
1.000000e+02, 8.107015e+01
1.000000e+02, 8.109083e+01
1.000000e+02, 8.111194e+01
1.000000e+02, 8.113350e+01
1.000000e+02, 8.115551e+01
1.000000e+02, 8.117795e+01
1.000000e+02, 8.120085e+01
1.000000e+02, 8.122419e+01
1.000000e+02, 8.124797e+01
1.000000e+02, 8.127220e+01
1.000000e+02, 8.129688e+01
1.000000e+02, 8.132200e+01
1.000000e+02, 8.134757e+01
1.000000e+02, 8.137359e+01
1.000000e+02, 8.140005e+01
1.000000e+02, 8.142696e+01
1.000000e+02, 8.145432e+01
1.000000e+02, 8.148213e+01
1.000000e+02, 8.151038e+01
1.000000e+02, 8.153909e+01
1.000000e+02, 8.156824e+01
1.000000e+02, 8.159785e+01
1.000000e+02, 8.162790e+01
1.000000e+02, 8.165840e+01
1.000000e+02, 8.168936e+01
1.000000e+02, 8.172077e+01
1.000000e+02, 8.175262e+01
1.000000e+02, 8.178493e+01
1.000000e+02, 8.181770e+01
1.000000e+02, 8.185091e+01
1.000000e+02, 8.188458e+01
1.000000e+02, 8.191870e+01
1.000000e+02, 8.195328e+01
1.000000e+02, 8.198831e+01
1.000000e+02, 8.202379e+01
1.000000e+02, 8.205973e+01
1.000000e+02, 8.209613e+01
1.000000e+02, 8.213298e+01
1.000000e+02, 8.217029e+01
1.000000e+02, 8.220806e+01
1.000000e+02, 8.224628e+01
1.000000e+02, 8.228496e+01
1.000000e+02, 8.232411e+01
1.000000e+02, 8.236371e+01
1.000000e+02, 8.240377e+01
1.000000e+02, 8.244429e+01
1.000000e+02, 8.248527e+01
1.000000e+02, 8.252671e+01
1.000000e+02, 8.256861e+01
1.000000e+02, 8.261098e+01
1.000000e+02, 8.265381e+01
1.000000e+02, 8.269710e+01
1.000000e+02, 8.274085e+01
1.000000e+02, 8.278507e+01
1.000000e+02, 8.282976e+01
1.000000e+02, 8.287491e+01
1.000000e+02, 8.292053e+01
1.000000e+02, 8.296661e+01
1.000000e+02, 8.301316e+01
1.000000e+02, 8.306018e+01
1.000000e+02, 8.310767e+01
1.000000e+02, 8.315563e+01
1.000000e+02, 8.320405e+01
1.000000e+02, 8.325295e+01
1.000000e+02, 8.330232e+01
1.000000e+02, 8.335216e+01
1.000000e+02, 8.340247e+01
1.000000e+02, 8.345326e+01
1.000000e+02, 8.350452e+01
1.000000e+02, 8.355625e+01
1.000000e+02, 8.360846e+01
1.000000e+02, 8.366114e+01
1.000000e+02, 8.371431e+01
1.000000e+02, 8.376794e+01
1.000000e+02, 8.382206e+01
1.000000e+02, 8.387666e+01
1.000000e+02, 8.393173e+01
1.000000e+02, 8.398728e+01
1.000000e+02, 8.404332e+01
1.000000e+02, 8.409984e+01
1.000000e+02, 8.415684e+01
1.000000e+02, 8.421432e+01
1.000000e+02, 8.427229e+01
1.000000e+02, 8.433074e+01
1.000000e+02, 8.438968e+01
1.000000e+02, 8.444910e+01
1.000000e+02, 8.450901e+01
1.000000e+02, 8.456941e+01
1.000000e+02, 8.463030e+01
1.000000e+02, 8.469167e+01
1.000000e+02, 8.475354e+01
1.000000e+02, 8.481590e+01
1.000000e+02, 8.487875e+01
1.000000e+02, 8.494210e+01
1.000000e+02, 8.500593e+01
1.000000e+02, 8.507027e+01
1.000000e+02, 8.513510e+01
1.000000e+02, 8.520042e+01
1.000000e+02, 8.526625e+01
1.000000e+02, 8.533257e+01
1.000000e+02, 8.539939e+01
1.000000e+02, 8.546671e+01
1.000000e+02, 8.553453e+01
1.000000e+02, 8.560286e+01
1.000000e+02, 8.567169e+01
1.000000e+02, 8.574102e+01
1.000000e+02, 8.581086e+01
1.000000e+02, 8.588121e+01
1.000000e+02, 8.595206e+01
1.000000e+02, 8.602342e+01
1.000000e+02, 8.609529e+01
1.000000e+02, 8.616767e+01
1.000000e+02, 8.624056e+01
1.000000e+02, 8.631397e+01
1.000000e+02, 8.638789e+01
1.000000e+02, 8.646232e+01
1.000000e+02, 8.653727e+01
1.000000e+02, 8.661274e+01
1.000000e+02, 8.668872e+01
1.000000e+02, 8.676522e+01
1.000000e+02, 8.684225e+01
1.000000e+02, 8.691979e+01
1.000000e+02, 8.699786e+01
1.000000e+02, 8.707645e+01
1.000000e+02, 8.715557e+01
1.000000e+02, 8.723522e+01
1.000000e+02, 8.731539e+01
1.000000e+02, 8.739609e+01
1.000000e+02, 8.747732e+01
1.000000e+02, 8.755908e+01
1.000000e+02, 8.764137e+01
1.000000e+02, 8.772420e+01
1.000000e+02, 8.780756e+01
1.000000e+02, 8.789146e+01
1.000000e+02, 8.797589e+01
1.000000e+02, 8.806087e+01
1.000000e+02, 8.814639e+01
1.000000e+02, 8.823244e+01
1.000000e+02, 8.831904e+01
1.000000e+02, 8.840619e+01
1.000000e+02, 8.849388e+01
1.000000e+02, 8.858211e+01
1.000000e+02, 8.867090e+01
1.000000e+02, 8.876024e+01
1.000000e+02, 8.885012e+01
1.000000e+02, 8.894057e+01
1.000000e+02, 8.903156e+01
1.000000e+02, 8.912311e+01
1.000000e+02, 8.921522e+01
1.000000e+02, 8.930789e+01
1.000000e+02, 8.940111e+01
1.000000e+02, 8.949490e+01
1.000000e+02, 8.958926e+01
1.000000e+02, 8.968417e+01
1.000000e+02, 8.977966e+01
1.000000e+02, 8.987571e+01
1.000000e+02, 8.997234e+01
1.000000e+02, 9.006953e+01
1.000000e+02, 9.016730e+01
1.000000e+02, 9.026564e+01
1.000000e+02, 9.036456e+01
1.000000e+02, 9.046406e+01
1.000000e+02, 9.056414e+01
1.000000e+02, 9.066480e+01
1.000000e+02, 9.076604e+01
1.000000e+02, 9.086787e+01
1.000000e+02, 9.097028e+01
1.000000e+02, 9.107329e+01
1.000000e+02, 9.117688e+01
1.000000e+02, 9.128107e+01
1.000000e+02, 9.138585e+01
1.000000e+02, 9.149123e+01
1.000000e+02, 9.159720e+01
1.000000e+02, 9.170378e+01
1.000000e+02, 9.181096e+01
1.000000e+02, 9.191874e+01
1.000000e+02, 9.202713e+01
1.000000e+02, 9.213613e+01
1.000000e+02, 9.224573e+01
1.000000e+02, 9.235595e+01
1.000000e+02, 9.246678e+01
1.000000e+02, 9.257823e+01
1.000000e+02, 9.269030e+01
1.000000e+02, 9.280298e+01
1.000000e+02, 9.291629e+01
1.000000e+02, 9.303023e+01
1.000000e+02, 9.314479e+01
1.000000e+02, 9.325998e+01
1.000000e+02, 9.337580e+01
1.000000e+02, 9.349225e+01
1.000000e+02, 9.360934e+01
1.000000e+02, 9.372707e+01
1.000000e+02, 9.384544e+01
1.000000e+02, 9.396445e+01
1.000000e+02, 9.408411e+01
1.000000e+02, 9.420441e+01
1.000000e+02, 9.432536e+01
1.000000e+02, 9.444697e+01
1.000000e+02, 9.456923e+01
1.000000e+02, 9.469215e+01
1.000000e+02, 9.481573e+01
1.000000e+02, 9.493997e+01
1.000000e+02, 9.506488e+01
1.000000e+02, 9.519045e+01
1.000000e+02, 9.531669e+01
1.000000e+02, 9.544361e+01
1.000000e+02, 9.557120e+01
1.000000e+02, 9.569947e+01
1.000000e+02, 9.582842e+01
1.000000e+02, 9.595806e+01
1.000000e+02, 9.608838e+01
1.000000e+02, 9.621939e+01
1.000000e+02, 9.635109e+01
1.000000e+02, 9.648349e+01
1.000000e+02, 9.661659e+01
1.000000e+02, 9.675038e+01
1.000000e+02, 9.688489e+01
1.000000e+02, 9.702009e+01
1.000000e+02, 9.715601e+01
1.000000e+02, 9.729265e+01
1.000000e+02, 9.742999e+01
1.000000e+02, 9.756806e+01
1.000000e+02, 9.770685e+01
1.000000e+02, 9.784637e+01
1.000000e+02, 9.798661e+01
1.000000e+02, 9.812759e+01
1.000000e+02, 9.826931e+01
1.000000e+02, 9.841176e+01
1.000000e+02, 9.855496e+01
1.000000e+02, 9.869890e+01
1.000000e+02, 9.884359e+01
1.000000e+02, 9.898904e+01
1.000000e+02, 9.913524e+01
1.000000e+02, 9.928220e+01
1.000000e+02, 9.942993e+01
1.000000e+02, 9.957842e+01
1.000000e+02, 9.972769e+01
1.000000e+02, 9.987773e+01
1.000000e+02, 1.000285e+02
1.000000e+02, 1.001801e+02
1.000000e+02, 1.003325e+02
1.000000e+02, 1.004857e+02
1.000000e+02, 1.006397e+02
1.000000e+02, 1.007945e+02
1.000000e+02, 1.009500e+02
1.000000e+02, 1.011064e+02
1.000000e+02, 1.012636e+02
1.000000e+02, 1.014216e+02
1.000000e+02, 1.015805e+02
1.000000e+02, 1.017401e+02
1.000000e+02, 1.019006e+02
1.000000e+02, 1.020619e+02
1.000000e+02, 1.022241e+02
1.000000e+02, 1.023871e+02
1.000000e+02, 1.025509e+02
1.000000e+02, 1.027156e+02
1.000000e+02, 1.028812e+02
1.000000e+02, 1.030476e+02
1.000000e+02, 1.032149e+02
1.000000e+02, 1.033830e+02
1.000000e+02, 1.035521e+02
1.000000e+02, 1.037220e+02
1.000000e+02, 1.038928e+02
1.000000e+02, 1.040645e+02
1.000000e+02, 1.042371e+02
1.000000e+02, 1.044106e+02
1.000000e+02, 1.045850e+02
1.000000e+02, 1.047603e+02
1.000000e+02, 1.049365e+02
1.000000e+02, 1.051137e+02
1.000000e+02, 1.052918e+02
1.000000e+02, 1.054708e+02
1.000000e+02, 1.056508e+02
1.000000e+02, 1.058317e+02
1.000000e+02, 1.060135e+02
1.000000e+02, 1.061964e+02
1.000000e+02, 1.063802e+02
1.000000e+02, 1.065649e+02
1.000000e+02, 1.067507e+02
1.000000e+02, 1.069374e+02
1.000000e+02, 1.071251e+02
1.000000e+02, 1.073139e+02
1.000000e+02, 1.075036e+02
1.000000e+02, 1.076943e+02
1.000000e+02, 1.078861e+02
1.000000e+02, 1.080789e+02
1.000000e+02, 1.082727e+02
1.000000e+02, 1.084676e+02
1.000000e+02, 1.086635e+02
1.000000e+02, 1.088605e+02
1.000000e+02, 1.090585e+02
1.000000e+02, 1.092576e+02
1.000000e+02, 1.094578e+02
1.000000e+02, 1.096591e+02
1.000000e+02, 1.098615e+02
1.000000e+02, 1.100649e+02
1.000000e+02, 1.102695e+02
1.000000e+02, 1.104752e+02
1.000000e+02, 1.106821e+02
1.000000e+02, 1.108900e+02
1.000000e+02, 1.110992e+02
1.000000e+02, 1.113094e+02
1.000000e+02, 1.115209e+02
1.000000e+02, 1.117335e+02
1.000000e+02, 1.119473e+02
1.000000e+02, 1.121623e+02
1.000000e+02, 1.123785e+02
1.000000e+02, 1.125959e+02
1.000000e+02, 1.128146e+02
1.000000e+02, 1.130344e+02
1.000000e+02, 1.132555e+02
1.000000e+02, 1.134779e+02
1.000000e+02, 1.137015e+02
1.000000e+02, 1.139264e+02
1.000000e+02, 1.141526e+02
1.000000e+02, 1.143801e+02
1.000000e+02, 1.146090e+02
1.000000e+02, 1.148391e+02
1.000000e+02, 1.150705e+02
1.000000e+02, 1.153034e+02
1.000000e+02, 1.155375e+02
1.000000e+02, 1.157731e+02
1.000000e+02, 1.160100e+02
1.000000e+02, 1.162483e+02
1.000000e+02, 1.164881e+02
1.000000e+02, 1.167293e+02
1.000000e+02, 1.169719e+02
1.000000e+02, 1.172159e+02
1.000000e+02, 1.174614e+02
1.000000e+02, 1.177085e+02
1.000000e+02, 1.179570e+02
1.000000e+02, 1.182070e+02
1.000000e+02, 1.184585e+02
1.000000e+02, 1.187116e+02
1.000000e+02, 1.189663e+02
1.000000e+02, 1.192225e+02
1.000000e+02, 1.194804e+02
1.000000e+02, 1.197398e+02
1.000000e+02, 1.200009e+02
1.000000e+02, 1.202636e+02
1.000000e+02, 1.205280e+02
1.000000e+02, 1.207941e+02
1.000000e+02, 1.210618e+02
1.000000e+02, 1.213313e+02
1.000000e+02, 1.216026e+02
1.000000e+02, 1.218756e+02
1.000000e+02, 1.221504e+02
1.000000e+02, 1.224270e+02
1.000000e+02, 1.227054e+02
1.000000e+02, 1.229857e+02
1.000000e+02, 1.232679e+02
1.000000e+02, 1.235519e+02
1.000000e+02, 1.238379e+02
1.000000e+02, 1.241258e+02
1.000000e+02, 1.244157e+02
1.000000e+02, 1.247076e+02
1.000000e+02, 1.250016e+02
1.000000e+02, 1.252975e+02
1.000000e+02, 1.255956e+02
1.000000e+02, 1.258958e+02
1.000000e+02, 1.261981e+02
1.000000e+02, 1.265025e+02
1.000000e+02, 1.268092e+02
1.000000e+02, 1.271181e+02
1.000000e+02, 1.274293e+02
1.000000e+02, 1.277427e+02
1.000000e+02, 1.280585e+02
1.000000e+02, 1.283767e+02
1.000000e+02, 1.286972e+02
1.000000e+02, 1.290202e+02
1.000000e+02, 1.293457e+02
1.000000e+02, 1.296737e+02
1.000000e+02, 1.300043e+02
1.000000e+02, 1.303374e+02
1.000000e+02, 1.306732e+02
1.000000e+02, 1.310117e+02
1.000000e+02, 1.313529e+02
1.000000e+02, 1.316969e+02
1.000000e+02, 1.320437e+02
1.000000e+02, 1.323934e+02
1.000000e+02, 1.327461e+02
1.000000e+02, 1.331017e+02
1.000000e+02, 1.334604e+02
1.000000e+02, 1.338221e+02
1.000000e+02, 1.341871e+02
1.000000e+02, 1.345552e+02
1.000000e+02, 1.349266e+02
1.000000e+02, 1.353014e+02
1.000000e+02, 1.356796e+02
1.000000e+02, 1.360612e+02
1.000000e+02, 1.364465e+02
1.000000e+02, 1.368353e+02
1.000000e+02, 1.372279e+02
1.000000e+02, 1.376243e+02
1.000000e+02, 1.380246e+02
1.000000e+02, 1.384288e+02
1.000000e+02, 1.388371e+02
1.000000e+02, 1.392495e+02
1.000000e+02, 1.396663e+02
1.000000e+02, 1.400873e+02
1.000000e+02, 1.405129e+02
1.000000e+02, 1.409430e+02
1.000000e+02, 1.413779e+02
1.000000e+02, 1.418176e+02
1.000000e+02, 1.422622e+02
1.000000e+02, 1.427120e+02
1.000000e+02, 1.431669e+02
1.000000e+02, 1.436273e+02
1.000000e+02, 1.440933e+02
1.000000e+02, 1.445649e+02
1.000000e+02, 1.450425e+02
1.000000e+02, 1.455262e+02
1.000000e+02, 1.460161e+02
1.000000e+02, 1.465125e+02
1.000000e+02, 1.470157e+02
1.000000e+02, 1.475257e+02
1.000000e+02, 1.480430e+02
1.000000e+02, 1.485677e+02
1.000000e+02, 1.491002e+02
1.000000e+02, 1.496407e+02
1.000000e+02, 1.501895e+02
1.000000e+02, 1.507471e+02
1.000000e+02, 1.513137e+02
1.000000e+02, 1.518898e+02
1.000000e+02, 1.524757e+02
1.000000e+02, 1.530720e+02
1.000000e+02, 1.536791e+02
1.000000e+02, 1.542976e+02
1.000000e+02, 1.549281e+02
1.000000e+02, 1.555712e+02
1.000000e+02, 1.562276e+02
1.000000e+02, 1.568980e+02
1.000000e+02, 1.575834e+02
1.000000e+02, 1.582846e+02
1.000000e+02, 1.590028e+02
1.000000e+02, 1.597390e+02
1.000000e+02, 1.604946e+02
1.000000e+02, 1.612711e+02
1.000000e+02, 1.620702e+02
1.000000e+02, 1.628937e+02
1.000000e+02, 1.637440e+02
1.000000e+02, 1.646235e+02
1.000000e+02, 1.655355e+02
1.000000e+02, 1.664834e+02
1.000000e+02, 1.674716e+02
1.000000e+02, 1.685056e+02
1.000000e+02, 1.695919e+02
1.000000e+02, 1.707390e+02
1.000000e+02, 1.719580e+02
1.000000e+02, 1.732638e+02
1.000000e+02, 1.746776e+02
1.000000e+02, 1.762307e+02
1.000000e+02, 1.779739e+02
1.000000e+02, 1.800000e+02
##END= 