##TITLE= /opt/topspin3.0/exp/stan/nmr/lists/wave/user/HypSec_trunc2.84_110
##JCAMP-DX= 5.00 Bruker JCAMP library
##DATA TYPE= Shape Data
##ORIGIN= Bruker BioSpin GmbH
##OWNER= <nmrsu>
##DATE= 15/02/24
##TIME= 16:15:04
##MINX= 1.164538e+01
##MAXX= 9.999960e+01
##MINY= 2.546774e-02
##MAXY= 3.585574e+02
##$SHAPE_EXMODE= Adiabatic
##$SHAPE_TOTROT= 1.800000e+02
##$SHAPE_BWFAC= 1.929340e+02
##$SHAPE_INTEGFAC= 2.356110e-02
##$SHAPE_MODE= 0
##NPOINTS= 1000
##XYPOINTS= (XY..XY)
1.000000e+02, 1.800000e+02
1.000000e+02, 1.750841e+02
1.000000e+02, 1.708548e+02
1.000000e+02, 1.670866e+02
1.000000e+02, 1.636565e+02
1.000000e+02, 1.604882e+02
1.000000e+02, 1.575306e+02
1.000000e+02, 1.547474e+02
1.000000e+02, 1.521118e+02
1.000000e+02, 1.496033e+02
1.000000e+02, 1.472055e+02
1.000000e+02, 1.449057e+02
1.000000e+02, 1.426932e+02
1.000000e+02, 1.405592e+02
1.000000e+02, 1.384963e+02
1.000000e+02, 1.364982e+02
1.000000e+02, 1.345595e+02
1.000000e+02, 1.326755e+02
1.000000e+02, 1.308422e+02
1.000000e+02, 1.290560e+02
1.000000e+02, 1.273136e+02
1.000000e+02, 1.256122e+02
1.000000e+02, 1.239493e+02
1.000000e+02, 1.223226e+02
1.000000e+02, 1.207301e+02
1.000000e+02, 1.191698e+02
1.000000e+02, 1.176402e+02
1.000000e+02, 1.161395e+02
1.000000e+02, 1.146665e+02
1.000000e+02, 1.132197e+02
1.000000e+02, 1.117981e+02
1.000000e+02, 1.104004e+02
1.000000e+02, 1.090257e+02
1.000000e+02, 1.076730e+02
1.000000e+02, 1.063413e+02
1.000000e+02, 1.050300e+02
1.000000e+02, 1.037381e+02
1.000000e+02, 1.024650e+02
1.000000e+02, 1.012100e+02
1.000000e+02, 9.997242e+01
1.000000e+02, 9.875170e+01
1.000000e+02, 9.754726e+01
1.000000e+02, 9.635856e+01
1.000000e+02, 9.518511e+01
1.000000e+02, 9.402642e+01
1.000000e+02, 9.288205e+01
1.000000e+02, 9.175156e+01
1.000000e+02, 9.063455e+01
1.000000e+02, 8.953064e+01
1.000000e+02, 8.843945e+01
1.000000e+02, 8.736063e+01
1.000000e+02, 8.629386e+01
1.000000e+02, 8.523882e+01
1.000000e+02, 8.419520e+01
1.000000e+02, 8.316271e+01
1.000000e+02, 8.214107e+01
1.000000e+02, 8.113003e+01
1.000000e+02, 8.012932e+01
1.000000e+02, 7.913870e+01
1.000000e+02, 7.815794e+01
1.000000e+02, 7.718682e+01
1.000000e+02, 7.622512e+01
1.000000e+02, 7.527262e+01
1.000000e+02, 7.432914e+01
1.000000e+02, 7.339448e+01
1.000000e+02, 7.246846e+01
1.000000e+02, 7.155090e+01
1.000000e+02, 7.064162e+01
1.000000e+02, 6.974047e+01
1.000000e+02, 6.884728e+01
1.000000e+02, 6.796190e+01
1.000000e+02, 6.708418e+01
1.000000e+02, 6.621397e+01
1.000000e+02, 6.535114e+01
1.000000e+02, 6.449556e+01
1.000000e+02, 6.364709e+01
1.000000e+02, 6.280560e+01
1.000000e+02, 6.197098e+01
1.000000e+02, 6.114311e+01
1.000000e+02, 6.032187e+01
1.000000e+02, 5.950715e+01
1.000000e+02, 5.869885e+01
1.000000e+02, 5.789685e+01
1.000000e+02, 5.710106e+01
1.000000e+02, 5.631138e+01
1.000000e+02, 5.552771e+01
1.000000e+02, 5.474996e+01
1.000000e+02, 5.397804e+01
1.000000e+02, 5.321186e+01
1.000000e+02, 5.245133e+01
1.000000e+02, 5.169638e+01
1.000000e+02, 5.094692e+01
1.000000e+02, 5.020287e+01
1.000000e+02, 4.946415e+01
1.000000e+02, 4.873070e+01
1.000000e+02, 4.800243e+01
1.000000e+02, 4.727928e+01
1.000000e+02, 4.656117e+01
1.000000e+02, 4.584805e+01
1.000000e+02, 4.513983e+01
1.000000e+02, 4.443647e+01
1.000000e+02, 4.373789e+01
1.000000e+02, 4.304403e+01
1.000000e+02, 4.235484e+01
1.000000e+02, 4.167026e+01
1.000000e+02, 4.099022e+01
1.000000e+02, 4.031468e+01
1.000000e+02, 3.964357e+01
1.000000e+02, 3.897685e+01
1.000000e+02, 3.831447e+01
1.000000e+02, 3.765636e+01
1.000000e+02, 3.700249e+01
1.000000e+02, 3.635280e+01
1.000000e+02, 3.570725e+01
1.000000e+02, 3.506578e+01
1.000000e+02, 3.442836e+01
1.000000e+02, 3.379494e+01
1.000000e+02, 3.316547e+01
1.000000e+02, 3.253991e+01
1.000000e+02, 3.191822e+01
1.000000e+02, 3.130037e+01
1.000000e+02, 3.068630e+01
1.000000e+02, 3.007597e+01
1.000000e+02, 2.946936e+01
1.000000e+02, 2.886642e+01
1.000000e+02, 2.826711e+01
1.000000e+02, 2.767141e+01
1.000000e+02, 2.707926e+01
1.000000e+02, 2.649064e+01
1.000000e+02, 2.590551e+01
1.000000e+02, 2.532385e+01
1.000000e+02, 2.474560e+01
1.000000e+02, 2.417076e+01
1.000000e+02, 2.359927e+01
1.000000e+02, 2.303111e+01
1.000000e+02, 2.246625e+01
1.000000e+02, 2.190466e+01
1.000000e+02, 2.134631e+01
1.000000e+02, 2.079116e+01
1.000000e+02, 2.023920e+01
1.000000e+02, 1.969039e+01
1.000000e+02, 1.914471e+01
1.000000e+02, 1.860212e+01
1.000000e+02, 1.806260e+01
1.000000e+02, 1.752613e+01
1.000000e+02, 1.699268e+01
1.000000e+02, 1.646222e+01
1.000000e+02, 1.593473e+01
1.000000e+02, 1.541018e+01
1.000000e+02, 1.488856e+01
1.000000e+02, 1.436983e+01
1.000000e+02, 1.385397e+01
1.000000e+02, 1.334096e+01
1.000000e+02, 1.283078e+01
1.000000e+02, 1.232340e+01
1.000000e+02, 1.181880e+01
1.000000e+02, 1.131697e+01
1.000000e+02, 1.081787e+01
1.000000e+02, 1.032150e+01
1.000000e+02, 9.827823e+00
1.000000e+02, 9.336825e+00
1.000000e+02, 8.848484e+00
1.000000e+02, 8.362782e+00
1.000000e+02, 7.879700e+00
1.000000e+02, 7.399217e+00
1.000000e+02, 6.921316e+00
1.000000e+02, 6.445977e+00
1.000000e+02, 5.973183e+00
1.000000e+02, 5.502916e+00
1.000000e+02, 5.035158e+00
1.000000e+02, 4.569891e+00
1.000000e+02, 4.107098e+00
1.000000e+02, 3.646763e+00
1.000000e+02, 3.188869e+00
1.000000e+02, 2.733399e+00
1.000000e+02, 2.280337e+00
1.000000e+02, 1.829667e+00
1.000000e+02, 1.381374e+00
1.000000e+02, 9.354408e-01
1.000000e+02, 4.918535e-01
1.000000e+02, 5.059645e-02
1.000000e+02, 3.596117e+02
1.000000e+02, 3.591750e+02
1.000000e+02, 3.587407e+02
1.000000e+02, 3.583086e+02
1.000000e+02, 3.578788e+02
1.000000e+02, 3.574512e+02
1.000000e+02, 3.570258e+02
1.000000e+02, 3.566027e+02
1.000000e+02, 3.561818e+02
1.000000e+02, 3.557630e+02
1.000000e+02, 3.553464e+02
1.000000e+02, 3.549320e+02
1.000000e+02, 3.545198e+02
1.000000e+02, 3.541097e+02
1.000000e+02, 3.537017e+02
1.000000e+02, 3.532958e+02
1.000000e+02, 3.528921e+02
1.000000e+02, 3.524904e+02
1.000000e+02, 3.520908e+02
1.000000e+02, 3.516933e+02
1.000000e+02, 3.512978e+02
1.000000e+02, 3.509044e+02
1.000000e+02, 3.505130e+02
1.000000e+02, 3.501236e+02
1.000000e+02, 3.497362e+02
1.000000e+02, 3.493509e+02
1.000000e+02, 3.489675e+02
1.000000e+02, 3.485861e+02
1.000000e+02, 3.482067e+02
1.000000e+02, 3.478292e+02
1.000000e+02, 3.474537e+02
1.000000e+02, 3.470801e+02
1.000000e+02, 3.467085e+02
1.000000e+02, 3.463387e+02
1.000000e+02, 3.459709e+02
1.000000e+02, 3.456050e+02
1.000000e+02, 3.452409e+02
1.000000e+02, 3.448788e+02
1.000000e+02, 3.445185e+02
1.000000e+02, 3.441601e+02
1.000000e+02, 3.438035e+02
1.000000e+02, 3.434488e+02
1.000000e+02, 3.430959e+02
1.000000e+02, 3.427449e+02
1.000000e+02, 3.423956e+02
1.000000e+02, 3.420482e+02
1.000000e+02, 3.417026e+02
1.000000e+02, 3.413587e+02
1.000000e+02, 3.410167e+02
1.000000e+02, 3.406764e+02
1.000000e+02, 3.403379e+02
1.000000e+02, 3.400012e+02
1.000000e+02, 3.396662e+02
1.000000e+02, 3.393330e+02
1.000000e+02, 3.390015e+02
1.000000e+02, 3.386717e+02
1.000000e+02, 3.383437e+02
1.000000e+02, 3.380173e+02
1.000000e+02, 3.376927e+02
1.000000e+02, 3.373698e+02
1.000000e+02, 3.370485e+02
1.000000e+02, 3.367290e+02
1.000000e+02, 3.364111e+02
1.000000e+02, 3.360950e+02
1.000000e+02, 3.357804e+02
1.000000e+02, 3.354676e+02
1.000000e+02, 3.351564e+02
1.000000e+02, 3.348468e+02
1.000000e+02, 3.345389e+02
1.000000e+02, 3.342326e+02
1.000000e+02, 3.339279e+02
1.000000e+02, 3.336248e+02
1.000000e+02, 3.333234e+02
1.000000e+02, 3.330236e+02
1.000000e+02, 3.327253e+02
1.000000e+02, 3.324287e+02
1.000000e+02, 3.321337e+02
1.000000e+02, 3.318402e+02
1.000000e+02, 3.315483e+02
1.000000e+02, 3.312580e+02
1.000000e+02, 3.309693e+02
1.000000e+02, 3.306821e+02
1.000000e+02, 3.303964e+02
1.000000e+02, 3.301123e+02
1.000000e+02, 3.298298e+02
1.000000e+02, 3.295488e+02
1.000000e+02, 3.292693e+02
1.000000e+02, 3.289914e+02
1.000000e+02, 3.287149e+02
1.000000e+02, 3.284400e+02
1.000000e+02, 3.281666e+02
1.000000e+02, 3.278947e+02
1.000000e+02, 3.276243e+02
1.000000e+02, 3.273554e+02
1.000000e+02, 3.270880e+02
1.000000e+02, 3.268221e+02
1.000000e+02, 3.265576e+02
1.000000e+02, 3.262946e+02
1.000000e+02, 3.260331e+02
1.000000e+02, 3.257731e+02
1.000000e+02, 3.255145e+02
1.000000e+02, 3.252574e+02
1.000000e+02, 3.250017e+02
1.000000e+02, 3.247475e+02
1.000000e+02, 3.244947e+02
1.000000e+02, 3.242434e+02
1.000000e+02, 3.239935e+02
1.000000e+02, 3.237450e+02
1.000000e+02, 3.234979e+02
1.000000e+02, 3.232523e+02
1.000000e+02, 3.230081e+02
1.000000e+02, 3.227653e+02
1.000000e+02, 3.225239e+02
1.000000e+02, 3.222839e+02
1.000000e+02, 3.220452e+02
1.000000e+02, 3.218080e+02
1.000000e+02, 3.215722e+02
1.000000e+02, 3.213378e+02
1.000000e+02, 3.211047e+02
1.000000e+02, 3.208731e+02
1.000000e+02, 3.206428e+02
1.000000e+02, 3.204139e+02
1.000000e+02, 3.201863e+02
1.000000e+02, 3.199601e+02
1.000000e+02, 3.197353e+02
1.000000e+02, 3.195118e+02
1.000000e+02, 3.192897e+02
1.000000e+02, 3.190689e+02
1.000000e+02, 3.188495e+02
1.000000e+02, 3.186314e+02
1.000000e+02, 3.184146e+02
1.000000e+02, 3.181992e+02
1.000000e+02, 3.179851e+02
1.000000e+02, 3.177724e+02
1.000000e+02, 3.175610e+02
1.000000e+02, 3.173508e+02
1.000000e+02, 3.171420e+02
1.000000e+02, 3.169346e+02
1.000000e+02, 3.167284e+02
1.000000e+02, 3.165235e+02
1.000000e+02, 3.163200e+02
1.000000e+02, 3.161177e+02
1.000000e+02, 3.159168e+02
1.000000e+02, 3.157171e+02
1.000000e+02, 3.155187e+02
1.000000e+02, 3.153217e+02
1.000000e+02, 3.151259e+02
1.000000e+02, 3.149313e+02
1.000000e+02, 3.147381e+02
1.000000e+02, 3.145462e+02
1.000000e+02, 3.143555e+02
1.000000e+02, 3.141661e+02
1.000000e+02, 3.139779e+02
1.000000e+02, 3.137910e+02
1.000000e+02, 3.136054e+02
1.000000e+02, 3.134211e+02
1.000000e+02, 3.132380e+02
1.000000e+02, 3.130561e+02
1.000000e+02, 3.128755e+02
1.000000e+02, 3.126962e+02
1.000000e+02, 3.125181e+02
1.000000e+02, 3.123412e+02
1.000000e+02, 3.121656e+02
1.000000e+02, 3.119912e+02
1.000000e+02, 3.118181e+02
1.000000e+02, 3.116462e+02
1.000000e+02, 3.114755e+02
1.000000e+02, 3.113061e+02
1.000000e+02, 3.111379e+02
1.000000e+02, 3.109709e+02
1.000000e+02, 3.108051e+02
1.000000e+02, 3.106405e+02
1.000000e+02, 3.104772e+02
1.000000e+02, 3.103151e+02
1.000000e+02, 3.101542e+02
1.000000e+02, 3.099945e+02
1.000000e+02, 3.098360e+02
1.000000e+02, 3.096787e+02
1.000000e+02, 3.095226e+02
1.000000e+02, 3.093677e+02
1.000000e+02, 3.092140e+02
1.000000e+02, 3.090615e+02
1.000000e+02, 3.089102e+02
1.000000e+02, 3.087601e+02
1.000000e+02, 3.086112e+02
1.000000e+02, 3.084635e+02
1.000000e+02, 3.083169e+02
1.000000e+02, 3.081716e+02
1.000000e+02, 3.080274e+02
1.000000e+02, 3.078844e+02
1.000000e+02, 3.077426e+02
1.000000e+02, 3.076020e+02
1.000000e+02, 3.074625e+02
1.000000e+02, 3.073242e+02
1.000000e+02, 3.071871e+02
1.000000e+02, 3.070511e+02
1.000000e+02, 3.069163e+02
1.000000e+02, 3.067827e+02
1.000000e+02, 3.066502e+02
1.000000e+02, 3.065189e+02
1.000000e+02, 3.063888e+02
1.000000e+02, 3.062598e+02
1.000000e+02, 3.061320e+02
1.000000e+02, 3.060053e+02
1.000000e+02, 3.058798e+02
1.000000e+02, 3.057554e+02
1.000000e+02, 3.056322e+02
1.000000e+02, 3.055102e+02
1.000000e+02, 3.053892e+02
1.000000e+02, 3.052695e+02
1.000000e+02, 3.051508e+02
1.000000e+02, 3.050333e+02
1.000000e+02, 3.049170e+02
1.000000e+02, 3.048017e+02
1.000000e+02, 3.046877e+02
1.000000e+02, 3.045747e+02
1.000000e+02, 3.044629e+02
1.000000e+02, 3.043522e+02
1.000000e+02, 3.042427e+02
1.000000e+02, 3.041343e+02
1.000000e+02, 3.040270e+02
1.000000e+02, 3.039208e+02
1.000000e+02, 3.038158e+02
1.000000e+02, 3.037119e+02
1.000000e+02, 3.036091e+02
1.000000e+02, 3.035074e+02
1.000000e+02, 3.034069e+02
1.000000e+02, 3.033074e+02
1.000000e+02, 3.032091e+02
1.000000e+02, 3.031119e+02
1.000000e+02, 3.030159e+02
1.000000e+02, 3.029209e+02
1.000000e+02, 3.028270e+02
1.000000e+02, 3.027343e+02
1.000000e+02, 3.026427e+02
1.000000e+02, 3.025522e+02
1.000000e+02, 3.024627e+02
1.000000e+02, 3.023744e+02
1.000000e+02, 3.022872e+02
1.000000e+02, 3.022011e+02
1.000000e+02, 3.021161e+02
1.000000e+02, 3.020323e+02
1.000000e+02, 3.019495e+02
1.000000e+02, 3.018678e+02
1.000000e+02, 3.017872e+02
1.000000e+02, 3.017077e+02
1.000000e+02, 3.016293e+02
1.000000e+02, 3.015520e+02
1.000000e+02, 3.014758e+02
1.000000e+02, 3.014007e+02
1.000000e+02, 3.013267e+02
1.000000e+02, 3.012538e+02
1.000000e+02, 3.011820e+02
1.000000e+02, 3.011112e+02
1.000000e+02, 3.010416e+02
1.000000e+02, 3.009730e+02
1.000000e+02, 3.009056e+02
1.000000e+02, 3.008392e+02
1.000000e+02, 3.007739e+02
1.000000e+02, 3.007097e+02
1.000000e+02, 3.006466e+02
1.000000e+02, 3.005845e+02
1.000000e+02, 3.005236e+02
1.000000e+02, 3.004637e+02
1.000000e+02, 3.004049e+02
1.000000e+02, 3.003472e+02
1.000000e+02, 3.002906e+02
1.000000e+02, 3.002350e+02
1.000000e+02, 3.001806e+02
1.000000e+02, 3.001272e+02
1.000000e+02, 3.000749e+02
1.000000e+02, 3.000236e+02
1.000000e+02, 2.999735e+02
1.000000e+02, 2.999244e+02
1.000000e+02, 2.998764e+02
1.000000e+02, 2.998295e+02
1.000000e+02, 2.997836e+02
1.000000e+02, 2.997388e+02
1.000000e+02, 2.996951e+02
1.000000e+02, 2.996525e+02
1.000000e+02, 2.996109e+02
1.000000e+02, 2.995705e+02
1.000000e+02, 2.995310e+02
1.000000e+02, 2.994927e+02
1.000000e+02, 2.994554e+02
1.000000e+02, 2.994192e+02
1.000000e+02, 2.993841e+02
1.000000e+02, 2.993500e+02
1.000000e+02, 2.993170e+02
1.000000e+02, 2.992851e+02
1.000000e+02, 2.992542e+02
1.000000e+02, 2.992244e+02
1.000000e+02, 2.991957e+02
1.000000e+02, 2.991680e+02
1.000000e+02, 2.991414e+02
1.000000e+02, 2.991159e+02
1.000000e+02, 2.990915e+02
1.000000e+02, 2.990681e+02
1.000000e+02, 2.990457e+02
1.000000e+02, 2.990245e+02
1.000000e+02, 2.990043e+02
1.000000e+02, 2.989851e+02
1.000000e+02, 2.989670e+02
1.000000e+02, 2.989500e+02
1.000000e+02, 2.989341e+02
1.000000e+02, 2.989192e+02
1.000000e+02, 2.989054e+02
1.000000e+02, 2.988926e+02
1.000000e+02, 2.988810e+02
1.000000e+02, 2.988703e+02
1.000000e+02, 2.988608e+02
1.000000e+02, 2.988523e+02
1.000000e+02, 2.988448e+02
1.000000e+02, 2.988385e+02
1.000000e+02, 2.988331e+02
1.000000e+02, 2.988289e+02
1.000000e+02, 2.988257e+02
1.000000e+02, 2.988236e+02
1.000000e+02, 2.988225e+02
1.000000e+02, 2.988225e+02
1.000000e+02, 2.988236e+02
1.000000e+02, 2.988257e+02
1.000000e+02, 2.988289e+02
1.000000e+02, 2.988331e+02
1.000000e+02, 2.988385e+02
1.000000e+02, 2.988448e+02
1.000000e+02, 2.988523e+02
1.000000e+02, 2.988608e+02
1.000000e+02, 2.988703e+02
1.000000e+02, 2.988810e+02
1.000000e+02, 2.988926e+02
1.000000e+02, 2.989054e+02
1.000000e+02, 2.989192e+02
1.000000e+02, 2.989341e+02
1.000000e+02, 2.989500e+02
1.000000e+02, 2.989670e+02
1.000000e+02, 2.989851e+02
1.000000e+02, 2.990043e+02
1.000000e+02, 2.990245e+02
1.000000e+02, 2.990457e+02
1.000000e+02, 2.990681e+02
1.000000e+02, 2.990915e+02
1.000000e+02, 2.991159e+02
1.000000e+02, 2.991414e+02
1.000000e+02, 2.991680e+02
1.000000e+02, 2.991957e+02
1.000000e+02, 2.992244e+02
1.000000e+02, 2.992542e+02
1.000000e+02, 2.992851e+02
1.000000e+02, 2.993170e+02
1.000000e+02, 2.993500e+02
1.000000e+02, 2.993841e+02
1.000000e+02, 2.994192e+02
1.000000e+02, 2.994554e+02
1.000000e+02, 2.994927e+02
1.000000e+02, 2.995310e+02
1.000000e+02, 2.995705e+02
1.000000e+02, 2.996109e+02
1.000000e+02, 2.996525e+02
1.000000e+02, 2.996951e+02
1.000000e+02, 2.997388e+02
1.000000e+02, 2.997836e+02
1.000000e+02, 2.998295e+02
1.000000e+02, 2.998764e+02
1.000000e+02, 2.999244e+02
1.000000e+02, 2.999735e+02
1.000000e+02, 3.000236e+02
1.000000e+02, 3.000749e+02
1.000000e+02, 3.001272e+02
1.000000e+02, 3.001806e+02
1.000000e+02, 3.002350e+02
1.000000e+02, 3.002906e+02
1.000000e+02, 3.003472e+02
1.000000e+02, 3.004049e+02
1.000000e+02, 3.004637e+02
1.000000e+02, 3.005236e+02
1.000000e+02, 3.005845e+02
1.000000e+02, 3.006466e+02
1.000000e+02, 3.007097e+02
1.000000e+02, 3.007739e+02
1.000000e+02, 3.008392e+02
1.000000e+02, 3.009056e+02
1.000000e+02, 3.009730e+02
1.000000e+02, 3.010416e+02
1.000000e+02, 3.011112e+02
1.000000e+02, 3.011820e+02
1.000000e+02, 3.012538e+02
1.000000e+02, 3.013267e+02
1.000000e+02, 3.014007e+02
1.000000e+02, 3.014758e+02
1.000000e+02, 3.015520e+02
1.000000e+02, 3.016293e+02
1.000000e+02, 3.017077e+02
1.000000e+02, 3.017872e+02
1.000000e+02, 3.018678e+02
1.000000e+02, 3.019495e+02
1.000000e+02, 3.020323e+02
1.000000e+02, 3.021161e+02
1.000000e+02, 3.022011e+02
1.000000e+02, 3.022872e+02
1.000000e+02, 3.023744e+02
1.000000e+02, 3.024627e+02
1.000000e+02, 3.025522e+02
1.000000e+02, 3.026427e+02
1.000000e+02, 3.027343e+02
1.000000e+02, 3.028270e+02
1.000000e+02, 3.029209e+02
1.000000e+02, 3.030159e+02
1.000000e+02, 3.031119e+02
1.000000e+02, 3.032091e+02
1.000000e+02, 3.033074e+02
1.000000e+02, 3.034069e+02
1.000000e+02, 3.035074e+02
1.000000e+02, 3.036091e+02
1.000000e+02, 3.037119e+02
1.000000e+02, 3.038158e+02
1.000000e+02, 3.039208e+02
1.000000e+02, 3.040270e+02
1.000000e+02, 3.041343e+02
1.000000e+02, 3.042427e+02
1.000000e+02, 3.043522e+02
1.000000e+02, 3.044629e+02
1.000000e+02, 3.045747e+02
1.000000e+02, 3.046877e+02
1.000000e+02, 3.048017e+02
1.000000e+02, 3.049170e+02
1.000000e+02, 3.050333e+02
1.000000e+02, 3.051508e+02
1.000000e+02, 3.052695e+02
1.000000e+02, 3.053892e+02
1.000000e+02, 3.055102e+02
1.000000e+02, 3.056322e+02
1.000000e+02, 3.057554e+02
1.000000e+02, 3.058798e+02
1.000000e+02, 3.060053e+02
1.000000e+02, 3.061320e+02
1.000000e+02, 3.062598e+02
1.000000e+02, 3.063888e+02
1.000000e+02, 3.065189e+02
1.000000e+02, 3.066502e+02
1.000000e+02, 3.067827e+02
1.000000e+02, 3.069163e+02
1.000000e+02, 3.070511e+02
1.000000e+02, 3.071871e+02
1.000000e+02, 3.073242e+02
1.000000e+02, 3.074625e+02
1.000000e+02, 3.076020e+02
1.000000e+02, 3.077426e+02
1.000000e+02, 3.078844e+02
1.000000e+02, 3.080274e+02
1.000000e+02, 3.081716e+02
1.000000e+02, 3.083169e+02
1.000000e+02, 3.084635e+02
1.000000e+02, 3.086112e+02
1.000000e+02, 3.087601e+02
1.000000e+02, 3.089102e+02
1.000000e+02, 3.090615e+02
1.000000e+02, 3.092140e+02
1.000000e+02, 3.093677e+02
1.000000e+02, 3.095226e+02
1.000000e+02, 3.096787e+02
1.000000e+02, 3.098360e+02
1.000000e+02, 3.099945e+02
1.000000e+02, 3.101542e+02
1.000000e+02, 3.103151e+02
1.000000e+02, 3.104772e+02
1.000000e+02, 3.106405e+02
1.000000e+02, 3.108051e+02
1.000000e+02, 3.109709e+02
1.000000e+02, 3.111379e+02
1.000000e+02, 3.113061e+02
1.000000e+02, 3.114755e+02
1.000000e+02, 3.116462e+02
1.000000e+02, 3.118181e+02
1.000000e+02, 3.119912e+02
1.000000e+02, 3.121656e+02
1.000000e+02, 3.123412e+02
1.000000e+02, 3.125181e+02
1.000000e+02, 3.126962e+02
1.000000e+02, 3.128755e+02
1.000000e+02, 3.130561e+02
1.000000e+02, 3.132380e+02
1.000000e+02, 3.134211e+02
1.000000e+02, 3.136054e+02
1.000000e+02, 3.137910e+02
1.000000e+02, 3.139779e+02
1.000000e+02, 3.141661e+02
1.000000e+02, 3.143555e+02
1.000000e+02, 3.145462e+02
1.000000e+02, 3.147381e+02
1.000000e+02, 3.149313e+02
1.000000e+02, 3.151259e+02
1.000000e+02, 3.153217e+02
1.000000e+02, 3.155187e+02
1.000000e+02, 3.157171e+02
1.000000e+02, 3.159168e+02
1.000000e+02, 3.161177e+02
1.000000e+02, 3.163200e+02
1.000000e+02, 3.165235e+02
1.000000e+02, 3.167284e+02
1.000000e+02, 3.169346e+02
1.000000e+02, 3.171420e+02
1.000000e+02, 3.173508e+02
1.000000e+02, 3.175610e+02
1.000000e+02, 3.177724e+02
1.000000e+02, 3.179851e+02
1.000000e+02, 3.181992e+02
1.000000e+02, 3.184146e+02
1.000000e+02, 3.186314e+02
1.000000e+02, 3.188495e+02
1.000000e+02, 3.190689e+02
1.000000e+02, 3.192897e+02
1.000000e+02, 3.195118e+02
1.000000e+02, 3.197353e+02
1.000000e+02, 3.199601e+02
1.000000e+02, 3.201863e+02
1.000000e+02, 3.204139e+02
1.000000e+02, 3.206428e+02
1.000000e+02, 3.208731e+02
1.000000e+02, 3.211047e+02
1.000000e+02, 3.213378e+02
1.000000e+02, 3.215722e+02
1.000000e+02, 3.218080e+02
1.000000e+02, 3.220452e+02
1.000000e+02, 3.222839e+02
1.000000e+02, 3.225239e+02
1.000000e+02, 3.227653e+02
1.000000e+02, 3.230081e+02
1.000000e+02, 3.232523e+02
1.000000e+02, 3.234979e+02
1.000000e+02, 3.237450e+02
1.000000e+02, 3.239935e+02
1.000000e+02, 3.242434e+02
1.000000e+02, 3.244947e+02
1.000000e+02, 3.247475e+02
1.000000e+02, 3.250017e+02
1.000000e+02, 3.252574e+02
1.000000e+02, 3.255145e+02
1.000000e+02, 3.257731e+02
1.000000e+02, 3.260331e+02
1.000000e+02, 3.262947e+02
1.000000e+02, 3.265576e+02
1.000000e+02, 3.268221e+02
1.000000e+02, 3.270880e+02
1.000000e+02, 3.273554e+02
1.000000e+02, 3.276243e+02
1.000000e+02, 3.278947e+02
1.000000e+02, 3.281666e+02
1.000000e+02, 3.284400e+02
1.000000e+02, 3.287149e+02
1.000000e+02, 3.289914e+02
1.000000e+02, 3.292693e+02
1.000000e+02, 3.295488e+02
1.000000e+02, 3.298298e+02
1.000000e+02, 3.301123e+02
1.000000e+02, 3.303964e+02
1.000000e+02, 3.306821e+02
1.000000e+02, 3.309693e+02
1.000000e+02, 3.312580e+02
1.000000e+02, 3.315483e+02
1.000000e+02, 3.318402e+02
1.000000e+02, 3.321337e+02
1.000000e+02, 3.324287e+02
1.000000e+02, 3.327254e+02
1.000000e+02, 3.330236e+02
1.000000e+02, 3.333234e+02
1.000000e+02, 3.336248e+02
1.000000e+02, 3.339279e+02
1.000000e+02, 3.342326e+02
1.000000e+02, 3.345389e+02
1.000000e+02, 3.348468e+02
1.000000e+02, 3.351564e+02
1.000000e+02, 3.354676e+02
1.000000e+02, 3.357804e+02
1.000000e+02, 3.360950e+02
1.000000e+02, 3.364111e+02
1.000000e+02, 3.367290e+02
1.000000e+02, 3.370486e+02
1.000000e+02, 3.373698e+02
1.000000e+02, 3.376927e+02
1.000000e+02, 3.380173e+02
1.000000e+02, 3.383437e+02
1.000000e+02, 3.386717e+02
1.000000e+02, 3.390015e+02
1.000000e+02, 3.393330e+02
1.000000e+02, 3.396662e+02
1.000000e+02, 3.400012e+02
1.000000e+02, 3.403379e+02
1.000000e+02, 3.406764e+02
1.000000e+02, 3.410167e+02
1.000000e+02, 3.413588e+02
1.000000e+02, 3.417026e+02
1.000000e+02, 3.420482e+02
1.000000e+02, 3.423956e+02
1.000000e+02, 3.427449e+02
1.000000e+02, 3.430959e+02
1.000000e+02, 3.434488e+02
1.000000e+02, 3.438035e+02
1.000000e+02, 3.441601e+02
1.000000e+02, 3.445185e+02
1.000000e+02, 3.448788e+02
1.000000e+02, 3.452409e+02
1.000000e+02, 3.456050e+02
1.000000e+02, 3.459709e+02
1.000000e+02, 3.463387e+02
1.000000e+02, 3.467085e+02
1.000000e+02, 3.470801e+02
1.000000e+02, 3.474537e+02
1.000000e+02, 3.478292e+02
1.000000e+02, 3.482067e+02
1.000000e+02, 3.485861e+02
1.000000e+02, 3.489675e+02
1.000000e+02, 3.493509e+02
1.000000e+02, 3.497362e+02
1.000000e+02, 3.501236e+02
1.000000e+02, 3.505130e+02
1.000000e+02, 3.509044e+02
1.000000e+02, 3.512978e+02
1.000000e+02, 3.516933e+02
1.000000e+02, 3.520908e+02
1.000000e+02, 3.524904e+02
1.000000e+02, 3.528921e+02
1.000000e+02, 3.532958e+02
1.000000e+02, 3.537017e+02
1.000000e+02, 3.541097e+02
1.000000e+02, 3.545198e+02
1.000000e+02, 3.549321e+02
1.000000e+02, 3.553465e+02
1.000000e+02, 3.557630e+02
1.000000e+02, 3.561818e+02
1.000000e+02, 3.566027e+02
1.000000e+02, 3.570258e+02
1.000000e+02, 3.574512e+02
1.000000e+02, 3.578788e+02
1.000000e+02, 3.583086e+02
1.000000e+02, 3.587407e+02
1.000000e+02, 3.591750e+02
1.000000e+02, 3.596117e+02
1.000000e+02, 5.059825e-02
1.000000e+02, 4.918553e-01
1.000000e+02, 9.354426e-01
1.000000e+02, 1.381375e+00
1.000000e+02, 1.829669e+00
1.000000e+02, 2.280339e+00
1.000000e+02, 2.733401e+00
1.000000e+02, 3.188871e+00
1.000000e+02, 3.646765e+00
1.000000e+02, 4.107100e+00
1.000000e+02, 4.569893e+00
1.000000e+02, 5.035159e+00
1.000000e+02, 5.502918e+00
1.000000e+02, 5.973185e+00
1.000000e+02, 6.445979e+00
1.000000e+02, 6.921318e+00
1.000000e+02, 7.399219e+00
1.000000e+02, 7.879702e+00
1.000000e+02, 8.362784e+00
1.000000e+02, 8.848486e+00
1.000000e+02, 9.336827e+00
1.000000e+02, 9.827825e+00
1.000000e+02, 1.032150e+01
1.000000e+02, 1.081788e+01
1.000000e+02, 1.131697e+01
1.000000e+02, 1.181880e+01
1.000000e+02, 1.232340e+01
1.000000e+02, 1.283078e+01
1.000000e+02, 1.334096e+01
1.000000e+02, 1.385397e+01
1.000000e+02, 1.436983e+01
1.000000e+02, 1.488856e+01
1.000000e+02, 1.541019e+01
1.000000e+02, 1.593473e+01
1.000000e+02, 1.646222e+01
1.000000e+02, 1.699268e+01
1.000000e+02, 1.752613e+01
1.000000e+02, 1.806261e+01
1.000000e+02, 1.860212e+01
1.000000e+02, 1.914471e+01
1.000000e+02, 1.969039e+01
1.000000e+02, 2.023920e+01
1.000000e+02, 2.079116e+01
1.000000e+02, 2.134631e+01
1.000000e+02, 2.190466e+01
1.000000e+02, 2.246625e+01
1.000000e+02, 2.303111e+01
1.000000e+02, 2.359927e+01
1.000000e+02, 2.417076e+01
1.000000e+02, 2.474561e+01
1.000000e+02, 2.532385e+01
1.000000e+02, 2.590552e+01
1.000000e+02, 2.649064e+01
1.000000e+02, 2.707926e+01
1.000000e+02, 2.767141e+01
1.000000e+02, 2.826712e+01
1.000000e+02, 2.886642e+01
1.000000e+02, 2.946936e+01
1.000000e+02, 3.007598e+01
1.000000e+02, 3.068630e+01
1.000000e+02, 3.130037e+01
1.000000e+02, 3.191823e+01
1.000000e+02, 3.253991e+01
1.000000e+02, 3.316547e+01
1.000000e+02, 3.379494e+01
1.000000e+02, 3.442836e+01
1.000000e+02, 3.506579e+01
1.000000e+02, 3.570725e+01
1.000000e+02, 3.635280e+01
1.000000e+02, 3.700249e+01
1.000000e+02, 3.765637e+01
1.000000e+02, 3.831447e+01
1.000000e+02, 3.897686e+01
1.000000e+02, 3.964358e+01
1.000000e+02, 4.031468e+01
1.000000e+02, 4.099022e+01
1.000000e+02, 4.167026e+01
1.000000e+02, 4.235485e+01
1.000000e+02, 4.304404e+01
1.000000e+02, 4.373789e+01
1.000000e+02, 4.443647e+01
1.000000e+02, 4.513984e+01
1.000000e+02, 4.584805e+01
1.000000e+02, 4.656118e+01
1.000000e+02, 4.727928e+01
1.000000e+02, 4.800243e+01
1.000000e+02, 4.873070e+01
1.000000e+02, 4.946416e+01
1.000000e+02, 5.020287e+01
1.000000e+02, 5.094692e+01
1.000000e+02, 5.169638e+01
1.000000e+02, 5.245134e+01
1.000000e+02, 5.321186e+01
1.000000e+02, 5.397804e+01
1.000000e+02, 5.474996e+01
1.000000e+02, 5.552771e+01
1.000000e+02, 5.631138e+01
1.000000e+02, 5.710106e+01
1.000000e+02, 5.789685e+01
1.000000e+02, 5.869885e+01
1.000000e+02, 5.950716e+01
1.000000e+02, 6.032187e+01
1.000000e+02, 6.114312e+01
1.000000e+02, 6.197099e+01
1.000000e+02, 6.280561e+01
1.000000e+02, 6.364709e+01
1.000000e+02, 6.449556e+01
1.000000e+02, 6.535115e+01
1.000000e+02, 6.621397e+01
1.000000e+02, 6.708418e+01
1.000000e+02, 6.796190e+01
1.000000e+02, 6.884728e+01
1.000000e+02, 6.974047e+01
1.000000e+02, 7.064162e+01
1.000000e+02, 7.155090e+01
1.000000e+02, 7.246846e+01
1.000000e+02, 7.339449e+01
1.000000e+02, 7.432914e+01
1.000000e+02, 7.527263e+01
1.000000e+02, 7.622512e+01
1.000000e+02, 7.718682e+01
1.000000e+02, 7.815795e+01
1.000000e+02, 7.913871e+01
1.000000e+02, 8.012932e+01
1.000000e+02, 8.113003e+01
1.000000e+02, 8.214108e+01
1.000000e+02, 8.316271e+01
1.000000e+02, 8.419520e+01
1.000000e+02, 8.523882e+01
1.000000e+02, 8.629387e+01
1.000000e+02, 8.736064e+01
1.000000e+02, 8.843945e+01
1.000000e+02, 8.953064e+01
1.000000e+02, 9.063456e+01
1.000000e+02, 9.175156e+01
1.000000e+02, 9.288205e+01
1.000000e+02, 9.402643e+01
1.000000e+02, 9.518511e+01
1.000000e+02, 9.635856e+01
1.000000e+02, 9.754726e+01
1.000000e+02, 9.875170e+01
1.000000e+02, 9.997242e+01
1.000000e+02, 1.012100e+02
1.000000e+02, 1.024650e+02
1.000000e+02, 1.037381e+02
1.000000e+02, 1.050300e+02
1.000000e+02, 1.063413e+02
1.000000e+02, 1.076730e+02
1.000000e+02, 1.090257e+02
1.000000e+02, 1.104004e+02
1.000000e+02, 1.117981e+02
1.000000e+02, 1.132197e+02
1.000000e+02, 1.146665e+02
1.000000e+02, 1.161395e+02
1.000000e+02, 1.176402e+02
1.000000e+02, 1.191698e+02
1.000000e+02, 1.207301e+02
1.000000e+02, 1.223226e+02
1.000000e+02, 1.239493e+02
1.000000e+02, 1.256122e+02
1.000000e+02, 1.273136e+02
1.000000e+02, 1.290560e+02
1.000000e+02, 1.308422e+02
1.000000e+02, 1.326755e+02
1.000000e+02, 1.345595e+02
1.000000e+02, 1.364982e+02
1.000000e+02, 1.384963e+02
1.000000e+02, 1.405592e+02
1.000000e+02, 1.426932e+02
1.000000e+02, 1.449057e+02
1.000000e+02, 1.472055e+02
1.000000e+02, 1.496033e+02
1.000000e+02, 1.521118e+02
1.000000e+02, 1.547474e+02
1.000000e+02, 1.575306e+02
1.000000e+02, 1.604882e+02
1.000000e+02, 1.636565e+02
1.000000e+02, 1.670866e+02
1.000000e+02, 1.708548e+02
1.000000e+02, 1.750841e+02
1.000000e+02, 1.800000e+02
##END= 