##TITLE= /opt/topspin3.0/exp/stan/nmr/lists/wave/user/HypSec_trunc2.84_110
##JCAMP-DX= 5.00 Bruker JCAMP library
##DATA TYPE= Shape Data
##ORIGIN= Bruker BioSpin GmbH
##OWNER= <nmrsu>
##DATE= 15/02/24
##TIME= 16:15:04
##MINX= 1.164538e+01
##MAXX= 9.999960e+01
##MINY= 2.546774e-02
##MAXY= 3.585574e+02
##$SHAPE_EXMODE= Adiabatic
##$SHAPE_TOTROT= 1.800000e+02
##$SHAPE_BWFAC= 1.929340e+02
##$SHAPE_INTEGFAC= 2.356110e-02
##$SHAPE_MODE= 0
##NPOINTS= 1000
##XYPOINTS= (XY..XY)
1.000000e+02, 1.800000e+02
1.000000e+02, 1.735894e+02
1.000000e+02, 1.680741e+02
1.000000e+02, 1.631603e+02
1.000000e+02, 1.586872e+02
1.000000e+02, 1.545556e+02
1.000000e+02, 1.506987e+02
1.000000e+02, 1.470693e+02
1.000000e+02, 1.436323e+02
1.000000e+02, 1.403610e+02
1.000000e+02, 1.372343e+02
1.000000e+02, 1.342352e+02
1.000000e+02, 1.313499e+02
1.000000e+02, 1.285670e+02
1.000000e+02, 1.258769e+02
1.000000e+02, 1.232713e+02
1.000000e+02, 1.207431e+02
1.000000e+02, 1.182863e+02
1.000000e+02, 1.158956e+02
1.000000e+02, 1.135662e+02
1.000000e+02, 1.112940e+02
1.000000e+02, 1.090753e+02
1.000000e+02, 1.069068e+02
1.000000e+02, 1.047856e+02
1.000000e+02, 1.027088e+02
1.000000e+02, 1.006742e+02
1.000000e+02, 9.867939e+01
1.000000e+02, 9.672247e+01
1.000000e+02, 9.480155e+01
1.000000e+02, 9.291493e+01
1.000000e+02, 9.106102e+01
1.000000e+02, 8.923838e+01
1.000000e+02, 8.744567e+01
1.000000e+02, 8.568164e+01
1.000000e+02, 8.394512e+01
1.000000e+02, 8.223503e+01
1.000000e+02, 8.055037e+01
1.000000e+02, 7.889017e+01
1.000000e+02, 7.725356e+01
1.000000e+02, 7.563971e+01
1.000000e+02, 7.404782e+01
1.000000e+02, 7.247716e+01
1.000000e+02, 7.092704e+01
1.000000e+02, 6.939680e+01
1.000000e+02, 6.788581e+01
1.000000e+02, 6.639348e+01
1.000000e+02, 6.491927e+01
1.000000e+02, 6.346263e+01
1.000000e+02, 6.202306e+01
1.000000e+02, 6.060009e+01
1.000000e+02, 5.919326e+01
1.000000e+02, 5.780213e+01
1.000000e+02, 5.642630e+01
1.000000e+02, 5.506536e+01
1.000000e+02, 5.371894e+01
1.000000e+02, 5.238667e+01
1.000000e+02, 5.106821e+01
1.000000e+02, 4.976323e+01
1.000000e+02, 4.847142e+01
1.000000e+02, 4.719245e+01
1.000000e+02, 4.592606e+01
1.000000e+02, 4.467194e+01
1.000000e+02, 4.342984e+01
1.000000e+02, 4.219949e+01
1.000000e+02, 4.098064e+01
1.000000e+02, 3.977306e+01
1.000000e+02, 3.857651e+01
1.000000e+02, 3.739076e+01
1.000000e+02, 3.621561e+01
1.000000e+02, 3.505084e+01
1.000000e+02, 3.389626e+01
1.000000e+02, 3.275166e+01
1.000000e+02, 3.161687e+01
1.000000e+02, 3.049169e+01
1.000000e+02, 2.937597e+01
1.000000e+02, 2.826951e+01
1.000000e+02, 2.717217e+01
1.000000e+02, 2.608378e+01
1.000000e+02, 2.500419e+01
1.000000e+02, 2.393325e+01
1.000000e+02, 2.287081e+01
1.000000e+02, 2.181674e+01
1.000000e+02, 2.077089e+01
1.000000e+02, 1.973314e+01
1.000000e+02, 1.870335e+01
1.000000e+02, 1.768140e+01
1.000000e+02, 1.666718e+01
1.000000e+02, 1.566055e+01
1.000000e+02, 1.466141e+01
1.000000e+02, 1.366964e+01
1.000000e+02, 1.268515e+01
1.000000e+02, 1.170781e+01
1.000000e+02, 1.073753e+01
1.000000e+02, 9.774201e+00
1.000000e+02, 8.817736e+00
1.000000e+02, 7.868036e+00
1.000000e+02, 6.925006e+00
1.000000e+02, 5.988558e+00
1.000000e+02, 5.058603e+00
1.000000e+02, 4.135054e+00
1.000000e+02, 3.217827e+00
1.000000e+02, 2.306842e+00
1.000000e+02, 1.402017e+00
1.000000e+02, 5.032752e-01
1.000000e+02, 3.596105e+02
1.000000e+02, 3.587237e+02
1.000000e+02, 3.578428e+02
1.000000e+02, 3.569676e+02
1.000000e+02, 3.560982e+02
1.000000e+02, 3.552344e+02
1.000000e+02, 3.543762e+02
1.000000e+02, 3.535235e+02
1.000000e+02, 3.526763e+02
1.000000e+02, 3.518345e+02
1.000000e+02, 3.509979e+02
1.000000e+02, 3.501667e+02
1.000000e+02, 3.493407e+02
1.000000e+02, 3.485198e+02
1.000000e+02, 3.477041e+02
1.000000e+02, 3.468934e+02
1.000000e+02, 3.460876e+02
1.000000e+02, 3.452869e+02
1.000000e+02, 3.444910e+02
1.000000e+02, 3.436999e+02
1.000000e+02, 3.429136e+02
1.000000e+02, 3.421321e+02
1.000000e+02, 3.413553e+02
1.000000e+02, 3.405831e+02
1.000000e+02, 3.398155e+02
1.000000e+02, 3.390525e+02
1.000000e+02, 3.382939e+02
1.000000e+02, 3.375399e+02
1.000000e+02, 3.367902e+02
1.000000e+02, 3.360450e+02
1.000000e+02, 3.353041e+02
1.000000e+02, 3.345675e+02
1.000000e+02, 3.338351e+02
1.000000e+02, 3.331070e+02
1.000000e+02, 3.323831e+02
1.000000e+02, 3.316633e+02
1.000000e+02, 3.309476e+02
1.000000e+02, 3.302360e+02
1.000000e+02, 3.295284e+02
1.000000e+02, 3.288249e+02
1.000000e+02, 3.281253e+02
1.000000e+02, 3.274296e+02
1.000000e+02, 3.267379e+02
1.000000e+02, 3.260500e+02
1.000000e+02, 3.253660e+02
1.000000e+02, 3.246858e+02
1.000000e+02, 3.240093e+02
1.000000e+02, 3.233366e+02
1.000000e+02, 3.226676e+02
1.000000e+02, 3.220023e+02
1.000000e+02, 3.213406e+02
1.000000e+02, 3.206826e+02
1.000000e+02, 3.200282e+02
1.000000e+02, 3.193774e+02
1.000000e+02, 3.187301e+02
1.000000e+02, 3.180863e+02
1.000000e+02, 3.174460e+02
1.000000e+02, 3.168092e+02
1.000000e+02, 3.161758e+02
1.000000e+02, 3.155458e+02
1.000000e+02, 3.149192e+02
1.000000e+02, 3.142960e+02
1.000000e+02, 3.136762e+02
1.000000e+02, 3.130596e+02
1.000000e+02, 3.124464e+02
1.000000e+02, 3.118364e+02
1.000000e+02, 3.112297e+02
1.000000e+02, 3.106261e+02
1.000000e+02, 3.100258e+02
1.000000e+02, 3.094287e+02
1.000000e+02, 3.088348e+02
1.000000e+02, 3.082440e+02
1.000000e+02, 3.076563e+02
1.000000e+02, 3.070717e+02
1.000000e+02, 3.064901e+02
1.000000e+02, 3.059117e+02
1.000000e+02, 3.053363e+02
1.000000e+02, 3.047638e+02
1.000000e+02, 3.041944e+02
1.000000e+02, 3.036280e+02
1.000000e+02, 3.030646e+02
1.000000e+02, 3.025040e+02
1.000000e+02, 3.019465e+02
1.000000e+02, 3.013918e+02
1.000000e+02, 3.008400e+02
1.000000e+02, 3.002911e+02
1.000000e+02, 2.997450e+02
1.000000e+02, 2.992018e+02
1.000000e+02, 2.986614e+02
1.000000e+02, 2.981238e+02
1.000000e+02, 2.975890e+02
1.000000e+02, 2.970570e+02
1.000000e+02, 2.965277e+02
1.000000e+02, 2.960011e+02
1.000000e+02, 2.954773e+02
1.000000e+02, 2.949562e+02
1.000000e+02, 2.944378e+02
1.000000e+02, 2.939221e+02
1.000000e+02, 2.934091e+02
1.000000e+02, 2.928987e+02
1.000000e+02, 2.923909e+02
1.000000e+02, 2.918858e+02
1.000000e+02, 2.913832e+02
1.000000e+02, 2.908833e+02
1.000000e+02, 2.903859e+02
1.000000e+02, 2.898911e+02
1.000000e+02, 2.893989e+02
1.000000e+02, 2.889092e+02
1.000000e+02, 2.884220e+02
1.000000e+02, 2.879374e+02
1.000000e+02, 2.874552e+02
1.000000e+02, 2.869756e+02
1.000000e+02, 2.864984e+02
1.000000e+02, 2.860237e+02
1.000000e+02, 2.855514e+02
1.000000e+02, 2.850816e+02
1.000000e+02, 2.846142e+02
1.000000e+02, 2.841492e+02
1.000000e+02, 2.836866e+02
1.000000e+02, 2.832264e+02
1.000000e+02, 2.827686e+02
1.000000e+02, 2.823132e+02
1.000000e+02, 2.818602e+02
1.000000e+02, 2.814094e+02
1.000000e+02, 2.809611e+02
1.000000e+02, 2.805150e+02
1.000000e+02, 2.800713e+02
1.000000e+02, 2.796299e+02
1.000000e+02, 2.791908e+02
1.000000e+02, 2.787539e+02
1.000000e+02, 2.783194e+02
1.000000e+02, 2.778871e+02
1.000000e+02, 2.774570e+02
1.000000e+02, 2.770292e+02
1.000000e+02, 2.766037e+02
1.000000e+02, 2.761803e+02
1.000000e+02, 2.757592e+02
1.000000e+02, 2.753403e+02
1.000000e+02, 2.749236e+02
1.000000e+02, 2.745091e+02
1.000000e+02, 2.740968e+02
1.000000e+02, 2.736866e+02
1.000000e+02, 2.732787e+02
1.000000e+02, 2.728728e+02
1.000000e+02, 2.724691e+02
1.000000e+02, 2.720676e+02
1.000000e+02, 2.716681e+02
1.000000e+02, 2.712708e+02
1.000000e+02, 2.708756e+02
1.000000e+02, 2.704826e+02
1.000000e+02, 2.700916e+02
1.000000e+02, 2.697027e+02
1.000000e+02, 2.693158e+02
1.000000e+02, 2.689311e+02
1.000000e+02, 2.685484e+02
1.000000e+02, 2.681677e+02
1.000000e+02, 2.677892e+02
1.000000e+02, 2.674126e+02
1.000000e+02, 2.670381e+02
1.000000e+02, 2.666656e+02
1.000000e+02, 2.662952e+02
1.000000e+02, 2.659267e+02
1.000000e+02, 2.655603e+02
1.000000e+02, 2.651958e+02
1.000000e+02, 2.648333e+02
1.000000e+02, 2.644729e+02
1.000000e+02, 2.641144e+02
1.000000e+02, 2.637578e+02
1.000000e+02, 2.634033e+02
1.000000e+02, 2.630506e+02
1.000000e+02, 2.627000e+02
1.000000e+02, 2.623512e+02
1.000000e+02, 2.620045e+02
1.000000e+02, 2.616596e+02
1.000000e+02, 2.613167e+02
1.000000e+02, 2.609757e+02
1.000000e+02, 2.606366e+02
1.000000e+02, 2.602994e+02
1.000000e+02, 2.599640e+02
1.000000e+02, 2.596306e+02
1.000000e+02, 2.592991e+02
1.000000e+02, 2.589695e+02
1.000000e+02, 2.586417e+02
1.000000e+02, 2.583158e+02
1.000000e+02, 2.579918e+02
1.000000e+02, 2.576696e+02
1.000000e+02, 2.573493e+02
1.000000e+02, 2.570308e+02
1.000000e+02, 2.567142e+02
1.000000e+02, 2.563993e+02
1.000000e+02, 2.560864e+02
1.000000e+02, 2.557752e+02
1.000000e+02, 2.554659e+02
1.000000e+02, 2.551584e+02
1.000000e+02, 2.548527e+02
1.000000e+02, 2.545488e+02
1.000000e+02, 2.542466e+02
1.000000e+02, 2.539463e+02
1.000000e+02, 2.536478e+02
1.000000e+02, 2.533511e+02
1.000000e+02, 2.530561e+02
1.000000e+02, 2.527629e+02
1.000000e+02, 2.524715e+02
1.000000e+02, 2.521818e+02
1.000000e+02, 2.518939e+02
1.000000e+02, 2.516078e+02
1.000000e+02, 2.513234e+02
1.000000e+02, 2.510407e+02
1.000000e+02, 2.507598e+02
1.000000e+02, 2.504806e+02
1.000000e+02, 2.502032e+02
1.000000e+02, 2.499275e+02
1.000000e+02, 2.496535e+02
1.000000e+02, 2.493812e+02
1.000000e+02, 2.491106e+02
1.000000e+02, 2.488418e+02
1.000000e+02, 2.485746e+02
1.000000e+02, 2.483092e+02
1.000000e+02, 2.480454e+02
1.000000e+02, 2.477834e+02
1.000000e+02, 2.475230e+02
1.000000e+02, 2.472643e+02
1.000000e+02, 2.470073e+02
1.000000e+02, 2.467520e+02
1.000000e+02, 2.464983e+02
1.000000e+02, 2.462463e+02
1.000000e+02, 2.459960e+02
1.000000e+02, 2.457473e+02
1.000000e+02, 2.455003e+02
1.000000e+02, 2.452550e+02
1.000000e+02, 2.450113e+02
1.000000e+02, 2.447692e+02
1.000000e+02, 2.445288e+02
1.000000e+02, 2.442900e+02
1.000000e+02, 2.440529e+02
1.000000e+02, 2.438174e+02
1.000000e+02, 2.435835e+02
1.000000e+02, 2.433513e+02
1.000000e+02, 2.431207e+02
1.000000e+02, 2.428917e+02
1.000000e+02, 2.426643e+02
1.000000e+02, 2.424385e+02
1.000000e+02, 2.422143e+02
1.000000e+02, 2.419917e+02
1.000000e+02, 2.417708e+02
1.000000e+02, 2.415514e+02
1.000000e+02, 2.413336e+02
1.000000e+02, 2.411175e+02
1.000000e+02, 2.409029e+02
1.000000e+02, 2.406899e+02
1.000000e+02, 2.404785e+02
1.000000e+02, 2.402686e+02
1.000000e+02, 2.400604e+02
1.000000e+02, 2.398537e+02
1.000000e+02, 2.396485e+02
1.000000e+02, 2.394450e+02
1.000000e+02, 2.392430e+02
1.000000e+02, 2.390426e+02
1.000000e+02, 2.388437e+02
1.000000e+02, 2.386464e+02
1.000000e+02, 2.384507e+02
1.000000e+02, 2.382565e+02
1.000000e+02, 2.380639e+02
1.000000e+02, 2.378728e+02
1.000000e+02, 2.376832e+02
1.000000e+02, 2.374952e+02
1.000000e+02, 2.373087e+02
1.000000e+02, 2.371238e+02
1.000000e+02, 2.369404e+02
1.000000e+02, 2.367585e+02
1.000000e+02, 2.365782e+02
1.000000e+02, 2.363994e+02
1.000000e+02, 2.362221e+02
1.000000e+02, 2.360463e+02
1.000000e+02, 2.358720e+02
1.000000e+02, 2.356993e+02
1.000000e+02, 2.355281e+02
1.000000e+02, 2.353584e+02
1.000000e+02, 2.351902e+02
1.000000e+02, 2.350235e+02
1.000000e+02, 2.348583e+02
1.000000e+02, 2.346946e+02
1.000000e+02, 2.345324e+02
1.000000e+02, 2.343718e+02
1.000000e+02, 2.342126e+02
1.000000e+02, 2.340549e+02
1.000000e+02, 2.338987e+02
1.000000e+02, 2.337440e+02
1.000000e+02, 2.335907e+02
1.000000e+02, 2.334390e+02
1.000000e+02, 2.332888e+02
1.000000e+02, 2.331400e+02
1.000000e+02, 2.329927e+02
1.000000e+02, 2.328469e+02
1.000000e+02, 2.327026e+02
1.000000e+02, 2.325597e+02
1.000000e+02, 2.324183e+02
1.000000e+02, 2.322784e+02
1.000000e+02, 2.321400e+02
1.000000e+02, 2.320030e+02
1.000000e+02, 2.318675e+02
1.000000e+02, 2.317335e+02
1.000000e+02, 2.316009e+02
1.000000e+02, 2.314698e+02
1.000000e+02, 2.313401e+02
1.000000e+02, 2.312119e+02
1.000000e+02, 2.310852e+02
1.000000e+02, 2.309599e+02
1.000000e+02, 2.308360e+02
1.000000e+02, 2.307136e+02
1.000000e+02, 2.305927e+02
1.000000e+02, 2.304732e+02
1.000000e+02, 2.303552e+02
1.000000e+02, 2.302386e+02
1.000000e+02, 2.301234e+02
1.000000e+02, 2.300097e+02
1.000000e+02, 2.298974e+02
1.000000e+02, 2.297866e+02
1.000000e+02, 2.296772e+02
1.000000e+02, 2.295692e+02
1.000000e+02, 2.294627e+02
1.000000e+02, 2.293576e+02
1.000000e+02, 2.292540e+02
1.000000e+02, 2.291517e+02
1.000000e+02, 2.290509e+02
1.000000e+02, 2.289516e+02
1.000000e+02, 2.288536e+02
1.000000e+02, 2.287571e+02
1.000000e+02, 2.286620e+02
1.000000e+02, 2.285684e+02
1.000000e+02, 2.284761e+02
1.000000e+02, 2.283853e+02
1.000000e+02, 2.282959e+02
1.000000e+02, 2.282079e+02
1.000000e+02, 2.281214e+02
1.000000e+02, 2.280362e+02
1.000000e+02, 2.279525e+02
1.000000e+02, 2.278702e+02
1.000000e+02, 2.277893e+02
1.000000e+02, 2.277098e+02
1.000000e+02, 2.276317e+02
1.000000e+02, 2.275551e+02
1.000000e+02, 2.274798e+02
1.000000e+02, 2.274060e+02
1.000000e+02, 2.273335e+02
1.000000e+02, 2.272625e+02
1.000000e+02, 2.271929e+02
1.000000e+02, 2.271247e+02
1.000000e+02, 2.270579e+02
1.000000e+02, 2.269925e+02
1.000000e+02, 2.269285e+02
1.000000e+02, 2.268659e+02
1.000000e+02, 2.268047e+02
1.000000e+02, 2.267449e+02
1.000000e+02, 2.266865e+02
1.000000e+02, 2.266295e+02
1.000000e+02, 2.265739e+02
1.000000e+02, 2.265197e+02
1.000000e+02, 2.264669e+02
1.000000e+02, 2.264155e+02
1.000000e+02, 2.263655e+02
1.000000e+02, 2.263169e+02
1.000000e+02, 2.262696e+02
1.000000e+02, 2.262238e+02
1.000000e+02, 2.261794e+02
1.000000e+02, 2.261364e+02
1.000000e+02, 2.260947e+02
1.000000e+02, 2.260545e+02
1.000000e+02, 2.260156e+02
1.000000e+02, 2.259782e+02
1.000000e+02, 2.259421e+02
1.000000e+02, 2.259074e+02
1.000000e+02, 2.258741e+02
1.000000e+02, 2.258422e+02
1.000000e+02, 2.258117e+02
1.000000e+02, 2.257826e+02
1.000000e+02, 2.257549e+02
1.000000e+02, 2.257285e+02
1.000000e+02, 2.257036e+02
1.000000e+02, 2.256800e+02
1.000000e+02, 2.256578e+02
1.000000e+02, 2.256370e+02
1.000000e+02, 2.256176e+02
1.000000e+02, 2.255996e+02
1.000000e+02, 2.255830e+02
1.000000e+02, 2.255677e+02
1.000000e+02, 2.255539e+02
1.000000e+02, 2.255414e+02
1.000000e+02, 2.255303e+02
1.000000e+02, 2.255206e+02
1.000000e+02, 2.255123e+02
1.000000e+02, 2.255054e+02
1.000000e+02, 2.254998e+02
1.000000e+02, 2.254957e+02
1.000000e+02, 2.254929e+02
1.000000e+02, 2.254915e+02
1.000000e+02, 2.254915e+02
1.000000e+02, 2.254929e+02
1.000000e+02, 2.254957e+02
1.000000e+02, 2.254998e+02
1.000000e+02, 2.255054e+02
1.000000e+02, 2.255123e+02
1.000000e+02, 2.255206e+02
1.000000e+02, 2.255303e+02
1.000000e+02, 2.255414e+02
1.000000e+02, 2.255539e+02
1.000000e+02, 2.255677e+02
1.000000e+02, 2.255830e+02
1.000000e+02, 2.255996e+02
1.000000e+02, 2.256176e+02
1.000000e+02, 2.256370e+02
1.000000e+02, 2.256578e+02
1.000000e+02, 2.256800e+02
1.000000e+02, 2.257036e+02
1.000000e+02, 2.257285e+02
1.000000e+02, 2.257549e+02
1.000000e+02, 2.257826e+02
1.000000e+02, 2.258117e+02
1.000000e+02, 2.258422e+02
1.000000e+02, 2.258741e+02
1.000000e+02, 2.259074e+02
1.000000e+02, 2.259421e+02
1.000000e+02, 2.259782e+02
1.000000e+02, 2.260156e+02
1.000000e+02, 2.260545e+02
1.000000e+02, 2.260947e+02
1.000000e+02, 2.261364e+02
1.000000e+02, 2.261794e+02
1.000000e+02, 2.262238e+02
1.000000e+02, 2.262696e+02
1.000000e+02, 2.263169e+02
1.000000e+02, 2.263655e+02
1.000000e+02, 2.264155e+02
1.000000e+02, 2.264669e+02
1.000000e+02, 2.265197e+02
1.000000e+02, 2.265739e+02
1.000000e+02, 2.266295e+02
1.000000e+02, 2.266865e+02
1.000000e+02, 2.267449e+02
1.000000e+02, 2.268047e+02
1.000000e+02, 2.268659e+02
1.000000e+02, 2.269285e+02
1.000000e+02, 2.269925e+02
1.000000e+02, 2.270579e+02
1.000000e+02, 2.271247e+02
1.000000e+02, 2.271929e+02
1.000000e+02, 2.272625e+02
1.000000e+02, 2.273335e+02
1.000000e+02, 2.274060e+02
1.000000e+02, 2.274798e+02
1.000000e+02, 2.275551e+02
1.000000e+02, 2.276317e+02
1.000000e+02, 2.277098e+02
1.000000e+02, 2.277893e+02
1.000000e+02, 2.278702e+02
1.000000e+02, 2.279525e+02
1.000000e+02, 2.280362e+02
1.000000e+02, 2.281214e+02
1.000000e+02, 2.282079e+02
1.000000e+02, 2.282959e+02
1.000000e+02, 2.283853e+02
1.000000e+02, 2.284761e+02
1.000000e+02, 2.285684e+02
1.000000e+02, 2.286620e+02
1.000000e+02, 2.287571e+02
1.000000e+02, 2.288536e+02
1.000000e+02, 2.289516e+02
1.000000e+02, 2.290509e+02
1.000000e+02, 2.291517e+02
1.000000e+02, 2.292540e+02
1.000000e+02, 2.293576e+02
1.000000e+02, 2.294627e+02
1.000000e+02, 2.295692e+02
1.000000e+02, 2.296772e+02
1.000000e+02, 2.297866e+02
1.000000e+02, 2.298974e+02
1.000000e+02, 2.300097e+02
1.000000e+02, 2.301234e+02
1.000000e+02, 2.302386e+02
1.000000e+02, 2.303552e+02
1.000000e+02, 2.304732e+02
1.000000e+02, 2.305927e+02
1.000000e+02, 2.307136e+02
1.000000e+02, 2.308360e+02
1.000000e+02, 2.309599e+02
1.000000e+02, 2.310852e+02
1.000000e+02, 2.312119e+02
1.000000e+02, 2.313401e+02
1.000000e+02, 2.314698e+02
1.000000e+02, 2.316009e+02
1.000000e+02, 2.317335e+02
1.000000e+02, 2.318675e+02
1.000000e+02, 2.320030e+02
1.000000e+02, 2.321400e+02
1.000000e+02, 2.322784e+02
1.000000e+02, 2.324183e+02
1.000000e+02, 2.325597e+02
1.000000e+02, 2.327026e+02
1.000000e+02, 2.328469e+02
1.000000e+02, 2.329927e+02
1.000000e+02, 2.331400e+02
1.000000e+02, 2.332888e+02
1.000000e+02, 2.334390e+02
1.000000e+02, 2.335907e+02
1.000000e+02, 2.337440e+02
1.000000e+02, 2.338987e+02
1.000000e+02, 2.340549e+02
1.000000e+02, 2.342126e+02
1.000000e+02, 2.343718e+02
1.000000e+02, 2.345324e+02
1.000000e+02, 2.346946e+02
1.000000e+02, 2.348583e+02
1.000000e+02, 2.350235e+02
1.000000e+02, 2.351902e+02
1.000000e+02, 2.353584e+02
1.000000e+02, 2.355281e+02
1.000000e+02, 2.356993e+02
1.000000e+02, 2.358720e+02
1.000000e+02, 2.360463e+02
1.000000e+02, 2.362221e+02
1.000000e+02, 2.363994e+02
1.000000e+02, 2.365782e+02
1.000000e+02, 2.367585e+02
1.000000e+02, 2.369404e+02
1.000000e+02, 2.371238e+02
1.000000e+02, 2.373087e+02
1.000000e+02, 2.374952e+02
1.000000e+02, 2.376832e+02
1.000000e+02, 2.378728e+02
1.000000e+02, 2.380639e+02
1.000000e+02, 2.382565e+02
1.000000e+02, 2.384507e+02
1.000000e+02, 2.386464e+02
1.000000e+02, 2.388437e+02
1.000000e+02, 2.390426e+02
1.000000e+02, 2.392430e+02
1.000000e+02, 2.394450e+02
1.000000e+02, 2.396486e+02
1.000000e+02, 2.398537e+02
1.000000e+02, 2.400604e+02
1.000000e+02, 2.402686e+02
1.000000e+02, 2.404785e+02
1.000000e+02, 2.406899e+02
1.000000e+02, 2.409029e+02
1.000000e+02, 2.411175e+02
1.000000e+02, 2.413336e+02
1.000000e+02, 2.415514e+02
1.000000e+02, 2.417708e+02
1.000000e+02, 2.419917e+02
1.000000e+02, 2.422143e+02
1.000000e+02, 2.424385e+02
1.000000e+02, 2.426643e+02
1.000000e+02, 2.428917e+02
1.000000e+02, 2.431207e+02
1.000000e+02, 2.433513e+02
1.000000e+02, 2.435835e+02
1.000000e+02, 2.438174e+02
1.000000e+02, 2.440529e+02
1.000000e+02, 2.442901e+02
1.000000e+02, 2.445288e+02
1.000000e+02, 2.447692e+02
1.000000e+02, 2.450113e+02
1.000000e+02, 2.452550e+02
1.000000e+02, 2.455003e+02
1.000000e+02, 2.457473e+02
1.000000e+02, 2.459960e+02
1.000000e+02, 2.462463e+02
1.000000e+02, 2.464983e+02
1.000000e+02, 2.467520e+02
1.000000e+02, 2.470073e+02
1.000000e+02, 2.472643e+02
1.000000e+02, 2.475230e+02
1.000000e+02, 2.477834e+02
1.000000e+02, 2.480454e+02
1.000000e+02, 2.483092e+02
1.000000e+02, 2.485746e+02
1.000000e+02, 2.488418e+02
1.000000e+02, 2.491106e+02
1.000000e+02, 2.493812e+02
1.000000e+02, 2.496535e+02
1.000000e+02, 2.499275e+02
1.000000e+02, 2.502032e+02
1.000000e+02, 2.504806e+02
1.000000e+02, 2.507598e+02
1.000000e+02, 2.510407e+02
1.000000e+02, 2.513234e+02
1.000000e+02, 2.516078e+02
1.000000e+02, 2.518939e+02
1.000000e+02, 2.521818e+02
1.000000e+02, 2.524715e+02
1.000000e+02, 2.527629e+02
1.000000e+02, 2.530561e+02
1.000000e+02, 2.533511e+02
1.000000e+02, 2.536478e+02
1.000000e+02, 2.539463e+02
1.000000e+02, 2.542467e+02
1.000000e+02, 2.545488e+02
1.000000e+02, 2.548527e+02
1.000000e+02, 2.551584e+02
1.000000e+02, 2.554659e+02
1.000000e+02, 2.557752e+02
1.000000e+02, 2.560864e+02
1.000000e+02, 2.563993e+02
1.000000e+02, 2.567142e+02
1.000000e+02, 2.570308e+02
1.000000e+02, 2.573493e+02
1.000000e+02, 2.576696e+02
1.000000e+02, 2.579918e+02
1.000000e+02, 2.583158e+02
1.000000e+02, 2.586417e+02
1.000000e+02, 2.589695e+02
1.000000e+02, 2.592991e+02
1.000000e+02, 2.596306e+02
1.000000e+02, 2.599640e+02
1.000000e+02, 2.602994e+02
1.000000e+02, 2.606366e+02
1.000000e+02, 2.609757e+02
1.000000e+02, 2.613167e+02
1.000000e+02, 2.616596e+02
1.000000e+02, 2.620045e+02
1.000000e+02, 2.623512e+02
1.000000e+02, 2.627000e+02
1.000000e+02, 2.630506e+02
1.000000e+02, 2.634033e+02
1.000000e+02, 2.637578e+02
1.000000e+02, 2.641144e+02
1.000000e+02, 2.644729e+02
1.000000e+02, 2.648333e+02
1.000000e+02, 2.651958e+02
1.000000e+02, 2.655603e+02
1.000000e+02, 2.659267e+02
1.000000e+02, 2.662952e+02
1.000000e+02, 2.666656e+02
1.000000e+02, 2.670381e+02
1.000000e+02, 2.674126e+02
1.000000e+02, 2.677892e+02
1.000000e+02, 2.681677e+02
1.000000e+02, 2.685484e+02
1.000000e+02, 2.689311e+02
1.000000e+02, 2.693158e+02
1.000000e+02, 2.697027e+02
1.000000e+02, 2.700916e+02
1.000000e+02, 2.704826e+02
1.000000e+02, 2.708756e+02
1.000000e+02, 2.712708e+02
1.000000e+02, 2.716681e+02
1.000000e+02, 2.720676e+02
1.000000e+02, 2.724691e+02
1.000000e+02, 2.728728e+02
1.000000e+02, 2.732787e+02
1.000000e+02, 2.736866e+02
1.000000e+02, 2.740968e+02
1.000000e+02, 2.745091e+02
1.000000e+02, 2.749236e+02
1.000000e+02, 2.753403e+02
1.000000e+02, 2.757592e+02
1.000000e+02, 2.761803e+02
1.000000e+02, 2.766037e+02
1.000000e+02, 2.770292e+02
1.000000e+02, 2.774570e+02
1.000000e+02, 2.778871e+02
1.000000e+02, 2.783194e+02
1.000000e+02, 2.787539e+02
1.000000e+02, 2.791908e+02
1.000000e+02, 2.796299e+02
1.000000e+02, 2.800713e+02
1.000000e+02, 2.805150e+02
1.000000e+02, 2.809611e+02
1.000000e+02, 2.814094e+02
1.000000e+02, 2.818602e+02
1.000000e+02, 2.823132e+02
1.000000e+02, 2.827686e+02
1.000000e+02, 2.832264e+02
1.000000e+02, 2.836866e+02
1.000000e+02, 2.841492e+02
1.000000e+02, 2.846142e+02
1.000000e+02, 2.850816e+02
1.000000e+02, 2.855514e+02
1.000000e+02, 2.860237e+02
1.000000e+02, 2.864984e+02
1.000000e+02, 2.869756e+02
1.000000e+02, 2.874552e+02
1.000000e+02, 2.879374e+02
1.000000e+02, 2.884220e+02
1.000000e+02, 2.889092e+02
1.000000e+02, 2.893989e+02
1.000000e+02, 2.898911e+02
1.000000e+02, 2.903859e+02
1.000000e+02, 2.908833e+02
1.000000e+02, 2.913832e+02
1.000000e+02, 2.918858e+02
1.000000e+02, 2.923909e+02
1.000000e+02, 2.928987e+02
1.000000e+02, 2.934091e+02
1.000000e+02, 2.939221e+02
1.000000e+02, 2.944378e+02
1.000000e+02, 2.949562e+02
1.000000e+02, 2.954773e+02
1.000000e+02, 2.960011e+02
1.000000e+02, 2.965277e+02
1.000000e+02, 2.970570e+02
1.000000e+02, 2.975890e+02
1.000000e+02, 2.981238e+02
1.000000e+02, 2.986614e+02
1.000000e+02, 2.992018e+02
1.000000e+02, 2.997450e+02
1.000000e+02, 3.002911e+02
1.000000e+02, 3.008400e+02
1.000000e+02, 3.013918e+02
1.000000e+02, 3.019465e+02
1.000000e+02, 3.025040e+02
1.000000e+02, 3.030646e+02
1.000000e+02, 3.036280e+02
1.000000e+02, 3.041944e+02
1.000000e+02, 3.047638e+02
1.000000e+02, 3.053363e+02
1.000000e+02, 3.059117e+02
1.000000e+02, 3.064901e+02
1.000000e+02, 3.070717e+02
1.000000e+02, 3.076563e+02
1.000000e+02, 3.082440e+02
1.000000e+02, 3.088348e+02
1.000000e+02, 3.094287e+02
1.000000e+02, 3.100258e+02
1.000000e+02, 3.106262e+02
1.000000e+02, 3.112297e+02
1.000000e+02, 3.118364e+02
1.000000e+02, 3.124464e+02
1.000000e+02, 3.130596e+02
1.000000e+02, 3.136762e+02
1.000000e+02, 3.142960e+02
1.000000e+02, 3.149193e+02
1.000000e+02, 3.155458e+02
1.000000e+02, 3.161758e+02
1.000000e+02, 3.168092e+02
1.000000e+02, 3.174460e+02
1.000000e+02, 3.180863e+02
1.000000e+02, 3.187301e+02
1.000000e+02, 3.193774e+02
1.000000e+02, 3.200282e+02
1.000000e+02, 3.206826e+02
1.000000e+02, 3.213406e+02
1.000000e+02, 3.220023e+02
1.000000e+02, 3.226676e+02
1.000000e+02, 3.233366e+02
1.000000e+02, 3.240093e+02
1.000000e+02, 3.246858e+02
1.000000e+02, 3.253660e+02
1.000000e+02, 3.260500e+02
1.000000e+02, 3.267379e+02
1.000000e+02, 3.274296e+02
1.000000e+02, 3.281253e+02
1.000000e+02, 3.288249e+02
1.000000e+02, 3.295284e+02
1.000000e+02, 3.302360e+02
1.000000e+02, 3.309476e+02
1.000000e+02, 3.316633e+02
1.000000e+02, 3.323831e+02
1.000000e+02, 3.331070e+02
1.000000e+02, 3.338351e+02
1.000000e+02, 3.345675e+02
1.000000e+02, 3.353041e+02
1.000000e+02, 3.360450e+02
1.000000e+02, 3.367902e+02
1.000000e+02, 3.375399e+02
1.000000e+02, 3.382939e+02
1.000000e+02, 3.390525e+02
1.000000e+02, 3.398155e+02
1.000000e+02, 3.405831e+02
1.000000e+02, 3.413553e+02
1.000000e+02, 3.421321e+02
1.000000e+02, 3.429136e+02
1.000000e+02, 3.436999e+02
1.000000e+02, 3.444910e+02
1.000000e+02, 3.452869e+02
1.000000e+02, 3.460876e+02
1.000000e+02, 3.468934e+02
1.000000e+02, 3.477041e+02
1.000000e+02, 3.485198e+02
1.000000e+02, 3.493407e+02
1.000000e+02, 3.501667e+02
1.000000e+02, 3.509979e+02
1.000000e+02, 3.518345e+02
1.000000e+02, 3.526763e+02
1.000000e+02, 3.535235e+02
1.000000e+02, 3.543762e+02
1.000000e+02, 3.552344e+02
1.000000e+02, 3.560982e+02
1.000000e+02, 3.569676e+02
1.000000e+02, 3.578428e+02
1.000000e+02, 3.587237e+02
1.000000e+02, 3.596105e+02
1.000000e+02, 5.032783e-01
1.000000e+02, 1.402020e+00
1.000000e+02, 2.306845e+00
1.000000e+02, 3.217831e+00
1.000000e+02, 4.135057e+00
1.000000e+02, 5.058606e+00
1.000000e+02, 5.988561e+00
1.000000e+02, 6.925010e+00
1.000000e+02, 7.868039e+00
1.000000e+02, 8.817739e+00
1.000000e+02, 9.774204e+00
1.000000e+02, 1.073753e+01
1.000000e+02, 1.170781e+01
1.000000e+02, 1.268515e+01
1.000000e+02, 1.366965e+01
1.000000e+02, 1.466141e+01
1.000000e+02, 1.566055e+01
1.000000e+02, 1.666718e+01
1.000000e+02, 1.768141e+01
1.000000e+02, 1.870335e+01
1.000000e+02, 1.973314e+01
1.000000e+02, 2.077090e+01
1.000000e+02, 2.181674e+01
1.000000e+02, 2.287082e+01
1.000000e+02, 2.393326e+01
1.000000e+02, 2.500420e+01
1.000000e+02, 2.608379e+01
1.000000e+02, 2.717218e+01
1.000000e+02, 2.826952e+01
1.000000e+02, 2.937597e+01
1.000000e+02, 3.049170e+01
1.000000e+02, 3.161687e+01
1.000000e+02, 3.275166e+01
1.000000e+02, 3.389626e+01
1.000000e+02, 3.505085e+01
1.000000e+02, 3.621561e+01
1.000000e+02, 3.739077e+01
1.000000e+02, 3.857651e+01
1.000000e+02, 3.977306e+01
1.000000e+02, 4.098065e+01
1.000000e+02, 4.219949e+01
1.000000e+02, 4.342984e+01
1.000000e+02, 4.467194e+01
1.000000e+02, 4.592606e+01
1.000000e+02, 4.719246e+01
1.000000e+02, 4.847142e+01
1.000000e+02, 4.976324e+01
1.000000e+02, 5.106822e+01
1.000000e+02, 5.238667e+01
1.000000e+02, 5.371894e+01
1.000000e+02, 5.506536e+01
1.000000e+02, 5.642630e+01
1.000000e+02, 5.780214e+01
1.000000e+02, 5.919326e+01
1.000000e+02, 6.060009e+01
1.000000e+02, 6.202306e+01
1.000000e+02, 6.346263e+01
1.000000e+02, 6.491927e+01
1.000000e+02, 6.639349e+01
1.000000e+02, 6.788581e+01
1.000000e+02, 6.939680e+01
1.000000e+02, 7.092705e+01
1.000000e+02, 7.247717e+01
1.000000e+02, 7.404782e+01
1.000000e+02, 7.563971e+01
1.000000e+02, 7.725357e+01
1.000000e+02, 7.889017e+01
1.000000e+02, 8.055037e+01
1.000000e+02, 8.223504e+01
1.000000e+02, 8.394512e+01
1.000000e+02, 8.568164e+01
1.000000e+02, 8.744568e+01
1.000000e+02, 8.923839e+01
1.000000e+02, 9.106102e+01
1.000000e+02, 9.291493e+01
1.000000e+02, 9.480156e+01
1.000000e+02, 9.672248e+01
1.000000e+02, 9.867940e+01
1.000000e+02, 1.006742e+02
1.000000e+02, 1.027088e+02
1.000000e+02, 1.047856e+02
1.000000e+02, 1.069068e+02
1.000000e+02, 1.090753e+02
1.000000e+02, 1.112940e+02
1.000000e+02, 1.135662e+02
1.000000e+02, 1.158956e+02
1.000000e+02, 1.182863e+02
1.000000e+02, 1.207431e+02
1.000000e+02, 1.232713e+02
1.000000e+02, 1.258769e+02
1.000000e+02, 1.285670e+02
1.000000e+02, 1.313499e+02
1.000000e+02, 1.342352e+02
1.000000e+02, 1.372343e+02
1.000000e+02, 1.403610e+02
1.000000e+02, 1.436323e+02
1.000000e+02, 1.470693e+02
1.000000e+02, 1.506987e+02
1.000000e+02, 1.545556e+02
1.000000e+02, 1.586872e+02
1.000000e+02, 1.631603e+02
1.000000e+02, 1.680741e+02
1.000000e+02, 1.735894e+02
1.000000e+02, 1.800000e+02
##END= 