##TITLE= /opt/topspin3.0/exp/stan/nmr/lists/wave/user/HypSec_trunc2.84_110
##JCAMP-DX= 5.00 Bruker JCAMP library
##DATA TYPE= Shape Data
##ORIGIN= Bruker BioSpin GmbH
##OWNER= <nmrsu>
##DATE= 15/02/24
##TIME= 16:15:04
##MINX= 1.164538e+01
##MAXX= 9.999960e+01
##MINY= 2.546774e-02
##MAXY= 3.585574e+02
##$SHAPE_EXMODE= Adiabatic
##$SHAPE_TOTROT= 1.800000e+02
##$SHAPE_BWFAC= 1.929340e+02
##$SHAPE_INTEGFAC= 2.356110e-02
##$SHAPE_MODE= 0
##NPOINTS= 1000
##XYPOINTS= (XY..XY)
1.000000e+02, 1.800000e+02
1.000000e+02, 1.735562e+02
1.000000e+02, 1.680123e+02
1.000000e+02, 1.630730e+02
1.000000e+02, 1.585768e+02
1.000000e+02, 1.544237e+02
1.000000e+02, 1.505469e+02
1.000000e+02, 1.468987e+02
1.000000e+02, 1.434439e+02
1.000000e+02, 1.401556e+02
1.000000e+02, 1.370127e+02
1.000000e+02, 1.339980e+02
1.000000e+02, 1.310978e+02
1.000000e+02, 1.283005e+02
1.000000e+02, 1.255965e+02
1.000000e+02, 1.229773e+02
1.000000e+02, 1.204361e+02
1.000000e+02, 1.179666e+02
1.000000e+02, 1.155634e+02
1.000000e+02, 1.132220e+02
1.000000e+02, 1.109380e+02
1.000000e+02, 1.087078e+02
1.000000e+02, 1.065281e+02
1.000000e+02, 1.043958e+02
1.000000e+02, 1.023083e+02
1.000000e+02, 1.002631e+02
1.000000e+02, 9.825804e+01
1.000000e+02, 9.629098e+01
1.000000e+02, 9.436011e+01
1.000000e+02, 9.246371e+01
1.000000e+02, 9.060020e+01
1.000000e+02, 8.876812e+01
1.000000e+02, 8.696612e+01
1.000000e+02, 8.519294e+01
1.000000e+02, 8.344743e+01
1.000000e+02, 8.172848e+01
1.000000e+02, 8.003508e+01
1.000000e+02, 7.836629e+01
1.000000e+02, 7.672120e+01
1.000000e+02, 7.509898e+01
1.000000e+02, 7.349885e+01
1.000000e+02, 7.192005e+01
1.000000e+02, 7.036190e+01
1.000000e+02, 6.882372e+01
1.000000e+02, 6.730490e+01
1.000000e+02, 6.580485e+01
1.000000e+02, 6.432299e+01
1.000000e+02, 6.285881e+01
1.000000e+02, 6.141178e+01
1.000000e+02, 5.998144e+01
1.000000e+02, 5.856732e+01
1.000000e+02, 5.716898e+01
1.000000e+02, 5.578602e+01
1.000000e+02, 5.441803e+01
1.000000e+02, 5.306463e+01
1.000000e+02, 5.172546e+01
1.000000e+02, 5.040017e+01
1.000000e+02, 4.908843e+01
1.000000e+02, 4.778992e+01
1.000000e+02, 4.650433e+01
1.000000e+02, 4.523137e+01
1.000000e+02, 4.397076e+01
1.000000e+02, 4.272222e+01
1.000000e+02, 4.148550e+01
1.000000e+02, 4.026034e+01
1.000000e+02, 3.904650e+01
1.000000e+02, 3.784374e+01
1.000000e+02, 3.665186e+01
1.000000e+02, 3.547061e+01
1.000000e+02, 3.429981e+01
1.000000e+02, 3.313924e+01
1.000000e+02, 3.198872e+01
1.000000e+02, 3.084804e+01
1.000000e+02, 2.971704e+01
1.000000e+02, 2.859553e+01
1.000000e+02, 2.748335e+01
1.000000e+02, 2.638032e+01
1.000000e+02, 2.528629e+01
1.000000e+02, 2.420111e+01
1.000000e+02, 2.312462e+01
1.000000e+02, 2.205667e+01
1.000000e+02, 2.099714e+01
1.000000e+02, 1.994587e+01
1.000000e+02, 1.890274e+01
1.000000e+02, 1.786762e+01
1.000000e+02, 1.684037e+01
1.000000e+02, 1.582089e+01
1.000000e+02, 1.480905e+01
1.000000e+02, 1.380473e+01
1.000000e+02, 1.280783e+01
1.000000e+02, 1.181823e+01
1.000000e+02, 1.083583e+01
1.000000e+02, 9.860518e+00
1.000000e+02, 8.892202e+00
1.000000e+02, 7.930781e+00
1.000000e+02, 6.976160e+00
1.000000e+02, 6.028245e+00
1.000000e+02, 5.086944e+00
1.000000e+02, 4.152170e+00
1.000000e+02, 3.223836e+00
1.000000e+02, 2.301858e+00
1.000000e+02, 1.386152e+00
1.000000e+02, 4.766391e-01
1.000000e+02, 3.595732e+02
1.000000e+02, 3.586759e+02
1.000000e+02, 3.577845e+02
1.000000e+02, 3.568990e+02
1.000000e+02, 3.560193e+02
1.000000e+02, 3.551453e+02
1.000000e+02, 3.542771e+02
1.000000e+02, 3.534144e+02
1.000000e+02, 3.525573e+02
1.000000e+02, 3.517057e+02
1.000000e+02, 3.508595e+02
1.000000e+02, 3.500187e+02
1.000000e+02, 3.491831e+02
1.000000e+02, 3.483528e+02
1.000000e+02, 3.475277e+02
1.000000e+02, 3.467077e+02
1.000000e+02, 3.458928e+02
1.000000e+02, 3.450829e+02
1.000000e+02, 3.442780e+02
1.000000e+02, 3.434780e+02
1.000000e+02, 3.426828e+02
1.000000e+02, 3.418925e+02
1.000000e+02, 3.411069e+02
1.000000e+02, 3.403260e+02
1.000000e+02, 3.395498e+02
1.000000e+02, 3.387783e+02
1.000000e+02, 3.380113e+02
1.000000e+02, 3.372488e+02
1.000000e+02, 3.364909e+02
1.000000e+02, 3.357373e+02
1.000000e+02, 3.349882e+02
1.000000e+02, 3.342435e+02
1.000000e+02, 3.335031e+02
1.000000e+02, 3.327669e+02
1.000000e+02, 3.320350e+02
1.000000e+02, 3.313073e+02
1.000000e+02, 3.305838e+02
1.000000e+02, 3.298644e+02
1.000000e+02, 3.291491e+02
1.000000e+02, 3.284379e+02
1.000000e+02, 3.277307e+02
1.000000e+02, 3.270275e+02
1.000000e+02, 3.263282e+02
1.000000e+02, 3.256329e+02
1.000000e+02, 3.249415e+02
1.000000e+02, 3.242539e+02
1.000000e+02, 3.235701e+02
1.000000e+02, 3.228902e+02
1.000000e+02, 3.222140e+02
1.000000e+02, 3.215415e+02
1.000000e+02, 3.208728e+02
1.000000e+02, 3.202077e+02
1.000000e+02, 3.195463e+02
1.000000e+02, 3.188885e+02
1.000000e+02, 3.182342e+02
1.000000e+02, 3.175836e+02
1.000000e+02, 3.169365e+02
1.000000e+02, 3.162929e+02
1.000000e+02, 3.156527e+02
1.000000e+02, 3.150161e+02
1.000000e+02, 3.143828e+02
1.000000e+02, 3.137530e+02
1.000000e+02, 3.131266e+02
1.000000e+02, 3.125035e+02
1.000000e+02, 3.118838e+02
1.000000e+02, 3.112673e+02
1.000000e+02, 3.106542e+02
1.000000e+02, 3.100443e+02
1.000000e+02, 3.094377e+02
1.000000e+02, 3.088343e+02
1.000000e+02, 3.082341e+02
1.000000e+02, 3.076370e+02
1.000000e+02, 3.070431e+02
1.000000e+02, 3.064524e+02
1.000000e+02, 3.058648e+02
1.000000e+02, 3.052802e+02
1.000000e+02, 3.046988e+02
1.000000e+02, 3.041204e+02
1.000000e+02, 3.035450e+02
1.000000e+02, 3.029727e+02
1.000000e+02, 3.024033e+02
1.000000e+02, 3.018369e+02
1.000000e+02, 3.012735e+02
1.000000e+02, 3.007130e+02
1.000000e+02, 3.001555e+02
1.000000e+02, 2.996008e+02
1.000000e+02, 2.990491e+02
1.000000e+02, 2.985002e+02
1.000000e+02, 2.979541e+02
1.000000e+02, 2.974109e+02
1.000000e+02, 2.968705e+02
1.000000e+02, 2.963330e+02
1.000000e+02, 2.957982e+02
1.000000e+02, 2.952662e+02
1.000000e+02, 2.947369e+02
1.000000e+02, 2.942104e+02
1.000000e+02, 2.936866e+02
1.000000e+02, 2.931655e+02
1.000000e+02, 2.926471e+02
1.000000e+02, 2.921314e+02
1.000000e+02, 2.916183e+02
1.000000e+02, 2.911079e+02
1.000000e+02, 2.906002e+02
1.000000e+02, 2.900950e+02
1.000000e+02, 2.895925e+02
1.000000e+02, 2.890926e+02
1.000000e+02, 2.885952e+02
1.000000e+02, 2.881004e+02
1.000000e+02, 2.876082e+02
1.000000e+02, 2.871185e+02
1.000000e+02, 2.866313e+02
1.000000e+02, 2.861467e+02
1.000000e+02, 2.856646e+02
1.000000e+02, 2.851849e+02
1.000000e+02, 2.847077e+02
1.000000e+02, 2.842330e+02
1.000000e+02, 2.837607e+02
1.000000e+02, 2.832909e+02
1.000000e+02, 2.828235e+02
1.000000e+02, 2.823586e+02
1.000000e+02, 2.818960e+02
1.000000e+02, 2.814358e+02
1.000000e+02, 2.809781e+02
1.000000e+02, 2.805226e+02
1.000000e+02, 2.800696e+02
1.000000e+02, 2.796189e+02
1.000000e+02, 2.791705e+02
1.000000e+02, 2.787245e+02
1.000000e+02, 2.782808e+02
1.000000e+02, 2.778394e+02
1.000000e+02, 2.774003e+02
1.000000e+02, 2.769635e+02
1.000000e+02, 2.765290e+02
1.000000e+02, 2.760967e+02
1.000000e+02, 2.756667e+02
1.000000e+02, 2.752389e+02
1.000000e+02, 2.748134e+02
1.000000e+02, 2.743901e+02
1.000000e+02, 2.739690e+02
1.000000e+02, 2.735502e+02
1.000000e+02, 2.731335e+02
1.000000e+02, 2.727191e+02
1.000000e+02, 2.723068e+02
1.000000e+02, 2.718967e+02
1.000000e+02, 2.714887e+02
1.000000e+02, 2.710829e+02
1.000000e+02, 2.706793e+02
1.000000e+02, 2.702778e+02
1.000000e+02, 2.698785e+02
1.000000e+02, 2.694812e+02
1.000000e+02, 2.690861e+02
1.000000e+02, 2.686931e+02
1.000000e+02, 2.683021e+02
1.000000e+02, 2.679133e+02
1.000000e+02, 2.675266e+02
1.000000e+02, 2.671419e+02
1.000000e+02, 2.667593e+02
1.000000e+02, 2.663787e+02
1.000000e+02, 2.660002e+02
1.000000e+02, 2.656238e+02
1.000000e+02, 2.652494e+02
1.000000e+02, 2.648770e+02
1.000000e+02, 2.645066e+02
1.000000e+02, 2.641383e+02
1.000000e+02, 2.637719e+02
1.000000e+02, 2.634076e+02
1.000000e+02, 2.630453e+02
1.000000e+02, 2.626849e+02
1.000000e+02, 2.623265e+02
1.000000e+02, 2.619701e+02
1.000000e+02, 2.616157e+02
1.000000e+02, 2.612632e+02
1.000000e+02, 2.609127e+02
1.000000e+02, 2.605641e+02
1.000000e+02, 2.602174e+02
1.000000e+02, 2.598727e+02
1.000000e+02, 2.595299e+02
1.000000e+02, 2.591891e+02
1.000000e+02, 2.588501e+02
1.000000e+02, 2.585131e+02
1.000000e+02, 2.581779e+02
1.000000e+02, 2.578447e+02
1.000000e+02, 2.575134e+02
1.000000e+02, 2.571839e+02
1.000000e+02, 2.568563e+02
1.000000e+02, 2.565306e+02
1.000000e+02, 2.562067e+02
1.000000e+02, 2.558848e+02
1.000000e+02, 2.555646e+02
1.000000e+02, 2.552463e+02
1.000000e+02, 2.549299e+02
1.000000e+02, 2.546153e+02
1.000000e+02, 2.543026e+02
1.000000e+02, 2.539916e+02
1.000000e+02, 2.536825e+02
1.000000e+02, 2.533752e+02
1.000000e+02, 2.530697e+02
1.000000e+02, 2.527661e+02
1.000000e+02, 2.524642e+02
1.000000e+02, 2.521641e+02
1.000000e+02, 2.518658e+02
1.000000e+02, 2.515693e+02
1.000000e+02, 2.512746e+02
1.000000e+02, 2.509817e+02
1.000000e+02, 2.506905e+02
1.000000e+02, 2.504011e+02
1.000000e+02, 2.501135e+02
1.000000e+02, 2.498276e+02
1.000000e+02, 2.495435e+02
1.000000e+02, 2.492612e+02
1.000000e+02, 2.489805e+02
1.000000e+02, 2.487016e+02
1.000000e+02, 2.484245e+02
1.000000e+02, 2.481491e+02
1.000000e+02, 2.478754e+02
1.000000e+02, 2.476034e+02
1.000000e+02, 2.473332e+02
1.000000e+02, 2.470646e+02
1.000000e+02, 2.467978e+02
1.000000e+02, 2.465327e+02
1.000000e+02, 2.462693e+02
1.000000e+02, 2.460076e+02
1.000000e+02, 2.457475e+02
1.000000e+02, 2.454892e+02
1.000000e+02, 2.452325e+02
1.000000e+02, 2.449776e+02
1.000000e+02, 2.447243e+02
1.000000e+02, 2.444727e+02
1.000000e+02, 2.442227e+02
1.000000e+02, 2.439744e+02
1.000000e+02, 2.437278e+02
1.000000e+02, 2.434828e+02
1.000000e+02, 2.432395e+02
1.000000e+02, 2.429979e+02
1.000000e+02, 2.427579e+02
1.000000e+02, 2.425195e+02
1.000000e+02, 2.422828e+02
1.000000e+02, 2.420477e+02
1.000000e+02, 2.418143e+02
1.000000e+02, 2.415824e+02
1.000000e+02, 2.413522e+02
1.000000e+02, 2.411237e+02
1.000000e+02, 2.408967e+02
1.000000e+02, 2.406714e+02
1.000000e+02, 2.404477e+02
1.000000e+02, 2.402255e+02
1.000000e+02, 2.400050e+02
1.000000e+02, 2.397861e+02
1.000000e+02, 2.395688e+02
1.000000e+02, 2.393531e+02
1.000000e+02, 2.391390e+02
1.000000e+02, 2.389265e+02
1.000000e+02, 2.387156e+02
1.000000e+02, 2.385063e+02
1.000000e+02, 2.382985e+02
1.000000e+02, 2.380923e+02
1.000000e+02, 2.378877e+02
1.000000e+02, 2.376847e+02
1.000000e+02, 2.374832e+02
1.000000e+02, 2.372834e+02
1.000000e+02, 2.370850e+02
1.000000e+02, 2.368883e+02
1.000000e+02, 2.366931e+02
1.000000e+02, 2.364994e+02
1.000000e+02, 2.363073e+02
1.000000e+02, 2.361168e+02
1.000000e+02, 2.359278e+02
1.000000e+02, 2.357404e+02
1.000000e+02, 2.355545e+02
1.000000e+02, 2.353701e+02
1.000000e+02, 2.351873e+02
1.000000e+02, 2.350060e+02
1.000000e+02, 2.348263e+02
1.000000e+02, 2.346481e+02
1.000000e+02, 2.344714e+02
1.000000e+02, 2.342962e+02
1.000000e+02, 2.341226e+02
1.000000e+02, 2.339505e+02
1.000000e+02, 2.337799e+02
1.000000e+02, 2.336108e+02
1.000000e+02, 2.334433e+02
1.000000e+02, 2.332773e+02
1.000000e+02, 2.331127e+02
1.000000e+02, 2.329497e+02
1.000000e+02, 2.327882e+02
1.000000e+02, 2.326282e+02
1.000000e+02, 2.324697e+02
1.000000e+02, 2.323127e+02
1.000000e+02, 2.321571e+02
1.000000e+02, 2.320031e+02
1.000000e+02, 2.318506e+02
1.000000e+02, 2.316996e+02
1.000000e+02, 2.315501e+02
1.000000e+02, 2.314020e+02
1.000000e+02, 2.312554e+02
1.000000e+02, 2.311104e+02
1.000000e+02, 2.309668e+02
1.000000e+02, 2.308247e+02
1.000000e+02, 2.306840e+02
1.000000e+02, 2.305449e+02
1.000000e+02, 2.304072e+02
1.000000e+02, 2.302710e+02
1.000000e+02, 2.301362e+02
1.000000e+02, 2.300030e+02
1.000000e+02, 2.298712e+02
1.000000e+02, 2.297408e+02
1.000000e+02, 2.296120e+02
1.000000e+02, 2.294846e+02
1.000000e+02, 2.293586e+02
1.000000e+02, 2.292341e+02
1.000000e+02, 2.291111e+02
1.000000e+02, 2.289896e+02
1.000000e+02, 2.288695e+02
1.000000e+02, 2.287508e+02
1.000000e+02, 2.286336e+02
1.000000e+02, 2.285178e+02
1.000000e+02, 2.284035e+02
1.000000e+02, 2.282907e+02
1.000000e+02, 2.281793e+02
1.000000e+02, 2.280693e+02
1.000000e+02, 2.279608e+02
1.000000e+02, 2.278537e+02
1.000000e+02, 2.277481e+02
1.000000e+02, 2.276439e+02
1.000000e+02, 2.275411e+02
1.000000e+02, 2.274398e+02
1.000000e+02, 2.273399e+02
1.000000e+02, 2.272415e+02
1.000000e+02, 2.271445e+02
1.000000e+02, 2.270489e+02
1.000000e+02, 2.269547e+02
1.000000e+02, 2.268620e+02
1.000000e+02, 2.267707e+02
1.000000e+02, 2.266809e+02
1.000000e+02, 2.265924e+02
1.000000e+02, 2.265054e+02
1.000000e+02, 2.264198e+02
1.000000e+02, 2.263357e+02
1.000000e+02, 2.262529e+02
1.000000e+02, 2.261716e+02
1.000000e+02, 2.260917e+02
1.000000e+02, 2.260132e+02
1.000000e+02, 2.259362e+02
1.000000e+02, 2.258605e+02
1.000000e+02, 2.257863e+02
1.000000e+02, 2.257135e+02
1.000000e+02, 2.256421e+02
1.000000e+02, 2.255721e+02
1.000000e+02, 2.255036e+02
1.000000e+02, 2.254364e+02
1.000000e+02, 2.253707e+02
1.000000e+02, 2.253063e+02
1.000000e+02, 2.252434e+02
1.000000e+02, 2.251819e+02
1.000000e+02, 2.251218e+02
1.000000e+02, 2.250631e+02
1.000000e+02, 2.250058e+02
1.000000e+02, 2.249499e+02
1.000000e+02, 2.248954e+02
1.000000e+02, 2.248424e+02
1.000000e+02, 2.247907e+02
1.000000e+02, 2.247404e+02
1.000000e+02, 2.246916e+02
1.000000e+02, 2.246441e+02
1.000000e+02, 2.245980e+02
1.000000e+02, 2.245534e+02
1.000000e+02, 2.245101e+02
1.000000e+02, 2.244683e+02
1.000000e+02, 2.244278e+02
1.000000e+02, 2.243888e+02
1.000000e+02, 2.243511e+02
1.000000e+02, 2.243149e+02
1.000000e+02, 2.242800e+02
1.000000e+02, 2.242465e+02
1.000000e+02, 2.242145e+02
1.000000e+02, 2.241838e+02
1.000000e+02, 2.241545e+02
1.000000e+02, 2.241267e+02
1.000000e+02, 2.241002e+02
1.000000e+02, 2.240751e+02
1.000000e+02, 2.240514e+02
1.000000e+02, 2.240291e+02
1.000000e+02, 2.240082e+02
1.000000e+02, 2.239887e+02
1.000000e+02, 2.239706e+02
1.000000e+02, 2.239539e+02
1.000000e+02, 2.239386e+02
1.000000e+02, 2.239246e+02
1.000000e+02, 2.239121e+02
1.000000e+02, 2.239009e+02
1.000000e+02, 2.238912e+02
1.000000e+02, 2.238828e+02
1.000000e+02, 2.238759e+02
1.000000e+02, 2.238703e+02
1.000000e+02, 2.238661e+02
1.000000e+02, 2.238633e+02
1.000000e+02, 2.238620e+02
1.000000e+02, 2.238620e+02
1.000000e+02, 2.238633e+02
1.000000e+02, 2.238661e+02
1.000000e+02, 2.238703e+02
1.000000e+02, 2.238759e+02
1.000000e+02, 2.238828e+02
1.000000e+02, 2.238912e+02
1.000000e+02, 2.239009e+02
1.000000e+02, 2.239121e+02
1.000000e+02, 2.239246e+02
1.000000e+02, 2.239386e+02
1.000000e+02, 2.239539e+02
1.000000e+02, 2.239706e+02
1.000000e+02, 2.239887e+02
1.000000e+02, 2.240082e+02
1.000000e+02, 2.240291e+02
1.000000e+02, 2.240514e+02
1.000000e+02, 2.240751e+02
1.000000e+02, 2.241002e+02
1.000000e+02, 2.241267e+02
1.000000e+02, 2.241545e+02
1.000000e+02, 2.241838e+02
1.000000e+02, 2.242145e+02
1.000000e+02, 2.242465e+02
1.000000e+02, 2.242800e+02
1.000000e+02, 2.243149e+02
1.000000e+02, 2.243511e+02
1.000000e+02, 2.243888e+02
1.000000e+02, 2.244278e+02
1.000000e+02, 2.244683e+02
1.000000e+02, 2.245101e+02
1.000000e+02, 2.245534e+02
1.000000e+02, 2.245980e+02
1.000000e+02, 2.246441e+02
1.000000e+02, 2.246916e+02
1.000000e+02, 2.247404e+02
1.000000e+02, 2.247907e+02
1.000000e+02, 2.248424e+02
1.000000e+02, 2.248954e+02
1.000000e+02, 2.249499e+02
1.000000e+02, 2.250058e+02
1.000000e+02, 2.250631e+02
1.000000e+02, 2.251218e+02
1.000000e+02, 2.251819e+02
1.000000e+02, 2.252434e+02
1.000000e+02, 2.253063e+02
1.000000e+02, 2.253707e+02
1.000000e+02, 2.254364e+02
1.000000e+02, 2.255036e+02
1.000000e+02, 2.255721e+02
1.000000e+02, 2.256421e+02
1.000000e+02, 2.257135e+02
1.000000e+02, 2.257863e+02
1.000000e+02, 2.258605e+02
1.000000e+02, 2.259362e+02
1.000000e+02, 2.260132e+02
1.000000e+02, 2.260917e+02
1.000000e+02, 2.261716e+02
1.000000e+02, 2.262529e+02
1.000000e+02, 2.263357e+02
1.000000e+02, 2.264198e+02
1.000000e+02, 2.265054e+02
1.000000e+02, 2.265924e+02
1.000000e+02, 2.266809e+02
1.000000e+02, 2.267707e+02
1.000000e+02, 2.268620e+02
1.000000e+02, 2.269547e+02
1.000000e+02, 2.270489e+02
1.000000e+02, 2.271445e+02
1.000000e+02, 2.272415e+02
1.000000e+02, 2.273399e+02
1.000000e+02, 2.274398e+02
1.000000e+02, 2.275411e+02
1.000000e+02, 2.276439e+02
1.000000e+02, 2.277481e+02
1.000000e+02, 2.278537e+02
1.000000e+02, 2.279608e+02
1.000000e+02, 2.280693e+02
1.000000e+02, 2.281793e+02
1.000000e+02, 2.282907e+02
1.000000e+02, 2.284035e+02
1.000000e+02, 2.285178e+02
1.000000e+02, 2.286336e+02
1.000000e+02, 2.287508e+02
1.000000e+02, 2.288695e+02
1.000000e+02, 2.289896e+02
1.000000e+02, 2.291111e+02
1.000000e+02, 2.292341e+02
1.000000e+02, 2.293586e+02
1.000000e+02, 2.294846e+02
1.000000e+02, 2.296120e+02
1.000000e+02, 2.297408e+02
1.000000e+02, 2.298712e+02
1.000000e+02, 2.300030e+02
1.000000e+02, 2.301362e+02
1.000000e+02, 2.302710e+02
1.000000e+02, 2.304072e+02
1.000000e+02, 2.305449e+02
1.000000e+02, 2.306840e+02
1.000000e+02, 2.308247e+02
1.000000e+02, 2.309668e+02
1.000000e+02, 2.311104e+02
1.000000e+02, 2.312554e+02
1.000000e+02, 2.314020e+02
1.000000e+02, 2.315501e+02
1.000000e+02, 2.316996e+02
1.000000e+02, 2.318506e+02
1.000000e+02, 2.320031e+02
1.000000e+02, 2.321571e+02
1.000000e+02, 2.323127e+02
1.000000e+02, 2.324697e+02
1.000000e+02, 2.326282e+02
1.000000e+02, 2.327882e+02
1.000000e+02, 2.329497e+02
1.000000e+02, 2.331127e+02
1.000000e+02, 2.332773e+02
1.000000e+02, 2.334433e+02
1.000000e+02, 2.336109e+02
1.000000e+02, 2.337799e+02
1.000000e+02, 2.339505e+02
1.000000e+02, 2.341226e+02
1.000000e+02, 2.342962e+02
1.000000e+02, 2.344714e+02
1.000000e+02, 2.346481e+02
1.000000e+02, 2.348263e+02
1.000000e+02, 2.350060e+02
1.000000e+02, 2.351873e+02
1.000000e+02, 2.353701e+02
1.000000e+02, 2.355545e+02
1.000000e+02, 2.357404e+02
1.000000e+02, 2.359278e+02
1.000000e+02, 2.361168e+02
1.000000e+02, 2.363073e+02
1.000000e+02, 2.364994e+02
1.000000e+02, 2.366931e+02
1.000000e+02, 2.368883e+02
1.000000e+02, 2.370850e+02
1.000000e+02, 2.372834e+02
1.000000e+02, 2.374832e+02
1.000000e+02, 2.376847e+02
1.000000e+02, 2.378877e+02
1.000000e+02, 2.380923e+02
1.000000e+02, 2.382985e+02
1.000000e+02, 2.385063e+02
1.000000e+02, 2.387156e+02
1.000000e+02, 2.389265e+02
1.000000e+02, 2.391390e+02
1.000000e+02, 2.393531e+02
1.000000e+02, 2.395688e+02
1.000000e+02, 2.397861e+02
1.000000e+02, 2.400050e+02
1.000000e+02, 2.402255e+02
1.000000e+02, 2.404477e+02
1.000000e+02, 2.406714e+02
1.000000e+02, 2.408967e+02
1.000000e+02, 2.411237e+02
1.000000e+02, 2.413522e+02
1.000000e+02, 2.415824e+02
1.000000e+02, 2.418143e+02
1.000000e+02, 2.420477e+02
1.000000e+02, 2.422828e+02
1.000000e+02, 2.425195e+02
1.000000e+02, 2.427579e+02
1.000000e+02, 2.429979e+02
1.000000e+02, 2.432395e+02
1.000000e+02, 2.434828e+02
1.000000e+02, 2.437278e+02
1.000000e+02, 2.439744e+02
1.000000e+02, 2.442227e+02
1.000000e+02, 2.444727e+02
1.000000e+02, 2.447243e+02
1.000000e+02, 2.449776e+02
1.000000e+02, 2.452325e+02
1.000000e+02, 2.454892e+02
1.000000e+02, 2.457475e+02
1.000000e+02, 2.460076e+02
1.000000e+02, 2.462693e+02
1.000000e+02, 2.465327e+02
1.000000e+02, 2.467978e+02
1.000000e+02, 2.470646e+02
1.000000e+02, 2.473332e+02
1.000000e+02, 2.476034e+02
1.000000e+02, 2.478754e+02
1.000000e+02, 2.481491e+02
1.000000e+02, 2.484245e+02
1.000000e+02, 2.487016e+02
1.000000e+02, 2.489805e+02
1.000000e+02, 2.492612e+02
1.000000e+02, 2.495435e+02
1.000000e+02, 2.498276e+02
1.000000e+02, 2.501135e+02
1.000000e+02, 2.504011e+02
1.000000e+02, 2.506905e+02
1.000000e+02, 2.509817e+02
1.000000e+02, 2.512746e+02
1.000000e+02, 2.515693e+02
1.000000e+02, 2.518658e+02
1.000000e+02, 2.521641e+02
1.000000e+02, 2.524642e+02
1.000000e+02, 2.527661e+02
1.000000e+02, 2.530697e+02
1.000000e+02, 2.533752e+02
1.000000e+02, 2.536825e+02
1.000000e+02, 2.539916e+02
1.000000e+02, 2.543026e+02
1.000000e+02, 2.546153e+02
1.000000e+02, 2.549299e+02
1.000000e+02, 2.552464e+02
1.000000e+02, 2.555646e+02
1.000000e+02, 2.558848e+02
1.000000e+02, 2.562067e+02
1.000000e+02, 2.565306e+02
1.000000e+02, 2.568563e+02
1.000000e+02, 2.571839e+02
1.000000e+02, 2.575134e+02
1.000000e+02, 2.578447e+02
1.000000e+02, 2.581779e+02
1.000000e+02, 2.585131e+02
1.000000e+02, 2.588501e+02
1.000000e+02, 2.591891e+02
1.000000e+02, 2.595299e+02
1.000000e+02, 2.598727e+02
1.000000e+02, 2.602174e+02
1.000000e+02, 2.605641e+02
1.000000e+02, 2.609127e+02
1.000000e+02, 2.612632e+02
1.000000e+02, 2.616157e+02
1.000000e+02, 2.619701e+02
1.000000e+02, 2.623265e+02
1.000000e+02, 2.626849e+02
1.000000e+02, 2.630453e+02
1.000000e+02, 2.634076e+02
1.000000e+02, 2.637719e+02
1.000000e+02, 2.641383e+02
1.000000e+02, 2.645066e+02
1.000000e+02, 2.648770e+02
1.000000e+02, 2.652494e+02
1.000000e+02, 2.656238e+02
1.000000e+02, 2.660002e+02
1.000000e+02, 2.663787e+02
1.000000e+02, 2.667593e+02
1.000000e+02, 2.671419e+02
1.000000e+02, 2.675266e+02
1.000000e+02, 2.679133e+02
1.000000e+02, 2.683021e+02
1.000000e+02, 2.686931e+02
1.000000e+02, 2.690861e+02
1.000000e+02, 2.694812e+02
1.000000e+02, 2.698785e+02
1.000000e+02, 2.702778e+02
1.000000e+02, 2.706793e+02
1.000000e+02, 2.710830e+02
1.000000e+02, 2.714887e+02
1.000000e+02, 2.718967e+02
1.000000e+02, 2.723068e+02
1.000000e+02, 2.727191e+02
1.000000e+02, 2.731335e+02
1.000000e+02, 2.735502e+02
1.000000e+02, 2.739690e+02
1.000000e+02, 2.743901e+02
1.000000e+02, 2.748134e+02
1.000000e+02, 2.752389e+02
1.000000e+02, 2.756667e+02
1.000000e+02, 2.760967e+02
1.000000e+02, 2.765290e+02
1.000000e+02, 2.769635e+02
1.000000e+02, 2.774003e+02
1.000000e+02, 2.778394e+02
1.000000e+02, 2.782808e+02
1.000000e+02, 2.787245e+02
1.000000e+02, 2.791705e+02
1.000000e+02, 2.796189e+02
1.000000e+02, 2.800696e+02
1.000000e+02, 2.805226e+02
1.000000e+02, 2.809781e+02
1.000000e+02, 2.814358e+02
1.000000e+02, 2.818960e+02
1.000000e+02, 2.823586e+02
1.000000e+02, 2.828235e+02
1.000000e+02, 2.832909e+02
1.000000e+02, 2.837607e+02
1.000000e+02, 2.842330e+02
1.000000e+02, 2.847077e+02
1.000000e+02, 2.851849e+02
1.000000e+02, 2.856646e+02
1.000000e+02, 2.861467e+02
1.000000e+02, 2.866313e+02
1.000000e+02, 2.871185e+02
1.000000e+02, 2.876082e+02
1.000000e+02, 2.881004e+02
1.000000e+02, 2.885952e+02
1.000000e+02, 2.890926e+02
1.000000e+02, 2.895925e+02
1.000000e+02, 2.900951e+02
1.000000e+02, 2.906002e+02
1.000000e+02, 2.911080e+02
1.000000e+02, 2.916183e+02
1.000000e+02, 2.921314e+02
1.000000e+02, 2.926471e+02
1.000000e+02, 2.931655e+02
1.000000e+02, 2.936866e+02
1.000000e+02, 2.942104e+02
1.000000e+02, 2.947369e+02
1.000000e+02, 2.952662e+02
1.000000e+02, 2.957982e+02
1.000000e+02, 2.963330e+02
1.000000e+02, 2.968706e+02
1.000000e+02, 2.974109e+02
1.000000e+02, 2.979541e+02
1.000000e+02, 2.985002e+02
1.000000e+02, 2.990491e+02
1.000000e+02, 2.996008e+02
1.000000e+02, 3.001555e+02
1.000000e+02, 3.007130e+02
1.000000e+02, 3.012735e+02
1.000000e+02, 3.018369e+02
1.000000e+02, 3.024033e+02
1.000000e+02, 3.029727e+02
1.000000e+02, 3.035450e+02
1.000000e+02, 3.041204e+02
1.000000e+02, 3.046988e+02
1.000000e+02, 3.052802e+02
1.000000e+02, 3.058648e+02
1.000000e+02, 3.064524e+02
1.000000e+02, 3.070431e+02
1.000000e+02, 3.076370e+02
1.000000e+02, 3.082341e+02
1.000000e+02, 3.088343e+02
1.000000e+02, 3.094377e+02
1.000000e+02, 3.100443e+02
1.000000e+02, 3.106542e+02
1.000000e+02, 3.112673e+02
1.000000e+02, 3.118838e+02
1.000000e+02, 3.125035e+02
1.000000e+02, 3.131266e+02
1.000000e+02, 3.137530e+02
1.000000e+02, 3.143829e+02
1.000000e+02, 3.150161e+02
1.000000e+02, 3.156527e+02
1.000000e+02, 3.162929e+02
1.000000e+02, 3.169365e+02
1.000000e+02, 3.175836e+02
1.000000e+02, 3.182342e+02
1.000000e+02, 3.188885e+02
1.000000e+02, 3.195463e+02
1.000000e+02, 3.202077e+02
1.000000e+02, 3.208728e+02
1.000000e+02, 3.215415e+02
1.000000e+02, 3.222140e+02
1.000000e+02, 3.228902e+02
1.000000e+02, 3.235701e+02
1.000000e+02, 3.242539e+02
1.000000e+02, 3.249415e+02
1.000000e+02, 3.256329e+02
1.000000e+02, 3.263282e+02
1.000000e+02, 3.270275e+02
1.000000e+02, 3.277307e+02
1.000000e+02, 3.284379e+02
1.000000e+02, 3.291491e+02
1.000000e+02, 3.298644e+02
1.000000e+02, 3.305838e+02
1.000000e+02, 3.313073e+02
1.000000e+02, 3.320350e+02
1.000000e+02, 3.327669e+02
1.000000e+02, 3.335031e+02
1.000000e+02, 3.342435e+02
1.000000e+02, 3.349882e+02
1.000000e+02, 3.357373e+02
1.000000e+02, 3.364909e+02
1.000000e+02, 3.372488e+02
1.000000e+02, 3.380113e+02
1.000000e+02, 3.387783e+02
1.000000e+02, 3.395498e+02
1.000000e+02, 3.403260e+02
1.000000e+02, 3.411069e+02
1.000000e+02, 3.418925e+02
1.000000e+02, 3.426828e+02
1.000000e+02, 3.434780e+02
1.000000e+02, 3.442780e+02
1.000000e+02, 3.450829e+02
1.000000e+02, 3.458928e+02
1.000000e+02, 3.467077e+02
1.000000e+02, 3.475277e+02
1.000000e+02, 3.483528e+02
1.000000e+02, 3.491831e+02
1.000000e+02, 3.500187e+02
1.000000e+02, 3.508595e+02
1.000000e+02, 3.517057e+02
1.000000e+02, 3.525573e+02
1.000000e+02, 3.534144e+02
1.000000e+02, 3.542771e+02
1.000000e+02, 3.551453e+02
1.000000e+02, 3.560193e+02
1.000000e+02, 3.568990e+02
1.000000e+02, 3.577845e+02
1.000000e+02, 3.586759e+02
1.000000e+02, 3.595732e+02
1.000000e+02, 4.766422e-01
1.000000e+02, 1.386155e+00
1.000000e+02, 2.301861e+00
1.000000e+02, 3.223839e+00
1.000000e+02, 4.152174e+00
1.000000e+02, 5.086948e+00
1.000000e+02, 6.028248e+00
1.000000e+02, 6.976163e+00
1.000000e+02, 7.930785e+00
1.000000e+02, 8.892205e+00
1.000000e+02, 9.860521e+00
1.000000e+02, 1.083583e+01
1.000000e+02, 1.181823e+01
1.000000e+02, 1.280783e+01
1.000000e+02, 1.380474e+01
1.000000e+02, 1.480905e+01
1.000000e+02, 1.582090e+01
1.000000e+02, 1.684038e+01
1.000000e+02, 1.786762e+01
1.000000e+02, 1.890274e+01
1.000000e+02, 1.994587e+01
1.000000e+02, 2.099714e+01
1.000000e+02, 2.205668e+01
1.000000e+02, 2.312462e+01
1.000000e+02, 2.420111e+01
1.000000e+02, 2.528629e+01
1.000000e+02, 2.638032e+01
1.000000e+02, 2.748335e+01
1.000000e+02, 2.859553e+01
1.000000e+02, 2.971704e+01
1.000000e+02, 3.084805e+01
1.000000e+02, 3.198872e+01
1.000000e+02, 3.313925e+01
1.000000e+02, 3.429981e+01
1.000000e+02, 3.547062e+01
1.000000e+02, 3.665186e+01
1.000000e+02, 3.784375e+01
1.000000e+02, 3.904650e+01
1.000000e+02, 4.026034e+01
1.000000e+02, 4.148550e+01
1.000000e+02, 4.272222e+01
1.000000e+02, 4.397076e+01
1.000000e+02, 4.523138e+01
1.000000e+02, 4.650434e+01
1.000000e+02, 4.778992e+01
1.000000e+02, 4.908844e+01
1.000000e+02, 5.040018e+01
1.000000e+02, 5.172546e+01
1.000000e+02, 5.306463e+01
1.000000e+02, 5.441803e+01
1.000000e+02, 5.578602e+01
1.000000e+02, 5.716899e+01
1.000000e+02, 5.856732e+01
1.000000e+02, 5.998144e+01
1.000000e+02, 6.141178e+01
1.000000e+02, 6.285881e+01
1.000000e+02, 6.432300e+01
1.000000e+02, 6.580485e+01
1.000000e+02, 6.730491e+01
1.000000e+02, 6.882373e+01
1.000000e+02, 7.036190e+01
1.000000e+02, 7.192006e+01
1.000000e+02, 7.349885e+01
1.000000e+02, 7.509898e+01
1.000000e+02, 7.672120e+01
1.000000e+02, 7.836629e+01
1.000000e+02, 8.003509e+01
1.000000e+02, 8.172848e+01
1.000000e+02, 8.344743e+01
1.000000e+02, 8.519295e+01
1.000000e+02, 8.696612e+01
1.000000e+02, 8.876812e+01
1.000000e+02, 9.060020e+01
1.000000e+02, 9.246371e+01
1.000000e+02, 9.436011e+01
1.000000e+02, 9.629099e+01
1.000000e+02, 9.825804e+01
1.000000e+02, 1.002632e+02
1.000000e+02, 1.023083e+02
1.000000e+02, 1.043959e+02
1.000000e+02, 1.065281e+02
1.000000e+02, 1.087079e+02
1.000000e+02, 1.109380e+02
1.000000e+02, 1.132220e+02
1.000000e+02, 1.155635e+02
1.000000e+02, 1.179666e+02
1.000000e+02, 1.204361e+02
1.000000e+02, 1.229773e+02
1.000000e+02, 1.255965e+02
1.000000e+02, 1.283005e+02
1.000000e+02, 1.310978e+02
1.000000e+02, 1.339980e+02
1.000000e+02, 1.370127e+02
1.000000e+02, 1.401556e+02
1.000000e+02, 1.434439e+02
1.000000e+02, 1.468987e+02
1.000000e+02, 1.505469e+02
1.000000e+02, 1.544237e+02
1.000000e+02, 1.585768e+02
1.000000e+02, 1.630730e+02
1.000000e+02, 1.680123e+02
1.000000e+02, 1.735562e+02
1.000000e+02, 1.800000e+02
##END= 