##TITLE= /opt/topspin3.0/exp/stan/nmr/lists/wave/user/HypSec_trunc2.84_110
##JCAMP-DX= 5.00 Bruker JCAMP library
##DATA TYPE= Shape Data
##ORIGIN= Bruker BioSpin GmbH
##OWNER= <nmrsu>
##DATE= 15/02/24
##TIME= 16:15:04
##MINX= 1.164538e+01
##MAXX= 9.999960e+01
##MINY= 2.546774e-02
##MAXY= 3.585574e+02
##$SHAPE_EXMODE= Adiabatic
##$SHAPE_TOTROT= 1.800000e+02
##$SHAPE_BWFAC= 1.929340e+02
##$SHAPE_INTEGFAC= 2.356110e-02
##$SHAPE_MODE= 0
##NPOINTS= 1000
##XYPOINTS= (XY..XY)
1.000000e+02, 1.800000e+02
1.000000e+02, 1.711979e+02
1.000000e+02, 1.636251e+02
1.000000e+02, 1.568781e+02
1.000000e+02, 1.507363e+02
1.000000e+02, 1.450633e+02
1.000000e+02, 1.397676e+02
1.000000e+02, 1.347843e+02
1.000000e+02, 1.300651e+02
1.000000e+02, 1.255734e+02
1.000000e+02, 1.212802e+02
1.000000e+02, 1.171623e+02
1.000000e+02, 1.132007e+02
1.000000e+02, 1.093796e+02
1.000000e+02, 1.056859e+02
1.000000e+02, 1.021082e+02
1.000000e+02, 9.863691e+01
1.000000e+02, 9.526362e+01
1.000000e+02, 9.198100e+01
1.000000e+02, 8.878262e+01
1.000000e+02, 8.566278e+01
1.000000e+02, 8.261639e+01
1.000000e+02, 7.963892e+01
1.000000e+02, 7.672629e+01
1.000000e+02, 7.387480e+01
1.000000e+02, 7.108110e+01
1.000000e+02, 6.834217e+01
1.000000e+02, 6.565521e+01
1.000000e+02, 6.301768e+01
1.000000e+02, 6.042723e+01
1.000000e+02, 5.788171e+01
1.000000e+02, 5.537913e+01
1.000000e+02, 5.291763e+01
1.000000e+02, 5.049552e+01
1.000000e+02, 4.811118e+01
1.000000e+02, 4.576313e+01
1.000000e+02, 4.344998e+01
1.000000e+02, 4.117044e+01
1.000000e+02, 3.892329e+01
1.000000e+02, 3.670737e+01
1.000000e+02, 3.452162e+01
1.000000e+02, 3.236502e+01
1.000000e+02, 3.023661e+01
1.000000e+02, 2.813550e+01
1.000000e+02, 2.606082e+01
1.000000e+02, 2.401178e+01
1.000000e+02, 2.198759e+01
1.000000e+02, 1.998754e+01
1.000000e+02, 1.801094e+01
1.000000e+02, 1.605712e+01
1.000000e+02, 1.412546e+01
1.000000e+02, 1.221537e+01
1.000000e+02, 1.032627e+01
1.000000e+02, 8.457618e+00
1.000000e+02, 6.608903e+00
1.000000e+02, 4.779625e+00
1.000000e+02, 2.969308e+00
1.000000e+02, 1.177498e+00
1.000000e+02, 3.594038e+02
1.000000e+02, 3.576477e+02
1.000000e+02, 3.559088e+02
1.000000e+02, 3.541869e+02
1.000000e+02, 3.524814e+02
1.000000e+02, 3.507920e+02
1.000000e+02, 3.491185e+02
1.000000e+02, 3.474604e+02
1.000000e+02, 3.458175e+02
1.000000e+02, 3.441894e+02
1.000000e+02, 3.425758e+02
1.000000e+02, 3.409765e+02
1.000000e+02, 3.393912e+02
1.000000e+02, 3.378196e+02
1.000000e+02, 3.362615e+02
1.000000e+02, 3.347166e+02
1.000000e+02, 3.331846e+02
1.000000e+02, 3.316654e+02
1.000000e+02, 3.301587e+02
1.000000e+02, 3.286643e+02
1.000000e+02, 3.271819e+02
1.000000e+02, 3.257115e+02
1.000000e+02, 3.242527e+02
1.000000e+02, 3.228054e+02
1.000000e+02, 3.213694e+02
1.000000e+02, 3.199445e+02
1.000000e+02, 3.185305e+02
1.000000e+02, 3.171273e+02
1.000000e+02, 3.157347e+02
1.000000e+02, 3.143526e+02
1.000000e+02, 3.129807e+02
1.000000e+02, 3.116189e+02
1.000000e+02, 3.102672e+02
1.000000e+02, 3.089252e+02
1.000000e+02, 3.075930e+02
1.000000e+02, 3.062703e+02
1.000000e+02, 3.049570e+02
1.000000e+02, 3.036530e+02
1.000000e+02, 3.023582e+02
1.000000e+02, 3.010724e+02
1.000000e+02, 2.997955e+02
1.000000e+02, 2.985274e+02
1.000000e+02, 2.972680e+02
1.000000e+02, 2.960172e+02
1.000000e+02, 2.947748e+02
1.000000e+02, 2.935408e+02
1.000000e+02, 2.923150e+02
1.000000e+02, 2.910974e+02
1.000000e+02, 2.898878e+02
1.000000e+02, 2.886861e+02
1.000000e+02, 2.874923e+02
1.000000e+02, 2.863063e+02
1.000000e+02, 2.851279e+02
1.000000e+02, 2.839572e+02
1.000000e+02, 2.827939e+02
1.000000e+02, 2.816380e+02
1.000000e+02, 2.804894e+02
1.000000e+02, 2.793481e+02
1.000000e+02, 2.782139e+02
1.000000e+02, 2.770868e+02
1.000000e+02, 2.759667e+02
1.000000e+02, 2.748536e+02
1.000000e+02, 2.737473e+02
1.000000e+02, 2.726478e+02
1.000000e+02, 2.715550e+02
1.000000e+02, 2.704688e+02
1.000000e+02, 2.693892e+02
1.000000e+02, 2.683161e+02
1.000000e+02, 2.672495e+02
1.000000e+02, 2.661892e+02
1.000000e+02, 2.651353e+02
1.000000e+02, 2.640876e+02
1.000000e+02, 2.630461e+02
1.000000e+02, 2.620107e+02
1.000000e+02, 2.609814e+02
1.000000e+02, 2.599581e+02
1.000000e+02, 2.589408e+02
1.000000e+02, 2.579294e+02
1.000000e+02, 2.569239e+02
1.000000e+02, 2.559241e+02
1.000000e+02, 2.549301e+02
1.000000e+02, 2.539418e+02
1.000000e+02, 2.529591e+02
1.000000e+02, 2.519821e+02
1.000000e+02, 2.510106e+02
1.000000e+02, 2.500445e+02
1.000000e+02, 2.490840e+02
1.000000e+02, 2.481288e+02
1.000000e+02, 2.471790e+02
1.000000e+02, 2.462345e+02
1.000000e+02, 2.452953e+02
1.000000e+02, 2.443613e+02
1.000000e+02, 2.434325e+02
1.000000e+02, 2.425088e+02
1.000000e+02, 2.415902e+02
1.000000e+02, 2.406767e+02
1.000000e+02, 2.397682e+02
1.000000e+02, 2.388647e+02
1.000000e+02, 2.379662e+02
1.000000e+02, 2.370725e+02
1.000000e+02, 2.361838e+02
1.000000e+02, 2.352998e+02
1.000000e+02, 2.344207e+02
1.000000e+02, 2.335463e+02
1.000000e+02, 2.326766e+02
1.000000e+02, 2.318116e+02
1.000000e+02, 2.309513e+02
1.000000e+02, 2.300956e+02
1.000000e+02, 2.292445e+02
1.000000e+02, 2.283979e+02
1.000000e+02, 2.275559e+02
1.000000e+02, 2.267184e+02
1.000000e+02, 2.258853e+02
1.000000e+02, 2.250566e+02
1.000000e+02, 2.242324e+02
1.000000e+02, 2.234125e+02
1.000000e+02, 2.225970e+02
1.000000e+02, 2.217857e+02
1.000000e+02, 2.209788e+02
1.000000e+02, 2.201761e+02
1.000000e+02, 2.193776e+02
1.000000e+02, 2.185834e+02
1.000000e+02, 2.177933e+02
1.000000e+02, 2.170074e+02
1.000000e+02, 2.162255e+02
1.000000e+02, 2.154478e+02
1.000000e+02, 2.146741e+02
1.000000e+02, 2.139045e+02
1.000000e+02, 2.131389e+02
1.000000e+02, 2.123773e+02
1.000000e+02, 2.116197e+02
1.000000e+02, 2.108660e+02
1.000000e+02, 2.101162e+02
1.000000e+02, 2.093703e+02
1.000000e+02, 2.086283e+02
1.000000e+02, 2.078902e+02
1.000000e+02, 2.071559e+02
1.000000e+02, 2.064254e+02
1.000000e+02, 2.056986e+02
1.000000e+02, 2.049757e+02
1.000000e+02, 2.042565e+02
1.000000e+02, 2.035410e+02
1.000000e+02, 2.028292e+02
1.000000e+02, 2.021210e+02
1.000000e+02, 2.014166e+02
1.000000e+02, 2.007158e+02
1.000000e+02, 2.000186e+02
1.000000e+02, 1.993250e+02
1.000000e+02, 1.986350e+02
1.000000e+02, 1.979485e+02
1.000000e+02, 1.972656e+02
1.000000e+02, 1.965863e+02
1.000000e+02, 1.959104e+02
1.000000e+02, 1.952380e+02
1.000000e+02, 1.945691e+02
1.000000e+02, 1.939036e+02
1.000000e+02, 1.932416e+02
1.000000e+02, 1.925830e+02
1.000000e+02, 1.919278e+02
1.000000e+02, 1.912760e+02
1.000000e+02, 1.906276e+02
1.000000e+02, 1.899825e+02
1.000000e+02, 1.893407e+02
1.000000e+02, 1.887023e+02
1.000000e+02, 1.880671e+02
1.000000e+02, 1.874353e+02
1.000000e+02, 1.868067e+02
1.000000e+02, 1.861814e+02
1.000000e+02, 1.855593e+02
1.000000e+02, 1.849404e+02
1.000000e+02, 1.843248e+02
1.000000e+02, 1.837123e+02
1.000000e+02, 1.831031e+02
1.000000e+02, 1.824970e+02
1.000000e+02, 1.818940e+02
1.000000e+02, 1.812942e+02
1.000000e+02, 1.806976e+02
1.000000e+02, 1.801040e+02
1.000000e+02, 1.795135e+02
1.000000e+02, 1.789261e+02
1.000000e+02, 1.783418e+02
1.000000e+02, 1.777606e+02
1.000000e+02, 1.771824e+02
1.000000e+02, 1.766072e+02
1.000000e+02, 1.760350e+02
1.000000e+02, 1.754659e+02
1.000000e+02, 1.748998e+02
1.000000e+02, 1.743366e+02
1.000000e+02, 1.737764e+02
1.000000e+02, 1.732191e+02
1.000000e+02, 1.726649e+02
1.000000e+02, 1.721135e+02
1.000000e+02, 1.715651e+02
1.000000e+02, 1.710195e+02
1.000000e+02, 1.704769e+02
1.000000e+02, 1.699372e+02
1.000000e+02, 1.694003e+02
1.000000e+02, 1.688663e+02
1.000000e+02, 1.683352e+02
1.000000e+02, 1.678069e+02
1.000000e+02, 1.672815e+02
1.000000e+02, 1.667588e+02
1.000000e+02, 1.662390e+02
1.000000e+02, 1.657220e+02
1.000000e+02, 1.652078e+02
1.000000e+02, 1.646963e+02
1.000000e+02, 1.641876e+02
1.000000e+02, 1.636817e+02
1.000000e+02, 1.631786e+02
1.000000e+02, 1.626782e+02
1.000000e+02, 1.621805e+02
1.000000e+02, 1.616855e+02
1.000000e+02, 1.611933e+02
1.000000e+02, 1.607037e+02
1.000000e+02, 1.602169e+02
1.000000e+02, 1.597327e+02
1.000000e+02, 1.592513e+02
1.000000e+02, 1.587724e+02
1.000000e+02, 1.582963e+02
1.000000e+02, 1.578228e+02
1.000000e+02, 1.573519e+02
1.000000e+02, 1.568837e+02
1.000000e+02, 1.564181e+02
1.000000e+02, 1.559551e+02
1.000000e+02, 1.554947e+02
1.000000e+02, 1.550369e+02
1.000000e+02, 1.545817e+02
1.000000e+02, 1.541291e+02
1.000000e+02, 1.536790e+02
1.000000e+02, 1.532316e+02
1.000000e+02, 1.527866e+02
1.000000e+02, 1.523443e+02
1.000000e+02, 1.519044e+02
1.000000e+02, 1.514671e+02
1.000000e+02, 1.510324e+02
1.000000e+02, 1.506001e+02
1.000000e+02, 1.501704e+02
1.000000e+02, 1.497432e+02
1.000000e+02, 1.493185e+02
1.000000e+02, 1.488962e+02
1.000000e+02, 1.484765e+02
1.000000e+02, 1.480592e+02
1.000000e+02, 1.476444e+02
1.000000e+02, 1.472320e+02
1.000000e+02, 1.468221e+02
1.000000e+02, 1.464147e+02
1.000000e+02, 1.460097e+02
1.000000e+02, 1.456071e+02
1.000000e+02, 1.452070e+02
1.000000e+02, 1.448092e+02
1.000000e+02, 1.444139e+02
1.000000e+02, 1.440210e+02
1.000000e+02, 1.436305e+02
1.000000e+02, 1.432424e+02
1.000000e+02, 1.428567e+02
1.000000e+02, 1.424734e+02
1.000000e+02, 1.420925e+02
1.000000e+02, 1.417139e+02
1.000000e+02, 1.413377e+02
1.000000e+02, 1.409638e+02
1.000000e+02, 1.405923e+02
1.000000e+02, 1.402231e+02
1.000000e+02, 1.398563e+02
1.000000e+02, 1.394919e+02
1.000000e+02, 1.391297e+02
1.000000e+02, 1.387699e+02
1.000000e+02, 1.384124e+02
1.000000e+02, 1.380572e+02
1.000000e+02, 1.377043e+02
1.000000e+02, 1.373537e+02
1.000000e+02, 1.370054e+02
1.000000e+02, 1.366594e+02
1.000000e+02, 1.363157e+02
1.000000e+02, 1.359743e+02
1.000000e+02, 1.356352e+02
1.000000e+02, 1.352983e+02
1.000000e+02, 1.349637e+02
1.000000e+02, 1.346313e+02
1.000000e+02, 1.343012e+02
1.000000e+02, 1.339734e+02
1.000000e+02, 1.336478e+02
1.000000e+02, 1.333244e+02
1.000000e+02, 1.330033e+02
1.000000e+02, 1.326844e+02
1.000000e+02, 1.323678e+02
1.000000e+02, 1.320533e+02
1.000000e+02, 1.317411e+02
1.000000e+02, 1.314311e+02
1.000000e+02, 1.311233e+02
1.000000e+02, 1.308177e+02
1.000000e+02, 1.305143e+02
1.000000e+02, 1.302131e+02
1.000000e+02, 1.299141e+02
1.000000e+02, 1.296172e+02
1.000000e+02, 1.293226e+02
1.000000e+02, 1.290301e+02
1.000000e+02, 1.287398e+02
1.000000e+02, 1.284517e+02
1.000000e+02, 1.281658e+02
1.000000e+02, 1.278820e+02
1.000000e+02, 1.276003e+02
1.000000e+02, 1.273209e+02
1.000000e+02, 1.270435e+02
1.000000e+02, 1.267683e+02
1.000000e+02, 1.264953e+02
1.000000e+02, 1.262244e+02
1.000000e+02, 1.259556e+02
1.000000e+02, 1.256890e+02
1.000000e+02, 1.254245e+02
1.000000e+02, 1.251621e+02
1.000000e+02, 1.249018e+02
1.000000e+02, 1.246437e+02
1.000000e+02, 1.243876e+02
1.000000e+02, 1.241337e+02
1.000000e+02, 1.238819e+02
1.000000e+02, 1.236322e+02
1.000000e+02, 1.233845e+02
1.000000e+02, 1.231390e+02
1.000000e+02, 1.228956e+02
1.000000e+02, 1.226542e+02
1.000000e+02, 1.224150e+02
1.000000e+02, 1.221778e+02
1.000000e+02, 1.219427e+02
1.000000e+02, 1.217097e+02
1.000000e+02, 1.214787e+02
1.000000e+02, 1.212499e+02
1.000000e+02, 1.210231e+02
1.000000e+02, 1.207983e+02
1.000000e+02, 1.205756e+02
1.000000e+02, 1.203550e+02
1.000000e+02, 1.201364e+02
1.000000e+02, 1.199199e+02
1.000000e+02, 1.197054e+02
1.000000e+02, 1.194930e+02
1.000000e+02, 1.192826e+02
1.000000e+02, 1.190743e+02
1.000000e+02, 1.188680e+02
1.000000e+02, 1.186637e+02
1.000000e+02, 1.184615e+02
1.000000e+02, 1.182613e+02
1.000000e+02, 1.180631e+02
1.000000e+02, 1.178670e+02
1.000000e+02, 1.176729e+02
1.000000e+02, 1.174808e+02
1.000000e+02, 1.172907e+02
1.000000e+02, 1.171026e+02
1.000000e+02, 1.169165e+02
1.000000e+02, 1.167325e+02
1.000000e+02, 1.165505e+02
1.000000e+02, 1.163704e+02
1.000000e+02, 1.161924e+02
1.000000e+02, 1.160164e+02
1.000000e+02, 1.158423e+02
1.000000e+02, 1.156703e+02
1.000000e+02, 1.155003e+02
1.000000e+02, 1.153322e+02
1.000000e+02, 1.151662e+02
1.000000e+02, 1.150021e+02
1.000000e+02, 1.148400e+02
1.000000e+02, 1.146799e+02
1.000000e+02, 1.145218e+02
1.000000e+02, 1.143657e+02
1.000000e+02, 1.142115e+02
1.000000e+02, 1.140593e+02
1.000000e+02, 1.139091e+02
1.000000e+02, 1.137609e+02
1.000000e+02, 1.136146e+02
1.000000e+02, 1.134703e+02
1.000000e+02, 1.133280e+02
1.000000e+02, 1.131876e+02
1.000000e+02, 1.130492e+02
1.000000e+02, 1.129128e+02
1.000000e+02, 1.127783e+02
1.000000e+02, 1.126458e+02
1.000000e+02, 1.125152e+02
1.000000e+02, 1.123866e+02
1.000000e+02, 1.122600e+02
1.000000e+02, 1.121353e+02
1.000000e+02, 1.120125e+02
1.000000e+02, 1.118917e+02
1.000000e+02, 1.117729e+02
1.000000e+02, 1.116560e+02
1.000000e+02, 1.115410e+02
1.000000e+02, 1.114280e+02
1.000000e+02, 1.113169e+02
1.000000e+02, 1.112077e+02
1.000000e+02, 1.111005e+02
1.000000e+02, 1.109953e+02
1.000000e+02, 1.108920e+02
1.000000e+02, 1.107906e+02
1.000000e+02, 1.106911e+02
1.000000e+02, 1.105936e+02
1.000000e+02, 1.104980e+02
1.000000e+02, 1.104043e+02
1.000000e+02, 1.103126e+02
1.000000e+02, 1.102228e+02
1.000000e+02, 1.101349e+02
1.000000e+02, 1.100490e+02
1.000000e+02, 1.099649e+02
1.000000e+02, 1.098828e+02
1.000000e+02, 1.098027e+02
1.000000e+02, 1.097244e+02
1.000000e+02, 1.096481e+02
1.000000e+02, 1.095737e+02
1.000000e+02, 1.095012e+02
1.000000e+02, 1.094306e+02
1.000000e+02, 1.093619e+02
1.000000e+02, 1.092952e+02
1.000000e+02, 1.092303e+02
1.000000e+02, 1.091674e+02
1.000000e+02, 1.091064e+02
1.000000e+02, 1.090473e+02
1.000000e+02, 1.089902e+02
1.000000e+02, 1.089349e+02
1.000000e+02, 1.088816e+02
1.000000e+02, 1.088301e+02
1.000000e+02, 1.087806e+02
1.000000e+02, 1.087330e+02
1.000000e+02, 1.086873e+02
1.000000e+02, 1.086435e+02
1.000000e+02, 1.086016e+02
1.000000e+02, 1.085616e+02
1.000000e+02, 1.085235e+02
1.000000e+02, 1.084874e+02
1.000000e+02, 1.084531e+02
1.000000e+02, 1.084207e+02
1.000000e+02, 1.083903e+02
1.000000e+02, 1.083617e+02
1.000000e+02, 1.083351e+02
1.000000e+02, 1.083103e+02
1.000000e+02, 1.082875e+02
1.000000e+02, 1.082666e+02
1.000000e+02, 1.082476e+02
1.000000e+02, 1.082304e+02
1.000000e+02, 1.082152e+02
1.000000e+02, 1.082019e+02
1.000000e+02, 1.081905e+02
1.000000e+02, 1.081810e+02
1.000000e+02, 1.081734e+02
1.000000e+02, 1.081677e+02
1.000000e+02, 1.081638e+02
1.000000e+02, 1.081619e+02
1.000000e+02, 1.081619e+02
1.000000e+02, 1.081638e+02
1.000000e+02, 1.081677e+02
1.000000e+02, 1.081734e+02
1.000000e+02, 1.081810e+02
1.000000e+02, 1.081905e+02
1.000000e+02, 1.082019e+02
1.000000e+02, 1.082152e+02
1.000000e+02, 1.082304e+02
1.000000e+02, 1.082476e+02
1.000000e+02, 1.082666e+02
1.000000e+02, 1.082875e+02
1.000000e+02, 1.083103e+02
1.000000e+02, 1.083351e+02
1.000000e+02, 1.083617e+02
1.000000e+02, 1.083903e+02
1.000000e+02, 1.084207e+02
1.000000e+02, 1.084531e+02
1.000000e+02, 1.084874e+02
1.000000e+02, 1.085235e+02
1.000000e+02, 1.085616e+02
1.000000e+02, 1.086016e+02
1.000000e+02, 1.086435e+02
1.000000e+02, 1.086873e+02
1.000000e+02, 1.087330e+02
1.000000e+02, 1.087806e+02
1.000000e+02, 1.088301e+02
1.000000e+02, 1.088816e+02
1.000000e+02, 1.089349e+02
1.000000e+02, 1.089902e+02
1.000000e+02, 1.090473e+02
1.000000e+02, 1.091064e+02
1.000000e+02, 1.091674e+02
1.000000e+02, 1.092303e+02
1.000000e+02, 1.092952e+02
1.000000e+02, 1.093619e+02
1.000000e+02, 1.094306e+02
1.000000e+02, 1.095012e+02
1.000000e+02, 1.095737e+02
1.000000e+02, 1.096481e+02
1.000000e+02, 1.097244e+02
1.000000e+02, 1.098027e+02
1.000000e+02, 1.098828e+02
1.000000e+02, 1.099649e+02
1.000000e+02, 1.100490e+02
1.000000e+02, 1.101349e+02
1.000000e+02, 1.102228e+02
1.000000e+02, 1.103126e+02
1.000000e+02, 1.104043e+02
1.000000e+02, 1.104980e+02
1.000000e+02, 1.105936e+02
1.000000e+02, 1.106911e+02
1.000000e+02, 1.107906e+02
1.000000e+02, 1.108920e+02
1.000000e+02, 1.109953e+02
1.000000e+02, 1.111005e+02
1.000000e+02, 1.112077e+02
1.000000e+02, 1.113169e+02
1.000000e+02, 1.114280e+02
1.000000e+02, 1.115410e+02
1.000000e+02, 1.116560e+02
1.000000e+02, 1.117729e+02
1.000000e+02, 1.118917e+02
1.000000e+02, 1.120125e+02
1.000000e+02, 1.121353e+02
1.000000e+02, 1.122600e+02
1.000000e+02, 1.123866e+02
1.000000e+02, 1.125152e+02
1.000000e+02, 1.126458e+02
1.000000e+02, 1.127783e+02
1.000000e+02, 1.129128e+02
1.000000e+02, 1.130492e+02
1.000000e+02, 1.131876e+02
1.000000e+02, 1.133280e+02
1.000000e+02, 1.134703e+02
1.000000e+02, 1.136146e+02
1.000000e+02, 1.137609e+02
1.000000e+02, 1.139091e+02
1.000000e+02, 1.140593e+02
1.000000e+02, 1.142115e+02
1.000000e+02, 1.143657e+02
1.000000e+02, 1.145218e+02
1.000000e+02, 1.146799e+02
1.000000e+02, 1.148400e+02
1.000000e+02, 1.150021e+02
1.000000e+02, 1.151662e+02
1.000000e+02, 1.153322e+02
1.000000e+02, 1.155003e+02
1.000000e+02, 1.156703e+02
1.000000e+02, 1.158423e+02
1.000000e+02, 1.160164e+02
1.000000e+02, 1.161924e+02
1.000000e+02, 1.163704e+02
1.000000e+02, 1.165505e+02
1.000000e+02, 1.167325e+02
1.000000e+02, 1.169165e+02
1.000000e+02, 1.171026e+02
1.000000e+02, 1.172907e+02
1.000000e+02, 1.174808e+02
1.000000e+02, 1.176729e+02
1.000000e+02, 1.178670e+02
1.000000e+02, 1.180631e+02
1.000000e+02, 1.182613e+02
1.000000e+02, 1.184615e+02
1.000000e+02, 1.186637e+02
1.000000e+02, 1.188680e+02
1.000000e+02, 1.190743e+02
1.000000e+02, 1.192826e+02
1.000000e+02, 1.194930e+02
1.000000e+02, 1.197054e+02
1.000000e+02, 1.199199e+02
1.000000e+02, 1.201364e+02
1.000000e+02, 1.203550e+02
1.000000e+02, 1.205756e+02
1.000000e+02, 1.207983e+02
1.000000e+02, 1.210231e+02
1.000000e+02, 1.212499e+02
1.000000e+02, 1.214787e+02
1.000000e+02, 1.217097e+02
1.000000e+02, 1.219427e+02
1.000000e+02, 1.221778e+02
1.000000e+02, 1.224150e+02
1.000000e+02, 1.226542e+02
1.000000e+02, 1.228956e+02
1.000000e+02, 1.231390e+02
1.000000e+02, 1.233845e+02
1.000000e+02, 1.236322e+02
1.000000e+02, 1.238819e+02
1.000000e+02, 1.241337e+02
1.000000e+02, 1.243876e+02
1.000000e+02, 1.246437e+02
1.000000e+02, 1.249018e+02
1.000000e+02, 1.251621e+02
1.000000e+02, 1.254245e+02
1.000000e+02, 1.256890e+02
1.000000e+02, 1.259556e+02
1.000000e+02, 1.262244e+02
1.000000e+02, 1.264953e+02
1.000000e+02, 1.267683e+02
1.000000e+02, 1.270435e+02
1.000000e+02, 1.273209e+02
1.000000e+02, 1.276003e+02
1.000000e+02, 1.278820e+02
1.000000e+02, 1.281658e+02
1.000000e+02, 1.284517e+02
1.000000e+02, 1.287398e+02
1.000000e+02, 1.290301e+02
1.000000e+02, 1.293226e+02
1.000000e+02, 1.296172e+02
1.000000e+02, 1.299141e+02
1.000000e+02, 1.302131e+02
1.000000e+02, 1.305143e+02
1.000000e+02, 1.308177e+02
1.000000e+02, 1.311233e+02
1.000000e+02, 1.314311e+02
1.000000e+02, 1.317411e+02
1.000000e+02, 1.320533e+02
1.000000e+02, 1.323678e+02
1.000000e+02, 1.326844e+02
1.000000e+02, 1.330033e+02
1.000000e+02, 1.333244e+02
1.000000e+02, 1.336478e+02
1.000000e+02, 1.339734e+02
1.000000e+02, 1.343012e+02
1.000000e+02, 1.346313e+02
1.000000e+02, 1.349637e+02
1.000000e+02, 1.352983e+02
1.000000e+02, 1.356352e+02
1.000000e+02, 1.359743e+02
1.000000e+02, 1.363157e+02
1.000000e+02, 1.366595e+02
1.000000e+02, 1.370054e+02
1.000000e+02, 1.373537e+02
1.000000e+02, 1.377043e+02
1.000000e+02, 1.380572e+02
1.000000e+02, 1.384124e+02
1.000000e+02, 1.387699e+02
1.000000e+02, 1.391297e+02
1.000000e+02, 1.394919e+02
1.000000e+02, 1.398563e+02
1.000000e+02, 1.402231e+02
1.000000e+02, 1.405923e+02
1.000000e+02, 1.409638e+02
1.000000e+02, 1.413377e+02
1.000000e+02, 1.417139e+02
1.000000e+02, 1.420925e+02
1.000000e+02, 1.424734e+02
1.000000e+02, 1.428567e+02
1.000000e+02, 1.432424e+02
1.000000e+02, 1.436305e+02
1.000000e+02, 1.440210e+02
1.000000e+02, 1.444139e+02
1.000000e+02, 1.448092e+02
1.000000e+02, 1.452070e+02
1.000000e+02, 1.456071e+02
1.000000e+02, 1.460097e+02
1.000000e+02, 1.464147e+02
1.000000e+02, 1.468221e+02
1.000000e+02, 1.472320e+02
1.000000e+02, 1.476444e+02
1.000000e+02, 1.480592e+02
1.000000e+02, 1.484765e+02
1.000000e+02, 1.488962e+02
1.000000e+02, 1.493185e+02
1.000000e+02, 1.497432e+02
1.000000e+02, 1.501704e+02
1.000000e+02, 1.506001e+02
1.000000e+02, 1.510324e+02
1.000000e+02, 1.514671e+02
1.000000e+02, 1.519044e+02
1.000000e+02, 1.523443e+02
1.000000e+02, 1.527866e+02
1.000000e+02, 1.532316e+02
1.000000e+02, 1.536790e+02
1.000000e+02, 1.541291e+02
1.000000e+02, 1.545817e+02
1.000000e+02, 1.550369e+02
1.000000e+02, 1.554947e+02
1.000000e+02, 1.559551e+02
1.000000e+02, 1.564181e+02
1.000000e+02, 1.568837e+02
1.000000e+02, 1.573519e+02
1.000000e+02, 1.578228e+02
1.000000e+02, 1.582963e+02
1.000000e+02, 1.587724e+02
1.000000e+02, 1.592513e+02
1.000000e+02, 1.597327e+02
1.000000e+02, 1.602169e+02
1.000000e+02, 1.607037e+02
1.000000e+02, 1.611933e+02
1.000000e+02, 1.616855e+02
1.000000e+02, 1.621805e+02
1.000000e+02, 1.626782e+02
1.000000e+02, 1.631786e+02
1.000000e+02, 1.636817e+02
1.000000e+02, 1.641877e+02
1.000000e+02, 1.646963e+02
1.000000e+02, 1.652078e+02
1.000000e+02, 1.657220e+02
1.000000e+02, 1.662390e+02
1.000000e+02, 1.667588e+02
1.000000e+02, 1.672815e+02
1.000000e+02, 1.678069e+02
1.000000e+02, 1.683352e+02
1.000000e+02, 1.688663e+02
1.000000e+02, 1.694003e+02
1.000000e+02, 1.699372e+02
1.000000e+02, 1.704769e+02
1.000000e+02, 1.710195e+02
1.000000e+02, 1.715651e+02
1.000000e+02, 1.721135e+02
1.000000e+02, 1.726649e+02
1.000000e+02, 1.732191e+02
1.000000e+02, 1.737764e+02
1.000000e+02, 1.743366e+02
1.000000e+02, 1.748998e+02
1.000000e+02, 1.754659e+02
1.000000e+02, 1.760350e+02
1.000000e+02, 1.766072e+02
1.000000e+02, 1.771824e+02
1.000000e+02, 1.777606e+02
1.000000e+02, 1.783418e+02
1.000000e+02, 1.789261e+02
1.000000e+02, 1.795135e+02
1.000000e+02, 1.801040e+02
1.000000e+02, 1.806976e+02
1.000000e+02, 1.812942e+02
1.000000e+02, 1.818940e+02
1.000000e+02, 1.824970e+02
1.000000e+02, 1.831031e+02
1.000000e+02, 1.837123e+02
1.000000e+02, 1.843248e+02
1.000000e+02, 1.849404e+02
1.000000e+02, 1.855593e+02
1.000000e+02, 1.861814e+02
1.000000e+02, 1.868067e+02
1.000000e+02, 1.874353e+02
1.000000e+02, 1.880671e+02
1.000000e+02, 1.887023e+02
1.000000e+02, 1.893407e+02
1.000000e+02, 1.899825e+02
1.000000e+02, 1.906276e+02
1.000000e+02, 1.912760e+02
1.000000e+02, 1.919278e+02
1.000000e+02, 1.925830e+02
1.000000e+02, 1.932416e+02
1.000000e+02, 1.939036e+02
1.000000e+02, 1.945691e+02
1.000000e+02, 1.952380e+02
1.000000e+02, 1.959104e+02
1.000000e+02, 1.965863e+02
1.000000e+02, 1.972656e+02
1.000000e+02, 1.979485e+02
1.000000e+02, 1.986350e+02
1.000000e+02, 1.993250e+02
1.000000e+02, 2.000186e+02
1.000000e+02, 2.007158e+02
1.000000e+02, 2.014166e+02
1.000000e+02, 2.021211e+02
1.000000e+02, 2.028292e+02
1.000000e+02, 2.035410e+02
1.000000e+02, 2.042565e+02
1.000000e+02, 2.049757e+02
1.000000e+02, 2.056986e+02
1.000000e+02, 2.064254e+02
1.000000e+02, 2.071559e+02
1.000000e+02, 2.078902e+02
1.000000e+02, 2.086283e+02
1.000000e+02, 2.093703e+02
1.000000e+02, 2.101162e+02
1.000000e+02, 2.108660e+02
1.000000e+02, 2.116197e+02
1.000000e+02, 2.123773e+02
1.000000e+02, 2.131389e+02
1.000000e+02, 2.139045e+02
1.000000e+02, 2.146741e+02
1.000000e+02, 2.154478e+02
1.000000e+02, 2.162255e+02
1.000000e+02, 2.170074e+02
1.000000e+02, 2.177933e+02
1.000000e+02, 2.185834e+02
1.000000e+02, 2.193777e+02
1.000000e+02, 2.201761e+02
1.000000e+02, 2.209788e+02
1.000000e+02, 2.217857e+02
1.000000e+02, 2.225970e+02
1.000000e+02, 2.234125e+02
1.000000e+02, 2.242324e+02
1.000000e+02, 2.250566e+02
1.000000e+02, 2.258853e+02
1.000000e+02, 2.267184e+02
1.000000e+02, 2.275559e+02
1.000000e+02, 2.283979e+02
1.000000e+02, 2.292445e+02
1.000000e+02, 2.300956e+02
1.000000e+02, 2.309513e+02
1.000000e+02, 2.318116e+02
1.000000e+02, 2.326766e+02
1.000000e+02, 2.335463e+02
1.000000e+02, 2.344207e+02
1.000000e+02, 2.352998e+02
1.000000e+02, 2.361838e+02
1.000000e+02, 2.370725e+02
1.000000e+02, 2.379662e+02
1.000000e+02, 2.388648e+02
1.000000e+02, 2.397682e+02
1.000000e+02, 2.406767e+02
1.000000e+02, 2.415902e+02
1.000000e+02, 2.425088e+02
1.000000e+02, 2.434325e+02
1.000000e+02, 2.443613e+02
1.000000e+02, 2.452953e+02
1.000000e+02, 2.462345e+02
1.000000e+02, 2.471790e+02
1.000000e+02, 2.481288e+02
1.000000e+02, 2.490840e+02
1.000000e+02, 2.500445e+02
1.000000e+02, 2.510106e+02
1.000000e+02, 2.519821e+02
1.000000e+02, 2.529591e+02
1.000000e+02, 2.539418e+02
1.000000e+02, 2.549301e+02
1.000000e+02, 2.559241e+02
1.000000e+02, 2.569239e+02
1.000000e+02, 2.579294e+02
1.000000e+02, 2.589408e+02
1.000000e+02, 2.599582e+02
1.000000e+02, 2.609814e+02
1.000000e+02, 2.620107e+02
1.000000e+02, 2.630461e+02
1.000000e+02, 2.640876e+02
1.000000e+02, 2.651353e+02
1.000000e+02, 2.661892e+02
1.000000e+02, 2.672495e+02
1.000000e+02, 2.683161e+02
1.000000e+02, 2.693892e+02
1.000000e+02, 2.704688e+02
1.000000e+02, 2.715550e+02
1.000000e+02, 2.726478e+02
1.000000e+02, 2.737473e+02
1.000000e+02, 2.748536e+02
1.000000e+02, 2.759667e+02
1.000000e+02, 2.770868e+02
1.000000e+02, 2.782139e+02
1.000000e+02, 2.793481e+02
1.000000e+02, 2.804894e+02
1.000000e+02, 2.816380e+02
1.000000e+02, 2.827939e+02
1.000000e+02, 2.839572e+02
1.000000e+02, 2.851280e+02
1.000000e+02, 2.863063e+02
1.000000e+02, 2.874923e+02
1.000000e+02, 2.886861e+02
1.000000e+02, 2.898878e+02
1.000000e+02, 2.910974e+02
1.000000e+02, 2.923150e+02
1.000000e+02, 2.935408e+02
1.000000e+02, 2.947748e+02
1.000000e+02, 2.960172e+02
1.000000e+02, 2.972680e+02
1.000000e+02, 2.985274e+02
1.000000e+02, 2.997955e+02
1.000000e+02, 3.010724e+02
1.000000e+02, 3.023582e+02
1.000000e+02, 3.036530e+02
1.000000e+02, 3.049570e+02
1.000000e+02, 3.062703e+02
1.000000e+02, 3.075930e+02
1.000000e+02, 3.089252e+02
1.000000e+02, 3.102672e+02
1.000000e+02, 3.116189e+02
1.000000e+02, 3.129807e+02
1.000000e+02, 3.143526e+02
1.000000e+02, 3.157347e+02
1.000000e+02, 3.171273e+02
1.000000e+02, 3.185305e+02
1.000000e+02, 3.199445e+02
1.000000e+02, 3.213694e+02
1.000000e+02, 3.228054e+02
1.000000e+02, 3.242527e+02
1.000000e+02, 3.257115e+02
1.000000e+02, 3.271819e+02
1.000000e+02, 3.286643e+02
1.000000e+02, 3.301587e+02
1.000000e+02, 3.316654e+02
1.000000e+02, 3.331846e+02
1.000000e+02, 3.347166e+02
1.000000e+02, 3.362615e+02
1.000000e+02, 3.378196e+02
1.000000e+02, 3.393912e+02
1.000000e+02, 3.409766e+02
1.000000e+02, 3.425758e+02
1.000000e+02, 3.441894e+02
1.000000e+02, 3.458175e+02
1.000000e+02, 3.474604e+02
1.000000e+02, 3.491185e+02
1.000000e+02, 3.507921e+02
1.000000e+02, 3.524814e+02
1.000000e+02, 3.541869e+02
1.000000e+02, 3.559088e+02
1.000000e+02, 3.576477e+02
1.000000e+02, 3.594038e+02
1.000000e+02, 1.177503e+00
1.000000e+02, 2.969313e+00
1.000000e+02, 4.779630e+00
1.000000e+02, 6.608908e+00
1.000000e+02, 8.457623e+00
1.000000e+02, 1.032627e+01
1.000000e+02, 1.221537e+01
1.000000e+02, 1.412546e+01
1.000000e+02, 1.605712e+01
1.000000e+02, 1.801094e+01
1.000000e+02, 1.998755e+01
1.000000e+02, 2.198760e+01
1.000000e+02, 2.401178e+01
1.000000e+02, 2.606083e+01
1.000000e+02, 2.813550e+01
1.000000e+02, 3.023662e+01
1.000000e+02, 3.236502e+01
1.000000e+02, 3.452162e+01
1.000000e+02, 3.670738e+01
1.000000e+02, 3.892329e+01
1.000000e+02, 4.117045e+01
1.000000e+02, 4.344999e+01
1.000000e+02, 4.576313e+01
1.000000e+02, 4.811118e+01
1.000000e+02, 5.049552e+01
1.000000e+02, 5.291764e+01
1.000000e+02, 5.537913e+01
1.000000e+02, 5.788172e+01
1.000000e+02, 6.042723e+01
1.000000e+02, 6.301768e+01
1.000000e+02, 6.565521e+01
1.000000e+02, 6.834217e+01
1.000000e+02, 7.108111e+01
1.000000e+02, 7.387480e+01
1.000000e+02, 7.672629e+01
1.000000e+02, 7.963893e+01
1.000000e+02, 8.261640e+01
1.000000e+02, 8.566278e+01
1.000000e+02, 8.878263e+01
1.000000e+02, 9.198101e+01
1.000000e+02, 9.526362e+01
1.000000e+02, 9.863691e+01
1.000000e+02, 1.021082e+02
1.000000e+02, 1.056859e+02
1.000000e+02, 1.093796e+02
1.000000e+02, 1.132007e+02
1.000000e+02, 1.171623e+02
1.000000e+02, 1.212802e+02
1.000000e+02, 1.255734e+02
1.000000e+02, 1.300651e+02
1.000000e+02, 1.347843e+02
1.000000e+02, 1.397676e+02
1.000000e+02, 1.450633e+02
1.000000e+02, 1.507363e+02
1.000000e+02, 1.568781e+02
1.000000e+02, 1.636251e+02
1.000000e+02, 1.711979e+02
1.000000e+02, 1.800000e+02
##END= 