##TITLE= /opt/topspin3.0/exp/stan/nmr/lists/wave/user/HypSec_trunc2.84_110
##JCAMP-DX= 5.00 Bruker JCAMP library
##DATA TYPE= Shape Data
##ORIGIN= Bruker BioSpin GmbH
##OWNER= <nmrsu>
##DATE= 15/02/24
##TIME= 16:15:04
##MINX= 1.164538e+01
##MAXX= 9.999960e+01
##MINY= 2.546774e-02
##MAXY= 3.585574e+02
##$SHAPE_EXMODE= Adiabatic
##$SHAPE_TOTROT= 1.800000e+02
##$SHAPE_BWFAC= 1.929340e+02
##$SHAPE_INTEGFAC= 2.356110e-02
##$SHAPE_MODE= 0
##NPOINTS= 1000
##XYPOINTS= (XY..XY)
1.000000e+02, 1.800000e+02
1.000000e+02, 1.749180e+02
1.000000e+02, 1.705458e+02
1.000000e+02, 1.666504e+02
1.000000e+02, 1.631044e+02
1.000000e+02, 1.598290e+02
1.000000e+02, 1.567715e+02
1.000000e+02, 1.538943e+02
1.000000e+02, 1.511697e+02
1.000000e+02, 1.485763e+02
1.000000e+02, 1.460976e+02
1.000000e+02, 1.437201e+02
1.000000e+02, 1.414328e+02
1.000000e+02, 1.392267e+02
1.000000e+02, 1.370941e+02
1.000000e+02, 1.350285e+02
1.000000e+02, 1.330243e+02
1.000000e+02, 1.310767e+02
1.000000e+02, 1.291815e+02
1.000000e+02, 1.273349e+02
1.000000e+02, 1.255336e+02
1.000000e+02, 1.237747e+02
1.000000e+02, 1.220557e+02
1.000000e+02, 1.203740e+02
1.000000e+02, 1.187277e+02
1.000000e+02, 1.171148e+02
1.000000e+02, 1.155334e+02
1.000000e+02, 1.139821e+02
1.000000e+02, 1.124593e+02
1.000000e+02, 1.109636e+02
1.000000e+02, 1.094940e+02
1.000000e+02, 1.080491e+02
1.000000e+02, 1.066279e+02
1.000000e+02, 1.052295e+02
1.000000e+02, 1.038529e+02
1.000000e+02, 1.024972e+02
1.000000e+02, 1.011617e+02
1.000000e+02, 9.984558e+01
1.000000e+02, 9.854816e+01
1.000000e+02, 9.726878e+01
1.000000e+02, 9.600682e+01
1.000000e+02, 9.476169e+01
1.000000e+02, 9.353284e+01
1.000000e+02, 9.231974e+01
1.000000e+02, 9.112191e+01
1.000000e+02, 8.993887e+01
1.000000e+02, 8.877019e+01
1.000000e+02, 8.761545e+01
1.000000e+02, 8.647424e+01
1.000000e+02, 8.534619e+01
1.000000e+02, 8.423093e+01
1.000000e+02, 8.312812e+01
1.000000e+02, 8.203743e+01
1.000000e+02, 8.095855e+01
1.000000e+02, 7.989118e+01
1.000000e+02, 7.883503e+01
1.000000e+02, 7.778983e+01
1.000000e+02, 7.675531e+01
1.000000e+02, 7.573123e+01
1.000000e+02, 7.471733e+01
1.000000e+02, 7.371340e+01
1.000000e+02, 7.271921e+01
1.000000e+02, 7.173454e+01
1.000000e+02, 7.075918e+01
1.000000e+02, 6.979295e+01
1.000000e+02, 6.883564e+01
1.000000e+02, 6.788708e+01
1.000000e+02, 6.694708e+01
1.000000e+02, 6.601548e+01
1.000000e+02, 6.509212e+01
1.000000e+02, 6.417683e+01
1.000000e+02, 6.326945e+01
1.000000e+02, 6.236985e+01
1.000000e+02, 6.147787e+01
1.000000e+02, 6.059338e+01
1.000000e+02, 5.971625e+01
1.000000e+02, 5.884633e+01
1.000000e+02, 5.798352e+01
1.000000e+02, 5.712768e+01
1.000000e+02, 5.627869e+01
1.000000e+02, 5.543645e+01
1.000000e+02, 5.460084e+01
1.000000e+02, 5.377174e+01
1.000000e+02, 5.294907e+01
1.000000e+02, 5.213271e+01
1.000000e+02, 5.132256e+01
1.000000e+02, 5.051854e+01
1.000000e+02, 4.972054e+01
1.000000e+02, 4.892847e+01
1.000000e+02, 4.814226e+01
1.000000e+02, 4.736180e+01
1.000000e+02, 4.658702e+01
1.000000e+02, 4.581783e+01
1.000000e+02, 4.505416e+01
1.000000e+02, 4.429593e+01
1.000000e+02, 4.354305e+01
1.000000e+02, 4.279547e+01
1.000000e+02, 4.205311e+01
1.000000e+02, 4.131589e+01
1.000000e+02, 4.058375e+01
1.000000e+02, 3.985662e+01
1.000000e+02, 3.913444e+01
1.000000e+02, 3.841714e+01
1.000000e+02, 3.770467e+01
1.000000e+02, 3.699696e+01
1.000000e+02, 3.629395e+01
1.000000e+02, 3.559558e+01
1.000000e+02, 3.490180e+01
1.000000e+02, 3.421256e+01
1.000000e+02, 3.352779e+01
1.000000e+02, 3.284746e+01
1.000000e+02, 3.217149e+01
1.000000e+02, 3.149986e+01
1.000000e+02, 3.083249e+01
1.000000e+02, 3.016936e+01
1.000000e+02, 2.951040e+01
1.000000e+02, 2.885558e+01
1.000000e+02, 2.820484e+01
1.000000e+02, 2.755815e+01
1.000000e+02, 2.691546e+01
1.000000e+02, 2.627673e+01
1.000000e+02, 2.564191e+01
1.000000e+02, 2.501097e+01
1.000000e+02, 2.438387e+01
1.000000e+02, 2.376056e+01
1.000000e+02, 2.314100e+01
1.000000e+02, 2.252517e+01
1.000000e+02, 2.191302e+01
1.000000e+02, 2.130451e+01
1.000000e+02, 2.069962e+01
1.000000e+02, 2.009830e+01
1.000000e+02, 1.950052e+01
1.000000e+02, 1.890625e+01
1.000000e+02, 1.831546e+01
1.000000e+02, 1.772811e+01
1.000000e+02, 1.714416e+01
1.000000e+02, 1.656360e+01
1.000000e+02, 1.598638e+01
1.000000e+02, 1.541249e+01
1.000000e+02, 1.484188e+01
1.000000e+02, 1.427453e+01
1.000000e+02, 1.371041e+01
1.000000e+02, 1.314949e+01
1.000000e+02, 1.259175e+01
1.000000e+02, 1.203715e+01
1.000000e+02, 1.148568e+01
1.000000e+02, 1.093730e+01
1.000000e+02, 1.039198e+01
1.000000e+02, 9.849717e+00
1.000000e+02, 9.310467e+00
1.000000e+02, 8.774211e+00
1.000000e+02, 8.240925e+00
1.000000e+02, 7.710585e+00
1.000000e+02, 7.183166e+00
1.000000e+02, 6.658648e+00
1.000000e+02, 6.137006e+00
1.000000e+02, 5.618218e+00
1.000000e+02, 5.102263e+00
1.000000e+02, 4.589118e+00
1.000000e+02, 4.078763e+00
1.000000e+02, 3.571177e+00
1.000000e+02, 3.066339e+00
1.000000e+02, 2.564228e+00
1.000000e+02, 2.064825e+00
1.000000e+02, 1.568109e+00
1.000000e+02, 1.074063e+00
1.000000e+02, 5.826655e-01
1.000000e+02, 9.389881e-02
1.000000e+02, 3.596077e+02
1.000000e+02, 3.591242e+02
1.000000e+02, 3.586432e+02
1.000000e+02, 3.581648e+02
1.000000e+02, 3.576889e+02
1.000000e+02, 3.572155e+02
1.000000e+02, 3.567447e+02
1.000000e+02, 3.562763e+02
1.000000e+02, 3.558104e+02
1.000000e+02, 3.553470e+02
1.000000e+02, 3.548860e+02
1.000000e+02, 3.544274e+02
1.000000e+02, 3.539712e+02
1.000000e+02, 3.535175e+02
1.000000e+02, 3.530661e+02
1.000000e+02, 3.526170e+02
1.000000e+02, 3.521704e+02
1.000000e+02, 3.517260e+02
1.000000e+02, 3.512840e+02
1.000000e+02, 3.508443e+02
1.000000e+02, 3.504068e+02
1.000000e+02, 3.499717e+02
1.000000e+02, 3.495388e+02
1.000000e+02, 3.491082e+02
1.000000e+02, 3.486798e+02
1.000000e+02, 3.482536e+02
1.000000e+02, 3.478296e+02
1.000000e+02, 3.474078e+02
1.000000e+02, 3.469883e+02
1.000000e+02, 3.465709e+02
1.000000e+02, 3.461556e+02
1.000000e+02, 3.457425e+02
1.000000e+02, 3.453316e+02
1.000000e+02, 3.449227e+02
1.000000e+02, 3.445160e+02
1.000000e+02, 3.441114e+02
1.000000e+02, 3.437088e+02
1.000000e+02, 3.433084e+02
1.000000e+02, 3.429100e+02
1.000000e+02, 3.425137e+02
1.000000e+02, 3.421194e+02
1.000000e+02, 3.417272e+02
1.000000e+02, 3.413369e+02
1.000000e+02, 3.409487e+02
1.000000e+02, 3.405625e+02
1.000000e+02, 3.401783e+02
1.000000e+02, 3.397961e+02
1.000000e+02, 3.394159e+02
1.000000e+02, 3.390376e+02
1.000000e+02, 3.386612e+02
1.000000e+02, 3.382869e+02
1.000000e+02, 3.379144e+02
1.000000e+02, 3.375439e+02
1.000000e+02, 3.371753e+02
1.000000e+02, 3.368086e+02
1.000000e+02, 3.364438e+02
1.000000e+02, 3.360808e+02
1.000000e+02, 3.357198e+02
1.000000e+02, 3.353606e+02
1.000000e+02, 3.350033e+02
1.000000e+02, 3.346479e+02
1.000000e+02, 3.342943e+02
1.000000e+02, 3.339425e+02
1.000000e+02, 3.335926e+02
1.000000e+02, 3.332445e+02
1.000000e+02, 3.328982e+02
1.000000e+02, 3.325537e+02
1.000000e+02, 3.322110e+02
1.000000e+02, 3.318701e+02
1.000000e+02, 3.315309e+02
1.000000e+02, 3.311936e+02
1.000000e+02, 3.308580e+02
1.000000e+02, 3.305242e+02
1.000000e+02, 3.301921e+02
1.000000e+02, 3.298617e+02
1.000000e+02, 3.295331e+02
1.000000e+02, 3.292063e+02
1.000000e+02, 3.288811e+02
1.000000e+02, 3.285577e+02
1.000000e+02, 3.282360e+02
1.000000e+02, 3.279159e+02
1.000000e+02, 3.275976e+02
1.000000e+02, 3.272810e+02
1.000000e+02, 3.269660e+02
1.000000e+02, 3.266527e+02
1.000000e+02, 3.263411e+02
1.000000e+02, 3.260311e+02
1.000000e+02, 3.257228e+02
1.000000e+02, 3.254162e+02
1.000000e+02, 3.251112e+02
1.000000e+02, 3.248078e+02
1.000000e+02, 3.245060e+02
1.000000e+02, 3.242059e+02
1.000000e+02, 3.239074e+02
1.000000e+02, 3.236105e+02
1.000000e+02, 3.233152e+02
1.000000e+02, 3.230215e+02
1.000000e+02, 3.227295e+02
1.000000e+02, 3.224390e+02
1.000000e+02, 3.221500e+02
1.000000e+02, 3.218627e+02
1.000000e+02, 3.215769e+02
1.000000e+02, 3.212927e+02
1.000000e+02, 3.210101e+02
1.000000e+02, 3.207290e+02
1.000000e+02, 3.204495e+02
1.000000e+02, 3.201715e+02
1.000000e+02, 3.198950e+02
1.000000e+02, 3.196201e+02
1.000000e+02, 3.193467e+02
1.000000e+02, 3.190749e+02
1.000000e+02, 3.188045e+02
1.000000e+02, 3.185357e+02
1.000000e+02, 3.182684e+02
1.000000e+02, 3.180026e+02
1.000000e+02, 3.177383e+02
1.000000e+02, 3.174755e+02
1.000000e+02, 3.172141e+02
1.000000e+02, 3.169543e+02
1.000000e+02, 3.166960e+02
1.000000e+02, 3.164391e+02
1.000000e+02, 3.161837e+02
1.000000e+02, 3.159297e+02
1.000000e+02, 3.156773e+02
1.000000e+02, 3.154262e+02
1.000000e+02, 3.151767e+02
1.000000e+02, 3.149286e+02
1.000000e+02, 3.146819e+02
1.000000e+02, 3.144367e+02
1.000000e+02, 3.141929e+02
1.000000e+02, 3.139506e+02
1.000000e+02, 3.137096e+02
1.000000e+02, 3.134701e+02
1.000000e+02, 3.132321e+02
1.000000e+02, 3.129954e+02
1.000000e+02, 3.127602e+02
1.000000e+02, 3.125263e+02
1.000000e+02, 3.122939e+02
1.000000e+02, 3.120629e+02
1.000000e+02, 3.118333e+02
1.000000e+02, 3.116050e+02
1.000000e+02, 3.113782e+02
1.000000e+02, 3.111527e+02
1.000000e+02, 3.109287e+02
1.000000e+02, 3.107060e+02
1.000000e+02, 3.104846e+02
1.000000e+02, 3.102647e+02
1.000000e+02, 3.100461e+02
1.000000e+02, 3.098289e+02
1.000000e+02, 3.096131e+02
1.000000e+02, 3.093986e+02
1.000000e+02, 3.091854e+02
1.000000e+02, 3.089737e+02
1.000000e+02, 3.087632e+02
1.000000e+02, 3.085541e+02
1.000000e+02, 3.083464e+02
1.000000e+02, 3.081400e+02
1.000000e+02, 3.079349e+02
1.000000e+02, 3.077312e+02
1.000000e+02, 3.075288e+02
1.000000e+02, 3.073277e+02
1.000000e+02, 3.071279e+02
1.000000e+02, 3.069295e+02
1.000000e+02, 3.067323e+02
1.000000e+02, 3.065365e+02
1.000000e+02, 3.063420e+02
1.000000e+02, 3.061488e+02
1.000000e+02, 3.059570e+02
1.000000e+02, 3.057664e+02
1.000000e+02, 3.055771e+02
1.000000e+02, 3.053891e+02
1.000000e+02, 3.052024e+02
1.000000e+02, 3.050170e+02
1.000000e+02, 3.048329e+02
1.000000e+02, 3.046501e+02
1.000000e+02, 3.044685e+02
1.000000e+02, 3.042882e+02
1.000000e+02, 3.041093e+02
1.000000e+02, 3.039316e+02
1.000000e+02, 3.037551e+02
1.000000e+02, 3.035799e+02
1.000000e+02, 3.034060e+02
1.000000e+02, 3.032334e+02
1.000000e+02, 3.030620e+02
1.000000e+02, 3.028919e+02
1.000000e+02, 3.027231e+02
1.000000e+02, 3.025555e+02
1.000000e+02, 3.023891e+02
1.000000e+02, 3.022240e+02
1.000000e+02, 3.020602e+02
1.000000e+02, 3.018976e+02
1.000000e+02, 3.017362e+02
1.000000e+02, 3.015761e+02
1.000000e+02, 3.014172e+02
1.000000e+02, 3.012596e+02
1.000000e+02, 3.011031e+02
1.000000e+02, 3.009480e+02
1.000000e+02, 3.007940e+02
1.000000e+02, 3.006413e+02
1.000000e+02, 3.004898e+02
1.000000e+02, 3.003395e+02
1.000000e+02, 3.001905e+02
1.000000e+02, 3.000427e+02
1.000000e+02, 2.998961e+02
1.000000e+02, 2.997507e+02
1.000000e+02, 2.996065e+02
1.000000e+02, 2.994635e+02
1.000000e+02, 2.993218e+02
1.000000e+02, 2.991812e+02
1.000000e+02, 2.990419e+02
1.000000e+02, 2.989037e+02
1.000000e+02, 2.987668e+02
1.000000e+02, 2.986311e+02
1.000000e+02, 2.984965e+02
1.000000e+02, 2.983632e+02
1.000000e+02, 2.982311e+02
1.000000e+02, 2.981001e+02
1.000000e+02, 2.979703e+02
1.000000e+02, 2.978418e+02
1.000000e+02, 2.977144e+02
1.000000e+02, 2.975882e+02
1.000000e+02, 2.974632e+02
1.000000e+02, 2.973394e+02
1.000000e+02, 2.972167e+02
1.000000e+02, 2.970953e+02
1.000000e+02, 2.969750e+02
1.000000e+02, 2.968559e+02
1.000000e+02, 2.967379e+02
1.000000e+02, 2.966212e+02
1.000000e+02, 2.965056e+02
1.000000e+02, 2.963912e+02
1.000000e+02, 2.962779e+02
1.000000e+02, 2.961658e+02
1.000000e+02, 2.960549e+02
1.000000e+02, 2.959452e+02
1.000000e+02, 2.958366e+02
1.000000e+02, 2.957292e+02
1.000000e+02, 2.956229e+02
1.000000e+02, 2.955178e+02
1.000000e+02, 2.954139e+02
1.000000e+02, 2.953111e+02
1.000000e+02, 2.952094e+02
1.000000e+02, 2.951090e+02
1.000000e+02, 2.950096e+02
1.000000e+02, 2.949115e+02
1.000000e+02, 2.948144e+02
1.000000e+02, 2.947186e+02
1.000000e+02, 2.946238e+02
1.000000e+02, 2.945303e+02
1.000000e+02, 2.944378e+02
1.000000e+02, 2.943465e+02
1.000000e+02, 2.942564e+02
1.000000e+02, 2.941674e+02
1.000000e+02, 2.940795e+02
1.000000e+02, 2.939928e+02
1.000000e+02, 2.939072e+02
1.000000e+02, 2.938228e+02
1.000000e+02, 2.937395e+02
1.000000e+02, 2.936573e+02
1.000000e+02, 2.935763e+02
1.000000e+02, 2.934963e+02
1.000000e+02, 2.934176e+02
1.000000e+02, 2.933399e+02
1.000000e+02, 2.932634e+02
1.000000e+02, 2.931880e+02
1.000000e+02, 2.931138e+02
1.000000e+02, 2.930407e+02
1.000000e+02, 2.929687e+02
1.000000e+02, 2.928978e+02
1.000000e+02, 2.928280e+02
1.000000e+02, 2.927594e+02
1.000000e+02, 2.926919e+02
1.000000e+02, 2.926256e+02
1.000000e+02, 2.925603e+02
1.000000e+02, 2.924962e+02
1.000000e+02, 2.924332e+02
1.000000e+02, 2.923713e+02
1.000000e+02, 2.923105e+02
1.000000e+02, 2.922508e+02
1.000000e+02, 2.921923e+02
1.000000e+02, 2.921349e+02
1.000000e+02, 2.920786e+02
1.000000e+02, 2.920234e+02
1.000000e+02, 2.919693e+02
1.000000e+02, 2.919163e+02
1.000000e+02, 2.918645e+02
1.000000e+02, 2.918137e+02
1.000000e+02, 2.917641e+02
1.000000e+02, 2.917156e+02
1.000000e+02, 2.916682e+02
1.000000e+02, 2.916219e+02
1.000000e+02, 2.915767e+02
1.000000e+02, 2.915327e+02
1.000000e+02, 2.914897e+02
1.000000e+02, 2.914478e+02
1.000000e+02, 2.914071e+02
1.000000e+02, 2.913674e+02
1.000000e+02, 2.913289e+02
1.000000e+02, 2.912915e+02
1.000000e+02, 2.912552e+02
1.000000e+02, 2.912199e+02
1.000000e+02, 2.911858e+02
1.000000e+02, 2.911528e+02
1.000000e+02, 2.911209e+02
1.000000e+02, 2.910901e+02
1.000000e+02, 2.910604e+02
1.000000e+02, 2.910318e+02
1.000000e+02, 2.910043e+02
1.000000e+02, 2.909779e+02
1.000000e+02, 2.909526e+02
1.000000e+02, 2.909285e+02
1.000000e+02, 2.909054e+02
1.000000e+02, 2.908834e+02
1.000000e+02, 2.908625e+02
1.000000e+02, 2.908427e+02
1.000000e+02, 2.908240e+02
1.000000e+02, 2.908065e+02
1.000000e+02, 2.907900e+02
1.000000e+02, 2.907746e+02
1.000000e+02, 2.907603e+02
1.000000e+02, 2.907471e+02
1.000000e+02, 2.907350e+02
1.000000e+02, 2.907241e+02
1.000000e+02, 2.907142e+02
1.000000e+02, 2.907054e+02
1.000000e+02, 2.906977e+02
1.000000e+02, 2.906911e+02
1.000000e+02, 2.906856e+02
1.000000e+02, 2.906812e+02
1.000000e+02, 2.906779e+02
1.000000e+02, 2.906757e+02
1.000000e+02, 2.906746e+02
1.000000e+02, 2.906746e+02
1.000000e+02, 2.906757e+02
1.000000e+02, 2.906779e+02
1.000000e+02, 2.906812e+02
1.000000e+02, 2.906856e+02
1.000000e+02, 2.906911e+02
1.000000e+02, 2.906977e+02
1.000000e+02, 2.907054e+02
1.000000e+02, 2.907142e+02
1.000000e+02, 2.907241e+02
1.000000e+02, 2.907350e+02
1.000000e+02, 2.907471e+02
1.000000e+02, 2.907603e+02
1.000000e+02, 2.907746e+02
1.000000e+02, 2.907900e+02
1.000000e+02, 2.908065e+02
1.000000e+02, 2.908240e+02
1.000000e+02, 2.908427e+02
1.000000e+02, 2.908625e+02
1.000000e+02, 2.908834e+02
1.000000e+02, 2.909054e+02
1.000000e+02, 2.909285e+02
1.000000e+02, 2.909526e+02
1.000000e+02, 2.909779e+02
1.000000e+02, 2.910043e+02
1.000000e+02, 2.910318e+02
1.000000e+02, 2.910604e+02
1.000000e+02, 2.910901e+02
1.000000e+02, 2.911209e+02
1.000000e+02, 2.911528e+02
1.000000e+02, 2.911858e+02
1.000000e+02, 2.912199e+02
1.000000e+02, 2.912552e+02
1.000000e+02, 2.912915e+02
1.000000e+02, 2.913289e+02
1.000000e+02, 2.913674e+02
1.000000e+02, 2.914071e+02
1.000000e+02, 2.914478e+02
1.000000e+02, 2.914897e+02
1.000000e+02, 2.915327e+02
1.000000e+02, 2.915767e+02
1.000000e+02, 2.916219e+02
1.000000e+02, 2.916682e+02
1.000000e+02, 2.917156e+02
1.000000e+02, 2.917641e+02
1.000000e+02, 2.918137e+02
1.000000e+02, 2.918645e+02
1.000000e+02, 2.919163e+02
1.000000e+02, 2.919693e+02
1.000000e+02, 2.920234e+02
1.000000e+02, 2.920786e+02
1.000000e+02, 2.921349e+02
1.000000e+02, 2.921923e+02
1.000000e+02, 2.922508e+02
1.000000e+02, 2.923105e+02
1.000000e+02, 2.923713e+02
1.000000e+02, 2.924332e+02
1.000000e+02, 2.924962e+02
1.000000e+02, 2.925603e+02
1.000000e+02, 2.926256e+02
1.000000e+02, 2.926919e+02
1.000000e+02, 2.927594e+02
1.000000e+02, 2.928280e+02
1.000000e+02, 2.928978e+02
1.000000e+02, 2.929687e+02
1.000000e+02, 2.930407e+02
1.000000e+02, 2.931138e+02
1.000000e+02, 2.931880e+02
1.000000e+02, 2.932634e+02
1.000000e+02, 2.933399e+02
1.000000e+02, 2.934176e+02
1.000000e+02, 2.934963e+02
1.000000e+02, 2.935763e+02
1.000000e+02, 2.936573e+02
1.000000e+02, 2.937395e+02
1.000000e+02, 2.938228e+02
1.000000e+02, 2.939072e+02
1.000000e+02, 2.939928e+02
1.000000e+02, 2.940795e+02
1.000000e+02, 2.941674e+02
1.000000e+02, 2.942564e+02
1.000000e+02, 2.943465e+02
1.000000e+02, 2.944378e+02
1.000000e+02, 2.945303e+02
1.000000e+02, 2.946238e+02
1.000000e+02, 2.947186e+02
1.000000e+02, 2.948144e+02
1.000000e+02, 2.949115e+02
1.000000e+02, 2.950096e+02
1.000000e+02, 2.951090e+02
1.000000e+02, 2.952094e+02
1.000000e+02, 2.953111e+02
1.000000e+02, 2.954139e+02
1.000000e+02, 2.955178e+02
1.000000e+02, 2.956229e+02
1.000000e+02, 2.957292e+02
1.000000e+02, 2.958366e+02
1.000000e+02, 2.959452e+02
1.000000e+02, 2.960549e+02
1.000000e+02, 2.961658e+02
1.000000e+02, 2.962779e+02
1.000000e+02, 2.963912e+02
1.000000e+02, 2.965056e+02
1.000000e+02, 2.966212e+02
1.000000e+02, 2.967379e+02
1.000000e+02, 2.968559e+02
1.000000e+02, 2.969750e+02
1.000000e+02, 2.970953e+02
1.000000e+02, 2.972167e+02
1.000000e+02, 2.973394e+02
1.000000e+02, 2.974632e+02
1.000000e+02, 2.975882e+02
1.000000e+02, 2.977144e+02
1.000000e+02, 2.978418e+02
1.000000e+02, 2.979703e+02
1.000000e+02, 2.981001e+02
1.000000e+02, 2.982311e+02
1.000000e+02, 2.983632e+02
1.000000e+02, 2.984965e+02
1.000000e+02, 2.986311e+02
1.000000e+02, 2.987668e+02
1.000000e+02, 2.989037e+02
1.000000e+02, 2.990419e+02
1.000000e+02, 2.991812e+02
1.000000e+02, 2.993218e+02
1.000000e+02, 2.994635e+02
1.000000e+02, 2.996065e+02
1.000000e+02, 2.997507e+02
1.000000e+02, 2.998961e+02
1.000000e+02, 3.000427e+02
1.000000e+02, 3.001905e+02
1.000000e+02, 3.003395e+02
1.000000e+02, 3.004898e+02
1.000000e+02, 3.006413e+02
1.000000e+02, 3.007940e+02
1.000000e+02, 3.009480e+02
1.000000e+02, 3.011031e+02
1.000000e+02, 3.012596e+02
1.000000e+02, 3.014172e+02
1.000000e+02, 3.015761e+02
1.000000e+02, 3.017362e+02
1.000000e+02, 3.018976e+02
1.000000e+02, 3.020602e+02
1.000000e+02, 3.022240e+02
1.000000e+02, 3.023891e+02
1.000000e+02, 3.025555e+02
1.000000e+02, 3.027231e+02
1.000000e+02, 3.028919e+02
1.000000e+02, 3.030620e+02
1.000000e+02, 3.032334e+02
1.000000e+02, 3.034060e+02
1.000000e+02, 3.035799e+02
1.000000e+02, 3.037551e+02
1.000000e+02, 3.039316e+02
1.000000e+02, 3.041093e+02
1.000000e+02, 3.042883e+02
1.000000e+02, 3.044685e+02
1.000000e+02, 3.046501e+02
1.000000e+02, 3.048329e+02
1.000000e+02, 3.050170e+02
1.000000e+02, 3.052024e+02
1.000000e+02, 3.053891e+02
1.000000e+02, 3.055771e+02
1.000000e+02, 3.057664e+02
1.000000e+02, 3.059570e+02
1.000000e+02, 3.061488e+02
1.000000e+02, 3.063420e+02
1.000000e+02, 3.065365e+02
1.000000e+02, 3.067323e+02
1.000000e+02, 3.069295e+02
1.000000e+02, 3.071279e+02
1.000000e+02, 3.073277e+02
1.000000e+02, 3.075288e+02
1.000000e+02, 3.077312e+02
1.000000e+02, 3.079349e+02
1.000000e+02, 3.081400e+02
1.000000e+02, 3.083464e+02
1.000000e+02, 3.085541e+02
1.000000e+02, 3.087632e+02
1.000000e+02, 3.089737e+02
1.000000e+02, 3.091854e+02
1.000000e+02, 3.093986e+02
1.000000e+02, 3.096131e+02
1.000000e+02, 3.098289e+02
1.000000e+02, 3.100461e+02
1.000000e+02, 3.102647e+02
1.000000e+02, 3.104846e+02
1.000000e+02, 3.107060e+02
1.000000e+02, 3.109287e+02
1.000000e+02, 3.111527e+02
1.000000e+02, 3.113782e+02
1.000000e+02, 3.116050e+02
1.000000e+02, 3.118333e+02
1.000000e+02, 3.120629e+02
1.000000e+02, 3.122939e+02
1.000000e+02, 3.125263e+02
1.000000e+02, 3.127602e+02
1.000000e+02, 3.129954e+02
1.000000e+02, 3.132321e+02
1.000000e+02, 3.134701e+02
1.000000e+02, 3.137096e+02
1.000000e+02, 3.139506e+02
1.000000e+02, 3.141929e+02
1.000000e+02, 3.144367e+02
1.000000e+02, 3.146819e+02
1.000000e+02, 3.149286e+02
1.000000e+02, 3.151767e+02
1.000000e+02, 3.154262e+02
1.000000e+02, 3.156773e+02
1.000000e+02, 3.159297e+02
1.000000e+02, 3.161837e+02
1.000000e+02, 3.164391e+02
1.000000e+02, 3.166960e+02
1.000000e+02, 3.169543e+02
1.000000e+02, 3.172141e+02
1.000000e+02, 3.174755e+02
1.000000e+02, 3.177383e+02
1.000000e+02, 3.180026e+02
1.000000e+02, 3.182684e+02
1.000000e+02, 3.185357e+02
1.000000e+02, 3.188045e+02
1.000000e+02, 3.190749e+02
1.000000e+02, 3.193467e+02
1.000000e+02, 3.196201e+02
1.000000e+02, 3.198950e+02
1.000000e+02, 3.201715e+02
1.000000e+02, 3.204495e+02
1.000000e+02, 3.207290e+02
1.000000e+02, 3.210101e+02
1.000000e+02, 3.212927e+02
1.000000e+02, 3.215769e+02
1.000000e+02, 3.218627e+02
1.000000e+02, 3.221500e+02
1.000000e+02, 3.224390e+02
1.000000e+02, 3.227295e+02
1.000000e+02, 3.230215e+02
1.000000e+02, 3.233152e+02
1.000000e+02, 3.236105e+02
1.000000e+02, 3.239074e+02
1.000000e+02, 3.242059e+02
1.000000e+02, 3.245060e+02
1.000000e+02, 3.248078e+02
1.000000e+02, 3.251112e+02
1.000000e+02, 3.254162e+02
1.000000e+02, 3.257228e+02
1.000000e+02, 3.260311e+02
1.000000e+02, 3.263411e+02
1.000000e+02, 3.266527e+02
1.000000e+02, 3.269660e+02
1.000000e+02, 3.272810e+02
1.000000e+02, 3.275976e+02
1.000000e+02, 3.279159e+02
1.000000e+02, 3.282360e+02
1.000000e+02, 3.285577e+02
1.000000e+02, 3.288811e+02
1.000000e+02, 3.292063e+02
1.000000e+02, 3.295331e+02
1.000000e+02, 3.298617e+02
1.000000e+02, 3.301921e+02
1.000000e+02, 3.305242e+02
1.000000e+02, 3.308580e+02
1.000000e+02, 3.311936e+02
1.000000e+02, 3.315309e+02
1.000000e+02, 3.318701e+02
1.000000e+02, 3.322110e+02
1.000000e+02, 3.325537e+02
1.000000e+02, 3.328982e+02
1.000000e+02, 3.332445e+02
1.000000e+02, 3.335926e+02
1.000000e+02, 3.339425e+02
1.000000e+02, 3.342943e+02
1.000000e+02, 3.346479e+02
1.000000e+02, 3.350033e+02
1.000000e+02, 3.353606e+02
1.000000e+02, 3.357198e+02
1.000000e+02, 3.360808e+02
1.000000e+02, 3.364438e+02
1.000000e+02, 3.368086e+02
1.000000e+02, 3.371753e+02
1.000000e+02, 3.375439e+02
1.000000e+02, 3.379144e+02
1.000000e+02, 3.382869e+02
1.000000e+02, 3.386612e+02
1.000000e+02, 3.390376e+02
1.000000e+02, 3.394159e+02
1.000000e+02, 3.397961e+02
1.000000e+02, 3.401783e+02
1.000000e+02, 3.405625e+02
1.000000e+02, 3.409487e+02
1.000000e+02, 3.413369e+02
1.000000e+02, 3.417272e+02
1.000000e+02, 3.421194e+02
1.000000e+02, 3.425137e+02
1.000000e+02, 3.429100e+02
1.000000e+02, 3.433084e+02
1.000000e+02, 3.437088e+02
1.000000e+02, 3.441114e+02
1.000000e+02, 3.445160e+02
1.000000e+02, 3.449227e+02
1.000000e+02, 3.453316e+02
1.000000e+02, 3.457425e+02
1.000000e+02, 3.461556e+02
1.000000e+02, 3.465709e+02
1.000000e+02, 3.469883e+02
1.000000e+02, 3.474078e+02
1.000000e+02, 3.478296e+02
1.000000e+02, 3.482536e+02
1.000000e+02, 3.486798e+02
1.000000e+02, 3.491082e+02
1.000000e+02, 3.495388e+02
1.000000e+02, 3.499717e+02
1.000000e+02, 3.504068e+02
1.000000e+02, 3.508443e+02
1.000000e+02, 3.512840e+02
1.000000e+02, 3.517260e+02
1.000000e+02, 3.521704e+02
1.000000e+02, 3.526170e+02
1.000000e+02, 3.530661e+02
1.000000e+02, 3.535175e+02
1.000000e+02, 3.539712e+02
1.000000e+02, 3.544274e+02
1.000000e+02, 3.548860e+02
1.000000e+02, 3.553470e+02
1.000000e+02, 3.558104e+02
1.000000e+02, 3.562763e+02
1.000000e+02, 3.567447e+02
1.000000e+02, 3.572155e+02
1.000000e+02, 3.576889e+02
1.000000e+02, 3.581648e+02
1.000000e+02, 3.586432e+02
1.000000e+02, 3.591242e+02
1.000000e+02, 3.596077e+02
1.000000e+02, 9.390077e-02
1.000000e+02, 5.826675e-01
1.000000e+02, 1.074065e+00
1.000000e+02, 1.568111e+00
1.000000e+02, 2.064827e+00
1.000000e+02, 2.564230e+00
1.000000e+02, 3.066341e+00
1.000000e+02, 3.571179e+00
1.000000e+02, 4.078765e+00
1.000000e+02, 4.589120e+00
1.000000e+02, 5.102265e+00
1.000000e+02, 5.618220e+00
1.000000e+02, 6.137008e+00
1.000000e+02, 6.658650e+00
1.000000e+02, 7.183169e+00
1.000000e+02, 7.710587e+00
1.000000e+02, 8.240927e+00
1.000000e+02, 8.774213e+00
1.000000e+02, 9.310469e+00
1.000000e+02, 9.849719e+00
1.000000e+02, 1.039199e+01
1.000000e+02, 1.093730e+01
1.000000e+02, 1.148568e+01
1.000000e+02, 1.203715e+01
1.000000e+02, 1.259175e+01
1.000000e+02, 1.314949e+01
1.000000e+02, 1.371041e+01
1.000000e+02, 1.427453e+01
1.000000e+02, 1.484188e+01
1.000000e+02, 1.541249e+01
1.000000e+02, 1.598639e+01
1.000000e+02, 1.656360e+01
1.000000e+02, 1.714417e+01
1.000000e+02, 1.772811e+01
1.000000e+02, 1.831546e+01
1.000000e+02, 1.890626e+01
1.000000e+02, 1.950053e+01
1.000000e+02, 2.009830e+01
1.000000e+02, 2.069962e+01
1.000000e+02, 2.130452e+01
1.000000e+02, 2.191302e+01
1.000000e+02, 2.252517e+01
1.000000e+02, 2.314100e+01
1.000000e+02, 2.376056e+01
1.000000e+02, 2.438387e+01
1.000000e+02, 2.501097e+01
1.000000e+02, 2.564192e+01
1.000000e+02, 2.627673e+01
1.000000e+02, 2.691546e+01
1.000000e+02, 2.755815e+01
1.000000e+02, 2.820485e+01
1.000000e+02, 2.885558e+01
1.000000e+02, 2.951040e+01
1.000000e+02, 3.016936e+01
1.000000e+02, 3.083249e+01
1.000000e+02, 3.149986e+01
1.000000e+02, 3.217150e+01
1.000000e+02, 3.284746e+01
1.000000e+02, 3.352780e+01
1.000000e+02, 3.421256e+01
1.000000e+02, 3.490181e+01
1.000000e+02, 3.559558e+01
1.000000e+02, 3.629395e+01
1.000000e+02, 3.699696e+01
1.000000e+02, 3.770467e+01
1.000000e+02, 3.841715e+01
1.000000e+02, 3.913444e+01
1.000000e+02, 3.985662e+01
1.000000e+02, 4.058375e+01
1.000000e+02, 4.131589e+01
1.000000e+02, 4.205311e+01
1.000000e+02, 4.279547e+01
1.000000e+02, 4.354306e+01
1.000000e+02, 4.429593e+01
1.000000e+02, 4.505416e+01
1.000000e+02, 4.581783e+01
1.000000e+02, 4.658702e+01
1.000000e+02, 4.736180e+01
1.000000e+02, 4.814226e+01
1.000000e+02, 4.892848e+01
1.000000e+02, 4.972054e+01
1.000000e+02, 5.051854e+01
1.000000e+02, 5.132257e+01
1.000000e+02, 5.213271e+01
1.000000e+02, 5.294907e+01
1.000000e+02, 5.377175e+01
1.000000e+02, 5.460084e+01
1.000000e+02, 5.543645e+01
1.000000e+02, 5.627869e+01
1.000000e+02, 5.712768e+01
1.000000e+02, 5.798352e+01
1.000000e+02, 5.884634e+01
1.000000e+02, 5.971625e+01
1.000000e+02, 6.059339e+01
1.000000e+02, 6.147787e+01
1.000000e+02, 6.236985e+01
1.000000e+02, 6.326945e+01
1.000000e+02, 6.417683e+01
1.000000e+02, 6.509212e+01
1.000000e+02, 6.601549e+01
1.000000e+02, 6.694708e+01
1.000000e+02, 6.788708e+01
1.000000e+02, 6.883564e+01
1.000000e+02, 6.979295e+01
1.000000e+02, 7.075918e+01
1.000000e+02, 7.173454e+01
1.000000e+02, 7.271921e+01
1.000000e+02, 7.371341e+01
1.000000e+02, 7.471734e+01
1.000000e+02, 7.573123e+01
1.000000e+02, 7.675531e+01
1.000000e+02, 7.778983e+01
1.000000e+02, 7.883503e+01
1.000000e+02, 7.989118e+01
1.000000e+02, 8.095855e+01
1.000000e+02, 8.203743e+01
1.000000e+02, 8.312812e+01
1.000000e+02, 8.423093e+01
1.000000e+02, 8.534619e+01
1.000000e+02, 8.647424e+01
1.000000e+02, 8.761545e+01
1.000000e+02, 8.877020e+01
1.000000e+02, 8.993888e+01
1.000000e+02, 9.112191e+01
1.000000e+02, 9.231974e+01
1.000000e+02, 9.353284e+01
1.000000e+02, 9.476169e+01
1.000000e+02, 9.600682e+01
1.000000e+02, 9.726879e+01
1.000000e+02, 9.854816e+01
1.000000e+02, 9.984558e+01
1.000000e+02, 1.011617e+02
1.000000e+02, 1.024972e+02
1.000000e+02, 1.038529e+02
1.000000e+02, 1.052295e+02
1.000000e+02, 1.066279e+02
1.000000e+02, 1.080491e+02
1.000000e+02, 1.094940e+02
1.000000e+02, 1.109636e+02
1.000000e+02, 1.124593e+02
1.000000e+02, 1.139821e+02
1.000000e+02, 1.155334e+02
1.000000e+02, 1.171148e+02
1.000000e+02, 1.187277e+02
1.000000e+02, 1.203740e+02
1.000000e+02, 1.220557e+02
1.000000e+02, 1.237747e+02
1.000000e+02, 1.255336e+02
1.000000e+02, 1.273349e+02
1.000000e+02, 1.291815e+02
1.000000e+02, 1.310767e+02
1.000000e+02, 1.330243e+02
1.000000e+02, 1.350285e+02
1.000000e+02, 1.370941e+02
1.000000e+02, 1.392267e+02
1.000000e+02, 1.414328e+02
1.000000e+02, 1.437201e+02
1.000000e+02, 1.460976e+02
1.000000e+02, 1.485764e+02
1.000000e+02, 1.511697e+02
1.000000e+02, 1.538943e+02
1.000000e+02, 1.567715e+02
1.000000e+02, 1.598290e+02
1.000000e+02, 1.631044e+02
1.000000e+02, 1.666504e+02
1.000000e+02, 1.705458e+02
1.000000e+02, 1.749180e+02
1.000000e+02, 1.800000e+02
##END= 