##TITLE= /opt/topspin3.0/exp/stan/nmr/lists/wave/user/HypSec_trunc2.84_110
##JCAMP-DX= 5.00 Bruker JCAMP library
##DATA TYPE= Shape Data
##ORIGIN= Bruker BioSpin GmbH
##OWNER= <nmrsu>
##DATE= 15/02/24
##TIME= 16:15:04
##MINX= 1.164538e+01
##MAXX= 9.999960e+01
##MINY= 2.546774e-02
##MAXY= 3.585574e+02
##$SHAPE_EXMODE= Adiabatic
##$SHAPE_TOTROT= 1.800000e+02
##$SHAPE_BWFAC= 1.929340e+02
##$SHAPE_INTEGFAC= 2.356110e-02
##$SHAPE_MODE= 0
##NPOINTS= 1000
##XYPOINTS= (XY..XY)
1.000000e+02, 1.800000e+02
1.000000e+02, 1.762799e+02
1.000000e+02, 1.730793e+02
1.000000e+02, 1.702277e+02
1.000000e+02, 1.676319e+02
1.000000e+02, 1.652343e+02
1.000000e+02, 1.629961e+02
1.000000e+02, 1.608900e+02
1.000000e+02, 1.588955e+02
1.000000e+02, 1.569971e+02
1.000000e+02, 1.551826e+02
1.000000e+02, 1.534422e+02
1.000000e+02, 1.517678e+02
1.000000e+02, 1.501529e+02
1.000000e+02, 1.485918e+02
1.000000e+02, 1.470797e+02
1.000000e+02, 1.456126e+02
1.000000e+02, 1.441869e+02
1.000000e+02, 1.427995e+02
1.000000e+02, 1.414477e+02
1.000000e+02, 1.401292e+02
1.000000e+02, 1.388416e+02
1.000000e+02, 1.375832e+02
1.000000e+02, 1.363522e+02
1.000000e+02, 1.351471e+02
1.000000e+02, 1.339664e+02
1.000000e+02, 1.328088e+02
1.000000e+02, 1.316731e+02
1.000000e+02, 1.305584e+02
1.000000e+02, 1.294636e+02
1.000000e+02, 1.283877e+02
1.000000e+02, 1.273300e+02
1.000000e+02, 1.262897e+02
1.000000e+02, 1.252660e+02
1.000000e+02, 1.242583e+02
1.000000e+02, 1.232659e+02
1.000000e+02, 1.222883e+02
1.000000e+02, 1.213249e+02
1.000000e+02, 1.203751e+02
1.000000e+02, 1.194386e+02
1.000000e+02, 1.185148e+02
1.000000e+02, 1.176033e+02
1.000000e+02, 1.167038e+02
1.000000e+02, 1.158158e+02
1.000000e+02, 1.149389e+02
1.000000e+02, 1.140729e+02
1.000000e+02, 1.132174e+02
1.000000e+02, 1.123721e+02
1.000000e+02, 1.115367e+02
1.000000e+02, 1.107109e+02
1.000000e+02, 1.098945e+02
1.000000e+02, 1.090872e+02
1.000000e+02, 1.082888e+02
1.000000e+02, 1.074991e+02
1.000000e+02, 1.067177e+02
1.000000e+02, 1.059446e+02
1.000000e+02, 1.051795e+02
1.000000e+02, 1.044222e+02
1.000000e+02, 1.036725e+02
1.000000e+02, 1.029303e+02
1.000000e+02, 1.021954e+02
1.000000e+02, 1.014677e+02
1.000000e+02, 1.007468e+02
1.000000e+02, 1.000329e+02
1.000000e+02, 9.932555e+01
1.000000e+02, 9.862478e+01
1.000000e+02, 9.793041e+01
1.000000e+02, 9.724231e+01
1.000000e+02, 9.656035e+01
1.000000e+02, 9.588443e+01
1.000000e+02, 9.521441e+01
1.000000e+02, 9.455019e+01
1.000000e+02, 9.389165e+01
1.000000e+02, 9.323870e+01
1.000000e+02, 9.259123e+01
1.000000e+02, 9.194915e+01
1.000000e+02, 9.131235e+01
1.000000e+02, 9.068075e+01
1.000000e+02, 9.005425e+01
1.000000e+02, 8.943277e+01
1.000000e+02, 8.881622e+01
1.000000e+02, 8.820453e+01
1.000000e+02, 8.759762e+01
1.000000e+02, 8.699540e+01
1.000000e+02, 8.639780e+01
1.000000e+02, 8.580475e+01
1.000000e+02, 8.521619e+01
1.000000e+02, 8.463203e+01
1.000000e+02, 8.405222e+01
1.000000e+02, 8.347668e+01
1.000000e+02, 8.290537e+01
1.000000e+02, 8.233821e+01
1.000000e+02, 8.177514e+01
1.000000e+02, 8.121612e+01
1.000000e+02, 8.066107e+01
1.000000e+02, 8.010995e+01
1.000000e+02, 7.956270e+01
1.000000e+02, 7.901927e+01
1.000000e+02, 7.847960e+01
1.000000e+02, 7.794366e+01
1.000000e+02, 7.741138e+01
1.000000e+02, 7.688273e+01
1.000000e+02, 7.635765e+01
1.000000e+02, 7.583610e+01
1.000000e+02, 7.531803e+01
1.000000e+02, 7.480341e+01
1.000000e+02, 7.429219e+01
1.000000e+02, 7.378433e+01
1.000000e+02, 7.327978e+01
1.000000e+02, 7.277852e+01
1.000000e+02, 7.228049e+01
1.000000e+02, 7.178567e+01
1.000000e+02, 7.129401e+01
1.000000e+02, 7.080548e+01
1.000000e+02, 7.032005e+01
1.000000e+02, 6.983768e+01
1.000000e+02, 6.935833e+01
1.000000e+02, 6.888198e+01
1.000000e+02, 6.840858e+01
1.000000e+02, 6.793812e+01
1.000000e+02, 6.747055e+01
1.000000e+02, 6.700584e+01
1.000000e+02, 6.654398e+01
1.000000e+02, 6.608492e+01
1.000000e+02, 6.562864e+01
1.000000e+02, 6.517511e+01
1.000000e+02, 6.472431e+01
1.000000e+02, 6.427620e+01
1.000000e+02, 6.383076e+01
1.000000e+02, 6.338796e+01
1.000000e+02, 6.294778e+01
1.000000e+02, 6.251019e+01
1.000000e+02, 6.207517e+01
1.000000e+02, 6.164269e+01
1.000000e+02, 6.121273e+01
1.000000e+02, 6.078527e+01
1.000000e+02, 6.036028e+01
1.000000e+02, 5.993774e+01
1.000000e+02, 5.951764e+01
1.000000e+02, 5.909994e+01
1.000000e+02, 5.868462e+01
1.000000e+02, 5.827167e+01
1.000000e+02, 5.786106e+01
1.000000e+02, 5.745278e+01
1.000000e+02, 5.704680e+01
1.000000e+02, 5.664311e+01
1.000000e+02, 5.624168e+01
1.000000e+02, 5.584250e+01
1.000000e+02, 5.544554e+01
1.000000e+02, 5.505080e+01
1.000000e+02, 5.465825e+01
1.000000e+02, 5.426787e+01
1.000000e+02, 5.387964e+01
1.000000e+02, 5.349356e+01
1.000000e+02, 5.310960e+01
1.000000e+02, 5.272774e+01
1.000000e+02, 5.234798e+01
1.000000e+02, 5.197028e+01
1.000000e+02, 5.159465e+01
1.000000e+02, 5.122106e+01
1.000000e+02, 5.084949e+01
1.000000e+02, 5.047993e+01
1.000000e+02, 5.011238e+01
1.000000e+02, 4.974680e+01
1.000000e+02, 4.938319e+01
1.000000e+02, 4.902154e+01
1.000000e+02, 4.866182e+01
1.000000e+02, 4.830403e+01
1.000000e+02, 4.794815e+01
1.000000e+02, 4.759417e+01
1.000000e+02, 4.724208e+01
1.000000e+02, 4.689186e+01
1.000000e+02, 4.654350e+01
1.000000e+02, 4.619698e+01
1.000000e+02, 4.585230e+01
1.000000e+02, 4.550944e+01
1.000000e+02, 4.516840e+01
1.000000e+02, 4.482915e+01
1.000000e+02, 4.449168e+01
1.000000e+02, 4.415600e+01
1.000000e+02, 4.382207e+01
1.000000e+02, 4.348990e+01
1.000000e+02, 4.315947e+01
1.000000e+02, 4.283077e+01
1.000000e+02, 4.250379e+01
1.000000e+02, 4.217851e+01
1.000000e+02, 4.185494e+01
1.000000e+02, 4.153305e+01
1.000000e+02, 4.121284e+01
1.000000e+02, 4.089430e+01
1.000000e+02, 4.057742e+01
1.000000e+02, 4.026218e+01
1.000000e+02, 3.994858e+01
1.000000e+02, 3.963661e+01
1.000000e+02, 3.932625e+01
1.000000e+02, 3.901751e+01
1.000000e+02, 3.871036e+01
1.000000e+02, 3.840481e+01
1.000000e+02, 3.810084e+01
1.000000e+02, 3.779844e+01
1.000000e+02, 3.749761e+01
1.000000e+02, 3.719833e+01
1.000000e+02, 3.690060e+01
1.000000e+02, 3.660441e+01
1.000000e+02, 3.630974e+01
1.000000e+02, 3.601660e+01
1.000000e+02, 3.572498e+01
1.000000e+02, 3.543486e+01
1.000000e+02, 3.514623e+01
1.000000e+02, 3.485910e+01
1.000000e+02, 3.457345e+01
1.000000e+02, 3.428927e+01
1.000000e+02, 3.400656e+01
1.000000e+02, 3.372531e+01
1.000000e+02, 3.344552e+01
1.000000e+02, 3.316716e+01
1.000000e+02, 3.289025e+01
1.000000e+02, 3.261476e+01
1.000000e+02, 3.234070e+01
1.000000e+02, 3.206806e+01
1.000000e+02, 3.179682e+01
1.000000e+02, 3.152699e+01
1.000000e+02, 3.125856e+01
1.000000e+02, 3.099151e+01
1.000000e+02, 3.072585e+01
1.000000e+02, 3.046156e+01
1.000000e+02, 3.019864e+01
1.000000e+02, 2.993709e+01
1.000000e+02, 2.967689e+01
1.000000e+02, 2.941805e+01
1.000000e+02, 2.916055e+01
1.000000e+02, 2.890438e+01
1.000000e+02, 2.864955e+01
1.000000e+02, 2.839605e+01
1.000000e+02, 2.814387e+01
1.000000e+02, 2.789301e+01
1.000000e+02, 2.764345e+01
1.000000e+02, 2.739520e+01
1.000000e+02, 2.714825e+01
1.000000e+02, 2.690258e+01
1.000000e+02, 2.665821e+01
1.000000e+02, 2.641512e+01
1.000000e+02, 2.617330e+01
1.000000e+02, 2.593276e+01
1.000000e+02, 2.569348e+01
1.000000e+02, 2.545546e+01
1.000000e+02, 2.521870e+01
1.000000e+02, 2.498319e+01
1.000000e+02, 2.474892e+01
1.000000e+02, 2.451589e+01
1.000000e+02, 2.428410e+01
1.000000e+02, 2.405354e+01
1.000000e+02, 2.382421e+01
1.000000e+02, 2.359609e+01
1.000000e+02, 2.336919e+01
1.000000e+02, 2.314351e+01
1.000000e+02, 2.291903e+01
1.000000e+02, 2.269575e+01
1.000000e+02, 2.247367e+01
1.000000e+02, 2.225279e+01
1.000000e+02, 2.203309e+01
1.000000e+02, 2.181458e+01
1.000000e+02, 2.159724e+01
1.000000e+02, 2.138109e+01
1.000000e+02, 2.116610e+01
1.000000e+02, 2.095228e+01
1.000000e+02, 2.073963e+01
1.000000e+02, 2.052813e+01
1.000000e+02, 2.031779e+01
1.000000e+02, 2.010860e+01
1.000000e+02, 1.990056e+01
1.000000e+02, 1.969366e+01
1.000000e+02, 1.948790e+01
1.000000e+02, 1.928327e+01
1.000000e+02, 1.907978e+01
1.000000e+02, 1.887741e+01
1.000000e+02, 1.867616e+01
1.000000e+02, 1.847604e+01
1.000000e+02, 1.827703e+01
1.000000e+02, 1.807914e+01
1.000000e+02, 1.788235e+01
1.000000e+02, 1.768667e+01
1.000000e+02, 1.749209e+01
1.000000e+02, 1.729861e+01
1.000000e+02, 1.710622e+01
1.000000e+02, 1.691493e+01
1.000000e+02, 1.672472e+01
1.000000e+02, 1.653560e+01
1.000000e+02, 1.634756e+01
1.000000e+02, 1.616059e+01
1.000000e+02, 1.597471e+01
1.000000e+02, 1.578989e+01
1.000000e+02, 1.560614e+01
1.000000e+02, 1.542346e+01
1.000000e+02, 1.524183e+01
1.000000e+02, 1.506127e+01
1.000000e+02, 1.488176e+01
1.000000e+02, 1.470330e+01
1.000000e+02, 1.452590e+01
1.000000e+02, 1.434954e+01
1.000000e+02, 1.417422e+01
1.000000e+02, 1.399995e+01
1.000000e+02, 1.382671e+01
1.000000e+02, 1.365450e+01
1.000000e+02, 1.348333e+01
1.000000e+02, 1.331319e+01
1.000000e+02, 1.314407e+01
1.000000e+02, 1.297598e+01
1.000000e+02, 1.280891e+01
1.000000e+02, 1.264285e+01
1.000000e+02, 1.247781e+01
1.000000e+02, 1.231378e+01
1.000000e+02, 1.215077e+01
1.000000e+02, 1.198876e+01
1.000000e+02, 1.182775e+01
1.000000e+02, 1.166775e+01
1.000000e+02, 1.150875e+01
1.000000e+02, 1.135074e+01
1.000000e+02, 1.119373e+01
1.000000e+02, 1.103771e+01
1.000000e+02, 1.088268e+01
1.000000e+02, 1.072863e+01
1.000000e+02, 1.057558e+01
1.000000e+02, 1.042350e+01
1.000000e+02, 1.027240e+01
1.000000e+02, 1.012228e+01
1.000000e+02, 9.973141e+00
1.000000e+02, 9.824971e+00
1.000000e+02, 9.677772e+00
1.000000e+02, 9.531541e+00
1.000000e+02, 9.386276e+00
1.000000e+02, 9.241976e+00
1.000000e+02, 9.098637e+00
1.000000e+02, 8.956258e+00
1.000000e+02, 8.814837e+00
1.000000e+02, 8.674371e+00
1.000000e+02, 8.534859e+00
1.000000e+02, 8.396298e+00
1.000000e+02, 8.258686e+00
1.000000e+02, 8.122022e+00
1.000000e+02, 7.986302e+00
1.000000e+02, 7.851526e+00
1.000000e+02, 7.717691e+00
1.000000e+02, 7.584795e+00
1.000000e+02, 7.452836e+00
1.000000e+02, 7.321813e+00
1.000000e+02, 7.191723e+00
1.000000e+02, 7.062565e+00
1.000000e+02, 6.934336e+00
1.000000e+02, 6.807036e+00
1.000000e+02, 6.680661e+00
1.000000e+02, 6.555210e+00
1.000000e+02, 6.430682e+00
1.000000e+02, 6.307075e+00
1.000000e+02, 6.184386e+00
1.000000e+02, 6.062614e+00
1.000000e+02, 5.941758e+00
1.000000e+02, 5.821816e+00
1.000000e+02, 5.702785e+00
1.000000e+02, 5.584665e+00
1.000000e+02, 5.467454e+00
1.000000e+02, 5.351149e+00
1.000000e+02, 5.235750e+00
1.000000e+02, 5.121255e+00
1.000000e+02, 5.007662e+00
1.000000e+02, 4.894969e+00
1.000000e+02, 4.783176e+00
1.000000e+02, 4.672280e+00
1.000000e+02, 4.562280e+00
1.000000e+02, 4.453175e+00
1.000000e+02, 4.344962e+00
1.000000e+02, 4.237641e+00
1.000000e+02, 4.131210e+00
1.000000e+02, 4.025668e+00
1.000000e+02, 3.921013e+00
1.000000e+02, 3.817244e+00
1.000000e+02, 3.714358e+00
1.000000e+02, 3.612356e+00
1.000000e+02, 3.511236e+00
1.000000e+02, 3.410995e+00
1.000000e+02, 3.311634e+00
1.000000e+02, 3.213150e+00
1.000000e+02, 3.115542e+00
1.000000e+02, 3.018809e+00
1.000000e+02, 2.922950e+00
1.000000e+02, 2.827963e+00
1.000000e+02, 2.733848e+00
1.000000e+02, 2.640602e+00
1.000000e+02, 2.548224e+00
1.000000e+02, 2.456714e+00
1.000000e+02, 2.366071e+00
1.000000e+02, 2.276292e+00
1.000000e+02, 2.187377e+00
1.000000e+02, 2.099325e+00
1.000000e+02, 2.012134e+00
1.000000e+02, 1.925804e+00
1.000000e+02, 1.840333e+00
1.000000e+02, 1.755720e+00
1.000000e+02, 1.671964e+00
1.000000e+02, 1.589064e+00
1.000000e+02, 1.507019e+00
1.000000e+02, 1.425828e+00
1.000000e+02, 1.345490e+00
1.000000e+02, 1.266003e+00
1.000000e+02, 1.187367e+00
1.000000e+02, 1.109581e+00
1.000000e+02, 1.032643e+00
1.000000e+02, 9.565534e-01
1.000000e+02, 8.813104e-01
1.000000e+02, 8.069132e-01
1.000000e+02, 7.333608e-01
1.000000e+02, 6.606524e-01
1.000000e+02, 5.887870e-01
1.000000e+02, 5.177636e-01
1.000000e+02, 4.475815e-01
1.000000e+02, 3.782397e-01
1.000000e+02, 3.097373e-01
1.000000e+02, 2.420734e-01
1.000000e+02, 1.752473e-01
1.000000e+02, 1.092581e-01
1.000000e+02, 4.410486e-02
1.000000e+02, 3.599798e+02
1.000000e+02, 3.599163e+02
1.000000e+02, 3.598537e+02
1.000000e+02, 3.597918e+02
1.000000e+02, 3.597309e+02
1.000000e+02, 3.596707e+02
1.000000e+02, 3.596114e+02
1.000000e+02, 3.595529e+02
1.000000e+02, 3.594952e+02
1.000000e+02, 3.594384e+02
1.000000e+02, 3.593824e+02
1.000000e+02, 3.593272e+02
1.000000e+02, 3.592728e+02
1.000000e+02, 3.592193e+02
1.000000e+02, 3.591666e+02
1.000000e+02, 3.591147e+02
1.000000e+02, 3.590637e+02
1.000000e+02, 3.590134e+02
1.000000e+02, 3.589640e+02
1.000000e+02, 3.589154e+02
1.000000e+02, 3.588677e+02
1.000000e+02, 3.588207e+02
1.000000e+02, 3.587746e+02
1.000000e+02, 3.587293e+02
1.000000e+02, 3.586848e+02
1.000000e+02, 3.586411e+02
1.000000e+02, 3.585983e+02
1.000000e+02, 3.585562e+02
1.000000e+02, 3.585150e+02
1.000000e+02, 3.584746e+02
1.000000e+02, 3.584350e+02
1.000000e+02, 3.583963e+02
1.000000e+02, 3.583583e+02
1.000000e+02, 3.583212e+02
1.000000e+02, 3.582848e+02
1.000000e+02, 3.582493e+02
1.000000e+02, 3.582146e+02
1.000000e+02, 3.581807e+02
1.000000e+02, 3.581477e+02
1.000000e+02, 3.581154e+02
1.000000e+02, 3.580840e+02
1.000000e+02, 3.580533e+02
1.000000e+02, 3.580235e+02
1.000000e+02, 3.579945e+02
1.000000e+02, 3.579663e+02
1.000000e+02, 3.579389e+02
1.000000e+02, 3.579123e+02
1.000000e+02, 3.578865e+02
1.000000e+02, 3.578615e+02
1.000000e+02, 3.578374e+02
1.000000e+02, 3.578140e+02
1.000000e+02, 3.577915e+02
1.000000e+02, 3.577697e+02
1.000000e+02, 3.577488e+02
1.000000e+02, 3.577287e+02
1.000000e+02, 3.577093e+02
1.000000e+02, 3.576908e+02
1.000000e+02, 3.576731e+02
1.000000e+02, 3.576562e+02
1.000000e+02, 3.576401e+02
1.000000e+02, 3.576248e+02
1.000000e+02, 3.576104e+02
1.000000e+02, 3.575967e+02
1.000000e+02, 3.575838e+02
1.000000e+02, 3.575718e+02
1.000000e+02, 3.575605e+02
1.000000e+02, 3.575500e+02
1.000000e+02, 3.575404e+02
1.000000e+02, 3.575315e+02
1.000000e+02, 3.575235e+02
1.000000e+02, 3.575163e+02
1.000000e+02, 3.575098e+02
1.000000e+02, 3.575042e+02
1.000000e+02, 3.574994e+02
1.000000e+02, 3.574954e+02
1.000000e+02, 3.574921e+02
1.000000e+02, 3.574897e+02
1.000000e+02, 3.574881e+02
1.000000e+02, 3.574873e+02
1.000000e+02, 3.574873e+02
1.000000e+02, 3.574881e+02
1.000000e+02, 3.574897e+02
1.000000e+02, 3.574921e+02
1.000000e+02, 3.574954e+02
1.000000e+02, 3.574994e+02
1.000000e+02, 3.575042e+02
1.000000e+02, 3.575098e+02
1.000000e+02, 3.575163e+02
1.000000e+02, 3.575235e+02
1.000000e+02, 3.575315e+02
1.000000e+02, 3.575404e+02
1.000000e+02, 3.575500e+02
1.000000e+02, 3.575605e+02
1.000000e+02, 3.575718e+02
1.000000e+02, 3.575838e+02
1.000000e+02, 3.575967e+02
1.000000e+02, 3.576104e+02
1.000000e+02, 3.576248e+02
1.000000e+02, 3.576401e+02
1.000000e+02, 3.576562e+02
1.000000e+02, 3.576731e+02
1.000000e+02, 3.576908e+02
1.000000e+02, 3.577093e+02
1.000000e+02, 3.577287e+02
1.000000e+02, 3.577488e+02
1.000000e+02, 3.577697e+02
1.000000e+02, 3.577915e+02
1.000000e+02, 3.578140e+02
1.000000e+02, 3.578374e+02
1.000000e+02, 3.578615e+02
1.000000e+02, 3.578865e+02
1.000000e+02, 3.579123e+02
1.000000e+02, 3.579389e+02
1.000000e+02, 3.579663e+02
1.000000e+02, 3.579945e+02
1.000000e+02, 3.580235e+02
1.000000e+02, 3.580533e+02
1.000000e+02, 3.580840e+02
1.000000e+02, 3.581154e+02
1.000000e+02, 3.581477e+02
1.000000e+02, 3.581807e+02
1.000000e+02, 3.582146e+02
1.000000e+02, 3.582493e+02
1.000000e+02, 3.582848e+02
1.000000e+02, 3.583212e+02
1.000000e+02, 3.583583e+02
1.000000e+02, 3.583963e+02
1.000000e+02, 3.584350e+02
1.000000e+02, 3.584746e+02
1.000000e+02, 3.585150e+02
1.000000e+02, 3.585562e+02
1.000000e+02, 3.585983e+02
1.000000e+02, 3.586411e+02
1.000000e+02, 3.586848e+02
1.000000e+02, 3.587293e+02
1.000000e+02, 3.587746e+02
1.000000e+02, 3.588207e+02
1.000000e+02, 3.588677e+02
1.000000e+02, 3.589154e+02
1.000000e+02, 3.589640e+02
1.000000e+02, 3.590134e+02
1.000000e+02, 3.590637e+02
1.000000e+02, 3.591147e+02
1.000000e+02, 3.591666e+02
1.000000e+02, 3.592193e+02
1.000000e+02, 3.592728e+02
1.000000e+02, 3.593272e+02
1.000000e+02, 3.593824e+02
1.000000e+02, 3.594384e+02
1.000000e+02, 3.594952e+02
1.000000e+02, 3.595529e+02
1.000000e+02, 3.596114e+02
1.000000e+02, 3.596707e+02
1.000000e+02, 3.597309e+02
1.000000e+02, 3.597918e+02
1.000000e+02, 3.598537e+02
1.000000e+02, 3.599163e+02
1.000000e+02, 3.599798e+02
1.000000e+02, 4.410518e-02
1.000000e+02, 1.092584e-01
1.000000e+02, 1.752476e-01
1.000000e+02, 2.420737e-01
1.000000e+02, 3.097376e-01
1.000000e+02, 3.782400e-01
1.000000e+02, 4.475818e-01
1.000000e+02, 5.177640e-01
1.000000e+02, 5.887873e-01
1.000000e+02, 6.606527e-01
1.000000e+02, 7.333612e-01
1.000000e+02, 8.069135e-01
1.000000e+02, 8.813107e-01
1.000000e+02, 9.565537e-01
1.000000e+02, 1.032644e+00
1.000000e+02, 1.109581e+00
1.000000e+02, 1.187367e+00
1.000000e+02, 1.266003e+00
1.000000e+02, 1.345490e+00
1.000000e+02, 1.425828e+00
1.000000e+02, 1.507020e+00
1.000000e+02, 1.589065e+00
1.000000e+02, 1.671965e+00
1.000000e+02, 1.755720e+00
1.000000e+02, 1.840333e+00
1.000000e+02, 1.925804e+00
1.000000e+02, 2.012135e+00
1.000000e+02, 2.099325e+00
1.000000e+02, 2.187378e+00
1.000000e+02, 2.276292e+00
1.000000e+02, 2.366071e+00
1.000000e+02, 2.456715e+00
1.000000e+02, 2.548225e+00
1.000000e+02, 2.640602e+00
1.000000e+02, 2.733848e+00
1.000000e+02, 2.827964e+00
1.000000e+02, 2.922951e+00
1.000000e+02, 3.018810e+00
1.000000e+02, 3.115543e+00
1.000000e+02, 3.213150e+00
1.000000e+02, 3.311634e+00
1.000000e+02, 3.410996e+00
1.000000e+02, 3.511236e+00
1.000000e+02, 3.612357e+00
1.000000e+02, 3.714359e+00
1.000000e+02, 3.817244e+00
1.000000e+02, 3.921013e+00
1.000000e+02, 4.025669e+00
1.000000e+02, 4.131211e+00
1.000000e+02, 4.237642e+00
1.000000e+02, 4.344963e+00
1.000000e+02, 4.453175e+00
1.000000e+02, 4.562281e+00
1.000000e+02, 4.672281e+00
1.000000e+02, 4.783176e+00
1.000000e+02, 4.894970e+00
1.000000e+02, 5.007662e+00
1.000000e+02, 5.121255e+00
1.000000e+02, 5.235751e+00
1.000000e+02, 5.351150e+00
1.000000e+02, 5.467454e+00
1.000000e+02, 5.584666e+00
1.000000e+02, 5.702786e+00
1.000000e+02, 5.821816e+00
1.000000e+02, 5.941759e+00
1.000000e+02, 6.062615e+00
1.000000e+02, 6.184387e+00
1.000000e+02, 6.307075e+00
1.000000e+02, 6.430683e+00
1.000000e+02, 6.555211e+00
1.000000e+02, 6.680661e+00
1.000000e+02, 6.807036e+00
1.000000e+02, 6.934337e+00
1.000000e+02, 7.062565e+00
1.000000e+02, 7.191724e+00
1.000000e+02, 7.321814e+00
1.000000e+02, 7.452837e+00
1.000000e+02, 7.584795e+00
1.000000e+02, 7.717691e+00
1.000000e+02, 7.851526e+00
1.000000e+02, 7.986303e+00
1.000000e+02, 8.122022e+00
1.000000e+02, 8.258687e+00
1.000000e+02, 8.396299e+00
1.000000e+02, 8.534860e+00
1.000000e+02, 8.674372e+00
1.000000e+02, 8.814838e+00
1.000000e+02, 8.956259e+00
1.000000e+02, 9.098638e+00
1.000000e+02, 9.241976e+00
1.000000e+02, 9.386277e+00
1.000000e+02, 9.531541e+00
1.000000e+02, 9.677772e+00
1.000000e+02, 9.824972e+00
1.000000e+02, 9.973142e+00
1.000000e+02, 1.012228e+01
1.000000e+02, 1.027240e+01
1.000000e+02, 1.042350e+01
1.000000e+02, 1.057558e+01
1.000000e+02, 1.072863e+01
1.000000e+02, 1.088268e+01
1.000000e+02, 1.103771e+01
1.000000e+02, 1.119373e+01
1.000000e+02, 1.135074e+01
1.000000e+02, 1.150875e+01
1.000000e+02, 1.166775e+01
1.000000e+02, 1.182775e+01
1.000000e+02, 1.198876e+01
1.000000e+02, 1.215077e+01
1.000000e+02, 1.231379e+01
1.000000e+02, 1.247781e+01
1.000000e+02, 1.264285e+01
1.000000e+02, 1.280891e+01
1.000000e+02, 1.297598e+01
1.000000e+02, 1.314407e+01
1.000000e+02, 1.331319e+01
1.000000e+02, 1.348333e+01
1.000000e+02, 1.365450e+01
1.000000e+02, 1.382671e+01
1.000000e+02, 1.399995e+01
1.000000e+02, 1.417422e+01
1.000000e+02, 1.434954e+01
1.000000e+02, 1.452590e+01
1.000000e+02, 1.470331e+01
1.000000e+02, 1.488176e+01
1.000000e+02, 1.506127e+01
1.000000e+02, 1.524183e+01
1.000000e+02, 1.542346e+01
1.000000e+02, 1.560614e+01
1.000000e+02, 1.578989e+01
1.000000e+02, 1.597471e+01
1.000000e+02, 1.616060e+01
1.000000e+02, 1.634756e+01
1.000000e+02, 1.653560e+01
1.000000e+02, 1.672472e+01
1.000000e+02, 1.691493e+01
1.000000e+02, 1.710622e+01
1.000000e+02, 1.729861e+01
1.000000e+02, 1.749209e+01
1.000000e+02, 1.768667e+01
1.000000e+02, 1.788235e+01
1.000000e+02, 1.807914e+01
1.000000e+02, 1.827703e+01
1.000000e+02, 1.847604e+01
1.000000e+02, 1.867616e+01
1.000000e+02, 1.887741e+01
1.000000e+02, 1.907978e+01
1.000000e+02, 1.928327e+01
1.000000e+02, 1.948790e+01
1.000000e+02, 1.969366e+01
1.000000e+02, 1.990056e+01
1.000000e+02, 2.010860e+01
1.000000e+02, 2.031779e+01
1.000000e+02, 2.052813e+01
1.000000e+02, 2.073963e+01
1.000000e+02, 2.095228e+01
1.000000e+02, 2.116610e+01
1.000000e+02, 2.138109e+01
1.000000e+02, 2.159724e+01
1.000000e+02, 2.181458e+01
1.000000e+02, 2.203309e+01
1.000000e+02, 2.225279e+01
1.000000e+02, 2.247367e+01
1.000000e+02, 2.269575e+01
1.000000e+02, 2.291903e+01
1.000000e+02, 2.314351e+01
1.000000e+02, 2.336919e+01
1.000000e+02, 2.359609e+01
1.000000e+02, 2.382421e+01
1.000000e+02, 2.405354e+01
1.000000e+02, 2.428410e+01
1.000000e+02, 2.451589e+01
1.000000e+02, 2.474892e+01
1.000000e+02, 2.498319e+01
1.000000e+02, 2.521870e+01
1.000000e+02, 2.545546e+01
1.000000e+02, 2.569348e+01
1.000000e+02, 2.593276e+01
1.000000e+02, 2.617330e+01
1.000000e+02, 2.641512e+01
1.000000e+02, 2.665821e+01
1.000000e+02, 2.690259e+01
1.000000e+02, 2.714825e+01
1.000000e+02, 2.739520e+01
1.000000e+02, 2.764345e+01
1.000000e+02, 2.789301e+01
1.000000e+02, 2.814387e+01
1.000000e+02, 2.839605e+01
1.000000e+02, 2.864956e+01
1.000000e+02, 2.890438e+01
1.000000e+02, 2.916055e+01
1.000000e+02, 2.941805e+01
1.000000e+02, 2.967689e+01
1.000000e+02, 2.993709e+01
1.000000e+02, 3.019864e+01
1.000000e+02, 3.046156e+01
1.000000e+02, 3.072585e+01
1.000000e+02, 3.099151e+01
1.000000e+02, 3.125856e+01
1.000000e+02, 3.152699e+01
1.000000e+02, 3.179683e+01
1.000000e+02, 3.206806e+01
1.000000e+02, 3.234071e+01
1.000000e+02, 3.261477e+01
1.000000e+02, 3.289025e+01
1.000000e+02, 3.316717e+01
1.000000e+02, 3.344552e+01
1.000000e+02, 3.372532e+01
1.000000e+02, 3.400656e+01
1.000000e+02, 3.428927e+01
1.000000e+02, 3.457345e+01
1.000000e+02, 3.485910e+01
1.000000e+02, 3.514623e+01
1.000000e+02, 3.543486e+01
1.000000e+02, 3.572498e+01
1.000000e+02, 3.601660e+01
1.000000e+02, 3.630974e+01
1.000000e+02, 3.660441e+01
1.000000e+02, 3.690060e+01
1.000000e+02, 3.719833e+01
1.000000e+02, 3.749761e+01
1.000000e+02, 3.779844e+01
1.000000e+02, 3.810084e+01
1.000000e+02, 3.840481e+01
1.000000e+02, 3.871037e+01
1.000000e+02, 3.901751e+01
1.000000e+02, 3.932625e+01
1.000000e+02, 3.963661e+01
1.000000e+02, 3.994858e+01
1.000000e+02, 4.026218e+01
1.000000e+02, 4.057742e+01
1.000000e+02, 4.089430e+01
1.000000e+02, 4.121284e+01
1.000000e+02, 4.153305e+01
1.000000e+02, 4.185494e+01
1.000000e+02, 4.217852e+01
1.000000e+02, 4.250379e+01
1.000000e+02, 4.283077e+01
1.000000e+02, 4.315947e+01
1.000000e+02, 4.348990e+01
1.000000e+02, 4.382207e+01
1.000000e+02, 4.415600e+01
1.000000e+02, 4.449169e+01
1.000000e+02, 4.482915e+01
1.000000e+02, 4.516840e+01
1.000000e+02, 4.550945e+01
1.000000e+02, 4.585230e+01
1.000000e+02, 4.619698e+01
1.000000e+02, 4.654350e+01
1.000000e+02, 4.689186e+01
1.000000e+02, 4.724208e+01
1.000000e+02, 4.759417e+01
1.000000e+02, 4.794815e+01
1.000000e+02, 4.830403e+01
1.000000e+02, 4.866182e+01
1.000000e+02, 4.902154e+01
1.000000e+02, 4.938319e+01
1.000000e+02, 4.974680e+01
1.000000e+02, 5.011238e+01
1.000000e+02, 5.047994e+01
1.000000e+02, 5.084949e+01
1.000000e+02, 5.122106e+01
1.000000e+02, 5.159465e+01
1.000000e+02, 5.197029e+01
1.000000e+02, 5.234798e+01
1.000000e+02, 5.272774e+01
1.000000e+02, 5.310960e+01
1.000000e+02, 5.349356e+01
1.000000e+02, 5.387965e+01
1.000000e+02, 5.426787e+01
1.000000e+02, 5.465825e+01
1.000000e+02, 5.505080e+01
1.000000e+02, 5.544555e+01
1.000000e+02, 5.584250e+01
1.000000e+02, 5.624168e+01
1.000000e+02, 5.664311e+01
1.000000e+02, 5.704680e+01
1.000000e+02, 5.745278e+01
1.000000e+02, 5.786106e+01
1.000000e+02, 5.827167e+01
1.000000e+02, 5.868462e+01
1.000000e+02, 5.909994e+01
1.000000e+02, 5.951764e+01
1.000000e+02, 5.993775e+01
1.000000e+02, 6.036028e+01
1.000000e+02, 6.078527e+01
1.000000e+02, 6.121273e+01
1.000000e+02, 6.164269e+01
1.000000e+02, 6.207517e+01
1.000000e+02, 6.251019e+01
1.000000e+02, 6.294778e+01
1.000000e+02, 6.338796e+01
1.000000e+02, 6.383076e+01
1.000000e+02, 6.427620e+01
1.000000e+02, 6.472431e+01
1.000000e+02, 6.517511e+01
1.000000e+02, 6.562864e+01
1.000000e+02, 6.608492e+01
1.000000e+02, 6.654398e+01
1.000000e+02, 6.700585e+01
1.000000e+02, 6.747055e+01
1.000000e+02, 6.793812e+01
1.000000e+02, 6.840858e+01
1.000000e+02, 6.888198e+01
1.000000e+02, 6.935833e+01
1.000000e+02, 6.983768e+01
1.000000e+02, 7.032005e+01
1.000000e+02, 7.080549e+01
1.000000e+02, 7.129401e+01
1.000000e+02, 7.178567e+01
1.000000e+02, 7.228049e+01
1.000000e+02, 7.277852e+01
1.000000e+02, 7.327978e+01
1.000000e+02, 7.378433e+01
1.000000e+02, 7.429219e+01
1.000000e+02, 7.480341e+01
1.000000e+02, 7.531804e+01
1.000000e+02, 7.583610e+01
1.000000e+02, 7.635765e+01
1.000000e+02, 7.688273e+01
1.000000e+02, 7.741138e+01
1.000000e+02, 7.794366e+01
1.000000e+02, 7.847961e+01
1.000000e+02, 7.901927e+01
1.000000e+02, 7.956270e+01
1.000000e+02, 8.010995e+01
1.000000e+02, 8.066107e+01
1.000000e+02, 8.121612e+01
1.000000e+02, 8.177515e+01
1.000000e+02, 8.233821e+01
1.000000e+02, 8.290537e+01
1.000000e+02, 8.347669e+01
1.000000e+02, 8.405222e+01
1.000000e+02, 8.463203e+01
1.000000e+02, 8.521619e+01
1.000000e+02, 8.580475e+01
1.000000e+02, 8.639780e+01
1.000000e+02, 8.699540e+01
1.000000e+02, 8.759762e+01
1.000000e+02, 8.820453e+01
1.000000e+02, 8.881623e+01
1.000000e+02, 8.943277e+01
1.000000e+02, 9.005425e+01
1.000000e+02, 9.068075e+01
1.000000e+02, 9.131235e+01
1.000000e+02, 9.194915e+01
1.000000e+02, 9.259124e+01
1.000000e+02, 9.323871e+01
1.000000e+02, 9.389166e+01
1.000000e+02, 9.455019e+01
1.000000e+02, 9.521441e+01
1.000000e+02, 9.588443e+01
1.000000e+02, 9.656036e+01
1.000000e+02, 9.724231e+01
1.000000e+02, 9.793041e+01
1.000000e+02, 9.862478e+01
1.000000e+02, 9.932556e+01
1.000000e+02, 1.000329e+02
1.000000e+02, 1.007469e+02
1.000000e+02, 1.014677e+02
1.000000e+02, 1.021954e+02
1.000000e+02, 1.029303e+02
1.000000e+02, 1.036725e+02
1.000000e+02, 1.044222e+02
1.000000e+02, 1.051795e+02
1.000000e+02, 1.059446e+02
1.000000e+02, 1.067177e+02
1.000000e+02, 1.074991e+02
1.000000e+02, 1.082888e+02
1.000000e+02, 1.090873e+02
1.000000e+02, 1.098945e+02
1.000000e+02, 1.107109e+02
1.000000e+02, 1.115367e+02
1.000000e+02, 1.123721e+02
1.000000e+02, 1.132174e+02
1.000000e+02, 1.140729e+02
1.000000e+02, 1.149389e+02
1.000000e+02, 1.158158e+02
1.000000e+02, 1.167038e+02
1.000000e+02, 1.176033e+02
1.000000e+02, 1.185148e+02
1.000000e+02, 1.194386e+02
1.000000e+02, 1.203751e+02
1.000000e+02, 1.213249e+02
1.000000e+02, 1.222883e+02
1.000000e+02, 1.232659e+02
1.000000e+02, 1.242583e+02
1.000000e+02, 1.252660e+02
1.000000e+02, 1.262897e+02
1.000000e+02, 1.273300e+02
1.000000e+02, 1.283877e+02
1.000000e+02, 1.294636e+02
1.000000e+02, 1.305584e+02
1.000000e+02, 1.316731e+02
1.000000e+02, 1.328088e+02
1.000000e+02, 1.339664e+02
1.000000e+02, 1.351471e+02
1.000000e+02, 1.363522e+02
1.000000e+02, 1.375832e+02
1.000000e+02, 1.388416e+02
1.000000e+02, 1.401292e+02
1.000000e+02, 1.414478e+02
1.000000e+02, 1.427995e+02
1.000000e+02, 1.441869e+02
1.000000e+02, 1.456126e+02
1.000000e+02, 1.470797e+02
1.000000e+02, 1.485918e+02
1.000000e+02, 1.501529e+02
1.000000e+02, 1.517678e+02
1.000000e+02, 1.534422e+02
1.000000e+02, 1.551826e+02
1.000000e+02, 1.569971e+02
1.000000e+02, 1.588955e+02
1.000000e+02, 1.608900e+02
1.000000e+02, 1.629961e+02
1.000000e+02, 1.652343e+02
1.000000e+02, 1.676319e+02
1.000000e+02, 1.702277e+02
1.000000e+02, 1.730793e+02
1.000000e+02, 1.762799e+02
1.000000e+02, 1.800000e+02
##END= 