##TITLE= /opt/topspin3.0/exp/stan/nmr/lists/wave/user/HypSec_trunc2.84_110
##JCAMP-DX= 5.00 Bruker JCAMP library
##DATA TYPE= Shape Data
##ORIGIN= Bruker BioSpin GmbH
##OWNER= <nmrsu>
##DATE= 15/02/24
##TIME= 16:15:04
##MINX= 1.164538e+01
##MAXX= 9.999960e+01
##MINY= 2.546774e-02
##MAXY= 3.585574e+02
##$SHAPE_EXMODE= Adiabatic
##$SHAPE_TOTROT= 1.800000e+02
##$SHAPE_BWFAC= 1.929340e+02
##$SHAPE_INTEGFAC= 2.356110e-02
##$SHAPE_MODE= 0
##NPOINTS= 1000
##XYPOINTS= (XY..XY)
1.000000e+02, 1.800000e+02
1.000000e+02, 1.759809e+02
1.000000e+02, 1.725232e+02
1.000000e+02, 1.694424e+02
1.000000e+02, 1.666381e+02
1.000000e+02, 1.640478e+02
1.000000e+02, 1.616297e+02
1.000000e+02, 1.593543e+02
1.000000e+02, 1.571995e+02
1.000000e+02, 1.551486e+02
1.000000e+02, 1.531883e+02
1.000000e+02, 1.513081e+02
1.000000e+02, 1.494992e+02
1.000000e+02, 1.477545e+02
1.000000e+02, 1.460679e+02
1.000000e+02, 1.444343e+02
1.000000e+02, 1.428493e+02
1.000000e+02, 1.413090e+02
1.000000e+02, 1.398102e+02
1.000000e+02, 1.383498e+02
1.000000e+02, 1.369253e+02
1.000000e+02, 1.355343e+02
1.000000e+02, 1.341748e+02
1.000000e+02, 1.328448e+02
1.000000e+02, 1.315428e+02
1.000000e+02, 1.302672e+02
1.000000e+02, 1.290166e+02
1.000000e+02, 1.277897e+02
1.000000e+02, 1.265854e+02
1.000000e+02, 1.254026e+02
1.000000e+02, 1.242403e+02
1.000000e+02, 1.230976e+02
1.000000e+02, 1.219737e+02
1.000000e+02, 1.208678e+02
1.000000e+02, 1.197791e+02
1.000000e+02, 1.187069e+02
1.000000e+02, 1.176507e+02
1.000000e+02, 1.166099e+02
1.000000e+02, 1.155838e+02
1.000000e+02, 1.145720e+02
1.000000e+02, 1.135740e+02
1.000000e+02, 1.125893e+02
1.000000e+02, 1.116175e+02
1.000000e+02, 1.106581e+02
1.000000e+02, 1.097108e+02
1.000000e+02, 1.087752e+02
1.000000e+02, 1.078509e+02
1.000000e+02, 1.069377e+02
1.000000e+02, 1.060352e+02
1.000000e+02, 1.051431e+02
1.000000e+02, 1.042611e+02
1.000000e+02, 1.033889e+02
1.000000e+02, 1.025263e+02
1.000000e+02, 1.016731e+02
1.000000e+02, 1.008290e+02
1.000000e+02, 9.999372e+01
1.000000e+02, 9.916712e+01
1.000000e+02, 9.834897e+01
1.000000e+02, 9.753907e+01
1.000000e+02, 9.673724e+01
1.000000e+02, 9.594328e+01
1.000000e+02, 9.515702e+01
1.000000e+02, 9.437829e+01
1.000000e+02, 9.360693e+01
1.000000e+02, 9.284279e+01
1.000000e+02, 9.208570e+01
1.000000e+02, 9.133553e+01
1.000000e+02, 9.059214e+01
1.000000e+02, 8.985538e+01
1.000000e+02, 8.912514e+01
1.000000e+02, 8.840128e+01
1.000000e+02, 8.768368e+01
1.000000e+02, 8.697223e+01
1.000000e+02, 8.626681e+01
1.000000e+02, 8.556732e+01
1.000000e+02, 8.487363e+01
1.000000e+02, 8.418566e+01
1.000000e+02, 8.350331e+01
1.000000e+02, 8.282646e+01
1.000000e+02, 8.215504e+01
1.000000e+02, 8.148896e+01
1.000000e+02, 8.082811e+01
1.000000e+02, 8.017242e+01
1.000000e+02, 7.952181e+01
1.000000e+02, 7.887619e+01
1.000000e+02, 7.823549e+01
1.000000e+02, 7.759963e+01
1.000000e+02, 7.696853e+01
1.000000e+02, 7.634213e+01
1.000000e+02, 7.572035e+01
1.000000e+02, 7.510312e+01
1.000000e+02, 7.449039e+01
1.000000e+02, 7.388208e+01
1.000000e+02, 7.327813e+01
1.000000e+02, 7.267848e+01
1.000000e+02, 7.208307e+01
1.000000e+02, 7.149184e+01
1.000000e+02, 7.090474e+01
1.000000e+02, 7.032171e+01
1.000000e+02, 6.974270e+01
1.000000e+02, 6.916765e+01
1.000000e+02, 6.859652e+01
1.000000e+02, 6.802924e+01
1.000000e+02, 6.746578e+01
1.000000e+02, 6.690609e+01
1.000000e+02, 6.635011e+01
1.000000e+02, 6.579781e+01
1.000000e+02, 6.524914e+01
1.000000e+02, 6.470405e+01
1.000000e+02, 6.416250e+01
1.000000e+02, 6.362446e+01
1.000000e+02, 6.308987e+01
1.000000e+02, 6.255871e+01
1.000000e+02, 6.203093e+01
1.000000e+02, 6.150648e+01
1.000000e+02, 6.098535e+01
1.000000e+02, 6.046748e+01
1.000000e+02, 5.995285e+01
1.000000e+02, 5.944141e+01
1.000000e+02, 5.893314e+01
1.000000e+02, 5.842800e+01
1.000000e+02, 5.792596e+01
1.000000e+02, 5.742698e+01
1.000000e+02, 5.693103e+01
1.000000e+02, 5.643809e+01
1.000000e+02, 5.594811e+01
1.000000e+02, 5.546108e+01
1.000000e+02, 5.497696e+01
1.000000e+02, 5.449573e+01
1.000000e+02, 5.401735e+01
1.000000e+02, 5.354179e+01
1.000000e+02, 5.306904e+01
1.000000e+02, 5.259906e+01
1.000000e+02, 5.213183e+01
1.000000e+02, 5.166733e+01
1.000000e+02, 5.120551e+01
1.000000e+02, 5.074638e+01
1.000000e+02, 5.028988e+01
1.000000e+02, 4.983602e+01
1.000000e+02, 4.938475e+01
1.000000e+02, 4.893606e+01
1.000000e+02, 4.848993e+01
1.000000e+02, 4.804633e+01
1.000000e+02, 4.760524e+01
1.000000e+02, 4.716663e+01
1.000000e+02, 4.673050e+01
1.000000e+02, 4.629682e+01
1.000000e+02, 4.586556e+01
1.000000e+02, 4.543670e+01
1.000000e+02, 4.501024e+01
1.000000e+02, 4.458614e+01
1.000000e+02, 4.416439e+01
1.000000e+02, 4.374497e+01
1.000000e+02, 4.332786e+01
1.000000e+02, 4.291305e+01
1.000000e+02, 4.250051e+01
1.000000e+02, 4.209022e+01
1.000000e+02, 4.168218e+01
1.000000e+02, 4.127636e+01
1.000000e+02, 4.087275e+01
1.000000e+02, 4.047132e+01
1.000000e+02, 4.007207e+01
1.000000e+02, 3.967498e+01
1.000000e+02, 3.928002e+01
1.000000e+02, 3.888720e+01
1.000000e+02, 3.849648e+01
1.000000e+02, 3.810786e+01
1.000000e+02, 3.772132e+01
1.000000e+02, 3.733684e+01
1.000000e+02, 3.695442e+01
1.000000e+02, 3.657403e+01
1.000000e+02, 3.619567e+01
1.000000e+02, 3.581931e+01
1.000000e+02, 3.544495e+01
1.000000e+02, 3.507258e+01
1.000000e+02, 3.470217e+01
1.000000e+02, 3.433371e+01
1.000000e+02, 3.396720e+01
1.000000e+02, 3.360262e+01
1.000000e+02, 3.323996e+01
1.000000e+02, 3.287920e+01
1.000000e+02, 3.252034e+01
1.000000e+02, 3.216336e+01
1.000000e+02, 3.180824e+01
1.000000e+02, 3.145498e+01
1.000000e+02, 3.110357e+01
1.000000e+02, 3.075400e+01
1.000000e+02, 3.040624e+01
1.000000e+02, 3.006030e+01
1.000000e+02, 2.971616e+01
1.000000e+02, 2.937381e+01
1.000000e+02, 2.903325e+01
1.000000e+02, 2.869445e+01
1.000000e+02, 2.835740e+01
1.000000e+02, 2.802211e+01
1.000000e+02, 2.768856e+01
1.000000e+02, 2.735673e+01
1.000000e+02, 2.702663e+01
1.000000e+02, 2.669823e+01
1.000000e+02, 2.637153e+01
1.000000e+02, 2.604652e+01
1.000000e+02, 2.572320e+01
1.000000e+02, 2.540154e+01
1.000000e+02, 2.508155e+01
1.000000e+02, 2.476320e+01
1.000000e+02, 2.444651e+01
1.000000e+02, 2.413145e+01
1.000000e+02, 2.381801e+01
1.000000e+02, 2.350620e+01
1.000000e+02, 2.319599e+01
1.000000e+02, 2.288739e+01
1.000000e+02, 2.258038e+01
1.000000e+02, 2.227495e+01
1.000000e+02, 2.197110e+01
1.000000e+02, 2.166882e+01
1.000000e+02, 2.136810e+01
1.000000e+02, 2.106893e+01
1.000000e+02, 2.077131e+01
1.000000e+02, 2.047522e+01
1.000000e+02, 2.018067e+01
1.000000e+02, 1.988764e+01
1.000000e+02, 1.959613e+01
1.000000e+02, 1.930612e+01
1.000000e+02, 1.901761e+01
1.000000e+02, 1.873060e+01
1.000000e+02, 1.844508e+01
1.000000e+02, 1.816103e+01
1.000000e+02, 1.787846e+01
1.000000e+02, 1.759736e+01
1.000000e+02, 1.731771e+01
1.000000e+02, 1.703952e+01
1.000000e+02, 1.676277e+01
1.000000e+02, 1.648747e+01
1.000000e+02, 1.621359e+01
1.000000e+02, 1.594115e+01
1.000000e+02, 1.567012e+01
1.000000e+02, 1.540051e+01
1.000000e+02, 1.513231e+01
1.000000e+02, 1.486552e+01
1.000000e+02, 1.460011e+01
1.000000e+02, 1.433610e+01
1.000000e+02, 1.407348e+01
1.000000e+02, 1.381223e+01
1.000000e+02, 1.355236e+01
1.000000e+02, 1.329385e+01
1.000000e+02, 1.303670e+01
1.000000e+02, 1.278092e+01
1.000000e+02, 1.252648e+01
1.000000e+02, 1.227339e+01
1.000000e+02, 1.202163e+01
1.000000e+02, 1.177122e+01
1.000000e+02, 1.152213e+01
1.000000e+02, 1.127437e+01
1.000000e+02, 1.102792e+01
1.000000e+02, 1.078279e+01
1.000000e+02, 1.053897e+01
1.000000e+02, 1.029645e+01
1.000000e+02, 1.005523e+01
1.000000e+02, 9.815306e+00
1.000000e+02, 9.576670e+00
1.000000e+02, 9.339319e+00
1.000000e+02, 9.103247e+00
1.000000e+02, 8.868450e+00
1.000000e+02, 8.634923e+00
1.000000e+02, 8.402662e+00
1.000000e+02, 8.171663e+00
1.000000e+02, 7.941919e+00
1.000000e+02, 7.713428e+00
1.000000e+02, 7.486185e+00
1.000000e+02, 7.260185e+00
1.000000e+02, 7.035424e+00
1.000000e+02, 6.811898e+00
1.000000e+02, 6.589602e+00
1.000000e+02, 6.368533e+00
1.000000e+02, 6.148686e+00
1.000000e+02, 5.930057e+00
1.000000e+02, 5.712641e+00
1.000000e+02, 5.496436e+00
1.000000e+02, 5.281436e+00
1.000000e+02, 5.067639e+00
1.000000e+02, 4.855039e+00
1.000000e+02, 4.643634e+00
1.000000e+02, 4.433419e+00
1.000000e+02, 4.224390e+00
1.000000e+02, 4.016545e+00
1.000000e+02, 3.809878e+00
1.000000e+02, 3.604387e+00
1.000000e+02, 3.400067e+00
1.000000e+02, 3.196915e+00
1.000000e+02, 2.994928e+00
1.000000e+02, 2.794102e+00
1.000000e+02, 2.594433e+00
1.000000e+02, 2.395919e+00
1.000000e+02, 2.198554e+00
1.000000e+02, 2.002337e+00
1.000000e+02, 1.807264e+00
1.000000e+02, 1.613330e+00
1.000000e+02, 1.420534e+00
1.000000e+02, 1.228872e+00
1.000000e+02, 1.038340e+00
1.000000e+02, 8.489357e-01
1.000000e+02, 6.606554e-01
1.000000e+02, 4.734960e-01
1.000000e+02, 2.874545e-01
1.000000e+02, 1.025277e-01
1.000000e+02, 3.599187e+02
1.000000e+02, 3.597360e+02
1.000000e+02, 3.595544e+02
1.000000e+02, 3.593739e+02
1.000000e+02, 3.591945e+02
1.000000e+02, 3.590162e+02
1.000000e+02, 3.588390e+02
1.000000e+02, 3.586629e+02
1.000000e+02, 3.584879e+02
1.000000e+02, 3.583139e+02
1.000000e+02, 3.581411e+02
1.000000e+02, 3.579693e+02
1.000000e+02, 3.577986e+02
1.000000e+02, 3.576289e+02
1.000000e+02, 3.574604e+02
1.000000e+02, 3.572929e+02
1.000000e+02, 3.571265e+02
1.000000e+02, 3.569611e+02
1.000000e+02, 3.567968e+02
1.000000e+02, 3.566336e+02
1.000000e+02, 3.564714e+02
1.000000e+02, 3.563103e+02
1.000000e+02, 3.561502e+02
1.000000e+02, 3.559912e+02
1.000000e+02, 3.558332e+02
1.000000e+02, 3.556762e+02
1.000000e+02, 3.555203e+02
1.000000e+02, 3.553655e+02
1.000000e+02, 3.552117e+02
1.000000e+02, 3.550589e+02
1.000000e+02, 3.549071e+02
1.000000e+02, 3.547564e+02
1.000000e+02, 3.546067e+02
1.000000e+02, 3.544580e+02
1.000000e+02, 3.543104e+02
1.000000e+02, 3.541638e+02
1.000000e+02, 3.540182e+02
1.000000e+02, 3.538736e+02
1.000000e+02, 3.537300e+02
1.000000e+02, 3.535874e+02
1.000000e+02, 3.534459e+02
1.000000e+02, 3.533053e+02
1.000000e+02, 3.531658e+02
1.000000e+02, 3.530273e+02
1.000000e+02, 3.528897e+02
1.000000e+02, 3.527532e+02
1.000000e+02, 3.526177e+02
1.000000e+02, 3.524831e+02
1.000000e+02, 3.523496e+02
1.000000e+02, 3.522171e+02
1.000000e+02, 3.520855e+02
1.000000e+02, 3.519549e+02
1.000000e+02, 3.518254e+02
1.000000e+02, 3.516968e+02
1.000000e+02, 3.515691e+02
1.000000e+02, 3.514425e+02
1.000000e+02, 3.513169e+02
1.000000e+02, 3.511922e+02
1.000000e+02, 3.510685e+02
1.000000e+02, 3.509458e+02
1.000000e+02, 3.508240e+02
1.000000e+02, 3.507033e+02
1.000000e+02, 3.505834e+02
1.000000e+02, 3.504646e+02
1.000000e+02, 3.503467e+02
1.000000e+02, 3.502298e+02
1.000000e+02, 3.501139e+02
1.000000e+02, 3.499989e+02
1.000000e+02, 3.498849e+02
1.000000e+02, 3.497718e+02
1.000000e+02, 3.496597e+02
1.000000e+02, 3.495485e+02
1.000000e+02, 3.494383e+02
1.000000e+02, 3.493291e+02
1.000000e+02, 3.492208e+02
1.000000e+02, 3.491135e+02
1.000000e+02, 3.490071e+02
1.000000e+02, 3.489016e+02
1.000000e+02, 3.487971e+02
1.000000e+02, 3.486935e+02
1.000000e+02, 3.485909e+02
1.000000e+02, 3.484892e+02
1.000000e+02, 3.483885e+02
1.000000e+02, 3.482887e+02
1.000000e+02, 3.481898e+02
1.000000e+02, 3.480919e+02
1.000000e+02, 3.479949e+02
1.000000e+02, 3.478989e+02
1.000000e+02, 3.478037e+02
1.000000e+02, 3.477095e+02
1.000000e+02, 3.476163e+02
1.000000e+02, 3.475239e+02
1.000000e+02, 3.474325e+02
1.000000e+02, 3.473420e+02
1.000000e+02, 3.472525e+02
1.000000e+02, 3.471638e+02
1.000000e+02, 3.470761e+02
1.000000e+02, 3.469893e+02
1.000000e+02, 3.469034e+02
1.000000e+02, 3.468185e+02
1.000000e+02, 3.467345e+02
1.000000e+02, 3.466513e+02
1.000000e+02, 3.465691e+02
1.000000e+02, 3.464878e+02
1.000000e+02, 3.464075e+02
1.000000e+02, 3.463280e+02
1.000000e+02, 3.462495e+02
1.000000e+02, 3.461718e+02
1.000000e+02, 3.460951e+02
1.000000e+02, 3.460193e+02
1.000000e+02, 3.459443e+02
1.000000e+02, 3.458703e+02
1.000000e+02, 3.457972e+02
1.000000e+02, 3.457250e+02
1.000000e+02, 3.456538e+02
1.000000e+02, 3.455834e+02
1.000000e+02, 3.455139e+02
1.000000e+02, 3.454453e+02
1.000000e+02, 3.453776e+02
1.000000e+02, 3.453108e+02
1.000000e+02, 3.452449e+02
1.000000e+02, 3.451800e+02
1.000000e+02, 3.451159e+02
1.000000e+02, 3.450527e+02
1.000000e+02, 3.449904e+02
1.000000e+02, 3.449290e+02
1.000000e+02, 3.448685e+02
1.000000e+02, 3.448088e+02
1.000000e+02, 3.447501e+02
1.000000e+02, 3.446923e+02
1.000000e+02, 3.446353e+02
1.000000e+02, 3.445793e+02
1.000000e+02, 3.445241e+02
1.000000e+02, 3.444699e+02
1.000000e+02, 3.444165e+02
1.000000e+02, 3.443640e+02
1.000000e+02, 3.443124e+02
1.000000e+02, 3.442617e+02
1.000000e+02, 3.442118e+02
1.000000e+02, 3.441629e+02
1.000000e+02, 3.441148e+02
1.000000e+02, 3.440676e+02
1.000000e+02, 3.440214e+02
1.000000e+02, 3.439759e+02
1.000000e+02, 3.439314e+02
1.000000e+02, 3.438878e+02
1.000000e+02, 3.438450e+02
1.000000e+02, 3.438031e+02
1.000000e+02, 3.437621e+02
1.000000e+02, 3.437220e+02
1.000000e+02, 3.436827e+02
1.000000e+02, 3.436444e+02
1.000000e+02, 3.436069e+02
1.000000e+02, 3.435703e+02
1.000000e+02, 3.435345e+02
1.000000e+02, 3.434997e+02
1.000000e+02, 3.434657e+02
1.000000e+02, 3.434326e+02
1.000000e+02, 3.434004e+02
1.000000e+02, 3.433690e+02
1.000000e+02, 3.433386e+02
1.000000e+02, 3.433089e+02
1.000000e+02, 3.432802e+02
1.000000e+02, 3.432524e+02
1.000000e+02, 3.432254e+02
1.000000e+02, 3.431993e+02
1.000000e+02, 3.431741e+02
1.000000e+02, 3.431497e+02
1.000000e+02, 3.431262e+02
1.000000e+02, 3.431036e+02
1.000000e+02, 3.430819e+02
1.000000e+02, 3.430610e+02
1.000000e+02, 3.430410e+02
1.000000e+02, 3.430219e+02
1.000000e+02, 3.430036e+02
1.000000e+02, 3.429862e+02
1.000000e+02, 3.429697e+02
1.000000e+02, 3.429541e+02
1.000000e+02, 3.429393e+02
1.000000e+02, 3.429254e+02
1.000000e+02, 3.429123e+02
1.000000e+02, 3.429002e+02
1.000000e+02, 3.428889e+02
1.000000e+02, 3.428784e+02
1.000000e+02, 3.428689e+02
1.000000e+02, 3.428602e+02
1.000000e+02, 3.428524e+02
1.000000e+02, 3.428454e+02
1.000000e+02, 3.428394e+02
1.000000e+02, 3.428341e+02
1.000000e+02, 3.428298e+02
1.000000e+02, 3.428263e+02
1.000000e+02, 3.428237e+02
1.000000e+02, 3.428220e+02
1.000000e+02, 3.428211e+02
1.000000e+02, 3.428211e+02
1.000000e+02, 3.428220e+02
1.000000e+02, 3.428237e+02
1.000000e+02, 3.428263e+02
1.000000e+02, 3.428298e+02
1.000000e+02, 3.428341e+02
1.000000e+02, 3.428394e+02
1.000000e+02, 3.428454e+02
1.000000e+02, 3.428524e+02
1.000000e+02, 3.428602e+02
1.000000e+02, 3.428689e+02
1.000000e+02, 3.428784e+02
1.000000e+02, 3.428889e+02
1.000000e+02, 3.429002e+02
1.000000e+02, 3.429123e+02
1.000000e+02, 3.429254e+02
1.000000e+02, 3.429393e+02
1.000000e+02, 3.429541e+02
1.000000e+02, 3.429697e+02
1.000000e+02, 3.429862e+02
1.000000e+02, 3.430036e+02
1.000000e+02, 3.430219e+02
1.000000e+02, 3.430410e+02
1.000000e+02, 3.430610e+02
1.000000e+02, 3.430819e+02
1.000000e+02, 3.431036e+02
1.000000e+02, 3.431262e+02
1.000000e+02, 3.431497e+02
1.000000e+02, 3.431741e+02
1.000000e+02, 3.431993e+02
1.000000e+02, 3.432254e+02
1.000000e+02, 3.432524e+02
1.000000e+02, 3.432802e+02
1.000000e+02, 3.433089e+02
1.000000e+02, 3.433386e+02
1.000000e+02, 3.433690e+02
1.000000e+02, 3.434004e+02
1.000000e+02, 3.434326e+02
1.000000e+02, 3.434657e+02
1.000000e+02, 3.434997e+02
1.000000e+02, 3.435345e+02
1.000000e+02, 3.435703e+02
1.000000e+02, 3.436069e+02
1.000000e+02, 3.436444e+02
1.000000e+02, 3.436827e+02
1.000000e+02, 3.437220e+02
1.000000e+02, 3.437621e+02
1.000000e+02, 3.438031e+02
1.000000e+02, 3.438450e+02
1.000000e+02, 3.438878e+02
1.000000e+02, 3.439314e+02
1.000000e+02, 3.439759e+02
1.000000e+02, 3.440214e+02
1.000000e+02, 3.440677e+02
1.000000e+02, 3.441148e+02
1.000000e+02, 3.441629e+02
1.000000e+02, 3.442118e+02
1.000000e+02, 3.442617e+02
1.000000e+02, 3.443124e+02
1.000000e+02, 3.443640e+02
1.000000e+02, 3.444165e+02
1.000000e+02, 3.444699e+02
1.000000e+02, 3.445241e+02
1.000000e+02, 3.445793e+02
1.000000e+02, 3.446353e+02
1.000000e+02, 3.446923e+02
1.000000e+02, 3.447501e+02
1.000000e+02, 3.448088e+02
1.000000e+02, 3.448685e+02
1.000000e+02, 3.449290e+02
1.000000e+02, 3.449904e+02
1.000000e+02, 3.450527e+02
1.000000e+02, 3.451159e+02
1.000000e+02, 3.451800e+02
1.000000e+02, 3.452449e+02
1.000000e+02, 3.453108e+02
1.000000e+02, 3.453776e+02
1.000000e+02, 3.454453e+02
1.000000e+02, 3.455139e+02
1.000000e+02, 3.455834e+02
1.000000e+02, 3.456538e+02
1.000000e+02, 3.457250e+02
1.000000e+02, 3.457972e+02
1.000000e+02, 3.458703e+02
1.000000e+02, 3.459443e+02
1.000000e+02, 3.460193e+02
1.000000e+02, 3.460951e+02
1.000000e+02, 3.461718e+02
1.000000e+02, 3.462495e+02
1.000000e+02, 3.463280e+02
1.000000e+02, 3.464075e+02
1.000000e+02, 3.464878e+02
1.000000e+02, 3.465691e+02
1.000000e+02, 3.466513e+02
1.000000e+02, 3.467345e+02
1.000000e+02, 3.468185e+02
1.000000e+02, 3.469034e+02
1.000000e+02, 3.469893e+02
1.000000e+02, 3.470761e+02
1.000000e+02, 3.471638e+02
1.000000e+02, 3.472525e+02
1.000000e+02, 3.473420e+02
1.000000e+02, 3.474325e+02
1.000000e+02, 3.475239e+02
1.000000e+02, 3.476163e+02
1.000000e+02, 3.477095e+02
1.000000e+02, 3.478037e+02
1.000000e+02, 3.478989e+02
1.000000e+02, 3.479949e+02
1.000000e+02, 3.480919e+02
1.000000e+02, 3.481898e+02
1.000000e+02, 3.482887e+02
1.000000e+02, 3.483885e+02
1.000000e+02, 3.484892e+02
1.000000e+02, 3.485909e+02
1.000000e+02, 3.486935e+02
1.000000e+02, 3.487971e+02
1.000000e+02, 3.489016e+02
1.000000e+02, 3.490071e+02
1.000000e+02, 3.491135e+02
1.000000e+02, 3.492208e+02
1.000000e+02, 3.493291e+02
1.000000e+02, 3.494383e+02
1.000000e+02, 3.495485e+02
1.000000e+02, 3.496597e+02
1.000000e+02, 3.497718e+02
1.000000e+02, 3.498849e+02
1.000000e+02, 3.499989e+02
1.000000e+02, 3.501139e+02
1.000000e+02, 3.502298e+02
1.000000e+02, 3.503467e+02
1.000000e+02, 3.504646e+02
1.000000e+02, 3.505834e+02
1.000000e+02, 3.507033e+02
1.000000e+02, 3.508240e+02
1.000000e+02, 3.509458e+02
1.000000e+02, 3.510685e+02
1.000000e+02, 3.511922e+02
1.000000e+02, 3.513169e+02
1.000000e+02, 3.514425e+02
1.000000e+02, 3.515691e+02
1.000000e+02, 3.516968e+02
1.000000e+02, 3.518254e+02
1.000000e+02, 3.519549e+02
1.000000e+02, 3.520855e+02
1.000000e+02, 3.522171e+02
1.000000e+02, 3.523496e+02
1.000000e+02, 3.524831e+02
1.000000e+02, 3.526177e+02
1.000000e+02, 3.527532e+02
1.000000e+02, 3.528897e+02
1.000000e+02, 3.530273e+02
1.000000e+02, 3.531658e+02
1.000000e+02, 3.533053e+02
1.000000e+02, 3.534459e+02
1.000000e+02, 3.535874e+02
1.000000e+02, 3.537300e+02
1.000000e+02, 3.538736e+02
1.000000e+02, 3.540182e+02
1.000000e+02, 3.541638e+02
1.000000e+02, 3.543104e+02
1.000000e+02, 3.544580e+02
1.000000e+02, 3.546067e+02
1.000000e+02, 3.547564e+02
1.000000e+02, 3.549071e+02
1.000000e+02, 3.550589e+02
1.000000e+02, 3.552117e+02
1.000000e+02, 3.553655e+02
1.000000e+02, 3.555203e+02
1.000000e+02, 3.556762e+02
1.000000e+02, 3.558332e+02
1.000000e+02, 3.559912e+02
1.000000e+02, 3.561502e+02
1.000000e+02, 3.563103e+02
1.000000e+02, 3.564714e+02
1.000000e+02, 3.566336e+02
1.000000e+02, 3.567968e+02
1.000000e+02, 3.569611e+02
1.000000e+02, 3.571265e+02
1.000000e+02, 3.572929e+02
1.000000e+02, 3.574604e+02
1.000000e+02, 3.576289e+02
1.000000e+02, 3.577986e+02
1.000000e+02, 3.579693e+02
1.000000e+02, 3.581411e+02
1.000000e+02, 3.583139e+02
1.000000e+02, 3.584879e+02
1.000000e+02, 3.586629e+02
1.000000e+02, 3.588390e+02
1.000000e+02, 3.590162e+02
1.000000e+02, 3.591945e+02
1.000000e+02, 3.593739e+02
1.000000e+02, 3.595544e+02
1.000000e+02, 3.597360e+02
1.000000e+02, 3.599187e+02
1.000000e+02, 1.025286e-01
1.000000e+02, 2.874554e-01
1.000000e+02, 4.734969e-01
1.000000e+02, 6.606563e-01
1.000000e+02, 8.489366e-01
1.000000e+02, 1.038341e+00
1.000000e+02, 1.228873e+00
1.000000e+02, 1.420535e+00
1.000000e+02, 1.613331e+00
1.000000e+02, 1.807264e+00
1.000000e+02, 2.002338e+00
1.000000e+02, 2.198555e+00
1.000000e+02, 2.395919e+00
1.000000e+02, 2.594434e+00
1.000000e+02, 2.794103e+00
1.000000e+02, 2.994929e+00
1.000000e+02, 3.196916e+00
1.000000e+02, 3.400068e+00
1.000000e+02, 3.604388e+00
1.000000e+02, 3.809879e+00
1.000000e+02, 4.016546e+00
1.000000e+02, 4.224391e+00
1.000000e+02, 4.433420e+00
1.000000e+02, 4.643635e+00
1.000000e+02, 4.855040e+00
1.000000e+02, 5.067640e+00
1.000000e+02, 5.281437e+00
1.000000e+02, 5.496437e+00
1.000000e+02, 5.712642e+00
1.000000e+02, 5.930058e+00
1.000000e+02, 6.148687e+00
1.000000e+02, 6.368534e+00
1.000000e+02, 6.589603e+00
1.000000e+02, 6.811899e+00
1.000000e+02, 7.035425e+00
1.000000e+02, 7.260186e+00
1.000000e+02, 7.486186e+00
1.000000e+02, 7.713429e+00
1.000000e+02, 7.941921e+00
1.000000e+02, 8.171664e+00
1.000000e+02, 8.402663e+00
1.000000e+02, 8.634924e+00
1.000000e+02, 8.868451e+00
1.000000e+02, 9.103248e+00
1.000000e+02, 9.339320e+00
1.000000e+02, 9.576671e+00
1.000000e+02, 9.815307e+00
1.000000e+02, 1.005523e+01
1.000000e+02, 1.029645e+01
1.000000e+02, 1.053897e+01
1.000000e+02, 1.078279e+01
1.000000e+02, 1.102792e+01
1.000000e+02, 1.127437e+01
1.000000e+02, 1.152213e+01
1.000000e+02, 1.177122e+01
1.000000e+02, 1.202164e+01
1.000000e+02, 1.227339e+01
1.000000e+02, 1.252648e+01
1.000000e+02, 1.278092e+01
1.000000e+02, 1.303670e+01
1.000000e+02, 1.329385e+01
1.000000e+02, 1.355236e+01
1.000000e+02, 1.381223e+01
1.000000e+02, 1.407348e+01
1.000000e+02, 1.433610e+01
1.000000e+02, 1.460011e+01
1.000000e+02, 1.486552e+01
1.000000e+02, 1.513231e+01
1.000000e+02, 1.540052e+01
1.000000e+02, 1.567013e+01
1.000000e+02, 1.594115e+01
1.000000e+02, 1.621359e+01
1.000000e+02, 1.648747e+01
1.000000e+02, 1.676277e+01
1.000000e+02, 1.703952e+01
1.000000e+02, 1.731771e+01
1.000000e+02, 1.759736e+01
1.000000e+02, 1.787846e+01
1.000000e+02, 1.816103e+01
1.000000e+02, 1.844508e+01
1.000000e+02, 1.873060e+01
1.000000e+02, 1.901761e+01
1.000000e+02, 1.930612e+01
1.000000e+02, 1.959613e+01
1.000000e+02, 1.988764e+01
1.000000e+02, 2.018067e+01
1.000000e+02, 2.047523e+01
1.000000e+02, 2.077131e+01
1.000000e+02, 2.106893e+01
1.000000e+02, 2.136810e+01
1.000000e+02, 2.166882e+01
1.000000e+02, 2.197110e+01
1.000000e+02, 2.227495e+01
1.000000e+02, 2.258038e+01
1.000000e+02, 2.288739e+01
1.000000e+02, 2.319599e+01
1.000000e+02, 2.350620e+01
1.000000e+02, 2.381801e+01
1.000000e+02, 2.413145e+01
1.000000e+02, 2.444651e+01
1.000000e+02, 2.476321e+01
1.000000e+02, 2.508155e+01
1.000000e+02, 2.540154e+01
1.000000e+02, 2.572320e+01
1.000000e+02, 2.604652e+01
1.000000e+02, 2.637153e+01
1.000000e+02, 2.669823e+01
1.000000e+02, 2.702663e+01
1.000000e+02, 2.735673e+01
1.000000e+02, 2.768856e+01
1.000000e+02, 2.802211e+01
1.000000e+02, 2.835741e+01
1.000000e+02, 2.869445e+01
1.000000e+02, 2.903325e+01
1.000000e+02, 2.937382e+01
1.000000e+02, 2.971617e+01
1.000000e+02, 3.006030e+01
1.000000e+02, 3.040625e+01
1.000000e+02, 3.075400e+01
1.000000e+02, 3.110358e+01
1.000000e+02, 3.145499e+01
1.000000e+02, 3.180824e+01
1.000000e+02, 3.216336e+01
1.000000e+02, 3.252034e+01
1.000000e+02, 3.287921e+01
1.000000e+02, 3.323996e+01
1.000000e+02, 3.360263e+01
1.000000e+02, 3.396721e+01
1.000000e+02, 3.433372e+01
1.000000e+02, 3.470217e+01
1.000000e+02, 3.507258e+01
1.000000e+02, 3.544496e+01
1.000000e+02, 3.581931e+01
1.000000e+02, 3.619567e+01
1.000000e+02, 3.657403e+01
1.000000e+02, 3.695442e+01
1.000000e+02, 3.733684e+01
1.000000e+02, 3.772132e+01
1.000000e+02, 3.810786e+01
1.000000e+02, 3.849648e+01
1.000000e+02, 3.888720e+01
1.000000e+02, 3.928003e+01
1.000000e+02, 3.967498e+01
1.000000e+02, 4.007207e+01
1.000000e+02, 4.047132e+01
1.000000e+02, 4.087275e+01
1.000000e+02, 4.127636e+01
1.000000e+02, 4.168218e+01
1.000000e+02, 4.209023e+01
1.000000e+02, 4.250051e+01
1.000000e+02, 4.291305e+01
1.000000e+02, 4.332787e+01
1.000000e+02, 4.374497e+01
1.000000e+02, 4.416439e+01
1.000000e+02, 4.458614e+01
1.000000e+02, 4.501024e+01
1.000000e+02, 4.543671e+01
1.000000e+02, 4.586556e+01
1.000000e+02, 4.629682e+01
1.000000e+02, 4.673050e+01
1.000000e+02, 4.716664e+01
1.000000e+02, 4.760524e+01
1.000000e+02, 4.804633e+01
1.000000e+02, 4.848993e+01
1.000000e+02, 4.893606e+01
1.000000e+02, 4.938475e+01
1.000000e+02, 4.983602e+01
1.000000e+02, 5.028989e+01
1.000000e+02, 5.074638e+01
1.000000e+02, 5.120552e+01
1.000000e+02, 5.166733e+01
1.000000e+02, 5.213184e+01
1.000000e+02, 5.259907e+01
1.000000e+02, 5.306904e+01
1.000000e+02, 5.354180e+01
1.000000e+02, 5.401735e+01
1.000000e+02, 5.449573e+01
1.000000e+02, 5.497696e+01
1.000000e+02, 5.546108e+01
1.000000e+02, 5.594811e+01
1.000000e+02, 5.643809e+01
1.000000e+02, 5.693103e+01
1.000000e+02, 5.742698e+01
1.000000e+02, 5.792596e+01
1.000000e+02, 5.842800e+01
1.000000e+02, 5.893315e+01
1.000000e+02, 5.944142e+01
1.000000e+02, 5.995285e+01
1.000000e+02, 6.046748e+01
1.000000e+02, 6.098535e+01
1.000000e+02, 6.150649e+01
1.000000e+02, 6.203093e+01
1.000000e+02, 6.255871e+01
1.000000e+02, 6.308988e+01
1.000000e+02, 6.362446e+01
1.000000e+02, 6.416251e+01
1.000000e+02, 6.470405e+01
1.000000e+02, 6.524914e+01
1.000000e+02, 6.579781e+01
1.000000e+02, 6.635012e+01
1.000000e+02, 6.690609e+01
1.000000e+02, 6.746579e+01
1.000000e+02, 6.802925e+01
1.000000e+02, 6.859652e+01
1.000000e+02, 6.916766e+01
1.000000e+02, 6.974270e+01
1.000000e+02, 7.032172e+01
1.000000e+02, 7.090475e+01
1.000000e+02, 7.149185e+01
1.000000e+02, 7.208307e+01
1.000000e+02, 7.267848e+01
1.000000e+02, 7.327813e+01
1.000000e+02, 7.388208e+01
1.000000e+02, 7.449039e+01
1.000000e+02, 7.510312e+01
1.000000e+02, 7.572035e+01
1.000000e+02, 7.634213e+01
1.000000e+02, 7.696853e+01
1.000000e+02, 7.759963e+01
1.000000e+02, 7.823549e+01
1.000000e+02, 7.887620e+01
1.000000e+02, 7.952181e+01
1.000000e+02, 8.017243e+01
1.000000e+02, 8.082811e+01
1.000000e+02, 8.148896e+01
1.000000e+02, 8.215505e+01
1.000000e+02, 8.282647e+01
1.000000e+02, 8.350331e+01
1.000000e+02, 8.418566e+01
1.000000e+02, 8.487364e+01
1.000000e+02, 8.556732e+01
1.000000e+02, 8.626682e+01
1.000000e+02, 8.697224e+01
1.000000e+02, 8.768369e+01
1.000000e+02, 8.840128e+01
1.000000e+02, 8.912514e+01
1.000000e+02, 8.985539e+01
1.000000e+02, 9.059214e+01
1.000000e+02, 9.133553e+01
1.000000e+02, 9.208570e+01
1.000000e+02, 9.284279e+01
1.000000e+02, 9.360694e+01
1.000000e+02, 9.437829e+01
1.000000e+02, 9.515702e+01
1.000000e+02, 9.594328e+01
1.000000e+02, 9.673724e+01
1.000000e+02, 9.753908e+01
1.000000e+02, 9.834897e+01
1.000000e+02, 9.916712e+01
1.000000e+02, 9.999372e+01
1.000000e+02, 1.008290e+02
1.000000e+02, 1.016731e+02
1.000000e+02, 1.025263e+02
1.000000e+02, 1.033889e+02
1.000000e+02, 1.042611e+02
1.000000e+02, 1.051431e+02
1.000000e+02, 1.060352e+02
1.000000e+02, 1.069377e+02
1.000000e+02, 1.078509e+02
1.000000e+02, 1.087752e+02
1.000000e+02, 1.097108e+02
1.000000e+02, 1.106581e+02
1.000000e+02, 1.116175e+02
1.000000e+02, 1.125893e+02
1.000000e+02, 1.135740e+02
1.000000e+02, 1.145720e+02
1.000000e+02, 1.155838e+02
1.000000e+02, 1.166099e+02
1.000000e+02, 1.176507e+02
1.000000e+02, 1.187069e+02
1.000000e+02, 1.197791e+02
1.000000e+02, 1.208678e+02
1.000000e+02, 1.219737e+02
1.000000e+02, 1.230976e+02
1.000000e+02, 1.242403e+02
1.000000e+02, 1.254026e+02
1.000000e+02, 1.265854e+02
1.000000e+02, 1.277897e+02
1.000000e+02, 1.290166e+02
1.000000e+02, 1.302672e+02
1.000000e+02, 1.315428e+02
1.000000e+02, 1.328448e+02
1.000000e+02, 1.341748e+02
1.000000e+02, 1.355343e+02
1.000000e+02, 1.369253e+02
1.000000e+02, 1.383498e+02
1.000000e+02, 1.398102e+02
1.000000e+02, 1.413090e+02
1.000000e+02, 1.428493e+02
1.000000e+02, 1.444343e+02
1.000000e+02, 1.460679e+02
1.000000e+02, 1.477545e+02
1.000000e+02, 1.494992e+02
1.000000e+02, 1.513081e+02
1.000000e+02, 1.531883e+02
1.000000e+02, 1.551486e+02
1.000000e+02, 1.571996e+02
1.000000e+02, 1.593543e+02
1.000000e+02, 1.616298e+02
1.000000e+02, 1.640478e+02
1.000000e+02, 1.666381e+02
1.000000e+02, 1.694424e+02
1.000000e+02, 1.725232e+02
1.000000e+02, 1.759809e+02
1.000000e+02, 1.800000e+02
##END= 