##TITLE= /opt/topspin3.0/exp/stan/nmr/lists/wave/user/HypSec_trunc2.84_110
##JCAMP-DX= 5.00 Bruker JCAMP library
##DATA TYPE= Shape Data
##ORIGIN= Bruker BioSpin GmbH
##OWNER= <nmrsu>
##DATE= 15/02/24
##TIME= 16:15:04
##MINX= 1.164538e+01
##MAXX= 9.999960e+01
##MINY= 2.546774e-02
##MAXY= 3.585574e+02
##$SHAPE_EXMODE= Adiabatic
##$SHAPE_TOTROT= 1.800000e+02
##$SHAPE_BWFAC= 1.929340e+02
##$SHAPE_INTEGFAC= 2.356110e-02
##$SHAPE_MODE= 0
##NPOINTS= 1000
##XYPOINTS= (XY..XY)
1.000000e+02, 1.800000e+02
1.000000e+02, 1.764459e+02
1.000000e+02, 1.733882e+02
1.000000e+02, 1.706640e+02
1.000000e+02, 1.681841e+02
1.000000e+02, 1.658935e+02
1.000000e+02, 1.637552e+02
1.000000e+02, 1.617431e+02
1.000000e+02, 1.598376e+02
1.000000e+02, 1.580240e+02
1.000000e+02, 1.562905e+02
1.000000e+02, 1.546278e+02
1.000000e+02, 1.530282e+02
1.000000e+02, 1.514854e+02
1.000000e+02, 1.499939e+02
1.000000e+02, 1.485493e+02
1.000000e+02, 1.471477e+02
1.000000e+02, 1.457857e+02
1.000000e+02, 1.444603e+02
1.000000e+02, 1.431688e+02
1.000000e+02, 1.419091e+02
1.000000e+02, 1.406791e+02
1.000000e+02, 1.394768e+02
1.000000e+02, 1.383008e+02
1.000000e+02, 1.371494e+02
1.000000e+02, 1.360214e+02
1.000000e+02, 1.349155e+02
1.000000e+02, 1.338306e+02
1.000000e+02, 1.327656e+02
1.000000e+02, 1.317197e+02
1.000000e+02, 1.306919e+02
1.000000e+02, 1.296814e+02
1.000000e+02, 1.286875e+02
1.000000e+02, 1.277095e+02
1.000000e+02, 1.267468e+02
1.000000e+02, 1.257987e+02
1.000000e+02, 1.248647e+02
1.000000e+02, 1.239443e+02
1.000000e+02, 1.230369e+02
1.000000e+02, 1.221422e+02
1.000000e+02, 1.212597e+02
1.000000e+02, 1.203889e+02
1.000000e+02, 1.195295e+02
1.000000e+02, 1.186811e+02
1.000000e+02, 1.178434e+02
1.000000e+02, 1.170161e+02
1.000000e+02, 1.161988e+02
1.000000e+02, 1.153912e+02
1.000000e+02, 1.145931e+02
1.000000e+02, 1.138042e+02
1.000000e+02, 1.130242e+02
1.000000e+02, 1.122530e+02
1.000000e+02, 1.114902e+02
1.000000e+02, 1.107357e+02
1.000000e+02, 1.099893e+02
1.000000e+02, 1.092506e+02
1.000000e+02, 1.085197e+02
1.000000e+02, 1.077962e+02
1.000000e+02, 1.070800e+02
1.000000e+02, 1.063709e+02
1.000000e+02, 1.056689e+02
1.000000e+02, 1.049736e+02
1.000000e+02, 1.042849e+02
1.000000e+02, 1.036028e+02
1.000000e+02, 1.029271e+02
1.000000e+02, 1.022576e+02
1.000000e+02, 1.015942e+02
1.000000e+02, 1.009368e+02
1.000000e+02, 1.002853e+02
1.000000e+02, 9.963959e+01
1.000000e+02, 9.899948e+01
1.000000e+02, 9.836491e+01
1.000000e+02, 9.773578e+01
1.000000e+02, 9.711198e+01
1.000000e+02, 9.649341e+01
1.000000e+02, 9.587999e+01
1.000000e+02, 9.527162e+01
1.000000e+02, 9.466821e+01
1.000000e+02, 9.406968e+01
1.000000e+02, 9.347595e+01
1.000000e+02, 9.288693e+01
1.000000e+02, 9.230254e+01
1.000000e+02, 9.172272e+01
1.000000e+02, 9.114739e+01
1.000000e+02, 9.057647e+01
1.000000e+02, 9.000990e+01
1.000000e+02, 8.944761e+01
1.000000e+02, 8.888953e+01
1.000000e+02, 8.833560e+01
1.000000e+02, 8.778576e+01
1.000000e+02, 8.723995e+01
1.000000e+02, 8.669811e+01
1.000000e+02, 8.616018e+01
1.000000e+02, 8.562611e+01
1.000000e+02, 8.509584e+01
1.000000e+02, 8.456933e+01
1.000000e+02, 8.404651e+01
1.000000e+02, 8.352734e+01
1.000000e+02, 8.301176e+01
1.000000e+02, 8.249974e+01
1.000000e+02, 8.199123e+01
1.000000e+02, 8.148618e+01
1.000000e+02, 8.098454e+01
1.000000e+02, 8.048627e+01
1.000000e+02, 7.999134e+01
1.000000e+02, 7.949969e+01
1.000000e+02, 7.901129e+01
1.000000e+02, 7.852610e+01
1.000000e+02, 7.804408e+01
1.000000e+02, 7.756519e+01
1.000000e+02, 7.708940e+01
1.000000e+02, 7.661667e+01
1.000000e+02, 7.614696e+01
1.000000e+02, 7.568024e+01
1.000000e+02, 7.521648e+01
1.000000e+02, 7.475564e+01
1.000000e+02, 7.429769e+01
1.000000e+02, 7.384260e+01
1.000000e+02, 7.339034e+01
1.000000e+02, 7.294088e+01
1.000000e+02, 7.249418e+01
1.000000e+02, 7.205023e+01
1.000000e+02, 7.160898e+01
1.000000e+02, 7.117042e+01
1.000000e+02, 7.073451e+01
1.000000e+02, 7.030122e+01
1.000000e+02, 6.987054e+01
1.000000e+02, 6.944244e+01
1.000000e+02, 6.901688e+01
1.000000e+02, 6.859385e+01
1.000000e+02, 6.817332e+01
1.000000e+02, 6.775527e+01
1.000000e+02, 6.733967e+01
1.000000e+02, 6.692650e+01
1.000000e+02, 6.651573e+01
1.000000e+02, 6.610736e+01
1.000000e+02, 6.570134e+01
1.000000e+02, 6.529767e+01
1.000000e+02, 6.489631e+01
1.000000e+02, 6.449726e+01
1.000000e+02, 6.410049e+01
1.000000e+02, 6.370597e+01
1.000000e+02, 6.331369e+01
1.000000e+02, 6.292364e+01
1.000000e+02, 6.253578e+01
1.000000e+02, 6.215011e+01
1.000000e+02, 6.176661e+01
1.000000e+02, 6.138524e+01
1.000000e+02, 6.100601e+01
1.000000e+02, 6.062889e+01
1.000000e+02, 6.025386e+01
1.000000e+02, 5.988091e+01
1.000000e+02, 5.951002e+01
1.000000e+02, 5.914117e+01
1.000000e+02, 5.877435e+01
1.000000e+02, 5.840954e+01
1.000000e+02, 5.804673e+01
1.000000e+02, 5.768590e+01
1.000000e+02, 5.732703e+01
1.000000e+02, 5.697012e+01
1.000000e+02, 5.661514e+01
1.000000e+02, 5.626208e+01
1.000000e+02, 5.591093e+01
1.000000e+02, 5.556167e+01
1.000000e+02, 5.521430e+01
1.000000e+02, 5.486879e+01
1.000000e+02, 5.452513e+01
1.000000e+02, 5.418331e+01
1.000000e+02, 5.384332e+01
1.000000e+02, 5.350515e+01
1.000000e+02, 5.316877e+01
1.000000e+02, 5.283419e+01
1.000000e+02, 5.250138e+01
1.000000e+02, 5.217033e+01
1.000000e+02, 5.184104e+01
1.000000e+02, 5.151349e+01
1.000000e+02, 5.118766e+01
1.000000e+02, 5.086356e+01
1.000000e+02, 5.054116e+01
1.000000e+02, 5.022046e+01
1.000000e+02, 4.990144e+01
1.000000e+02, 4.958410e+01
1.000000e+02, 4.926842e+01
1.000000e+02, 4.895440e+01
1.000000e+02, 4.864201e+01
1.000000e+02, 4.833126e+01
1.000000e+02, 4.802213e+01
1.000000e+02, 4.771461e+01
1.000000e+02, 4.740870e+01
1.000000e+02, 4.710438e+01
1.000000e+02, 4.680164e+01
1.000000e+02, 4.650047e+01
1.000000e+02, 4.620087e+01
1.000000e+02, 4.590283e+01
1.000000e+02, 4.560633e+01
1.000000e+02, 4.531137e+01
1.000000e+02, 4.501794e+01
1.000000e+02, 4.472602e+01
1.000000e+02, 4.443562e+01
1.000000e+02, 4.414673e+01
1.000000e+02, 4.385932e+01
1.000000e+02, 4.357340e+01
1.000000e+02, 4.328896e+01
1.000000e+02, 4.300599e+01
1.000000e+02, 4.272449e+01
1.000000e+02, 4.244443e+01
1.000000e+02, 4.216583e+01
1.000000e+02, 4.188866e+01
1.000000e+02, 4.161292e+01
1.000000e+02, 4.133860e+01
1.000000e+02, 4.106571e+01
1.000000e+02, 4.079422e+01
1.000000e+02, 4.052413e+01
1.000000e+02, 4.025543e+01
1.000000e+02, 3.998813e+01
1.000000e+02, 3.972220e+01
1.000000e+02, 3.945765e+01
1.000000e+02, 3.919446e+01
1.000000e+02, 3.893264e+01
1.000000e+02, 3.867216e+01
1.000000e+02, 3.841304e+01
1.000000e+02, 3.815525e+01
1.000000e+02, 3.789880e+01
1.000000e+02, 3.764367e+01
1.000000e+02, 3.738987e+01
1.000000e+02, 3.713738e+01
1.000000e+02, 3.688620e+01
1.000000e+02, 3.663632e+01
1.000000e+02, 3.638774e+01
1.000000e+02, 3.614045e+01
1.000000e+02, 3.589445e+01
1.000000e+02, 3.564972e+01
1.000000e+02, 3.540627e+01
1.000000e+02, 3.516409e+01
1.000000e+02, 3.492316e+01
1.000000e+02, 3.468350e+01
1.000000e+02, 3.444508e+01
1.000000e+02, 3.420791e+01
1.000000e+02, 3.397198e+01
1.000000e+02, 3.373729e+01
1.000000e+02, 3.350383e+01
1.000000e+02, 3.327159e+01
1.000000e+02, 3.304057e+01
1.000000e+02, 3.281076e+01
1.000000e+02, 3.258216e+01
1.000000e+02, 3.235477e+01
1.000000e+02, 3.212858e+01
1.000000e+02, 3.190358e+01
1.000000e+02, 3.167977e+01
1.000000e+02, 3.145715e+01
1.000000e+02, 3.123570e+01
1.000000e+02, 3.101544e+01
1.000000e+02, 3.079634e+01
1.000000e+02, 3.057841e+01
1.000000e+02, 3.036164e+01
1.000000e+02, 3.014603e+01
1.000000e+02, 2.993157e+01
1.000000e+02, 2.971826e+01
1.000000e+02, 2.950610e+01
1.000000e+02, 2.929507e+01
1.000000e+02, 2.908518e+01
1.000000e+02, 2.887642e+01
1.000000e+02, 2.866879e+01
1.000000e+02, 2.846229e+01
1.000000e+02, 2.825690e+01
1.000000e+02, 2.805263e+01
1.000000e+02, 2.784947e+01
1.000000e+02, 2.764741e+01
1.000000e+02, 2.744646e+01
1.000000e+02, 2.724661e+01
1.000000e+02, 2.704785e+01
1.000000e+02, 2.685019e+01
1.000000e+02, 2.665362e+01
1.000000e+02, 2.645812e+01
1.000000e+02, 2.626371e+01
1.000000e+02, 2.607038e+01
1.000000e+02, 2.587812e+01
1.000000e+02, 2.568693e+01
1.000000e+02, 2.549681e+01
1.000000e+02, 2.530775e+01
1.000000e+02, 2.511975e+01
1.000000e+02, 2.493280e+01
1.000000e+02, 2.474691e+01
1.000000e+02, 2.456206e+01
1.000000e+02, 2.437827e+01
1.000000e+02, 2.419551e+01
1.000000e+02, 2.401380e+01
1.000000e+02, 2.383312e+01
1.000000e+02, 2.365347e+01
1.000000e+02, 2.347485e+01
1.000000e+02, 2.329726e+01
1.000000e+02, 2.312070e+01
1.000000e+02, 2.294515e+01
1.000000e+02, 2.277062e+01
1.000000e+02, 2.259711e+01
1.000000e+02, 2.242460e+01
1.000000e+02, 2.225311e+01
1.000000e+02, 2.208262e+01
1.000000e+02, 2.191313e+01
1.000000e+02, 2.174465e+01
1.000000e+02, 2.157716e+01
1.000000e+02, 2.141066e+01
1.000000e+02, 2.124516e+01
1.000000e+02, 2.108064e+01
1.000000e+02, 2.091711e+01
1.000000e+02, 2.075456e+01
1.000000e+02, 2.059300e+01
1.000000e+02, 2.043241e+01
1.000000e+02, 2.027279e+01
1.000000e+02, 2.011415e+01
1.000000e+02, 1.995648e+01
1.000000e+02, 1.979978e+01
1.000000e+02, 1.964404e+01
1.000000e+02, 1.948926e+01
1.000000e+02, 1.933544e+01
1.000000e+02, 1.918258e+01
1.000000e+02, 1.903068e+01
1.000000e+02, 1.887972e+01
1.000000e+02, 1.872972e+01
1.000000e+02, 1.858067e+01
1.000000e+02, 1.843256e+01
1.000000e+02, 1.828539e+01
1.000000e+02, 1.813917e+01
1.000000e+02, 1.799388e+01
1.000000e+02, 1.784953e+01
1.000000e+02, 1.770611e+01
1.000000e+02, 1.756363e+01
1.000000e+02, 1.742207e+01
1.000000e+02, 1.728144e+01
1.000000e+02, 1.714174e+01
1.000000e+02, 1.700296e+01
1.000000e+02, 1.686510e+01
1.000000e+02, 1.672816e+01
1.000000e+02, 1.659214e+01
1.000000e+02, 1.645703e+01
1.000000e+02, 1.632284e+01
1.000000e+02, 1.618955e+01
1.000000e+02, 1.605718e+01
1.000000e+02, 1.592571e+01
1.000000e+02, 1.579515e+01
1.000000e+02, 1.566549e+01
1.000000e+02, 1.553673e+01
1.000000e+02, 1.540887e+01
1.000000e+02, 1.528190e+01
1.000000e+02, 1.515583e+01
1.000000e+02, 1.503066e+01
1.000000e+02, 1.490638e+01
1.000000e+02, 1.478299e+01
1.000000e+02, 1.466048e+01
1.000000e+02, 1.453886e+01
1.000000e+02, 1.441813e+01
1.000000e+02, 1.429828e+01
1.000000e+02, 1.417931e+01
1.000000e+02, 1.406122e+01
1.000000e+02, 1.394401e+01
1.000000e+02, 1.382768e+01
1.000000e+02, 1.371222e+01
1.000000e+02, 1.359763e+01
1.000000e+02, 1.348391e+01
1.000000e+02, 1.337106e+01
1.000000e+02, 1.325909e+01
1.000000e+02, 1.314797e+01
1.000000e+02, 1.303773e+01
1.000000e+02, 1.292834e+01
1.000000e+02, 1.281982e+01
1.000000e+02, 1.271216e+01
1.000000e+02, 1.260536e+01
1.000000e+02, 1.249941e+01
1.000000e+02, 1.239432e+01
1.000000e+02, 1.229009e+01
1.000000e+02, 1.218670e+01
1.000000e+02, 1.208418e+01
1.000000e+02, 1.198250e+01
1.000000e+02, 1.188167e+01
1.000000e+02, 1.178168e+01
1.000000e+02, 1.168255e+01
1.000000e+02, 1.158425e+01
1.000000e+02, 1.148680e+01
1.000000e+02, 1.139020e+01
1.000000e+02, 1.129443e+01
1.000000e+02, 1.119951e+01
1.000000e+02, 1.110542e+01
1.000000e+02, 1.101217e+01
1.000000e+02, 1.091976e+01
1.000000e+02, 1.082818e+01
1.000000e+02, 1.073743e+01
1.000000e+02, 1.064752e+01
1.000000e+02, 1.055843e+01
1.000000e+02, 1.047018e+01
1.000000e+02, 1.038275e+01
1.000000e+02, 1.029616e+01
1.000000e+02, 1.021039e+01
1.000000e+02, 1.012544e+01
1.000000e+02, 1.004132e+01
1.000000e+02, 9.958021e+00
1.000000e+02, 9.875545e+00
1.000000e+02, 9.793890e+00
1.000000e+02, 9.713054e+00
1.000000e+02, 9.633037e+00
1.000000e+02, 9.553838e+00
1.000000e+02, 9.475456e+00
1.000000e+02, 9.397889e+00
1.000000e+02, 9.321137e+00
1.000000e+02, 9.245199e+00
1.000000e+02, 9.170074e+00
1.000000e+02, 9.095760e+00
1.000000e+02, 9.022257e+00
1.000000e+02, 8.949564e+00
1.000000e+02, 8.877680e+00
1.000000e+02, 8.806605e+00
1.000000e+02, 8.736336e+00
1.000000e+02, 8.666873e+00
1.000000e+02, 8.598216e+00
1.000000e+02, 8.530363e+00
1.000000e+02, 8.463314e+00
1.000000e+02, 8.397068e+00
1.000000e+02, 8.331624e+00
1.000000e+02, 8.266981e+00
1.000000e+02, 8.203138e+00
1.000000e+02, 8.140095e+00
1.000000e+02, 8.077850e+00
1.000000e+02, 8.016404e+00
1.000000e+02, 7.955754e+00
1.000000e+02, 7.895901e+00
1.000000e+02, 7.836844e+00
1.000000e+02, 7.778581e+00
1.000000e+02, 7.721113e+00
1.000000e+02, 7.664438e+00
1.000000e+02, 7.608556e+00
1.000000e+02, 7.553467e+00
1.000000e+02, 7.499168e+00
1.000000e+02, 7.445660e+00
1.000000e+02, 7.392943e+00
1.000000e+02, 7.341015e+00
1.000000e+02, 7.289875e+00
1.000000e+02, 7.239524e+00
1.000000e+02, 7.189960e+00
1.000000e+02, 7.141183e+00
1.000000e+02, 7.093193e+00
1.000000e+02, 7.045988e+00
1.000000e+02, 6.999569e+00
1.000000e+02, 6.953934e+00
1.000000e+02, 6.909083e+00
1.000000e+02, 6.865015e+00
1.000000e+02, 6.821731e+00
1.000000e+02, 6.779229e+00
1.000000e+02, 6.737509e+00
1.000000e+02, 6.696570e+00
1.000000e+02, 6.656412e+00
1.000000e+02, 6.617034e+00
1.000000e+02, 6.578437e+00
1.000000e+02, 6.540619e+00
1.000000e+02, 6.503579e+00
1.000000e+02, 6.467319e+00
1.000000e+02, 6.431836e+00
1.000000e+02, 6.397131e+00
1.000000e+02, 6.363204e+00
1.000000e+02, 6.330053e+00
1.000000e+02, 6.297679e+00
1.000000e+02, 6.266081e+00
1.000000e+02, 6.235258e+00
1.000000e+02, 6.205211e+00
1.000000e+02, 6.175939e+00
1.000000e+02, 6.147441e+00
1.000000e+02, 6.119718e+00
1.000000e+02, 6.092768e+00
1.000000e+02, 6.066592e+00
1.000000e+02, 6.041189e+00
1.000000e+02, 6.016560e+00
1.000000e+02, 5.992703e+00
1.000000e+02, 5.969618e+00
1.000000e+02, 5.947305e+00
1.000000e+02, 5.925765e+00
1.000000e+02, 5.904996e+00
1.000000e+02, 5.884998e+00
1.000000e+02, 5.865771e+00
1.000000e+02, 5.847315e+00
1.000000e+02, 5.829630e+00
1.000000e+02, 5.812715e+00
1.000000e+02, 5.796571e+00
1.000000e+02, 5.781196e+00
1.000000e+02, 5.766592e+00
1.000000e+02, 5.752757e+00
1.000000e+02, 5.739691e+00
1.000000e+02, 5.727395e+00
1.000000e+02, 5.715868e+00
1.000000e+02, 5.705111e+00
1.000000e+02, 5.695122e+00
1.000000e+02, 5.685902e+00
1.000000e+02, 5.677451e+00
1.000000e+02, 5.669768e+00
1.000000e+02, 5.662854e+00
1.000000e+02, 5.656708e+00
1.000000e+02, 5.651331e+00
1.000000e+02, 5.646722e+00
1.000000e+02, 5.642881e+00
1.000000e+02, 5.639809e+00
1.000000e+02, 5.637504e+00
1.000000e+02, 5.635968e+00
1.000000e+02, 5.635200e+00
1.000000e+02, 5.635200e+00
1.000000e+02, 5.635968e+00
1.000000e+02, 5.637504e+00
1.000000e+02, 5.639809e+00
1.000000e+02, 5.642881e+00
1.000000e+02, 5.646722e+00
1.000000e+02, 5.651331e+00
1.000000e+02, 5.656708e+00
1.000000e+02, 5.662854e+00
1.000000e+02, 5.669768e+00
1.000000e+02, 5.677451e+00
1.000000e+02, 5.685902e+00
1.000000e+02, 5.695122e+00
1.000000e+02, 5.705111e+00
1.000000e+02, 5.715869e+00
1.000000e+02, 5.727395e+00
1.000000e+02, 5.739691e+00
1.000000e+02, 5.752757e+00
1.000000e+02, 5.766592e+00
1.000000e+02, 5.781196e+00
1.000000e+02, 5.796571e+00
1.000000e+02, 5.812715e+00
1.000000e+02, 5.829630e+00
1.000000e+02, 5.847315e+00
1.000000e+02, 5.865771e+00
1.000000e+02, 5.884998e+00
1.000000e+02, 5.904996e+00
1.000000e+02, 5.925765e+00
1.000000e+02, 5.947305e+00
1.000000e+02, 5.969618e+00
1.000000e+02, 5.992703e+00
1.000000e+02, 6.016560e+00
1.000000e+02, 6.041189e+00
1.000000e+02, 6.066592e+00
1.000000e+02, 6.092768e+00
1.000000e+02, 6.119718e+00
1.000000e+02, 6.147441e+00
1.000000e+02, 6.175939e+00
1.000000e+02, 6.205211e+00
1.000000e+02, 6.235258e+00
1.000000e+02, 6.266081e+00
1.000000e+02, 6.297679e+00
1.000000e+02, 6.330053e+00
1.000000e+02, 6.363204e+00
1.000000e+02, 6.397132e+00
1.000000e+02, 6.431836e+00
1.000000e+02, 6.467319e+00
1.000000e+02, 6.503580e+00
1.000000e+02, 6.540619e+00
1.000000e+02, 6.578437e+00
1.000000e+02, 6.617034e+00
1.000000e+02, 6.656412e+00
1.000000e+02, 6.696570e+00
1.000000e+02, 6.737509e+00
1.000000e+02, 6.779229e+00
1.000000e+02, 6.821731e+00
1.000000e+02, 6.865016e+00
1.000000e+02, 6.909083e+00
1.000000e+02, 6.953934e+00
1.000000e+02, 6.999569e+00
1.000000e+02, 7.045989e+00
1.000000e+02, 7.093193e+00
1.000000e+02, 7.141184e+00
1.000000e+02, 7.189961e+00
1.000000e+02, 7.239524e+00
1.000000e+02, 7.289875e+00
1.000000e+02, 7.341015e+00
1.000000e+02, 7.392943e+00
1.000000e+02, 7.445661e+00
1.000000e+02, 7.499168e+00
1.000000e+02, 7.553467e+00
1.000000e+02, 7.608557e+00
1.000000e+02, 7.664439e+00
1.000000e+02, 7.721113e+00
1.000000e+02, 7.778582e+00
1.000000e+02, 7.836844e+00
1.000000e+02, 7.895901e+00
1.000000e+02, 7.955754e+00
1.000000e+02, 8.016404e+00
1.000000e+02, 8.077850e+00
1.000000e+02, 8.140095e+00
1.000000e+02, 8.203138e+00
1.000000e+02, 8.266981e+00
1.000000e+02, 8.331624e+00
1.000000e+02, 8.397069e+00
1.000000e+02, 8.463315e+00
1.000000e+02, 8.530364e+00
1.000000e+02, 8.598216e+00
1.000000e+02, 8.666874e+00
1.000000e+02, 8.736336e+00
1.000000e+02, 8.806605e+00
1.000000e+02, 8.877681e+00
1.000000e+02, 8.949565e+00
1.000000e+02, 9.022258e+00
1.000000e+02, 9.095760e+00
1.000000e+02, 9.170074e+00
1.000000e+02, 9.245200e+00
1.000000e+02, 9.321138e+00
1.000000e+02, 9.397890e+00
1.000000e+02, 9.475456e+00
1.000000e+02, 9.553839e+00
1.000000e+02, 9.633038e+00
1.000000e+02, 9.713054e+00
1.000000e+02, 9.793890e+00
1.000000e+02, 9.875545e+00
1.000000e+02, 9.958022e+00
1.000000e+02, 1.004132e+01
1.000000e+02, 1.012544e+01
1.000000e+02, 1.021039e+01
1.000000e+02, 1.029616e+01
1.000000e+02, 1.038275e+01
1.000000e+02, 1.047018e+01
1.000000e+02, 1.055843e+01
1.000000e+02, 1.064752e+01
1.000000e+02, 1.073743e+01
1.000000e+02, 1.082818e+01
1.000000e+02, 1.091976e+01
1.000000e+02, 1.101217e+01
1.000000e+02, 1.110542e+01
1.000000e+02, 1.119951e+01
1.000000e+02, 1.129443e+01
1.000000e+02, 1.139020e+01
1.000000e+02, 1.148681e+01
1.000000e+02, 1.158425e+01
1.000000e+02, 1.168255e+01
1.000000e+02, 1.178168e+01
1.000000e+02, 1.188167e+01
1.000000e+02, 1.198250e+01
1.000000e+02, 1.208418e+01
1.000000e+02, 1.218671e+01
1.000000e+02, 1.229009e+01
1.000000e+02, 1.239432e+01
1.000000e+02, 1.249941e+01
1.000000e+02, 1.260536e+01
1.000000e+02, 1.271216e+01
1.000000e+02, 1.281982e+01
1.000000e+02, 1.292834e+01
1.000000e+02, 1.303773e+01
1.000000e+02, 1.314797e+01
1.000000e+02, 1.325909e+01
1.000000e+02, 1.337106e+01
1.000000e+02, 1.348391e+01
1.000000e+02, 1.359763e+01
1.000000e+02, 1.371222e+01
1.000000e+02, 1.382768e+01
1.000000e+02, 1.394401e+01
1.000000e+02, 1.406122e+01
1.000000e+02, 1.417931e+01
1.000000e+02, 1.429828e+01
1.000000e+02, 1.441813e+01
1.000000e+02, 1.453886e+01
1.000000e+02, 1.466048e+01
1.000000e+02, 1.478299e+01
1.000000e+02, 1.490638e+01
1.000000e+02, 1.503066e+01
1.000000e+02, 1.515584e+01
1.000000e+02, 1.528190e+01
1.000000e+02, 1.540887e+01
1.000000e+02, 1.553673e+01
1.000000e+02, 1.566549e+01
1.000000e+02, 1.579515e+01
1.000000e+02, 1.592571e+01
1.000000e+02, 1.605718e+01
1.000000e+02, 1.618955e+01
1.000000e+02, 1.632284e+01
1.000000e+02, 1.645703e+01
1.000000e+02, 1.659214e+01
1.000000e+02, 1.672816e+01
1.000000e+02, 1.686510e+01
1.000000e+02, 1.700296e+01
1.000000e+02, 1.714174e+01
1.000000e+02, 1.728144e+01
1.000000e+02, 1.742207e+01
1.000000e+02, 1.756363e+01
1.000000e+02, 1.770611e+01
1.000000e+02, 1.784953e+01
1.000000e+02, 1.799388e+01
1.000000e+02, 1.813917e+01
1.000000e+02, 1.828539e+01
1.000000e+02, 1.843256e+01
1.000000e+02, 1.858067e+01
1.000000e+02, 1.872972e+01
1.000000e+02, 1.887972e+01
1.000000e+02, 1.903068e+01
1.000000e+02, 1.918258e+01
1.000000e+02, 1.933544e+01
1.000000e+02, 1.948926e+01
1.000000e+02, 1.964404e+01
1.000000e+02, 1.979978e+01
1.000000e+02, 1.995648e+01
1.000000e+02, 2.011415e+01
1.000000e+02, 2.027279e+01
1.000000e+02, 2.043241e+01
1.000000e+02, 2.059300e+01
1.000000e+02, 2.075456e+01
1.000000e+02, 2.091711e+01
1.000000e+02, 2.108064e+01
1.000000e+02, 2.124516e+01
1.000000e+02, 2.141066e+01
1.000000e+02, 2.157716e+01
1.000000e+02, 2.174465e+01
1.000000e+02, 2.191314e+01
1.000000e+02, 2.208262e+01
1.000000e+02, 2.225311e+01
1.000000e+02, 2.242461e+01
1.000000e+02, 2.259711e+01
1.000000e+02, 2.277062e+01
1.000000e+02, 2.294515e+01
1.000000e+02, 2.312070e+01
1.000000e+02, 2.329726e+01
1.000000e+02, 2.347485e+01
1.000000e+02, 2.365347e+01
1.000000e+02, 2.383312e+01
1.000000e+02, 2.401380e+01
1.000000e+02, 2.419551e+01
1.000000e+02, 2.437827e+01
1.000000e+02, 2.456207e+01
1.000000e+02, 2.474691e+01
1.000000e+02, 2.493280e+01
1.000000e+02, 2.511975e+01
1.000000e+02, 2.530775e+01
1.000000e+02, 2.549681e+01
1.000000e+02, 2.568693e+01
1.000000e+02, 2.587812e+01
1.000000e+02, 2.607038e+01
1.000000e+02, 2.626371e+01
1.000000e+02, 2.645813e+01
1.000000e+02, 2.665362e+01
1.000000e+02, 2.685019e+01
1.000000e+02, 2.704786e+01
1.000000e+02, 2.724661e+01
1.000000e+02, 2.744646e+01
1.000000e+02, 2.764741e+01
1.000000e+02, 2.784947e+01
1.000000e+02, 2.805263e+01
1.000000e+02, 2.825690e+01
1.000000e+02, 2.846229e+01
1.000000e+02, 2.866880e+01
1.000000e+02, 2.887643e+01
1.000000e+02, 2.908518e+01
1.000000e+02, 2.929507e+01
1.000000e+02, 2.950610e+01
1.000000e+02, 2.971826e+01
1.000000e+02, 2.993157e+01
1.000000e+02, 3.014603e+01
1.000000e+02, 3.036164e+01
1.000000e+02, 3.057841e+01
1.000000e+02, 3.079634e+01
1.000000e+02, 3.101544e+01
1.000000e+02, 3.123571e+01
1.000000e+02, 3.145715e+01
1.000000e+02, 3.167977e+01
1.000000e+02, 3.190358e+01
1.000000e+02, 3.212858e+01
1.000000e+02, 3.235477e+01
1.000000e+02, 3.258216e+01
1.000000e+02, 3.281076e+01
1.000000e+02, 3.304057e+01
1.000000e+02, 3.327159e+01
1.000000e+02, 3.350383e+01
1.000000e+02, 3.373729e+01
1.000000e+02, 3.397199e+01
1.000000e+02, 3.420791e+01
1.000000e+02, 3.444508e+01
1.000000e+02, 3.468350e+01
1.000000e+02, 3.492317e+01
1.000000e+02, 3.516409e+01
1.000000e+02, 3.540627e+01
1.000000e+02, 3.564972e+01
1.000000e+02, 3.589445e+01
1.000000e+02, 3.614046e+01
1.000000e+02, 3.638775e+01
1.000000e+02, 3.663633e+01
1.000000e+02, 3.688620e+01
1.000000e+02, 3.713738e+01
1.000000e+02, 3.738987e+01
1.000000e+02, 3.764368e+01
1.000000e+02, 3.789880e+01
1.000000e+02, 3.815525e+01
1.000000e+02, 3.841304e+01
1.000000e+02, 3.867217e+01
1.000000e+02, 3.893264e+01
1.000000e+02, 3.919446e+01
1.000000e+02, 3.945765e+01
1.000000e+02, 3.972220e+01
1.000000e+02, 3.998813e+01
1.000000e+02, 4.025544e+01
1.000000e+02, 4.052413e+01
1.000000e+02, 4.079422e+01
1.000000e+02, 4.106571e+01
1.000000e+02, 4.133861e+01
1.000000e+02, 4.161292e+01
1.000000e+02, 4.188866e+01
1.000000e+02, 4.216583e+01
1.000000e+02, 4.244443e+01
1.000000e+02, 4.272449e+01
1.000000e+02, 4.300600e+01
1.000000e+02, 4.328897e+01
1.000000e+02, 4.357341e+01
1.000000e+02, 4.385932e+01
1.000000e+02, 4.414673e+01
1.000000e+02, 4.443562e+01
1.000000e+02, 4.472603e+01
1.000000e+02, 4.501794e+01
1.000000e+02, 4.531137e+01
1.000000e+02, 4.560633e+01
1.000000e+02, 4.590283e+01
1.000000e+02, 4.620087e+01
1.000000e+02, 4.650047e+01
1.000000e+02, 4.680164e+01
1.000000e+02, 4.710438e+01
1.000000e+02, 4.740870e+01
1.000000e+02, 4.771461e+01
1.000000e+02, 4.802213e+01
1.000000e+02, 4.833126e+01
1.000000e+02, 4.864201e+01
1.000000e+02, 4.895440e+01
1.000000e+02, 4.926842e+01
1.000000e+02, 4.958410e+01
1.000000e+02, 4.990145e+01
1.000000e+02, 5.022046e+01
1.000000e+02, 5.054116e+01
1.000000e+02, 5.086356e+01
1.000000e+02, 5.118767e+01
1.000000e+02, 5.151349e+01
1.000000e+02, 5.184104e+01
1.000000e+02, 5.217033e+01
1.000000e+02, 5.250138e+01
1.000000e+02, 5.283419e+01
1.000000e+02, 5.316877e+01
1.000000e+02, 5.350515e+01
1.000000e+02, 5.384333e+01
1.000000e+02, 5.418332e+01
1.000000e+02, 5.452513e+01
1.000000e+02, 5.486879e+01
1.000000e+02, 5.521430e+01
1.000000e+02, 5.556168e+01
1.000000e+02, 5.591093e+01
1.000000e+02, 5.626208e+01
1.000000e+02, 5.661514e+01
1.000000e+02, 5.697012e+01
1.000000e+02, 5.732703e+01
1.000000e+02, 5.768590e+01
1.000000e+02, 5.804673e+01
1.000000e+02, 5.840954e+01
1.000000e+02, 5.877435e+01
1.000000e+02, 5.914117e+01
1.000000e+02, 5.951002e+01
1.000000e+02, 5.988091e+01
1.000000e+02, 6.025386e+01
1.000000e+02, 6.062889e+01
1.000000e+02, 6.100601e+01
1.000000e+02, 6.138525e+01
1.000000e+02, 6.176661e+01
1.000000e+02, 6.215011e+01
1.000000e+02, 6.253579e+01
1.000000e+02, 6.292364e+01
1.000000e+02, 6.331370e+01
1.000000e+02, 6.370597e+01
1.000000e+02, 6.410049e+01
1.000000e+02, 6.449726e+01
1.000000e+02, 6.489631e+01
1.000000e+02, 6.529767e+01
1.000000e+02, 6.570134e+01
1.000000e+02, 6.610736e+01
1.000000e+02, 6.651574e+01
1.000000e+02, 6.692650e+01
1.000000e+02, 6.733967e+01
1.000000e+02, 6.775527e+01
1.000000e+02, 6.817332e+01
1.000000e+02, 6.859385e+01
1.000000e+02, 6.901688e+01
1.000000e+02, 6.944244e+01
1.000000e+02, 6.987054e+01
1.000000e+02, 7.030123e+01
1.000000e+02, 7.073451e+01
1.000000e+02, 7.117042e+01
1.000000e+02, 7.160898e+01
1.000000e+02, 7.205023e+01
1.000000e+02, 7.249419e+01
1.000000e+02, 7.294088e+01
1.000000e+02, 7.339034e+01
1.000000e+02, 7.384260e+01
1.000000e+02, 7.429769e+01
1.000000e+02, 7.475564e+01
1.000000e+02, 7.521648e+01
1.000000e+02, 7.568024e+01
1.000000e+02, 7.614696e+01
1.000000e+02, 7.661667e+01
1.000000e+02, 7.708940e+01
1.000000e+02, 7.756519e+01
1.000000e+02, 7.804408e+01
1.000000e+02, 7.852610e+01
1.000000e+02, 7.901129e+01
1.000000e+02, 7.949969e+01
1.000000e+02, 7.999134e+01
1.000000e+02, 8.048627e+01
1.000000e+02, 8.098454e+01
1.000000e+02, 8.148618e+01
1.000000e+02, 8.199123e+01
1.000000e+02, 8.249975e+01
1.000000e+02, 8.301177e+01
1.000000e+02, 8.352734e+01
1.000000e+02, 8.404651e+01
1.000000e+02, 8.456933e+01
1.000000e+02, 8.509585e+01
1.000000e+02, 8.562611e+01
1.000000e+02, 8.616018e+01
1.000000e+02, 8.669811e+01
1.000000e+02, 8.723995e+01
1.000000e+02, 8.778576e+01
1.000000e+02, 8.833560e+01
1.000000e+02, 8.888953e+01
1.000000e+02, 8.944761e+01
1.000000e+02, 9.000990e+01
1.000000e+02, 9.057647e+01
1.000000e+02, 9.114739e+01
1.000000e+02, 9.172272e+01
1.000000e+02, 9.230255e+01
1.000000e+02, 9.288693e+01
1.000000e+02, 9.347595e+01
1.000000e+02, 9.406968e+01
1.000000e+02, 9.466821e+01
1.000000e+02, 9.527162e+01
1.000000e+02, 9.587999e+01
1.000000e+02, 9.649341e+01
1.000000e+02, 9.711198e+01
1.000000e+02, 9.773578e+01
1.000000e+02, 9.836491e+01
1.000000e+02, 9.899948e+01
1.000000e+02, 9.963959e+01
1.000000e+02, 1.002853e+02
1.000000e+02, 1.009369e+02
1.000000e+02, 1.015942e+02
1.000000e+02, 1.022576e+02
1.000000e+02, 1.029271e+02
1.000000e+02, 1.036028e+02
1.000000e+02, 1.042849e+02
1.000000e+02, 1.049736e+02
1.000000e+02, 1.056689e+02
1.000000e+02, 1.063709e+02
1.000000e+02, 1.070800e+02
1.000000e+02, 1.077962e+02
1.000000e+02, 1.085197e+02
1.000000e+02, 1.092506e+02
1.000000e+02, 1.099893e+02
1.000000e+02, 1.107357e+02
1.000000e+02, 1.114902e+02
1.000000e+02, 1.122530e+02
1.000000e+02, 1.130242e+02
1.000000e+02, 1.138042e+02
1.000000e+02, 1.145931e+02
1.000000e+02, 1.153912e+02
1.000000e+02, 1.161988e+02
1.000000e+02, 1.170161e+02
1.000000e+02, 1.178434e+02
1.000000e+02, 1.186811e+02
1.000000e+02, 1.195295e+02
1.000000e+02, 1.203889e+02
1.000000e+02, 1.212597e+02
1.000000e+02, 1.221422e+02
1.000000e+02, 1.230370e+02
1.000000e+02, 1.239443e+02
1.000000e+02, 1.248647e+02
1.000000e+02, 1.257987e+02
1.000000e+02, 1.267468e+02
1.000000e+02, 1.277095e+02
1.000000e+02, 1.286875e+02
1.000000e+02, 1.296814e+02
1.000000e+02, 1.306919e+02
1.000000e+02, 1.317197e+02
1.000000e+02, 1.327656e+02
1.000000e+02, 1.338306e+02
1.000000e+02, 1.349155e+02
1.000000e+02, 1.360214e+02
1.000000e+02, 1.371494e+02
1.000000e+02, 1.383008e+02
1.000000e+02, 1.394769e+02
1.000000e+02, 1.406791e+02
1.000000e+02, 1.419091e+02
1.000000e+02, 1.431688e+02
1.000000e+02, 1.444603e+02
1.000000e+02, 1.457857e+02
1.000000e+02, 1.471477e+02
1.000000e+02, 1.485494e+02
1.000000e+02, 1.499939e+02
1.000000e+02, 1.514854e+02
1.000000e+02, 1.530282e+02
1.000000e+02, 1.546278e+02
1.000000e+02, 1.562905e+02
1.000000e+02, 1.580240e+02
1.000000e+02, 1.598376e+02
1.000000e+02, 1.617431e+02
1.000000e+02, 1.637552e+02
1.000000e+02, 1.658935e+02
1.000000e+02, 1.681841e+02
1.000000e+02, 1.706640e+02
1.000000e+02, 1.733882e+02
1.000000e+02, 1.764459e+02
1.000000e+02, 1.800000e+02
##END= 