##TITLE= /opt/topspin3.0/exp/stan/nmr/lists/wave/user/HypSec_trunc2.84_110
##JCAMP-DX= 5.00 Bruker JCAMP library
##DATA TYPE= Shape Data
##ORIGIN= Bruker BioSpin GmbH
##OWNER= <nmrsu>
##DATE= 15/02/24
##TIME= 16:15:04
##MINX= 1.164538e+01
##MAXX= 9.999960e+01
##MINY= 2.546774e-02
##MAXY= 3.585574e+02
##$SHAPE_EXMODE= Adiabatic
##$SHAPE_TOTROT= 1.800000e+02
##$SHAPE_BWFAC= 1.929340e+02
##$SHAPE_INTEGFAC= 2.356110e-02
##$SHAPE_MODE= 0
##NPOINTS= 1000
##XYPOINTS= (XY..XY)
1.000000e+02, 1.800000e+02
1.000000e+02, 1.746855e+02
1.000000e+02, 1.701133e+02
1.000000e+02, 1.660396e+02
1.000000e+02, 1.623314e+02
1.000000e+02, 1.589062e+02
1.000000e+02, 1.557088e+02
1.000000e+02, 1.526999e+02
1.000000e+02, 1.498506e+02
1.000000e+02, 1.471387e+02
1.000000e+02, 1.445465e+02
1.000000e+02, 1.420602e+02
1.000000e+02, 1.396683e+02
1.000000e+02, 1.373613e+02
1.000000e+02, 1.351311e+02
1.000000e+02, 1.329710e+02
1.000000e+02, 1.308751e+02
1.000000e+02, 1.288384e+02
1.000000e+02, 1.268565e+02
1.000000e+02, 1.249254e+02
1.000000e+02, 1.230417e+02
1.000000e+02, 1.212023e+02
1.000000e+02, 1.194046e+02
1.000000e+02, 1.176461e+02
1.000000e+02, 1.159244e+02
1.000000e+02, 1.142376e+02
1.000000e+02, 1.125840e+02
1.000000e+02, 1.109616e+02
1.000000e+02, 1.093692e+02
1.000000e+02, 1.078051e+02
1.000000e+02, 1.062682e+02
1.000000e+02, 1.047572e+02
1.000000e+02, 1.032710e+02
1.000000e+02, 1.018086e+02
1.000000e+02, 1.003690e+02
1.000000e+02, 9.895132e+01
1.000000e+02, 9.755471e+01
1.000000e+02, 9.617838e+01
1.000000e+02, 9.482161e+01
1.000000e+02, 9.348370e+01
1.000000e+02, 9.216400e+01
1.000000e+02, 9.086190e+01
1.000000e+02, 8.957682e+01
1.000000e+02, 8.830823e+01
1.000000e+02, 8.705559e+01
1.000000e+02, 8.581843e+01
1.000000e+02, 8.459628e+01
1.000000e+02, 8.338871e+01
1.000000e+02, 8.219528e+01
1.000000e+02, 8.101562e+01
1.000000e+02, 7.984933e+01
1.000000e+02, 7.869607e+01
1.000000e+02, 7.755548e+01
1.000000e+02, 7.642724e+01
1.000000e+02, 7.531104e+01
1.000000e+02, 7.420657e+01
1.000000e+02, 7.311354e+01
1.000000e+02, 7.203170e+01
1.000000e+02, 7.096076e+01
1.000000e+02, 6.990048e+01
1.000000e+02, 6.885062e+01
1.000000e+02, 6.781094e+01
1.000000e+02, 6.678121e+01
1.000000e+02, 6.576123e+01
1.000000e+02, 6.475079e+01
1.000000e+02, 6.374969e+01
1.000000e+02, 6.275773e+01
1.000000e+02, 6.177473e+01
1.000000e+02, 6.080051e+01
1.000000e+02, 5.983490e+01
1.000000e+02, 5.887773e+01
1.000000e+02, 5.792884e+01
1.000000e+02, 5.698808e+01
1.000000e+02, 5.605529e+01
1.000000e+02, 5.513033e+01
1.000000e+02, 5.421307e+01
1.000000e+02, 5.330336e+01
1.000000e+02, 5.240106e+01
1.000000e+02, 5.150607e+01
1.000000e+02, 5.061824e+01
1.000000e+02, 4.973746e+01
1.000000e+02, 4.886362e+01
1.000000e+02, 4.799659e+01
1.000000e+02, 4.713628e+01
1.000000e+02, 4.628257e+01
1.000000e+02, 4.543536e+01
1.000000e+02, 4.459455e+01
1.000000e+02, 4.376004e+01
1.000000e+02, 4.293174e+01
1.000000e+02, 4.210955e+01
1.000000e+02, 4.129338e+01
1.000000e+02, 4.048316e+01
1.000000e+02, 3.967878e+01
1.000000e+02, 3.888017e+01
1.000000e+02, 3.808724e+01
1.000000e+02, 3.729993e+01
1.000000e+02, 3.651814e+01
1.000000e+02, 3.574181e+01
1.000000e+02, 3.497086e+01
1.000000e+02, 3.420523e+01
1.000000e+02, 3.344483e+01
1.000000e+02, 3.268961e+01
1.000000e+02, 3.193950e+01
1.000000e+02, 3.119443e+01
1.000000e+02, 3.045433e+01
1.000000e+02, 2.971916e+01
1.000000e+02, 2.898884e+01
1.000000e+02, 2.826332e+01
1.000000e+02, 2.754255e+01
1.000000e+02, 2.682645e+01
1.000000e+02, 2.611499e+01
1.000000e+02, 2.540810e+01
1.000000e+02, 2.470573e+01
1.000000e+02, 2.400784e+01
1.000000e+02, 2.331436e+01
1.000000e+02, 2.262526e+01
1.000000e+02, 2.194047e+01
1.000000e+02, 2.125997e+01
1.000000e+02, 2.058369e+01
1.000000e+02, 1.991159e+01
1.000000e+02, 1.924364e+01
1.000000e+02, 1.857978e+01
1.000000e+02, 1.791997e+01
1.000000e+02, 1.726417e+01
1.000000e+02, 1.661235e+01
1.000000e+02, 1.596445e+01
1.000000e+02, 1.532044e+01
1.000000e+02, 1.468028e+01
1.000000e+02, 1.404394e+01
1.000000e+02, 1.341137e+01
1.000000e+02, 1.278254e+01
1.000000e+02, 1.215741e+01
1.000000e+02, 1.153595e+01
1.000000e+02, 1.091813e+01
1.000000e+02, 1.030390e+01
1.000000e+02, 9.693243e+00
1.000000e+02, 9.086117e+00
1.000000e+02, 8.482492e+00
1.000000e+02, 7.882338e+00
1.000000e+02, 7.285622e+00
1.000000e+02, 6.692314e+00
1.000000e+02, 6.102385e+00
1.000000e+02, 5.515804e+00
1.000000e+02, 4.932544e+00
1.000000e+02, 4.352575e+00
1.000000e+02, 3.775870e+00
1.000000e+02, 3.202401e+00
1.000000e+02, 2.632141e+00
1.000000e+02, 2.065063e+00
1.000000e+02, 1.501142e+00
1.000000e+02, 9.403516e-01
1.000000e+02, 3.826667e-01
1.000000e+02, 3.598281e+02
1.000000e+02, 3.592765e+02
1.000000e+02, 3.587280e+02
1.000000e+02, 3.581825e+02
1.000000e+02, 3.576400e+02
1.000000e+02, 3.571004e+02
1.000000e+02, 3.565638e+02
1.000000e+02, 3.560301e+02
1.000000e+02, 3.554993e+02
1.000000e+02, 3.549713e+02
1.000000e+02, 3.544463e+02
1.000000e+02, 3.539240e+02
1.000000e+02, 3.534046e+02
1.000000e+02, 3.528879e+02
1.000000e+02, 3.523740e+02
1.000000e+02, 3.518629e+02
1.000000e+02, 3.513545e+02
1.000000e+02, 3.508488e+02
1.000000e+02, 3.503458e+02
1.000000e+02, 3.498455e+02
1.000000e+02, 3.493479e+02
1.000000e+02, 3.488528e+02
1.000000e+02, 3.483604e+02
1.000000e+02, 3.478706e+02
1.000000e+02, 3.473834e+02
1.000000e+02, 3.468988e+02
1.000000e+02, 3.464167e+02
1.000000e+02, 3.459371e+02
1.000000e+02, 3.454601e+02
1.000000e+02, 3.449856e+02
1.000000e+02, 3.445135e+02
1.000000e+02, 3.440440e+02
1.000000e+02, 3.435768e+02
1.000000e+02, 3.431122e+02
1.000000e+02, 3.426499e+02
1.000000e+02, 3.421901e+02
1.000000e+02, 3.417326e+02
1.000000e+02, 3.412776e+02
1.000000e+02, 3.408249e+02
1.000000e+02, 3.403745e+02
1.000000e+02, 3.399265e+02
1.000000e+02, 3.394809e+02
1.000000e+02, 3.390375e+02
1.000000e+02, 3.385964e+02
1.000000e+02, 3.381577e+02
1.000000e+02, 3.377212e+02
1.000000e+02, 3.372869e+02
1.000000e+02, 3.368549e+02
1.000000e+02, 3.364252e+02
1.000000e+02, 3.359976e+02
1.000000e+02, 3.355723e+02
1.000000e+02, 3.351492e+02
1.000000e+02, 3.347282e+02
1.000000e+02, 3.343094e+02
1.000000e+02, 3.338928e+02
1.000000e+02, 3.334784e+02
1.000000e+02, 3.330660e+02
1.000000e+02, 3.326559e+02
1.000000e+02, 3.322478e+02
1.000000e+02, 3.318418e+02
1.000000e+02, 3.314379e+02
1.000000e+02, 3.310362e+02
1.000000e+02, 3.306365e+02
1.000000e+02, 3.302388e+02
1.000000e+02, 3.298432e+02
1.000000e+02, 3.294497e+02
1.000000e+02, 3.290581e+02
1.000000e+02, 3.286687e+02
1.000000e+02, 3.282812e+02
1.000000e+02, 3.278957e+02
1.000000e+02, 3.275122e+02
1.000000e+02, 3.271307e+02
1.000000e+02, 3.267512e+02
1.000000e+02, 3.263737e+02
1.000000e+02, 3.259981e+02
1.000000e+02, 3.256244e+02
1.000000e+02, 3.252527e+02
1.000000e+02, 3.248829e+02
1.000000e+02, 3.245151e+02
1.000000e+02, 3.241491e+02
1.000000e+02, 3.237851e+02
1.000000e+02, 3.234229e+02
1.000000e+02, 3.230627e+02
1.000000e+02, 3.227043e+02
1.000000e+02, 3.223478e+02
1.000000e+02, 3.219931e+02
1.000000e+02, 3.216404e+02
1.000000e+02, 3.212894e+02
1.000000e+02, 3.209403e+02
1.000000e+02, 3.205930e+02
1.000000e+02, 3.202476e+02
1.000000e+02, 3.199039e+02
1.000000e+02, 3.195621e+02
1.000000e+02, 3.192221e+02
1.000000e+02, 3.188839e+02
1.000000e+02, 3.185474e+02
1.000000e+02, 3.182127e+02
1.000000e+02, 3.178798e+02
1.000000e+02, 3.175487e+02
1.000000e+02, 3.172193e+02
1.000000e+02, 3.168917e+02
1.000000e+02, 3.165658e+02
1.000000e+02, 3.162417e+02
1.000000e+02, 3.159193e+02
1.000000e+02, 3.155986e+02
1.000000e+02, 3.152796e+02
1.000000e+02, 3.149624e+02
1.000000e+02, 3.146468e+02
1.000000e+02, 3.143330e+02
1.000000e+02, 3.140208e+02
1.000000e+02, 3.137103e+02
1.000000e+02, 3.134016e+02
1.000000e+02, 3.130944e+02
1.000000e+02, 3.127890e+02
1.000000e+02, 3.124852e+02
1.000000e+02, 3.121830e+02
1.000000e+02, 3.118826e+02
1.000000e+02, 3.115837e+02
1.000000e+02, 3.112865e+02
1.000000e+02, 3.109909e+02
1.000000e+02, 3.106970e+02
1.000000e+02, 3.104047e+02
1.000000e+02, 3.101140e+02
1.000000e+02, 3.098249e+02
1.000000e+02, 3.095374e+02
1.000000e+02, 3.092515e+02
1.000000e+02, 3.089672e+02
1.000000e+02, 3.086845e+02
1.000000e+02, 3.084034e+02
1.000000e+02, 3.081238e+02
1.000000e+02, 3.078458e+02
1.000000e+02, 3.075694e+02
1.000000e+02, 3.072946e+02
1.000000e+02, 3.070213e+02
1.000000e+02, 3.067496e+02
1.000000e+02, 3.064794e+02
1.000000e+02, 3.062108e+02
1.000000e+02, 3.059437e+02
1.000000e+02, 3.056782e+02
1.000000e+02, 3.054141e+02
1.000000e+02, 3.051516e+02
1.000000e+02, 3.048907e+02
1.000000e+02, 3.046312e+02
1.000000e+02, 3.043732e+02
1.000000e+02, 3.041168e+02
1.000000e+02, 3.038619e+02
1.000000e+02, 3.036084e+02
1.000000e+02, 3.033565e+02
1.000000e+02, 3.031060e+02
1.000000e+02, 3.028571e+02
1.000000e+02, 3.026096e+02
1.000000e+02, 3.023636e+02
1.000000e+02, 3.021190e+02
1.000000e+02, 3.018760e+02
1.000000e+02, 3.016344e+02
1.000000e+02, 3.013943e+02
1.000000e+02, 3.011556e+02
1.000000e+02, 3.009184e+02
1.000000e+02, 3.006826e+02
1.000000e+02, 3.004483e+02
1.000000e+02, 3.002154e+02
1.000000e+02, 2.999839e+02
1.000000e+02, 2.997539e+02
1.000000e+02, 2.995254e+02
1.000000e+02, 2.992982e+02
1.000000e+02, 2.990725e+02
1.000000e+02, 2.988482e+02
1.000000e+02, 2.986253e+02
1.000000e+02, 2.984038e+02
1.000000e+02, 2.981838e+02
1.000000e+02, 2.979651e+02
1.000000e+02, 2.977479e+02
1.000000e+02, 2.975320e+02
1.000000e+02, 2.973175e+02
1.000000e+02, 2.971045e+02
1.000000e+02, 2.968928e+02
1.000000e+02, 2.966825e+02
1.000000e+02, 2.964736e+02
1.000000e+02, 2.962661e+02
1.000000e+02, 2.960600e+02
1.000000e+02, 2.958552e+02
1.000000e+02, 2.956518e+02
1.000000e+02, 2.954498e+02
1.000000e+02, 2.952491e+02
1.000000e+02, 2.950498e+02
1.000000e+02, 2.948519e+02
1.000000e+02, 2.946553e+02
1.000000e+02, 2.944600e+02
1.000000e+02, 2.942661e+02
1.000000e+02, 2.940736e+02
1.000000e+02, 2.938824e+02
1.000000e+02, 2.936926e+02
1.000000e+02, 2.935041e+02
1.000000e+02, 2.933169e+02
1.000000e+02, 2.931310e+02
1.000000e+02, 2.929465e+02
1.000000e+02, 2.927633e+02
1.000000e+02, 2.925815e+02
1.000000e+02, 2.924009e+02
1.000000e+02, 2.922217e+02
1.000000e+02, 2.920438e+02
1.000000e+02, 2.918672e+02
1.000000e+02, 2.916920e+02
1.000000e+02, 2.915180e+02
1.000000e+02, 2.913454e+02
1.000000e+02, 2.911740e+02
1.000000e+02, 2.910040e+02
1.000000e+02, 2.908352e+02
1.000000e+02, 2.906678e+02
1.000000e+02, 2.905016e+02
1.000000e+02, 2.903368e+02
1.000000e+02, 2.901732e+02
1.000000e+02, 2.900109e+02
1.000000e+02, 2.898500e+02
1.000000e+02, 2.896903e+02
1.000000e+02, 2.895318e+02
1.000000e+02, 2.893747e+02
1.000000e+02, 2.892188e+02
1.000000e+02, 2.890642e+02
1.000000e+02, 2.889109e+02
1.000000e+02, 2.887589e+02
1.000000e+02, 2.886081e+02
1.000000e+02, 2.884586e+02
1.000000e+02, 2.883103e+02
1.000000e+02, 2.881634e+02
1.000000e+02, 2.880177e+02
1.000000e+02, 2.878732e+02
1.000000e+02, 2.877300e+02
1.000000e+02, 2.875880e+02
1.000000e+02, 2.874474e+02
1.000000e+02, 2.873079e+02
1.000000e+02, 2.871697e+02
1.000000e+02, 2.870328e+02
1.000000e+02, 2.868971e+02
1.000000e+02, 2.867626e+02
1.000000e+02, 2.866294e+02
1.000000e+02, 2.864975e+02
1.000000e+02, 2.863667e+02
1.000000e+02, 2.862372e+02
1.000000e+02, 2.861090e+02
1.000000e+02, 2.859820e+02
1.000000e+02, 2.858562e+02
1.000000e+02, 2.857316e+02
1.000000e+02, 2.856083e+02
1.000000e+02, 2.854862e+02
1.000000e+02, 2.853653e+02
1.000000e+02, 2.852457e+02
1.000000e+02, 2.851272e+02
1.000000e+02, 2.850100e+02
1.000000e+02, 2.848940e+02
1.000000e+02, 2.847793e+02
1.000000e+02, 2.846657e+02
1.000000e+02, 2.845534e+02
1.000000e+02, 2.844423e+02
1.000000e+02, 2.843323e+02
1.000000e+02, 2.842236e+02
1.000000e+02, 2.841162e+02
1.000000e+02, 2.840099e+02
1.000000e+02, 2.839048e+02
1.000000e+02, 2.838009e+02
1.000000e+02, 2.836983e+02
1.000000e+02, 2.835968e+02
1.000000e+02, 2.834965e+02
1.000000e+02, 2.833975e+02
1.000000e+02, 2.832996e+02
1.000000e+02, 2.832030e+02
1.000000e+02, 2.831075e+02
1.000000e+02, 2.830132e+02
1.000000e+02, 2.829201e+02
1.000000e+02, 2.828283e+02
1.000000e+02, 2.827376e+02
1.000000e+02, 2.826481e+02
1.000000e+02, 2.825598e+02
1.000000e+02, 2.824726e+02
1.000000e+02, 2.823867e+02
1.000000e+02, 2.823020e+02
1.000000e+02, 2.822184e+02
1.000000e+02, 2.821360e+02
1.000000e+02, 2.820548e+02
1.000000e+02, 2.819748e+02
1.000000e+02, 2.818960e+02
1.000000e+02, 2.818183e+02
1.000000e+02, 2.817419e+02
1.000000e+02, 2.816666e+02
1.000000e+02, 2.815925e+02
1.000000e+02, 2.815195e+02
1.000000e+02, 2.814478e+02
1.000000e+02, 2.813772e+02
1.000000e+02, 2.813078e+02
1.000000e+02, 2.812395e+02
1.000000e+02, 2.811725e+02
1.000000e+02, 2.811066e+02
1.000000e+02, 2.810418e+02
1.000000e+02, 2.809783e+02
1.000000e+02, 2.809159e+02
1.000000e+02, 2.808547e+02
1.000000e+02, 2.807946e+02
1.000000e+02, 2.807358e+02
1.000000e+02, 2.806780e+02
1.000000e+02, 2.806215e+02
1.000000e+02, 2.805661e+02
1.000000e+02, 2.805119e+02
1.000000e+02, 2.804588e+02
1.000000e+02, 2.804069e+02
1.000000e+02, 2.803562e+02
1.000000e+02, 2.803066e+02
1.000000e+02, 2.802582e+02
1.000000e+02, 2.802110e+02
1.000000e+02, 2.801649e+02
1.000000e+02, 2.801199e+02
1.000000e+02, 2.800762e+02
1.000000e+02, 2.800336e+02
1.000000e+02, 2.799921e+02
1.000000e+02, 2.799518e+02
1.000000e+02, 2.799127e+02
1.000000e+02, 2.798747e+02
1.000000e+02, 2.798378e+02
1.000000e+02, 2.798022e+02
1.000000e+02, 2.797677e+02
1.000000e+02, 2.797343e+02
1.000000e+02, 2.797021e+02
1.000000e+02, 2.796710e+02
1.000000e+02, 2.796411e+02
1.000000e+02, 2.796124e+02
1.000000e+02, 2.795848e+02
1.000000e+02, 2.795583e+02
1.000000e+02, 2.795330e+02
1.000000e+02, 2.795089e+02
1.000000e+02, 2.794859e+02
1.000000e+02, 2.794641e+02
1.000000e+02, 2.794434e+02
1.000000e+02, 2.794238e+02
1.000000e+02, 2.794055e+02
1.000000e+02, 2.793882e+02
1.000000e+02, 2.793721e+02
1.000000e+02, 2.793572e+02
1.000000e+02, 2.793434e+02
1.000000e+02, 2.793308e+02
1.000000e+02, 2.793193e+02
1.000000e+02, 2.793089e+02
1.000000e+02, 2.792998e+02
1.000000e+02, 2.792917e+02
1.000000e+02, 2.792848e+02
1.000000e+02, 2.792791e+02
1.000000e+02, 2.792745e+02
1.000000e+02, 2.792710e+02
1.000000e+02, 2.792687e+02
1.000000e+02, 2.792676e+02
1.000000e+02, 2.792676e+02
1.000000e+02, 2.792687e+02
1.000000e+02, 2.792710e+02
1.000000e+02, 2.792745e+02
1.000000e+02, 2.792791e+02
1.000000e+02, 2.792848e+02
1.000000e+02, 2.792917e+02
1.000000e+02, 2.792998e+02
1.000000e+02, 2.793089e+02
1.000000e+02, 2.793193e+02
1.000000e+02, 2.793308e+02
1.000000e+02, 2.793434e+02
1.000000e+02, 2.793572e+02
1.000000e+02, 2.793721e+02
1.000000e+02, 2.793882e+02
1.000000e+02, 2.794055e+02
1.000000e+02, 2.794238e+02
1.000000e+02, 2.794434e+02
1.000000e+02, 2.794641e+02
1.000000e+02, 2.794859e+02
1.000000e+02, 2.795089e+02
1.000000e+02, 2.795330e+02
1.000000e+02, 2.795583e+02
1.000000e+02, 2.795848e+02
1.000000e+02, 2.796124e+02
1.000000e+02, 2.796411e+02
1.000000e+02, 2.796710e+02
1.000000e+02, 2.797021e+02
1.000000e+02, 2.797343e+02
1.000000e+02, 2.797677e+02
1.000000e+02, 2.798022e+02
1.000000e+02, 2.798378e+02
1.000000e+02, 2.798747e+02
1.000000e+02, 2.799127e+02
1.000000e+02, 2.799518e+02
1.000000e+02, 2.799921e+02
1.000000e+02, 2.800336e+02
1.000000e+02, 2.800762e+02
1.000000e+02, 2.801199e+02
1.000000e+02, 2.801649e+02
1.000000e+02, 2.802110e+02
1.000000e+02, 2.802582e+02
1.000000e+02, 2.803066e+02
1.000000e+02, 2.803562e+02
1.000000e+02, 2.804069e+02
1.000000e+02, 2.804588e+02
1.000000e+02, 2.805119e+02
1.000000e+02, 2.805661e+02
1.000000e+02, 2.806215e+02
1.000000e+02, 2.806780e+02
1.000000e+02, 2.807358e+02
1.000000e+02, 2.807946e+02
1.000000e+02, 2.808547e+02
1.000000e+02, 2.809159e+02
1.000000e+02, 2.809783e+02
1.000000e+02, 2.810418e+02
1.000000e+02, 2.811066e+02
1.000000e+02, 2.811725e+02
1.000000e+02, 2.812395e+02
1.000000e+02, 2.813078e+02
1.000000e+02, 2.813772e+02
1.000000e+02, 2.814478e+02
1.000000e+02, 2.815195e+02
1.000000e+02, 2.815925e+02
1.000000e+02, 2.816666e+02
1.000000e+02, 2.817419e+02
1.000000e+02, 2.818183e+02
1.000000e+02, 2.818960e+02
1.000000e+02, 2.819748e+02
1.000000e+02, 2.820548e+02
1.000000e+02, 2.821360e+02
1.000000e+02, 2.822184e+02
1.000000e+02, 2.823020e+02
1.000000e+02, 2.823867e+02
1.000000e+02, 2.824726e+02
1.000000e+02, 2.825598e+02
1.000000e+02, 2.826481e+02
1.000000e+02, 2.827376e+02
1.000000e+02, 2.828283e+02
1.000000e+02, 2.829202e+02
1.000000e+02, 2.830132e+02
1.000000e+02, 2.831075e+02
1.000000e+02, 2.832030e+02
1.000000e+02, 2.832996e+02
1.000000e+02, 2.833975e+02
1.000000e+02, 2.834965e+02
1.000000e+02, 2.835968e+02
1.000000e+02, 2.836983e+02
1.000000e+02, 2.838009e+02
1.000000e+02, 2.839048e+02
1.000000e+02, 2.840099e+02
1.000000e+02, 2.841162e+02
1.000000e+02, 2.842236e+02
1.000000e+02, 2.843323e+02
1.000000e+02, 2.844423e+02
1.000000e+02, 2.845534e+02
1.000000e+02, 2.846657e+02
1.000000e+02, 2.847793e+02
1.000000e+02, 2.848940e+02
1.000000e+02, 2.850100e+02
1.000000e+02, 2.851272e+02
1.000000e+02, 2.852457e+02
1.000000e+02, 2.853653e+02
1.000000e+02, 2.854862e+02
1.000000e+02, 2.856083e+02
1.000000e+02, 2.857316e+02
1.000000e+02, 2.858562e+02
1.000000e+02, 2.859820e+02
1.000000e+02, 2.861090e+02
1.000000e+02, 2.862372e+02
1.000000e+02, 2.863667e+02
1.000000e+02, 2.864975e+02
1.000000e+02, 2.866294e+02
1.000000e+02, 2.867626e+02
1.000000e+02, 2.868971e+02
1.000000e+02, 2.870328e+02
1.000000e+02, 2.871697e+02
1.000000e+02, 2.873079e+02
1.000000e+02, 2.874474e+02
1.000000e+02, 2.875880e+02
1.000000e+02, 2.877300e+02
1.000000e+02, 2.878732e+02
1.000000e+02, 2.880177e+02
1.000000e+02, 2.881634e+02
1.000000e+02, 2.883103e+02
1.000000e+02, 2.884586e+02
1.000000e+02, 2.886081e+02
1.000000e+02, 2.887589e+02
1.000000e+02, 2.889109e+02
1.000000e+02, 2.890642e+02
1.000000e+02, 2.892188e+02
1.000000e+02, 2.893747e+02
1.000000e+02, 2.895318e+02
1.000000e+02, 2.896903e+02
1.000000e+02, 2.898500e+02
1.000000e+02, 2.900109e+02
1.000000e+02, 2.901732e+02
1.000000e+02, 2.903368e+02
1.000000e+02, 2.905016e+02
1.000000e+02, 2.906678e+02
1.000000e+02, 2.908352e+02
1.000000e+02, 2.910040e+02
1.000000e+02, 2.911740e+02
1.000000e+02, 2.913454e+02
1.000000e+02, 2.915180e+02
1.000000e+02, 2.916920e+02
1.000000e+02, 2.918673e+02
1.000000e+02, 2.920438e+02
1.000000e+02, 2.922217e+02
1.000000e+02, 2.924009e+02
1.000000e+02, 2.925815e+02
1.000000e+02, 2.927633e+02
1.000000e+02, 2.929465e+02
1.000000e+02, 2.931310e+02
1.000000e+02, 2.933169e+02
1.000000e+02, 2.935041e+02
1.000000e+02, 2.936926e+02
1.000000e+02, 2.938824e+02
1.000000e+02, 2.940736e+02
1.000000e+02, 2.942661e+02
1.000000e+02, 2.944600e+02
1.000000e+02, 2.946553e+02
1.000000e+02, 2.948519e+02
1.000000e+02, 2.950498e+02
1.000000e+02, 2.952491e+02
1.000000e+02, 2.954498e+02
1.000000e+02, 2.956518e+02
1.000000e+02, 2.958552e+02
1.000000e+02, 2.960600e+02
1.000000e+02, 2.962661e+02
1.000000e+02, 2.964736e+02
1.000000e+02, 2.966825e+02
1.000000e+02, 2.968928e+02
1.000000e+02, 2.971045e+02
1.000000e+02, 2.973175e+02
1.000000e+02, 2.975320e+02
1.000000e+02, 2.977479e+02
1.000000e+02, 2.979651e+02
1.000000e+02, 2.981838e+02
1.000000e+02, 2.984038e+02
1.000000e+02, 2.986253e+02
1.000000e+02, 2.988482e+02
1.000000e+02, 2.990725e+02
1.000000e+02, 2.992982e+02
1.000000e+02, 2.995254e+02
1.000000e+02, 2.997539e+02
1.000000e+02, 2.999839e+02
1.000000e+02, 3.002154e+02
1.000000e+02, 3.004483e+02
1.000000e+02, 3.006826e+02
1.000000e+02, 3.009184e+02
1.000000e+02, 3.011556e+02
1.000000e+02, 3.013943e+02
1.000000e+02, 3.016344e+02
1.000000e+02, 3.018760e+02
1.000000e+02, 3.021190e+02
1.000000e+02, 3.023636e+02
1.000000e+02, 3.026096e+02
1.000000e+02, 3.028571e+02
1.000000e+02, 3.031060e+02
1.000000e+02, 3.033565e+02
1.000000e+02, 3.036084e+02
1.000000e+02, 3.038619e+02
1.000000e+02, 3.041168e+02
1.000000e+02, 3.043732e+02
1.000000e+02, 3.046312e+02
1.000000e+02, 3.048907e+02
1.000000e+02, 3.051516e+02
1.000000e+02, 3.054141e+02
1.000000e+02, 3.056782e+02
1.000000e+02, 3.059437e+02
1.000000e+02, 3.062108e+02
1.000000e+02, 3.064794e+02
1.000000e+02, 3.067496e+02
1.000000e+02, 3.070213e+02
1.000000e+02, 3.072946e+02
1.000000e+02, 3.075694e+02
1.000000e+02, 3.078458e+02
1.000000e+02, 3.081238e+02
1.000000e+02, 3.084034e+02
1.000000e+02, 3.086845e+02
1.000000e+02, 3.089672e+02
1.000000e+02, 3.092515e+02
1.000000e+02, 3.095374e+02
1.000000e+02, 3.098249e+02
1.000000e+02, 3.101140e+02
1.000000e+02, 3.104047e+02
1.000000e+02, 3.106970e+02
1.000000e+02, 3.109909e+02
1.000000e+02, 3.112865e+02
1.000000e+02, 3.115837e+02
1.000000e+02, 3.118826e+02
1.000000e+02, 3.121830e+02
1.000000e+02, 3.124852e+02
1.000000e+02, 3.127890e+02
1.000000e+02, 3.130944e+02
1.000000e+02, 3.134016e+02
1.000000e+02, 3.137103e+02
1.000000e+02, 3.140208e+02
1.000000e+02, 3.143330e+02
1.000000e+02, 3.146468e+02
1.000000e+02, 3.149624e+02
1.000000e+02, 3.152796e+02
1.000000e+02, 3.155986e+02
1.000000e+02, 3.159193e+02
1.000000e+02, 3.162417e+02
1.000000e+02, 3.165658e+02
1.000000e+02, 3.168917e+02
1.000000e+02, 3.172193e+02
1.000000e+02, 3.175487e+02
1.000000e+02, 3.178798e+02
1.000000e+02, 3.182127e+02
1.000000e+02, 3.185474e+02
1.000000e+02, 3.188839e+02
1.000000e+02, 3.192221e+02
1.000000e+02, 3.195621e+02
1.000000e+02, 3.199039e+02
1.000000e+02, 3.202476e+02
1.000000e+02, 3.205930e+02
1.000000e+02, 3.209403e+02
1.000000e+02, 3.212894e+02
1.000000e+02, 3.216404e+02
1.000000e+02, 3.219931e+02
1.000000e+02, 3.223478e+02
1.000000e+02, 3.227043e+02
1.000000e+02, 3.230627e+02
1.000000e+02, 3.234229e+02
1.000000e+02, 3.237851e+02
1.000000e+02, 3.241491e+02
1.000000e+02, 3.245151e+02
1.000000e+02, 3.248829e+02
1.000000e+02, 3.252527e+02
1.000000e+02, 3.256244e+02
1.000000e+02, 3.259981e+02
1.000000e+02, 3.263737e+02
1.000000e+02, 3.267512e+02
1.000000e+02, 3.271307e+02
1.000000e+02, 3.275122e+02
1.000000e+02, 3.278957e+02
1.000000e+02, 3.282812e+02
1.000000e+02, 3.286687e+02
1.000000e+02, 3.290582e+02
1.000000e+02, 3.294497e+02
1.000000e+02, 3.298432e+02
1.000000e+02, 3.302388e+02
1.000000e+02, 3.306365e+02
1.000000e+02, 3.310362e+02
1.000000e+02, 3.314379e+02
1.000000e+02, 3.318418e+02
1.000000e+02, 3.322478e+02
1.000000e+02, 3.326559e+02
1.000000e+02, 3.330660e+02
1.000000e+02, 3.334784e+02
1.000000e+02, 3.338928e+02
1.000000e+02, 3.343094e+02
1.000000e+02, 3.347282e+02
1.000000e+02, 3.351492e+02
1.000000e+02, 3.355723e+02
1.000000e+02, 3.359976e+02
1.000000e+02, 3.364252e+02
1.000000e+02, 3.368549e+02
1.000000e+02, 3.372869e+02
1.000000e+02, 3.377212e+02
1.000000e+02, 3.381577e+02
1.000000e+02, 3.385964e+02
1.000000e+02, 3.390375e+02
1.000000e+02, 3.394809e+02
1.000000e+02, 3.399265e+02
1.000000e+02, 3.403745e+02
1.000000e+02, 3.408249e+02
1.000000e+02, 3.412776e+02
1.000000e+02, 3.417326e+02
1.000000e+02, 3.421901e+02
1.000000e+02, 3.426499e+02
1.000000e+02, 3.431122e+02
1.000000e+02, 3.435768e+02
1.000000e+02, 3.440440e+02
1.000000e+02, 3.445135e+02
1.000000e+02, 3.449856e+02
1.000000e+02, 3.454601e+02
1.000000e+02, 3.459371e+02
1.000000e+02, 3.464167e+02
1.000000e+02, 3.468988e+02
1.000000e+02, 3.473834e+02
1.000000e+02, 3.478706e+02
1.000000e+02, 3.483604e+02
1.000000e+02, 3.488528e+02
1.000000e+02, 3.493479e+02
1.000000e+02, 3.498455e+02
1.000000e+02, 3.503458e+02
1.000000e+02, 3.508488e+02
1.000000e+02, 3.513545e+02
1.000000e+02, 3.518629e+02
1.000000e+02, 3.523740e+02
1.000000e+02, 3.528879e+02
1.000000e+02, 3.534046e+02
1.000000e+02, 3.539240e+02
1.000000e+02, 3.544463e+02
1.000000e+02, 3.549713e+02
1.000000e+02, 3.554993e+02
1.000000e+02, 3.560301e+02
1.000000e+02, 3.565638e+02
1.000000e+02, 3.571004e+02
1.000000e+02, 3.576400e+02
1.000000e+02, 3.581825e+02
1.000000e+02, 3.587280e+02
1.000000e+02, 3.592765e+02
1.000000e+02, 3.598281e+02
1.000000e+02, 3.826688e-01
1.000000e+02, 9.403538e-01
1.000000e+02, 1.501144e+00
1.000000e+02, 2.065065e+00
1.000000e+02, 2.632143e+00
1.000000e+02, 3.202403e+00
1.000000e+02, 3.775872e+00
1.000000e+02, 4.352577e+00
1.000000e+02, 4.932546e+00
1.000000e+02, 5.515807e+00
1.000000e+02, 6.102387e+00
1.000000e+02, 6.692316e+00
1.000000e+02, 7.285624e+00
1.000000e+02, 7.882340e+00
1.000000e+02, 8.482495e+00
1.000000e+02, 9.086119e+00
1.000000e+02, 9.693245e+00
1.000000e+02, 1.030390e+01
1.000000e+02, 1.091813e+01
1.000000e+02, 1.153595e+01
1.000000e+02, 1.215741e+01
1.000000e+02, 1.278254e+01
1.000000e+02, 1.341137e+01
1.000000e+02, 1.404394e+01
1.000000e+02, 1.468028e+01
1.000000e+02, 1.532044e+01
1.000000e+02, 1.596445e+01
1.000000e+02, 1.661235e+01
1.000000e+02, 1.726418e+01
1.000000e+02, 1.791997e+01
1.000000e+02, 1.857978e+01
1.000000e+02, 1.924364e+01
1.000000e+02, 1.991160e+01
1.000000e+02, 2.058369e+01
1.000000e+02, 2.125997e+01
1.000000e+02, 2.194048e+01
1.000000e+02, 2.262526e+01
1.000000e+02, 2.331436e+01
1.000000e+02, 2.400784e+01
1.000000e+02, 2.470573e+01
1.000000e+02, 2.540810e+01
1.000000e+02, 2.611499e+01
1.000000e+02, 2.682645e+01
1.000000e+02, 2.754255e+01
1.000000e+02, 2.826333e+01
1.000000e+02, 2.898884e+01
1.000000e+02, 2.971916e+01
1.000000e+02, 3.045434e+01
1.000000e+02, 3.119443e+01
1.000000e+02, 3.193950e+01
1.000000e+02, 3.268961e+01
1.000000e+02, 3.344483e+01
1.000000e+02, 3.420523e+01
1.000000e+02, 3.497086e+01
1.000000e+02, 3.574181e+01
1.000000e+02, 3.651814e+01
1.000000e+02, 3.729993e+01
1.000000e+02, 3.808725e+01
1.000000e+02, 3.888017e+01
1.000000e+02, 3.967878e+01
1.000000e+02, 4.048316e+01
1.000000e+02, 4.129339e+01
1.000000e+02, 4.210955e+01
1.000000e+02, 4.293174e+01
1.000000e+02, 4.376004e+01
1.000000e+02, 4.459455e+01
1.000000e+02, 4.543536e+01
1.000000e+02, 4.628257e+01
1.000000e+02, 4.713628e+01
1.000000e+02, 4.799660e+01
1.000000e+02, 4.886362e+01
1.000000e+02, 4.973747e+01
1.000000e+02, 5.061824e+01
1.000000e+02, 5.150607e+01
1.000000e+02, 5.240107e+01
1.000000e+02, 5.330336e+01
1.000000e+02, 5.421307e+01
1.000000e+02, 5.513034e+01
1.000000e+02, 5.605529e+01
1.000000e+02, 5.698808e+01
1.000000e+02, 5.792884e+01
1.000000e+02, 5.887773e+01
1.000000e+02, 5.983490e+01
1.000000e+02, 6.080051e+01
1.000000e+02, 6.177473e+01
1.000000e+02, 6.275773e+01
1.000000e+02, 6.374969e+01
1.000000e+02, 6.475080e+01
1.000000e+02, 6.576124e+01
1.000000e+02, 6.678122e+01
1.000000e+02, 6.781094e+01
1.000000e+02, 6.885062e+01
1.000000e+02, 6.990048e+01
1.000000e+02, 7.096076e+01
1.000000e+02, 7.203170e+01
1.000000e+02, 7.311355e+01
1.000000e+02, 7.420657e+01
1.000000e+02, 7.531104e+01
1.000000e+02, 7.642724e+01
1.000000e+02, 7.755548e+01
1.000000e+02, 7.869607e+01
1.000000e+02, 7.984934e+01
1.000000e+02, 8.101562e+01
1.000000e+02, 8.219529e+01
1.000000e+02, 8.338871e+01
1.000000e+02, 8.459629e+01
1.000000e+02, 8.581843e+01
1.000000e+02, 8.705559e+01
1.000000e+02, 8.830823e+01
1.000000e+02, 8.957683e+01
1.000000e+02, 9.086190e+01
1.000000e+02, 9.216400e+01
1.000000e+02, 9.348370e+01
1.000000e+02, 9.482161e+01
1.000000e+02, 9.617838e+01
1.000000e+02, 9.755471e+01
1.000000e+02, 9.895133e+01
1.000000e+02, 1.003690e+02
1.000000e+02, 1.018086e+02
1.000000e+02, 1.032710e+02
1.000000e+02, 1.047572e+02
1.000000e+02, 1.062682e+02
1.000000e+02, 1.078051e+02
1.000000e+02, 1.093692e+02
1.000000e+02, 1.109616e+02
1.000000e+02, 1.125840e+02
1.000000e+02, 1.142377e+02
1.000000e+02, 1.159244e+02
1.000000e+02, 1.176461e+02
1.000000e+02, 1.194046e+02
1.000000e+02, 1.212024e+02
1.000000e+02, 1.230417e+02
1.000000e+02, 1.249254e+02
1.000000e+02, 1.268565e+02
1.000000e+02, 1.288384e+02
1.000000e+02, 1.308751e+02
1.000000e+02, 1.329710e+02
1.000000e+02, 1.351311e+02
1.000000e+02, 1.373613e+02
1.000000e+02, 1.396683e+02
1.000000e+02, 1.420602e+02
1.000000e+02, 1.445465e+02
1.000000e+02, 1.471387e+02
1.000000e+02, 1.498506e+02
1.000000e+02, 1.526999e+02
1.000000e+02, 1.557088e+02
1.000000e+02, 1.589062e+02
1.000000e+02, 1.623314e+02
1.000000e+02, 1.660396e+02
1.000000e+02, 1.701133e+02
1.000000e+02, 1.746855e+02
1.000000e+02, 1.800000e+02
##END= 