##TITLE= /opt/topspin3.0/exp/stan/nmr/lists/wave/user/HypSec_trunc2.84_110
##JCAMP-DX= 5.00 Bruker JCAMP library
##DATA TYPE= Shape Data
##ORIGIN= Bruker BioSpin GmbH
##OWNER= <nmrsu>
##DATE= 15/02/24
##TIME= 16:15:04
##MINX= 1.164538e+01
##MAXX= 9.999960e+01
##MINY= 2.546774e-02
##MAXY= 3.585574e+02
##$SHAPE_EXMODE= Adiabatic
##$SHAPE_TOTROT= 1.800000e+02
##$SHAPE_BWFAC= 1.929340e+02
##$SHAPE_INTEGFAC= 2.356110e-02
##$SHAPE_MODE= 0
##NPOINTS= 1000
##XYPOINTS= (XY..XY)
1.000000e+02, 1.800000e+02
1.000000e+02, 1.708657e+02
1.000000e+02, 1.630072e+02
1.000000e+02, 1.560055e+02
1.000000e+02, 1.496320e+02
1.000000e+02, 1.437450e+02
1.000000e+02, 1.382494e+02
1.000000e+02, 1.330780e+02
1.000000e+02, 1.281808e+02
1.000000e+02, 1.235196e+02
1.000000e+02, 1.190644e+02
1.000000e+02, 1.147910e+02
1.000000e+02, 1.106799e+02
1.000000e+02, 1.067147e+02
1.000000e+02, 1.028816e+02
1.000000e+02, 9.916889e+01
1.000000e+02, 9.556660e+01
1.000000e+02, 9.206602e+01
1.000000e+02, 8.865953e+01
1.000000e+02, 8.534046e+01
1.000000e+02, 8.210288e+01
1.000000e+02, 7.894154e+01
1.000000e+02, 7.585171e+01
1.000000e+02, 7.282917e+01
1.000000e+02, 6.987007e+01
1.000000e+02, 6.697096e+01
1.000000e+02, 6.412867e+01
1.000000e+02, 6.134031e+01
1.000000e+02, 5.860325e+01
1.000000e+02, 5.591505e+01
1.000000e+02, 5.327347e+01
1.000000e+02, 5.067645e+01
1.000000e+02, 4.812207e+01
1.000000e+02, 4.560855e+01
1.000000e+02, 4.313424e+01
1.000000e+02, 4.069759e+01
1.000000e+02, 3.829715e+01
1.000000e+02, 3.593159e+01
1.000000e+02, 3.359964e+01
1.000000e+02, 3.130010e+01
1.000000e+02, 2.903187e+01
1.000000e+02, 2.679389e+01
1.000000e+02, 2.458517e+01
1.000000e+02, 2.240476e+01
1.000000e+02, 2.025180e+01
1.000000e+02, 1.812543e+01
1.000000e+02, 1.602486e+01
1.000000e+02, 1.394934e+01
1.000000e+02, 1.189814e+01
1.000000e+02, 9.870595e+00
1.000000e+02, 7.866043e+00
1.000000e+02, 5.883869e+00
1.000000e+02, 3.923483e+00
1.000000e+02, 1.984320e+00
1.000000e+02, 6.584284e-02
1.000000e+02, 3.581675e+02
1.000000e+02, 3.562889e+02
1.000000e+02, 3.544295e+02
1.000000e+02, 3.525888e+02
1.000000e+02, 3.507665e+02
1.000000e+02, 3.489620e+02
1.000000e+02, 3.471750e+02
1.000000e+02, 3.454052e+02
1.000000e+02, 3.436521e+02
1.000000e+02, 3.419154e+02
1.000000e+02, 3.401948e+02
1.000000e+02, 3.384898e+02
1.000000e+02, 3.368003e+02
1.000000e+02, 3.351259e+02
1.000000e+02, 3.334662e+02
1.000000e+02, 3.318211e+02
1.000000e+02, 3.301902e+02
1.000000e+02, 3.285733e+02
1.000000e+02, 3.269700e+02
1.000000e+02, 3.253803e+02
1.000000e+02, 3.238037e+02
1.000000e+02, 3.222401e+02
1.000000e+02, 3.206893e+02
1.000000e+02, 3.191511e+02
1.000000e+02, 3.176251e+02
1.000000e+02, 3.161113e+02
1.000000e+02, 3.146093e+02
1.000000e+02, 3.131191e+02
1.000000e+02, 3.116405e+02
1.000000e+02, 3.101732e+02
1.000000e+02, 3.087170e+02
1.000000e+02, 3.072719e+02
1.000000e+02, 3.058376e+02
1.000000e+02, 3.044139e+02
1.000000e+02, 3.030008e+02
1.000000e+02, 3.015980e+02
1.000000e+02, 3.002054e+02
1.000000e+02, 2.988229e+02
1.000000e+02, 2.974503e+02
1.000000e+02, 2.960874e+02
1.000000e+02, 2.947342e+02
1.000000e+02, 2.933906e+02
1.000000e+02, 2.920562e+02
1.000000e+02, 2.907312e+02
1.000000e+02, 2.894152e+02
1.000000e+02, 2.881083e+02
1.000000e+02, 2.868103e+02
1.000000e+02, 2.855210e+02
1.000000e+02, 2.842404e+02
1.000000e+02, 2.829684e+02
1.000000e+02, 2.817048e+02
1.000000e+02, 2.804496e+02
1.000000e+02, 2.792026e+02
1.000000e+02, 2.779638e+02
1.000000e+02, 2.767330e+02
1.000000e+02, 2.755101e+02
1.000000e+02, 2.742952e+02
1.000000e+02, 2.730880e+02
1.000000e+02, 2.718885e+02
1.000000e+02, 2.706966e+02
1.000000e+02, 2.695122e+02
1.000000e+02, 2.683352e+02
1.000000e+02, 2.671656e+02
1.000000e+02, 2.660032e+02
1.000000e+02, 2.648481e+02
1.000000e+02, 2.637000e+02
1.000000e+02, 2.625590e+02
1.000000e+02, 2.614249e+02
1.000000e+02, 2.602978e+02
1.000000e+02, 2.591775e+02
1.000000e+02, 2.580639e+02
1.000000e+02, 2.569570e+02
1.000000e+02, 2.558567e+02
1.000000e+02, 2.547630e+02
1.000000e+02, 2.536758e+02
1.000000e+02, 2.525950e+02
1.000000e+02, 2.515205e+02
1.000000e+02, 2.504524e+02
1.000000e+02, 2.493905e+02
1.000000e+02, 2.483348e+02
1.000000e+02, 2.472853e+02
1.000000e+02, 2.462418e+02
1.000000e+02, 2.452043e+02
1.000000e+02, 2.441728e+02
1.000000e+02, 2.431472e+02
1.000000e+02, 2.421274e+02
1.000000e+02, 2.411135e+02
1.000000e+02, 2.401053e+02
1.000000e+02, 2.391028e+02
1.000000e+02, 2.381060e+02
1.000000e+02, 2.371148e+02
1.000000e+02, 2.361291e+02
1.000000e+02, 2.351490e+02
1.000000e+02, 2.341743e+02
1.000000e+02, 2.332051e+02
1.000000e+02, 2.322412e+02
1.000000e+02, 2.312827e+02
1.000000e+02, 2.303295e+02
1.000000e+02, 2.293815e+02
1.000000e+02, 2.284387e+02
1.000000e+02, 2.275012e+02
1.000000e+02, 2.265687e+02
1.000000e+02, 2.256413e+02
1.000000e+02, 2.247190e+02
1.000000e+02, 2.238017e+02
1.000000e+02, 2.228894e+02
1.000000e+02, 2.219820e+02
1.000000e+02, 2.210795e+02
1.000000e+02, 2.201819e+02
1.000000e+02, 2.192891e+02
1.000000e+02, 2.184011e+02
1.000000e+02, 2.175179e+02
1.000000e+02, 2.166394e+02
1.000000e+02, 2.157656e+02
1.000000e+02, 2.148964e+02
1.000000e+02, 2.140319e+02
1.000000e+02, 2.131720e+02
1.000000e+02, 2.123166e+02
1.000000e+02, 2.114658e+02
1.000000e+02, 2.106195e+02
1.000000e+02, 2.097777e+02
1.000000e+02, 2.089403e+02
1.000000e+02, 2.081073e+02
1.000000e+02, 2.072787e+02
1.000000e+02, 2.064545e+02
1.000000e+02, 2.056346e+02
1.000000e+02, 2.048190e+02
1.000000e+02, 2.040076e+02
1.000000e+02, 2.032005e+02
1.000000e+02, 2.023977e+02
1.000000e+02, 2.015990e+02
1.000000e+02, 2.008045e+02
1.000000e+02, 2.000142e+02
1.000000e+02, 1.992280e+02
1.000000e+02, 1.984458e+02
1.000000e+02, 1.976678e+02
1.000000e+02, 1.968937e+02
1.000000e+02, 1.961237e+02
1.000000e+02, 1.953577e+02
1.000000e+02, 1.945957e+02
1.000000e+02, 1.938376e+02
1.000000e+02, 1.930835e+02
1.000000e+02, 1.923332e+02
1.000000e+02, 1.915869e+02
1.000000e+02, 1.908444e+02
1.000000e+02, 1.901057e+02
1.000000e+02, 1.893709e+02
1.000000e+02, 1.886399e+02
1.000000e+02, 1.879126e+02
1.000000e+02, 1.871891e+02
1.000000e+02, 1.864693e+02
1.000000e+02, 1.857533e+02
1.000000e+02, 1.850409e+02
1.000000e+02, 1.843323e+02
1.000000e+02, 1.836273e+02
1.000000e+02, 1.829259e+02
1.000000e+02, 1.822281e+02
1.000000e+02, 1.815340e+02
1.000000e+02, 1.808434e+02
1.000000e+02, 1.801564e+02
1.000000e+02, 1.794729e+02
1.000000e+02, 1.787930e+02
1.000000e+02, 1.781166e+02
1.000000e+02, 1.774437e+02
1.000000e+02, 1.767743e+02
1.000000e+02, 1.761083e+02
1.000000e+02, 1.754457e+02
1.000000e+02, 1.747866e+02
1.000000e+02, 1.741309e+02
1.000000e+02, 1.734786e+02
1.000000e+02, 1.728297e+02
1.000000e+02, 1.721842e+02
1.000000e+02, 1.715420e+02
1.000000e+02, 1.709031e+02
1.000000e+02, 1.702675e+02
1.000000e+02, 1.696353e+02
1.000000e+02, 1.690063e+02
1.000000e+02, 1.683806e+02
1.000000e+02, 1.677582e+02
1.000000e+02, 1.671390e+02
1.000000e+02, 1.665230e+02
1.000000e+02, 1.659103e+02
1.000000e+02, 1.653007e+02
1.000000e+02, 1.646944e+02
1.000000e+02, 1.640912e+02
1.000000e+02, 1.634911e+02
1.000000e+02, 1.628943e+02
1.000000e+02, 1.623005e+02
1.000000e+02, 1.617099e+02
1.000000e+02, 1.611224e+02
1.000000e+02, 1.605380e+02
1.000000e+02, 1.599566e+02
1.000000e+02, 1.593784e+02
1.000000e+02, 1.588032e+02
1.000000e+02, 1.582310e+02
1.000000e+02, 1.576619e+02
1.000000e+02, 1.570957e+02
1.000000e+02, 1.565326e+02
1.000000e+02, 1.559725e+02
1.000000e+02, 1.554154e+02
1.000000e+02, 1.548613e+02
1.000000e+02, 1.543101e+02
1.000000e+02, 1.537619e+02
1.000000e+02, 1.532166e+02
1.000000e+02, 1.526743e+02
1.000000e+02, 1.521348e+02
1.000000e+02, 1.515983e+02
1.000000e+02, 1.510647e+02
1.000000e+02, 1.505339e+02
1.000000e+02, 1.500061e+02
1.000000e+02, 1.494811e+02
1.000000e+02, 1.489589e+02
1.000000e+02, 1.484396e+02
1.000000e+02, 1.479231e+02
1.000000e+02, 1.474095e+02
1.000000e+02, 1.468987e+02
1.000000e+02, 1.463907e+02
1.000000e+02, 1.458855e+02
1.000000e+02, 1.453830e+02
1.000000e+02, 1.448834e+02
1.000000e+02, 1.443865e+02
1.000000e+02, 1.438924e+02
1.000000e+02, 1.434010e+02
1.000000e+02, 1.429124e+02
1.000000e+02, 1.424265e+02
1.000000e+02, 1.419433e+02
1.000000e+02, 1.414628e+02
1.000000e+02, 1.409850e+02
1.000000e+02, 1.405100e+02
1.000000e+02, 1.400376e+02
1.000000e+02, 1.395679e+02
1.000000e+02, 1.391009e+02
1.000000e+02, 1.386365e+02
1.000000e+02, 1.381748e+02
1.000000e+02, 1.377157e+02
1.000000e+02, 1.372593e+02
1.000000e+02, 1.368055e+02
1.000000e+02, 1.363544e+02
1.000000e+02, 1.359058e+02
1.000000e+02, 1.354599e+02
1.000000e+02, 1.350165e+02
1.000000e+02, 1.345758e+02
1.000000e+02, 1.341376e+02
1.000000e+02, 1.337020e+02
1.000000e+02, 1.332690e+02
1.000000e+02, 1.328385e+02
1.000000e+02, 1.324106e+02
1.000000e+02, 1.319852e+02
1.000000e+02, 1.315624e+02
1.000000e+02, 1.311421e+02
1.000000e+02, 1.307243e+02
1.000000e+02, 1.303091e+02
1.000000e+02, 1.298964e+02
1.000000e+02, 1.294862e+02
1.000000e+02, 1.290784e+02
1.000000e+02, 1.286732e+02
1.000000e+02, 1.282705e+02
1.000000e+02, 1.278702e+02
1.000000e+02, 1.274724e+02
1.000000e+02, 1.270771e+02
1.000000e+02, 1.266842e+02
1.000000e+02, 1.262938e+02
1.000000e+02, 1.259058e+02
1.000000e+02, 1.255203e+02
1.000000e+02, 1.251372e+02
1.000000e+02, 1.247566e+02
1.000000e+02, 1.243783e+02
1.000000e+02, 1.240025e+02
1.000000e+02, 1.236291e+02
1.000000e+02, 1.232581e+02
1.000000e+02, 1.228895e+02
1.000000e+02, 1.225233e+02
1.000000e+02, 1.221595e+02
1.000000e+02, 1.217981e+02
1.000000e+02, 1.214391e+02
1.000000e+02, 1.210824e+02
1.000000e+02, 1.207281e+02
1.000000e+02, 1.203761e+02
1.000000e+02, 1.200265e+02
1.000000e+02, 1.196793e+02
1.000000e+02, 1.193344e+02
1.000000e+02, 1.189918e+02
1.000000e+02, 1.186516e+02
1.000000e+02, 1.183137e+02
1.000000e+02, 1.179782e+02
1.000000e+02, 1.176449e+02
1.000000e+02, 1.173140e+02
1.000000e+02, 1.169854e+02
1.000000e+02, 1.166591e+02
1.000000e+02, 1.163351e+02
1.000000e+02, 1.160134e+02
1.000000e+02, 1.156940e+02
1.000000e+02, 1.153768e+02
1.000000e+02, 1.150620e+02
1.000000e+02, 1.147494e+02
1.000000e+02, 1.144391e+02
1.000000e+02, 1.141311e+02
1.000000e+02, 1.138253e+02
1.000000e+02, 1.135218e+02
1.000000e+02, 1.132206e+02
1.000000e+02, 1.129216e+02
1.000000e+02, 1.126249e+02
1.000000e+02, 1.123304e+02
1.000000e+02, 1.120381e+02
1.000000e+02, 1.117481e+02
1.000000e+02, 1.114603e+02
1.000000e+02, 1.111747e+02
1.000000e+02, 1.108914e+02
1.000000e+02, 1.106102e+02
1.000000e+02, 1.103313e+02
1.000000e+02, 1.100546e+02
1.000000e+02, 1.097801e+02
1.000000e+02, 1.095078e+02
1.000000e+02, 1.092377e+02
1.000000e+02, 1.089698e+02
1.000000e+02, 1.087041e+02
1.000000e+02, 1.084406e+02
1.000000e+02, 1.081793e+02
1.000000e+02, 1.079202e+02
1.000000e+02, 1.076632e+02
1.000000e+02, 1.074084e+02
1.000000e+02, 1.071558e+02
1.000000e+02, 1.069053e+02
1.000000e+02, 1.066571e+02
1.000000e+02, 1.064109e+02
1.000000e+02, 1.061670e+02
1.000000e+02, 1.059251e+02
1.000000e+02, 1.056855e+02
1.000000e+02, 1.054480e+02
1.000000e+02, 1.052126e+02
1.000000e+02, 1.049794e+02
1.000000e+02, 1.047483e+02
1.000000e+02, 1.045193e+02
1.000000e+02, 1.042925e+02
1.000000e+02, 1.040678e+02
1.000000e+02, 1.038453e+02
1.000000e+02, 1.036248e+02
1.000000e+02, 1.034065e+02
1.000000e+02, 1.031903e+02
1.000000e+02, 1.029762e+02
1.000000e+02, 1.027643e+02
1.000000e+02, 1.025544e+02
1.000000e+02, 1.023466e+02
1.000000e+02, 1.021410e+02
1.000000e+02, 1.019374e+02
1.000000e+02, 1.017360e+02
1.000000e+02, 1.015366e+02
1.000000e+02, 1.013394e+02
1.000000e+02, 1.011442e+02
1.000000e+02, 1.009511e+02
1.000000e+02, 1.007601e+02
1.000000e+02, 1.005712e+02
1.000000e+02, 1.003844e+02
1.000000e+02, 1.001996e+02
1.000000e+02, 1.000170e+02
1.000000e+02, 9.983638e+01
1.000000e+02, 9.965785e+01
1.000000e+02, 9.948140e+01
1.000000e+02, 9.930701e+01
1.000000e+02, 9.913469e+01
1.000000e+02, 9.896443e+01
1.000000e+02, 9.879623e+01
1.000000e+02, 9.863009e+01
1.000000e+02, 9.846601e+01
1.000000e+02, 9.830398e+01
1.000000e+02, 9.814401e+01
1.000000e+02, 9.798608e+01
1.000000e+02, 9.783021e+01
1.000000e+02, 9.767638e+01
1.000000e+02, 9.752460e+01
1.000000e+02, 9.737486e+01
1.000000e+02, 9.722716e+01
1.000000e+02, 9.708150e+01
1.000000e+02, 9.693788e+01
1.000000e+02, 9.679629e+01
1.000000e+02, 9.665674e+01
1.000000e+02, 9.651922e+01
1.000000e+02, 9.638373e+01
1.000000e+02, 9.625027e+01
1.000000e+02, 9.611884e+01
1.000000e+02, 9.598943e+01
1.000000e+02, 9.586205e+01
1.000000e+02, 9.573669e+01
1.000000e+02, 9.561335e+01
1.000000e+02, 9.549203e+01
1.000000e+02, 9.537272e+01
1.000000e+02, 9.525544e+01
1.000000e+02, 9.514017e+01
1.000000e+02, 9.502691e+01
1.000000e+02, 9.491566e+01
1.000000e+02, 9.480643e+01
1.000000e+02, 9.469920e+01
1.000000e+02, 9.459399e+01
1.000000e+02, 9.449078e+01
1.000000e+02, 9.438957e+01
1.000000e+02, 9.429037e+01
1.000000e+02, 9.419318e+01
1.000000e+02, 9.409798e+01
1.000000e+02, 9.400479e+01
1.000000e+02, 9.391360e+01
1.000000e+02, 9.382440e+01
1.000000e+02, 9.373721e+01
1.000000e+02, 9.365201e+01
1.000000e+02, 9.356880e+01
1.000000e+02, 9.348759e+01
1.000000e+02, 9.340837e+01
1.000000e+02, 9.333115e+01
1.000000e+02, 9.325592e+01
1.000000e+02, 9.318268e+01
1.000000e+02, 9.311142e+01
1.000000e+02, 9.304216e+01
1.000000e+02, 9.297489e+01
1.000000e+02, 9.290960e+01
1.000000e+02, 9.284630e+01
1.000000e+02, 9.278498e+01
1.000000e+02, 9.272565e+01
1.000000e+02, 9.266831e+01
1.000000e+02, 9.261295e+01
1.000000e+02, 9.255957e+01
1.000000e+02, 9.250817e+01
1.000000e+02, 9.245876e+01
1.000000e+02, 9.241132e+01
1.000000e+02, 9.236587e+01
1.000000e+02, 9.232240e+01
1.000000e+02, 9.228091e+01
1.000000e+02, 9.224139e+01
1.000000e+02, 9.220386e+01
1.000000e+02, 9.216830e+01
1.000000e+02, 9.213472e+01
1.000000e+02, 9.210312e+01
1.000000e+02, 9.207349e+01
1.000000e+02, 9.204585e+01
1.000000e+02, 9.202017e+01
1.000000e+02, 9.199648e+01
1.000000e+02, 9.197476e+01
1.000000e+02, 9.195501e+01
1.000000e+02, 9.193724e+01
1.000000e+02, 9.192145e+01
1.000000e+02, 9.190763e+01
1.000000e+02, 9.189578e+01
1.000000e+02, 9.188591e+01
1.000000e+02, 9.187801e+01
1.000000e+02, 9.187209e+01
1.000000e+02, 9.186814e+01
1.000000e+02, 9.186617e+01
1.000000e+02, 9.186617e+01
1.000000e+02, 9.186814e+01
1.000000e+02, 9.187209e+01
1.000000e+02, 9.187801e+01
1.000000e+02, 9.188591e+01
1.000000e+02, 9.189578e+01
1.000000e+02, 9.190763e+01
1.000000e+02, 9.192145e+01
1.000000e+02, 9.193724e+01
1.000000e+02, 9.195501e+01
1.000000e+02, 9.197476e+01
1.000000e+02, 9.199648e+01
1.000000e+02, 9.202017e+01
1.000000e+02, 9.204585e+01
1.000000e+02, 9.207349e+01
1.000000e+02, 9.210312e+01
1.000000e+02, 9.213472e+01
1.000000e+02, 9.216830e+01
1.000000e+02, 9.220386e+01
1.000000e+02, 9.224139e+01
1.000000e+02, 9.228091e+01
1.000000e+02, 9.232240e+01
1.000000e+02, 9.236587e+01
1.000000e+02, 9.241132e+01
1.000000e+02, 9.245876e+01
1.000000e+02, 9.250817e+01
1.000000e+02, 9.255957e+01
1.000000e+02, 9.261295e+01
1.000000e+02, 9.266831e+01
1.000000e+02, 9.272565e+01
1.000000e+02, 9.278498e+01
1.000000e+02, 9.284630e+01
1.000000e+02, 9.290960e+01
1.000000e+02, 9.297489e+01
1.000000e+02, 9.304216e+01
1.000000e+02, 9.311142e+01
1.000000e+02, 9.318268e+01
1.000000e+02, 9.325592e+01
1.000000e+02, 9.333115e+01
1.000000e+02, 9.340837e+01
1.000000e+02, 9.348759e+01
1.000000e+02, 9.356880e+01
1.000000e+02, 9.365201e+01
1.000000e+02, 9.373721e+01
1.000000e+02, 9.382440e+01
1.000000e+02, 9.391360e+01
1.000000e+02, 9.400479e+01
1.000000e+02, 9.409798e+01
1.000000e+02, 9.419318e+01
1.000000e+02, 9.429038e+01
1.000000e+02, 9.438957e+01
1.000000e+02, 9.449078e+01
1.000000e+02, 9.459399e+01
1.000000e+02, 9.469920e+01
1.000000e+02, 9.480643e+01
1.000000e+02, 9.491566e+01
1.000000e+02, 9.502691e+01
1.000000e+02, 9.514017e+01
1.000000e+02, 9.525544e+01
1.000000e+02, 9.537272e+01
1.000000e+02, 9.549203e+01
1.000000e+02, 9.561335e+01
1.000000e+02, 9.573669e+01
1.000000e+02, 9.586205e+01
1.000000e+02, 9.598943e+01
1.000000e+02, 9.611884e+01
1.000000e+02, 9.625027e+01
1.000000e+02, 9.638373e+01
1.000000e+02, 9.651922e+01
1.000000e+02, 9.665674e+01
1.000000e+02, 9.679629e+01
1.000000e+02, 9.693788e+01
1.000000e+02, 9.708150e+01
1.000000e+02, 9.722716e+01
1.000000e+02, 9.737486e+01
1.000000e+02, 9.752460e+01
1.000000e+02, 9.767638e+01
1.000000e+02, 9.783021e+01
1.000000e+02, 9.798608e+01
1.000000e+02, 9.814401e+01
1.000000e+02, 9.830398e+01
1.000000e+02, 9.846601e+01
1.000000e+02, 9.863009e+01
1.000000e+02, 9.879623e+01
1.000000e+02, 9.896443e+01
1.000000e+02, 9.913469e+01
1.000000e+02, 9.930701e+01
1.000000e+02, 9.948140e+01
1.000000e+02, 9.965785e+01
1.000000e+02, 9.983638e+01
1.000000e+02, 1.000170e+02
1.000000e+02, 1.001996e+02
1.000000e+02, 1.003844e+02
1.000000e+02, 1.005712e+02
1.000000e+02, 1.007601e+02
1.000000e+02, 1.009511e+02
1.000000e+02, 1.011442e+02
1.000000e+02, 1.013394e+02
1.000000e+02, 1.015366e+02
1.000000e+02, 1.017360e+02
1.000000e+02, 1.019374e+02
1.000000e+02, 1.021410e+02
1.000000e+02, 1.023466e+02
1.000000e+02, 1.025544e+02
1.000000e+02, 1.027643e+02
1.000000e+02, 1.029762e+02
1.000000e+02, 1.031903e+02
1.000000e+02, 1.034065e+02
1.000000e+02, 1.036248e+02
1.000000e+02, 1.038453e+02
1.000000e+02, 1.040678e+02
1.000000e+02, 1.042925e+02
1.000000e+02, 1.045193e+02
1.000000e+02, 1.047483e+02
1.000000e+02, 1.049794e+02
1.000000e+02, 1.052126e+02
1.000000e+02, 1.054480e+02
1.000000e+02, 1.056855e+02
1.000000e+02, 1.059251e+02
1.000000e+02, 1.061670e+02
1.000000e+02, 1.064109e+02
1.000000e+02, 1.066571e+02
1.000000e+02, 1.069053e+02
1.000000e+02, 1.071558e+02
1.000000e+02, 1.074084e+02
1.000000e+02, 1.076632e+02
1.000000e+02, 1.079202e+02
1.000000e+02, 1.081793e+02
1.000000e+02, 1.084406e+02
1.000000e+02, 1.087041e+02
1.000000e+02, 1.089698e+02
1.000000e+02, 1.092377e+02
1.000000e+02, 1.095078e+02
1.000000e+02, 1.097801e+02
1.000000e+02, 1.100546e+02
1.000000e+02, 1.103313e+02
1.000000e+02, 1.106102e+02
1.000000e+02, 1.108914e+02
1.000000e+02, 1.111747e+02
1.000000e+02, 1.114603e+02
1.000000e+02, 1.117481e+02
1.000000e+02, 1.120381e+02
1.000000e+02, 1.123304e+02
1.000000e+02, 1.126249e+02
1.000000e+02, 1.129216e+02
1.000000e+02, 1.132206e+02
1.000000e+02, 1.135218e+02
1.000000e+02, 1.138253e+02
1.000000e+02, 1.141311e+02
1.000000e+02, 1.144391e+02
1.000000e+02, 1.147494e+02
1.000000e+02, 1.150620e+02
1.000000e+02, 1.153768e+02
1.000000e+02, 1.156940e+02
1.000000e+02, 1.160134e+02
1.000000e+02, 1.163351e+02
1.000000e+02, 1.166591e+02
1.000000e+02, 1.169854e+02
1.000000e+02, 1.173140e+02
1.000000e+02, 1.176449e+02
1.000000e+02, 1.179782e+02
1.000000e+02, 1.183137e+02
1.000000e+02, 1.186516e+02
1.000000e+02, 1.189918e+02
1.000000e+02, 1.193344e+02
1.000000e+02, 1.196793e+02
1.000000e+02, 1.200265e+02
1.000000e+02, 1.203761e+02
1.000000e+02, 1.207281e+02
1.000000e+02, 1.210824e+02
1.000000e+02, 1.214391e+02
1.000000e+02, 1.217981e+02
1.000000e+02, 1.221595e+02
1.000000e+02, 1.225233e+02
1.000000e+02, 1.228895e+02
1.000000e+02, 1.232581e+02
1.000000e+02, 1.236291e+02
1.000000e+02, 1.240025e+02
1.000000e+02, 1.243783e+02
1.000000e+02, 1.247566e+02
1.000000e+02, 1.251372e+02
1.000000e+02, 1.255203e+02
1.000000e+02, 1.259058e+02
1.000000e+02, 1.262938e+02
1.000000e+02, 1.266842e+02
1.000000e+02, 1.270771e+02
1.000000e+02, 1.274724e+02
1.000000e+02, 1.278702e+02
1.000000e+02, 1.282705e+02
1.000000e+02, 1.286732e+02
1.000000e+02, 1.290784e+02
1.000000e+02, 1.294862e+02
1.000000e+02, 1.298964e+02
1.000000e+02, 1.303091e+02
1.000000e+02, 1.307243e+02
1.000000e+02, 1.311421e+02
1.000000e+02, 1.315624e+02
1.000000e+02, 1.319852e+02
1.000000e+02, 1.324106e+02
1.000000e+02, 1.328385e+02
1.000000e+02, 1.332690e+02
1.000000e+02, 1.337020e+02
1.000000e+02, 1.341376e+02
1.000000e+02, 1.345758e+02
1.000000e+02, 1.350165e+02
1.000000e+02, 1.354599e+02
1.000000e+02, 1.359058e+02
1.000000e+02, 1.363544e+02
1.000000e+02, 1.368055e+02
1.000000e+02, 1.372593e+02
1.000000e+02, 1.377157e+02
1.000000e+02, 1.381748e+02
1.000000e+02, 1.386365e+02
1.000000e+02, 1.391009e+02
1.000000e+02, 1.395679e+02
1.000000e+02, 1.400376e+02
1.000000e+02, 1.405100e+02
1.000000e+02, 1.409850e+02
1.000000e+02, 1.414628e+02
1.000000e+02, 1.419433e+02
1.000000e+02, 1.424265e+02
1.000000e+02, 1.429124e+02
1.000000e+02, 1.434010e+02
1.000000e+02, 1.438924e+02
1.000000e+02, 1.443865e+02
1.000000e+02, 1.448834e+02
1.000000e+02, 1.453830e+02
1.000000e+02, 1.458855e+02
1.000000e+02, 1.463907e+02
1.000000e+02, 1.468987e+02
1.000000e+02, 1.474095e+02
1.000000e+02, 1.479232e+02
1.000000e+02, 1.484396e+02
1.000000e+02, 1.489589e+02
1.000000e+02, 1.494811e+02
1.000000e+02, 1.500061e+02
1.000000e+02, 1.505339e+02
1.000000e+02, 1.510647e+02
1.000000e+02, 1.515983e+02
1.000000e+02, 1.521348e+02
1.000000e+02, 1.526743e+02
1.000000e+02, 1.532166e+02
1.000000e+02, 1.537619e+02
1.000000e+02, 1.543101e+02
1.000000e+02, 1.548613e+02
1.000000e+02, 1.554154e+02
1.000000e+02, 1.559725e+02
1.000000e+02, 1.565327e+02
1.000000e+02, 1.570957e+02
1.000000e+02, 1.576619e+02
1.000000e+02, 1.582310e+02
1.000000e+02, 1.588032e+02
1.000000e+02, 1.593784e+02
1.000000e+02, 1.599566e+02
1.000000e+02, 1.605380e+02
1.000000e+02, 1.611224e+02
1.000000e+02, 1.617099e+02
1.000000e+02, 1.623005e+02
1.000000e+02, 1.628943e+02
1.000000e+02, 1.634911e+02
1.000000e+02, 1.640912e+02
1.000000e+02, 1.646944e+02
1.000000e+02, 1.653007e+02
1.000000e+02, 1.659103e+02
1.000000e+02, 1.665230e+02
1.000000e+02, 1.671390e+02
1.000000e+02, 1.677582e+02
1.000000e+02, 1.683806e+02
1.000000e+02, 1.690063e+02
1.000000e+02, 1.696353e+02
1.000000e+02, 1.702675e+02
1.000000e+02, 1.709031e+02
1.000000e+02, 1.715420e+02
1.000000e+02, 1.721842e+02
1.000000e+02, 1.728297e+02
1.000000e+02, 1.734786e+02
1.000000e+02, 1.741309e+02
1.000000e+02, 1.747866e+02
1.000000e+02, 1.754457e+02
1.000000e+02, 1.761083e+02
1.000000e+02, 1.767743e+02
1.000000e+02, 1.774437e+02
1.000000e+02, 1.781166e+02
1.000000e+02, 1.787930e+02
1.000000e+02, 1.794730e+02
1.000000e+02, 1.801564e+02
1.000000e+02, 1.808434e+02
1.000000e+02, 1.815340e+02
1.000000e+02, 1.822281e+02
1.000000e+02, 1.829259e+02
1.000000e+02, 1.836273e+02
1.000000e+02, 1.843323e+02
1.000000e+02, 1.850409e+02
1.000000e+02, 1.857533e+02
1.000000e+02, 1.864693e+02
1.000000e+02, 1.871891e+02
1.000000e+02, 1.879126e+02
1.000000e+02, 1.886399e+02
1.000000e+02, 1.893709e+02
1.000000e+02, 1.901057e+02
1.000000e+02, 1.908444e+02
1.000000e+02, 1.915869e+02
1.000000e+02, 1.923332e+02
1.000000e+02, 1.930835e+02
1.000000e+02, 1.938376e+02
1.000000e+02, 1.945957e+02
1.000000e+02, 1.953577e+02
1.000000e+02, 1.961237e+02
1.000000e+02, 1.968937e+02
1.000000e+02, 1.976678e+02
1.000000e+02, 1.984458e+02
1.000000e+02, 1.992280e+02
1.000000e+02, 2.000142e+02
1.000000e+02, 2.008045e+02
1.000000e+02, 2.015990e+02
1.000000e+02, 2.023977e+02
1.000000e+02, 2.032006e+02
1.000000e+02, 2.040076e+02
1.000000e+02, 2.048190e+02
1.000000e+02, 2.056346e+02
1.000000e+02, 2.064545e+02
1.000000e+02, 2.072787e+02
1.000000e+02, 2.081073e+02
1.000000e+02, 2.089403e+02
1.000000e+02, 2.097777e+02
1.000000e+02, 2.106195e+02
1.000000e+02, 2.114658e+02
1.000000e+02, 2.123166e+02
1.000000e+02, 2.131720e+02
1.000000e+02, 2.140319e+02
1.000000e+02, 2.148964e+02
1.000000e+02, 2.157656e+02
1.000000e+02, 2.166394e+02
1.000000e+02, 2.175179e+02
1.000000e+02, 2.184011e+02
1.000000e+02, 2.192891e+02
1.000000e+02, 2.201819e+02
1.000000e+02, 2.210795e+02
1.000000e+02, 2.219820e+02
1.000000e+02, 2.228894e+02
1.000000e+02, 2.238017e+02
1.000000e+02, 2.247190e+02
1.000000e+02, 2.256413e+02
1.000000e+02, 2.265687e+02
1.000000e+02, 2.275012e+02
1.000000e+02, 2.284387e+02
1.000000e+02, 2.293815e+02
1.000000e+02, 2.303295e+02
1.000000e+02, 2.312827e+02
1.000000e+02, 2.322412e+02
1.000000e+02, 2.332051e+02
1.000000e+02, 2.341743e+02
1.000000e+02, 2.351490e+02
1.000000e+02, 2.361291e+02
1.000000e+02, 2.371148e+02
1.000000e+02, 2.381060e+02
1.000000e+02, 2.391028e+02
1.000000e+02, 2.401053e+02
1.000000e+02, 2.411135e+02
1.000000e+02, 2.421274e+02
1.000000e+02, 2.431472e+02
1.000000e+02, 2.441728e+02
1.000000e+02, 2.452043e+02
1.000000e+02, 2.462418e+02
1.000000e+02, 2.472853e+02
1.000000e+02, 2.483348e+02
1.000000e+02, 2.493905e+02
1.000000e+02, 2.504524e+02
1.000000e+02, 2.515206e+02
1.000000e+02, 2.525950e+02
1.000000e+02, 2.536758e+02
1.000000e+02, 2.547630e+02
1.000000e+02, 2.558567e+02
1.000000e+02, 2.569570e+02
1.000000e+02, 2.580639e+02
1.000000e+02, 2.591775e+02
1.000000e+02, 2.602978e+02
1.000000e+02, 2.614250e+02
1.000000e+02, 2.625590e+02
1.000000e+02, 2.637000e+02
1.000000e+02, 2.648481e+02
1.000000e+02, 2.660032e+02
1.000000e+02, 2.671656e+02
1.000000e+02, 2.683352e+02
1.000000e+02, 2.695122e+02
1.000000e+02, 2.706966e+02
1.000000e+02, 2.718885e+02
1.000000e+02, 2.730880e+02
1.000000e+02, 2.742952e+02
1.000000e+02, 2.755101e+02
1.000000e+02, 2.767330e+02
1.000000e+02, 2.779638e+02
1.000000e+02, 2.792026e+02
1.000000e+02, 2.804496e+02
1.000000e+02, 2.817048e+02
1.000000e+02, 2.829684e+02
1.000000e+02, 2.842404e+02
1.000000e+02, 2.855210e+02
1.000000e+02, 2.868103e+02
1.000000e+02, 2.881083e+02
1.000000e+02, 2.894152e+02
1.000000e+02, 2.907312e+02
1.000000e+02, 2.920562e+02
1.000000e+02, 2.933906e+02
1.000000e+02, 2.947343e+02
1.000000e+02, 2.960875e+02
1.000000e+02, 2.974503e+02
1.000000e+02, 2.988229e+02
1.000000e+02, 3.002054e+02
1.000000e+02, 3.015980e+02
1.000000e+02, 3.030008e+02
1.000000e+02, 3.044139e+02
1.000000e+02, 3.058376e+02
1.000000e+02, 3.072719e+02
1.000000e+02, 3.087170e+02
1.000000e+02, 3.101732e+02
1.000000e+02, 3.116405e+02
1.000000e+02, 3.131192e+02
1.000000e+02, 3.146093e+02
1.000000e+02, 3.161113e+02
1.000000e+02, 3.176251e+02
1.000000e+02, 3.191511e+02
1.000000e+02, 3.206893e+02
1.000000e+02, 3.222401e+02
1.000000e+02, 3.238037e+02
1.000000e+02, 3.253803e+02
1.000000e+02, 3.269700e+02
1.000000e+02, 3.285733e+02
1.000000e+02, 3.301902e+02
1.000000e+02, 3.318211e+02
1.000000e+02, 3.334662e+02
1.000000e+02, 3.351259e+02
1.000000e+02, 3.368003e+02
1.000000e+02, 3.384898e+02
1.000000e+02, 3.401948e+02
1.000000e+02, 3.419154e+02
1.000000e+02, 3.436521e+02
1.000000e+02, 3.454052e+02
1.000000e+02, 3.471751e+02
1.000000e+02, 3.489620e+02
1.000000e+02, 3.507665e+02
1.000000e+02, 3.525888e+02
1.000000e+02, 3.544295e+02
1.000000e+02, 3.562889e+02
1.000000e+02, 3.581675e+02
1.000000e+02, 6.584803e-02
1.000000e+02, 1.984326e+00
1.000000e+02, 3.923488e+00
1.000000e+02, 5.883875e+00
1.000000e+02, 7.866048e+00
1.000000e+02, 9.870600e+00
1.000000e+02, 1.189815e+01
1.000000e+02, 1.394934e+01
1.000000e+02, 1.602487e+01
1.000000e+02, 1.812543e+01
1.000000e+02, 2.025180e+01
1.000000e+02, 2.240477e+01
1.000000e+02, 2.458517e+01
1.000000e+02, 2.679389e+01
1.000000e+02, 2.903187e+01
1.000000e+02, 3.130011e+01
1.000000e+02, 3.359964e+01
1.000000e+02, 3.593160e+01
1.000000e+02, 3.829716e+01
1.000000e+02, 4.069759e+01
1.000000e+02, 4.313424e+01
1.000000e+02, 4.560856e+01
1.000000e+02, 4.812208e+01
1.000000e+02, 5.067646e+01
1.000000e+02, 5.327348e+01
1.000000e+02, 5.591505e+01
1.000000e+02, 5.860325e+01
1.000000e+02, 6.134032e+01
1.000000e+02, 6.412867e+01
1.000000e+02, 6.697096e+01
1.000000e+02, 6.987008e+01
1.000000e+02, 7.282917e+01
1.000000e+02, 7.585172e+01
1.000000e+02, 7.894154e+01
1.000000e+02, 8.210289e+01
1.000000e+02, 8.534046e+01
1.000000e+02, 8.865953e+01
1.000000e+02, 9.206602e+01
1.000000e+02, 9.556661e+01
1.000000e+02, 9.916889e+01
1.000000e+02, 1.028816e+02
1.000000e+02, 1.067147e+02
1.000000e+02, 1.106799e+02
1.000000e+02, 1.147910e+02
1.000000e+02, 1.190644e+02
1.000000e+02, 1.235196e+02
1.000000e+02, 1.281808e+02
1.000000e+02, 1.330780e+02
1.000000e+02, 1.382494e+02
1.000000e+02, 1.437450e+02
1.000000e+02, 1.496320e+02
1.000000e+02, 1.560055e+02
1.000000e+02, 1.630072e+02
1.000000e+02, 1.708657e+02
1.000000e+02, 1.800000e+02
##END= 