##TITLE= /opt/topspin3.0/exp/stan/nmr/lists/wave/user/HypSec_trunc2.84_110
##JCAMP-DX= 5.00 Bruker JCAMP library
##DATA TYPE= Shape Data
##ORIGIN= Bruker BioSpin GmbH
##OWNER= <nmrsu>
##DATE= 15/02/24
##TIME= 16:15:04
##MINX= 1.164538e+01
##MAXX= 9.999960e+01
##MINY= 2.546774e-02
##MAXY= 3.585574e+02
##$SHAPE_EXMODE= Adiabatic
##$SHAPE_TOTROT= 1.800000e+02
##$SHAPE_BWFAC= 1.929340e+02
##$SHAPE_INTEGFAC= 2.356110e-02
##$SHAPE_MODE= 0
##NPOINTS= 1000
##XYPOINTS= (XY..XY)
1.000000e+02, 1.800000e+02
1.000000e+02, 1.771435e+02
1.000000e+02, 1.746859e+02
1.000000e+02, 1.724963e+02
1.000000e+02, 1.705031e+02
1.000000e+02, 1.686621e+02
1.000000e+02, 1.669435e+02
1.000000e+02, 1.653262e+02
1.000000e+02, 1.637947e+02
1.000000e+02, 1.623370e+02
1.000000e+02, 1.609438e+02
1.000000e+02, 1.596074e+02
1.000000e+02, 1.583217e+02
1.000000e+02, 1.570817e+02
1.000000e+02, 1.558830e+02
1.000000e+02, 1.547219e+02
1.000000e+02, 1.535954e+02
1.000000e+02, 1.525006e+02
1.000000e+02, 1.514353e+02
1.000000e+02, 1.503974e+02
1.000000e+02, 1.493849e+02
1.000000e+02, 1.483963e+02
1.000000e+02, 1.474300e+02
1.000000e+02, 1.464848e+02
1.000000e+02, 1.455594e+02
1.000000e+02, 1.446527e+02
1.000000e+02, 1.437639e+02
1.000000e+02, 1.428919e+02
1.000000e+02, 1.420359e+02
1.000000e+02, 1.411953e+02
1.000000e+02, 1.403692e+02
1.000000e+02, 1.395570e+02
1.000000e+02, 1.387582e+02
1.000000e+02, 1.379721e+02
1.000000e+02, 1.371983e+02
1.000000e+02, 1.364363e+02
1.000000e+02, 1.356857e+02
1.000000e+02, 1.349459e+02
1.000000e+02, 1.342166e+02
1.000000e+02, 1.334975e+02
1.000000e+02, 1.327881e+02
1.000000e+02, 1.320883e+02
1.000000e+02, 1.313975e+02
1.000000e+02, 1.307157e+02
1.000000e+02, 1.300424e+02
1.000000e+02, 1.293774e+02
1.000000e+02, 1.287205e+02
1.000000e+02, 1.280714e+02
1.000000e+02, 1.274300e+02
1.000000e+02, 1.267959e+02
1.000000e+02, 1.261690e+02
1.000000e+02, 1.255491e+02
1.000000e+02, 1.249361e+02
1.000000e+02, 1.243296e+02
1.000000e+02, 1.237297e+02
1.000000e+02, 1.231360e+02
1.000000e+02, 1.225485e+02
1.000000e+02, 1.219670e+02
1.000000e+02, 1.213914e+02
1.000000e+02, 1.208215e+02
1.000000e+02, 1.202572e+02
1.000000e+02, 1.196984e+02
1.000000e+02, 1.191449e+02
1.000000e+02, 1.185967e+02
1.000000e+02, 1.180536e+02
1.000000e+02, 1.175155e+02
1.000000e+02, 1.169823e+02
1.000000e+02, 1.164539e+02
1.000000e+02, 1.159303e+02
1.000000e+02, 1.154113e+02
1.000000e+02, 1.148968e+02
1.000000e+02, 1.143868e+02
1.000000e+02, 1.138811e+02
1.000000e+02, 1.133797e+02
1.000000e+02, 1.128826e+02
1.000000e+02, 1.123895e+02
1.000000e+02, 1.119006e+02
1.000000e+02, 1.114156e+02
1.000000e+02, 1.109345e+02
1.000000e+02, 1.104573e+02
1.000000e+02, 1.099839e+02
1.000000e+02, 1.095142e+02
1.000000e+02, 1.090482e+02
1.000000e+02, 1.085858e+02
1.000000e+02, 1.081269e+02
1.000000e+02, 1.076715e+02
1.000000e+02, 1.072196e+02
1.000000e+02, 1.067710e+02
1.000000e+02, 1.063258e+02
1.000000e+02, 1.058839e+02
1.000000e+02, 1.054452e+02
1.000000e+02, 1.050097e+02
1.000000e+02, 1.045773e+02
1.000000e+02, 1.041481e+02
1.000000e+02, 1.037219e+02
1.000000e+02, 1.032987e+02
1.000000e+02, 1.028785e+02
1.000000e+02, 1.024612e+02
1.000000e+02, 1.020468e+02
1.000000e+02, 1.016353e+02
1.000000e+02, 1.012266e+02
1.000000e+02, 1.008207e+02
1.000000e+02, 1.004175e+02
1.000000e+02, 1.000170e+02
1.000000e+02, 9.961920e+01
1.000000e+02, 9.922405e+01
1.000000e+02, 9.883150e+01
1.000000e+02, 9.844154e+01
1.000000e+02, 9.805412e+01
1.000000e+02, 9.766922e+01
1.000000e+02, 9.728681e+01
1.000000e+02, 9.690685e+01
1.000000e+02, 9.652933e+01
1.000000e+02, 9.615421e+01
1.000000e+02, 9.578147e+01
1.000000e+02, 9.541107e+01
1.000000e+02, 9.504300e+01
1.000000e+02, 9.467723e+01
1.000000e+02, 9.431373e+01
1.000000e+02, 9.395248e+01
1.000000e+02, 9.359346e+01
1.000000e+02, 9.323663e+01
1.000000e+02, 9.288198e+01
1.000000e+02, 9.252949e+01
1.000000e+02, 9.217914e+01
1.000000e+02, 9.183089e+01
1.000000e+02, 9.148474e+01
1.000000e+02, 9.114065e+01
1.000000e+02, 9.079862e+01
1.000000e+02, 9.045861e+01
1.000000e+02, 9.012061e+01
1.000000e+02, 8.978461e+01
1.000000e+02, 8.945057e+01
1.000000e+02, 8.911849e+01
1.000000e+02, 8.878835e+01
1.000000e+02, 8.846012e+01
1.000000e+02, 8.813379e+01
1.000000e+02, 8.780934e+01
1.000000e+02, 8.748676e+01
1.000000e+02, 8.716602e+01
1.000000e+02, 8.684712e+01
1.000000e+02, 8.653003e+01
1.000000e+02, 8.621474e+01
1.000000e+02, 8.590124e+01
1.000000e+02, 8.558951e+01
1.000000e+02, 8.527953e+01
1.000000e+02, 8.497129e+01
1.000000e+02, 8.466478e+01
1.000000e+02, 8.435997e+01
1.000000e+02, 8.405686e+01
1.000000e+02, 8.375544e+01
1.000000e+02, 8.345568e+01
1.000000e+02, 8.315758e+01
1.000000e+02, 8.286113e+01
1.000000e+02, 8.256630e+01
1.000000e+02, 8.227309e+01
1.000000e+02, 8.198148e+01
1.000000e+02, 8.169147e+01
1.000000e+02, 8.140303e+01
1.000000e+02, 8.111617e+01
1.000000e+02, 8.083086e+01
1.000000e+02, 8.054709e+01
1.000000e+02, 8.026486e+01
1.000000e+02, 7.998415e+01
1.000000e+02, 7.970495e+01
1.000000e+02, 7.942725e+01
1.000000e+02, 7.915104e+01
1.000000e+02, 7.887631e+01
1.000000e+02, 7.860305e+01
1.000000e+02, 7.833124e+01
1.000000e+02, 7.806088e+01
1.000000e+02, 7.779196e+01
1.000000e+02, 7.752447e+01
1.000000e+02, 7.725840e+01
1.000000e+02, 7.699373e+01
1.000000e+02, 7.673047e+01
1.000000e+02, 7.646859e+01
1.000000e+02, 7.620810e+01
1.000000e+02, 7.594897e+01
1.000000e+02, 7.569121e+01
1.000000e+02, 7.543481e+01
1.000000e+02, 7.517975e+01
1.000000e+02, 7.492602e+01
1.000000e+02, 7.467363e+01
1.000000e+02, 7.442255e+01
1.000000e+02, 7.417279e+01
1.000000e+02, 7.392433e+01
1.000000e+02, 7.367717e+01
1.000000e+02, 7.343129e+01
1.000000e+02, 7.318669e+01
1.000000e+02, 7.294337e+01
1.000000e+02, 7.270131e+01
1.000000e+02, 7.246051e+01
1.000000e+02, 7.222096e+01
1.000000e+02, 7.198266e+01
1.000000e+02, 7.174559e+01
1.000000e+02, 7.150974e+01
1.000000e+02, 7.127512e+01
1.000000e+02, 7.104172e+01
1.000000e+02, 7.080952e+01
1.000000e+02, 7.057852e+01
1.000000e+02, 7.034872e+01
1.000000e+02, 7.012010e+01
1.000000e+02, 6.989267e+01
1.000000e+02, 6.966641e+01
1.000000e+02, 6.944132e+01
1.000000e+02, 6.921739e+01
1.000000e+02, 6.899462e+01
1.000000e+02, 6.877300e+01
1.000000e+02, 6.855252e+01
1.000000e+02, 6.833318e+01
1.000000e+02, 6.811498e+01
1.000000e+02, 6.789790e+01
1.000000e+02, 6.768194e+01
1.000000e+02, 6.746709e+01
1.000000e+02, 6.725336e+01
1.000000e+02, 6.704073e+01
1.000000e+02, 6.682919e+01
1.000000e+02, 6.661875e+01
1.000000e+02, 6.640940e+01
1.000000e+02, 6.620113e+01
1.000000e+02, 6.599394e+01
1.000000e+02, 6.578782e+01
1.000000e+02, 6.558277e+01
1.000000e+02, 6.537877e+01
1.000000e+02, 6.517584e+01
1.000000e+02, 6.497396e+01
1.000000e+02, 6.477312e+01
1.000000e+02, 6.457333e+01
1.000000e+02, 6.437457e+01
1.000000e+02, 6.417685e+01
1.000000e+02, 6.398015e+01
1.000000e+02, 6.378448e+01
1.000000e+02, 6.358983e+01
1.000000e+02, 6.339619e+01
1.000000e+02, 6.320356e+01
1.000000e+02, 6.301194e+01
1.000000e+02, 6.282131e+01
1.000000e+02, 6.263169e+01
1.000000e+02, 6.244306e+01
1.000000e+02, 6.225541e+01
1.000000e+02, 6.206875e+01
1.000000e+02, 6.188307e+01
1.000000e+02, 6.169837e+01
1.000000e+02, 6.151464e+01
1.000000e+02, 6.133187e+01
1.000000e+02, 6.115007e+01
1.000000e+02, 6.096923e+01
1.000000e+02, 6.078935e+01
1.000000e+02, 6.061042e+01
1.000000e+02, 6.043244e+01
1.000000e+02, 6.025540e+01
1.000000e+02, 6.007930e+01
1.000000e+02, 5.990414e+01
1.000000e+02, 5.972992e+01
1.000000e+02, 5.955662e+01
1.000000e+02, 5.938425e+01
1.000000e+02, 5.921281e+01
1.000000e+02, 5.904228e+01
1.000000e+02, 5.887267e+01
1.000000e+02, 5.870398e+01
1.000000e+02, 5.853619e+01
1.000000e+02, 5.836931e+01
1.000000e+02, 5.820333e+01
1.000000e+02, 5.803826e+01
1.000000e+02, 5.787407e+01
1.000000e+02, 5.771079e+01
1.000000e+02, 5.754839e+01
1.000000e+02, 5.738688e+01
1.000000e+02, 5.722625e+01
1.000000e+02, 5.706650e+01
1.000000e+02, 5.690763e+01
1.000000e+02, 5.674963e+01
1.000000e+02, 5.659251e+01
1.000000e+02, 5.643626e+01
1.000000e+02, 5.628087e+01
1.000000e+02, 5.612634e+01
1.000000e+02, 5.597267e+01
1.000000e+02, 5.581986e+01
1.000000e+02, 5.566791e+01
1.000000e+02, 5.551680e+01
1.000000e+02, 5.536655e+01
1.000000e+02, 5.521714e+01
1.000000e+02, 5.506858e+01
1.000000e+02, 5.492085e+01
1.000000e+02, 5.477396e+01
1.000000e+02, 5.462791e+01
1.000000e+02, 5.448269e+01
1.000000e+02, 5.433830e+01
1.000000e+02, 5.419474e+01
1.000000e+02, 5.405201e+01
1.000000e+02, 5.391009e+01
1.000000e+02, 5.376900e+01
1.000000e+02, 5.362872e+01
1.000000e+02, 5.348926e+01
1.000000e+02, 5.335062e+01
1.000000e+02, 5.321278e+01
1.000000e+02, 5.307575e+01
1.000000e+02, 5.293953e+01
1.000000e+02, 5.280411e+01
1.000000e+02, 5.266949e+01
1.000000e+02, 5.253567e+01
1.000000e+02, 5.240265e+01
1.000000e+02, 5.227042e+01
1.000000e+02, 5.213899e+01
1.000000e+02, 5.200834e+01
1.000000e+02, 5.187848e+01
1.000000e+02, 5.174941e+01
1.000000e+02, 5.162112e+01
1.000000e+02, 5.149362e+01
1.000000e+02, 5.136689e+01
1.000000e+02, 5.124094e+01
1.000000e+02, 5.111577e+01
1.000000e+02, 5.099137e+01
1.000000e+02, 5.086774e+01
1.000000e+02, 5.074488e+01
1.000000e+02, 5.062279e+01
1.000000e+02, 5.050146e+01
1.000000e+02, 5.038090e+01
1.000000e+02, 5.026110e+01
1.000000e+02, 5.014206e+01
1.000000e+02, 5.002377e+01
1.000000e+02, 4.990625e+01
1.000000e+02, 4.978947e+01
1.000000e+02, 4.967345e+01
1.000000e+02, 4.955818e+01
1.000000e+02, 4.944366e+01
1.000000e+02, 4.932989e+01
1.000000e+02, 4.921686e+01
1.000000e+02, 4.910458e+01
1.000000e+02, 4.899303e+01
1.000000e+02, 4.888223e+01
1.000000e+02, 4.877217e+01
1.000000e+02, 4.866284e+01
1.000000e+02, 4.855425e+01
1.000000e+02, 4.844639e+01
1.000000e+02, 4.833927e+01
1.000000e+02, 4.823287e+01
1.000000e+02, 4.812721e+01
1.000000e+02, 4.802227e+01
1.000000e+02, 4.791805e+01
1.000000e+02, 4.781456e+01
1.000000e+02, 4.771180e+01
1.000000e+02, 4.760975e+01
1.000000e+02, 4.750843e+01
1.000000e+02, 4.740782e+01
1.000000e+02, 4.730793e+01
1.000000e+02, 4.720876e+01
1.000000e+02, 4.711029e+01
1.000000e+02, 4.701255e+01
1.000000e+02, 4.691551e+01
1.000000e+02, 4.681918e+01
1.000000e+02, 4.672356e+01
1.000000e+02, 4.662865e+01
1.000000e+02, 4.653444e+01
1.000000e+02, 4.644094e+01
1.000000e+02, 4.634814e+01
1.000000e+02, 4.625604e+01
1.000000e+02, 4.616464e+01
1.000000e+02, 4.607394e+01
1.000000e+02, 4.598394e+01
1.000000e+02, 4.589463e+01
1.000000e+02, 4.580602e+01
1.000000e+02, 4.571811e+01
1.000000e+02, 4.563088e+01
1.000000e+02, 4.554435e+01
1.000000e+02, 4.545851e+01
1.000000e+02, 4.537336e+01
1.000000e+02, 4.528889e+01
1.000000e+02, 4.520512e+01
1.000000e+02, 4.512202e+01
1.000000e+02, 4.503962e+01
1.000000e+02, 4.495789e+01
1.000000e+02, 4.487685e+01
1.000000e+02, 4.479649e+01
1.000000e+02, 4.471681e+01
1.000000e+02, 4.463781e+01
1.000000e+02, 4.455949e+01
1.000000e+02, 4.448184e+01
1.000000e+02, 4.440487e+01
1.000000e+02, 4.432858e+01
1.000000e+02, 4.425295e+01
1.000000e+02, 4.417801e+01
1.000000e+02, 4.410373e+01
1.000000e+02, 4.403012e+01
1.000000e+02, 4.395719e+01
1.000000e+02, 4.388492e+01
1.000000e+02, 4.381332e+01
1.000000e+02, 4.374239e+01
1.000000e+02, 4.367212e+01
1.000000e+02, 4.360252e+01
1.000000e+02, 4.353358e+01
1.000000e+02, 4.346531e+01
1.000000e+02, 4.339770e+01
1.000000e+02, 4.333075e+01
1.000000e+02, 4.326446e+01
1.000000e+02, 4.319883e+01
1.000000e+02, 4.313386e+01
1.000000e+02, 4.306954e+01
1.000000e+02, 4.300589e+01
1.000000e+02, 4.294289e+01
1.000000e+02, 4.288055e+01
1.000000e+02, 4.281886e+01
1.000000e+02, 4.275782e+01
1.000000e+02, 4.269744e+01
1.000000e+02, 4.263771e+01
1.000000e+02, 4.257864e+01
1.000000e+02, 4.252021e+01
1.000000e+02, 4.246243e+01
1.000000e+02, 4.240531e+01
1.000000e+02, 4.234883e+01
1.000000e+02, 4.229300e+01
1.000000e+02, 4.223782e+01
1.000000e+02, 4.218328e+01
1.000000e+02, 4.212939e+01
1.000000e+02, 4.207615e+01
1.000000e+02, 4.202355e+01
1.000000e+02, 4.197159e+01
1.000000e+02, 4.192028e+01
1.000000e+02, 4.186961e+01
1.000000e+02, 4.181958e+01
1.000000e+02, 4.177019e+01
1.000000e+02, 4.172145e+01
1.000000e+02, 4.167334e+01
1.000000e+02, 4.162587e+01
1.000000e+02, 4.157905e+01
1.000000e+02, 4.153286e+01
1.000000e+02, 4.148731e+01
1.000000e+02, 4.144239e+01
1.000000e+02, 4.139811e+01
1.000000e+02, 4.135447e+01
1.000000e+02, 4.131147e+01
1.000000e+02, 4.126909e+01
1.000000e+02, 4.122736e+01
1.000000e+02, 4.118625e+01
1.000000e+02, 4.114579e+01
1.000000e+02, 4.110595e+01
1.000000e+02, 4.106675e+01
1.000000e+02, 4.102817e+01
1.000000e+02, 4.099023e+01
1.000000e+02, 4.095292e+01
1.000000e+02, 4.091625e+01
1.000000e+02, 4.088020e+01
1.000000e+02, 4.084478e+01
1.000000e+02, 4.080999e+01
1.000000e+02, 4.077583e+01
1.000000e+02, 4.074230e+01
1.000000e+02, 4.070939e+01
1.000000e+02, 4.067712e+01
1.000000e+02, 4.064547e+01
1.000000e+02, 4.061444e+01
1.000000e+02, 4.058405e+01
1.000000e+02, 4.055428e+01
1.000000e+02, 4.052513e+01
1.000000e+02, 4.049662e+01
1.000000e+02, 4.046872e+01
1.000000e+02, 4.044145e+01
1.000000e+02, 4.041481e+01
1.000000e+02, 4.038879e+01
1.000000e+02, 4.036339e+01
1.000000e+02, 4.033862e+01
1.000000e+02, 4.031447e+01
1.000000e+02, 4.029094e+01
1.000000e+02, 4.026804e+01
1.000000e+02, 4.024575e+01
1.000000e+02, 4.022409e+01
1.000000e+02, 4.020306e+01
1.000000e+02, 4.018264e+01
1.000000e+02, 4.016284e+01
1.000000e+02, 4.014367e+01
1.000000e+02, 4.012511e+01
1.000000e+02, 4.010718e+01
1.000000e+02, 4.008987e+01
1.000000e+02, 4.007317e+01
1.000000e+02, 4.005710e+01
1.000000e+02, 4.004165e+01
1.000000e+02, 4.002681e+01
1.000000e+02, 4.001260e+01
1.000000e+02, 3.999900e+01
1.000000e+02, 3.998603e+01
1.000000e+02, 3.997367e+01
1.000000e+02, 3.996193e+01
1.000000e+02, 3.995081e+01
1.000000e+02, 3.994031e+01
1.000000e+02, 3.993043e+01
1.000000e+02, 3.992117e+01
1.000000e+02, 3.991252e+01
1.000000e+02, 3.990449e+01
1.000000e+02, 3.989708e+01
1.000000e+02, 3.989029e+01
1.000000e+02, 3.988411e+01
1.000000e+02, 3.987856e+01
1.000000e+02, 3.987362e+01
1.000000e+02, 3.986929e+01
1.000000e+02, 3.986559e+01
1.000000e+02, 3.986250e+01
1.000000e+02, 3.986003e+01
1.000000e+02, 3.985818e+01
1.000000e+02, 3.985695e+01
1.000000e+02, 3.985633e+01
1.000000e+02, 3.985633e+01
1.000000e+02, 3.985695e+01
1.000000e+02, 3.985818e+01
1.000000e+02, 3.986003e+01
1.000000e+02, 3.986250e+01
1.000000e+02, 3.986559e+01
1.000000e+02, 3.986929e+01
1.000000e+02, 3.987362e+01
1.000000e+02, 3.987856e+01
1.000000e+02, 3.988411e+01
1.000000e+02, 3.989029e+01
1.000000e+02, 3.989708e+01
1.000000e+02, 3.990449e+01
1.000000e+02, 3.991252e+01
1.000000e+02, 3.992117e+01
1.000000e+02, 3.993043e+01
1.000000e+02, 3.994031e+01
1.000000e+02, 3.995081e+01
1.000000e+02, 3.996193e+01
1.000000e+02, 3.997367e+01
1.000000e+02, 3.998603e+01
1.000000e+02, 3.999900e+01
1.000000e+02, 4.001260e+01
1.000000e+02, 4.002681e+01
1.000000e+02, 4.004165e+01
1.000000e+02, 4.005710e+01
1.000000e+02, 4.007317e+01
1.000000e+02, 4.008987e+01
1.000000e+02, 4.010718e+01
1.000000e+02, 4.012511e+01
1.000000e+02, 4.014367e+01
1.000000e+02, 4.016284e+01
1.000000e+02, 4.018264e+01
1.000000e+02, 4.020306e+01
1.000000e+02, 4.022409e+01
1.000000e+02, 4.024575e+01
1.000000e+02, 4.026804e+01
1.000000e+02, 4.029094e+01
1.000000e+02, 4.031447e+01
1.000000e+02, 4.033862e+01
1.000000e+02, 4.036339e+01
1.000000e+02, 4.038879e+01
1.000000e+02, 4.041481e+01
1.000000e+02, 4.044145e+01
1.000000e+02, 4.046872e+01
1.000000e+02, 4.049662e+01
1.000000e+02, 4.052513e+01
1.000000e+02, 4.055428e+01
1.000000e+02, 4.058405e+01
1.000000e+02, 4.061444e+01
1.000000e+02, 4.064547e+01
1.000000e+02, 4.067712e+01
1.000000e+02, 4.070939e+01
1.000000e+02, 4.074230e+01
1.000000e+02, 4.077583e+01
1.000000e+02, 4.080999e+01
1.000000e+02, 4.084478e+01
1.000000e+02, 4.088020e+01
1.000000e+02, 4.091625e+01
1.000000e+02, 4.095292e+01
1.000000e+02, 4.099023e+01
1.000000e+02, 4.102817e+01
1.000000e+02, 4.106675e+01
1.000000e+02, 4.110595e+01
1.000000e+02, 4.114579e+01
1.000000e+02, 4.118626e+01
1.000000e+02, 4.122736e+01
1.000000e+02, 4.126909e+01
1.000000e+02, 4.131147e+01
1.000000e+02, 4.135447e+01
1.000000e+02, 4.139811e+01
1.000000e+02, 4.144239e+01
1.000000e+02, 4.148731e+01
1.000000e+02, 4.153286e+01
1.000000e+02, 4.157905e+01
1.000000e+02, 4.162587e+01
1.000000e+02, 4.167334e+01
1.000000e+02, 4.172145e+01
1.000000e+02, 4.177019e+01
1.000000e+02, 4.181958e+01
1.000000e+02, 4.186961e+01
1.000000e+02, 4.192028e+01
1.000000e+02, 4.197159e+01
1.000000e+02, 4.202355e+01
1.000000e+02, 4.207615e+01
1.000000e+02, 4.212939e+01
1.000000e+02, 4.218328e+01
1.000000e+02, 4.223782e+01
1.000000e+02, 4.229300e+01
1.000000e+02, 4.234883e+01
1.000000e+02, 4.240531e+01
1.000000e+02, 4.246244e+01
1.000000e+02, 4.252021e+01
1.000000e+02, 4.257864e+01
1.000000e+02, 4.263771e+01
1.000000e+02, 4.269744e+01
1.000000e+02, 4.275782e+01
1.000000e+02, 4.281886e+01
1.000000e+02, 4.288055e+01
1.000000e+02, 4.294289e+01
1.000000e+02, 4.300589e+01
1.000000e+02, 4.306954e+01
1.000000e+02, 4.313386e+01
1.000000e+02, 4.319883e+01
1.000000e+02, 4.326446e+01
1.000000e+02, 4.333075e+01
1.000000e+02, 4.339770e+01
1.000000e+02, 4.346531e+01
1.000000e+02, 4.353358e+01
1.000000e+02, 4.360252e+01
1.000000e+02, 4.367212e+01
1.000000e+02, 4.374239e+01
1.000000e+02, 4.381332e+01
1.000000e+02, 4.388492e+01
1.000000e+02, 4.395719e+01
1.000000e+02, 4.403012e+01
1.000000e+02, 4.410373e+01
1.000000e+02, 4.417801e+01
1.000000e+02, 4.425295e+01
1.000000e+02, 4.432858e+01
1.000000e+02, 4.440487e+01
1.000000e+02, 4.448184e+01
1.000000e+02, 4.455949e+01
1.000000e+02, 4.463781e+01
1.000000e+02, 4.471681e+01
1.000000e+02, 4.479649e+01
1.000000e+02, 4.487685e+01
1.000000e+02, 4.495789e+01
1.000000e+02, 4.503962e+01
1.000000e+02, 4.512202e+01
1.000000e+02, 4.520512e+01
1.000000e+02, 4.528889e+01
1.000000e+02, 4.537336e+01
1.000000e+02, 4.545851e+01
1.000000e+02, 4.554435e+01
1.000000e+02, 4.563088e+01
1.000000e+02, 4.571811e+01
1.000000e+02, 4.580602e+01
1.000000e+02, 4.589463e+01
1.000000e+02, 4.598394e+01
1.000000e+02, 4.607394e+01
1.000000e+02, 4.616464e+01
1.000000e+02, 4.625604e+01
1.000000e+02, 4.634814e+01
1.000000e+02, 4.644094e+01
1.000000e+02, 4.653444e+01
1.000000e+02, 4.662865e+01
1.000000e+02, 4.672356e+01
1.000000e+02, 4.681918e+01
1.000000e+02, 4.691551e+01
1.000000e+02, 4.701255e+01
1.000000e+02, 4.711029e+01
1.000000e+02, 4.720876e+01
1.000000e+02, 4.730793e+01
1.000000e+02, 4.740782e+01
1.000000e+02, 4.750843e+01
1.000000e+02, 4.760975e+01
1.000000e+02, 4.771180e+01
1.000000e+02, 4.781456e+01
1.000000e+02, 4.791805e+01
1.000000e+02, 4.802227e+01
1.000000e+02, 4.812721e+01
1.000000e+02, 4.823287e+01
1.000000e+02, 4.833927e+01
1.000000e+02, 4.844639e+01
1.000000e+02, 4.855425e+01
1.000000e+02, 4.866284e+01
1.000000e+02, 4.877217e+01
1.000000e+02, 4.888223e+01
1.000000e+02, 4.899303e+01
1.000000e+02, 4.910458e+01
1.000000e+02, 4.921686e+01
1.000000e+02, 4.932989e+01
1.000000e+02, 4.944366e+01
1.000000e+02, 4.955818e+01
1.000000e+02, 4.967345e+01
1.000000e+02, 4.978947e+01
1.000000e+02, 4.990625e+01
1.000000e+02, 5.002377e+01
1.000000e+02, 5.014206e+01
1.000000e+02, 5.026110e+01
1.000000e+02, 5.038090e+01
1.000000e+02, 5.050146e+01
1.000000e+02, 5.062279e+01
1.000000e+02, 5.074488e+01
1.000000e+02, 5.086774e+01
1.000000e+02, 5.099137e+01
1.000000e+02, 5.111577e+01
1.000000e+02, 5.124094e+01
1.000000e+02, 5.136689e+01
1.000000e+02, 5.149362e+01
1.000000e+02, 5.162112e+01
1.000000e+02, 5.174941e+01
1.000000e+02, 5.187848e+01
1.000000e+02, 5.200834e+01
1.000000e+02, 5.213899e+01
1.000000e+02, 5.227042e+01
1.000000e+02, 5.240265e+01
1.000000e+02, 5.253567e+01
1.000000e+02, 5.266949e+01
1.000000e+02, 5.280411e+01
1.000000e+02, 5.293953e+01
1.000000e+02, 5.307575e+01
1.000000e+02, 5.321278e+01
1.000000e+02, 5.335062e+01
1.000000e+02, 5.348926e+01
1.000000e+02, 5.362873e+01
1.000000e+02, 5.376900e+01
1.000000e+02, 5.391009e+01
1.000000e+02, 5.405201e+01
1.000000e+02, 5.419474e+01
1.000000e+02, 5.433830e+01
1.000000e+02, 5.448269e+01
1.000000e+02, 5.462791e+01
1.000000e+02, 5.477396e+01
1.000000e+02, 5.492085e+01
1.000000e+02, 5.506858e+01
1.000000e+02, 5.521714e+01
1.000000e+02, 5.536655e+01
1.000000e+02, 5.551681e+01
1.000000e+02, 5.566791e+01
1.000000e+02, 5.581986e+01
1.000000e+02, 5.597267e+01
1.000000e+02, 5.612634e+01
1.000000e+02, 5.628087e+01
1.000000e+02, 5.643626e+01
1.000000e+02, 5.659251e+01
1.000000e+02, 5.674964e+01
1.000000e+02, 5.690763e+01
1.000000e+02, 5.706650e+01
1.000000e+02, 5.722625e+01
1.000000e+02, 5.738688e+01
1.000000e+02, 5.754839e+01
1.000000e+02, 5.771079e+01
1.000000e+02, 5.787408e+01
1.000000e+02, 5.803826e+01
1.000000e+02, 5.820333e+01
1.000000e+02, 5.836931e+01
1.000000e+02, 5.853619e+01
1.000000e+02, 5.870398e+01
1.000000e+02, 5.887268e+01
1.000000e+02, 5.904228e+01
1.000000e+02, 5.921281e+01
1.000000e+02, 5.938425e+01
1.000000e+02, 5.955662e+01
1.000000e+02, 5.972992e+01
1.000000e+02, 5.990414e+01
1.000000e+02, 6.007930e+01
1.000000e+02, 6.025540e+01
1.000000e+02, 6.043244e+01
1.000000e+02, 6.061042e+01
1.000000e+02, 6.078935e+01
1.000000e+02, 6.096923e+01
1.000000e+02, 6.115007e+01
1.000000e+02, 6.133187e+01
1.000000e+02, 6.151464e+01
1.000000e+02, 6.169837e+01
1.000000e+02, 6.188307e+01
1.000000e+02, 6.206875e+01
1.000000e+02, 6.225541e+01
1.000000e+02, 6.244306e+01
1.000000e+02, 6.263169e+01
1.000000e+02, 6.282131e+01
1.000000e+02, 6.301194e+01
1.000000e+02, 6.320356e+01
1.000000e+02, 6.339619e+01
1.000000e+02, 6.358983e+01
1.000000e+02, 6.378448e+01
1.000000e+02, 6.398015e+01
1.000000e+02, 6.417685e+01
1.000000e+02, 6.437457e+01
1.000000e+02, 6.457333e+01
1.000000e+02, 6.477312e+01
1.000000e+02, 6.497396e+01
1.000000e+02, 6.517584e+01
1.000000e+02, 6.537878e+01
1.000000e+02, 6.558277e+01
1.000000e+02, 6.578782e+01
1.000000e+02, 6.599394e+01
1.000000e+02, 6.620113e+01
1.000000e+02, 6.640940e+01
1.000000e+02, 6.661876e+01
1.000000e+02, 6.682920e+01
1.000000e+02, 6.704073e+01
1.000000e+02, 6.725336e+01
1.000000e+02, 6.746709e+01
1.000000e+02, 6.768194e+01
1.000000e+02, 6.789790e+01
1.000000e+02, 6.811498e+01
1.000000e+02, 6.833318e+01
1.000000e+02, 6.855252e+01
1.000000e+02, 6.877300e+01
1.000000e+02, 6.899462e+01
1.000000e+02, 6.921739e+01
1.000000e+02, 6.944132e+01
1.000000e+02, 6.966641e+01
1.000000e+02, 6.989267e+01
1.000000e+02, 7.012010e+01
1.000000e+02, 7.034872e+01
1.000000e+02, 7.057852e+01
1.000000e+02, 7.080952e+01
1.000000e+02, 7.104172e+01
1.000000e+02, 7.127512e+01
1.000000e+02, 7.150974e+01
1.000000e+02, 7.174559e+01
1.000000e+02, 7.198266e+01
1.000000e+02, 7.222097e+01
1.000000e+02, 7.246052e+01
1.000000e+02, 7.270132e+01
1.000000e+02, 7.294337e+01
1.000000e+02, 7.318670e+01
1.000000e+02, 7.343129e+01
1.000000e+02, 7.367717e+01
1.000000e+02, 7.392433e+01
1.000000e+02, 7.417279e+01
1.000000e+02, 7.442255e+01
1.000000e+02, 7.467363e+01
1.000000e+02, 7.492602e+01
1.000000e+02, 7.517975e+01
1.000000e+02, 7.543481e+01
1.000000e+02, 7.569121e+01
1.000000e+02, 7.594897e+01
1.000000e+02, 7.620810e+01
1.000000e+02, 7.646859e+01
1.000000e+02, 7.673047e+01
1.000000e+02, 7.699373e+01
1.000000e+02, 7.725840e+01
1.000000e+02, 7.752447e+01
1.000000e+02, 7.779196e+01
1.000000e+02, 7.806088e+01
1.000000e+02, 7.833124e+01
1.000000e+02, 7.860305e+01
1.000000e+02, 7.887631e+01
1.000000e+02, 7.915104e+01
1.000000e+02, 7.942725e+01
1.000000e+02, 7.970495e+01
1.000000e+02, 7.998415e+01
1.000000e+02, 8.026486e+01
1.000000e+02, 8.054709e+01
1.000000e+02, 8.083086e+01
1.000000e+02, 8.111617e+01
1.000000e+02, 8.140303e+01
1.000000e+02, 8.169147e+01
1.000000e+02, 8.198148e+01
1.000000e+02, 8.227309e+01
1.000000e+02, 8.256630e+01
1.000000e+02, 8.286113e+01
1.000000e+02, 8.315758e+01
1.000000e+02, 8.345568e+01
1.000000e+02, 8.375544e+01
1.000000e+02, 8.405687e+01
1.000000e+02, 8.435997e+01
1.000000e+02, 8.466478e+01
1.000000e+02, 8.497129e+01
1.000000e+02, 8.527953e+01
1.000000e+02, 8.558951e+01
1.000000e+02, 8.590124e+01
1.000000e+02, 8.621475e+01
1.000000e+02, 8.653003e+01
1.000000e+02, 8.684712e+01
1.000000e+02, 8.716602e+01
1.000000e+02, 8.748676e+01
1.000000e+02, 8.780934e+01
1.000000e+02, 8.813379e+01
1.000000e+02, 8.846012e+01
1.000000e+02, 8.878835e+01
1.000000e+02, 8.911849e+01
1.000000e+02, 8.945058e+01
1.000000e+02, 8.978461e+01
1.000000e+02, 9.012061e+01
1.000000e+02, 9.045861e+01
1.000000e+02, 9.079862e+01
1.000000e+02, 9.114065e+01
1.000000e+02, 9.148474e+01
1.000000e+02, 9.183089e+01
1.000000e+02, 9.217914e+01
1.000000e+02, 9.252949e+01
1.000000e+02, 9.288199e+01
1.000000e+02, 9.323663e+01
1.000000e+02, 9.359346e+01
1.000000e+02, 9.395248e+01
1.000000e+02, 9.431373e+01
1.000000e+02, 9.467723e+01
1.000000e+02, 9.504301e+01
1.000000e+02, 9.541108e+01
1.000000e+02, 9.578147e+01
1.000000e+02, 9.615421e+01
1.000000e+02, 9.652933e+01
1.000000e+02, 9.690685e+01
1.000000e+02, 9.728681e+01
1.000000e+02, 9.766922e+01
1.000000e+02, 9.805412e+01
1.000000e+02, 9.844154e+01
1.000000e+02, 9.883150e+01
1.000000e+02, 9.922405e+01
1.000000e+02, 9.961921e+01
1.000000e+02, 1.000170e+02
1.000000e+02, 1.004175e+02
1.000000e+02, 1.008207e+02
1.000000e+02, 1.012266e+02
1.000000e+02, 1.016353e+02
1.000000e+02, 1.020468e+02
1.000000e+02, 1.024612e+02
1.000000e+02, 1.028785e+02
1.000000e+02, 1.032987e+02
1.000000e+02, 1.037219e+02
1.000000e+02, 1.041481e+02
1.000000e+02, 1.045773e+02
1.000000e+02, 1.050097e+02
1.000000e+02, 1.054452e+02
1.000000e+02, 1.058839e+02
1.000000e+02, 1.063258e+02
1.000000e+02, 1.067710e+02
1.000000e+02, 1.072196e+02
1.000000e+02, 1.076715e+02
1.000000e+02, 1.081269e+02
1.000000e+02, 1.085858e+02
1.000000e+02, 1.090482e+02
1.000000e+02, 1.095142e+02
1.000000e+02, 1.099839e+02
1.000000e+02, 1.104573e+02
1.000000e+02, 1.109345e+02
1.000000e+02, 1.114156e+02
1.000000e+02, 1.119006e+02
1.000000e+02, 1.123895e+02
1.000000e+02, 1.128826e+02
1.000000e+02, 1.133797e+02
1.000000e+02, 1.138811e+02
1.000000e+02, 1.143868e+02
1.000000e+02, 1.148968e+02
1.000000e+02, 1.154113e+02
1.000000e+02, 1.159303e+02
1.000000e+02, 1.164539e+02
1.000000e+02, 1.169823e+02
1.000000e+02, 1.175155e+02
1.000000e+02, 1.180536e+02
1.000000e+02, 1.185967e+02
1.000000e+02, 1.191449e+02
1.000000e+02, 1.196984e+02
1.000000e+02, 1.202572e+02
1.000000e+02, 1.208215e+02
1.000000e+02, 1.213914e+02
1.000000e+02, 1.219670e+02
1.000000e+02, 1.225485e+02
1.000000e+02, 1.231360e+02
1.000000e+02, 1.237297e+02
1.000000e+02, 1.243296e+02
1.000000e+02, 1.249361e+02
1.000000e+02, 1.255491e+02
1.000000e+02, 1.261690e+02
1.000000e+02, 1.267959e+02
1.000000e+02, 1.274300e+02
1.000000e+02, 1.280714e+02
1.000000e+02, 1.287205e+02
1.000000e+02, 1.293774e+02
1.000000e+02, 1.300424e+02
1.000000e+02, 1.307157e+02
1.000000e+02, 1.313975e+02
1.000000e+02, 1.320883e+02
1.000000e+02, 1.327881e+02
1.000000e+02, 1.334975e+02
1.000000e+02, 1.342166e+02
1.000000e+02, 1.349459e+02
1.000000e+02, 1.356857e+02
1.000000e+02, 1.364363e+02
1.000000e+02, 1.371983e+02
1.000000e+02, 1.379721e+02
1.000000e+02, 1.387582e+02
1.000000e+02, 1.395570e+02
1.000000e+02, 1.403692e+02
1.000000e+02, 1.411953e+02
1.000000e+02, 1.420359e+02
1.000000e+02, 1.428919e+02
1.000000e+02, 1.437639e+02
1.000000e+02, 1.446527e+02
1.000000e+02, 1.455594e+02
1.000000e+02, 1.464848e+02
1.000000e+02, 1.474300e+02
1.000000e+02, 1.483963e+02
1.000000e+02, 1.493849e+02
1.000000e+02, 1.503974e+02
1.000000e+02, 1.514353e+02
1.000000e+02, 1.525006e+02
1.000000e+02, 1.535954e+02
1.000000e+02, 1.547219e+02
1.000000e+02, 1.558830e+02
1.000000e+02, 1.570817e+02
1.000000e+02, 1.583217e+02
1.000000e+02, 1.596074e+02
1.000000e+02, 1.609438e+02
1.000000e+02, 1.623370e+02
1.000000e+02, 1.637947e+02
1.000000e+02, 1.653262e+02
1.000000e+02, 1.669435e+02
1.000000e+02, 1.686621e+02
1.000000e+02, 1.705031e+02
1.000000e+02, 1.724963e+02
1.000000e+02, 1.746859e+02
1.000000e+02, 1.771435e+02
1.000000e+02, 1.800000e+02
##END= 