##TITLE= /opt/topspin3.0/exp/stan/nmr/lists/wave/user/HypSec_trunc2.84_110
##JCAMP-DX= 5.00 Bruker JCAMP library
##DATA TYPE= Shape Data
##ORIGIN= Bruker BioSpin GmbH
##OWNER= <nmrsu>
##DATE= 15/02/24
##TIME= 16:15:04
##MINX= 1.164538e+01
##MAXX= 9.999960e+01
##MINY= 2.546774e-02
##MAXY= 3.585574e+02
##$SHAPE_EXMODE= Adiabatic
##$SHAPE_TOTROT= 1.800000e+02
##$SHAPE_BWFAC= 1.929340e+02
##$SHAPE_INTEGFAC= 2.356110e-02
##$SHAPE_MODE= 0
##NPOINTS= 1000
##XYPOINTS= (XY..XY)
1.000000e+02, 1.800000e+02
1.000000e+02, 1.782396e+02
1.000000e+02, 1.767250e+02
1.000000e+02, 1.753756e+02
1.000000e+02, 1.741473e+02
1.000000e+02, 1.730127e+02
1.000000e+02, 1.719535e+02
1.000000e+02, 1.709569e+02
1.000000e+02, 1.700130e+02
1.000000e+02, 1.691147e+02
1.000000e+02, 1.682560e+02
1.000000e+02, 1.674325e+02
1.000000e+02, 1.666401e+02
1.000000e+02, 1.658759e+02
1.000000e+02, 1.651372e+02
1.000000e+02, 1.644216e+02
1.000000e+02, 1.637274e+02
1.000000e+02, 1.630527e+02
1.000000e+02, 1.623962e+02
1.000000e+02, 1.617565e+02
1.000000e+02, 1.611326e+02
1.000000e+02, 1.605233e+02
1.000000e+02, 1.599278e+02
1.000000e+02, 1.593453e+02
1.000000e+02, 1.587750e+02
1.000000e+02, 1.582162e+02
1.000000e+02, 1.576684e+02
1.000000e+02, 1.571310e+02
1.000000e+02, 1.566035e+02
1.000000e+02, 1.560854e+02
1.000000e+02, 1.555763e+02
1.000000e+02, 1.550758e+02
1.000000e+02, 1.545835e+02
1.000000e+02, 1.540991e+02
1.000000e+02, 1.536222e+02
1.000000e+02, 1.531526e+02
1.000000e+02, 1.526900e+02
1.000000e+02, 1.522341e+02
1.000000e+02, 1.517847e+02
1.000000e+02, 1.513415e+02
1.000000e+02, 1.509043e+02
1.000000e+02, 1.504730e+02
1.000000e+02, 1.500473e+02
1.000000e+02, 1.496271e+02
1.000000e+02, 1.492122e+02
1.000000e+02, 1.488024e+02
1.000000e+02, 1.483975e+02
1.000000e+02, 1.479975e+02
1.000000e+02, 1.476022e+02
1.000000e+02, 1.472114e+02
1.000000e+02, 1.468251e+02
1.000000e+02, 1.464431e+02
1.000000e+02, 1.460653e+02
1.000000e+02, 1.456915e+02
1.000000e+02, 1.453218e+02
1.000000e+02, 1.449559e+02
1.000000e+02, 1.445939e+02
1.000000e+02, 1.442355e+02
1.000000e+02, 1.438808e+02
1.000000e+02, 1.435295e+02
1.000000e+02, 1.431818e+02
1.000000e+02, 1.428374e+02
1.000000e+02, 1.424963e+02
1.000000e+02, 1.421584e+02
1.000000e+02, 1.418237e+02
1.000000e+02, 1.414921e+02
1.000000e+02, 1.411635e+02
1.000000e+02, 1.408379e+02
1.000000e+02, 1.405152e+02
1.000000e+02, 1.401953e+02
1.000000e+02, 1.398782e+02
1.000000e+02, 1.395639e+02
1.000000e+02, 1.392523e+02
1.000000e+02, 1.389433e+02
1.000000e+02, 1.386369e+02
1.000000e+02, 1.383331e+02
1.000000e+02, 1.380317e+02
1.000000e+02, 1.377329e+02
1.000000e+02, 1.374364e+02
1.000000e+02, 1.371423e+02
1.000000e+02, 1.368505e+02
1.000000e+02, 1.365611e+02
1.000000e+02, 1.362739e+02
1.000000e+02, 1.359889e+02
1.000000e+02, 1.357061e+02
1.000000e+02, 1.354255e+02
1.000000e+02, 1.351469e+02
1.000000e+02, 1.348705e+02
1.000000e+02, 1.345961e+02
1.000000e+02, 1.343238e+02
1.000000e+02, 1.340534e+02
1.000000e+02, 1.337850e+02
1.000000e+02, 1.335186e+02
1.000000e+02, 1.332541e+02
1.000000e+02, 1.329914e+02
1.000000e+02, 1.327306e+02
1.000000e+02, 1.324716e+02
1.000000e+02, 1.322145e+02
1.000000e+02, 1.319591e+02
1.000000e+02, 1.317055e+02
1.000000e+02, 1.314536e+02
1.000000e+02, 1.312034e+02
1.000000e+02, 1.309550e+02
1.000000e+02, 1.307082e+02
1.000000e+02, 1.304630e+02
1.000000e+02, 1.302195e+02
1.000000e+02, 1.299776e+02
1.000000e+02, 1.297372e+02
1.000000e+02, 1.294985e+02
1.000000e+02, 1.292613e+02
1.000000e+02, 1.290256e+02
1.000000e+02, 1.287914e+02
1.000000e+02, 1.285588e+02
1.000000e+02, 1.283276e+02
1.000000e+02, 1.280979e+02
1.000000e+02, 1.278696e+02
1.000000e+02, 1.276428e+02
1.000000e+02, 1.274174e+02
1.000000e+02, 1.271933e+02
1.000000e+02, 1.269707e+02
1.000000e+02, 1.267495e+02
1.000000e+02, 1.265296e+02
1.000000e+02, 1.263110e+02
1.000000e+02, 1.260938e+02
1.000000e+02, 1.258778e+02
1.000000e+02, 1.256632e+02
1.000000e+02, 1.254499e+02
1.000000e+02, 1.252378e+02
1.000000e+02, 1.250271e+02
1.000000e+02, 1.248175e+02
1.000000e+02, 1.246092e+02
1.000000e+02, 1.244021e+02
1.000000e+02, 1.241963e+02
1.000000e+02, 1.239916e+02
1.000000e+02, 1.237882e+02
1.000000e+02, 1.235859e+02
1.000000e+02, 1.233848e+02
1.000000e+02, 1.231848e+02
1.000000e+02, 1.229860e+02
1.000000e+02, 1.227884e+02
1.000000e+02, 1.225918e+02
1.000000e+02, 1.223964e+02
1.000000e+02, 1.222021e+02
1.000000e+02, 1.220089e+02
1.000000e+02, 1.218168e+02
1.000000e+02, 1.216258e+02
1.000000e+02, 1.214358e+02
1.000000e+02, 1.212469e+02
1.000000e+02, 1.210591e+02
1.000000e+02, 1.208723e+02
1.000000e+02, 1.206865e+02
1.000000e+02, 1.205018e+02
1.000000e+02, 1.203180e+02
1.000000e+02, 1.201353e+02
1.000000e+02, 1.199536e+02
1.000000e+02, 1.197729e+02
1.000000e+02, 1.195932e+02
1.000000e+02, 1.194145e+02
1.000000e+02, 1.192368e+02
1.000000e+02, 1.190600e+02
1.000000e+02, 1.188841e+02
1.000000e+02, 1.187093e+02
1.000000e+02, 1.185353e+02
1.000000e+02, 1.183623e+02
1.000000e+02, 1.181903e+02
1.000000e+02, 1.180191e+02
1.000000e+02, 1.178489e+02
1.000000e+02, 1.176796e+02
1.000000e+02, 1.175112e+02
1.000000e+02, 1.173437e+02
1.000000e+02, 1.171771e+02
1.000000e+02, 1.170113e+02
1.000000e+02, 1.168465e+02
1.000000e+02, 1.166825e+02
1.000000e+02, 1.165194e+02
1.000000e+02, 1.163571e+02
1.000000e+02, 1.161958e+02
1.000000e+02, 1.160352e+02
1.000000e+02, 1.158755e+02
1.000000e+02, 1.157167e+02
1.000000e+02, 1.155587e+02
1.000000e+02, 1.154015e+02
1.000000e+02, 1.152451e+02
1.000000e+02, 1.150896e+02
1.000000e+02, 1.149348e+02
1.000000e+02, 1.147809e+02
1.000000e+02, 1.146278e+02
1.000000e+02, 1.144755e+02
1.000000e+02, 1.143239e+02
1.000000e+02, 1.141732e+02
1.000000e+02, 1.140232e+02
1.000000e+02, 1.138741e+02
1.000000e+02, 1.137257e+02
1.000000e+02, 1.135780e+02
1.000000e+02, 1.134312e+02
1.000000e+02, 1.132851e+02
1.000000e+02, 1.131397e+02
1.000000e+02, 1.129951e+02
1.000000e+02, 1.128513e+02
1.000000e+02, 1.127082e+02
1.000000e+02, 1.125658e+02
1.000000e+02, 1.124242e+02
1.000000e+02, 1.122833e+02
1.000000e+02, 1.121432e+02
1.000000e+02, 1.120037e+02
1.000000e+02, 1.118650e+02
1.000000e+02, 1.117270e+02
1.000000e+02, 1.115897e+02
1.000000e+02, 1.114531e+02
1.000000e+02, 1.113173e+02
1.000000e+02, 1.111821e+02
1.000000e+02, 1.110476e+02
1.000000e+02, 1.109138e+02
1.000000e+02, 1.107807e+02
1.000000e+02, 1.106483e+02
1.000000e+02, 1.105166e+02
1.000000e+02, 1.103856e+02
1.000000e+02, 1.102552e+02
1.000000e+02, 1.101255e+02
1.000000e+02, 1.099965e+02
1.000000e+02, 1.098681e+02
1.000000e+02, 1.097405e+02
1.000000e+02, 1.096134e+02
1.000000e+02, 1.094871e+02
1.000000e+02, 1.093613e+02
1.000000e+02, 1.092363e+02
1.000000e+02, 1.091119e+02
1.000000e+02, 1.089881e+02
1.000000e+02, 1.088650e+02
1.000000e+02, 1.087425e+02
1.000000e+02, 1.086206e+02
1.000000e+02, 1.084994e+02
1.000000e+02, 1.083788e+02
1.000000e+02, 1.082588e+02
1.000000e+02, 1.081395e+02
1.000000e+02, 1.080208e+02
1.000000e+02, 1.079027e+02
1.000000e+02, 1.077852e+02
1.000000e+02, 1.076684e+02
1.000000e+02, 1.075521e+02
1.000000e+02, 1.074365e+02
1.000000e+02, 1.073214e+02
1.000000e+02, 1.072070e+02
1.000000e+02, 1.070932e+02
1.000000e+02, 1.069800e+02
1.000000e+02, 1.068673e+02
1.000000e+02, 1.067553e+02
1.000000e+02, 1.066438e+02
1.000000e+02, 1.065330e+02
1.000000e+02, 1.064227e+02
1.000000e+02, 1.063130e+02
1.000000e+02, 1.062039e+02
1.000000e+02, 1.060954e+02
1.000000e+02, 1.059874e+02
1.000000e+02, 1.058801e+02
1.000000e+02, 1.057733e+02
1.000000e+02, 1.056670e+02
1.000000e+02, 1.055614e+02
1.000000e+02, 1.054563e+02
1.000000e+02, 1.053518e+02
1.000000e+02, 1.052478e+02
1.000000e+02, 1.051444e+02
1.000000e+02, 1.050416e+02
1.000000e+02, 1.049393e+02
1.000000e+02, 1.048375e+02
1.000000e+02, 1.047363e+02
1.000000e+02, 1.046357e+02
1.000000e+02, 1.045356e+02
1.000000e+02, 1.044361e+02
1.000000e+02, 1.043371e+02
1.000000e+02, 1.042387e+02
1.000000e+02, 1.041407e+02
1.000000e+02, 1.040434e+02
1.000000e+02, 1.039465e+02
1.000000e+02, 1.038503e+02
1.000000e+02, 1.037545e+02
1.000000e+02, 1.036593e+02
1.000000e+02, 1.035646e+02
1.000000e+02, 1.034704e+02
1.000000e+02, 1.033767e+02
1.000000e+02, 1.032836e+02
1.000000e+02, 1.031910e+02
1.000000e+02, 1.030989e+02
1.000000e+02, 1.030074e+02
1.000000e+02, 1.029163e+02
1.000000e+02, 1.028258e+02
1.000000e+02, 1.027358e+02
1.000000e+02, 1.026463e+02
1.000000e+02, 1.025573e+02
1.000000e+02, 1.024689e+02
1.000000e+02, 1.023809e+02
1.000000e+02, 1.022934e+02
1.000000e+02, 1.022065e+02
1.000000e+02, 1.021200e+02
1.000000e+02, 1.020341e+02
1.000000e+02, 1.019486e+02
1.000000e+02, 1.018637e+02
1.000000e+02, 1.017792e+02
1.000000e+02, 1.016953e+02
1.000000e+02, 1.016118e+02
1.000000e+02, 1.015289e+02
1.000000e+02, 1.014464e+02
1.000000e+02, 1.013644e+02
1.000000e+02, 1.012829e+02
1.000000e+02, 1.012019e+02
1.000000e+02, 1.011214e+02
1.000000e+02, 1.010414e+02
1.000000e+02, 1.009618e+02
1.000000e+02, 1.008828e+02
1.000000e+02, 1.008042e+02
1.000000e+02, 1.007261e+02
1.000000e+02, 1.006485e+02
1.000000e+02, 1.005713e+02
1.000000e+02, 1.004947e+02
1.000000e+02, 1.004185e+02
1.000000e+02, 1.003428e+02
1.000000e+02, 1.002675e+02
1.000000e+02, 1.001928e+02
1.000000e+02, 1.001185e+02
1.000000e+02, 1.000446e+02
1.000000e+02, 9.997127e+01
1.000000e+02, 9.989837e+01
1.000000e+02, 9.982594e+01
1.000000e+02, 9.975398e+01
1.000000e+02, 9.968248e+01
1.000000e+02, 9.961144e+01
1.000000e+02, 9.954086e+01
1.000000e+02, 9.947075e+01
1.000000e+02, 9.940109e+01
1.000000e+02, 9.933189e+01
1.000000e+02, 9.926315e+01
1.000000e+02, 9.919486e+01
1.000000e+02, 9.912703e+01
1.000000e+02, 9.905966e+01
1.000000e+02, 9.899274e+01
1.000000e+02, 9.892627e+01
1.000000e+02, 9.886025e+01
1.000000e+02, 9.879468e+01
1.000000e+02, 9.872956e+01
1.000000e+02, 9.866489e+01
1.000000e+02, 9.860066e+01
1.000000e+02, 9.853688e+01
1.000000e+02, 9.847355e+01
1.000000e+02, 9.841066e+01
1.000000e+02, 9.834822e+01
1.000000e+02, 9.828622e+01
1.000000e+02, 9.822465e+01
1.000000e+02, 9.816354e+01
1.000000e+02, 9.810286e+01
1.000000e+02, 9.804262e+01
1.000000e+02, 9.798281e+01
1.000000e+02, 9.792345e+01
1.000000e+02, 9.786452e+01
1.000000e+02, 9.780603e+01
1.000000e+02, 9.774797e+01
1.000000e+02, 9.769034e+01
1.000000e+02, 9.763315e+01
1.000000e+02, 9.757639e+01
1.000000e+02, 9.752007e+01
1.000000e+02, 9.746417e+01
1.000000e+02, 9.740871e+01
1.000000e+02, 9.735367e+01
1.000000e+02, 9.729906e+01
1.000000e+02, 9.724488e+01
1.000000e+02, 9.719113e+01
1.000000e+02, 9.713780e+01
1.000000e+02, 9.708490e+01
1.000000e+02, 9.703242e+01
1.000000e+02, 9.698036e+01
1.000000e+02, 9.692873e+01
1.000000e+02, 9.687753e+01
1.000000e+02, 9.682674e+01
1.000000e+02, 9.677638e+01
1.000000e+02, 9.672643e+01
1.000000e+02, 9.667691e+01
1.000000e+02, 9.662780e+01
1.000000e+02, 9.657912e+01
1.000000e+02, 9.653085e+01
1.000000e+02, 9.648300e+01
1.000000e+02, 9.643556e+01
1.000000e+02, 9.638854e+01
1.000000e+02, 9.634194e+01
1.000000e+02, 9.629575e+01
1.000000e+02, 9.624997e+01
1.000000e+02, 9.620461e+01
1.000000e+02, 9.615966e+01
1.000000e+02, 9.611512e+01
1.000000e+02, 9.607100e+01
1.000000e+02, 9.602728e+01
1.000000e+02, 9.598398e+01
1.000000e+02, 9.594109e+01
1.000000e+02, 9.589860e+01
1.000000e+02, 9.585653e+01
1.000000e+02, 9.581486e+01
1.000000e+02, 9.577360e+01
1.000000e+02, 9.573275e+01
1.000000e+02, 9.569230e+01
1.000000e+02, 9.565226e+01
1.000000e+02, 9.561263e+01
1.000000e+02, 9.557340e+01
1.000000e+02, 9.553457e+01
1.000000e+02, 9.549615e+01
1.000000e+02, 9.545813e+01
1.000000e+02, 9.542052e+01
1.000000e+02, 9.538331e+01
1.000000e+02, 9.534650e+01
1.000000e+02, 9.531009e+01
1.000000e+02, 9.527408e+01
1.000000e+02, 9.523848e+01
1.000000e+02, 9.520327e+01
1.000000e+02, 9.516847e+01
1.000000e+02, 9.513406e+01
1.000000e+02, 9.510005e+01
1.000000e+02, 9.506644e+01
1.000000e+02, 9.503323e+01
1.000000e+02, 9.500042e+01
1.000000e+02, 9.496800e+01
1.000000e+02, 9.493598e+01
1.000000e+02, 9.490436e+01
1.000000e+02, 9.487313e+01
1.000000e+02, 9.484230e+01
1.000000e+02, 9.481186e+01
1.000000e+02, 9.478182e+01
1.000000e+02, 9.475218e+01
1.000000e+02, 9.472292e+01
1.000000e+02, 9.469406e+01
1.000000e+02, 9.466560e+01
1.000000e+02, 9.463753e+01
1.000000e+02, 9.460985e+01
1.000000e+02, 9.458256e+01
1.000000e+02, 9.455566e+01
1.000000e+02, 9.452916e+01
1.000000e+02, 9.450305e+01
1.000000e+02, 9.447733e+01
1.000000e+02, 9.445199e+01
1.000000e+02, 9.442705e+01
1.000000e+02, 9.440250e+01
1.000000e+02, 9.437834e+01
1.000000e+02, 9.435457e+01
1.000000e+02, 9.433119e+01
1.000000e+02, 9.430820e+01
1.000000e+02, 9.428559e+01
1.000000e+02, 9.426338e+01
1.000000e+02, 9.424155e+01
1.000000e+02, 9.422011e+01
1.000000e+02, 9.419906e+01
1.000000e+02, 9.417839e+01
1.000000e+02, 9.415811e+01
1.000000e+02, 9.413822e+01
1.000000e+02, 9.411872e+01
1.000000e+02, 9.409960e+01
1.000000e+02, 9.408087e+01
1.000000e+02, 9.406252e+01
1.000000e+02, 9.404456e+01
1.000000e+02, 9.402698e+01
1.000000e+02, 9.400979e+01
1.000000e+02, 9.399299e+01
1.000000e+02, 9.397657e+01
1.000000e+02, 9.396053e+01
1.000000e+02, 9.394488e+01
1.000000e+02, 9.392961e+01
1.000000e+02, 9.391473e+01
1.000000e+02, 9.390023e+01
1.000000e+02, 9.388612e+01
1.000000e+02, 9.387238e+01
1.000000e+02, 9.385903e+01
1.000000e+02, 9.384607e+01
1.000000e+02, 9.383349e+01
1.000000e+02, 9.382129e+01
1.000000e+02, 9.380947e+01
1.000000e+02, 9.379804e+01
1.000000e+02, 9.378698e+01
1.000000e+02, 9.377631e+01
1.000000e+02, 9.376603e+01
1.000000e+02, 9.375612e+01
1.000000e+02, 9.374660e+01
1.000000e+02, 9.373746e+01
1.000000e+02, 9.372870e+01
1.000000e+02, 9.372032e+01
1.000000e+02, 9.371232e+01
1.000000e+02, 9.370470e+01
1.000000e+02, 9.369747e+01
1.000000e+02, 9.369062e+01
1.000000e+02, 9.368415e+01
1.000000e+02, 9.367806e+01
1.000000e+02, 9.367235e+01
1.000000e+02, 9.366702e+01
1.000000e+02, 9.366207e+01
1.000000e+02, 9.365750e+01
1.000000e+02, 9.365332e+01
1.000000e+02, 9.364951e+01
1.000000e+02, 9.364609e+01
1.000000e+02, 9.364304e+01
1.000000e+02, 9.364038e+01
1.000000e+02, 9.363810e+01
1.000000e+02, 9.363619e+01
1.000000e+02, 9.363467e+01
1.000000e+02, 9.363353e+01
1.000000e+02, 9.363277e+01
1.000000e+02, 9.363239e+01
1.000000e+02, 9.363239e+01
1.000000e+02, 9.363277e+01
1.000000e+02, 9.363353e+01
1.000000e+02, 9.363467e+01
1.000000e+02, 9.363619e+01
1.000000e+02, 9.363810e+01
1.000000e+02, 9.364038e+01
1.000000e+02, 9.364304e+01
1.000000e+02, 9.364609e+01
1.000000e+02, 9.364951e+01
1.000000e+02, 9.365332e+01
1.000000e+02, 9.365750e+01
1.000000e+02, 9.366207e+01
1.000000e+02, 9.366702e+01
1.000000e+02, 9.367235e+01
1.000000e+02, 9.367806e+01
1.000000e+02, 9.368415e+01
1.000000e+02, 9.369062e+01
1.000000e+02, 9.369747e+01
1.000000e+02, 9.370470e+01
1.000000e+02, 9.371232e+01
1.000000e+02, 9.372032e+01
1.000000e+02, 9.372870e+01
1.000000e+02, 9.373746e+01
1.000000e+02, 9.374660e+01
1.000000e+02, 9.375612e+01
1.000000e+02, 9.376603e+01
1.000000e+02, 9.377631e+01
1.000000e+02, 9.378698e+01
1.000000e+02, 9.379804e+01
1.000000e+02, 9.380947e+01
1.000000e+02, 9.382129e+01
1.000000e+02, 9.383349e+01
1.000000e+02, 9.384607e+01
1.000000e+02, 9.385903e+01
1.000000e+02, 9.387238e+01
1.000000e+02, 9.388612e+01
1.000000e+02, 9.390023e+01
1.000000e+02, 9.391473e+01
1.000000e+02, 9.392961e+01
1.000000e+02, 9.394488e+01
1.000000e+02, 9.396053e+01
1.000000e+02, 9.397657e+01
1.000000e+02, 9.399299e+01
1.000000e+02, 9.400979e+01
1.000000e+02, 9.402698e+01
1.000000e+02, 9.404456e+01
1.000000e+02, 9.406252e+01
1.000000e+02, 9.408087e+01
1.000000e+02, 9.409960e+01
1.000000e+02, 9.411872e+01
1.000000e+02, 9.413822e+01
1.000000e+02, 9.415811e+01
1.000000e+02, 9.417839e+01
1.000000e+02, 9.419906e+01
1.000000e+02, 9.422011e+01
1.000000e+02, 9.424155e+01
1.000000e+02, 9.426338e+01
1.000000e+02, 9.428559e+01
1.000000e+02, 9.430820e+01
1.000000e+02, 9.433119e+01
1.000000e+02, 9.435457e+01
1.000000e+02, 9.437834e+01
1.000000e+02, 9.440250e+01
1.000000e+02, 9.442705e+01
1.000000e+02, 9.445199e+01
1.000000e+02, 9.447733e+01
1.000000e+02, 9.450305e+01
1.000000e+02, 9.452916e+01
1.000000e+02, 9.455566e+01
1.000000e+02, 9.458256e+01
1.000000e+02, 9.460985e+01
1.000000e+02, 9.463753e+01
1.000000e+02, 9.466560e+01
1.000000e+02, 9.469406e+01
1.000000e+02, 9.472292e+01
1.000000e+02, 9.475218e+01
1.000000e+02, 9.478182e+01
1.000000e+02, 9.481186e+01
1.000000e+02, 9.484230e+01
1.000000e+02, 9.487313e+01
1.000000e+02, 9.490436e+01
1.000000e+02, 9.493598e+01
1.000000e+02, 9.496800e+01
1.000000e+02, 9.500042e+01
1.000000e+02, 9.503323e+01
1.000000e+02, 9.506644e+01
1.000000e+02, 9.510005e+01
1.000000e+02, 9.513406e+01
1.000000e+02, 9.516847e+01
1.000000e+02, 9.520327e+01
1.000000e+02, 9.523848e+01
1.000000e+02, 9.527408e+01
1.000000e+02, 9.531009e+01
1.000000e+02, 9.534650e+01
1.000000e+02, 9.538331e+01
1.000000e+02, 9.542052e+01
1.000000e+02, 9.545813e+01
1.000000e+02, 9.549615e+01
1.000000e+02, 9.553457e+01
1.000000e+02, 9.557340e+01
1.000000e+02, 9.561263e+01
1.000000e+02, 9.565226e+01
1.000000e+02, 9.569230e+01
1.000000e+02, 9.573275e+01
1.000000e+02, 9.577360e+01
1.000000e+02, 9.581486e+01
1.000000e+02, 9.585653e+01
1.000000e+02, 9.589860e+01
1.000000e+02, 9.594109e+01
1.000000e+02, 9.598398e+01
1.000000e+02, 9.602728e+01
1.000000e+02, 9.607100e+01
1.000000e+02, 9.611512e+01
1.000000e+02, 9.615966e+01
1.000000e+02, 9.620461e+01
1.000000e+02, 9.624997e+01
1.000000e+02, 9.629575e+01
1.000000e+02, 9.634194e+01
1.000000e+02, 9.638854e+01
1.000000e+02, 9.643556e+01
1.000000e+02, 9.648300e+01
1.000000e+02, 9.653085e+01
1.000000e+02, 9.657912e+01
1.000000e+02, 9.662780e+01
1.000000e+02, 9.667691e+01
1.000000e+02, 9.672643e+01
1.000000e+02, 9.677638e+01
1.000000e+02, 9.682674e+01
1.000000e+02, 9.687753e+01
1.000000e+02, 9.692873e+01
1.000000e+02, 9.698036e+01
1.000000e+02, 9.703242e+01
1.000000e+02, 9.708490e+01
1.000000e+02, 9.713780e+01
1.000000e+02, 9.719113e+01
1.000000e+02, 9.724488e+01
1.000000e+02, 9.729906e+01
1.000000e+02, 9.735367e+01
1.000000e+02, 9.740871e+01
1.000000e+02, 9.746417e+01
1.000000e+02, 9.752007e+01
1.000000e+02, 9.757640e+01
1.000000e+02, 9.763315e+01
1.000000e+02, 9.769034e+01
1.000000e+02, 9.774797e+01
1.000000e+02, 9.780603e+01
1.000000e+02, 9.786452e+01
1.000000e+02, 9.792345e+01
1.000000e+02, 9.798281e+01
1.000000e+02, 9.804262e+01
1.000000e+02, 9.810286e+01
1.000000e+02, 9.816354e+01
1.000000e+02, 9.822465e+01
1.000000e+02, 9.828622e+01
1.000000e+02, 9.834822e+01
1.000000e+02, 9.841066e+01
1.000000e+02, 9.847355e+01
1.000000e+02, 9.853688e+01
1.000000e+02, 9.860066e+01
1.000000e+02, 9.866489e+01
1.000000e+02, 9.872956e+01
1.000000e+02, 9.879468e+01
1.000000e+02, 9.886025e+01
1.000000e+02, 9.892627e+01
1.000000e+02, 9.899274e+01
1.000000e+02, 9.905966e+01
1.000000e+02, 9.912703e+01
1.000000e+02, 9.919486e+01
1.000000e+02, 9.926315e+01
1.000000e+02, 9.933189e+01
1.000000e+02, 9.940109e+01
1.000000e+02, 9.947075e+01
1.000000e+02, 9.954086e+01
1.000000e+02, 9.961144e+01
1.000000e+02, 9.968248e+01
1.000000e+02, 9.975398e+01
1.000000e+02, 9.982594e+01
1.000000e+02, 9.989837e+01
1.000000e+02, 9.997127e+01
1.000000e+02, 1.000446e+02
1.000000e+02, 1.001185e+02
1.000000e+02, 1.001928e+02
1.000000e+02, 1.002675e+02
1.000000e+02, 1.003428e+02
1.000000e+02, 1.004185e+02
1.000000e+02, 1.004947e+02
1.000000e+02, 1.005713e+02
1.000000e+02, 1.006485e+02
1.000000e+02, 1.007261e+02
1.000000e+02, 1.008042e+02
1.000000e+02, 1.008828e+02
1.000000e+02, 1.009618e+02
1.000000e+02, 1.010414e+02
1.000000e+02, 1.011214e+02
1.000000e+02, 1.012019e+02
1.000000e+02, 1.012829e+02
1.000000e+02, 1.013644e+02
1.000000e+02, 1.014464e+02
1.000000e+02, 1.015289e+02
1.000000e+02, 1.016118e+02
1.000000e+02, 1.016953e+02
1.000000e+02, 1.017792e+02
1.000000e+02, 1.018637e+02
1.000000e+02, 1.019486e+02
1.000000e+02, 1.020341e+02
1.000000e+02, 1.021200e+02
1.000000e+02, 1.022065e+02
1.000000e+02, 1.022934e+02
1.000000e+02, 1.023809e+02
1.000000e+02, 1.024689e+02
1.000000e+02, 1.025573e+02
1.000000e+02, 1.026463e+02
1.000000e+02, 1.027358e+02
1.000000e+02, 1.028258e+02
1.000000e+02, 1.029163e+02
1.000000e+02, 1.030074e+02
1.000000e+02, 1.030989e+02
1.000000e+02, 1.031910e+02
1.000000e+02, 1.032836e+02
1.000000e+02, 1.033767e+02
1.000000e+02, 1.034704e+02
1.000000e+02, 1.035646e+02
1.000000e+02, 1.036593e+02
1.000000e+02, 1.037545e+02
1.000000e+02, 1.038503e+02
1.000000e+02, 1.039465e+02
1.000000e+02, 1.040434e+02
1.000000e+02, 1.041407e+02
1.000000e+02, 1.042387e+02
1.000000e+02, 1.043371e+02
1.000000e+02, 1.044361e+02
1.000000e+02, 1.045356e+02
1.000000e+02, 1.046357e+02
1.000000e+02, 1.047363e+02
1.000000e+02, 1.048375e+02
1.000000e+02, 1.049393e+02
1.000000e+02, 1.050416e+02
1.000000e+02, 1.051444e+02
1.000000e+02, 1.052478e+02
1.000000e+02, 1.053518e+02
1.000000e+02, 1.054563e+02
1.000000e+02, 1.055614e+02
1.000000e+02, 1.056670e+02
1.000000e+02, 1.057733e+02
1.000000e+02, 1.058801e+02
1.000000e+02, 1.059874e+02
1.000000e+02, 1.060954e+02
1.000000e+02, 1.062039e+02
1.000000e+02, 1.063130e+02
1.000000e+02, 1.064227e+02
1.000000e+02, 1.065330e+02
1.000000e+02, 1.066438e+02
1.000000e+02, 1.067553e+02
1.000000e+02, 1.068673e+02
1.000000e+02, 1.069800e+02
1.000000e+02, 1.070932e+02
1.000000e+02, 1.072070e+02
1.000000e+02, 1.073214e+02
1.000000e+02, 1.074365e+02
1.000000e+02, 1.075521e+02
1.000000e+02, 1.076684e+02
1.000000e+02, 1.077852e+02
1.000000e+02, 1.079027e+02
1.000000e+02, 1.080208e+02
1.000000e+02, 1.081395e+02
1.000000e+02, 1.082588e+02
1.000000e+02, 1.083788e+02
1.000000e+02, 1.084994e+02
1.000000e+02, 1.086206e+02
1.000000e+02, 1.087425e+02
1.000000e+02, 1.088650e+02
1.000000e+02, 1.089881e+02
1.000000e+02, 1.091119e+02
1.000000e+02, 1.092363e+02
1.000000e+02, 1.093613e+02
1.000000e+02, 1.094871e+02
1.000000e+02, 1.096134e+02
1.000000e+02, 1.097405e+02
1.000000e+02, 1.098681e+02
1.000000e+02, 1.099965e+02
1.000000e+02, 1.101255e+02
1.000000e+02, 1.102552e+02
1.000000e+02, 1.103856e+02
1.000000e+02, 1.105166e+02
1.000000e+02, 1.106483e+02
1.000000e+02, 1.107807e+02
1.000000e+02, 1.109138e+02
1.000000e+02, 1.110476e+02
1.000000e+02, 1.111821e+02
1.000000e+02, 1.113173e+02
1.000000e+02, 1.114531e+02
1.000000e+02, 1.115897e+02
1.000000e+02, 1.117270e+02
1.000000e+02, 1.118650e+02
1.000000e+02, 1.120037e+02
1.000000e+02, 1.121432e+02
1.000000e+02, 1.122833e+02
1.000000e+02, 1.124242e+02
1.000000e+02, 1.125658e+02
1.000000e+02, 1.127082e+02
1.000000e+02, 1.128513e+02
1.000000e+02, 1.129951e+02
1.000000e+02, 1.131397e+02
1.000000e+02, 1.132851e+02
1.000000e+02, 1.134312e+02
1.000000e+02, 1.135780e+02
1.000000e+02, 1.137257e+02
1.000000e+02, 1.138741e+02
1.000000e+02, 1.140232e+02
1.000000e+02, 1.141732e+02
1.000000e+02, 1.143239e+02
1.000000e+02, 1.144755e+02
1.000000e+02, 1.146278e+02
1.000000e+02, 1.147809e+02
1.000000e+02, 1.149348e+02
1.000000e+02, 1.150896e+02
1.000000e+02, 1.152451e+02
1.000000e+02, 1.154015e+02
1.000000e+02, 1.155587e+02
1.000000e+02, 1.157167e+02
1.000000e+02, 1.158755e+02
1.000000e+02, 1.160352e+02
1.000000e+02, 1.161958e+02
1.000000e+02, 1.163571e+02
1.000000e+02, 1.165194e+02
1.000000e+02, 1.166825e+02
1.000000e+02, 1.168465e+02
1.000000e+02, 1.170113e+02
1.000000e+02, 1.171771e+02
1.000000e+02, 1.173437e+02
1.000000e+02, 1.175112e+02
1.000000e+02, 1.176796e+02
1.000000e+02, 1.178489e+02
1.000000e+02, 1.180191e+02
1.000000e+02, 1.181903e+02
1.000000e+02, 1.183623e+02
1.000000e+02, 1.185353e+02
1.000000e+02, 1.187093e+02
1.000000e+02, 1.188841e+02
1.000000e+02, 1.190600e+02
1.000000e+02, 1.192368e+02
1.000000e+02, 1.194145e+02
1.000000e+02, 1.195932e+02
1.000000e+02, 1.197730e+02
1.000000e+02, 1.199536e+02
1.000000e+02, 1.201353e+02
1.000000e+02, 1.203180e+02
1.000000e+02, 1.205018e+02
1.000000e+02, 1.206865e+02
1.000000e+02, 1.208723e+02
1.000000e+02, 1.210591e+02
1.000000e+02, 1.212469e+02
1.000000e+02, 1.214358e+02
1.000000e+02, 1.216258e+02
1.000000e+02, 1.218168e+02
1.000000e+02, 1.220089e+02
1.000000e+02, 1.222021e+02
1.000000e+02, 1.223964e+02
1.000000e+02, 1.225918e+02
1.000000e+02, 1.227884e+02
1.000000e+02, 1.229860e+02
1.000000e+02, 1.231848e+02
1.000000e+02, 1.233848e+02
1.000000e+02, 1.235859e+02
1.000000e+02, 1.237882e+02
1.000000e+02, 1.239916e+02
1.000000e+02, 1.241963e+02
1.000000e+02, 1.244021e+02
1.000000e+02, 1.246092e+02
1.000000e+02, 1.248175e+02
1.000000e+02, 1.250271e+02
1.000000e+02, 1.252378e+02
1.000000e+02, 1.254499e+02
1.000000e+02, 1.256632e+02
1.000000e+02, 1.258778e+02
1.000000e+02, 1.260938e+02
1.000000e+02, 1.263110e+02
1.000000e+02, 1.265296e+02
1.000000e+02, 1.267495e+02
1.000000e+02, 1.269707e+02
1.000000e+02, 1.271933e+02
1.000000e+02, 1.274174e+02
1.000000e+02, 1.276428e+02
1.000000e+02, 1.278696e+02
1.000000e+02, 1.280979e+02
1.000000e+02, 1.283276e+02
1.000000e+02, 1.285588e+02
1.000000e+02, 1.287914e+02
1.000000e+02, 1.290256e+02
1.000000e+02, 1.292613e+02
1.000000e+02, 1.294985e+02
1.000000e+02, 1.297372e+02
1.000000e+02, 1.299776e+02
1.000000e+02, 1.302195e+02
1.000000e+02, 1.304630e+02
1.000000e+02, 1.307082e+02
1.000000e+02, 1.309550e+02
1.000000e+02, 1.312034e+02
1.000000e+02, 1.314536e+02
1.000000e+02, 1.317055e+02
1.000000e+02, 1.319591e+02
1.000000e+02, 1.322145e+02
1.000000e+02, 1.324716e+02
1.000000e+02, 1.327306e+02
1.000000e+02, 1.329914e+02
1.000000e+02, 1.332541e+02
1.000000e+02, 1.335186e+02
1.000000e+02, 1.337850e+02
1.000000e+02, 1.340534e+02
1.000000e+02, 1.343238e+02
1.000000e+02, 1.345961e+02
1.000000e+02, 1.348705e+02
1.000000e+02, 1.351469e+02
1.000000e+02, 1.354255e+02
1.000000e+02, 1.357061e+02
1.000000e+02, 1.359889e+02
1.000000e+02, 1.362739e+02
1.000000e+02, 1.365611e+02
1.000000e+02, 1.368505e+02
1.000000e+02, 1.371423e+02
1.000000e+02, 1.374364e+02
1.000000e+02, 1.377329e+02
1.000000e+02, 1.380317e+02
1.000000e+02, 1.383331e+02
1.000000e+02, 1.386369e+02
1.000000e+02, 1.389433e+02
1.000000e+02, 1.392523e+02
1.000000e+02, 1.395639e+02
1.000000e+02, 1.398782e+02
1.000000e+02, 1.401953e+02
1.000000e+02, 1.405152e+02
1.000000e+02, 1.408379e+02
1.000000e+02, 1.411635e+02
1.000000e+02, 1.414921e+02
1.000000e+02, 1.418237e+02
1.000000e+02, 1.421584e+02
1.000000e+02, 1.424963e+02
1.000000e+02, 1.428374e+02
1.000000e+02, 1.431818e+02
1.000000e+02, 1.435295e+02
1.000000e+02, 1.438808e+02
1.000000e+02, 1.442355e+02
1.000000e+02, 1.445939e+02
1.000000e+02, 1.449559e+02
1.000000e+02, 1.453218e+02
1.000000e+02, 1.456915e+02
1.000000e+02, 1.460653e+02
1.000000e+02, 1.464431e+02
1.000000e+02, 1.468251e+02
1.000000e+02, 1.472114e+02
1.000000e+02, 1.476022e+02
1.000000e+02, 1.479975e+02
1.000000e+02, 1.483975e+02
1.000000e+02, 1.488024e+02
1.000000e+02, 1.492122e+02
1.000000e+02, 1.496271e+02
1.000000e+02, 1.500473e+02
1.000000e+02, 1.504730e+02
1.000000e+02, 1.509043e+02
1.000000e+02, 1.513415e+02
1.000000e+02, 1.517847e+02
1.000000e+02, 1.522341e+02
1.000000e+02, 1.526900e+02
1.000000e+02, 1.531526e+02
1.000000e+02, 1.536222e+02
1.000000e+02, 1.540991e+02
1.000000e+02, 1.545835e+02
1.000000e+02, 1.550758e+02
1.000000e+02, 1.555763e+02
1.000000e+02, 1.560854e+02
1.000000e+02, 1.566035e+02
1.000000e+02, 1.571310e+02
1.000000e+02, 1.576684e+02
1.000000e+02, 1.582162e+02
1.000000e+02, 1.587750e+02
1.000000e+02, 1.593453e+02
1.000000e+02, 1.599278e+02
1.000000e+02, 1.605233e+02
1.000000e+02, 1.611326e+02
1.000000e+02, 1.617565e+02
1.000000e+02, 1.623962e+02
1.000000e+02, 1.630527e+02
1.000000e+02, 1.637274e+02
1.000000e+02, 1.644216e+02
1.000000e+02, 1.651372e+02
1.000000e+02, 1.658759e+02
1.000000e+02, 1.666401e+02
1.000000e+02, 1.674325e+02
1.000000e+02, 1.682560e+02
1.000000e+02, 1.691147e+02
1.000000e+02, 1.700130e+02
1.000000e+02, 1.709569e+02
1.000000e+02, 1.719535e+02
1.000000e+02, 1.730127e+02
1.000000e+02, 1.741473e+02
1.000000e+02, 1.753756e+02
1.000000e+02, 1.767250e+02
1.000000e+02, 1.782396e+02
1.000000e+02, 1.800000e+02
##END= 