##TITLE= /opt/topspin3.0/exp/stan/nmr/lists/wave/user/HypSec_trunc2.84_110
##JCAMP-DX= 5.00 Bruker JCAMP library
##DATA TYPE= Shape Data
##ORIGIN= Bruker BioSpin GmbH
##OWNER= <nmrsu>
##DATE= 15/02/24
##TIME= 16:15:04
##MINX= 1.164538e+01
##MAXX= 9.999960e+01
##MINY= 2.546774e-02
##MAXY= 3.585574e+02
##$SHAPE_EXMODE= Adiabatic
##$SHAPE_TOTROT= 1.800000e+02
##$SHAPE_BWFAC= 1.929340e+02
##$SHAPE_INTEGFAC= 2.356110e-02
##$SHAPE_MODE= 0
##NPOINTS= 100
##XYPOINTS= (XY..XY)
1.000000e+02, 1.800000e+02
1.000000e+02, 1.786925e+02
1.000000e+02, 1.780021e+02
1.000000e+02, 1.774708e+02
1.000000e+02, 1.770260e+02
1.000000e+02, 1.766384e+02
1.000000e+02, 1.762927e+02
1.000000e+02, 1.759794e+02
1.000000e+02, 1.756924e+02
1.000000e+02, 1.754274e+02
1.000000e+02, 1.751812e+02
1.000000e+02, 1.749514e+02
1.000000e+02, 1.747360e+02
1.000000e+02, 1.745335e+02
1.000000e+02, 1.743428e+02
1.000000e+02, 1.741626e+02
1.000000e+02, 1.739923e+02
1.000000e+02, 1.738311e+02
1.000000e+02, 1.736782e+02
1.000000e+02, 1.735333e+02
1.000000e+02, 1.733958e+02
1.000000e+02, 1.732653e+02
1.000000e+02, 1.731415e+02
1.000000e+02, 1.730239e+02
1.000000e+02, 1.729125e+02
1.000000e+02, 1.728067e+02
1.000000e+02, 1.727066e+02
1.000000e+02, 1.726117e+02
1.000000e+02, 1.725221e+02
1.000000e+02, 1.724374e+02
1.000000e+02, 1.723575e+02
1.000000e+02, 1.722824e+02
1.000000e+02, 1.722118e+02
1.000000e+02, 1.721457e+02
1.000000e+02, 1.720839e+02
1.000000e+02, 1.720264e+02
1.000000e+02, 1.719731e+02
1.000000e+02, 1.719238e+02
1.000000e+02, 1.718786e+02
1.000000e+02, 1.718374e+02
1.000000e+02, 1.718001e+02
1.000000e+02, 1.717666e+02
1.000000e+02, 1.717370e+02
1.000000e+02, 1.717112e+02
1.000000e+02, 1.716891e+02
1.000000e+02, 1.716707e+02
1.000000e+02, 1.716560e+02
1.000000e+02, 1.716450e+02
1.000000e+02, 1.716377e+02
1.000000e+02, 1.716341e+02
1.000000e+02, 1.716341e+02
1.000000e+02, 1.716377e+02
1.000000e+02, 1.716450e+02
1.000000e+02, 1.716560e+02
1.000000e+02, 1.716707e+02
1.000000e+02, 1.716891e+02
1.000000e+02, 1.717112e+02
1.000000e+02, 1.717370e+02
1.000000e+02, 1.717666e+02
1.000000e+02, 1.718001e+02
1.000000e+02, 1.718374e+02
1.000000e+02, 1.718786e+02
1.000000e+02, 1.719238e+02
1.000000e+02, 1.719731e+02
1.000000e+02, 1.720264e+02
1.000000e+02, 1.720839e+02
1.000000e+02, 1.721457e+02
1.000000e+02, 1.722118e+02
1.000000e+02, 1.722824e+02
1.000000e+02, 1.723575e+02
1.000000e+02, 1.724374e+02
1.000000e+02, 1.725221e+02
1.000000e+02, 1.726117e+02
1.000000e+02, 1.727066e+02
1.000000e+02, 1.728067e+02
1.000000e+02, 1.729125e+02
1.000000e+02, 1.730239e+02
1.000000e+02, 1.731415e+02
1.000000e+02, 1.732653e+02
1.000000e+02, 1.733958e+02
1.000000e+02, 1.735333e+02
1.000000e+02, 1.736782e+02
1.000000e+02, 1.738311e+02
1.000000e+02, 1.739923e+02
1.000000e+02, 1.741626e+02
1.000000e+02, 1.743428e+02
1.000000e+02, 1.745335e+02
1.000000e+02, 1.747360e+02
1.000000e+02, 1.749514e+02
1.000000e+02, 1.751812e+02
1.000000e+02, 1.754274e+02
1.000000e+02, 1.756924e+02
1.000000e+02, 1.759794e+02
1.000000e+02, 1.762927e+02
1.000000e+02, 1.766384e+02
1.000000e+02, 1.770260e+02
1.000000e+02, 1.774708e+02
1.000000e+02, 1.780021e+02
1.000000e+02, 1.786925e+02
1.000000e+02, 1.800000e+02
##END= 