##TITLE= /opt/topspin3.0/exp/stan/nmr/lists/wave/user/HypSec_trunc2.84_110
##JCAMP-DX= 5.00 Bruker JCAMP library
##DATA TYPE= Shape Data
##ORIGIN= Bruker BioSpin GmbH
##OWNER= <nmrsu>
##DATE= 15/02/24
##TIME= 16:15:04
##MINX= 1.164538e+01
##MAXX= 9.999960e+01
##MINY= 2.546774e-02
##MAXY= 3.585574e+02
##$SHAPE_EXMODE= Adiabatic
##$SHAPE_TOTROT= 1.800000e+02
##$SHAPE_BWFAC= 1.929340e+02
##$SHAPE_INTEGFAC= 2.356110e-02
##$SHAPE_MODE= 0
##NPOINTS= 1000
##XYPOINTS= (XY..XY)
1.000000e+02, 1.800000e+02
1.000000e+02, 1.771767e+02
1.000000e+02, 1.747477e+02
1.000000e+02, 1.725835e+02
1.000000e+02, 1.706135e+02
1.000000e+02, 1.687939e+02
1.000000e+02, 1.670953e+02
1.000000e+02, 1.654968e+02
1.000000e+02, 1.639832e+02
1.000000e+02, 1.625424e+02
1.000000e+02, 1.611653e+02
1.000000e+02, 1.598445e+02
1.000000e+02, 1.585738e+02
1.000000e+02, 1.573482e+02
1.000000e+02, 1.561634e+02
1.000000e+02, 1.550158e+02
1.000000e+02, 1.539024e+02
1.000000e+02, 1.528204e+02
1.000000e+02, 1.517675e+02
1.000000e+02, 1.507416e+02
1.000000e+02, 1.497409e+02
1.000000e+02, 1.487637e+02
1.000000e+02, 1.478087e+02
1.000000e+02, 1.468745e+02
1.000000e+02, 1.459598e+02
1.000000e+02, 1.450638e+02
1.000000e+02, 1.441852e+02
1.000000e+02, 1.433234e+02
1.000000e+02, 1.424774e+02
1.000000e+02, 1.416465e+02
1.000000e+02, 1.408300e+02
1.000000e+02, 1.400273e+02
1.000000e+02, 1.392377e+02
1.000000e+02, 1.384608e+02
1.000000e+02, 1.376960e+02
1.000000e+02, 1.369429e+02
1.000000e+02, 1.362009e+02
1.000000e+02, 1.354698e+02
1.000000e+02, 1.347490e+02
1.000000e+02, 1.340382e+02
1.000000e+02, 1.333371e+02
1.000000e+02, 1.326454e+02
1.000000e+02, 1.319627e+02
1.000000e+02, 1.312887e+02
1.000000e+02, 1.306233e+02
1.000000e+02, 1.299660e+02
1.000000e+02, 1.293168e+02
1.000000e+02, 1.286752e+02
1.000000e+02, 1.280412e+02
1.000000e+02, 1.274145e+02
1.000000e+02, 1.267950e+02
1.000000e+02, 1.261823e+02
1.000000e+02, 1.255763e+02
1.000000e+02, 1.249770e+02
1.000000e+02, 1.243840e+02
1.000000e+02, 1.237972e+02
1.000000e+02, 1.232166e+02
1.000000e+02, 1.226418e+02
1.000000e+02, 1.220729e+02
1.000000e+02, 1.215096e+02
1.000000e+02, 1.209519e+02
1.000000e+02, 1.203996e+02
1.000000e+02, 1.198525e+02
1.000000e+02, 1.193107e+02
1.000000e+02, 1.187739e+02
1.000000e+02, 1.182420e+02
1.000000e+02, 1.177150e+02
1.000000e+02, 1.171928e+02
1.000000e+02, 1.166753e+02
1.000000e+02, 1.161623e+02
1.000000e+02, 1.156538e+02
1.000000e+02, 1.151497e+02
1.000000e+02, 1.146499e+02
1.000000e+02, 1.141544e+02
1.000000e+02, 1.136630e+02
1.000000e+02, 1.131757e+02
1.000000e+02, 1.126924e+02
1.000000e+02, 1.122131e+02
1.000000e+02, 1.117376e+02
1.000000e+02, 1.112659e+02
1.000000e+02, 1.107980e+02
1.000000e+02, 1.103338e+02
1.000000e+02, 1.098732e+02
1.000000e+02, 1.094161e+02
1.000000e+02, 1.089626e+02
1.000000e+02, 1.085125e+02
1.000000e+02, 1.080659e+02
1.000000e+02, 1.076225e+02
1.000000e+02, 1.071825e+02
1.000000e+02, 1.067457e+02
1.000000e+02, 1.063121e+02
1.000000e+02, 1.058817e+02
1.000000e+02, 1.054544e+02
1.000000e+02, 1.050301e+02
1.000000e+02, 1.046088e+02
1.000000e+02, 1.041906e+02
1.000000e+02, 1.037753e+02
1.000000e+02, 1.033628e+02
1.000000e+02, 1.029533e+02
1.000000e+02, 1.025465e+02
1.000000e+02, 1.021426e+02
1.000000e+02, 1.017414e+02
1.000000e+02, 1.013429e+02
1.000000e+02, 1.009470e+02
1.000000e+02, 1.005539e+02
1.000000e+02, 1.001633e+02
1.000000e+02, 9.977532e+01
1.000000e+02, 9.938989e+01
1.000000e+02, 9.900698e+01
1.000000e+02, 9.862655e+01
1.000000e+02, 9.824859e+01
1.000000e+02, 9.787305e+01
1.000000e+02, 9.749992e+01
1.000000e+02, 9.712916e+01
1.000000e+02, 9.676075e+01
1.000000e+02, 9.639467e+01
1.000000e+02, 9.603088e+01
1.000000e+02, 9.566936e+01
1.000000e+02, 9.531008e+01
1.000000e+02, 9.495303e+01
1.000000e+02, 9.459818e+01
1.000000e+02, 9.424551e+01
1.000000e+02, 9.389498e+01
1.000000e+02, 9.354659e+01
1.000000e+02, 9.320031e+01
1.000000e+02, 9.285611e+01
1.000000e+02, 9.251398e+01
1.000000e+02, 9.217390e+01
1.000000e+02, 9.183584e+01
1.000000e+02, 9.149979e+01
1.000000e+02, 9.116572e+01
1.000000e+02, 9.083362e+01
1.000000e+02, 9.050347e+01
1.000000e+02, 9.017526e+01
1.000000e+02, 8.984895e+01
1.000000e+02, 8.952454e+01
1.000000e+02, 8.920200e+01
1.000000e+02, 8.888132e+01
1.000000e+02, 8.856249e+01
1.000000e+02, 8.824549e+01
1.000000e+02, 8.793029e+01
1.000000e+02, 8.761689e+01
1.000000e+02, 8.730527e+01
1.000000e+02, 8.699541e+01
1.000000e+02, 8.668731e+01
1.000000e+02, 8.638093e+01
1.000000e+02, 8.607628e+01
1.000000e+02, 8.577332e+01
1.000000e+02, 8.547206e+01
1.000000e+02, 8.517248e+01
1.000000e+02, 8.487456e+01
1.000000e+02, 8.457829e+01
1.000000e+02, 8.428366e+01
1.000000e+02, 8.399065e+01
1.000000e+02, 8.369925e+01
1.000000e+02, 8.340945e+01
1.000000e+02, 8.312123e+01
1.000000e+02, 8.283459e+01
1.000000e+02, 8.254951e+01
1.000000e+02, 8.226598e+01
1.000000e+02, 8.198399e+01
1.000000e+02, 8.170352e+01
1.000000e+02, 8.142457e+01
1.000000e+02, 8.114712e+01
1.000000e+02, 8.087117e+01
1.000000e+02, 8.059670e+01
1.000000e+02, 8.032370e+01
1.000000e+02, 8.005217e+01
1.000000e+02, 7.978208e+01
1.000000e+02, 7.951344e+01
1.000000e+02, 7.924622e+01
1.000000e+02, 7.898043e+01
1.000000e+02, 7.871605e+01
1.000000e+02, 7.845307e+01
1.000000e+02, 7.819148e+01
1.000000e+02, 7.793127e+01
1.000000e+02, 7.767244e+01
1.000000e+02, 7.741498e+01
1.000000e+02, 7.715887e+01
1.000000e+02, 7.690411e+01
1.000000e+02, 7.665068e+01
1.000000e+02, 7.639859e+01
1.000000e+02, 7.614781e+01
1.000000e+02, 7.589835e+01
1.000000e+02, 7.565020e+01
1.000000e+02, 7.540334e+01
1.000000e+02, 7.515777e+01
1.000000e+02, 7.491348e+01
1.000000e+02, 7.467046e+01
1.000000e+02, 7.442871e+01
1.000000e+02, 7.418822e+01
1.000000e+02, 7.394897e+01
1.000000e+02, 7.371097e+01
1.000000e+02, 7.347421e+01
1.000000e+02, 7.323867e+01
1.000000e+02, 7.300436e+01
1.000000e+02, 7.277126e+01
1.000000e+02, 7.253937e+01
1.000000e+02, 7.230867e+01
1.000000e+02, 7.207917e+01
1.000000e+02, 7.185086e+01
1.000000e+02, 7.162373e+01
1.000000e+02, 7.139778e+01
1.000000e+02, 7.117299e+01
1.000000e+02, 7.094936e+01
1.000000e+02, 7.072689e+01
1.000000e+02, 7.050556e+01
1.000000e+02, 7.028538e+01
1.000000e+02, 7.006634e+01
1.000000e+02, 6.984842e+01
1.000000e+02, 6.963164e+01
1.000000e+02, 6.941597e+01
1.000000e+02, 6.920141e+01
1.000000e+02, 6.898796e+01
1.000000e+02, 6.877562e+01
1.000000e+02, 6.856437e+01
1.000000e+02, 6.835421e+01
1.000000e+02, 6.814513e+01
1.000000e+02, 6.793714e+01
1.000000e+02, 6.773022e+01
1.000000e+02, 6.752438e+01
1.000000e+02, 6.731959e+01
1.000000e+02, 6.711587e+01
1.000000e+02, 6.691320e+01
1.000000e+02, 6.671158e+01
1.000000e+02, 6.651100e+01
1.000000e+02, 6.631147e+01
1.000000e+02, 6.611297e+01
1.000000e+02, 6.591550e+01
1.000000e+02, 6.571905e+01
1.000000e+02, 6.552363e+01
1.000000e+02, 6.532922e+01
1.000000e+02, 6.513582e+01
1.000000e+02, 6.494343e+01
1.000000e+02, 6.475205e+01
1.000000e+02, 6.456166e+01
1.000000e+02, 6.437226e+01
1.000000e+02, 6.418386e+01
1.000000e+02, 6.399644e+01
1.000000e+02, 6.381000e+01
1.000000e+02, 6.362453e+01
1.000000e+02, 6.344005e+01
1.000000e+02, 6.325652e+01
1.000000e+02, 6.307397e+01
1.000000e+02, 6.289237e+01
1.000000e+02, 6.271173e+01
1.000000e+02, 6.253205e+01
1.000000e+02, 6.235331e+01
1.000000e+02, 6.217552e+01
1.000000e+02, 6.199867e+01
1.000000e+02, 6.182276e+01
1.000000e+02, 6.164778e+01
1.000000e+02, 6.147373e+01
1.000000e+02, 6.130061e+01
1.000000e+02, 6.112841e+01
1.000000e+02, 6.095713e+01
1.000000e+02, 6.078676e+01
1.000000e+02, 6.061731e+01
1.000000e+02, 6.044877e+01
1.000000e+02, 6.028113e+01
1.000000e+02, 6.011440e+01
1.000000e+02, 5.994856e+01
1.000000e+02, 5.978362e+01
1.000000e+02, 5.961957e+01
1.000000e+02, 5.945642e+01
1.000000e+02, 5.929414e+01
1.000000e+02, 5.913275e+01
1.000000e+02, 5.897224e+01
1.000000e+02, 5.881261e+01
1.000000e+02, 5.865385e+01
1.000000e+02, 5.849596e+01
1.000000e+02, 5.833894e+01
1.000000e+02, 5.818278e+01
1.000000e+02, 5.802748e+01
1.000000e+02, 5.787304e+01
1.000000e+02, 5.771946e+01
1.000000e+02, 5.756673e+01
1.000000e+02, 5.741485e+01
1.000000e+02, 5.726382e+01
1.000000e+02, 5.711363e+01
1.000000e+02, 5.696428e+01
1.000000e+02, 5.681578e+01
1.000000e+02, 5.666810e+01
1.000000e+02, 5.652127e+01
1.000000e+02, 5.637526e+01
1.000000e+02, 5.623008e+01
1.000000e+02, 5.608573e+01
1.000000e+02, 5.594220e+01
1.000000e+02, 5.579949e+01
1.000000e+02, 5.565759e+01
1.000000e+02, 5.551652e+01
1.000000e+02, 5.537625e+01
1.000000e+02, 5.523680e+01
1.000000e+02, 5.509816e+01
1.000000e+02, 5.496032e+01
1.000000e+02, 5.482328e+01
1.000000e+02, 5.468705e+01
1.000000e+02, 5.455161e+01
1.000000e+02, 5.441698e+01
1.000000e+02, 5.428313e+01
1.000000e+02, 5.415008e+01
1.000000e+02, 5.401782e+01
1.000000e+02, 5.388634e+01
1.000000e+02, 5.375565e+01
1.000000e+02, 5.362574e+01
1.000000e+02, 5.349662e+01
1.000000e+02, 5.336827e+01
1.000000e+02, 5.324070e+01
1.000000e+02, 5.311390e+01
1.000000e+02, 5.298788e+01
1.000000e+02, 5.286262e+01
1.000000e+02, 5.273814e+01
1.000000e+02, 5.261442e+01
1.000000e+02, 5.249147e+01
1.000000e+02, 5.236928e+01
1.000000e+02, 5.224785e+01
1.000000e+02, 5.212717e+01
1.000000e+02, 5.200726e+01
1.000000e+02, 5.188810e+01
1.000000e+02, 5.176969e+01
1.000000e+02, 5.165203e+01
1.000000e+02, 5.153512e+01
1.000000e+02, 5.141896e+01
1.000000e+02, 5.130355e+01
1.000000e+02, 5.118888e+01
1.000000e+02, 5.107495e+01
1.000000e+02, 5.096176e+01
1.000000e+02, 5.084931e+01
1.000000e+02, 5.073759e+01
1.000000e+02, 5.062662e+01
1.000000e+02, 5.051637e+01
1.000000e+02, 5.040686e+01
1.000000e+02, 5.029807e+01
1.000000e+02, 5.019002e+01
1.000000e+02, 5.008269e+01
1.000000e+02, 4.997609e+01
1.000000e+02, 4.987021e+01
1.000000e+02, 4.976505e+01
1.000000e+02, 4.966061e+01
1.000000e+02, 4.955689e+01
1.000000e+02, 4.945389e+01
1.000000e+02, 4.935160e+01
1.000000e+02, 4.925003e+01
1.000000e+02, 4.914917e+01
1.000000e+02, 4.904903e+01
1.000000e+02, 4.894959e+01
1.000000e+02, 4.885086e+01
1.000000e+02, 4.875284e+01
1.000000e+02, 4.865552e+01
1.000000e+02, 4.855891e+01
1.000000e+02, 4.846300e+01
1.000000e+02, 4.836779e+01
1.000000e+02, 4.827329e+01
1.000000e+02, 4.817948e+01
1.000000e+02, 4.808636e+01
1.000000e+02, 4.799395e+01
1.000000e+02, 4.790223e+01
1.000000e+02, 4.781120e+01
1.000000e+02, 4.772086e+01
1.000000e+02, 4.763122e+01
1.000000e+02, 4.754226e+01
1.000000e+02, 4.745400e+01
1.000000e+02, 4.736642e+01
1.000000e+02, 4.727952e+01
1.000000e+02, 4.719331e+01
1.000000e+02, 4.710779e+01
1.000000e+02, 4.702295e+01
1.000000e+02, 4.693878e+01
1.000000e+02, 4.685530e+01
1.000000e+02, 4.677250e+01
1.000000e+02, 4.669037e+01
1.000000e+02, 4.660892e+01
1.000000e+02, 4.652815e+01
1.000000e+02, 4.644805e+01
1.000000e+02, 4.636863e+01
1.000000e+02, 4.628987e+01
1.000000e+02, 4.621179e+01
1.000000e+02, 4.613438e+01
1.000000e+02, 4.605763e+01
1.000000e+02, 4.598156e+01
1.000000e+02, 4.590615e+01
1.000000e+02, 4.583141e+01
1.000000e+02, 4.575733e+01
1.000000e+02, 4.568392e+01
1.000000e+02, 4.561117e+01
1.000000e+02, 4.553908e+01
1.000000e+02, 4.546765e+01
1.000000e+02, 4.539689e+01
1.000000e+02, 4.532678e+01
1.000000e+02, 4.525733e+01
1.000000e+02, 4.518854e+01
1.000000e+02, 4.512040e+01
1.000000e+02, 4.505292e+01
1.000000e+02, 4.498609e+01
1.000000e+02, 4.491992e+01
1.000000e+02, 4.485440e+01
1.000000e+02, 4.478954e+01
1.000000e+02, 4.472532e+01
1.000000e+02, 4.466176e+01
1.000000e+02, 4.459884e+01
1.000000e+02, 4.453658e+01
1.000000e+02, 4.447496e+01
1.000000e+02, 4.441399e+01
1.000000e+02, 4.435366e+01
1.000000e+02, 4.429398e+01
1.000000e+02, 4.423495e+01
1.000000e+02, 4.417656e+01
1.000000e+02, 4.411881e+01
1.000000e+02, 4.406171e+01
1.000000e+02, 4.400525e+01
1.000000e+02, 4.394943e+01
1.000000e+02, 4.389425e+01
1.000000e+02, 4.383970e+01
1.000000e+02, 4.378580e+01
1.000000e+02, 4.373254e+01
1.000000e+02, 4.367991e+01
1.000000e+02, 4.362793e+01
1.000000e+02, 4.357657e+01
1.000000e+02, 4.352586e+01
1.000000e+02, 4.347578e+01
1.000000e+02, 4.342633e+01
1.000000e+02, 4.337752e+01
1.000000e+02, 4.332934e+01
1.000000e+02, 4.328179e+01
1.000000e+02, 4.323488e+01
1.000000e+02, 4.318859e+01
1.000000e+02, 4.314294e+01
1.000000e+02, 4.309792e+01
1.000000e+02, 4.305353e+01
1.000000e+02, 4.300976e+01
1.000000e+02, 4.296663e+01
1.000000e+02, 4.292412e+01
1.000000e+02, 4.288224e+01
1.000000e+02, 4.284099e+01
1.000000e+02, 4.280037e+01
1.000000e+02, 4.276037e+01
1.000000e+02, 4.272100e+01
1.000000e+02, 4.268225e+01
1.000000e+02, 4.264413e+01
1.000000e+02, 4.260663e+01
1.000000e+02, 4.256975e+01
1.000000e+02, 4.253350e+01
1.000000e+02, 4.249787e+01
1.000000e+02, 4.246286e+01
1.000000e+02, 4.242848e+01
1.000000e+02, 4.239471e+01
1.000000e+02, 4.236157e+01
1.000000e+02, 4.232905e+01
1.000000e+02, 4.229715e+01
1.000000e+02, 4.226587e+01
1.000000e+02, 4.223521e+01
1.000000e+02, 4.220516e+01
1.000000e+02, 4.217574e+01
1.000000e+02, 4.214694e+01
1.000000e+02, 4.211875e+01
1.000000e+02, 4.209118e+01
1.000000e+02, 4.206423e+01
1.000000e+02, 4.203789e+01
1.000000e+02, 4.201217e+01
1.000000e+02, 4.198707e+01
1.000000e+02, 4.196259e+01
1.000000e+02, 4.193872e+01
1.000000e+02, 4.191547e+01
1.000000e+02, 4.189283e+01
1.000000e+02, 4.187080e+01
1.000000e+02, 4.184940e+01
1.000000e+02, 4.182860e+01
1.000000e+02, 4.180842e+01
1.000000e+02, 4.178886e+01
1.000000e+02, 4.176990e+01
1.000000e+02, 4.175157e+01
1.000000e+02, 4.173384e+01
1.000000e+02, 4.171673e+01
1.000000e+02, 4.170023e+01
1.000000e+02, 4.168434e+01
1.000000e+02, 4.166907e+01
1.000000e+02, 4.165441e+01
1.000000e+02, 4.164036e+01
1.000000e+02, 4.162692e+01
1.000000e+02, 4.161410e+01
1.000000e+02, 4.160188e+01
1.000000e+02, 4.159028e+01
1.000000e+02, 4.157929e+01
1.000000e+02, 4.156891e+01
1.000000e+02, 4.155915e+01
1.000000e+02, 4.154999e+01
1.000000e+02, 4.154144e+01
1.000000e+02, 4.153351e+01
1.000000e+02, 4.152618e+01
1.000000e+02, 4.151947e+01
1.000000e+02, 4.151337e+01
1.000000e+02, 4.150787e+01
1.000000e+02, 4.150299e+01
1.000000e+02, 4.149872e+01
1.000000e+02, 4.149506e+01
1.000000e+02, 4.149201e+01
1.000000e+02, 4.148957e+01
1.000000e+02, 4.148774e+01
1.000000e+02, 4.148652e+01
1.000000e+02, 4.148591e+01
1.000000e+02, 4.148591e+01
1.000000e+02, 4.148652e+01
1.000000e+02, 4.148774e+01
1.000000e+02, 4.148957e+01
1.000000e+02, 4.149201e+01
1.000000e+02, 4.149506e+01
1.000000e+02, 4.149872e+01
1.000000e+02, 4.150299e+01
1.000000e+02, 4.150787e+01
1.000000e+02, 4.151337e+01
1.000000e+02, 4.151947e+01
1.000000e+02, 4.152618e+01
1.000000e+02, 4.153351e+01
1.000000e+02, 4.154144e+01
1.000000e+02, 4.154999e+01
1.000000e+02, 4.155915e+01
1.000000e+02, 4.156891e+01
1.000000e+02, 4.157929e+01
1.000000e+02, 4.159028e+01
1.000000e+02, 4.160189e+01
1.000000e+02, 4.161410e+01
1.000000e+02, 4.162692e+01
1.000000e+02, 4.164036e+01
1.000000e+02, 4.165441e+01
1.000000e+02, 4.166907e+01
1.000000e+02, 4.168434e+01
1.000000e+02, 4.170023e+01
1.000000e+02, 4.171673e+01
1.000000e+02, 4.173384e+01
1.000000e+02, 4.175157e+01
1.000000e+02, 4.176990e+01
1.000000e+02, 4.178886e+01
1.000000e+02, 4.180842e+01
1.000000e+02, 4.182860e+01
1.000000e+02, 4.184940e+01
1.000000e+02, 4.187080e+01
1.000000e+02, 4.189283e+01
1.000000e+02, 4.191547e+01
1.000000e+02, 4.193872e+01
1.000000e+02, 4.196259e+01
1.000000e+02, 4.198707e+01
1.000000e+02, 4.201217e+01
1.000000e+02, 4.203789e+01
1.000000e+02, 4.206423e+01
1.000000e+02, 4.209118e+01
1.000000e+02, 4.211875e+01
1.000000e+02, 4.214694e+01
1.000000e+02, 4.217574e+01
1.000000e+02, 4.220516e+01
1.000000e+02, 4.223521e+01
1.000000e+02, 4.226587e+01
1.000000e+02, 4.229715e+01
1.000000e+02, 4.232905e+01
1.000000e+02, 4.236157e+01
1.000000e+02, 4.239471e+01
1.000000e+02, 4.242848e+01
1.000000e+02, 4.246286e+01
1.000000e+02, 4.249787e+01
1.000000e+02, 4.253350e+01
1.000000e+02, 4.256975e+01
1.000000e+02, 4.260663e+01
1.000000e+02, 4.264413e+01
1.000000e+02, 4.268225e+01
1.000000e+02, 4.272100e+01
1.000000e+02, 4.276037e+01
1.000000e+02, 4.280037e+01
1.000000e+02, 4.284099e+01
1.000000e+02, 4.288224e+01
1.000000e+02, 4.292412e+01
1.000000e+02, 4.296663e+01
1.000000e+02, 4.300976e+01
1.000000e+02, 4.305353e+01
1.000000e+02, 4.309792e+01
1.000000e+02, 4.314294e+01
1.000000e+02, 4.318859e+01
1.000000e+02, 4.323488e+01
1.000000e+02, 4.328179e+01
1.000000e+02, 4.332934e+01
1.000000e+02, 4.337752e+01
1.000000e+02, 4.342633e+01
1.000000e+02, 4.347578e+01
1.000000e+02, 4.352586e+01
1.000000e+02, 4.357657e+01
1.000000e+02, 4.362793e+01
1.000000e+02, 4.367991e+01
1.000000e+02, 4.373254e+01
1.000000e+02, 4.378580e+01
1.000000e+02, 4.383970e+01
1.000000e+02, 4.389425e+01
1.000000e+02, 4.394943e+01
1.000000e+02, 4.400525e+01
1.000000e+02, 4.406171e+01
1.000000e+02, 4.411881e+01
1.000000e+02, 4.417656e+01
1.000000e+02, 4.423495e+01
1.000000e+02, 4.429398e+01
1.000000e+02, 4.435366e+01
1.000000e+02, 4.441399e+01
1.000000e+02, 4.447496e+01
1.000000e+02, 4.453658e+01
1.000000e+02, 4.459884e+01
1.000000e+02, 4.466176e+01
1.000000e+02, 4.472532e+01
1.000000e+02, 4.478954e+01
1.000000e+02, 4.485441e+01
1.000000e+02, 4.491992e+01
1.000000e+02, 4.498610e+01
1.000000e+02, 4.505292e+01
1.000000e+02, 4.512040e+01
1.000000e+02, 4.518854e+01
1.000000e+02, 4.525733e+01
1.000000e+02, 4.532678e+01
1.000000e+02, 4.539689e+01
1.000000e+02, 4.546765e+01
1.000000e+02, 4.553908e+01
1.000000e+02, 4.561117e+01
1.000000e+02, 4.568392e+01
1.000000e+02, 4.575733e+01
1.000000e+02, 4.583141e+01
1.000000e+02, 4.590615e+01
1.000000e+02, 4.598156e+01
1.000000e+02, 4.605763e+01
1.000000e+02, 4.613438e+01
1.000000e+02, 4.621179e+01
1.000000e+02, 4.628987e+01
1.000000e+02, 4.636863e+01
1.000000e+02, 4.644805e+01
1.000000e+02, 4.652815e+01
1.000000e+02, 4.660892e+01
1.000000e+02, 4.669037e+01
1.000000e+02, 4.677250e+01
1.000000e+02, 4.685530e+01
1.000000e+02, 4.693878e+01
1.000000e+02, 4.702295e+01
1.000000e+02, 4.710779e+01
1.000000e+02, 4.719332e+01
1.000000e+02, 4.727952e+01
1.000000e+02, 4.736642e+01
1.000000e+02, 4.745400e+01
1.000000e+02, 4.754226e+01
1.000000e+02, 4.763122e+01
1.000000e+02, 4.772086e+01
1.000000e+02, 4.781120e+01
1.000000e+02, 4.790223e+01
1.000000e+02, 4.799395e+01
1.000000e+02, 4.808636e+01
1.000000e+02, 4.817948e+01
1.000000e+02, 4.827329e+01
1.000000e+02, 4.836779e+01
1.000000e+02, 4.846300e+01
1.000000e+02, 4.855891e+01
1.000000e+02, 4.865552e+01
1.000000e+02, 4.875284e+01
1.000000e+02, 4.885086e+01
1.000000e+02, 4.894959e+01
1.000000e+02, 4.904903e+01
1.000000e+02, 4.914918e+01
1.000000e+02, 4.925003e+01
1.000000e+02, 4.935160e+01
1.000000e+02, 4.945389e+01
1.000000e+02, 4.955689e+01
1.000000e+02, 4.966061e+01
1.000000e+02, 4.976505e+01
1.000000e+02, 4.987021e+01
1.000000e+02, 4.997609e+01
1.000000e+02, 5.008269e+01
1.000000e+02, 5.019002e+01
1.000000e+02, 5.029807e+01
1.000000e+02, 5.040686e+01
1.000000e+02, 5.051637e+01
1.000000e+02, 5.062662e+01
1.000000e+02, 5.073759e+01
1.000000e+02, 5.084931e+01
1.000000e+02, 5.096176e+01
1.000000e+02, 5.107495e+01
1.000000e+02, 5.118888e+01
1.000000e+02, 5.130355e+01
1.000000e+02, 5.141896e+01
1.000000e+02, 5.153512e+01
1.000000e+02, 5.165203e+01
1.000000e+02, 5.176969e+01
1.000000e+02, 5.188810e+01
1.000000e+02, 5.200726e+01
1.000000e+02, 5.212717e+01
1.000000e+02, 5.224785e+01
1.000000e+02, 5.236928e+01
1.000000e+02, 5.249147e+01
1.000000e+02, 5.261442e+01
1.000000e+02, 5.273814e+01
1.000000e+02, 5.286263e+01
1.000000e+02, 5.298788e+01
1.000000e+02, 5.311390e+01
1.000000e+02, 5.324070e+01
1.000000e+02, 5.336827e+01
1.000000e+02, 5.349662e+01
1.000000e+02, 5.362574e+01
1.000000e+02, 5.375565e+01
1.000000e+02, 5.388634e+01
1.000000e+02, 5.401782e+01
1.000000e+02, 5.415008e+01
1.000000e+02, 5.428313e+01
1.000000e+02, 5.441698e+01
1.000000e+02, 5.455162e+01
1.000000e+02, 5.468705e+01
1.000000e+02, 5.482328e+01
1.000000e+02, 5.496032e+01
1.000000e+02, 5.509816e+01
1.000000e+02, 5.523680e+01
1.000000e+02, 5.537626e+01
1.000000e+02, 5.551652e+01
1.000000e+02, 5.565759e+01
1.000000e+02, 5.579949e+01
1.000000e+02, 5.594220e+01
1.000000e+02, 5.608573e+01
1.000000e+02, 5.623008e+01
1.000000e+02, 5.637526e+01
1.000000e+02, 5.652127e+01
1.000000e+02, 5.666810e+01
1.000000e+02, 5.681578e+01
1.000000e+02, 5.696428e+01
1.000000e+02, 5.711363e+01
1.000000e+02, 5.726382e+01
1.000000e+02, 5.741485e+01
1.000000e+02, 5.756673e+01
1.000000e+02, 5.771946e+01
1.000000e+02, 5.787304e+01
1.000000e+02, 5.802748e+01
1.000000e+02, 5.818278e+01
1.000000e+02, 5.833894e+01
1.000000e+02, 5.849596e+01
1.000000e+02, 5.865385e+01
1.000000e+02, 5.881261e+01
1.000000e+02, 5.897224e+01
1.000000e+02, 5.913275e+01
1.000000e+02, 5.929414e+01
1.000000e+02, 5.945642e+01
1.000000e+02, 5.961957e+01
1.000000e+02, 5.978362e+01
1.000000e+02, 5.994856e+01
1.000000e+02, 6.011440e+01
1.000000e+02, 6.028113e+01
1.000000e+02, 6.044877e+01
1.000000e+02, 6.061731e+01
1.000000e+02, 6.078676e+01
1.000000e+02, 6.095713e+01
1.000000e+02, 6.112841e+01
1.000000e+02, 6.130061e+01
1.000000e+02, 6.147373e+01
1.000000e+02, 6.164778e+01
1.000000e+02, 6.182276e+01
1.000000e+02, 6.199867e+01
1.000000e+02, 6.217552e+01
1.000000e+02, 6.235331e+01
1.000000e+02, 6.253205e+01
1.000000e+02, 6.271173e+01
1.000000e+02, 6.289237e+01
1.000000e+02, 6.307397e+01
1.000000e+02, 6.325653e+01
1.000000e+02, 6.344005e+01
1.000000e+02, 6.362454e+01
1.000000e+02, 6.381000e+01
1.000000e+02, 6.399644e+01
1.000000e+02, 6.418386e+01
1.000000e+02, 6.437226e+01
1.000000e+02, 6.456166e+01
1.000000e+02, 6.475205e+01
1.000000e+02, 6.494343e+01
1.000000e+02, 6.513582e+01
1.000000e+02, 6.532922e+01
1.000000e+02, 6.552363e+01
1.000000e+02, 6.571905e+01
1.000000e+02, 6.591550e+01
1.000000e+02, 6.611297e+01
1.000000e+02, 6.631147e+01
1.000000e+02, 6.651101e+01
1.000000e+02, 6.671158e+01
1.000000e+02, 6.691320e+01
1.000000e+02, 6.711587e+01
1.000000e+02, 6.731959e+01
1.000000e+02, 6.752438e+01
1.000000e+02, 6.773022e+01
1.000000e+02, 6.793714e+01
1.000000e+02, 6.814513e+01
1.000000e+02, 6.835421e+01
1.000000e+02, 6.856437e+01
1.000000e+02, 6.877562e+01
1.000000e+02, 6.898796e+01
1.000000e+02, 6.920141e+01
1.000000e+02, 6.941597e+01
1.000000e+02, 6.963164e+01
1.000000e+02, 6.984842e+01
1.000000e+02, 7.006634e+01
1.000000e+02, 7.028538e+01
1.000000e+02, 7.050556e+01
1.000000e+02, 7.072689e+01
1.000000e+02, 7.094936e+01
1.000000e+02, 7.117299e+01
1.000000e+02, 7.139778e+01
1.000000e+02, 7.162373e+01
1.000000e+02, 7.185086e+01
1.000000e+02, 7.207918e+01
1.000000e+02, 7.230867e+01
1.000000e+02, 7.253937e+01
1.000000e+02, 7.277126e+01
1.000000e+02, 7.300436e+01
1.000000e+02, 7.323867e+01
1.000000e+02, 7.347421e+01
1.000000e+02, 7.371097e+01
1.000000e+02, 7.394897e+01
1.000000e+02, 7.418822e+01
1.000000e+02, 7.442871e+01
1.000000e+02, 7.467046e+01
1.000000e+02, 7.491348e+01
1.000000e+02, 7.515777e+01
1.000000e+02, 7.540334e+01
1.000000e+02, 7.565020e+01
1.000000e+02, 7.589835e+01
1.000000e+02, 7.614781e+01
1.000000e+02, 7.639859e+01
1.000000e+02, 7.665068e+01
1.000000e+02, 7.690411e+01
1.000000e+02, 7.715887e+01
1.000000e+02, 7.741498e+01
1.000000e+02, 7.767245e+01
1.000000e+02, 7.793128e+01
1.000000e+02, 7.819148e+01
1.000000e+02, 7.845307e+01
1.000000e+02, 7.871605e+01
1.000000e+02, 7.898043e+01
1.000000e+02, 7.924622e+01
1.000000e+02, 7.951344e+01
1.000000e+02, 7.978208e+01
1.000000e+02, 8.005217e+01
1.000000e+02, 8.032370e+01
1.000000e+02, 8.059670e+01
1.000000e+02, 8.087117e+01
1.000000e+02, 8.114713e+01
1.000000e+02, 8.142457e+01
1.000000e+02, 8.170352e+01
1.000000e+02, 8.198399e+01
1.000000e+02, 8.226598e+01
1.000000e+02, 8.254951e+01
1.000000e+02, 8.283459e+01
1.000000e+02, 8.312123e+01
1.000000e+02, 8.340945e+01
1.000000e+02, 8.369925e+01
1.000000e+02, 8.399065e+01
1.000000e+02, 8.428366e+01
1.000000e+02, 8.457829e+01
1.000000e+02, 8.487456e+01
1.000000e+02, 8.517248e+01
1.000000e+02, 8.547207e+01
1.000000e+02, 8.577333e+01
1.000000e+02, 8.607628e+01
1.000000e+02, 8.638093e+01
1.000000e+02, 8.668731e+01
1.000000e+02, 8.699542e+01
1.000000e+02, 8.730527e+01
1.000000e+02, 8.761689e+01
1.000000e+02, 8.793029e+01
1.000000e+02, 8.824549e+01
1.000000e+02, 8.856249e+01
1.000000e+02, 8.888133e+01
1.000000e+02, 8.920200e+01
1.000000e+02, 8.952454e+01
1.000000e+02, 8.984895e+01
1.000000e+02, 9.017526e+01
1.000000e+02, 9.050348e+01
1.000000e+02, 9.083363e+01
1.000000e+02, 9.116572e+01
1.000000e+02, 9.149979e+01
1.000000e+02, 9.183584e+01
1.000000e+02, 9.217390e+01
1.000000e+02, 9.251398e+01
1.000000e+02, 9.285611e+01
1.000000e+02, 9.320031e+01
1.000000e+02, 9.354659e+01
1.000000e+02, 9.389499e+01
1.000000e+02, 9.424551e+01
1.000000e+02, 9.459818e+01
1.000000e+02, 9.495304e+01
1.000000e+02, 9.531009e+01
1.000000e+02, 9.566936e+01
1.000000e+02, 9.603088e+01
1.000000e+02, 9.639467e+01
1.000000e+02, 9.676075e+01
1.000000e+02, 9.712916e+01
1.000000e+02, 9.749992e+01
1.000000e+02, 9.787305e+01
1.000000e+02, 9.824859e+01
1.000000e+02, 9.862655e+01
1.000000e+02, 9.900698e+01
1.000000e+02, 9.938989e+01
1.000000e+02, 9.977532e+01
1.000000e+02, 1.001633e+02
1.000000e+02, 1.005539e+02
1.000000e+02, 1.009470e+02
1.000000e+02, 1.013429e+02
1.000000e+02, 1.017414e+02
1.000000e+02, 1.021426e+02
1.000000e+02, 1.025465e+02
1.000000e+02, 1.029533e+02
1.000000e+02, 1.033628e+02
1.000000e+02, 1.037753e+02
1.000000e+02, 1.041906e+02
1.000000e+02, 1.046088e+02
1.000000e+02, 1.050301e+02
1.000000e+02, 1.054544e+02
1.000000e+02, 1.058817e+02
1.000000e+02, 1.063121e+02
1.000000e+02, 1.067457e+02
1.000000e+02, 1.071825e+02
1.000000e+02, 1.076225e+02
1.000000e+02, 1.080659e+02
1.000000e+02, 1.085125e+02
1.000000e+02, 1.089626e+02
1.000000e+02, 1.094162e+02
1.000000e+02, 1.098732e+02
1.000000e+02, 1.103338e+02
1.000000e+02, 1.107980e+02
1.000000e+02, 1.112659e+02
1.000000e+02, 1.117376e+02
1.000000e+02, 1.122131e+02
1.000000e+02, 1.126924e+02
1.000000e+02, 1.131757e+02
1.000000e+02, 1.136630e+02
1.000000e+02, 1.141544e+02
1.000000e+02, 1.146499e+02
1.000000e+02, 1.151497e+02
1.000000e+02, 1.156538e+02
1.000000e+02, 1.161623e+02
1.000000e+02, 1.166753e+02
1.000000e+02, 1.171928e+02
1.000000e+02, 1.177150e+02
1.000000e+02, 1.182420e+02
1.000000e+02, 1.187739e+02
1.000000e+02, 1.193107e+02
1.000000e+02, 1.198525e+02
1.000000e+02, 1.203996e+02
1.000000e+02, 1.209519e+02
1.000000e+02, 1.215096e+02
1.000000e+02, 1.220729e+02
1.000000e+02, 1.226418e+02
1.000000e+02, 1.232166e+02
1.000000e+02, 1.237972e+02
1.000000e+02, 1.243840e+02
1.000000e+02, 1.249770e+02
1.000000e+02, 1.255764e+02
1.000000e+02, 1.261823e+02
1.000000e+02, 1.267950e+02
1.000000e+02, 1.274145e+02
1.000000e+02, 1.280412e+02
1.000000e+02, 1.286753e+02
1.000000e+02, 1.293168e+02
1.000000e+02, 1.299660e+02
1.000000e+02, 1.306233e+02
1.000000e+02, 1.312887e+02
1.000000e+02, 1.319627e+02
1.000000e+02, 1.326454e+02
1.000000e+02, 1.333371e+02
1.000000e+02, 1.340382e+02
1.000000e+02, 1.347490e+02
1.000000e+02, 1.354698e+02
1.000000e+02, 1.362009e+02
1.000000e+02, 1.369429e+02
1.000000e+02, 1.376960e+02
1.000000e+02, 1.384608e+02
1.000000e+02, 1.392377e+02
1.000000e+02, 1.400273e+02
1.000000e+02, 1.408300e+02
1.000000e+02, 1.416465e+02
1.000000e+02, 1.424774e+02
1.000000e+02, 1.433234e+02
1.000000e+02, 1.441852e+02
1.000000e+02, 1.450638e+02
1.000000e+02, 1.459598e+02
1.000000e+02, 1.468745e+02
1.000000e+02, 1.478087e+02
1.000000e+02, 1.487637e+02
1.000000e+02, 1.497409e+02
1.000000e+02, 1.507416e+02
1.000000e+02, 1.517675e+02
1.000000e+02, 1.528204e+02
1.000000e+02, 1.539024e+02
1.000000e+02, 1.550158e+02
1.000000e+02, 1.561634e+02
1.000000e+02, 1.573482e+02
1.000000e+02, 1.585738e+02
1.000000e+02, 1.598445e+02
1.000000e+02, 1.611653e+02
1.000000e+02, 1.625424e+02
1.000000e+02, 1.639832e+02
1.000000e+02, 1.654968e+02
1.000000e+02, 1.670953e+02
1.000000e+02, 1.687939e+02
1.000000e+02, 1.706135e+02
1.000000e+02, 1.725835e+02
1.000000e+02, 1.747477e+02
1.000000e+02, 1.771767e+02
1.000000e+02, 1.800000e+02
##END= 