##TITLE= /opt/topspin3.0/exp/stan/nmr/lists/wave/user/HypSec_trunc2.84_110
##JCAMP-DX= 5.00 Bruker JCAMP library
##DATA TYPE= Shape Data
##ORIGIN= Bruker BioSpin GmbH
##OWNER= <nmrsu>
##DATE= 15/02/24
##TIME= 16:15:04
##MINX= 1.164538e+01
##MAXX= 9.999960e+01
##MINY= 2.546774e-02
##MAXY= 3.585574e+02
##$SHAPE_EXMODE= Adiabatic
##$SHAPE_TOTROT= 1.800000e+02
##$SHAPE_BWFAC= 1.929340e+02
##$SHAPE_INTEGFAC= 2.356110e-02
##$SHAPE_MODE= 0
##NPOINTS= 100
##XYPOINTS= (XY..XY)
1.000000e+02, 1.800000e+02
1.000000e+02, 1.745087e+02
1.000000e+02, 1.716087e+02
1.000000e+02, 1.693774e+02
1.000000e+02, 1.675092e+02
1.000000e+02, 1.658814e+02
1.000000e+02, 1.644291e+02
1.000000e+02, 1.631134e+02
1.000000e+02, 1.619081e+02
1.000000e+02, 1.607952e+02
1.000000e+02, 1.597611e+02
1.000000e+02, 1.587958e+02
1.000000e+02, 1.578912e+02
1.000000e+02, 1.570408e+02
1.000000e+02, 1.562396e+02
1.000000e+02, 1.554831e+02
1.000000e+02, 1.547678e+02
1.000000e+02, 1.540905e+02
1.000000e+02, 1.534486e+02
1.000000e+02, 1.528399e+02
1.000000e+02, 1.522624e+02
1.000000e+02, 1.517144e+02
1.000000e+02, 1.511942e+02
1.000000e+02, 1.507006e+02
1.000000e+02, 1.502323e+02
1.000000e+02, 1.497883e+02
1.000000e+02, 1.493676e+02
1.000000e+02, 1.489693e+02
1.000000e+02, 1.485927e+02
1.000000e+02, 1.482370e+02
1.000000e+02, 1.479016e+02
1.000000e+02, 1.475860e+02
1.000000e+02, 1.472896e+02
1.000000e+02, 1.470118e+02
1.000000e+02, 1.467524e+02
1.000000e+02, 1.465108e+02
1.000000e+02, 1.462868e+02
1.000000e+02, 1.460801e+02
1.000000e+02, 1.458902e+02
1.000000e+02, 1.457171e+02
1.000000e+02, 1.455603e+02
1.000000e+02, 1.454198e+02
1.000000e+02, 1.452954e+02
1.000000e+02, 1.451868e+02
1.000000e+02, 1.450940e+02
1.000000e+02, 1.450169e+02
1.000000e+02, 1.449553e+02
1.000000e+02, 1.449091e+02
1.000000e+02, 1.448784e+02
1.000000e+02, 1.448631e+02
1.000000e+02, 1.448631e+02
1.000000e+02, 1.448784e+02
1.000000e+02, 1.449091e+02
1.000000e+02, 1.449553e+02
1.000000e+02, 1.450169e+02
1.000000e+02, 1.450940e+02
1.000000e+02, 1.451868e+02
1.000000e+02, 1.452954e+02
1.000000e+02, 1.454198e+02
1.000000e+02, 1.455603e+02
1.000000e+02, 1.457171e+02
1.000000e+02, 1.458902e+02
1.000000e+02, 1.460801e+02
1.000000e+02, 1.462868e+02
1.000000e+02, 1.465108e+02
1.000000e+02, 1.467524e+02
1.000000e+02, 1.470118e+02
1.000000e+02, 1.472896e+02
1.000000e+02, 1.475860e+02
1.000000e+02, 1.479016e+02
1.000000e+02, 1.482370e+02
1.000000e+02, 1.485927e+02
1.000000e+02, 1.489693e+02
1.000000e+02, 1.493676e+02
1.000000e+02, 1.497883e+02
1.000000e+02, 1.502323e+02
1.000000e+02, 1.507006e+02
1.000000e+02, 1.511942e+02
1.000000e+02, 1.517144e+02
1.000000e+02, 1.522624e+02
1.000000e+02, 1.528399e+02
1.000000e+02, 1.534486e+02
1.000000e+02, 1.540905e+02
1.000000e+02, 1.547678e+02
1.000000e+02, 1.554831e+02
1.000000e+02, 1.562396e+02
1.000000e+02, 1.570408e+02
1.000000e+02, 1.578912e+02
1.000000e+02, 1.587958e+02
1.000000e+02, 1.597611e+02
1.000000e+02, 1.607952e+02
1.000000e+02, 1.619081e+02
1.000000e+02, 1.631134e+02
1.000000e+02, 1.644291e+02
1.000000e+02, 1.658814e+02
1.000000e+02, 1.675092e+02
1.000000e+02, 1.693774e+02
1.000000e+02, 1.716087e+02
1.000000e+02, 1.745087e+02
1.000000e+02, 1.800000e+02
##END= 