##TITLE= /opt/topspin3.0/exp/stan/nmr/lists/wave/user/HypSec_trunc2.84_110
##JCAMP-DX= 5.00 Bruker JCAMP library
##DATA TYPE= Shape Data
##ORIGIN= Bruker BioSpin GmbH
##OWNER= <nmrsu>
##DATE= 15/02/24
##TIME= 16:15:04
##MINX= 1.164538e+01
##MAXX= 9.999960e+01
##MINY= 2.546774e-02
##MAXY= 3.585574e+02
##$SHAPE_EXMODE= Adiabatic
##$SHAPE_TOTROT= 1.800000e+02
##$SHAPE_BWFAC= 1.929340e+02
##$SHAPE_INTEGFAC= 2.356110e-02
##$SHAPE_MODE= 0
##NPOINTS= 500
##XYPOINTS= (XY..XY)
1.000000e+02, 1.800000e+02
1.000000e+02, 1.771089e+02
1.000000e+02, 1.748556e+02
1.000000e+02, 1.729438e+02
1.000000e+02, 1.712549e+02
1.000000e+02, 1.697269e+02
1.000000e+02, 1.683221e+02
1.000000e+02, 1.670158e+02
1.000000e+02, 1.657908e+02
1.000000e+02, 1.646342e+02
1.000000e+02, 1.635364e+02
1.000000e+02, 1.624899e+02
1.000000e+02, 1.614885e+02
1.000000e+02, 1.605274e+02
1.000000e+02, 1.596024e+02
1.000000e+02, 1.587103e+02
1.000000e+02, 1.578480e+02
1.000000e+02, 1.570132e+02
1.000000e+02, 1.562035e+02
1.000000e+02, 1.554173e+02
1.000000e+02, 1.546528e+02
1.000000e+02, 1.539086e+02
1.000000e+02, 1.531833e+02
1.000000e+02, 1.524759e+02
1.000000e+02, 1.517852e+02
1.000000e+02, 1.511104e+02
1.000000e+02, 1.504506e+02
1.000000e+02, 1.498050e+02
1.000000e+02, 1.491729e+02
1.000000e+02, 1.485537e+02
1.000000e+02, 1.479467e+02
1.000000e+02, 1.473515e+02
1.000000e+02, 1.467675e+02
1.000000e+02, 1.461942e+02
1.000000e+02, 1.456312e+02
1.000000e+02, 1.450782e+02
1.000000e+02, 1.445347e+02
1.000000e+02, 1.440004e+02
1.000000e+02, 1.434749e+02
1.000000e+02, 1.429580e+02
1.000000e+02, 1.424493e+02
1.000000e+02, 1.419486e+02
1.000000e+02, 1.414556e+02
1.000000e+02, 1.409701e+02
1.000000e+02, 1.404919e+02
1.000000e+02, 1.400207e+02
1.000000e+02, 1.395563e+02
1.000000e+02, 1.390986e+02
1.000000e+02, 1.386473e+02
1.000000e+02, 1.382023e+02
1.000000e+02, 1.377634e+02
1.000000e+02, 1.373305e+02
1.000000e+02, 1.369034e+02
1.000000e+02, 1.364819e+02
1.000000e+02, 1.360659e+02
1.000000e+02, 1.356554e+02
1.000000e+02, 1.352501e+02
1.000000e+02, 1.348500e+02
1.000000e+02, 1.344549e+02
1.000000e+02, 1.340647e+02
1.000000e+02, 1.336793e+02
1.000000e+02, 1.332986e+02
1.000000e+02, 1.329226e+02
1.000000e+02, 1.325511e+02
1.000000e+02, 1.321840e+02
1.000000e+02, 1.318212e+02
1.000000e+02, 1.314628e+02
1.000000e+02, 1.311085e+02
1.000000e+02, 1.307583e+02
1.000000e+02, 1.304121e+02
1.000000e+02, 1.300699e+02
1.000000e+02, 1.297316e+02
1.000000e+02, 1.293971e+02
1.000000e+02, 1.290664e+02
1.000000e+02, 1.287393e+02
1.000000e+02, 1.284159e+02
1.000000e+02, 1.280961e+02
1.000000e+02, 1.277797e+02
1.000000e+02, 1.274669e+02
1.000000e+02, 1.271574e+02
1.000000e+02, 1.268513e+02
1.000000e+02, 1.265485e+02
1.000000e+02, 1.262490e+02
1.000000e+02, 1.259527e+02
1.000000e+02, 1.256596e+02
1.000000e+02, 1.253695e+02
1.000000e+02, 1.250826e+02
1.000000e+02, 1.247987e+02
1.000000e+02, 1.245178e+02
1.000000e+02, 1.242398e+02
1.000000e+02, 1.239648e+02
1.000000e+02, 1.236926e+02
1.000000e+02, 1.234233e+02
1.000000e+02, 1.231568e+02
1.000000e+02, 1.228931e+02
1.000000e+02, 1.226321e+02
1.000000e+02, 1.223738e+02
1.000000e+02, 1.221182e+02
1.000000e+02, 1.218653e+02
1.000000e+02, 1.216149e+02
1.000000e+02, 1.213672e+02
1.000000e+02, 1.211220e+02
1.000000e+02, 1.208793e+02
1.000000e+02, 1.206392e+02
1.000000e+02, 1.204015e+02
1.000000e+02, 1.201663e+02
1.000000e+02, 1.199334e+02
1.000000e+02, 1.197030e+02
1.000000e+02, 1.194750e+02
1.000000e+02, 1.192493e+02
1.000000e+02, 1.190260e+02
1.000000e+02, 1.188049e+02
1.000000e+02, 1.185862e+02
1.000000e+02, 1.183697e+02
1.000000e+02, 1.181554e+02
1.000000e+02, 1.179434e+02
1.000000e+02, 1.177336e+02
1.000000e+02, 1.175259e+02
1.000000e+02, 1.173204e+02
1.000000e+02, 1.171171e+02
1.000000e+02, 1.169159e+02
1.000000e+02, 1.167168e+02
1.000000e+02, 1.165198e+02
1.000000e+02, 1.163248e+02
1.000000e+02, 1.161319e+02
1.000000e+02, 1.159411e+02
1.000000e+02, 1.157523e+02
1.000000e+02, 1.155655e+02
1.000000e+02, 1.153806e+02
1.000000e+02, 1.151978e+02
1.000000e+02, 1.150169e+02
1.000000e+02, 1.148380e+02
1.000000e+02, 1.146610e+02
1.000000e+02, 1.144859e+02
1.000000e+02, 1.143127e+02
1.000000e+02, 1.141414e+02
1.000000e+02, 1.139720e+02
1.000000e+02, 1.138045e+02
1.000000e+02, 1.136388e+02
1.000000e+02, 1.134750e+02
1.000000e+02, 1.133130e+02
1.000000e+02, 1.131528e+02
1.000000e+02, 1.129944e+02
1.000000e+02, 1.128378e+02
1.000000e+02, 1.126830e+02
1.000000e+02, 1.125300e+02
1.000000e+02, 1.123787e+02
1.000000e+02, 1.122292e+02
1.000000e+02, 1.120814e+02
1.000000e+02, 1.119353e+02
1.000000e+02, 1.117910e+02
1.000000e+02, 1.116484e+02
1.000000e+02, 1.115075e+02
1.000000e+02, 1.113683e+02
1.000000e+02, 1.112307e+02
1.000000e+02, 1.110949e+02
1.000000e+02, 1.109607e+02
1.000000e+02, 1.108281e+02
1.000000e+02, 1.106972e+02
1.000000e+02, 1.105680e+02
1.000000e+02, 1.104403e+02
1.000000e+02, 1.103143e+02
1.000000e+02, 1.101900e+02
1.000000e+02, 1.100672e+02
1.000000e+02, 1.099460e+02
1.000000e+02, 1.098264e+02
1.000000e+02, 1.097084e+02
1.000000e+02, 1.095920e+02
1.000000e+02, 1.094772e+02
1.000000e+02, 1.093639e+02
1.000000e+02, 1.092522e+02
1.000000e+02, 1.091420e+02
1.000000e+02, 1.090334e+02
1.000000e+02, 1.089263e+02
1.000000e+02, 1.088208e+02
1.000000e+02, 1.087167e+02
1.000000e+02, 1.086142e+02
1.000000e+02, 1.085132e+02
1.000000e+02, 1.084137e+02
1.000000e+02, 1.083158e+02
1.000000e+02, 1.082193e+02
1.000000e+02, 1.081243e+02
1.000000e+02, 1.080308e+02
1.000000e+02, 1.079388e+02
1.000000e+02, 1.078482e+02
1.000000e+02, 1.077591e+02
1.000000e+02, 1.076715e+02
1.000000e+02, 1.075854e+02
1.000000e+02, 1.075007e+02
1.000000e+02, 1.074175e+02
1.000000e+02, 1.073357e+02
1.000000e+02, 1.072553e+02
1.000000e+02, 1.071764e+02
1.000000e+02, 1.070990e+02
1.000000e+02, 1.070229e+02
1.000000e+02, 1.069483e+02
1.000000e+02, 1.068751e+02
1.000000e+02, 1.068034e+02
1.000000e+02, 1.067330e+02
1.000000e+02, 1.066641e+02
1.000000e+02, 1.065965e+02
1.000000e+02, 1.065304e+02
1.000000e+02, 1.064657e+02
1.000000e+02, 1.064024e+02
1.000000e+02, 1.063404e+02
1.000000e+02, 1.062799e+02
1.000000e+02, 1.062207e+02
1.000000e+02, 1.061630e+02
1.000000e+02, 1.061066e+02
1.000000e+02, 1.060516e+02
1.000000e+02, 1.059979e+02
1.000000e+02, 1.059457e+02
1.000000e+02, 1.058948e+02
1.000000e+02, 1.058453e+02
1.000000e+02, 1.057972e+02
1.000000e+02, 1.057504e+02
1.000000e+02, 1.057050e+02
1.000000e+02, 1.056609e+02
1.000000e+02, 1.056182e+02
1.000000e+02, 1.055768e+02
1.000000e+02, 1.055369e+02
1.000000e+02, 1.054982e+02
1.000000e+02, 1.054609e+02
1.000000e+02, 1.054250e+02
1.000000e+02, 1.053904e+02
1.000000e+02, 1.053571e+02
1.000000e+02, 1.053252e+02
1.000000e+02, 1.052946e+02
1.000000e+02, 1.052654e+02
1.000000e+02, 1.052375e+02
1.000000e+02, 1.052110e+02
1.000000e+02, 1.051857e+02
1.000000e+02, 1.051619e+02
1.000000e+02, 1.051393e+02
1.000000e+02, 1.051181e+02
1.000000e+02, 1.050982e+02
1.000000e+02, 1.050796e+02
1.000000e+02, 1.050624e+02
1.000000e+02, 1.050465e+02
1.000000e+02, 1.050319e+02
1.000000e+02, 1.050187e+02
1.000000e+02, 1.050068e+02
1.000000e+02, 1.049962e+02
1.000000e+02, 1.049869e+02
1.000000e+02, 1.049790e+02
1.000000e+02, 1.049723e+02
1.000000e+02, 1.049671e+02
1.000000e+02, 1.049631e+02
1.000000e+02, 1.049604e+02
1.000000e+02, 1.049591e+02
1.000000e+02, 1.049591e+02
1.000000e+02, 1.049604e+02
1.000000e+02, 1.049631e+02
1.000000e+02, 1.049671e+02
1.000000e+02, 1.049723e+02
1.000000e+02, 1.049790e+02
1.000000e+02, 1.049869e+02
1.000000e+02, 1.049962e+02
1.000000e+02, 1.050068e+02
1.000000e+02, 1.050187e+02
1.000000e+02, 1.050319e+02
1.000000e+02, 1.050465e+02
1.000000e+02, 1.050624e+02
1.000000e+02, 1.050796e+02
1.000000e+02, 1.050982e+02
1.000000e+02, 1.051181e+02
1.000000e+02, 1.051393e+02
1.000000e+02, 1.051619e+02
1.000000e+02, 1.051857e+02
1.000000e+02, 1.052110e+02
1.000000e+02, 1.052375e+02
1.000000e+02, 1.052654e+02
1.000000e+02, 1.052946e+02
1.000000e+02, 1.053252e+02
1.000000e+02, 1.053571e+02
1.000000e+02, 1.053904e+02
1.000000e+02, 1.054250e+02
1.000000e+02, 1.054609e+02
1.000000e+02, 1.054982e+02
1.000000e+02, 1.055369e+02
1.000000e+02, 1.055768e+02
1.000000e+02, 1.056182e+02
1.000000e+02, 1.056609e+02
1.000000e+02, 1.057050e+02
1.000000e+02, 1.057504e+02
1.000000e+02, 1.057972e+02
1.000000e+02, 1.058453e+02
1.000000e+02, 1.058948e+02
1.000000e+02, 1.059457e+02
1.000000e+02, 1.059979e+02
1.000000e+02, 1.060516e+02
1.000000e+02, 1.061066e+02
1.000000e+02, 1.061630e+02
1.000000e+02, 1.062207e+02
1.000000e+02, 1.062799e+02
1.000000e+02, 1.063404e+02
1.000000e+02, 1.064024e+02
1.000000e+02, 1.064657e+02
1.000000e+02, 1.065304e+02
1.000000e+02, 1.065965e+02
1.000000e+02, 1.066641e+02
1.000000e+02, 1.067330e+02
1.000000e+02, 1.068034e+02
1.000000e+02, 1.068751e+02
1.000000e+02, 1.069483e+02
1.000000e+02, 1.070229e+02
1.000000e+02, 1.070990e+02
1.000000e+02, 1.071764e+02
1.000000e+02, 1.072553e+02
1.000000e+02, 1.073357e+02
1.000000e+02, 1.074175e+02
1.000000e+02, 1.075007e+02
1.000000e+02, 1.075854e+02
1.000000e+02, 1.076715e+02
1.000000e+02, 1.077591e+02
1.000000e+02, 1.078482e+02
1.000000e+02, 1.079388e+02
1.000000e+02, 1.080308e+02
1.000000e+02, 1.081243e+02
1.000000e+02, 1.082193e+02
1.000000e+02, 1.083158e+02
1.000000e+02, 1.084137e+02
1.000000e+02, 1.085132e+02
1.000000e+02, 1.086142e+02
1.000000e+02, 1.087167e+02
1.000000e+02, 1.088208e+02
1.000000e+02, 1.089263e+02
1.000000e+02, 1.090334e+02
1.000000e+02, 1.091420e+02
1.000000e+02, 1.092522e+02
1.000000e+02, 1.093639e+02
1.000000e+02, 1.094772e+02
1.000000e+02, 1.095920e+02
1.000000e+02, 1.097084e+02
1.000000e+02, 1.098264e+02
1.000000e+02, 1.099460e+02
1.000000e+02, 1.100672e+02
1.000000e+02, 1.101900e+02
1.000000e+02, 1.103143e+02
1.000000e+02, 1.104403e+02
1.000000e+02, 1.105680e+02
1.000000e+02, 1.106972e+02
1.000000e+02, 1.108281e+02
1.000000e+02, 1.109607e+02
1.000000e+02, 1.110949e+02
1.000000e+02, 1.112307e+02
1.000000e+02, 1.113683e+02
1.000000e+02, 1.115075e+02
1.000000e+02, 1.116484e+02
1.000000e+02, 1.117910e+02
1.000000e+02, 1.119353e+02
1.000000e+02, 1.120814e+02
1.000000e+02, 1.122292e+02
1.000000e+02, 1.123787e+02
1.000000e+02, 1.125300e+02
1.000000e+02, 1.126830e+02
1.000000e+02, 1.128378e+02
1.000000e+02, 1.129944e+02
1.000000e+02, 1.131528e+02
1.000000e+02, 1.133130e+02
1.000000e+02, 1.134750e+02
1.000000e+02, 1.136388e+02
1.000000e+02, 1.138045e+02
1.000000e+02, 1.139720e+02
1.000000e+02, 1.141414e+02
1.000000e+02, 1.143127e+02
1.000000e+02, 1.144859e+02
1.000000e+02, 1.146610e+02
1.000000e+02, 1.148380e+02
1.000000e+02, 1.150169e+02
1.000000e+02, 1.151978e+02
1.000000e+02, 1.153806e+02
1.000000e+02, 1.155655e+02
1.000000e+02, 1.157523e+02
1.000000e+02, 1.159411e+02
1.000000e+02, 1.161319e+02
1.000000e+02, 1.163248e+02
1.000000e+02, 1.165198e+02
1.000000e+02, 1.167168e+02
1.000000e+02, 1.169159e+02
1.000000e+02, 1.171171e+02
1.000000e+02, 1.173204e+02
1.000000e+02, 1.175259e+02
1.000000e+02, 1.177336e+02
1.000000e+02, 1.179434e+02
1.000000e+02, 1.181554e+02
1.000000e+02, 1.183697e+02
1.000000e+02, 1.185862e+02
1.000000e+02, 1.188049e+02
1.000000e+02, 1.190260e+02
1.000000e+02, 1.192493e+02
1.000000e+02, 1.194750e+02
1.000000e+02, 1.197030e+02
1.000000e+02, 1.199334e+02
1.000000e+02, 1.201663e+02
1.000000e+02, 1.204015e+02
1.000000e+02, 1.206392e+02
1.000000e+02, 1.208793e+02
1.000000e+02, 1.211220e+02
1.000000e+02, 1.213672e+02
1.000000e+02, 1.216149e+02
1.000000e+02, 1.218653e+02
1.000000e+02, 1.221182e+02
1.000000e+02, 1.223738e+02
1.000000e+02, 1.226321e+02
1.000000e+02, 1.228931e+02
1.000000e+02, 1.231568e+02
1.000000e+02, 1.234233e+02
1.000000e+02, 1.236926e+02
1.000000e+02, 1.239648e+02
1.000000e+02, 1.242398e+02
1.000000e+02, 1.245178e+02
1.000000e+02, 1.247987e+02
1.000000e+02, 1.250826e+02
1.000000e+02, 1.253695e+02
1.000000e+02, 1.256596e+02
1.000000e+02, 1.259527e+02
1.000000e+02, 1.262490e+02
1.000000e+02, 1.265485e+02
1.000000e+02, 1.268513e+02
1.000000e+02, 1.271574e+02
1.000000e+02, 1.274669e+02
1.000000e+02, 1.277797e+02
1.000000e+02, 1.280961e+02
1.000000e+02, 1.284159e+02
1.000000e+02, 1.287393e+02
1.000000e+02, 1.290664e+02
1.000000e+02, 1.293971e+02
1.000000e+02, 1.297316e+02
1.000000e+02, 1.300699e+02
1.000000e+02, 1.304121e+02
1.000000e+02, 1.307583e+02
1.000000e+02, 1.311085e+02
1.000000e+02, 1.314628e+02
1.000000e+02, 1.318212e+02
1.000000e+02, 1.321840e+02
1.000000e+02, 1.325511e+02
1.000000e+02, 1.329226e+02
1.000000e+02, 1.332986e+02
1.000000e+02, 1.336793e+02
1.000000e+02, 1.340647e+02
1.000000e+02, 1.344549e+02
1.000000e+02, 1.348500e+02
1.000000e+02, 1.352501e+02
1.000000e+02, 1.356554e+02
1.000000e+02, 1.360659e+02
1.000000e+02, 1.364819e+02
1.000000e+02, 1.369034e+02
1.000000e+02, 1.373305e+02
1.000000e+02, 1.377634e+02
1.000000e+02, 1.382023e+02
1.000000e+02, 1.386473e+02
1.000000e+02, 1.390986e+02
1.000000e+02, 1.395563e+02
1.000000e+02, 1.400207e+02
1.000000e+02, 1.404919e+02
1.000000e+02, 1.409701e+02
1.000000e+02, 1.414556e+02
1.000000e+02, 1.419486e+02
1.000000e+02, 1.424493e+02
1.000000e+02, 1.429580e+02
1.000000e+02, 1.434749e+02
1.000000e+02, 1.440004e+02
1.000000e+02, 1.445347e+02
1.000000e+02, 1.450782e+02
1.000000e+02, 1.456312e+02
1.000000e+02, 1.461942e+02
1.000000e+02, 1.467675e+02
1.000000e+02, 1.473515e+02
1.000000e+02, 1.479467e+02
1.000000e+02, 1.485537e+02
1.000000e+02, 1.491729e+02
1.000000e+02, 1.498050e+02
1.000000e+02, 1.504506e+02
1.000000e+02, 1.511104e+02
1.000000e+02, 1.517852e+02
1.000000e+02, 1.524759e+02
1.000000e+02, 1.531833e+02
1.000000e+02, 1.539086e+02
1.000000e+02, 1.546528e+02
1.000000e+02, 1.554173e+02
1.000000e+02, 1.562035e+02
1.000000e+02, 1.570132e+02
1.000000e+02, 1.578480e+02
1.000000e+02, 1.587103e+02
1.000000e+02, 1.596024e+02
1.000000e+02, 1.605274e+02
1.000000e+02, 1.614885e+02
1.000000e+02, 1.624899e+02
1.000000e+02, 1.635364e+02
1.000000e+02, 1.646342e+02
1.000000e+02, 1.657908e+02
1.000000e+02, 1.670158e+02
1.000000e+02, 1.683221e+02
1.000000e+02, 1.697269e+02
1.000000e+02, 1.712549e+02
1.000000e+02, 1.729438e+02
1.000000e+02, 1.748556e+02
1.000000e+02, 1.771089e+02
1.000000e+02, 1.800000e+02
##END= 