##TITLE= /opt/topspin3.0/exp/stan/nmr/lists/wave/user/HypSec_trunc2.84_110
##JCAMP-DX= 5.00 Bruker JCAMP library
##DATA TYPE= Shape Data
##ORIGIN= Bruker BioSpin GmbH
##OWNER= <nmrsu>
##DATE= 15/02/24
##TIME= 16:15:04
##MINX= 1.164538e+01
##MAXX= 9.999960e+01
##MINY= 2.546774e-02
##MAXY= 3.585574e+02
##$SHAPE_EXMODE= Adiabatic
##$SHAPE_TOTROT= 1.800000e+02
##$SHAPE_BWFAC= 1.929340e+02
##$SHAPE_INTEGFAC= 2.356110e-02
##$SHAPE_MODE= 0
##NPOINTS= 1000
##XYPOINTS= (XY..XY)
1.000000e+02, 1.800000e+02
1.000000e+02, 1.774424e+02
1.000000e+02, 1.752420e+02
1.000000e+02, 1.732816e+02
1.000000e+02, 1.714970e+02
1.000000e+02, 1.698486e+02
1.000000e+02, 1.683098e+02
1.000000e+02, 1.668618e+02
1.000000e+02, 1.654906e+02
1.000000e+02, 1.641855e+02
1.000000e+02, 1.629380e+02
1.000000e+02, 1.617415e+02
1.000000e+02, 1.605904e+02
1.000000e+02, 1.594801e+02
1.000000e+02, 1.584068e+02
1.000000e+02, 1.573673e+02
1.000000e+02, 1.563586e+02
1.000000e+02, 1.553785e+02
1.000000e+02, 1.544247e+02
1.000000e+02, 1.534953e+02
1.000000e+02, 1.525888e+02
1.000000e+02, 1.517036e+02
1.000000e+02, 1.508385e+02
1.000000e+02, 1.499922e+02
1.000000e+02, 1.491636e+02
1.000000e+02, 1.483519e+02
1.000000e+02, 1.475560e+02
1.000000e+02, 1.467753e+02
1.000000e+02, 1.460089e+02
1.000000e+02, 1.452562e+02
1.000000e+02, 1.445166e+02
1.000000e+02, 1.437894e+02
1.000000e+02, 1.430742e+02
1.000000e+02, 1.423704e+02
1.000000e+02, 1.416776e+02
1.000000e+02, 1.409953e+02
1.000000e+02, 1.403232e+02
1.000000e+02, 1.396608e+02
1.000000e+02, 1.390079e+02
1.000000e+02, 1.383640e+02
1.000000e+02, 1.377289e+02
1.000000e+02, 1.371023e+02
1.000000e+02, 1.364838e+02
1.000000e+02, 1.358733e+02
1.000000e+02, 1.352705e+02
1.000000e+02, 1.346751e+02
1.000000e+02, 1.340870e+02
1.000000e+02, 1.335058e+02
1.000000e+02, 1.329315e+02
1.000000e+02, 1.323638e+02
1.000000e+02, 1.318025e+02
1.000000e+02, 1.312475e+02
1.000000e+02, 1.306986e+02
1.000000e+02, 1.301556e+02
1.000000e+02, 1.296184e+02
1.000000e+02, 1.290869e+02
1.000000e+02, 1.285609e+02
1.000000e+02, 1.280403e+02
1.000000e+02, 1.275249e+02
1.000000e+02, 1.270146e+02
1.000000e+02, 1.265094e+02
1.000000e+02, 1.260090e+02
1.000000e+02, 1.255135e+02
1.000000e+02, 1.250226e+02
1.000000e+02, 1.245363e+02
1.000000e+02, 1.240545e+02
1.000000e+02, 1.235772e+02
1.000000e+02, 1.231041e+02
1.000000e+02, 1.226352e+02
1.000000e+02, 1.221705e+02
1.000000e+02, 1.217099e+02
1.000000e+02, 1.212533e+02
1.000000e+02, 1.208005e+02
1.000000e+02, 1.203516e+02
1.000000e+02, 1.199065e+02
1.000000e+02, 1.194650e+02
1.000000e+02, 1.190272e+02
1.000000e+02, 1.185930e+02
1.000000e+02, 1.181623e+02
1.000000e+02, 1.177350e+02
1.000000e+02, 1.173112e+02
1.000000e+02, 1.168906e+02
1.000000e+02, 1.164734e+02
1.000000e+02, 1.160593e+02
1.000000e+02, 1.156485e+02
1.000000e+02, 1.152408e+02
1.000000e+02, 1.148361e+02
1.000000e+02, 1.144345e+02
1.000000e+02, 1.140359e+02
1.000000e+02, 1.136402e+02
1.000000e+02, 1.132474e+02
1.000000e+02, 1.128575e+02
1.000000e+02, 1.124704e+02
1.000000e+02, 1.120861e+02
1.000000e+02, 1.117045e+02
1.000000e+02, 1.113256e+02
1.000000e+02, 1.109494e+02
1.000000e+02, 1.105757e+02
1.000000e+02, 1.102047e+02
1.000000e+02, 1.098363e+02
1.000000e+02, 1.094703e+02
1.000000e+02, 1.091069e+02
1.000000e+02, 1.087459e+02
1.000000e+02, 1.083873e+02
1.000000e+02, 1.080311e+02
1.000000e+02, 1.076773e+02
1.000000e+02, 1.073259e+02
1.000000e+02, 1.069767e+02
1.000000e+02, 1.066299e+02
1.000000e+02, 1.062852e+02
1.000000e+02, 1.059428e+02
1.000000e+02, 1.056026e+02
1.000000e+02, 1.052646e+02
1.000000e+02, 1.049288e+02
1.000000e+02, 1.045950e+02
1.000000e+02, 1.042634e+02
1.000000e+02, 1.039339e+02
1.000000e+02, 1.036064e+02
1.000000e+02, 1.032809e+02
1.000000e+02, 1.029575e+02
1.000000e+02, 1.026360e+02
1.000000e+02, 1.023165e+02
1.000000e+02, 1.019990e+02
1.000000e+02, 1.016834e+02
1.000000e+02, 1.013697e+02
1.000000e+02, 1.010579e+02
1.000000e+02, 1.007480e+02
1.000000e+02, 1.004399e+02
1.000000e+02, 1.001336e+02
1.000000e+02, 9.982922e+01
1.000000e+02, 9.952660e+01
1.000000e+02, 9.922575e+01
1.000000e+02, 9.892668e+01
1.000000e+02, 9.862935e+01
1.000000e+02, 9.833375e+01
1.000000e+02, 9.803987e+01
1.000000e+02, 9.774769e+01
1.000000e+02, 9.745720e+01
1.000000e+02, 9.716838e+01
1.000000e+02, 9.688121e+01
1.000000e+02, 9.659568e+01
1.000000e+02, 9.631177e+01
1.000000e+02, 9.602948e+01
1.000000e+02, 9.574879e+01
1.000000e+02, 9.546968e+01
1.000000e+02, 9.519214e+01
1.000000e+02, 9.491616e+01
1.000000e+02, 9.464172e+01
1.000000e+02, 9.436881e+01
1.000000e+02, 9.409742e+01
1.000000e+02, 9.382754e+01
1.000000e+02, 9.355916e+01
1.000000e+02, 9.329225e+01
1.000000e+02, 9.302682e+01
1.000000e+02, 9.276285e+01
1.000000e+02, 9.250032e+01
1.000000e+02, 9.223923e+01
1.000000e+02, 9.197957e+01
1.000000e+02, 9.172132e+01
1.000000e+02, 9.146448e+01
1.000000e+02, 9.120902e+01
1.000000e+02, 9.095495e+01
1.000000e+02, 9.070226e+01
1.000000e+02, 9.045092e+01
1.000000e+02, 9.020094e+01
1.000000e+02, 8.995231e+01
1.000000e+02, 8.970500e+01
1.000000e+02, 8.945902e+01
1.000000e+02, 8.921435e+01
1.000000e+02, 8.897099e+01
1.000000e+02, 8.872893e+01
1.000000e+02, 8.848815e+01
1.000000e+02, 8.824865e+01
1.000000e+02, 8.801043e+01
1.000000e+02, 8.777346e+01
1.000000e+02, 8.753774e+01
1.000000e+02, 8.730327e+01
1.000000e+02, 8.707004e+01
1.000000e+02, 8.683803e+01
1.000000e+02, 8.660725e+01
1.000000e+02, 8.637768e+01
1.000000e+02, 8.614931e+01
1.000000e+02, 8.592214e+01
1.000000e+02, 8.569615e+01
1.000000e+02, 8.547135e+01
1.000000e+02, 8.524773e+01
1.000000e+02, 8.502527e+01
1.000000e+02, 8.480397e+01
1.000000e+02, 8.458383e+01
1.000000e+02, 8.436483e+01
1.000000e+02, 8.414697e+01
1.000000e+02, 8.393025e+01
1.000000e+02, 8.371465e+01
1.000000e+02, 8.350017e+01
1.000000e+02, 8.328680e+01
1.000000e+02, 8.307454e+01
1.000000e+02, 8.286338e+01
1.000000e+02, 8.265331e+01
1.000000e+02, 8.244433e+01
1.000000e+02, 8.223643e+01
1.000000e+02, 8.202961e+01
1.000000e+02, 8.182385e+01
1.000000e+02, 8.161916e+01
1.000000e+02, 8.141553e+01
1.000000e+02, 8.121295e+01
1.000000e+02, 8.101141e+01
1.000000e+02, 8.081092e+01
1.000000e+02, 8.061146e+01
1.000000e+02, 8.041303e+01
1.000000e+02, 8.021563e+01
1.000000e+02, 8.001925e+01
1.000000e+02, 7.982388e+01
1.000000e+02, 7.962951e+01
1.000000e+02, 7.943615e+01
1.000000e+02, 7.924379e+01
1.000000e+02, 7.905243e+01
1.000000e+02, 7.886205e+01
1.000000e+02, 7.867265e+01
1.000000e+02, 7.848423e+01
1.000000e+02, 7.829679e+01
1.000000e+02, 7.811032e+01
1.000000e+02, 7.792481e+01
1.000000e+02, 7.774026e+01
1.000000e+02, 7.755666e+01
1.000000e+02, 7.737402e+01
1.000000e+02, 7.719232e+01
1.000000e+02, 7.701157e+01
1.000000e+02, 7.683175e+01
1.000000e+02, 7.665286e+01
1.000000e+02, 7.647491e+01
1.000000e+02, 7.629787e+01
1.000000e+02, 7.612176e+01
1.000000e+02, 7.594657e+01
1.000000e+02, 7.577229e+01
1.000000e+02, 7.559891e+01
1.000000e+02, 7.542644e+01
1.000000e+02, 7.525487e+01
1.000000e+02, 7.508420e+01
1.000000e+02, 7.491442e+01
1.000000e+02, 7.474553e+01
1.000000e+02, 7.457752e+01
1.000000e+02, 7.441039e+01
1.000000e+02, 7.424415e+01
1.000000e+02, 7.407877e+01
1.000000e+02, 7.391427e+01
1.000000e+02, 7.375063e+01
1.000000e+02, 7.358786e+01
1.000000e+02, 7.342594e+01
1.000000e+02, 7.326488e+01
1.000000e+02, 7.310468e+01
1.000000e+02, 7.294532e+01
1.000000e+02, 7.278681e+01
1.000000e+02, 7.262914e+01
1.000000e+02, 7.247231e+01
1.000000e+02, 7.231632e+01
1.000000e+02, 7.216116e+01
1.000000e+02, 7.200683e+01
1.000000e+02, 7.185333e+01
1.000000e+02, 7.170065e+01
1.000000e+02, 7.154879e+01
1.000000e+02, 7.139775e+01
1.000000e+02, 7.124752e+01
1.000000e+02, 7.109810e+01
1.000000e+02, 7.094950e+01
1.000000e+02, 7.080169e+01
1.000000e+02, 7.065469e+01
1.000000e+02, 7.050849e+01
1.000000e+02, 7.036309e+01
1.000000e+02, 7.021848e+01
1.000000e+02, 7.007466e+01
1.000000e+02, 6.993163e+01
1.000000e+02, 6.978939e+01
1.000000e+02, 6.964793e+01
1.000000e+02, 6.950725e+01
1.000000e+02, 6.936735e+01
1.000000e+02, 6.922822e+01
1.000000e+02, 6.908986e+01
1.000000e+02, 6.895228e+01
1.000000e+02, 6.881546e+01
1.000000e+02, 6.867941e+01
1.000000e+02, 6.854412e+01
1.000000e+02, 6.840959e+01
1.000000e+02, 6.827581e+01
1.000000e+02, 6.814279e+01
1.000000e+02, 6.801053e+01
1.000000e+02, 6.787901e+01
1.000000e+02, 6.774825e+01
1.000000e+02, 6.761822e+01
1.000000e+02, 6.748895e+01
1.000000e+02, 6.736041e+01
1.000000e+02, 6.723261e+01
1.000000e+02, 6.710555e+01
1.000000e+02, 6.697922e+01
1.000000e+02, 6.685363e+01
1.000000e+02, 6.672876e+01
1.000000e+02, 6.660462e+01
1.000000e+02, 6.648121e+01
1.000000e+02, 6.635852e+01
1.000000e+02, 6.623655e+01
1.000000e+02, 6.611531e+01
1.000000e+02, 6.599478e+01
1.000000e+02, 6.587496e+01
1.000000e+02, 6.575586e+01
1.000000e+02, 6.563747e+01
1.000000e+02, 6.551979e+01
1.000000e+02, 6.540282e+01
1.000000e+02, 6.528655e+01
1.000000e+02, 6.517099e+01
1.000000e+02, 6.505612e+01
1.000000e+02, 6.494196e+01
1.000000e+02, 6.482850e+01
1.000000e+02, 6.471573e+01
1.000000e+02, 6.460365e+01
1.000000e+02, 6.449227e+01
1.000000e+02, 6.438158e+01
1.000000e+02, 6.427158e+01
1.000000e+02, 6.416226e+01
1.000000e+02, 6.405363e+01
1.000000e+02, 6.394569e+01
1.000000e+02, 6.383842e+01
1.000000e+02, 6.373184e+01
1.000000e+02, 6.362594e+01
1.000000e+02, 6.352071e+01
1.000000e+02, 6.341616e+01
1.000000e+02, 6.331228e+01
1.000000e+02, 6.320907e+01
1.000000e+02, 6.310653e+01
1.000000e+02, 6.300467e+01
1.000000e+02, 6.290347e+01
1.000000e+02, 6.280293e+01
1.000000e+02, 6.270306e+01
1.000000e+02, 6.260386e+01
1.000000e+02, 6.250531e+01
1.000000e+02, 6.240743e+01
1.000000e+02, 6.231020e+01
1.000000e+02, 6.221363e+01
1.000000e+02, 6.211772e+01
1.000000e+02, 6.202245e+01
1.000000e+02, 6.192785e+01
1.000000e+02, 6.183389e+01
1.000000e+02, 6.174058e+01
1.000000e+02, 6.164792e+01
1.000000e+02, 6.155591e+01
1.000000e+02, 6.146455e+01
1.000000e+02, 6.137382e+01
1.000000e+02, 6.128375e+01
1.000000e+02, 6.119431e+01
1.000000e+02, 6.110551e+01
1.000000e+02, 6.101736e+01
1.000000e+02, 6.092984e+01
1.000000e+02, 6.084295e+01
1.000000e+02, 6.075671e+01
1.000000e+02, 6.067109e+01
1.000000e+02, 6.058611e+01
1.000000e+02, 6.050177e+01
1.000000e+02, 6.041805e+01
1.000000e+02, 6.033496e+01
1.000000e+02, 6.025250e+01
1.000000e+02, 6.017066e+01
1.000000e+02, 6.008946e+01
1.000000e+02, 6.000887e+01
1.000000e+02, 5.992892e+01
1.000000e+02, 5.984958e+01
1.000000e+02, 5.977086e+01
1.000000e+02, 5.969277e+01
1.000000e+02, 5.961529e+01
1.000000e+02, 5.953843e+01
1.000000e+02, 5.946219e+01
1.000000e+02, 5.938657e+01
1.000000e+02, 5.931156e+01
1.000000e+02, 5.923716e+01
1.000000e+02, 5.916338e+01
1.000000e+02, 5.909021e+01
1.000000e+02, 5.901765e+01
1.000000e+02, 5.894570e+01
1.000000e+02, 5.887435e+01
1.000000e+02, 5.880362e+01
1.000000e+02, 5.873349e+01
1.000000e+02, 5.866397e+01
1.000000e+02, 5.859506e+01
1.000000e+02, 5.852675e+01
1.000000e+02, 5.845904e+01
1.000000e+02, 5.839194e+01
1.000000e+02, 5.832543e+01
1.000000e+02, 5.825953e+01
1.000000e+02, 5.819422e+01
1.000000e+02, 5.812952e+01
1.000000e+02, 5.806541e+01
1.000000e+02, 5.800190e+01
1.000000e+02, 5.793899e+01
1.000000e+02, 5.787667e+01
1.000000e+02, 5.781495e+01
1.000000e+02, 5.775382e+01
1.000000e+02, 5.769329e+01
1.000000e+02, 5.763334e+01
1.000000e+02, 5.757399e+01
1.000000e+02, 5.751523e+01
1.000000e+02, 5.745706e+01
1.000000e+02, 5.739948e+01
1.000000e+02, 5.734248e+01
1.000000e+02, 5.728608e+01
1.000000e+02, 5.723026e+01
1.000000e+02, 5.717502e+01
1.000000e+02, 5.712038e+01
1.000000e+02, 5.706631e+01
1.000000e+02, 5.701284e+01
1.000000e+02, 5.695994e+01
1.000000e+02, 5.690763e+01
1.000000e+02, 5.685590e+01
1.000000e+02, 5.680475e+01
1.000000e+02, 5.675419e+01
1.000000e+02, 5.670420e+01
1.000000e+02, 5.665479e+01
1.000000e+02, 5.660596e+01
1.000000e+02, 5.655771e+01
1.000000e+02, 5.651004e+01
1.000000e+02, 5.646294e+01
1.000000e+02, 5.641643e+01
1.000000e+02, 5.637048e+01
1.000000e+02, 5.632511e+01
1.000000e+02, 5.628032e+01
1.000000e+02, 5.623610e+01
1.000000e+02, 5.619246e+01
1.000000e+02, 5.614939e+01
1.000000e+02, 5.610689e+01
1.000000e+02, 5.606496e+01
1.000000e+02, 5.602360e+01
1.000000e+02, 5.598282e+01
1.000000e+02, 5.594261e+01
1.000000e+02, 5.590296e+01
1.000000e+02, 5.586389e+01
1.000000e+02, 5.582538e+01
1.000000e+02, 5.578744e+01
1.000000e+02, 5.575008e+01
1.000000e+02, 5.571327e+01
1.000000e+02, 5.567704e+01
1.000000e+02, 5.564137e+01
1.000000e+02, 5.560627e+01
1.000000e+02, 5.557174e+01
1.000000e+02, 5.553777e+01
1.000000e+02, 5.550436e+01
1.000000e+02, 5.547152e+01
1.000000e+02, 5.543925e+01
1.000000e+02, 5.540753e+01
1.000000e+02, 5.537639e+01
1.000000e+02, 5.534580e+01
1.000000e+02, 5.531578e+01
1.000000e+02, 5.528632e+01
1.000000e+02, 5.525742e+01
1.000000e+02, 5.522908e+01
1.000000e+02, 5.520130e+01
1.000000e+02, 5.517409e+01
1.000000e+02, 5.514744e+01
1.000000e+02, 5.512134e+01
1.000000e+02, 5.509581e+01
1.000000e+02, 5.507083e+01
1.000000e+02, 5.504642e+01
1.000000e+02, 5.502256e+01
1.000000e+02, 5.499926e+01
1.000000e+02, 5.497653e+01
1.000000e+02, 5.495434e+01
1.000000e+02, 5.493272e+01
1.000000e+02, 5.491166e+01
1.000000e+02, 5.489115e+01
1.000000e+02, 5.487120e+01
1.000000e+02, 5.485180e+01
1.000000e+02, 5.483297e+01
1.000000e+02, 5.481469e+01
1.000000e+02, 5.479696e+01
1.000000e+02, 5.477980e+01
1.000000e+02, 5.476318e+01
1.000000e+02, 5.474713e+01
1.000000e+02, 5.473163e+01
1.000000e+02, 5.471668e+01
1.000000e+02, 5.470229e+01
1.000000e+02, 5.468845e+01
1.000000e+02, 5.467517e+01
1.000000e+02, 5.466244e+01
1.000000e+02, 5.465027e+01
1.000000e+02, 5.463865e+01
1.000000e+02, 5.462759e+01
1.000000e+02, 5.461708e+01
1.000000e+02, 5.460712e+01
1.000000e+02, 5.459772e+01
1.000000e+02, 5.458887e+01
1.000000e+02, 5.458058e+01
1.000000e+02, 5.457284e+01
1.000000e+02, 5.456565e+01
1.000000e+02, 5.455901e+01
1.000000e+02, 5.455293e+01
1.000000e+02, 5.454740e+01
1.000000e+02, 5.454243e+01
1.000000e+02, 5.453800e+01
1.000000e+02, 5.453414e+01
1.000000e+02, 5.453082e+01
1.000000e+02, 5.452805e+01
1.000000e+02, 5.452584e+01
1.000000e+02, 5.452419e+01
1.000000e+02, 5.452308e+01
1.000000e+02, 5.452253e+01
1.000000e+02, 5.452253e+01
1.000000e+02, 5.452308e+01
1.000000e+02, 5.452419e+01
1.000000e+02, 5.452584e+01
1.000000e+02, 5.452805e+01
1.000000e+02, 5.453082e+01
1.000000e+02, 5.453414e+01
1.000000e+02, 5.453800e+01
1.000000e+02, 5.454243e+01
1.000000e+02, 5.454740e+01
1.000000e+02, 5.455293e+01
1.000000e+02, 5.455901e+01
1.000000e+02, 5.456565e+01
1.000000e+02, 5.457284e+01
1.000000e+02, 5.458058e+01
1.000000e+02, 5.458887e+01
1.000000e+02, 5.459772e+01
1.000000e+02, 5.460712e+01
1.000000e+02, 5.461708e+01
1.000000e+02, 5.462759e+01
1.000000e+02, 5.463865e+01
1.000000e+02, 5.465027e+01
1.000000e+02, 5.466244e+01
1.000000e+02, 5.467517e+01
1.000000e+02, 5.468845e+01
1.000000e+02, 5.470229e+01
1.000000e+02, 5.471668e+01
1.000000e+02, 5.473163e+01
1.000000e+02, 5.474713e+01
1.000000e+02, 5.476318e+01
1.000000e+02, 5.477980e+01
1.000000e+02, 5.479696e+01
1.000000e+02, 5.481469e+01
1.000000e+02, 5.483297e+01
1.000000e+02, 5.485181e+01
1.000000e+02, 5.487120e+01
1.000000e+02, 5.489115e+01
1.000000e+02, 5.491166e+01
1.000000e+02, 5.493272e+01
1.000000e+02, 5.495434e+01
1.000000e+02, 5.497653e+01
1.000000e+02, 5.499926e+01
1.000000e+02, 5.502256e+01
1.000000e+02, 5.504642e+01
1.000000e+02, 5.507083e+01
1.000000e+02, 5.509581e+01
1.000000e+02, 5.512134e+01
1.000000e+02, 5.514744e+01
1.000000e+02, 5.517409e+01
1.000000e+02, 5.520131e+01
1.000000e+02, 5.522908e+01
1.000000e+02, 5.525742e+01
1.000000e+02, 5.528632e+01
1.000000e+02, 5.531578e+01
1.000000e+02, 5.534580e+01
1.000000e+02, 5.537639e+01
1.000000e+02, 5.540753e+01
1.000000e+02, 5.543925e+01
1.000000e+02, 5.547152e+01
1.000000e+02, 5.550436e+01
1.000000e+02, 5.553777e+01
1.000000e+02, 5.557174e+01
1.000000e+02, 5.560627e+01
1.000000e+02, 5.564137e+01
1.000000e+02, 5.567704e+01
1.000000e+02, 5.571327e+01
1.000000e+02, 5.575008e+01
1.000000e+02, 5.578745e+01
1.000000e+02, 5.582538e+01
1.000000e+02, 5.586389e+01
1.000000e+02, 5.590296e+01
1.000000e+02, 5.594261e+01
1.000000e+02, 5.598282e+01
1.000000e+02, 5.602360e+01
1.000000e+02, 5.606496e+01
1.000000e+02, 5.610689e+01
1.000000e+02, 5.614939e+01
1.000000e+02, 5.619246e+01
1.000000e+02, 5.623610e+01
1.000000e+02, 5.628032e+01
1.000000e+02, 5.632512e+01
1.000000e+02, 5.637048e+01
1.000000e+02, 5.641643e+01
1.000000e+02, 5.646294e+01
1.000000e+02, 5.651004e+01
1.000000e+02, 5.655771e+01
1.000000e+02, 5.660596e+01
1.000000e+02, 5.665479e+01
1.000000e+02, 5.670420e+01
1.000000e+02, 5.675419e+01
1.000000e+02, 5.680475e+01
1.000000e+02, 5.685590e+01
1.000000e+02, 5.690763e+01
1.000000e+02, 5.695994e+01
1.000000e+02, 5.701284e+01
1.000000e+02, 5.706632e+01
1.000000e+02, 5.712038e+01
1.000000e+02, 5.717502e+01
1.000000e+02, 5.723026e+01
1.000000e+02, 5.728608e+01
1.000000e+02, 5.734248e+01
1.000000e+02, 5.739948e+01
1.000000e+02, 5.745706e+01
1.000000e+02, 5.751523e+01
1.000000e+02, 5.757399e+01
1.000000e+02, 5.763334e+01
1.000000e+02, 5.769329e+01
1.000000e+02, 5.775382e+01
1.000000e+02, 5.781495e+01
1.000000e+02, 5.787667e+01
1.000000e+02, 5.793899e+01
1.000000e+02, 5.800190e+01
1.000000e+02, 5.806541e+01
1.000000e+02, 5.812952e+01
1.000000e+02, 5.819423e+01
1.000000e+02, 5.825953e+01
1.000000e+02, 5.832543e+01
1.000000e+02, 5.839194e+01
1.000000e+02, 5.845904e+01
1.000000e+02, 5.852675e+01
1.000000e+02, 5.859506e+01
1.000000e+02, 5.866397e+01
1.000000e+02, 5.873350e+01
1.000000e+02, 5.880362e+01
1.000000e+02, 5.887436e+01
1.000000e+02, 5.894570e+01
1.000000e+02, 5.901765e+01
1.000000e+02, 5.909021e+01
1.000000e+02, 5.916338e+01
1.000000e+02, 5.923716e+01
1.000000e+02, 5.931156e+01
1.000000e+02, 5.938657e+01
1.000000e+02, 5.946219e+01
1.000000e+02, 5.953843e+01
1.000000e+02, 5.961529e+01
1.000000e+02, 5.969277e+01
1.000000e+02, 5.977086e+01
1.000000e+02, 5.984958e+01
1.000000e+02, 5.992892e+01
1.000000e+02, 6.000887e+01
1.000000e+02, 6.008946e+01
1.000000e+02, 6.017067e+01
1.000000e+02, 6.025250e+01
1.000000e+02, 6.033496e+01
1.000000e+02, 6.041805e+01
1.000000e+02, 6.050177e+01
1.000000e+02, 6.058611e+01
1.000000e+02, 6.067109e+01
1.000000e+02, 6.075671e+01
1.000000e+02, 6.084295e+01
1.000000e+02, 6.092984e+01
1.000000e+02, 6.101736e+01
1.000000e+02, 6.110551e+01
1.000000e+02, 6.119431e+01
1.000000e+02, 6.128375e+01
1.000000e+02, 6.137383e+01
1.000000e+02, 6.146455e+01
1.000000e+02, 6.155591e+01
1.000000e+02, 6.164792e+01
1.000000e+02, 6.174058e+01
1.000000e+02, 6.183389e+01
1.000000e+02, 6.192785e+01
1.000000e+02, 6.202246e+01
1.000000e+02, 6.211772e+01
1.000000e+02, 6.221363e+01
1.000000e+02, 6.231020e+01
1.000000e+02, 6.240743e+01
1.000000e+02, 6.250531e+01
1.000000e+02, 6.260386e+01
1.000000e+02, 6.270307e+01
1.000000e+02, 6.280293e+01
1.000000e+02, 6.290347e+01
1.000000e+02, 6.300467e+01
1.000000e+02, 6.310653e+01
1.000000e+02, 6.320907e+01
1.000000e+02, 6.331228e+01
1.000000e+02, 6.341616e+01
1.000000e+02, 6.352071e+01
1.000000e+02, 6.362594e+01
1.000000e+02, 6.373184e+01
1.000000e+02, 6.383842e+01
1.000000e+02, 6.394569e+01
1.000000e+02, 6.405363e+01
1.000000e+02, 6.416226e+01
1.000000e+02, 6.427158e+01
1.000000e+02, 6.438158e+01
1.000000e+02, 6.449227e+01
1.000000e+02, 6.460365e+01
1.000000e+02, 6.471573e+01
1.000000e+02, 6.482850e+01
1.000000e+02, 6.494196e+01
1.000000e+02, 6.505612e+01
1.000000e+02, 6.517099e+01
1.000000e+02, 6.528655e+01
1.000000e+02, 6.540282e+01
1.000000e+02, 6.551979e+01
1.000000e+02, 6.563747e+01
1.000000e+02, 6.575586e+01
1.000000e+02, 6.587496e+01
1.000000e+02, 6.599478e+01
1.000000e+02, 6.611531e+01
1.000000e+02, 6.623656e+01
1.000000e+02, 6.635852e+01
1.000000e+02, 6.648121e+01
1.000000e+02, 6.660462e+01
1.000000e+02, 6.672876e+01
1.000000e+02, 6.685363e+01
1.000000e+02, 6.697922e+01
1.000000e+02, 6.710555e+01
1.000000e+02, 6.723261e+01
1.000000e+02, 6.736041e+01
1.000000e+02, 6.748895e+01
1.000000e+02, 6.761823e+01
1.000000e+02, 6.774825e+01
1.000000e+02, 6.787901e+01
1.000000e+02, 6.801053e+01
1.000000e+02, 6.814279e+01
1.000000e+02, 6.827581e+01
1.000000e+02, 6.840959e+01
1.000000e+02, 6.854412e+01
1.000000e+02, 6.867941e+01
1.000000e+02, 6.881546e+01
1.000000e+02, 6.895228e+01
1.000000e+02, 6.908986e+01
1.000000e+02, 6.922822e+01
1.000000e+02, 6.936735e+01
1.000000e+02, 6.950725e+01
1.000000e+02, 6.964793e+01
1.000000e+02, 6.978939e+01
1.000000e+02, 6.993163e+01
1.000000e+02, 7.007466e+01
1.000000e+02, 7.021848e+01
1.000000e+02, 7.036309e+01
1.000000e+02, 7.050849e+01
1.000000e+02, 7.065470e+01
1.000000e+02, 7.080169e+01
1.000000e+02, 7.094950e+01
1.000000e+02, 7.109811e+01
1.000000e+02, 7.124752e+01
1.000000e+02, 7.139775e+01
1.000000e+02, 7.154879e+01
1.000000e+02, 7.170065e+01
1.000000e+02, 7.185333e+01
1.000000e+02, 7.200683e+01
1.000000e+02, 7.216116e+01
1.000000e+02, 7.231632e+01
1.000000e+02, 7.247231e+01
1.000000e+02, 7.262914e+01
1.000000e+02, 7.278681e+01
1.000000e+02, 7.294532e+01
1.000000e+02, 7.310468e+01
1.000000e+02, 7.326488e+01
1.000000e+02, 7.342594e+01
1.000000e+02, 7.358786e+01
1.000000e+02, 7.375063e+01
1.000000e+02, 7.391427e+01
1.000000e+02, 7.407877e+01
1.000000e+02, 7.424415e+01
1.000000e+02, 7.441039e+01
1.000000e+02, 7.457752e+01
1.000000e+02, 7.474553e+01
1.000000e+02, 7.491442e+01
1.000000e+02, 7.508420e+01
1.000000e+02, 7.525487e+01
1.000000e+02, 7.542644e+01
1.000000e+02, 7.559891e+01
1.000000e+02, 7.577229e+01
1.000000e+02, 7.594657e+01
1.000000e+02, 7.612176e+01
1.000000e+02, 7.629788e+01
1.000000e+02, 7.647491e+01
1.000000e+02, 7.665286e+01
1.000000e+02, 7.683175e+01
1.000000e+02, 7.701157e+01
1.000000e+02, 7.719232e+01
1.000000e+02, 7.737402e+01
1.000000e+02, 7.755666e+01
1.000000e+02, 7.774026e+01
1.000000e+02, 7.792481e+01
1.000000e+02, 7.811032e+01
1.000000e+02, 7.829679e+01
1.000000e+02, 7.848423e+01
1.000000e+02, 7.867265e+01
1.000000e+02, 7.886205e+01
1.000000e+02, 7.905243e+01
1.000000e+02, 7.924379e+01
1.000000e+02, 7.943615e+01
1.000000e+02, 7.962951e+01
1.000000e+02, 7.982388e+01
1.000000e+02, 8.001925e+01
1.000000e+02, 8.021563e+01
1.000000e+02, 8.041304e+01
1.000000e+02, 8.061146e+01
1.000000e+02, 8.081092e+01
1.000000e+02, 8.101142e+01
1.000000e+02, 8.121295e+01
1.000000e+02, 8.141553e+01
1.000000e+02, 8.161916e+01
1.000000e+02, 8.182385e+01
1.000000e+02, 8.202961e+01
1.000000e+02, 8.223643e+01
1.000000e+02, 8.244433e+01
1.000000e+02, 8.265331e+01
1.000000e+02, 8.286338e+01
1.000000e+02, 8.307454e+01
1.000000e+02, 8.328680e+01
1.000000e+02, 8.350017e+01
1.000000e+02, 8.371465e+01
1.000000e+02, 8.393025e+01
1.000000e+02, 8.414697e+01
1.000000e+02, 8.436483e+01
1.000000e+02, 8.458383e+01
1.000000e+02, 8.480397e+01
1.000000e+02, 8.502527e+01
1.000000e+02, 8.524773e+01
1.000000e+02, 8.547135e+01
1.000000e+02, 8.569615e+01
1.000000e+02, 8.592214e+01
1.000000e+02, 8.614931e+01
1.000000e+02, 8.637768e+01
1.000000e+02, 8.660725e+01
1.000000e+02, 8.683803e+01
1.000000e+02, 8.707004e+01
1.000000e+02, 8.730327e+01
1.000000e+02, 8.753774e+01
1.000000e+02, 8.777346e+01
1.000000e+02, 8.801043e+01
1.000000e+02, 8.824865e+01
1.000000e+02, 8.848815e+01
1.000000e+02, 8.872893e+01
1.000000e+02, 8.897100e+01
1.000000e+02, 8.921436e+01
1.000000e+02, 8.945902e+01
1.000000e+02, 8.970500e+01
1.000000e+02, 8.995231e+01
1.000000e+02, 9.020094e+01
1.000000e+02, 9.045093e+01
1.000000e+02, 9.070226e+01
1.000000e+02, 9.095496e+01
1.000000e+02, 9.120902e+01
1.000000e+02, 9.146448e+01
1.000000e+02, 9.172132e+01
1.000000e+02, 9.197957e+01
1.000000e+02, 9.223923e+01
1.000000e+02, 9.250032e+01
1.000000e+02, 9.276285e+01
1.000000e+02, 9.302682e+01
1.000000e+02, 9.329226e+01
1.000000e+02, 9.355916e+01
1.000000e+02, 9.382755e+01
1.000000e+02, 9.409743e+01
1.000000e+02, 9.436881e+01
1.000000e+02, 9.464172e+01
1.000000e+02, 9.491616e+01
1.000000e+02, 9.519214e+01
1.000000e+02, 9.546968e+01
1.000000e+02, 9.574879e+01
1.000000e+02, 9.602948e+01
1.000000e+02, 9.631177e+01
1.000000e+02, 9.659568e+01
1.000000e+02, 9.688121e+01
1.000000e+02, 9.716838e+01
1.000000e+02, 9.745720e+01
1.000000e+02, 9.774769e+01
1.000000e+02, 9.803987e+01
1.000000e+02, 9.833375e+01
1.000000e+02, 9.862935e+01
1.000000e+02, 9.892668e+01
1.000000e+02, 9.922576e+01
1.000000e+02, 9.952660e+01
1.000000e+02, 9.982922e+01
1.000000e+02, 1.001336e+02
1.000000e+02, 1.004399e+02
1.000000e+02, 1.007480e+02
1.000000e+02, 1.010579e+02
1.000000e+02, 1.013697e+02
1.000000e+02, 1.016834e+02
1.000000e+02, 1.019990e+02
1.000000e+02, 1.023165e+02
1.000000e+02, 1.026360e+02
1.000000e+02, 1.029575e+02
1.000000e+02, 1.032809e+02
1.000000e+02, 1.036064e+02
1.000000e+02, 1.039339e+02
1.000000e+02, 1.042634e+02
1.000000e+02, 1.045950e+02
1.000000e+02, 1.049288e+02
1.000000e+02, 1.052646e+02
1.000000e+02, 1.056026e+02
1.000000e+02, 1.059428e+02
1.000000e+02, 1.062852e+02
1.000000e+02, 1.066299e+02
1.000000e+02, 1.069767e+02
1.000000e+02, 1.073259e+02
1.000000e+02, 1.076773e+02
1.000000e+02, 1.080311e+02
1.000000e+02, 1.083873e+02
1.000000e+02, 1.087459e+02
1.000000e+02, 1.091069e+02
1.000000e+02, 1.094703e+02
1.000000e+02, 1.098363e+02
1.000000e+02, 1.102047e+02
1.000000e+02, 1.105757e+02
1.000000e+02, 1.109494e+02
1.000000e+02, 1.113256e+02
1.000000e+02, 1.117045e+02
1.000000e+02, 1.120861e+02
1.000000e+02, 1.124704e+02
1.000000e+02, 1.128575e+02
1.000000e+02, 1.132474e+02
1.000000e+02, 1.136402e+02
1.000000e+02, 1.140359e+02
1.000000e+02, 1.144345e+02
1.000000e+02, 1.148361e+02
1.000000e+02, 1.152408e+02
1.000000e+02, 1.156485e+02
1.000000e+02, 1.160593e+02
1.000000e+02, 1.164734e+02
1.000000e+02, 1.168906e+02
1.000000e+02, 1.173112e+02
1.000000e+02, 1.177350e+02
1.000000e+02, 1.181623e+02
1.000000e+02, 1.185930e+02
1.000000e+02, 1.190272e+02
1.000000e+02, 1.194650e+02
1.000000e+02, 1.199065e+02
1.000000e+02, 1.203516e+02
1.000000e+02, 1.208005e+02
1.000000e+02, 1.212533e+02
1.000000e+02, 1.217099e+02
1.000000e+02, 1.221705e+02
1.000000e+02, 1.226352e+02
1.000000e+02, 1.231041e+02
1.000000e+02, 1.235772e+02
1.000000e+02, 1.240545e+02
1.000000e+02, 1.245363e+02
1.000000e+02, 1.250226e+02
1.000000e+02, 1.255135e+02
1.000000e+02, 1.260090e+02
1.000000e+02, 1.265094e+02
1.000000e+02, 1.270146e+02
1.000000e+02, 1.275249e+02
1.000000e+02, 1.280403e+02
1.000000e+02, 1.285609e+02
1.000000e+02, 1.290869e+02
1.000000e+02, 1.296184e+02
1.000000e+02, 1.301556e+02
1.000000e+02, 1.306986e+02
1.000000e+02, 1.312475e+02
1.000000e+02, 1.318025e+02
1.000000e+02, 1.323638e+02
1.000000e+02, 1.329315e+02
1.000000e+02, 1.335058e+02
1.000000e+02, 1.340870e+02
1.000000e+02, 1.346751e+02
1.000000e+02, 1.352705e+02
1.000000e+02, 1.358733e+02
1.000000e+02, 1.364838e+02
1.000000e+02, 1.371023e+02
1.000000e+02, 1.377289e+02
1.000000e+02, 1.383640e+02
1.000000e+02, 1.390079e+02
1.000000e+02, 1.396608e+02
1.000000e+02, 1.403232e+02
1.000000e+02, 1.409953e+02
1.000000e+02, 1.416776e+02
1.000000e+02, 1.423704e+02
1.000000e+02, 1.430742e+02
1.000000e+02, 1.437894e+02
1.000000e+02, 1.445166e+02
1.000000e+02, 1.452562e+02
1.000000e+02, 1.460089e+02
1.000000e+02, 1.467753e+02
1.000000e+02, 1.475560e+02
1.000000e+02, 1.483519e+02
1.000000e+02, 1.491636e+02
1.000000e+02, 1.499922e+02
1.000000e+02, 1.508385e+02
1.000000e+02, 1.517036e+02
1.000000e+02, 1.525888e+02
1.000000e+02, 1.534953e+02
1.000000e+02, 1.544247e+02
1.000000e+02, 1.553785e+02
1.000000e+02, 1.563587e+02
1.000000e+02, 1.573673e+02
1.000000e+02, 1.584068e+02
1.000000e+02, 1.594801e+02
1.000000e+02, 1.605904e+02
1.000000e+02, 1.617415e+02
1.000000e+02, 1.629380e+02
1.000000e+02, 1.641855e+02
1.000000e+02, 1.654906e+02
1.000000e+02, 1.668618e+02
1.000000e+02, 1.683098e+02
1.000000e+02, 1.698486e+02
1.000000e+02, 1.714970e+02
1.000000e+02, 1.732816e+02
1.000000e+02, 1.752420e+02
1.000000e+02, 1.774424e+02
1.000000e+02, 1.800000e+02
##END= 