##TITLE= /opt/topspin3.0/exp/stan/nmr/lists/wave/user/HypSec_trunc2.84_110
##JCAMP-DX= 5.00 Bruker JCAMP library
##DATA TYPE= Shape Data
##ORIGIN= Bruker BioSpin GmbH
##OWNER= <nmrsu>
##DATE= 15/02/24
##TIME= 16:15:04
##MINX= 1.164538e+01
##MAXX= 9.999960e+01
##MINY= 2.546774e-02
##MAXY= 3.585574e+02
##$SHAPE_EXMODE= Adiabatic
##$SHAPE_TOTROT= 1.800000e+02
##$SHAPE_BWFAC= 1.929340e+02
##$SHAPE_INTEGFAC= 2.356110e-02
##$SHAPE_MODE= 0
##NPOINTS= 100
##XYPOINTS= (XY..XY)
1.000000e+02, 1.800000e+02
1.000000e+02, 1.755547e+02
1.000000e+02, 1.732070e+02
1.000000e+02, 1.714007e+02
1.000000e+02, 1.698884e+02
1.000000e+02, 1.685706e+02
1.000000e+02, 1.673950e+02
1.000000e+02, 1.663299e+02
1.000000e+02, 1.653542e+02
1.000000e+02, 1.644532e+02
1.000000e+02, 1.636162e+02
1.000000e+02, 1.628347e+02
1.000000e+02, 1.621024e+02
1.000000e+02, 1.614140e+02
1.000000e+02, 1.607654e+02
1.000000e+02, 1.601530e+02
1.000000e+02, 1.595739e+02
1.000000e+02, 1.590256e+02
1.000000e+02, 1.585060e+02
1.000000e+02, 1.580133e+02
1.000000e+02, 1.575458e+02
1.000000e+02, 1.571021e+02
1.000000e+02, 1.566810e+02
1.000000e+02, 1.562814e+02
1.000000e+02, 1.559023e+02
1.000000e+02, 1.555429e+02
1.000000e+02, 1.552023e+02
1.000000e+02, 1.548799e+02
1.000000e+02, 1.545750e+02
1.000000e+02, 1.542871e+02
1.000000e+02, 1.540156e+02
1.000000e+02, 1.537601e+02
1.000000e+02, 1.535201e+02
1.000000e+02, 1.532953e+02
1.000000e+02, 1.530853e+02
1.000000e+02, 1.528897e+02
1.000000e+02, 1.527084e+02
1.000000e+02, 1.525410e+02
1.000000e+02, 1.523873e+02
1.000000e+02, 1.522471e+02
1.000000e+02, 1.521203e+02
1.000000e+02, 1.520065e+02
1.000000e+02, 1.519058e+02
1.000000e+02, 1.518179e+02
1.000000e+02, 1.517428e+02
1.000000e+02, 1.516803e+02
1.000000e+02, 1.516305e+02
1.000000e+02, 1.515931e+02
1.000000e+02, 1.515682e+02
1.000000e+02, 1.515558e+02
1.000000e+02, 1.515558e+02
1.000000e+02, 1.515682e+02
1.000000e+02, 1.515931e+02
1.000000e+02, 1.516305e+02
1.000000e+02, 1.516803e+02
1.000000e+02, 1.517428e+02
1.000000e+02, 1.518179e+02
1.000000e+02, 1.519058e+02
1.000000e+02, 1.520065e+02
1.000000e+02, 1.521203e+02
1.000000e+02, 1.522471e+02
1.000000e+02, 1.523873e+02
1.000000e+02, 1.525410e+02
1.000000e+02, 1.527084e+02
1.000000e+02, 1.528897e+02
1.000000e+02, 1.530853e+02
1.000000e+02, 1.532953e+02
1.000000e+02, 1.535201e+02
1.000000e+02, 1.537601e+02
1.000000e+02, 1.540156e+02
1.000000e+02, 1.542871e+02
1.000000e+02, 1.545750e+02
1.000000e+02, 1.548799e+02
1.000000e+02, 1.552023e+02
1.000000e+02, 1.555429e+02
1.000000e+02, 1.559023e+02
1.000000e+02, 1.562814e+02
1.000000e+02, 1.566810e+02
1.000000e+02, 1.571021e+02
1.000000e+02, 1.575458e+02
1.000000e+02, 1.580133e+02
1.000000e+02, 1.585060e+02
1.000000e+02, 1.590256e+02
1.000000e+02, 1.595739e+02
1.000000e+02, 1.601530e+02
1.000000e+02, 1.607654e+02
1.000000e+02, 1.614140e+02
1.000000e+02, 1.621024e+02
1.000000e+02, 1.628347e+02
1.000000e+02, 1.636162e+02
1.000000e+02, 1.644532e+02
1.000000e+02, 1.653542e+02
1.000000e+02, 1.663299e+02
1.000000e+02, 1.673950e+02
1.000000e+02, 1.685706e+02
1.000000e+02, 1.698884e+02
1.000000e+02, 1.714007e+02
1.000000e+02, 1.732070e+02
1.000000e+02, 1.755547e+02
1.000000e+02, 1.800000e+02
##END= 