##TITLE= /opt/topspin3.0/exp/stan/nmr/lists/wave/user/HypSec_trunc2.84_110
##JCAMP-DX= 5.00 Bruker JCAMP library
##DATA TYPE= Shape Data
##ORIGIN= Bruker BioSpin GmbH
##OWNER= <nmrsu>
##DATE= 15/02/24
##TIME= 16:15:04
##MINX= 1.164538e+01
##MAXX= 9.999960e+01
##MINY= 2.546774e-02
##MAXY= 3.585574e+02
##$SHAPE_EXMODE= Adiabatic
##$SHAPE_TOTROT= 1.800000e+02
##$SHAPE_BWFAC= 1.929340e+02
##$SHAPE_INTEGFAC= 2.356110e-02
##$SHAPE_MODE= 0
##NPOINTS= 1000
##XYPOINTS= (XY..XY)
1.000000e+02, 1.800000e+02
1.000000e+02, 1.782728e+02
1.000000e+02, 1.767868e+02
1.000000e+02, 1.754629e+02
1.000000e+02, 1.742577e+02
1.000000e+02, 1.731445e+02
1.000000e+02, 1.721053e+02
1.000000e+02, 1.711275e+02
1.000000e+02, 1.702015e+02
1.000000e+02, 1.693201e+02
1.000000e+02, 1.684776e+02
1.000000e+02, 1.676696e+02
1.000000e+02, 1.668922e+02
1.000000e+02, 1.661424e+02
1.000000e+02, 1.654176e+02
1.000000e+02, 1.647156e+02
1.000000e+02, 1.640344e+02
1.000000e+02, 1.633725e+02
1.000000e+02, 1.627283e+02
1.000000e+02, 1.621007e+02
1.000000e+02, 1.614885e+02
1.000000e+02, 1.608908e+02
1.000000e+02, 1.603065e+02
1.000000e+02, 1.597350e+02
1.000000e+02, 1.591754e+02
1.000000e+02, 1.586272e+02
1.000000e+02, 1.580898e+02
1.000000e+02, 1.575625e+02
1.000000e+02, 1.570450e+02
1.000000e+02, 1.565367e+02
1.000000e+02, 1.560372e+02
1.000000e+02, 1.555461e+02
1.000000e+02, 1.550631e+02
1.000000e+02, 1.545878e+02
1.000000e+02, 1.541199e+02
1.000000e+02, 1.536592e+02
1.000000e+02, 1.532053e+02
1.000000e+02, 1.527580e+02
1.000000e+02, 1.523170e+02
1.000000e+02, 1.518822e+02
1.000000e+02, 1.514533e+02
1.000000e+02, 1.510301e+02
1.000000e+02, 1.506125e+02
1.000000e+02, 1.502002e+02
1.000000e+02, 1.497931e+02
1.000000e+02, 1.493910e+02
1.000000e+02, 1.489938e+02
1.000000e+02, 1.486013e+02
1.000000e+02, 1.482135e+02
1.000000e+02, 1.478301e+02
1.000000e+02, 1.474510e+02
1.000000e+02, 1.470762e+02
1.000000e+02, 1.467055e+02
1.000000e+02, 1.463389e+02
1.000000e+02, 1.459761e+02
1.000000e+02, 1.456171e+02
1.000000e+02, 1.452619e+02
1.000000e+02, 1.449103e+02
1.000000e+02, 1.445622e+02
1.000000e+02, 1.442177e+02
1.000000e+02, 1.438765e+02
1.000000e+02, 1.435386e+02
1.000000e+02, 1.432039e+02
1.000000e+02, 1.428724e+02
1.000000e+02, 1.425440e+02
1.000000e+02, 1.422186e+02
1.000000e+02, 1.418963e+02
1.000000e+02, 1.415768e+02
1.000000e+02, 1.412602e+02
1.000000e+02, 1.409463e+02
1.000000e+02, 1.406353e+02
1.000000e+02, 1.403269e+02
1.000000e+02, 1.400211e+02
1.000000e+02, 1.397180e+02
1.000000e+02, 1.394174e+02
1.000000e+02, 1.391192e+02
1.000000e+02, 1.388236e+02
1.000000e+02, 1.385303e+02
1.000000e+02, 1.382395e+02
1.000000e+02, 1.379509e+02
1.000000e+02, 1.376647e+02
1.000000e+02, 1.373807e+02
1.000000e+02, 1.370989e+02
1.000000e+02, 1.368193e+02
1.000000e+02, 1.365418e+02
1.000000e+02, 1.362665e+02
1.000000e+02, 1.359932e+02
1.000000e+02, 1.357220e+02
1.000000e+02, 1.354528e+02
1.000000e+02, 1.351856e+02
1.000000e+02, 1.349204e+02
1.000000e+02, 1.346570e+02
1.000000e+02, 1.343956e+02
1.000000e+02, 1.341361e+02
1.000000e+02, 1.338784e+02
1.000000e+02, 1.336225e+02
1.000000e+02, 1.333684e+02
1.000000e+02, 1.331161e+02
1.000000e+02, 1.328655e+02
1.000000e+02, 1.326167e+02
1.000000e+02, 1.323696e+02
1.000000e+02, 1.321241e+02
1.000000e+02, 1.318803e+02
1.000000e+02, 1.316382e+02
1.000000e+02, 1.313977e+02
1.000000e+02, 1.311587e+02
1.000000e+02, 1.309214e+02
1.000000e+02, 1.306856e+02
1.000000e+02, 1.304513e+02
1.000000e+02, 1.302186e+02
1.000000e+02, 1.299874e+02
1.000000e+02, 1.297576e+02
1.000000e+02, 1.295294e+02
1.000000e+02, 1.293025e+02
1.000000e+02, 1.290772e+02
1.000000e+02, 1.288532e+02
1.000000e+02, 1.286307e+02
1.000000e+02, 1.284095e+02
1.000000e+02, 1.281897e+02
1.000000e+02, 1.279713e+02
1.000000e+02, 1.277542e+02
1.000000e+02, 1.275384e+02
1.000000e+02, 1.273240e+02
1.000000e+02, 1.271109e+02
1.000000e+02, 1.268990e+02
1.000000e+02, 1.266884e+02
1.000000e+02, 1.264791e+02
1.000000e+02, 1.262711e+02
1.000000e+02, 1.260643e+02
1.000000e+02, 1.258587e+02
1.000000e+02, 1.256543e+02
1.000000e+02, 1.254512e+02
1.000000e+02, 1.252492e+02
1.000000e+02, 1.250484e+02
1.000000e+02, 1.248488e+02
1.000000e+02, 1.246503e+02
1.000000e+02, 1.244530e+02
1.000000e+02, 1.242568e+02
1.000000e+02, 1.240618e+02
1.000000e+02, 1.238678e+02
1.000000e+02, 1.236750e+02
1.000000e+02, 1.234833e+02
1.000000e+02, 1.232926e+02
1.000000e+02, 1.231031e+02
1.000000e+02, 1.229146e+02
1.000000e+02, 1.227272e+02
1.000000e+02, 1.225408e+02
1.000000e+02, 1.223554e+02
1.000000e+02, 1.221711e+02
1.000000e+02, 1.219879e+02
1.000000e+02, 1.218056e+02
1.000000e+02, 1.216244e+02
1.000000e+02, 1.214441e+02
1.000000e+02, 1.212649e+02
1.000000e+02, 1.210866e+02
1.000000e+02, 1.209093e+02
1.000000e+02, 1.207330e+02
1.000000e+02, 1.205576e+02
1.000000e+02, 1.203832e+02
1.000000e+02, 1.202098e+02
1.000000e+02, 1.200373e+02
1.000000e+02, 1.198657e+02
1.000000e+02, 1.196950e+02
1.000000e+02, 1.195253e+02
1.000000e+02, 1.193565e+02
1.000000e+02, 1.191886e+02
1.000000e+02, 1.190216e+02
1.000000e+02, 1.188554e+02
1.000000e+02, 1.186902e+02
1.000000e+02, 1.185259e+02
1.000000e+02, 1.183624e+02
1.000000e+02, 1.181998e+02
1.000000e+02, 1.180381e+02
1.000000e+02, 1.178772e+02
1.000000e+02, 1.177171e+02
1.000000e+02, 1.175580e+02
1.000000e+02, 1.173996e+02
1.000000e+02, 1.172421e+02
1.000000e+02, 1.170854e+02
1.000000e+02, 1.169296e+02
1.000000e+02, 1.167745e+02
1.000000e+02, 1.166203e+02
1.000000e+02, 1.164669e+02
1.000000e+02, 1.163143e+02
1.000000e+02, 1.161625e+02
1.000000e+02, 1.160115e+02
1.000000e+02, 1.158612e+02
1.000000e+02, 1.157118e+02
1.000000e+02, 1.155631e+02
1.000000e+02, 1.154152e+02
1.000000e+02, 1.152681e+02
1.000000e+02, 1.151217e+02
1.000000e+02, 1.149761e+02
1.000000e+02, 1.148313e+02
1.000000e+02, 1.146872e+02
1.000000e+02, 1.145438e+02
1.000000e+02, 1.144012e+02
1.000000e+02, 1.142594e+02
1.000000e+02, 1.141182e+02
1.000000e+02, 1.139778e+02
1.000000e+02, 1.138382e+02
1.000000e+02, 1.136992e+02
1.000000e+02, 1.135610e+02
1.000000e+02, 1.134235e+02
1.000000e+02, 1.132867e+02
1.000000e+02, 1.131506e+02
1.000000e+02, 1.130152e+02
1.000000e+02, 1.128805e+02
1.000000e+02, 1.127465e+02
1.000000e+02, 1.126132e+02
1.000000e+02, 1.124805e+02
1.000000e+02, 1.123486e+02
1.000000e+02, 1.122173e+02
1.000000e+02, 1.120868e+02
1.000000e+02, 1.119568e+02
1.000000e+02, 1.118276e+02
1.000000e+02, 1.116990e+02
1.000000e+02, 1.115711e+02
1.000000e+02, 1.114439e+02
1.000000e+02, 1.113173e+02
1.000000e+02, 1.111914e+02
1.000000e+02, 1.110661e+02
1.000000e+02, 1.109415e+02
1.000000e+02, 1.108175e+02
1.000000e+02, 1.106941e+02
1.000000e+02, 1.105714e+02
1.000000e+02, 1.104494e+02
1.000000e+02, 1.103279e+02
1.000000e+02, 1.102071e+02
1.000000e+02, 1.100869e+02
1.000000e+02, 1.099674e+02
1.000000e+02, 1.098485e+02
1.000000e+02, 1.097302e+02
1.000000e+02, 1.096125e+02
1.000000e+02, 1.094954e+02
1.000000e+02, 1.093789e+02
1.000000e+02, 1.092630e+02
1.000000e+02, 1.091478e+02
1.000000e+02, 1.090331e+02
1.000000e+02, 1.089191e+02
1.000000e+02, 1.088056e+02
1.000000e+02, 1.086927e+02
1.000000e+02, 1.085805e+02
1.000000e+02, 1.084688e+02
1.000000e+02, 1.083577e+02
1.000000e+02, 1.082472e+02
1.000000e+02, 1.081373e+02
1.000000e+02, 1.080279e+02
1.000000e+02, 1.079191e+02
1.000000e+02, 1.078110e+02
1.000000e+02, 1.077033e+02
1.000000e+02, 1.075963e+02
1.000000e+02, 1.074898e+02
1.000000e+02, 1.073839e+02
1.000000e+02, 1.072786e+02
1.000000e+02, 1.071738e+02
1.000000e+02, 1.070695e+02
1.000000e+02, 1.069659e+02
1.000000e+02, 1.068628e+02
1.000000e+02, 1.067602e+02
1.000000e+02, 1.066582e+02
1.000000e+02, 1.065568e+02
1.000000e+02, 1.064559e+02
1.000000e+02, 1.063555e+02
1.000000e+02, 1.062557e+02
1.000000e+02, 1.061564e+02
1.000000e+02, 1.060577e+02
1.000000e+02, 1.059595e+02
1.000000e+02, 1.058618e+02
1.000000e+02, 1.057647e+02
1.000000e+02, 1.056681e+02
1.000000e+02, 1.055721e+02
1.000000e+02, 1.054765e+02
1.000000e+02, 1.053815e+02
1.000000e+02, 1.052870e+02
1.000000e+02, 1.051931e+02
1.000000e+02, 1.050996e+02
1.000000e+02, 1.050067e+02
1.000000e+02, 1.049143e+02
1.000000e+02, 1.048225e+02
1.000000e+02, 1.047311e+02
1.000000e+02, 1.046402e+02
1.000000e+02, 1.045499e+02
1.000000e+02, 1.044601e+02
1.000000e+02, 1.043707e+02
1.000000e+02, 1.042819e+02
1.000000e+02, 1.041936e+02
1.000000e+02, 1.041058e+02
1.000000e+02, 1.040185e+02
1.000000e+02, 1.039317e+02
1.000000e+02, 1.038454e+02
1.000000e+02, 1.037596e+02
1.000000e+02, 1.036743e+02
1.000000e+02, 1.035895e+02
1.000000e+02, 1.035051e+02
1.000000e+02, 1.034213e+02
1.000000e+02, 1.033380e+02
1.000000e+02, 1.032551e+02
1.000000e+02, 1.031727e+02
1.000000e+02, 1.030909e+02
1.000000e+02, 1.030095e+02
1.000000e+02, 1.029285e+02
1.000000e+02, 1.028481e+02
1.000000e+02, 1.027682e+02
1.000000e+02, 1.026887e+02
1.000000e+02, 1.026097e+02
1.000000e+02, 1.025312e+02
1.000000e+02, 1.024531e+02
1.000000e+02, 1.023756e+02
1.000000e+02, 1.022985e+02
1.000000e+02, 1.022218e+02
1.000000e+02, 1.021457e+02
1.000000e+02, 1.020700e+02
1.000000e+02, 1.019948e+02
1.000000e+02, 1.019200e+02
1.000000e+02, 1.018457e+02
1.000000e+02, 1.017719e+02
1.000000e+02, 1.016986e+02
1.000000e+02, 1.016257e+02
1.000000e+02, 1.015532e+02
1.000000e+02, 1.014812e+02
1.000000e+02, 1.014097e+02
1.000000e+02, 1.013387e+02
1.000000e+02, 1.012681e+02
1.000000e+02, 1.011979e+02
1.000000e+02, 1.011282e+02
1.000000e+02, 1.010590e+02
1.000000e+02, 1.009902e+02
1.000000e+02, 1.009218e+02
1.000000e+02, 1.008539e+02
1.000000e+02, 1.007865e+02
1.000000e+02, 1.007195e+02
1.000000e+02, 1.006529e+02
1.000000e+02, 1.005868e+02
1.000000e+02, 1.005212e+02
1.000000e+02, 1.004560e+02
1.000000e+02, 1.003912e+02
1.000000e+02, 1.003269e+02
1.000000e+02, 1.002630e+02
1.000000e+02, 1.001995e+02
1.000000e+02, 1.001365e+02
1.000000e+02, 1.000739e+02
1.000000e+02, 1.000118e+02
1.000000e+02, 9.995008e+01
1.000000e+02, 9.988882e+01
1.000000e+02, 9.982798e+01
1.000000e+02, 9.976759e+01
1.000000e+02, 9.970762e+01
1.000000e+02, 9.964808e+01
1.000000e+02, 9.958898e+01
1.000000e+02, 9.953031e+01
1.000000e+02, 9.947206e+01
1.000000e+02, 9.941425e+01
1.000000e+02, 9.935686e+01
1.000000e+02, 9.929989e+01
1.000000e+02, 9.924336e+01
1.000000e+02, 9.918724e+01
1.000000e+02, 9.913156e+01
1.000000e+02, 9.907629e+01
1.000000e+02, 9.902145e+01
1.000000e+02, 9.896703e+01
1.000000e+02, 9.891303e+01
1.000000e+02, 9.885946e+01
1.000000e+02, 9.880630e+01
1.000000e+02, 9.875356e+01
1.000000e+02, 9.870124e+01
1.000000e+02, 9.864933e+01
1.000000e+02, 9.859784e+01
1.000000e+02, 9.854677e+01
1.000000e+02, 9.849612e+01
1.000000e+02, 9.844588e+01
1.000000e+02, 9.839605e+01
1.000000e+02, 9.834663e+01
1.000000e+02, 9.829763e+01
1.000000e+02, 9.824904e+01
1.000000e+02, 9.820086e+01
1.000000e+02, 9.815309e+01
1.000000e+02, 9.810574e+01
1.000000e+02, 9.805879e+01
1.000000e+02, 9.801225e+01
1.000000e+02, 9.796612e+01
1.000000e+02, 9.792039e+01
1.000000e+02, 9.787507e+01
1.000000e+02, 9.783016e+01
1.000000e+02, 9.778566e+01
1.000000e+02, 9.774155e+01
1.000000e+02, 9.769786e+01
1.000000e+02, 9.765457e+01
1.000000e+02, 9.761168e+01
1.000000e+02, 9.756919e+01
1.000000e+02, 9.752710e+01
1.000000e+02, 9.748542e+01
1.000000e+02, 9.744414e+01
1.000000e+02, 9.740326e+01
1.000000e+02, 9.736278e+01
1.000000e+02, 9.732269e+01
1.000000e+02, 9.728301e+01
1.000000e+02, 9.724373e+01
1.000000e+02, 9.720484e+01
1.000000e+02, 9.716635e+01
1.000000e+02, 9.712826e+01
1.000000e+02, 9.709056e+01
1.000000e+02, 9.705326e+01
1.000000e+02, 9.701636e+01
1.000000e+02, 9.697985e+01
1.000000e+02, 9.694373e+01
1.000000e+02, 9.690801e+01
1.000000e+02, 9.687269e+01
1.000000e+02, 9.683775e+01
1.000000e+02, 9.680321e+01
1.000000e+02, 9.676906e+01
1.000000e+02, 9.673530e+01
1.000000e+02, 9.670194e+01
1.000000e+02, 9.666896e+01
1.000000e+02, 9.663638e+01
1.000000e+02, 9.660418e+01
1.000000e+02, 9.657238e+01
1.000000e+02, 9.654096e+01
1.000000e+02, 9.650994e+01
1.000000e+02, 9.647930e+01
1.000000e+02, 9.644905e+01
1.000000e+02, 9.641919e+01
1.000000e+02, 9.638971e+01
1.000000e+02, 9.636062e+01
1.000000e+02, 9.633192e+01
1.000000e+02, 9.630361e+01
1.000000e+02, 9.627568e+01
1.000000e+02, 9.624814e+01
1.000000e+02, 9.622098e+01
1.000000e+02, 9.619421e+01
1.000000e+02, 9.616782e+01
1.000000e+02, 9.614182e+01
1.000000e+02, 9.611620e+01
1.000000e+02, 9.609096e+01
1.000000e+02, 9.606611e+01
1.000000e+02, 9.604164e+01
1.000000e+02, 9.601755e+01
1.000000e+02, 9.599385e+01
1.000000e+02, 9.597052e+01
1.000000e+02, 9.594758e+01
1.000000e+02, 9.592502e+01
1.000000e+02, 9.590285e+01
1.000000e+02, 9.588105e+01
1.000000e+02, 9.585963e+01
1.000000e+02, 9.583860e+01
1.000000e+02, 9.581794e+01
1.000000e+02, 9.579767e+01
1.000000e+02, 9.577777e+01
1.000000e+02, 9.575826e+01
1.000000e+02, 9.573912e+01
1.000000e+02, 9.572036e+01
1.000000e+02, 9.570198e+01
1.000000e+02, 9.568398e+01
1.000000e+02, 9.566636e+01
1.000000e+02, 9.564912e+01
1.000000e+02, 9.563225e+01
1.000000e+02, 9.561576e+01
1.000000e+02, 9.559965e+01
1.000000e+02, 9.558392e+01
1.000000e+02, 9.556856e+01
1.000000e+02, 9.555358e+01
1.000000e+02, 9.553898e+01
1.000000e+02, 9.552476e+01
1.000000e+02, 9.551091e+01
1.000000e+02, 9.549743e+01
1.000000e+02, 9.548434e+01
1.000000e+02, 9.547161e+01
1.000000e+02, 9.545927e+01
1.000000e+02, 9.544730e+01
1.000000e+02, 9.543571e+01
1.000000e+02, 9.542449e+01
1.000000e+02, 9.541364e+01
1.000000e+02, 9.540318e+01
1.000000e+02, 9.539308e+01
1.000000e+02, 9.538336e+01
1.000000e+02, 9.537402e+01
1.000000e+02, 9.536505e+01
1.000000e+02, 9.535646e+01
1.000000e+02, 9.534824e+01
1.000000e+02, 9.534039e+01
1.000000e+02, 9.533292e+01
1.000000e+02, 9.532582e+01
1.000000e+02, 9.531910e+01
1.000000e+02, 9.531275e+01
1.000000e+02, 9.530677e+01
1.000000e+02, 9.530117e+01
1.000000e+02, 9.529594e+01
1.000000e+02, 9.529109e+01
1.000000e+02, 9.528661e+01
1.000000e+02, 9.528250e+01
1.000000e+02, 9.527877e+01
1.000000e+02, 9.527541e+01
1.000000e+02, 9.527242e+01
1.000000e+02, 9.526981e+01
1.000000e+02, 9.526757e+01
1.000000e+02, 9.526570e+01
1.000000e+02, 9.526421e+01
1.000000e+02, 9.526309e+01
1.000000e+02, 9.526234e+01
1.000000e+02, 9.526197e+01
1.000000e+02, 9.526197e+01
1.000000e+02, 9.526234e+01
1.000000e+02, 9.526309e+01
1.000000e+02, 9.526421e+01
1.000000e+02, 9.526570e+01
1.000000e+02, 9.526757e+01
1.000000e+02, 9.526981e+01
1.000000e+02, 9.527242e+01
1.000000e+02, 9.527541e+01
1.000000e+02, 9.527877e+01
1.000000e+02, 9.528250e+01
1.000000e+02, 9.528661e+01
1.000000e+02, 9.529109e+01
1.000000e+02, 9.529594e+01
1.000000e+02, 9.530117e+01
1.000000e+02, 9.530677e+01
1.000000e+02, 9.531275e+01
1.000000e+02, 9.531910e+01
1.000000e+02, 9.532582e+01
1.000000e+02, 9.533292e+01
1.000000e+02, 9.534039e+01
1.000000e+02, 9.534824e+01
1.000000e+02, 9.535646e+01
1.000000e+02, 9.536505e+01
1.000000e+02, 9.537402e+01
1.000000e+02, 9.538336e+01
1.000000e+02, 9.539308e+01
1.000000e+02, 9.540318e+01
1.000000e+02, 9.541364e+01
1.000000e+02, 9.542449e+01
1.000000e+02, 9.543571e+01
1.000000e+02, 9.544730e+01
1.000000e+02, 9.545927e+01
1.000000e+02, 9.547161e+01
1.000000e+02, 9.548434e+01
1.000000e+02, 9.549743e+01
1.000000e+02, 9.551091e+01
1.000000e+02, 9.552476e+01
1.000000e+02, 9.553898e+01
1.000000e+02, 9.555358e+01
1.000000e+02, 9.556856e+01
1.000000e+02, 9.558392e+01
1.000000e+02, 9.559965e+01
1.000000e+02, 9.561576e+01
1.000000e+02, 9.563225e+01
1.000000e+02, 9.564912e+01
1.000000e+02, 9.566636e+01
1.000000e+02, 9.568398e+01
1.000000e+02, 9.570198e+01
1.000000e+02, 9.572036e+01
1.000000e+02, 9.573912e+01
1.000000e+02, 9.575826e+01
1.000000e+02, 9.577777e+01
1.000000e+02, 9.579767e+01
1.000000e+02, 9.581794e+01
1.000000e+02, 9.583860e+01
1.000000e+02, 9.585963e+01
1.000000e+02, 9.588105e+01
1.000000e+02, 9.590285e+01
1.000000e+02, 9.592502e+01
1.000000e+02, 9.594758e+01
1.000000e+02, 9.597052e+01
1.000000e+02, 9.599385e+01
1.000000e+02, 9.601755e+01
1.000000e+02, 9.604164e+01
1.000000e+02, 9.606611e+01
1.000000e+02, 9.609096e+01
1.000000e+02, 9.611620e+01
1.000000e+02, 9.614182e+01
1.000000e+02, 9.616782e+01
1.000000e+02, 9.619421e+01
1.000000e+02, 9.622098e+01
1.000000e+02, 9.624814e+01
1.000000e+02, 9.627568e+01
1.000000e+02, 9.630361e+01
1.000000e+02, 9.633192e+01
1.000000e+02, 9.636062e+01
1.000000e+02, 9.638971e+01
1.000000e+02, 9.641919e+01
1.000000e+02, 9.644905e+01
1.000000e+02, 9.647930e+01
1.000000e+02, 9.650994e+01
1.000000e+02, 9.654096e+01
1.000000e+02, 9.657238e+01
1.000000e+02, 9.660418e+01
1.000000e+02, 9.663638e+01
1.000000e+02, 9.666896e+01
1.000000e+02, 9.670194e+01
1.000000e+02, 9.673530e+01
1.000000e+02, 9.676906e+01
1.000000e+02, 9.680321e+01
1.000000e+02, 9.683775e+01
1.000000e+02, 9.687269e+01
1.000000e+02, 9.690801e+01
1.000000e+02, 9.694373e+01
1.000000e+02, 9.697985e+01
1.000000e+02, 9.701636e+01
1.000000e+02, 9.705326e+01
1.000000e+02, 9.709056e+01
1.000000e+02, 9.712826e+01
1.000000e+02, 9.716635e+01
1.000000e+02, 9.720484e+01
1.000000e+02, 9.724373e+01
1.000000e+02, 9.728301e+01
1.000000e+02, 9.732269e+01
1.000000e+02, 9.736278e+01
1.000000e+02, 9.740326e+01
1.000000e+02, 9.744414e+01
1.000000e+02, 9.748542e+01
1.000000e+02, 9.752710e+01
1.000000e+02, 9.756919e+01
1.000000e+02, 9.761168e+01
1.000000e+02, 9.765457e+01
1.000000e+02, 9.769786e+01
1.000000e+02, 9.774155e+01
1.000000e+02, 9.778566e+01
1.000000e+02, 9.783016e+01
1.000000e+02, 9.787507e+01
1.000000e+02, 9.792039e+01
1.000000e+02, 9.796612e+01
1.000000e+02, 9.801225e+01
1.000000e+02, 9.805879e+01
1.000000e+02, 9.810574e+01
1.000000e+02, 9.815310e+01
1.000000e+02, 9.820086e+01
1.000000e+02, 9.824904e+01
1.000000e+02, 9.829763e+01
1.000000e+02, 9.834663e+01
1.000000e+02, 9.839605e+01
1.000000e+02, 9.844588e+01
1.000000e+02, 9.849612e+01
1.000000e+02, 9.854677e+01
1.000000e+02, 9.859784e+01
1.000000e+02, 9.864933e+01
1.000000e+02, 9.870124e+01
1.000000e+02, 9.875356e+01
1.000000e+02, 9.880630e+01
1.000000e+02, 9.885946e+01
1.000000e+02, 9.891303e+01
1.000000e+02, 9.896703e+01
1.000000e+02, 9.902145e+01
1.000000e+02, 9.907629e+01
1.000000e+02, 9.913156e+01
1.000000e+02, 9.918725e+01
1.000000e+02, 9.924336e+01
1.000000e+02, 9.929989e+01
1.000000e+02, 9.935686e+01
1.000000e+02, 9.941425e+01
1.000000e+02, 9.947206e+01
1.000000e+02, 9.953031e+01
1.000000e+02, 9.958898e+01
1.000000e+02, 9.964808e+01
1.000000e+02, 9.970762e+01
1.000000e+02, 9.976759e+01
1.000000e+02, 9.982798e+01
1.000000e+02, 9.988882e+01
1.000000e+02, 9.995008e+01
1.000000e+02, 1.000118e+02
1.000000e+02, 1.000739e+02
1.000000e+02, 1.001365e+02
1.000000e+02, 1.001995e+02
1.000000e+02, 1.002630e+02
1.000000e+02, 1.003269e+02
1.000000e+02, 1.003912e+02
1.000000e+02, 1.004560e+02
1.000000e+02, 1.005212e+02
1.000000e+02, 1.005868e+02
1.000000e+02, 1.006529e+02
1.000000e+02, 1.007195e+02
1.000000e+02, 1.007865e+02
1.000000e+02, 1.008539e+02
1.000000e+02, 1.009218e+02
1.000000e+02, 1.009902e+02
1.000000e+02, 1.010590e+02
1.000000e+02, 1.011282e+02
1.000000e+02, 1.011979e+02
1.000000e+02, 1.012681e+02
1.000000e+02, 1.013387e+02
1.000000e+02, 1.014097e+02
1.000000e+02, 1.014812e+02
1.000000e+02, 1.015532e+02
1.000000e+02, 1.016257e+02
1.000000e+02, 1.016986e+02
1.000000e+02, 1.017719e+02
1.000000e+02, 1.018457e+02
1.000000e+02, 1.019200e+02
1.000000e+02, 1.019948e+02
1.000000e+02, 1.020700e+02
1.000000e+02, 1.021457e+02
1.000000e+02, 1.022218e+02
1.000000e+02, 1.022985e+02
1.000000e+02, 1.023756e+02
1.000000e+02, 1.024531e+02
1.000000e+02, 1.025312e+02
1.000000e+02, 1.026097e+02
1.000000e+02, 1.026887e+02
1.000000e+02, 1.027682e+02
1.000000e+02, 1.028481e+02
1.000000e+02, 1.029285e+02
1.000000e+02, 1.030095e+02
1.000000e+02, 1.030909e+02
1.000000e+02, 1.031727e+02
1.000000e+02, 1.032551e+02
1.000000e+02, 1.033380e+02
1.000000e+02, 1.034213e+02
1.000000e+02, 1.035051e+02
1.000000e+02, 1.035895e+02
1.000000e+02, 1.036743e+02
1.000000e+02, 1.037596e+02
1.000000e+02, 1.038454e+02
1.000000e+02, 1.039317e+02
1.000000e+02, 1.040185e+02
1.000000e+02, 1.041058e+02
1.000000e+02, 1.041936e+02
1.000000e+02, 1.042819e+02
1.000000e+02, 1.043707e+02
1.000000e+02, 1.044601e+02
1.000000e+02, 1.045499e+02
1.000000e+02, 1.046402e+02
1.000000e+02, 1.047311e+02
1.000000e+02, 1.048225e+02
1.000000e+02, 1.049143e+02
1.000000e+02, 1.050067e+02
1.000000e+02, 1.050996e+02
1.000000e+02, 1.051931e+02
1.000000e+02, 1.052870e+02
1.000000e+02, 1.053815e+02
1.000000e+02, 1.054765e+02
1.000000e+02, 1.055721e+02
1.000000e+02, 1.056681e+02
1.000000e+02, 1.057647e+02
1.000000e+02, 1.058618e+02
1.000000e+02, 1.059595e+02
1.000000e+02, 1.060577e+02
1.000000e+02, 1.061564e+02
1.000000e+02, 1.062557e+02
1.000000e+02, 1.063555e+02
1.000000e+02, 1.064559e+02
1.000000e+02, 1.065568e+02
1.000000e+02, 1.066582e+02
1.000000e+02, 1.067602e+02
1.000000e+02, 1.068628e+02
1.000000e+02, 1.069659e+02
1.000000e+02, 1.070695e+02
1.000000e+02, 1.071738e+02
1.000000e+02, 1.072786e+02
1.000000e+02, 1.073839e+02
1.000000e+02, 1.074898e+02
1.000000e+02, 1.075963e+02
1.000000e+02, 1.077033e+02
1.000000e+02, 1.078110e+02
1.000000e+02, 1.079191e+02
1.000000e+02, 1.080279e+02
1.000000e+02, 1.081373e+02
1.000000e+02, 1.082472e+02
1.000000e+02, 1.083577e+02
1.000000e+02, 1.084688e+02
1.000000e+02, 1.085805e+02
1.000000e+02, 1.086927e+02
1.000000e+02, 1.088056e+02
1.000000e+02, 1.089191e+02
1.000000e+02, 1.090331e+02
1.000000e+02, 1.091478e+02
1.000000e+02, 1.092630e+02
1.000000e+02, 1.093789e+02
1.000000e+02, 1.094954e+02
1.000000e+02, 1.096125e+02
1.000000e+02, 1.097302e+02
1.000000e+02, 1.098485e+02
1.000000e+02, 1.099674e+02
1.000000e+02, 1.100870e+02
1.000000e+02, 1.102071e+02
1.000000e+02, 1.103279e+02
1.000000e+02, 1.104494e+02
1.000000e+02, 1.105714e+02
1.000000e+02, 1.106941e+02
1.000000e+02, 1.108175e+02
1.000000e+02, 1.109415e+02
1.000000e+02, 1.110661e+02
1.000000e+02, 1.111914e+02
1.000000e+02, 1.113173e+02
1.000000e+02, 1.114439e+02
1.000000e+02, 1.115711e+02
1.000000e+02, 1.116990e+02
1.000000e+02, 1.118276e+02
1.000000e+02, 1.119568e+02
1.000000e+02, 1.120868e+02
1.000000e+02, 1.122173e+02
1.000000e+02, 1.123486e+02
1.000000e+02, 1.124805e+02
1.000000e+02, 1.126132e+02
1.000000e+02, 1.127465e+02
1.000000e+02, 1.128805e+02
1.000000e+02, 1.130152e+02
1.000000e+02, 1.131506e+02
1.000000e+02, 1.132867e+02
1.000000e+02, 1.134235e+02
1.000000e+02, 1.135610e+02
1.000000e+02, 1.136992e+02
1.000000e+02, 1.138382e+02
1.000000e+02, 1.139778e+02
1.000000e+02, 1.141182e+02
1.000000e+02, 1.142594e+02
1.000000e+02, 1.144012e+02
1.000000e+02, 1.145438e+02
1.000000e+02, 1.146872e+02
1.000000e+02, 1.148313e+02
1.000000e+02, 1.149761e+02
1.000000e+02, 1.151217e+02
1.000000e+02, 1.152681e+02
1.000000e+02, 1.154152e+02
1.000000e+02, 1.155631e+02
1.000000e+02, 1.157118e+02
1.000000e+02, 1.158612e+02
1.000000e+02, 1.160115e+02
1.000000e+02, 1.161625e+02
1.000000e+02, 1.163143e+02
1.000000e+02, 1.164669e+02
1.000000e+02, 1.166203e+02
1.000000e+02, 1.167745e+02
1.000000e+02, 1.169296e+02
1.000000e+02, 1.170854e+02
1.000000e+02, 1.172421e+02
1.000000e+02, 1.173996e+02
1.000000e+02, 1.175580e+02
1.000000e+02, 1.177171e+02
1.000000e+02, 1.178772e+02
1.000000e+02, 1.180381e+02
1.000000e+02, 1.181998e+02
1.000000e+02, 1.183624e+02
1.000000e+02, 1.185259e+02
1.000000e+02, 1.186902e+02
1.000000e+02, 1.188554e+02
1.000000e+02, 1.190216e+02
1.000000e+02, 1.191886e+02
1.000000e+02, 1.193565e+02
1.000000e+02, 1.195253e+02
1.000000e+02, 1.196950e+02
1.000000e+02, 1.198657e+02
1.000000e+02, 1.200373e+02
1.000000e+02, 1.202098e+02
1.000000e+02, 1.203832e+02
1.000000e+02, 1.205576e+02
1.000000e+02, 1.207330e+02
1.000000e+02, 1.209093e+02
1.000000e+02, 1.210866e+02
1.000000e+02, 1.212649e+02
1.000000e+02, 1.214441e+02
1.000000e+02, 1.216244e+02
1.000000e+02, 1.218056e+02
1.000000e+02, 1.219879e+02
1.000000e+02, 1.221711e+02
1.000000e+02, 1.223554e+02
1.000000e+02, 1.225408e+02
1.000000e+02, 1.227272e+02
1.000000e+02, 1.229146e+02
1.000000e+02, 1.231031e+02
1.000000e+02, 1.232926e+02
1.000000e+02, 1.234833e+02
1.000000e+02, 1.236750e+02
1.000000e+02, 1.238678e+02
1.000000e+02, 1.240618e+02
1.000000e+02, 1.242568e+02
1.000000e+02, 1.244530e+02
1.000000e+02, 1.246503e+02
1.000000e+02, 1.248488e+02
1.000000e+02, 1.250484e+02
1.000000e+02, 1.252492e+02
1.000000e+02, 1.254512e+02
1.000000e+02, 1.256543e+02
1.000000e+02, 1.258587e+02
1.000000e+02, 1.260643e+02
1.000000e+02, 1.262711e+02
1.000000e+02, 1.264791e+02
1.000000e+02, 1.266884e+02
1.000000e+02, 1.268990e+02
1.000000e+02, 1.271109e+02
1.000000e+02, 1.273240e+02
1.000000e+02, 1.275384e+02
1.000000e+02, 1.277542e+02
1.000000e+02, 1.279713e+02
1.000000e+02, 1.281897e+02
1.000000e+02, 1.284095e+02
1.000000e+02, 1.286307e+02
1.000000e+02, 1.288532e+02
1.000000e+02, 1.290772e+02
1.000000e+02, 1.293025e+02
1.000000e+02, 1.295294e+02
1.000000e+02, 1.297576e+02
1.000000e+02, 1.299874e+02
1.000000e+02, 1.302186e+02
1.000000e+02, 1.304513e+02
1.000000e+02, 1.306856e+02
1.000000e+02, 1.309214e+02
1.000000e+02, 1.311587e+02
1.000000e+02, 1.313977e+02
1.000000e+02, 1.316382e+02
1.000000e+02, 1.318803e+02
1.000000e+02, 1.321241e+02
1.000000e+02, 1.323696e+02
1.000000e+02, 1.326167e+02
1.000000e+02, 1.328655e+02
1.000000e+02, 1.331161e+02
1.000000e+02, 1.333684e+02
1.000000e+02, 1.336225e+02
1.000000e+02, 1.338784e+02
1.000000e+02, 1.341361e+02
1.000000e+02, 1.343956e+02
1.000000e+02, 1.346570e+02
1.000000e+02, 1.349204e+02
1.000000e+02, 1.351856e+02
1.000000e+02, 1.354528e+02
1.000000e+02, 1.357220e+02
1.000000e+02, 1.359932e+02
1.000000e+02, 1.362665e+02
1.000000e+02, 1.365418e+02
1.000000e+02, 1.368193e+02
1.000000e+02, 1.370989e+02
1.000000e+02, 1.373807e+02
1.000000e+02, 1.376647e+02
1.000000e+02, 1.379509e+02
1.000000e+02, 1.382395e+02
1.000000e+02, 1.385303e+02
1.000000e+02, 1.388236e+02
1.000000e+02, 1.391192e+02
1.000000e+02, 1.394174e+02
1.000000e+02, 1.397180e+02
1.000000e+02, 1.400211e+02
1.000000e+02, 1.403269e+02
1.000000e+02, 1.406353e+02
1.000000e+02, 1.409463e+02
1.000000e+02, 1.412602e+02
1.000000e+02, 1.415768e+02
1.000000e+02, 1.418963e+02
1.000000e+02, 1.422186e+02
1.000000e+02, 1.425440e+02
1.000000e+02, 1.428724e+02
1.000000e+02, 1.432039e+02
1.000000e+02, 1.435386e+02
1.000000e+02, 1.438765e+02
1.000000e+02, 1.442177e+02
1.000000e+02, 1.445622e+02
1.000000e+02, 1.449103e+02
1.000000e+02, 1.452619e+02
1.000000e+02, 1.456171e+02
1.000000e+02, 1.459761e+02
1.000000e+02, 1.463389e+02
1.000000e+02, 1.467055e+02
1.000000e+02, 1.470762e+02
1.000000e+02, 1.474510e+02
1.000000e+02, 1.478301e+02
1.000000e+02, 1.482135e+02
1.000000e+02, 1.486013e+02
1.000000e+02, 1.489938e+02
1.000000e+02, 1.493910e+02
1.000000e+02, 1.497931e+02
1.000000e+02, 1.502002e+02
1.000000e+02, 1.506125e+02
1.000000e+02, 1.510301e+02
1.000000e+02, 1.514533e+02
1.000000e+02, 1.518822e+02
1.000000e+02, 1.523170e+02
1.000000e+02, 1.527580e+02
1.000000e+02, 1.532053e+02
1.000000e+02, 1.536592e+02
1.000000e+02, 1.541199e+02
1.000000e+02, 1.545878e+02
1.000000e+02, 1.550631e+02
1.000000e+02, 1.555461e+02
1.000000e+02, 1.560372e+02
1.000000e+02, 1.565367e+02
1.000000e+02, 1.570450e+02
1.000000e+02, 1.575625e+02
1.000000e+02, 1.580898e+02
1.000000e+02, 1.586272e+02
1.000000e+02, 1.591754e+02
1.000000e+02, 1.597350e+02
1.000000e+02, 1.603065e+02
1.000000e+02, 1.608908e+02
1.000000e+02, 1.614885e+02
1.000000e+02, 1.621007e+02
1.000000e+02, 1.627283e+02
1.000000e+02, 1.633725e+02
1.000000e+02, 1.640344e+02
1.000000e+02, 1.647156e+02
1.000000e+02, 1.654176e+02
1.000000e+02, 1.661424e+02
1.000000e+02, 1.668922e+02
1.000000e+02, 1.676696e+02
1.000000e+02, 1.684776e+02
1.000000e+02, 1.693201e+02
1.000000e+02, 1.702015e+02
1.000000e+02, 1.711275e+02
1.000000e+02, 1.721053e+02
1.000000e+02, 1.731445e+02
1.000000e+02, 1.742577e+02
1.000000e+02, 1.754629e+02
1.000000e+02, 1.767868e+02
1.000000e+02, 1.782728e+02
1.000000e+02, 1.800000e+02
##END= 