##TITLE= /opt/topspin3.0/exp/stan/nmr/lists/wave/user/HypSec_trunc2.84_110
##JCAMP-DX= 5.00 Bruker JCAMP library
##DATA TYPE= Shape Data
##ORIGIN= Bruker BioSpin GmbH
##OWNER= <nmrsu>
##DATE= 15/02/24
##TIME= 16:15:04
##MINX= 1.164538e+01
##MAXX= 9.999960e+01
##MINY= 2.546774e-02
##MAXY= 3.585574e+02
##$SHAPE_EXMODE= Adiabatic
##$SHAPE_TOTROT= 1.800000e+02
##$SHAPE_BWFAC= 1.929340e+02
##$SHAPE_INTEGFAC= 2.356110e-02
##$SHAPE_MODE= 0
##NPOINTS= 1000
##XYPOINTS= (XY..XY)
1.000000e+02, 1.800000e+02
1.000000e+02, 1.780403e+02
1.000000e+02, 1.763543e+02
1.000000e+02, 1.748521e+02
1.000000e+02, 1.734847e+02
1.000000e+02, 1.722216e+02
1.000000e+02, 1.710426e+02
1.000000e+02, 1.699331e+02
1.000000e+02, 1.688824e+02
1.000000e+02, 1.678824e+02
1.000000e+02, 1.669265e+02
1.000000e+02, 1.660097e+02
1.000000e+02, 1.651277e+02
1.000000e+02, 1.642770e+02
1.000000e+02, 1.634546e+02
1.000000e+02, 1.626581e+02
1.000000e+02, 1.618852e+02
1.000000e+02, 1.611342e+02
1.000000e+02, 1.604033e+02
1.000000e+02, 1.596912e+02
1.000000e+02, 1.589966e+02
1.000000e+02, 1.583184e+02
1.000000e+02, 1.576555e+02
1.000000e+02, 1.570070e+02
1.000000e+02, 1.563721e+02
1.000000e+02, 1.557501e+02
1.000000e+02, 1.551403e+02
1.000000e+02, 1.545421e+02
1.000000e+02, 1.539549e+02
1.000000e+02, 1.533781e+02
1.000000e+02, 1.528114e+02
1.000000e+02, 1.522542e+02
1.000000e+02, 1.517062e+02
1.000000e+02, 1.511669e+02
1.000000e+02, 1.506361e+02
1.000000e+02, 1.501133e+02
1.000000e+02, 1.495983e+02
1.000000e+02, 1.490908e+02
1.000000e+02, 1.485905e+02
1.000000e+02, 1.480971e+02
1.000000e+02, 1.476105e+02
1.000000e+02, 1.471303e+02
1.000000e+02, 1.466565e+02
1.000000e+02, 1.461887e+02
1.000000e+02, 1.457267e+02
1.000000e+02, 1.452705e+02
1.000000e+02, 1.448199e+02
1.000000e+02, 1.443746e+02
1.000000e+02, 1.439345e+02
1.000000e+02, 1.434995e+02
1.000000e+02, 1.430694e+02
1.000000e+02, 1.426442e+02
1.000000e+02, 1.422236e+02
1.000000e+02, 1.418075e+02
1.000000e+02, 1.413959e+02
1.000000e+02, 1.409887e+02
1.000000e+02, 1.405856e+02
1.000000e+02, 1.401867e+02
1.000000e+02, 1.397918e+02
1.000000e+02, 1.394008e+02
1.000000e+02, 1.390137e+02
1.000000e+02, 1.386303e+02
1.000000e+02, 1.382506e+02
1.000000e+02, 1.378745e+02
1.000000e+02, 1.375019e+02
1.000000e+02, 1.371327e+02
1.000000e+02, 1.367669e+02
1.000000e+02, 1.364044e+02
1.000000e+02, 1.360452e+02
1.000000e+02, 1.356891e+02
1.000000e+02, 1.353362e+02
1.000000e+02, 1.349863e+02
1.000000e+02, 1.346394e+02
1.000000e+02, 1.342954e+02
1.000000e+02, 1.339543e+02
1.000000e+02, 1.336161e+02
1.000000e+02, 1.332806e+02
1.000000e+02, 1.329479e+02
1.000000e+02, 1.326179e+02
1.000000e+02, 1.322905e+02
1.000000e+02, 1.319657e+02
1.000000e+02, 1.316435e+02
1.000000e+02, 1.313237e+02
1.000000e+02, 1.310065e+02
1.000000e+02, 1.306917e+02
1.000000e+02, 1.303793e+02
1.000000e+02, 1.300692e+02
1.000000e+02, 1.297615e+02
1.000000e+02, 1.294561e+02
1.000000e+02, 1.291529e+02
1.000000e+02, 1.288519e+02
1.000000e+02, 1.285532e+02
1.000000e+02, 1.282565e+02
1.000000e+02, 1.279621e+02
1.000000e+02, 1.276697e+02
1.000000e+02, 1.273793e+02
1.000000e+02, 1.270911e+02
1.000000e+02, 1.268048e+02
1.000000e+02, 1.265205e+02
1.000000e+02, 1.262382e+02
1.000000e+02, 1.259578e+02
1.000000e+02, 1.256793e+02
1.000000e+02, 1.254027e+02
1.000000e+02, 1.251279e+02
1.000000e+02, 1.248550e+02
1.000000e+02, 1.245839e+02
1.000000e+02, 1.243146e+02
1.000000e+02, 1.240471e+02
1.000000e+02, 1.237813e+02
1.000000e+02, 1.235173e+02
1.000000e+02, 1.232549e+02
1.000000e+02, 1.229942e+02
1.000000e+02, 1.227352e+02
1.000000e+02, 1.224779e+02
1.000000e+02, 1.222222e+02
1.000000e+02, 1.219681e+02
1.000000e+02, 1.217155e+02
1.000000e+02, 1.214646e+02
1.000000e+02, 1.212152e+02
1.000000e+02, 1.209674e+02
1.000000e+02, 1.207211e+02
1.000000e+02, 1.204763e+02
1.000000e+02, 1.202330e+02
1.000000e+02, 1.199912e+02
1.000000e+02, 1.197508e+02
1.000000e+02, 1.195119e+02
1.000000e+02, 1.192744e+02
1.000000e+02, 1.190384e+02
1.000000e+02, 1.188037e+02
1.000000e+02, 1.185704e+02
1.000000e+02, 1.183386e+02
1.000000e+02, 1.181080e+02
1.000000e+02, 1.178789e+02
1.000000e+02, 1.176511e+02
1.000000e+02, 1.174246e+02
1.000000e+02, 1.171994e+02
1.000000e+02, 1.169755e+02
1.000000e+02, 1.167529e+02
1.000000e+02, 1.165316e+02
1.000000e+02, 1.163116e+02
1.000000e+02, 1.160928e+02
1.000000e+02, 1.158753e+02
1.000000e+02, 1.156590e+02
1.000000e+02, 1.154439e+02
1.000000e+02, 1.152300e+02
1.000000e+02, 1.150174e+02
1.000000e+02, 1.148059e+02
1.000000e+02, 1.145956e+02
1.000000e+02, 1.143865e+02
1.000000e+02, 1.141785e+02
1.000000e+02, 1.139718e+02
1.000000e+02, 1.137661e+02
1.000000e+02, 1.135616e+02
1.000000e+02, 1.133582e+02
1.000000e+02, 1.131559e+02
1.000000e+02, 1.129548e+02
1.000000e+02, 1.127547e+02
1.000000e+02, 1.125558e+02
1.000000e+02, 1.123579e+02
1.000000e+02, 1.121611e+02
1.000000e+02, 1.119654e+02
1.000000e+02, 1.117707e+02
1.000000e+02, 1.115771e+02
1.000000e+02, 1.113845e+02
1.000000e+02, 1.111929e+02
1.000000e+02, 1.110024e+02
1.000000e+02, 1.108129e+02
1.000000e+02, 1.106244e+02
1.000000e+02, 1.104370e+02
1.000000e+02, 1.102505e+02
1.000000e+02, 1.100650e+02
1.000000e+02, 1.098805e+02
1.000000e+02, 1.096970e+02
1.000000e+02, 1.095145e+02
1.000000e+02, 1.093329e+02
1.000000e+02, 1.091523e+02
1.000000e+02, 1.089726e+02
1.000000e+02, 1.087939e+02
1.000000e+02, 1.086162e+02
1.000000e+02, 1.084393e+02
1.000000e+02, 1.082634e+02
1.000000e+02, 1.080884e+02
1.000000e+02, 1.079144e+02
1.000000e+02, 1.077412e+02
1.000000e+02, 1.075690e+02
1.000000e+02, 1.073976e+02
1.000000e+02, 1.072272e+02
1.000000e+02, 1.070576e+02
1.000000e+02, 1.068889e+02
1.000000e+02, 1.067211e+02
1.000000e+02, 1.065542e+02
1.000000e+02, 1.063881e+02
1.000000e+02, 1.062229e+02
1.000000e+02, 1.060586e+02
1.000000e+02, 1.058951e+02
1.000000e+02, 1.057324e+02
1.000000e+02, 1.055706e+02
1.000000e+02, 1.054097e+02
1.000000e+02, 1.052495e+02
1.000000e+02, 1.050903e+02
1.000000e+02, 1.049318e+02
1.000000e+02, 1.047741e+02
1.000000e+02, 1.046173e+02
1.000000e+02, 1.044612e+02
1.000000e+02, 1.043060e+02
1.000000e+02, 1.041516e+02
1.000000e+02, 1.039980e+02
1.000000e+02, 1.038451e+02
1.000000e+02, 1.036931e+02
1.000000e+02, 1.035418e+02
1.000000e+02, 1.033914e+02
1.000000e+02, 1.032417e+02
1.000000e+02, 1.030927e+02
1.000000e+02, 1.029446e+02
1.000000e+02, 1.027972e+02
1.000000e+02, 1.026506e+02
1.000000e+02, 1.025047e+02
1.000000e+02, 1.023596e+02
1.000000e+02, 1.022152e+02
1.000000e+02, 1.020716e+02
1.000000e+02, 1.019287e+02
1.000000e+02, 1.017865e+02
1.000000e+02, 1.016451e+02
1.000000e+02, 1.015045e+02
1.000000e+02, 1.013645e+02
1.000000e+02, 1.012253e+02
1.000000e+02, 1.010868e+02
1.000000e+02, 1.009490e+02
1.000000e+02, 1.008119e+02
1.000000e+02, 1.006756e+02
1.000000e+02, 1.005399e+02
1.000000e+02, 1.004050e+02
1.000000e+02, 1.002707e+02
1.000000e+02, 1.001372e+02
1.000000e+02, 1.000044e+02
1.000000e+02, 9.987221e+01
1.000000e+02, 9.974075e+01
1.000000e+02, 9.960997e+01
1.000000e+02, 9.947988e+01
1.000000e+02, 9.935047e+01
1.000000e+02, 9.922174e+01
1.000000e+02, 9.909368e+01
1.000000e+02, 9.896629e+01
1.000000e+02, 9.883958e+01
1.000000e+02, 9.871353e+01
1.000000e+02, 9.858814e+01
1.000000e+02, 9.846342e+01
1.000000e+02, 9.833936e+01
1.000000e+02, 9.821595e+01
1.000000e+02, 9.809319e+01
1.000000e+02, 9.797109e+01
1.000000e+02, 9.784963e+01
1.000000e+02, 9.772882e+01
1.000000e+02, 9.760866e+01
1.000000e+02, 9.748913e+01
1.000000e+02, 9.737024e+01
1.000000e+02, 9.725199e+01
1.000000e+02, 9.713437e+01
1.000000e+02, 9.701738e+01
1.000000e+02, 9.690102e+01
1.000000e+02, 9.678529e+01
1.000000e+02, 9.667018e+01
1.000000e+02, 9.655569e+01
1.000000e+02, 9.644182e+01
1.000000e+02, 9.632857e+01
1.000000e+02, 9.621593e+01
1.000000e+02, 9.610391e+01
1.000000e+02, 9.599250e+01
1.000000e+02, 9.588169e+01
1.000000e+02, 9.577150e+01
1.000000e+02, 9.566190e+01
1.000000e+02, 9.555291e+01
1.000000e+02, 9.544452e+01
1.000000e+02, 9.533672e+01
1.000000e+02, 9.522952e+01
1.000000e+02, 9.512292e+01
1.000000e+02, 9.501691e+01
1.000000e+02, 9.491149e+01
1.000000e+02, 9.480665e+01
1.000000e+02, 9.470240e+01
1.000000e+02, 9.459874e+01
1.000000e+02, 9.449566e+01
1.000000e+02, 9.439315e+01
1.000000e+02, 9.429123e+01
1.000000e+02, 9.418989e+01
1.000000e+02, 9.408911e+01
1.000000e+02, 9.398892e+01
1.000000e+02, 9.388929e+01
1.000000e+02, 9.379023e+01
1.000000e+02, 9.369174e+01
1.000000e+02, 9.359382e+01
1.000000e+02, 9.349646e+01
1.000000e+02, 9.339966e+01
1.000000e+02, 9.330343e+01
1.000000e+02, 9.320775e+01
1.000000e+02, 9.311263e+01
1.000000e+02, 9.301807e+01
1.000000e+02, 9.292406e+01
1.000000e+02, 9.283061e+01
1.000000e+02, 9.273770e+01
1.000000e+02, 9.264535e+01
1.000000e+02, 9.255354e+01
1.000000e+02, 9.246228e+01
1.000000e+02, 9.237157e+01
1.000000e+02, 9.228140e+01
1.000000e+02, 9.219177e+01
1.000000e+02, 9.210268e+01
1.000000e+02, 9.201413e+01
1.000000e+02, 9.192612e+01
1.000000e+02, 9.183864e+01
1.000000e+02, 9.175170e+01
1.000000e+02, 9.166530e+01
1.000000e+02, 9.157942e+01
1.000000e+02, 9.149408e+01
1.000000e+02, 9.140926e+01
1.000000e+02, 9.132498e+01
1.000000e+02, 9.124121e+01
1.000000e+02, 9.115798e+01
1.000000e+02, 9.107527e+01
1.000000e+02, 9.099308e+01
1.000000e+02, 9.091141e+01
1.000000e+02, 9.083026e+01
1.000000e+02, 9.074963e+01
1.000000e+02, 9.066952e+01
1.000000e+02, 9.058993e+01
1.000000e+02, 9.051085e+01
1.000000e+02, 9.043228e+01
1.000000e+02, 9.035423e+01
1.000000e+02, 9.027668e+01
1.000000e+02, 9.019965e+01
1.000000e+02, 9.012313e+01
1.000000e+02, 9.004711e+01
1.000000e+02, 8.997160e+01
1.000000e+02, 8.989660e+01
1.000000e+02, 8.982210e+01
1.000000e+02, 8.974811e+01
1.000000e+02, 8.967461e+01
1.000000e+02, 8.960162e+01
1.000000e+02, 8.952913e+01
1.000000e+02, 8.945714e+01
1.000000e+02, 8.938564e+01
1.000000e+02, 8.931464e+01
1.000000e+02, 8.924414e+01
1.000000e+02, 8.917413e+01
1.000000e+02, 8.910462e+01
1.000000e+02, 8.903560e+01
1.000000e+02, 8.896707e+01
1.000000e+02, 8.889903e+01
1.000000e+02, 8.883148e+01
1.000000e+02, 8.876442e+01
1.000000e+02, 8.869785e+01
1.000000e+02, 8.863176e+01
1.000000e+02, 8.856616e+01
1.000000e+02, 8.850105e+01
1.000000e+02, 8.843642e+01
1.000000e+02, 8.837227e+01
1.000000e+02, 8.830860e+01
1.000000e+02, 8.824542e+01
1.000000e+02, 8.818272e+01
1.000000e+02, 8.812049e+01
1.000000e+02, 8.805875e+01
1.000000e+02, 8.799748e+01
1.000000e+02, 8.793669e+01
1.000000e+02, 8.787638e+01
1.000000e+02, 8.781654e+01
1.000000e+02, 8.775717e+01
1.000000e+02, 8.769828e+01
1.000000e+02, 8.763986e+01
1.000000e+02, 8.758192e+01
1.000000e+02, 8.752444e+01
1.000000e+02, 8.746744e+01
1.000000e+02, 8.741090e+01
1.000000e+02, 8.735483e+01
1.000000e+02, 8.729924e+01
1.000000e+02, 8.724411e+01
1.000000e+02, 8.718944e+01
1.000000e+02, 8.713524e+01
1.000000e+02, 8.708151e+01
1.000000e+02, 8.702824e+01
1.000000e+02, 8.697544e+01
1.000000e+02, 8.692309e+01
1.000000e+02, 8.687121e+01
1.000000e+02, 8.681979e+01
1.000000e+02, 8.676884e+01
1.000000e+02, 8.671834e+01
1.000000e+02, 8.666830e+01
1.000000e+02, 8.661872e+01
1.000000e+02, 8.656960e+01
1.000000e+02, 8.652094e+01
1.000000e+02, 8.647273e+01
1.000000e+02, 8.642498e+01
1.000000e+02, 8.637769e+01
1.000000e+02, 8.633085e+01
1.000000e+02, 8.628447e+01
1.000000e+02, 8.623854e+01
1.000000e+02, 8.619306e+01
1.000000e+02, 8.614803e+01
1.000000e+02, 8.610346e+01
1.000000e+02, 8.605934e+01
1.000000e+02, 8.601567e+01
1.000000e+02, 8.597245e+01
1.000000e+02, 8.592968e+01
1.000000e+02, 8.588736e+01
1.000000e+02, 8.584548e+01
1.000000e+02, 8.580406e+01
1.000000e+02, 8.576308e+01
1.000000e+02, 8.572255e+01
1.000000e+02, 8.568247e+01
1.000000e+02, 8.564283e+01
1.000000e+02, 8.560364e+01
1.000000e+02, 8.556490e+01
1.000000e+02, 8.552659e+01
1.000000e+02, 8.548874e+01
1.000000e+02, 8.545132e+01
1.000000e+02, 8.541435e+01
1.000000e+02, 8.537782e+01
1.000000e+02, 8.534174e+01
1.000000e+02, 8.530609e+01
1.000000e+02, 8.527089e+01
1.000000e+02, 8.523613e+01
1.000000e+02, 8.520181e+01
1.000000e+02, 8.516792e+01
1.000000e+02, 8.513448e+01
1.000000e+02, 8.510148e+01
1.000000e+02, 8.506891e+01
1.000000e+02, 8.503679e+01
1.000000e+02, 8.500510e+01
1.000000e+02, 8.497385e+01
1.000000e+02, 8.494304e+01
1.000000e+02, 8.491266e+01
1.000000e+02, 8.488272e+01
1.000000e+02, 8.485321e+01
1.000000e+02, 8.482415e+01
1.000000e+02, 8.479551e+01
1.000000e+02, 8.476731e+01
1.000000e+02, 8.473955e+01
1.000000e+02, 8.471222e+01
1.000000e+02, 8.468533e+01
1.000000e+02, 8.465886e+01
1.000000e+02, 8.463283e+01
1.000000e+02, 8.460724e+01
1.000000e+02, 8.458208e+01
1.000000e+02, 8.455734e+01
1.000000e+02, 8.453305e+01
1.000000e+02, 8.450918e+01
1.000000e+02, 8.448574e+01
1.000000e+02, 8.446274e+01
1.000000e+02, 8.444016e+01
1.000000e+02, 8.441802e+01
1.000000e+02, 8.439631e+01
1.000000e+02, 8.437503e+01
1.000000e+02, 8.435417e+01
1.000000e+02, 8.433375e+01
1.000000e+02, 8.431376e+01
1.000000e+02, 8.429419e+01
1.000000e+02, 8.427505e+01
1.000000e+02, 8.425635e+01
1.000000e+02, 8.423807e+01
1.000000e+02, 8.422022e+01
1.000000e+02, 8.420279e+01
1.000000e+02, 8.418580e+01
1.000000e+02, 8.416923e+01
1.000000e+02, 8.415309e+01
1.000000e+02, 8.413737e+01
1.000000e+02, 8.412209e+01
1.000000e+02, 8.410723e+01
1.000000e+02, 8.409279e+01
1.000000e+02, 8.407879e+01
1.000000e+02, 8.406521e+01
1.000000e+02, 8.405205e+01
1.000000e+02, 8.403932e+01
1.000000e+02, 8.402702e+01
1.000000e+02, 8.401514e+01
1.000000e+02, 8.400369e+01
1.000000e+02, 8.399266e+01
1.000000e+02, 8.398206e+01
1.000000e+02, 8.397188e+01
1.000000e+02, 8.396213e+01
1.000000e+02, 8.395281e+01
1.000000e+02, 8.394390e+01
1.000000e+02, 8.393543e+01
1.000000e+02, 8.392737e+01
1.000000e+02, 8.391974e+01
1.000000e+02, 8.391254e+01
1.000000e+02, 8.390576e+01
1.000000e+02, 8.389940e+01
1.000000e+02, 8.389347e+01
1.000000e+02, 8.388796e+01
1.000000e+02, 8.388288e+01
1.000000e+02, 8.387822e+01
1.000000e+02, 8.387398e+01
1.000000e+02, 8.387017e+01
1.000000e+02, 8.386678e+01
1.000000e+02, 8.386382e+01
1.000000e+02, 8.386128e+01
1.000000e+02, 8.385916e+01
1.000000e+02, 8.385746e+01
1.000000e+02, 8.385619e+01
1.000000e+02, 8.385535e+01
1.000000e+02, 8.385492e+01
1.000000e+02, 8.385492e+01
1.000000e+02, 8.385535e+01
1.000000e+02, 8.385619e+01
1.000000e+02, 8.385746e+01
1.000000e+02, 8.385916e+01
1.000000e+02, 8.386128e+01
1.000000e+02, 8.386382e+01
1.000000e+02, 8.386678e+01
1.000000e+02, 8.387017e+01
1.000000e+02, 8.387398e+01
1.000000e+02, 8.387822e+01
1.000000e+02, 8.388288e+01
1.000000e+02, 8.388796e+01
1.000000e+02, 8.389347e+01
1.000000e+02, 8.389940e+01
1.000000e+02, 8.390576e+01
1.000000e+02, 8.391254e+01
1.000000e+02, 8.391974e+01
1.000000e+02, 8.392737e+01
1.000000e+02, 8.393543e+01
1.000000e+02, 8.394390e+01
1.000000e+02, 8.395281e+01
1.000000e+02, 8.396213e+01
1.000000e+02, 8.397188e+01
1.000000e+02, 8.398206e+01
1.000000e+02, 8.399266e+01
1.000000e+02, 8.400369e+01
1.000000e+02, 8.401514e+01
1.000000e+02, 8.402702e+01
1.000000e+02, 8.403932e+01
1.000000e+02, 8.405205e+01
1.000000e+02, 8.406521e+01
1.000000e+02, 8.407879e+01
1.000000e+02, 8.409279e+01
1.000000e+02, 8.410723e+01
1.000000e+02, 8.412209e+01
1.000000e+02, 8.413737e+01
1.000000e+02, 8.415309e+01
1.000000e+02, 8.416923e+01
1.000000e+02, 8.418580e+01
1.000000e+02, 8.420279e+01
1.000000e+02, 8.422022e+01
1.000000e+02, 8.423807e+01
1.000000e+02, 8.425635e+01
1.000000e+02, 8.427505e+01
1.000000e+02, 8.429419e+01
1.000000e+02, 8.431376e+01
1.000000e+02, 8.433375e+01
1.000000e+02, 8.435417e+01
1.000000e+02, 8.437503e+01
1.000000e+02, 8.439631e+01
1.000000e+02, 8.441802e+01
1.000000e+02, 8.444016e+01
1.000000e+02, 8.446274e+01
1.000000e+02, 8.448574e+01
1.000000e+02, 8.450918e+01
1.000000e+02, 8.453305e+01
1.000000e+02, 8.455734e+01
1.000000e+02, 8.458208e+01
1.000000e+02, 8.460724e+01
1.000000e+02, 8.463283e+01
1.000000e+02, 8.465886e+01
1.000000e+02, 8.468533e+01
1.000000e+02, 8.471222e+01
1.000000e+02, 8.473955e+01
1.000000e+02, 8.476731e+01
1.000000e+02, 8.479551e+01
1.000000e+02, 8.482415e+01
1.000000e+02, 8.485321e+01
1.000000e+02, 8.488272e+01
1.000000e+02, 8.491266e+01
1.000000e+02, 8.494304e+01
1.000000e+02, 8.497385e+01
1.000000e+02, 8.500510e+01
1.000000e+02, 8.503679e+01
1.000000e+02, 8.506891e+01
1.000000e+02, 8.510148e+01
1.000000e+02, 8.513448e+01
1.000000e+02, 8.516792e+01
1.000000e+02, 8.520181e+01
1.000000e+02, 8.523613e+01
1.000000e+02, 8.527089e+01
1.000000e+02, 8.530609e+01
1.000000e+02, 8.534174e+01
1.000000e+02, 8.537782e+01
1.000000e+02, 8.541435e+01
1.000000e+02, 8.545132e+01
1.000000e+02, 8.548874e+01
1.000000e+02, 8.552659e+01
1.000000e+02, 8.556490e+01
1.000000e+02, 8.560364e+01
1.000000e+02, 8.564283e+01
1.000000e+02, 8.568247e+01
1.000000e+02, 8.572255e+01
1.000000e+02, 8.576308e+01
1.000000e+02, 8.580406e+01
1.000000e+02, 8.584548e+01
1.000000e+02, 8.588736e+01
1.000000e+02, 8.592968e+01
1.000000e+02, 8.597245e+01
1.000000e+02, 8.601567e+01
1.000000e+02, 8.605934e+01
1.000000e+02, 8.610346e+01
1.000000e+02, 8.614803e+01
1.000000e+02, 8.619306e+01
1.000000e+02, 8.623854e+01
1.000000e+02, 8.628447e+01
1.000000e+02, 8.633085e+01
1.000000e+02, 8.637769e+01
1.000000e+02, 8.642498e+01
1.000000e+02, 8.647273e+01
1.000000e+02, 8.652094e+01
1.000000e+02, 8.656960e+01
1.000000e+02, 8.661872e+01
1.000000e+02, 8.666830e+01
1.000000e+02, 8.671834e+01
1.000000e+02, 8.676884e+01
1.000000e+02, 8.681979e+01
1.000000e+02, 8.687121e+01
1.000000e+02, 8.692309e+01
1.000000e+02, 8.697544e+01
1.000000e+02, 8.702824e+01
1.000000e+02, 8.708151e+01
1.000000e+02, 8.713524e+01
1.000000e+02, 8.718944e+01
1.000000e+02, 8.724411e+01
1.000000e+02, 8.729924e+01
1.000000e+02, 8.735483e+01
1.000000e+02, 8.741090e+01
1.000000e+02, 8.746744e+01
1.000000e+02, 8.752444e+01
1.000000e+02, 8.758192e+01
1.000000e+02, 8.763986e+01
1.000000e+02, 8.769828e+01
1.000000e+02, 8.775717e+01
1.000000e+02, 8.781654e+01
1.000000e+02, 8.787638e+01
1.000000e+02, 8.793669e+01
1.000000e+02, 8.799748e+01
1.000000e+02, 8.805875e+01
1.000000e+02, 8.812049e+01
1.000000e+02, 8.818272e+01
1.000000e+02, 8.824542e+01
1.000000e+02, 8.830861e+01
1.000000e+02, 8.837227e+01
1.000000e+02, 8.843642e+01
1.000000e+02, 8.850105e+01
1.000000e+02, 8.856616e+01
1.000000e+02, 8.863176e+01
1.000000e+02, 8.869785e+01
1.000000e+02, 8.876442e+01
1.000000e+02, 8.883148e+01
1.000000e+02, 8.889903e+01
1.000000e+02, 8.896707e+01
1.000000e+02, 8.903560e+01
1.000000e+02, 8.910462e+01
1.000000e+02, 8.917413e+01
1.000000e+02, 8.924414e+01
1.000000e+02, 8.931464e+01
1.000000e+02, 8.938564e+01
1.000000e+02, 8.945714e+01
1.000000e+02, 8.952913e+01
1.000000e+02, 8.960162e+01
1.000000e+02, 8.967461e+01
1.000000e+02, 8.974811e+01
1.000000e+02, 8.982210e+01
1.000000e+02, 8.989660e+01
1.000000e+02, 8.997160e+01
1.000000e+02, 9.004711e+01
1.000000e+02, 9.012313e+01
1.000000e+02, 9.019965e+01
1.000000e+02, 9.027668e+01
1.000000e+02, 9.035423e+01
1.000000e+02, 9.043228e+01
1.000000e+02, 9.051085e+01
1.000000e+02, 9.058993e+01
1.000000e+02, 9.066952e+01
1.000000e+02, 9.074963e+01
1.000000e+02, 9.083026e+01
1.000000e+02, 9.091141e+01
1.000000e+02, 9.099308e+01
1.000000e+02, 9.107527e+01
1.000000e+02, 9.115798e+01
1.000000e+02, 9.124121e+01
1.000000e+02, 9.132498e+01
1.000000e+02, 9.140926e+01
1.000000e+02, 9.149408e+01
1.000000e+02, 9.157942e+01
1.000000e+02, 9.166530e+01
1.000000e+02, 9.175170e+01
1.000000e+02, 9.183865e+01
1.000000e+02, 9.192612e+01
1.000000e+02, 9.201413e+01
1.000000e+02, 9.210268e+01
1.000000e+02, 9.219177e+01
1.000000e+02, 9.228140e+01
1.000000e+02, 9.237157e+01
1.000000e+02, 9.246228e+01
1.000000e+02, 9.255354e+01
1.000000e+02, 9.264535e+01
1.000000e+02, 9.273770e+01
1.000000e+02, 9.283061e+01
1.000000e+02, 9.292406e+01
1.000000e+02, 9.301807e+01
1.000000e+02, 9.311263e+01
1.000000e+02, 9.320775e+01
1.000000e+02, 9.330343e+01
1.000000e+02, 9.339966e+01
1.000000e+02, 9.349646e+01
1.000000e+02, 9.359382e+01
1.000000e+02, 9.369174e+01
1.000000e+02, 9.379023e+01
1.000000e+02, 9.388929e+01
1.000000e+02, 9.398892e+01
1.000000e+02, 9.408911e+01
1.000000e+02, 9.418989e+01
1.000000e+02, 9.429123e+01
1.000000e+02, 9.439316e+01
1.000000e+02, 9.449566e+01
1.000000e+02, 9.459874e+01
1.000000e+02, 9.470240e+01
1.000000e+02, 9.480665e+01
1.000000e+02, 9.491149e+01
1.000000e+02, 9.501691e+01
1.000000e+02, 9.512292e+01
1.000000e+02, 9.522952e+01
1.000000e+02, 9.533672e+01
1.000000e+02, 9.544452e+01
1.000000e+02, 9.555291e+01
1.000000e+02, 9.566190e+01
1.000000e+02, 9.577150e+01
1.000000e+02, 9.588169e+01
1.000000e+02, 9.599250e+01
1.000000e+02, 9.610391e+01
1.000000e+02, 9.621594e+01
1.000000e+02, 9.632857e+01
1.000000e+02, 9.644182e+01
1.000000e+02, 9.655569e+01
1.000000e+02, 9.667018e+01
1.000000e+02, 9.678529e+01
1.000000e+02, 9.690102e+01
1.000000e+02, 9.701738e+01
1.000000e+02, 9.713437e+01
1.000000e+02, 9.725199e+01
1.000000e+02, 9.737024e+01
1.000000e+02, 9.748913e+01
1.000000e+02, 9.760866e+01
1.000000e+02, 9.772882e+01
1.000000e+02, 9.784963e+01
1.000000e+02, 9.797109e+01
1.000000e+02, 9.809319e+01
1.000000e+02, 9.821595e+01
1.000000e+02, 9.833936e+01
1.000000e+02, 9.846342e+01
1.000000e+02, 9.858815e+01
1.000000e+02, 9.871353e+01
1.000000e+02, 9.883958e+01
1.000000e+02, 9.896629e+01
1.000000e+02, 9.909368e+01
1.000000e+02, 9.922174e+01
1.000000e+02, 9.935047e+01
1.000000e+02, 9.947988e+01
1.000000e+02, 9.960997e+01
1.000000e+02, 9.974075e+01
1.000000e+02, 9.987221e+01
1.000000e+02, 1.000044e+02
1.000000e+02, 1.001372e+02
1.000000e+02, 1.002707e+02
1.000000e+02, 1.004050e+02
1.000000e+02, 1.005399e+02
1.000000e+02, 1.006756e+02
1.000000e+02, 1.008119e+02
1.000000e+02, 1.009490e+02
1.000000e+02, 1.010868e+02
1.000000e+02, 1.012253e+02
1.000000e+02, 1.013645e+02
1.000000e+02, 1.015045e+02
1.000000e+02, 1.016451e+02
1.000000e+02, 1.017865e+02
1.000000e+02, 1.019287e+02
1.000000e+02, 1.020716e+02
1.000000e+02, 1.022152e+02
1.000000e+02, 1.023596e+02
1.000000e+02, 1.025047e+02
1.000000e+02, 1.026506e+02
1.000000e+02, 1.027972e+02
1.000000e+02, 1.029446e+02
1.000000e+02, 1.030927e+02
1.000000e+02, 1.032417e+02
1.000000e+02, 1.033914e+02
1.000000e+02, 1.035418e+02
1.000000e+02, 1.036931e+02
1.000000e+02, 1.038451e+02
1.000000e+02, 1.039980e+02
1.000000e+02, 1.041516e+02
1.000000e+02, 1.043060e+02
1.000000e+02, 1.044613e+02
1.000000e+02, 1.046173e+02
1.000000e+02, 1.047741e+02
1.000000e+02, 1.049318e+02
1.000000e+02, 1.050903e+02
1.000000e+02, 1.052496e+02
1.000000e+02, 1.054097e+02
1.000000e+02, 1.055706e+02
1.000000e+02, 1.057324e+02
1.000000e+02, 1.058951e+02
1.000000e+02, 1.060586e+02
1.000000e+02, 1.062229e+02
1.000000e+02, 1.063881e+02
1.000000e+02, 1.065542e+02
1.000000e+02, 1.067211e+02
1.000000e+02, 1.068889e+02
1.000000e+02, 1.070576e+02
1.000000e+02, 1.072272e+02
1.000000e+02, 1.073976e+02
1.000000e+02, 1.075690e+02
1.000000e+02, 1.077412e+02
1.000000e+02, 1.079144e+02
1.000000e+02, 1.080884e+02
1.000000e+02, 1.082634e+02
1.000000e+02, 1.084393e+02
1.000000e+02, 1.086162e+02
1.000000e+02, 1.087939e+02
1.000000e+02, 1.089726e+02
1.000000e+02, 1.091523e+02
1.000000e+02, 1.093329e+02
1.000000e+02, 1.095145e+02
1.000000e+02, 1.096970e+02
1.000000e+02, 1.098805e+02
1.000000e+02, 1.100650e+02
1.000000e+02, 1.102505e+02
1.000000e+02, 1.104370e+02
1.000000e+02, 1.106244e+02
1.000000e+02, 1.108129e+02
1.000000e+02, 1.110024e+02
1.000000e+02, 1.111929e+02
1.000000e+02, 1.113845e+02
1.000000e+02, 1.115771e+02
1.000000e+02, 1.117707e+02
1.000000e+02, 1.119654e+02
1.000000e+02, 1.121611e+02
1.000000e+02, 1.123579e+02
1.000000e+02, 1.125558e+02
1.000000e+02, 1.127547e+02
1.000000e+02, 1.129548e+02
1.000000e+02, 1.131559e+02
1.000000e+02, 1.133582e+02
1.000000e+02, 1.135616e+02
1.000000e+02, 1.137661e+02
1.000000e+02, 1.139718e+02
1.000000e+02, 1.141785e+02
1.000000e+02, 1.143865e+02
1.000000e+02, 1.145956e+02
1.000000e+02, 1.148059e+02
1.000000e+02, 1.150174e+02
1.000000e+02, 1.152300e+02
1.000000e+02, 1.154439e+02
1.000000e+02, 1.156590e+02
1.000000e+02, 1.158753e+02
1.000000e+02, 1.160928e+02
1.000000e+02, 1.163116e+02
1.000000e+02, 1.165316e+02
1.000000e+02, 1.167529e+02
1.000000e+02, 1.169755e+02
1.000000e+02, 1.171994e+02
1.000000e+02, 1.174246e+02
1.000000e+02, 1.176511e+02
1.000000e+02, 1.178789e+02
1.000000e+02, 1.181080e+02
1.000000e+02, 1.183386e+02
1.000000e+02, 1.185704e+02
1.000000e+02, 1.188037e+02
1.000000e+02, 1.190384e+02
1.000000e+02, 1.192744e+02
1.000000e+02, 1.195119e+02
1.000000e+02, 1.197508e+02
1.000000e+02, 1.199912e+02
1.000000e+02, 1.202330e+02
1.000000e+02, 1.204763e+02
1.000000e+02, 1.207211e+02
1.000000e+02, 1.209674e+02
1.000000e+02, 1.212152e+02
1.000000e+02, 1.214646e+02
1.000000e+02, 1.217156e+02
1.000000e+02, 1.219681e+02
1.000000e+02, 1.222222e+02
1.000000e+02, 1.224779e+02
1.000000e+02, 1.227352e+02
1.000000e+02, 1.229942e+02
1.000000e+02, 1.232549e+02
1.000000e+02, 1.235173e+02
1.000000e+02, 1.237813e+02
1.000000e+02, 1.240471e+02
1.000000e+02, 1.243146e+02
1.000000e+02, 1.245839e+02
1.000000e+02, 1.248550e+02
1.000000e+02, 1.251279e+02
1.000000e+02, 1.254027e+02
1.000000e+02, 1.256793e+02
1.000000e+02, 1.259578e+02
1.000000e+02, 1.262382e+02
1.000000e+02, 1.265205e+02
1.000000e+02, 1.268048e+02
1.000000e+02, 1.270911e+02
1.000000e+02, 1.273793e+02
1.000000e+02, 1.276697e+02
1.000000e+02, 1.279621e+02
1.000000e+02, 1.282566e+02
1.000000e+02, 1.285532e+02
1.000000e+02, 1.288519e+02
1.000000e+02, 1.291529e+02
1.000000e+02, 1.294561e+02
1.000000e+02, 1.297615e+02
1.000000e+02, 1.300692e+02
1.000000e+02, 1.303793e+02
1.000000e+02, 1.306917e+02
1.000000e+02, 1.310065e+02
1.000000e+02, 1.313237e+02
1.000000e+02, 1.316435e+02
1.000000e+02, 1.319657e+02
1.000000e+02, 1.322905e+02
1.000000e+02, 1.326179e+02
1.000000e+02, 1.329479e+02
1.000000e+02, 1.332806e+02
1.000000e+02, 1.336161e+02
1.000000e+02, 1.339543e+02
1.000000e+02, 1.342954e+02
1.000000e+02, 1.346394e+02
1.000000e+02, 1.349863e+02
1.000000e+02, 1.353362e+02
1.000000e+02, 1.356891e+02
1.000000e+02, 1.360452e+02
1.000000e+02, 1.364044e+02
1.000000e+02, 1.367669e+02
1.000000e+02, 1.371327e+02
1.000000e+02, 1.375019e+02
1.000000e+02, 1.378745e+02
1.000000e+02, 1.382506e+02
1.000000e+02, 1.386303e+02
1.000000e+02, 1.390137e+02
1.000000e+02, 1.394008e+02
1.000000e+02, 1.397918e+02
1.000000e+02, 1.401867e+02
1.000000e+02, 1.405856e+02
1.000000e+02, 1.409887e+02
1.000000e+02, 1.413959e+02
1.000000e+02, 1.418075e+02
1.000000e+02, 1.422236e+02
1.000000e+02, 1.426442e+02
1.000000e+02, 1.430694e+02
1.000000e+02, 1.434995e+02
1.000000e+02, 1.439345e+02
1.000000e+02, 1.443746e+02
1.000000e+02, 1.448199e+02
1.000000e+02, 1.452705e+02
1.000000e+02, 1.457268e+02
1.000000e+02, 1.461887e+02
1.000000e+02, 1.466565e+02
1.000000e+02, 1.471303e+02
1.000000e+02, 1.476105e+02
1.000000e+02, 1.480971e+02
1.000000e+02, 1.485905e+02
1.000000e+02, 1.490908e+02
1.000000e+02, 1.495983e+02
1.000000e+02, 1.501133e+02
1.000000e+02, 1.506361e+02
1.000000e+02, 1.511669e+02
1.000000e+02, 1.517062e+02
1.000000e+02, 1.522542e+02
1.000000e+02, 1.528114e+02
1.000000e+02, 1.533781e+02
1.000000e+02, 1.539549e+02
1.000000e+02, 1.545421e+02
1.000000e+02, 1.551403e+02
1.000000e+02, 1.557501e+02
1.000000e+02, 1.563721e+02
1.000000e+02, 1.570070e+02
1.000000e+02, 1.576555e+02
1.000000e+02, 1.583184e+02
1.000000e+02, 1.589966e+02
1.000000e+02, 1.596912e+02
1.000000e+02, 1.604033e+02
1.000000e+02, 1.611342e+02
1.000000e+02, 1.618852e+02
1.000000e+02, 1.626581e+02
1.000000e+02, 1.634546e+02
1.000000e+02, 1.642770e+02
1.000000e+02, 1.651277e+02
1.000000e+02, 1.660097e+02
1.000000e+02, 1.669265e+02
1.000000e+02, 1.678824e+02
1.000000e+02, 1.688824e+02
1.000000e+02, 1.699331e+02
1.000000e+02, 1.710426e+02
1.000000e+02, 1.722216e+02
1.000000e+02, 1.734847e+02
1.000000e+02, 1.748521e+02
1.000000e+02, 1.763543e+02
1.000000e+02, 1.780403e+02
1.000000e+02, 1.800000e+02
##END= 