##TITLE= /opt/topspin3.0/exp/stan/nmr/lists/wave/user/HypSec_trunc2.84_110
##JCAMP-DX= 5.00 Bruker JCAMP library
##DATA TYPE= Shape Data
##ORIGIN= Bruker BioSpin GmbH
##OWNER= <nmrsu>
##DATE= 15/02/24
##TIME= 16:15:04
##MINX= 1.164538e+01
##MAXX= 9.999960e+01
##MINY= 2.546774e-02
##MAXY= 3.585574e+02
##$SHAPE_EXMODE= Adiabatic
##$SHAPE_TOTROT= 1.800000e+02
##$SHAPE_BWFAC= 1.929340e+02
##$SHAPE_INTEGFAC= 2.356110e-02
##$SHAPE_MODE= 0
##NPOINTS= 100
##XYPOINTS= (XY..XY)
1.000000e+02, 1.800000e+02
1.000000e+02, 1.758162e+02
1.000000e+02, 1.736066e+02
1.000000e+02, 1.719066e+02
1.000000e+02, 1.704832e+02
1.000000e+02, 1.692430e+02
1.000000e+02, 1.681365e+02
1.000000e+02, 1.671340e+02
1.000000e+02, 1.662157e+02
1.000000e+02, 1.653677e+02
1.000000e+02, 1.645799e+02
1.000000e+02, 1.638444e+02
1.000000e+02, 1.631552e+02
1.000000e+02, 1.625073e+02
1.000000e+02, 1.618968e+02
1.000000e+02, 1.613205e+02
1.000000e+02, 1.607754e+02
1.000000e+02, 1.602594e+02
1.000000e+02, 1.597704e+02
1.000000e+02, 1.593066e+02
1.000000e+02, 1.588666e+02
1.000000e+02, 1.584490e+02
1.000000e+02, 1.580527e+02
1.000000e+02, 1.576766e+02
1.000000e+02, 1.573198e+02
1.000000e+02, 1.569816e+02
1.000000e+02, 1.566610e+02
1.000000e+02, 1.563576e+02
1.000000e+02, 1.560706e+02
1.000000e+02, 1.557996e+02
1.000000e+02, 1.555441e+02
1.000000e+02, 1.553036e+02
1.000000e+02, 1.550778e+02
1.000000e+02, 1.548662e+02
1.000000e+02, 1.546685e+02
1.000000e+02, 1.544845e+02
1.000000e+02, 1.543138e+02
1.000000e+02, 1.541562e+02
1.000000e+02, 1.540116e+02
1.000000e+02, 1.538797e+02
1.000000e+02, 1.537603e+02
1.000000e+02, 1.536532e+02
1.000000e+02, 1.535584e+02
1.000000e+02, 1.534757e+02
1.000000e+02, 1.534050e+02
1.000000e+02, 1.533462e+02
1.000000e+02, 1.532993e+02
1.000000e+02, 1.532641e+02
1.000000e+02, 1.532407e+02
1.000000e+02, 1.532290e+02
1.000000e+02, 1.532290e+02
1.000000e+02, 1.532407e+02
1.000000e+02, 1.532641e+02
1.000000e+02, 1.532993e+02
1.000000e+02, 1.533462e+02
1.000000e+02, 1.534050e+02
1.000000e+02, 1.534757e+02
1.000000e+02, 1.535584e+02
1.000000e+02, 1.536532e+02
1.000000e+02, 1.537603e+02
1.000000e+02, 1.538797e+02
1.000000e+02, 1.540116e+02
1.000000e+02, 1.541562e+02
1.000000e+02, 1.543138e+02
1.000000e+02, 1.544845e+02
1.000000e+02, 1.546685e+02
1.000000e+02, 1.548662e+02
1.000000e+02, 1.550778e+02
1.000000e+02, 1.553036e+02
1.000000e+02, 1.555441e+02
1.000000e+02, 1.557996e+02
1.000000e+02, 1.560706e+02
1.000000e+02, 1.563576e+02
1.000000e+02, 1.566610e+02
1.000000e+02, 1.569816e+02
1.000000e+02, 1.573198e+02
1.000000e+02, 1.576766e+02
1.000000e+02, 1.580527e+02
1.000000e+02, 1.584490e+02
1.000000e+02, 1.588666e+02
1.000000e+02, 1.593066e+02
1.000000e+02, 1.597704e+02
1.000000e+02, 1.602594e+02
1.000000e+02, 1.607754e+02
1.000000e+02, 1.613205e+02
1.000000e+02, 1.618968e+02
1.000000e+02, 1.625073e+02
1.000000e+02, 1.631552e+02
1.000000e+02, 1.638444e+02
1.000000e+02, 1.645799e+02
1.000000e+02, 1.653678e+02
1.000000e+02, 1.662157e+02
1.000000e+02, 1.671340e+02
1.000000e+02, 1.681365e+02
1.000000e+02, 1.692430e+02
1.000000e+02, 1.704832e+02
1.000000e+02, 1.719066e+02
1.000000e+02, 1.736066e+02
1.000000e+02, 1.758162e+02
1.000000e+02, 1.800000e+02
##END= 