##TITLE= /opt/topspin3.0/exp/stan/nmr/lists/wave/user/HypSec_trunc2.84_110
##JCAMP-DX= 5.00 Bruker JCAMP library
##DATA TYPE= Shape Data
##ORIGIN= Bruker BioSpin GmbH
##OWNER= <nmrsu>
##DATE= 15/02/24
##TIME= 16:15:04
##MINX= 1.164538e+01
##MAXX= 9.999960e+01
##MINY= 2.546774e-02
##MAXY= 3.585574e+02
##$SHAPE_EXMODE= Adiabatic
##$SHAPE_TOTROT= 1.800000e+02
##$SHAPE_BWFAC= 1.929340e+02
##$SHAPE_INTEGFAC= 2.356110e-02
##$SHAPE_MODE= 0
##NPOINTS= 500
##XYPOINTS= (XY..XY)
1.000000e+02, 1.800000e+02
1.000000e+02, 1.768574e+02
1.000000e+02, 1.744082e+02
1.000000e+02, 1.723302e+02
1.000000e+02, 1.704945e+02
1.000000e+02, 1.688336e+02
1.000000e+02, 1.673066e+02
1.000000e+02, 1.658868e+02
1.000000e+02, 1.645552e+02
1.000000e+02, 1.632981e+02
1.000000e+02, 1.621048e+02
1.000000e+02, 1.609672e+02
1.000000e+02, 1.598788e+02
1.000000e+02, 1.588341e+02
1.000000e+02, 1.578287e+02
1.000000e+02, 1.568590e+02
1.000000e+02, 1.559218e+02
1.000000e+02, 1.550143e+02
1.000000e+02, 1.541343e+02
1.000000e+02, 1.532797e+02
1.000000e+02, 1.524487e+02
1.000000e+02, 1.516397e+02
1.000000e+02, 1.508514e+02
1.000000e+02, 1.500825e+02
1.000000e+02, 1.493317e+02
1.000000e+02, 1.485983e+02
1.000000e+02, 1.478811e+02
1.000000e+02, 1.471793e+02
1.000000e+02, 1.464923e+02
1.000000e+02, 1.458192e+02
1.000000e+02, 1.451595e+02
1.000000e+02, 1.445125e+02
1.000000e+02, 1.438777e+02
1.000000e+02, 1.432546e+02
1.000000e+02, 1.426427e+02
1.000000e+02, 1.420415e+02
1.000000e+02, 1.414508e+02
1.000000e+02, 1.408700e+02
1.000000e+02, 1.402988e+02
1.000000e+02, 1.397369e+02
1.000000e+02, 1.391840e+02
1.000000e+02, 1.386398e+02
1.000000e+02, 1.381039e+02
1.000000e+02, 1.375762e+02
1.000000e+02, 1.370564e+02
1.000000e+02, 1.365442e+02
1.000000e+02, 1.360395e+02
1.000000e+02, 1.355419e+02
1.000000e+02, 1.350514e+02
1.000000e+02, 1.345677e+02
1.000000e+02, 1.340907e+02
1.000000e+02, 1.336201e+02
1.000000e+02, 1.331558e+02
1.000000e+02, 1.326977e+02
1.000000e+02, 1.322456e+02
1.000000e+02, 1.317993e+02
1.000000e+02, 1.313588e+02
1.000000e+02, 1.309239e+02
1.000000e+02, 1.304944e+02
1.000000e+02, 1.300703e+02
1.000000e+02, 1.296514e+02
1.000000e+02, 1.292377e+02
1.000000e+02, 1.288289e+02
1.000000e+02, 1.284251e+02
1.000000e+02, 1.280261e+02
1.000000e+02, 1.276318e+02
1.000000e+02, 1.272421e+02
1.000000e+02, 1.268570e+02
1.000000e+02, 1.264764e+02
1.000000e+02, 1.261001e+02
1.000000e+02, 1.257282e+02
1.000000e+02, 1.253604e+02
1.000000e+02, 1.249968e+02
1.000000e+02, 1.246373e+02
1.000000e+02, 1.242819e+02
1.000000e+02, 1.239303e+02
1.000000e+02, 1.235827e+02
1.000000e+02, 1.232388e+02
1.000000e+02, 1.228988e+02
1.000000e+02, 1.225624e+02
1.000000e+02, 1.222297e+02
1.000000e+02, 1.219006e+02
1.000000e+02, 1.215750e+02
1.000000e+02, 1.212529e+02
1.000000e+02, 1.209343e+02
1.000000e+02, 1.206191e+02
1.000000e+02, 1.203072e+02
1.000000e+02, 1.199986e+02
1.000000e+02, 1.196932e+02
1.000000e+02, 1.193911e+02
1.000000e+02, 1.190921e+02
1.000000e+02, 1.187963e+02
1.000000e+02, 1.185036e+02
1.000000e+02, 1.182139e+02
1.000000e+02, 1.179273e+02
1.000000e+02, 1.176436e+02
1.000000e+02, 1.173628e+02
1.000000e+02, 1.170850e+02
1.000000e+02, 1.168101e+02
1.000000e+02, 1.165380e+02
1.000000e+02, 1.162687e+02
1.000000e+02, 1.160022e+02
1.000000e+02, 1.157384e+02
1.000000e+02, 1.154774e+02
1.000000e+02, 1.152190e+02
1.000000e+02, 1.149633e+02
1.000000e+02, 1.147103e+02
1.000000e+02, 1.144598e+02
1.000000e+02, 1.142120e+02
1.000000e+02, 1.139667e+02
1.000000e+02, 1.137239e+02
1.000000e+02, 1.134836e+02
1.000000e+02, 1.132458e+02
1.000000e+02, 1.130105e+02
1.000000e+02, 1.127776e+02
1.000000e+02, 1.125472e+02
1.000000e+02, 1.123191e+02
1.000000e+02, 1.120934e+02
1.000000e+02, 1.118700e+02
1.000000e+02, 1.116490e+02
1.000000e+02, 1.114303e+02
1.000000e+02, 1.112139e+02
1.000000e+02, 1.109997e+02
1.000000e+02, 1.107878e+02
1.000000e+02, 1.105782e+02
1.000000e+02, 1.103707e+02
1.000000e+02, 1.101655e+02
1.000000e+02, 1.099624e+02
1.000000e+02, 1.097616e+02
1.000000e+02, 1.095628e+02
1.000000e+02, 1.093662e+02
1.000000e+02, 1.091717e+02
1.000000e+02, 1.089793e+02
1.000000e+02, 1.087890e+02
1.000000e+02, 1.086008e+02
1.000000e+02, 1.084146e+02
1.000000e+02, 1.082305e+02
1.000000e+02, 1.080484e+02
1.000000e+02, 1.078683e+02
1.000000e+02, 1.076902e+02
1.000000e+02, 1.075141e+02
1.000000e+02, 1.073400e+02
1.000000e+02, 1.071678e+02
1.000000e+02, 1.069976e+02
1.000000e+02, 1.068293e+02
1.000000e+02, 1.066630e+02
1.000000e+02, 1.064986e+02
1.000000e+02, 1.063360e+02
1.000000e+02, 1.061754e+02
1.000000e+02, 1.060167e+02
1.000000e+02, 1.058598e+02
1.000000e+02, 1.057048e+02
1.000000e+02, 1.055516e+02
1.000000e+02, 1.054003e+02
1.000000e+02, 1.052508e+02
1.000000e+02, 1.051031e+02
1.000000e+02, 1.049572e+02
1.000000e+02, 1.048132e+02
1.000000e+02, 1.046709e+02
1.000000e+02, 1.045304e+02
1.000000e+02, 1.043917e+02
1.000000e+02, 1.042547e+02
1.000000e+02, 1.041195e+02
1.000000e+02, 1.039861e+02
1.000000e+02, 1.038544e+02
1.000000e+02, 1.037244e+02
1.000000e+02, 1.035961e+02
1.000000e+02, 1.034696e+02
1.000000e+02, 1.033448e+02
1.000000e+02, 1.032216e+02
1.000000e+02, 1.031002e+02
1.000000e+02, 1.029805e+02
1.000000e+02, 1.028624e+02
1.000000e+02, 1.027460e+02
1.000000e+02, 1.026313e+02
1.000000e+02, 1.025182e+02
1.000000e+02, 1.024068e+02
1.000000e+02, 1.022970e+02
1.000000e+02, 1.021889e+02
1.000000e+02, 1.020824e+02
1.000000e+02, 1.019775e+02
1.000000e+02, 1.018742e+02
1.000000e+02, 1.017726e+02
1.000000e+02, 1.016726e+02
1.000000e+02, 1.015742e+02
1.000000e+02, 1.014773e+02
1.000000e+02, 1.013821e+02
1.000000e+02, 1.012885e+02
1.000000e+02, 1.011964e+02
1.000000e+02, 1.011059e+02
1.000000e+02, 1.010170e+02
1.000000e+02, 1.009297e+02
1.000000e+02, 1.008440e+02
1.000000e+02, 1.007597e+02
1.000000e+02, 1.006771e+02
1.000000e+02, 1.005960e+02
1.000000e+02, 1.005164e+02
1.000000e+02, 1.004384e+02
1.000000e+02, 1.003620e+02
1.000000e+02, 1.002870e+02
1.000000e+02, 1.002136e+02
1.000000e+02, 1.001417e+02
1.000000e+02, 1.000714e+02
1.000000e+02, 1.000026e+02
1.000000e+02, 9.993524e+01
1.000000e+02, 9.986944e+01
1.000000e+02, 9.980514e+01
1.000000e+02, 9.974235e+01
1.000000e+02, 9.968106e+01
1.000000e+02, 9.962127e+01
1.000000e+02, 9.956298e+01
1.000000e+02, 9.950619e+01
1.000000e+02, 9.945088e+01
1.000000e+02, 9.939706e+01
1.000000e+02, 9.934473e+01
1.000000e+02, 9.929388e+01
1.000000e+02, 9.924451e+01
1.000000e+02, 9.919662e+01
1.000000e+02, 9.915021e+01
1.000000e+02, 9.910526e+01
1.000000e+02, 9.906179e+01
1.000000e+02, 9.901979e+01
1.000000e+02, 9.897926e+01
1.000000e+02, 9.894019e+01
1.000000e+02, 9.890258e+01
1.000000e+02, 9.886644e+01
1.000000e+02, 9.883175e+01
1.000000e+02, 9.879852e+01
1.000000e+02, 9.876675e+01
1.000000e+02, 9.873643e+01
1.000000e+02, 9.870757e+01
1.000000e+02, 9.868016e+01
1.000000e+02, 9.865419e+01
1.000000e+02, 9.862968e+01
1.000000e+02, 9.860662e+01
1.000000e+02, 9.858500e+01
1.000000e+02, 9.856483e+01
1.000000e+02, 9.854610e+01
1.000000e+02, 9.852882e+01
1.000000e+02, 9.851298e+01
1.000000e+02, 9.849858e+01
1.000000e+02, 9.848562e+01
1.000000e+02, 9.847411e+01
1.000000e+02, 9.846403e+01
1.000000e+02, 9.845540e+01
1.000000e+02, 9.844821e+01
1.000000e+02, 9.844245e+01
1.000000e+02, 9.843813e+01
1.000000e+02, 9.843526e+01
1.000000e+02, 9.843382e+01
1.000000e+02, 9.843382e+01
1.000000e+02, 9.843526e+01
1.000000e+02, 9.843813e+01
1.000000e+02, 9.844245e+01
1.000000e+02, 9.844821e+01
1.000000e+02, 9.845540e+01
1.000000e+02, 9.846403e+01
1.000000e+02, 9.847411e+01
1.000000e+02, 9.848562e+01
1.000000e+02, 9.849858e+01
1.000000e+02, 9.851298e+01
1.000000e+02, 9.852882e+01
1.000000e+02, 9.854610e+01
1.000000e+02, 9.856483e+01
1.000000e+02, 9.858500e+01
1.000000e+02, 9.860662e+01
1.000000e+02, 9.862968e+01
1.000000e+02, 9.865419e+01
1.000000e+02, 9.868016e+01
1.000000e+02, 9.870757e+01
1.000000e+02, 9.873643e+01
1.000000e+02, 9.876675e+01
1.000000e+02, 9.879852e+01
1.000000e+02, 9.883175e+01
1.000000e+02, 9.886644e+01
1.000000e+02, 9.890258e+01
1.000000e+02, 9.894019e+01
1.000000e+02, 9.897926e+01
1.000000e+02, 9.901979e+01
1.000000e+02, 9.906179e+01
1.000000e+02, 9.910526e+01
1.000000e+02, 9.915021e+01
1.000000e+02, 9.919662e+01
1.000000e+02, 9.924451e+01
1.000000e+02, 9.929388e+01
1.000000e+02, 9.934473e+01
1.000000e+02, 9.939706e+01
1.000000e+02, 9.945088e+01
1.000000e+02, 9.950619e+01
1.000000e+02, 9.956298e+01
1.000000e+02, 9.962127e+01
1.000000e+02, 9.968106e+01
1.000000e+02, 9.974235e+01
1.000000e+02, 9.980514e+01
1.000000e+02, 9.986944e+01
1.000000e+02, 9.993524e+01
1.000000e+02, 1.000026e+02
1.000000e+02, 1.000714e+02
1.000000e+02, 1.001418e+02
1.000000e+02, 1.002136e+02
1.000000e+02, 1.002870e+02
1.000000e+02, 1.003620e+02
1.000000e+02, 1.004384e+02
1.000000e+02, 1.005164e+02
1.000000e+02, 1.005960e+02
1.000000e+02, 1.006771e+02
1.000000e+02, 1.007597e+02
1.000000e+02, 1.008440e+02
1.000000e+02, 1.009297e+02
1.000000e+02, 1.010170e+02
1.000000e+02, 1.011059e+02
1.000000e+02, 1.011964e+02
1.000000e+02, 1.012885e+02
1.000000e+02, 1.013821e+02
1.000000e+02, 1.014773e+02
1.000000e+02, 1.015742e+02
1.000000e+02, 1.016726e+02
1.000000e+02, 1.017726e+02
1.000000e+02, 1.018742e+02
1.000000e+02, 1.019775e+02
1.000000e+02, 1.020824e+02
1.000000e+02, 1.021889e+02
1.000000e+02, 1.022970e+02
1.000000e+02, 1.024068e+02
1.000000e+02, 1.025182e+02
1.000000e+02, 1.026313e+02
1.000000e+02, 1.027460e+02
1.000000e+02, 1.028624e+02
1.000000e+02, 1.029805e+02
1.000000e+02, 1.031002e+02
1.000000e+02, 1.032216e+02
1.000000e+02, 1.033448e+02
1.000000e+02, 1.034696e+02
1.000000e+02, 1.035961e+02
1.000000e+02, 1.037244e+02
1.000000e+02, 1.038544e+02
1.000000e+02, 1.039861e+02
1.000000e+02, 1.041195e+02
1.000000e+02, 1.042547e+02
1.000000e+02, 1.043917e+02
1.000000e+02, 1.045304e+02
1.000000e+02, 1.046709e+02
1.000000e+02, 1.048132e+02
1.000000e+02, 1.049572e+02
1.000000e+02, 1.051031e+02
1.000000e+02, 1.052508e+02
1.000000e+02, 1.054003e+02
1.000000e+02, 1.055516e+02
1.000000e+02, 1.057048e+02
1.000000e+02, 1.058598e+02
1.000000e+02, 1.060167e+02
1.000000e+02, 1.061754e+02
1.000000e+02, 1.063360e+02
1.000000e+02, 1.064986e+02
1.000000e+02, 1.066630e+02
1.000000e+02, 1.068293e+02
1.000000e+02, 1.069976e+02
1.000000e+02, 1.071678e+02
1.000000e+02, 1.073400e+02
1.000000e+02, 1.075141e+02
1.000000e+02, 1.076902e+02
1.000000e+02, 1.078683e+02
1.000000e+02, 1.080484e+02
1.000000e+02, 1.082305e+02
1.000000e+02, 1.084146e+02
1.000000e+02, 1.086008e+02
1.000000e+02, 1.087890e+02
1.000000e+02, 1.089793e+02
1.000000e+02, 1.091717e+02
1.000000e+02, 1.093662e+02
1.000000e+02, 1.095628e+02
1.000000e+02, 1.097616e+02
1.000000e+02, 1.099624e+02
1.000000e+02, 1.101655e+02
1.000000e+02, 1.103707e+02
1.000000e+02, 1.105782e+02
1.000000e+02, 1.107878e+02
1.000000e+02, 1.109997e+02
1.000000e+02, 1.112139e+02
1.000000e+02, 1.114303e+02
1.000000e+02, 1.116490e+02
1.000000e+02, 1.118700e+02
1.000000e+02, 1.120934e+02
1.000000e+02, 1.123191e+02
1.000000e+02, 1.125472e+02
1.000000e+02, 1.127776e+02
1.000000e+02, 1.130105e+02
1.000000e+02, 1.132458e+02
1.000000e+02, 1.134836e+02
1.000000e+02, 1.137239e+02
1.000000e+02, 1.139667e+02
1.000000e+02, 1.142120e+02
1.000000e+02, 1.144598e+02
1.000000e+02, 1.147103e+02
1.000000e+02, 1.149633e+02
1.000000e+02, 1.152190e+02
1.000000e+02, 1.154774e+02
1.000000e+02, 1.157384e+02
1.000000e+02, 1.160022e+02
1.000000e+02, 1.162687e+02
1.000000e+02, 1.165380e+02
1.000000e+02, 1.168101e+02
1.000000e+02, 1.170850e+02
1.000000e+02, 1.173628e+02
1.000000e+02, 1.176436e+02
1.000000e+02, 1.179273e+02
1.000000e+02, 1.182139e+02
1.000000e+02, 1.185036e+02
1.000000e+02, 1.187963e+02
1.000000e+02, 1.190921e+02
1.000000e+02, 1.193911e+02
1.000000e+02, 1.196932e+02
1.000000e+02, 1.199986e+02
1.000000e+02, 1.203072e+02
1.000000e+02, 1.206191e+02
1.000000e+02, 1.209343e+02
1.000000e+02, 1.212529e+02
1.000000e+02, 1.215750e+02
1.000000e+02, 1.219006e+02
1.000000e+02, 1.222297e+02
1.000000e+02, 1.225624e+02
1.000000e+02, 1.228988e+02
1.000000e+02, 1.232388e+02
1.000000e+02, 1.235827e+02
1.000000e+02, 1.239303e+02
1.000000e+02, 1.242819e+02
1.000000e+02, 1.246373e+02
1.000000e+02, 1.249968e+02
1.000000e+02, 1.253604e+02
1.000000e+02, 1.257282e+02
1.000000e+02, 1.261001e+02
1.000000e+02, 1.264764e+02
1.000000e+02, 1.268570e+02
1.000000e+02, 1.272421e+02
1.000000e+02, 1.276318e+02
1.000000e+02, 1.280261e+02
1.000000e+02, 1.284251e+02
1.000000e+02, 1.288289e+02
1.000000e+02, 1.292377e+02
1.000000e+02, 1.296514e+02
1.000000e+02, 1.300703e+02
1.000000e+02, 1.304944e+02
1.000000e+02, 1.309239e+02
1.000000e+02, 1.313588e+02
1.000000e+02, 1.317993e+02
1.000000e+02, 1.322456e+02
1.000000e+02, 1.326977e+02
1.000000e+02, 1.331558e+02
1.000000e+02, 1.336201e+02
1.000000e+02, 1.340907e+02
1.000000e+02, 1.345677e+02
1.000000e+02, 1.350514e+02
1.000000e+02, 1.355419e+02
1.000000e+02, 1.360395e+02
1.000000e+02, 1.365442e+02
1.000000e+02, 1.370564e+02
1.000000e+02, 1.375762e+02
1.000000e+02, 1.381039e+02
1.000000e+02, 1.386398e+02
1.000000e+02, 1.391840e+02
1.000000e+02, 1.397369e+02
1.000000e+02, 1.402988e+02
1.000000e+02, 1.408700e+02
1.000000e+02, 1.414508e+02
1.000000e+02, 1.420415e+02
1.000000e+02, 1.426427e+02
1.000000e+02, 1.432546e+02
1.000000e+02, 1.438777e+02
1.000000e+02, 1.445125e+02
1.000000e+02, 1.451595e+02
1.000000e+02, 1.458192e+02
1.000000e+02, 1.464923e+02
1.000000e+02, 1.471793e+02
1.000000e+02, 1.478811e+02
1.000000e+02, 1.485983e+02
1.000000e+02, 1.493317e+02
1.000000e+02, 1.500825e+02
1.000000e+02, 1.508514e+02
1.000000e+02, 1.516397e+02
1.000000e+02, 1.524487e+02
1.000000e+02, 1.532797e+02
1.000000e+02, 1.541343e+02
1.000000e+02, 1.550143e+02
1.000000e+02, 1.559218e+02
1.000000e+02, 1.568590e+02
1.000000e+02, 1.578287e+02
1.000000e+02, 1.588341e+02
1.000000e+02, 1.598788e+02
1.000000e+02, 1.609672e+02
1.000000e+02, 1.621048e+02
1.000000e+02, 1.632981e+02
1.000000e+02, 1.645552e+02
1.000000e+02, 1.658868e+02
1.000000e+02, 1.673066e+02
1.000000e+02, 1.688336e+02
1.000000e+02, 1.704945e+02
1.000000e+02, 1.723302e+02
1.000000e+02, 1.744082e+02
1.000000e+02, 1.768575e+02
1.000000e+02, 1.800000e+02
##END= 