##TITLE= /opt/topspin3.0/exp/stan/nmr/lists/wave/user/HypSec_trunc2.84_110
##JCAMP-DX= 5.00 Bruker JCAMP library
##DATA TYPE= Shape Data
##ORIGIN= Bruker BioSpin GmbH
##OWNER= <nmrsu>
##DATE= 15/02/24
##TIME= 16:15:04
##MINX= 1.164538e+01
##MAXX= 9.999960e+01
##MINY= 2.546774e-02
##MAXY= 3.585574e+02
##$SHAPE_EXMODE= Adiabatic
##$SHAPE_TOTROT= 1.800000e+02
##$SHAPE_BWFAC= 1.929340e+02
##$SHAPE_INTEGFAC= 2.356110e-02
##$SHAPE_MODE= 0
##NPOINTS= 500
##XYPOINTS= (XY..XY)
1.000000e+02, 1.800000e+02
1.000000e+02, 1.775488e+02
1.000000e+02, 1.756384e+02
1.000000e+02, 1.740176e+02
1.000000e+02, 1.725857e+02
1.000000e+02, 1.712902e+02
1.000000e+02, 1.700992e+02
1.000000e+02, 1.689917e+02
1.000000e+02, 1.679531e+02
1.000000e+02, 1.669725e+02
1.000000e+02, 1.660417e+02
1.000000e+02, 1.651544e+02
1.000000e+02, 1.643054e+02
1.000000e+02, 1.634906e+02
1.000000e+02, 1.627064e+02
1.000000e+02, 1.619500e+02
1.000000e+02, 1.612190e+02
1.000000e+02, 1.605112e+02
1.000000e+02, 1.598247e+02
1.000000e+02, 1.591581e+02
1.000000e+02, 1.585100e+02
1.000000e+02, 1.578790e+02
1.000000e+02, 1.572641e+02
1.000000e+02, 1.566643e+02
1.000000e+02, 1.560788e+02
1.000000e+02, 1.555066e+02
1.000000e+02, 1.549472e+02
1.000000e+02, 1.543999e+02
1.000000e+02, 1.538640e+02
1.000000e+02, 1.533390e+02
1.000000e+02, 1.528244e+02
1.000000e+02, 1.523197e+02
1.000000e+02, 1.518246e+02
1.000000e+02, 1.513386e+02
1.000000e+02, 1.508613e+02
1.000000e+02, 1.503924e+02
1.000000e+02, 1.499316e+02
1.000000e+02, 1.494786e+02
1.000000e+02, 1.490331e+02
1.000000e+02, 1.485948e+02
1.000000e+02, 1.481635e+02
1.000000e+02, 1.477390e+02
1.000000e+02, 1.473211e+02
1.000000e+02, 1.469094e+02
1.000000e+02, 1.465040e+02
1.000000e+02, 1.461045e+02
1.000000e+02, 1.457108e+02
1.000000e+02, 1.453227e+02
1.000000e+02, 1.449401e+02
1.000000e+02, 1.445628e+02
1.000000e+02, 1.441907e+02
1.000000e+02, 1.438237e+02
1.000000e+02, 1.434615e+02
1.000000e+02, 1.431042e+02
1.000000e+02, 1.427516e+02
1.000000e+02, 1.424035e+02
1.000000e+02, 1.420599e+02
1.000000e+02, 1.417206e+02
1.000000e+02, 1.413856e+02
1.000000e+02, 1.410548e+02
1.000000e+02, 1.407281e+02
1.000000e+02, 1.404054e+02
1.000000e+02, 1.400866e+02
1.000000e+02, 1.397716e+02
1.000000e+02, 1.394603e+02
1.000000e+02, 1.391528e+02
1.000000e+02, 1.388489e+02
1.000000e+02, 1.385485e+02
1.000000e+02, 1.382516e+02
1.000000e+02, 1.379581e+02
1.000000e+02, 1.376680e+02
1.000000e+02, 1.373811e+02
1.000000e+02, 1.370975e+02
1.000000e+02, 1.368171e+02
1.000000e+02, 1.365398e+02
1.000000e+02, 1.362656e+02
1.000000e+02, 1.359945e+02
1.000000e+02, 1.357263e+02
1.000000e+02, 1.354610e+02
1.000000e+02, 1.351987e+02
1.000000e+02, 1.349392e+02
1.000000e+02, 1.346825e+02
1.000000e+02, 1.344285e+02
1.000000e+02, 1.341773e+02
1.000000e+02, 1.339288e+02
1.000000e+02, 1.336829e+02
1.000000e+02, 1.334396e+02
1.000000e+02, 1.331989e+02
1.000000e+02, 1.329607e+02
1.000000e+02, 1.327251e+02
1.000000e+02, 1.324919e+02
1.000000e+02, 1.322611e+02
1.000000e+02, 1.320328e+02
1.000000e+02, 1.318069e+02
1.000000e+02, 1.315833e+02
1.000000e+02, 1.313620e+02
1.000000e+02, 1.311430e+02
1.000000e+02, 1.309263e+02
1.000000e+02, 1.307119e+02
1.000000e+02, 1.304996e+02
1.000000e+02, 1.302896e+02
1.000000e+02, 1.300817e+02
1.000000e+02, 1.298760e+02
1.000000e+02, 1.296723e+02
1.000000e+02, 1.294708e+02
1.000000e+02, 1.292714e+02
1.000000e+02, 1.290740e+02
1.000000e+02, 1.288787e+02
1.000000e+02, 1.286853e+02
1.000000e+02, 1.284940e+02
1.000000e+02, 1.283046e+02
1.000000e+02, 1.281172e+02
1.000000e+02, 1.279318e+02
1.000000e+02, 1.277482e+02
1.000000e+02, 1.275666e+02
1.000000e+02, 1.273868e+02
1.000000e+02, 1.272089e+02
1.000000e+02, 1.270328e+02
1.000000e+02, 1.268586e+02
1.000000e+02, 1.266862e+02
1.000000e+02, 1.265156e+02
1.000000e+02, 1.263468e+02
1.000000e+02, 1.261798e+02
1.000000e+02, 1.260145e+02
1.000000e+02, 1.258510e+02
1.000000e+02, 1.256892e+02
1.000000e+02, 1.255291e+02
1.000000e+02, 1.253707e+02
1.000000e+02, 1.252140e+02
1.000000e+02, 1.250590e+02
1.000000e+02, 1.249056e+02
1.000000e+02, 1.247539e+02
1.000000e+02, 1.246039e+02
1.000000e+02, 1.244554e+02
1.000000e+02, 1.243086e+02
1.000000e+02, 1.241634e+02
1.000000e+02, 1.240198e+02
1.000000e+02, 1.238777e+02
1.000000e+02, 1.237373e+02
1.000000e+02, 1.235983e+02
1.000000e+02, 1.234610e+02
1.000000e+02, 1.233252e+02
1.000000e+02, 1.231909e+02
1.000000e+02, 1.230581e+02
1.000000e+02, 1.229269e+02
1.000000e+02, 1.227971e+02
1.000000e+02, 1.226689e+02
1.000000e+02, 1.225421e+02
1.000000e+02, 1.224168e+02
1.000000e+02, 1.222930e+02
1.000000e+02, 1.221706e+02
1.000000e+02, 1.220497e+02
1.000000e+02, 1.219303e+02
1.000000e+02, 1.218122e+02
1.000000e+02, 1.216956e+02
1.000000e+02, 1.215804e+02
1.000000e+02, 1.214666e+02
1.000000e+02, 1.213543e+02
1.000000e+02, 1.212433e+02
1.000000e+02, 1.211337e+02
1.000000e+02, 1.210255e+02
1.000000e+02, 1.209187e+02
1.000000e+02, 1.208132e+02
1.000000e+02, 1.207091e+02
1.000000e+02, 1.206064e+02
1.000000e+02, 1.205050e+02
1.000000e+02, 1.204050e+02
1.000000e+02, 1.203063e+02
1.000000e+02, 1.202089e+02
1.000000e+02, 1.201129e+02
1.000000e+02, 1.200182e+02
1.000000e+02, 1.199248e+02
1.000000e+02, 1.198327e+02
1.000000e+02, 1.197419e+02
1.000000e+02, 1.196524e+02
1.000000e+02, 1.195642e+02
1.000000e+02, 1.194773e+02
1.000000e+02, 1.193917e+02
1.000000e+02, 1.193073e+02
1.000000e+02, 1.192242e+02
1.000000e+02, 1.191424e+02
1.000000e+02, 1.190619e+02
1.000000e+02, 1.189826e+02
1.000000e+02, 1.189046e+02
1.000000e+02, 1.188278e+02
1.000000e+02, 1.187523e+02
1.000000e+02, 1.186780e+02
1.000000e+02, 1.186050e+02
1.000000e+02, 1.185332e+02
1.000000e+02, 1.184626e+02
1.000000e+02, 1.183933e+02
1.000000e+02, 1.183252e+02
1.000000e+02, 1.182583e+02
1.000000e+02, 1.181926e+02
1.000000e+02, 1.181281e+02
1.000000e+02, 1.180649e+02
1.000000e+02, 1.180028e+02
1.000000e+02, 1.179420e+02
1.000000e+02, 1.178823e+02
1.000000e+02, 1.178239e+02
1.000000e+02, 1.177666e+02
1.000000e+02, 1.177106e+02
1.000000e+02, 1.176557e+02
1.000000e+02, 1.176020e+02
1.000000e+02, 1.175495e+02
1.000000e+02, 1.174982e+02
1.000000e+02, 1.174480e+02
1.000000e+02, 1.173990e+02
1.000000e+02, 1.173512e+02
1.000000e+02, 1.173046e+02
1.000000e+02, 1.172591e+02
1.000000e+02, 1.172148e+02
1.000000e+02, 1.171717e+02
1.000000e+02, 1.171297e+02
1.000000e+02, 1.170889e+02
1.000000e+02, 1.170492e+02
1.000000e+02, 1.170107e+02
1.000000e+02, 1.169734e+02
1.000000e+02, 1.169372e+02
1.000000e+02, 1.169021e+02
1.000000e+02, 1.168682e+02
1.000000e+02, 1.168354e+02
1.000000e+02, 1.168038e+02
1.000000e+02, 1.167733e+02
1.000000e+02, 1.167440e+02
1.000000e+02, 1.167158e+02
1.000000e+02, 1.166888e+02
1.000000e+02, 1.166628e+02
1.000000e+02, 1.166381e+02
1.000000e+02, 1.166144e+02
1.000000e+02, 1.165919e+02
1.000000e+02, 1.165705e+02
1.000000e+02, 1.165503e+02
1.000000e+02, 1.165312e+02
1.000000e+02, 1.165132e+02
1.000000e+02, 1.164963e+02
1.000000e+02, 1.164806e+02
1.000000e+02, 1.164660e+02
1.000000e+02, 1.164525e+02
1.000000e+02, 1.164401e+02
1.000000e+02, 1.164289e+02
1.000000e+02, 1.164188e+02
1.000000e+02, 1.164098e+02
1.000000e+02, 1.164019e+02
1.000000e+02, 1.163952e+02
1.000000e+02, 1.163896e+02
1.000000e+02, 1.163851e+02
1.000000e+02, 1.163817e+02
1.000000e+02, 1.163795e+02
1.000000e+02, 1.163784e+02
1.000000e+02, 1.163784e+02
1.000000e+02, 1.163795e+02
1.000000e+02, 1.163817e+02
1.000000e+02, 1.163851e+02
1.000000e+02, 1.163896e+02
1.000000e+02, 1.163952e+02
1.000000e+02, 1.164019e+02
1.000000e+02, 1.164098e+02
1.000000e+02, 1.164188e+02
1.000000e+02, 1.164289e+02
1.000000e+02, 1.164401e+02
1.000000e+02, 1.164525e+02
1.000000e+02, 1.164660e+02
1.000000e+02, 1.164806e+02
1.000000e+02, 1.164963e+02
1.000000e+02, 1.165132e+02
1.000000e+02, 1.165312e+02
1.000000e+02, 1.165503e+02
1.000000e+02, 1.165705e+02
1.000000e+02, 1.165919e+02
1.000000e+02, 1.166144e+02
1.000000e+02, 1.166381e+02
1.000000e+02, 1.166628e+02
1.000000e+02, 1.166888e+02
1.000000e+02, 1.167158e+02
1.000000e+02, 1.167440e+02
1.000000e+02, 1.167733e+02
1.000000e+02, 1.168038e+02
1.000000e+02, 1.168354e+02
1.000000e+02, 1.168682e+02
1.000000e+02, 1.169021e+02
1.000000e+02, 1.169372e+02
1.000000e+02, 1.169734e+02
1.000000e+02, 1.170107e+02
1.000000e+02, 1.170492e+02
1.000000e+02, 1.170889e+02
1.000000e+02, 1.171297e+02
1.000000e+02, 1.171717e+02
1.000000e+02, 1.172148e+02
1.000000e+02, 1.172591e+02
1.000000e+02, 1.173046e+02
1.000000e+02, 1.173512e+02
1.000000e+02, 1.173990e+02
1.000000e+02, 1.174480e+02
1.000000e+02, 1.174982e+02
1.000000e+02, 1.175495e+02
1.000000e+02, 1.176020e+02
1.000000e+02, 1.176557e+02
1.000000e+02, 1.177106e+02
1.000000e+02, 1.177666e+02
1.000000e+02, 1.178239e+02
1.000000e+02, 1.178823e+02
1.000000e+02, 1.179420e+02
1.000000e+02, 1.180028e+02
1.000000e+02, 1.180649e+02
1.000000e+02, 1.181281e+02
1.000000e+02, 1.181926e+02
1.000000e+02, 1.182583e+02
1.000000e+02, 1.183252e+02
1.000000e+02, 1.183933e+02
1.000000e+02, 1.184626e+02
1.000000e+02, 1.185332e+02
1.000000e+02, 1.186050e+02
1.000000e+02, 1.186780e+02
1.000000e+02, 1.187523e+02
1.000000e+02, 1.188278e+02
1.000000e+02, 1.189046e+02
1.000000e+02, 1.189826e+02
1.000000e+02, 1.190619e+02
1.000000e+02, 1.191424e+02
1.000000e+02, 1.192242e+02
1.000000e+02, 1.193073e+02
1.000000e+02, 1.193917e+02
1.000000e+02, 1.194773e+02
1.000000e+02, 1.195642e+02
1.000000e+02, 1.196524e+02
1.000000e+02, 1.197419e+02
1.000000e+02, 1.198327e+02
1.000000e+02, 1.199248e+02
1.000000e+02, 1.200182e+02
1.000000e+02, 1.201129e+02
1.000000e+02, 1.202089e+02
1.000000e+02, 1.203063e+02
1.000000e+02, 1.204050e+02
1.000000e+02, 1.205050e+02
1.000000e+02, 1.206064e+02
1.000000e+02, 1.207091e+02
1.000000e+02, 1.208132e+02
1.000000e+02, 1.209187e+02
1.000000e+02, 1.210255e+02
1.000000e+02, 1.211337e+02
1.000000e+02, 1.212433e+02
1.000000e+02, 1.213543e+02
1.000000e+02, 1.214666e+02
1.000000e+02, 1.215804e+02
1.000000e+02, 1.216956e+02
1.000000e+02, 1.218122e+02
1.000000e+02, 1.219303e+02
1.000000e+02, 1.220497e+02
1.000000e+02, 1.221706e+02
1.000000e+02, 1.222930e+02
1.000000e+02, 1.224168e+02
1.000000e+02, 1.225421e+02
1.000000e+02, 1.226689e+02
1.000000e+02, 1.227971e+02
1.000000e+02, 1.229269e+02
1.000000e+02, 1.230581e+02
1.000000e+02, 1.231909e+02
1.000000e+02, 1.233252e+02
1.000000e+02, 1.234610e+02
1.000000e+02, 1.235983e+02
1.000000e+02, 1.237373e+02
1.000000e+02, 1.238777e+02
1.000000e+02, 1.240198e+02
1.000000e+02, 1.241634e+02
1.000000e+02, 1.243086e+02
1.000000e+02, 1.244554e+02
1.000000e+02, 1.246039e+02
1.000000e+02, 1.247539e+02
1.000000e+02, 1.249056e+02
1.000000e+02, 1.250590e+02
1.000000e+02, 1.252140e+02
1.000000e+02, 1.253707e+02
1.000000e+02, 1.255291e+02
1.000000e+02, 1.256892e+02
1.000000e+02, 1.258510e+02
1.000000e+02, 1.260145e+02
1.000000e+02, 1.261798e+02
1.000000e+02, 1.263468e+02
1.000000e+02, 1.265156e+02
1.000000e+02, 1.266862e+02
1.000000e+02, 1.268586e+02
1.000000e+02, 1.270328e+02
1.000000e+02, 1.272089e+02
1.000000e+02, 1.273868e+02
1.000000e+02, 1.275666e+02
1.000000e+02, 1.277482e+02
1.000000e+02, 1.279318e+02
1.000000e+02, 1.281172e+02
1.000000e+02, 1.283046e+02
1.000000e+02, 1.284940e+02
1.000000e+02, 1.286853e+02
1.000000e+02, 1.288787e+02
1.000000e+02, 1.290740e+02
1.000000e+02, 1.292714e+02
1.000000e+02, 1.294708e+02
1.000000e+02, 1.296723e+02
1.000000e+02, 1.298760e+02
1.000000e+02, 1.300817e+02
1.000000e+02, 1.302896e+02
1.000000e+02, 1.304996e+02
1.000000e+02, 1.307119e+02
1.000000e+02, 1.309263e+02
1.000000e+02, 1.311430e+02
1.000000e+02, 1.313620e+02
1.000000e+02, 1.315833e+02
1.000000e+02, 1.318069e+02
1.000000e+02, 1.320328e+02
1.000000e+02, 1.322611e+02
1.000000e+02, 1.324919e+02
1.000000e+02, 1.327251e+02
1.000000e+02, 1.329607e+02
1.000000e+02, 1.331989e+02
1.000000e+02, 1.334396e+02
1.000000e+02, 1.336829e+02
1.000000e+02, 1.339288e+02
1.000000e+02, 1.341773e+02
1.000000e+02, 1.344285e+02
1.000000e+02, 1.346825e+02
1.000000e+02, 1.349392e+02
1.000000e+02, 1.351987e+02
1.000000e+02, 1.354610e+02
1.000000e+02, 1.357263e+02
1.000000e+02, 1.359945e+02
1.000000e+02, 1.362656e+02
1.000000e+02, 1.365398e+02
1.000000e+02, 1.368171e+02
1.000000e+02, 1.370975e+02
1.000000e+02, 1.373811e+02
1.000000e+02, 1.376680e+02
1.000000e+02, 1.379581e+02
1.000000e+02, 1.382516e+02
1.000000e+02, 1.385485e+02
1.000000e+02, 1.388489e+02
1.000000e+02, 1.391528e+02
1.000000e+02, 1.394603e+02
1.000000e+02, 1.397716e+02
1.000000e+02, 1.400866e+02
1.000000e+02, 1.404054e+02
1.000000e+02, 1.407281e+02
1.000000e+02, 1.410548e+02
1.000000e+02, 1.413856e+02
1.000000e+02, 1.417206e+02
1.000000e+02, 1.420599e+02
1.000000e+02, 1.424035e+02
1.000000e+02, 1.427516e+02
1.000000e+02, 1.431042e+02
1.000000e+02, 1.434615e+02
1.000000e+02, 1.438237e+02
1.000000e+02, 1.441907e+02
1.000000e+02, 1.445628e+02
1.000000e+02, 1.449401e+02
1.000000e+02, 1.453227e+02
1.000000e+02, 1.457108e+02
1.000000e+02, 1.461045e+02
1.000000e+02, 1.465040e+02
1.000000e+02, 1.469094e+02
1.000000e+02, 1.473211e+02
1.000000e+02, 1.477390e+02
1.000000e+02, 1.481635e+02
1.000000e+02, 1.485948e+02
1.000000e+02, 1.490331e+02
1.000000e+02, 1.494786e+02
1.000000e+02, 1.499316e+02
1.000000e+02, 1.503924e+02
1.000000e+02, 1.508613e+02
1.000000e+02, 1.513386e+02
1.000000e+02, 1.518246e+02
1.000000e+02, 1.523197e+02
1.000000e+02, 1.528244e+02
1.000000e+02, 1.533390e+02
1.000000e+02, 1.538640e+02
1.000000e+02, 1.543999e+02
1.000000e+02, 1.549472e+02
1.000000e+02, 1.555066e+02
1.000000e+02, 1.560788e+02
1.000000e+02, 1.566643e+02
1.000000e+02, 1.572641e+02
1.000000e+02, 1.578790e+02
1.000000e+02, 1.585100e+02
1.000000e+02, 1.591581e+02
1.000000e+02, 1.598247e+02
1.000000e+02, 1.605112e+02
1.000000e+02, 1.612190e+02
1.000000e+02, 1.619500e+02
1.000000e+02, 1.627064e+02
1.000000e+02, 1.634906e+02
1.000000e+02, 1.643054e+02
1.000000e+02, 1.651544e+02
1.000000e+02, 1.660418e+02
1.000000e+02, 1.669725e+02
1.000000e+02, 1.679531e+02
1.000000e+02, 1.689917e+02
1.000000e+02, 1.700992e+02
1.000000e+02, 1.712902e+02
1.000000e+02, 1.725857e+02
1.000000e+02, 1.740176e+02
1.000000e+02, 1.756384e+02
1.000000e+02, 1.775488e+02
1.000000e+02, 1.800000e+02
##END= 