##TITLE= /opt/topspin3.0/exp/stan/nmr/lists/wave/user/HypSec_trunc2.84_110
##JCAMP-DX= 5.00 Bruker JCAMP library
##DATA TYPE= Shape Data
##ORIGIN= Bruker BioSpin GmbH
##OWNER= <nmrsu>
##DATE= 15/02/24
##TIME= 16:15:04
##MINX= 1.164538e+01
##MAXX= 9.999960e+01
##MINY= 2.546774e-02
##MAXY= 3.585574e+02
##$SHAPE_EXMODE= Adiabatic
##$SHAPE_TOTROT= 1.800000e+02
##$SHAPE_BWFAC= 1.929340e+02
##$SHAPE_INTEGFAC= 2.356110e-02
##$SHAPE_MODE= 0
##NPOINTS= 1000
##XYPOINTS= (XY..XY)
1.000000e+02, 1.800000e+02
1.000000e+02, 1.715300e+02
1.000000e+02, 1.642430e+02
1.000000e+02, 1.577506e+02
1.000000e+02, 1.518406e+02
1.000000e+02, 1.463817e+02
1.000000e+02, 1.412858e+02
1.000000e+02, 1.364905e+02
1.000000e+02, 1.319495e+02
1.000000e+02, 1.276272e+02
1.000000e+02, 1.234960e+02
1.000000e+02, 1.195335e+02
1.000000e+02, 1.157214e+02
1.000000e+02, 1.120445e+02
1.000000e+02, 1.084902e+02
1.000000e+02, 1.050475e+02
1.000000e+02, 1.017072e+02
1.000000e+02, 9.846122e+01
1.000000e+02, 9.530247e+01
1.000000e+02, 9.222479e+01
1.000000e+02, 8.922267e+01
1.000000e+02, 8.629124e+01
1.000000e+02, 8.342613e+01
1.000000e+02, 8.062341e+01
1.000000e+02, 7.787952e+01
1.000000e+02, 7.519125e+01
1.000000e+02, 7.255567e+01
1.000000e+02, 6.997011e+01
1.000000e+02, 6.743210e+01
1.000000e+02, 6.493941e+01
1.000000e+02, 6.248995e+01
1.000000e+02, 6.008180e+01
1.000000e+02, 5.771320e+01
1.000000e+02, 5.538248e+01
1.000000e+02, 5.308811e+01
1.000000e+02, 5.082867e+01
1.000000e+02, 4.860281e+01
1.000000e+02, 4.640929e+01
1.000000e+02, 4.424694e+01
1.000000e+02, 4.211464e+01
1.000000e+02, 4.001137e+01
1.000000e+02, 3.793615e+01
1.000000e+02, 3.588806e+01
1.000000e+02, 3.386624e+01
1.000000e+02, 3.186985e+01
1.000000e+02, 2.989812e+01
1.000000e+02, 2.795032e+01
1.000000e+02, 2.602575e+01
1.000000e+02, 2.412373e+01
1.000000e+02, 2.224364e+01
1.000000e+02, 2.038488e+01
1.000000e+02, 1.854686e+01
1.000000e+02, 1.672905e+01
1.000000e+02, 1.493092e+01
1.000000e+02, 1.315196e+01
1.000000e+02, 1.139171e+01
1.000000e+02, 9.649712e+00
1.000000e+02, 7.925517e+00
1.000000e+02, 6.218711e+00
1.000000e+02, 4.528891e+00
1.000000e+02, 2.855671e+00
1.000000e+02, 1.198679e+00
1.000000e+02, 3.595576e+02
1.000000e+02, 3.579320e+02
1.000000e+02, 3.563216e+02
1.000000e+02, 3.547261e+02
1.000000e+02, 3.531451e+02
1.000000e+02, 3.515785e+02
1.000000e+02, 3.500258e+02
1.000000e+02, 3.484869e+02
1.000000e+02, 3.469614e+02
1.000000e+02, 3.454491e+02
1.000000e+02, 3.439497e+02
1.000000e+02, 3.424631e+02
1.000000e+02, 3.409890e+02
1.000000e+02, 3.395271e+02
1.000000e+02, 3.380772e+02
1.000000e+02, 3.366392e+02
1.000000e+02, 3.352128e+02
1.000000e+02, 3.337978e+02
1.000000e+02, 3.323941e+02
1.000000e+02, 3.310014e+02
1.000000e+02, 3.296196e+02
1.000000e+02, 3.282484e+02
1.000000e+02, 3.268878e+02
1.000000e+02, 3.255376e+02
1.000000e+02, 3.241976e+02
1.000000e+02, 3.228676e+02
1.000000e+02, 3.215475e+02
1.000000e+02, 3.202371e+02
1.000000e+02, 3.189363e+02
1.000000e+02, 3.176450e+02
1.000000e+02, 3.163631e+02
1.000000e+02, 3.150903e+02
1.000000e+02, 3.138265e+02
1.000000e+02, 3.125718e+02
1.000000e+02, 3.113258e+02
1.000000e+02, 3.100885e+02
1.000000e+02, 3.088598e+02
1.000000e+02, 3.076396e+02
1.000000e+02, 3.064277e+02
1.000000e+02, 3.052241e+02
1.000000e+02, 3.040286e+02
1.000000e+02, 3.028411e+02
1.000000e+02, 3.016616e+02
1.000000e+02, 3.004899e+02
1.000000e+02, 2.993260e+02
1.000000e+02, 2.981697e+02
1.000000e+02, 2.970209e+02
1.000000e+02, 2.958797e+02
1.000000e+02, 2.947458e+02
1.000000e+02, 2.936192e+02
1.000000e+02, 2.924998e+02
1.000000e+02, 2.913875e+02
1.000000e+02, 2.902823e+02
1.000000e+02, 2.891840e+02
1.000000e+02, 2.880926e+02
1.000000e+02, 2.870081e+02
1.000000e+02, 2.859303e+02
1.000000e+02, 2.848591e+02
1.000000e+02, 2.837945e+02
1.000000e+02, 2.827365e+02
1.000000e+02, 2.816850e+02
1.000000e+02, 2.806398e+02
1.000000e+02, 2.796009e+02
1.000000e+02, 2.785683e+02
1.000000e+02, 2.775419e+02
1.000000e+02, 2.765217e+02
1.000000e+02, 2.755075e+02
1.000000e+02, 2.744994e+02
1.000000e+02, 2.734972e+02
1.000000e+02, 2.725009e+02
1.000000e+02, 2.715104e+02
1.000000e+02, 2.705258e+02
1.000000e+02, 2.695468e+02
1.000000e+02, 2.685736e+02
1.000000e+02, 2.676060e+02
1.000000e+02, 2.666440e+02
1.000000e+02, 2.656875e+02
1.000000e+02, 2.647365e+02
1.000000e+02, 2.637909e+02
1.000000e+02, 2.628507e+02
1.000000e+02, 2.619158e+02
1.000000e+02, 2.609862e+02
1.000000e+02, 2.600619e+02
1.000000e+02, 2.591428e+02
1.000000e+02, 2.582288e+02
1.000000e+02, 2.573200e+02
1.000000e+02, 2.564162e+02
1.000000e+02, 2.555174e+02
1.000000e+02, 2.546237e+02
1.000000e+02, 2.537349e+02
1.000000e+02, 2.528510e+02
1.000000e+02, 2.519719e+02
1.000000e+02, 2.510977e+02
1.000000e+02, 2.502283e+02
1.000000e+02, 2.493637e+02
1.000000e+02, 2.485038e+02
1.000000e+02, 2.476485e+02
1.000000e+02, 2.467979e+02
1.000000e+02, 2.459520e+02
1.000000e+02, 2.451106e+02
1.000000e+02, 2.442737e+02
1.000000e+02, 2.434414e+02
1.000000e+02, 2.426135e+02
1.000000e+02, 2.417901e+02
1.000000e+02, 2.409711e+02
1.000000e+02, 2.401565e+02
1.000000e+02, 2.393462e+02
1.000000e+02, 2.385403e+02
1.000000e+02, 2.377387e+02
1.000000e+02, 2.369413e+02
1.000000e+02, 2.361481e+02
1.000000e+02, 2.353592e+02
1.000000e+02, 2.345744e+02
1.000000e+02, 2.337938e+02
1.000000e+02, 2.330173e+02
1.000000e+02, 2.322449e+02
1.000000e+02, 2.314766e+02
1.000000e+02, 2.307123e+02
1.000000e+02, 2.299520e+02
1.000000e+02, 2.291958e+02
1.000000e+02, 2.284434e+02
1.000000e+02, 2.276951e+02
1.000000e+02, 2.269506e+02
1.000000e+02, 2.262100e+02
1.000000e+02, 2.254733e+02
1.000000e+02, 2.247404e+02
1.000000e+02, 2.240114e+02
1.000000e+02, 2.232861e+02
1.000000e+02, 2.225647e+02
1.000000e+02, 2.218469e+02
1.000000e+02, 2.211329e+02
1.000000e+02, 2.204226e+02
1.000000e+02, 2.197160e+02
1.000000e+02, 2.190131e+02
1.000000e+02, 2.183138e+02
1.000000e+02, 2.176181e+02
1.000000e+02, 2.169260e+02
1.000000e+02, 2.162375e+02
1.000000e+02, 2.155526e+02
1.000000e+02, 2.148712e+02
1.000000e+02, 2.141933e+02
1.000000e+02, 2.135190e+02
1.000000e+02, 2.128481e+02
1.000000e+02, 2.121807e+02
1.000000e+02, 2.115167e+02
1.000000e+02, 2.108561e+02
1.000000e+02, 2.101990e+02
1.000000e+02, 2.095453e+02
1.000000e+02, 2.088949e+02
1.000000e+02, 2.082479e+02
1.000000e+02, 2.076042e+02
1.000000e+02, 2.069639e+02
1.000000e+02, 2.063268e+02
1.000000e+02, 2.056931e+02
1.000000e+02, 2.050626e+02
1.000000e+02, 2.044354e+02
1.000000e+02, 2.038114e+02
1.000000e+02, 2.031907e+02
1.000000e+02, 2.025731e+02
1.000000e+02, 2.019588e+02
1.000000e+02, 2.013476e+02
1.000000e+02, 2.007396e+02
1.000000e+02, 2.001347e+02
1.000000e+02, 1.995330e+02
1.000000e+02, 1.989344e+02
1.000000e+02, 1.983389e+02
1.000000e+02, 1.977465e+02
1.000000e+02, 1.971572e+02
1.000000e+02, 1.965709e+02
1.000000e+02, 1.959877e+02
1.000000e+02, 1.954075e+02
1.000000e+02, 1.948303e+02
1.000000e+02, 1.942561e+02
1.000000e+02, 1.936850e+02
1.000000e+02, 1.931168e+02
1.000000e+02, 1.925516e+02
1.000000e+02, 1.919893e+02
1.000000e+02, 1.914300e+02
1.000000e+02, 1.908736e+02
1.000000e+02, 1.903201e+02
1.000000e+02, 1.897696e+02
1.000000e+02, 1.892219e+02
1.000000e+02, 1.886771e+02
1.000000e+02, 1.881352e+02
1.000000e+02, 1.875961e+02
1.000000e+02, 1.870599e+02
1.000000e+02, 1.865266e+02
1.000000e+02, 1.859960e+02
1.000000e+02, 1.854683e+02
1.000000e+02, 1.849433e+02
1.000000e+02, 1.844212e+02
1.000000e+02, 1.839018e+02
1.000000e+02, 1.833852e+02
1.000000e+02, 1.828714e+02
1.000000e+02, 1.823603e+02
1.000000e+02, 1.818519e+02
1.000000e+02, 1.813463e+02
1.000000e+02, 1.808434e+02
1.000000e+02, 1.803432e+02
1.000000e+02, 1.798457e+02
1.000000e+02, 1.793509e+02
1.000000e+02, 1.788587e+02
1.000000e+02, 1.783692e+02
1.000000e+02, 1.778824e+02
1.000000e+02, 1.773983e+02
1.000000e+02, 1.769167e+02
1.000000e+02, 1.764378e+02
1.000000e+02, 1.759615e+02
1.000000e+02, 1.754879e+02
1.000000e+02, 1.750168e+02
1.000000e+02, 1.745483e+02
1.000000e+02, 1.740824e+02
1.000000e+02, 1.736191e+02
1.000000e+02, 1.731584e+02
1.000000e+02, 1.727002e+02
1.000000e+02, 1.722446e+02
1.000000e+02, 1.717915e+02
1.000000e+02, 1.713409e+02
1.000000e+02, 1.708929e+02
1.000000e+02, 1.704473e+02
1.000000e+02, 1.700043e+02
1.000000e+02, 1.695638e+02
1.000000e+02, 1.691258e+02
1.000000e+02, 1.686902e+02
1.000000e+02, 1.682572e+02
1.000000e+02, 1.678266e+02
1.000000e+02, 1.673985e+02
1.000000e+02, 1.669728e+02
1.000000e+02, 1.665496e+02
1.000000e+02, 1.661288e+02
1.000000e+02, 1.657104e+02
1.000000e+02, 1.652945e+02
1.000000e+02, 1.648810e+02
1.000000e+02, 1.644699e+02
1.000000e+02, 1.640612e+02
1.000000e+02, 1.636548e+02
1.000000e+02, 1.632509e+02
1.000000e+02, 1.628494e+02
1.000000e+02, 1.624502e+02
1.000000e+02, 1.620534e+02
1.000000e+02, 1.616590e+02
1.000000e+02, 1.612669e+02
1.000000e+02, 1.608772e+02
1.000000e+02, 1.604898e+02
1.000000e+02, 1.601048e+02
1.000000e+02, 1.597221e+02
1.000000e+02, 1.593417e+02
1.000000e+02, 1.589636e+02
1.000000e+02, 1.585879e+02
1.000000e+02, 1.582144e+02
1.000000e+02, 1.578433e+02
1.000000e+02, 1.574744e+02
1.000000e+02, 1.571078e+02
1.000000e+02, 1.567435e+02
1.000000e+02, 1.563815e+02
1.000000e+02, 1.560218e+02
1.000000e+02, 1.556643e+02
1.000000e+02, 1.553091e+02
1.000000e+02, 1.549561e+02
1.000000e+02, 1.546054e+02
1.000000e+02, 1.542569e+02
1.000000e+02, 1.539106e+02
1.000000e+02, 1.535666e+02
1.000000e+02, 1.532248e+02
1.000000e+02, 1.528853e+02
1.000000e+02, 1.525479e+02
1.000000e+02, 1.522128e+02
1.000000e+02, 1.518798e+02
1.000000e+02, 1.515491e+02
1.000000e+02, 1.512206e+02
1.000000e+02, 1.508942e+02
1.000000e+02, 1.505701e+02
1.000000e+02, 1.502481e+02
1.000000e+02, 1.499283e+02
1.000000e+02, 1.496106e+02
1.000000e+02, 1.492951e+02
1.000000e+02, 1.489818e+02
1.000000e+02, 1.486707e+02
1.000000e+02, 1.483617e+02
1.000000e+02, 1.480548e+02
1.000000e+02, 1.477501e+02
1.000000e+02, 1.474475e+02
1.000000e+02, 1.471471e+02
1.000000e+02, 1.468488e+02
1.000000e+02, 1.465526e+02
1.000000e+02, 1.462585e+02
1.000000e+02, 1.459666e+02
1.000000e+02, 1.456767e+02
1.000000e+02, 1.453890e+02
1.000000e+02, 1.451034e+02
1.000000e+02, 1.448199e+02
1.000000e+02, 1.445384e+02
1.000000e+02, 1.442591e+02
1.000000e+02, 1.439818e+02
1.000000e+02, 1.437067e+02
1.000000e+02, 1.434336e+02
1.000000e+02, 1.431626e+02
1.000000e+02, 1.428937e+02
1.000000e+02, 1.426268e+02
1.000000e+02, 1.423620e+02
1.000000e+02, 1.420993e+02
1.000000e+02, 1.418386e+02
1.000000e+02, 1.415799e+02
1.000000e+02, 1.413234e+02
1.000000e+02, 1.410688e+02
1.000000e+02, 1.408164e+02
1.000000e+02, 1.405659e+02
1.000000e+02, 1.403175e+02
1.000000e+02, 1.400711e+02
1.000000e+02, 1.398268e+02
1.000000e+02, 1.395845e+02
1.000000e+02, 1.393442e+02
1.000000e+02, 1.391059e+02
1.000000e+02, 1.388696e+02
1.000000e+02, 1.386354e+02
1.000000e+02, 1.384031e+02
1.000000e+02, 1.381729e+02
1.000000e+02, 1.379447e+02
1.000000e+02, 1.377185e+02
1.000000e+02, 1.374942e+02
1.000000e+02, 1.372720e+02
1.000000e+02, 1.370518e+02
1.000000e+02, 1.368335e+02
1.000000e+02, 1.366172e+02
1.000000e+02, 1.364030e+02
1.000000e+02, 1.361907e+02
1.000000e+02, 1.359803e+02
1.000000e+02, 1.357720e+02
1.000000e+02, 1.355656e+02
1.000000e+02, 1.353612e+02
1.000000e+02, 1.351588e+02
1.000000e+02, 1.349583e+02
1.000000e+02, 1.347598e+02
1.000000e+02, 1.345632e+02
1.000000e+02, 1.343686e+02
1.000000e+02, 1.341760e+02
1.000000e+02, 1.339853e+02
1.000000e+02, 1.337965e+02
1.000000e+02, 1.336097e+02
1.000000e+02, 1.334249e+02
1.000000e+02, 1.332420e+02
1.000000e+02, 1.330610e+02
1.000000e+02, 1.328820e+02
1.000000e+02, 1.327048e+02
1.000000e+02, 1.325297e+02
1.000000e+02, 1.323564e+02
1.000000e+02, 1.321851e+02
1.000000e+02, 1.320157e+02
1.000000e+02, 1.318483e+02
1.000000e+02, 1.316827e+02
1.000000e+02, 1.315191e+02
1.000000e+02, 1.313574e+02
1.000000e+02, 1.311976e+02
1.000000e+02, 1.310397e+02
1.000000e+02, 1.308838e+02
1.000000e+02, 1.307297e+02
1.000000e+02, 1.305776e+02
1.000000e+02, 1.304273e+02
1.000000e+02, 1.302790e+02
1.000000e+02, 1.301326e+02
1.000000e+02, 1.299880e+02
1.000000e+02, 1.298454e+02
1.000000e+02, 1.297046e+02
1.000000e+02, 1.295658e+02
1.000000e+02, 1.294288e+02
1.000000e+02, 1.292938e+02
1.000000e+02, 1.291606e+02
1.000000e+02, 1.290293e+02
1.000000e+02, 1.288999e+02
1.000000e+02, 1.287724e+02
1.000000e+02, 1.286467e+02
1.000000e+02, 1.285230e+02
1.000000e+02, 1.284011e+02
1.000000e+02, 1.282811e+02
1.000000e+02, 1.281630e+02
1.000000e+02, 1.280467e+02
1.000000e+02, 1.279324e+02
1.000000e+02, 1.278199e+02
1.000000e+02, 1.277093e+02
1.000000e+02, 1.276005e+02
1.000000e+02, 1.274936e+02
1.000000e+02, 1.273886e+02
1.000000e+02, 1.272854e+02
1.000000e+02, 1.271841e+02
1.000000e+02, 1.270847e+02
1.000000e+02, 1.269872e+02
1.000000e+02, 1.268914e+02
1.000000e+02, 1.267976e+02
1.000000e+02, 1.267056e+02
1.000000e+02, 1.266155e+02
1.000000e+02, 1.265272e+02
1.000000e+02, 1.264408e+02
1.000000e+02, 1.263562e+02
1.000000e+02, 1.262735e+02
1.000000e+02, 1.261927e+02
1.000000e+02, 1.261137e+02
1.000000e+02, 1.260365e+02
1.000000e+02, 1.259612e+02
1.000000e+02, 1.258878e+02
1.000000e+02, 1.258162e+02
1.000000e+02, 1.257464e+02
1.000000e+02, 1.256785e+02
1.000000e+02, 1.256124e+02
1.000000e+02, 1.255482e+02
1.000000e+02, 1.254858e+02
1.000000e+02, 1.254253e+02
1.000000e+02, 1.253666e+02
1.000000e+02, 1.253097e+02
1.000000e+02, 1.252547e+02
1.000000e+02, 1.252015e+02
1.000000e+02, 1.251502e+02
1.000000e+02, 1.251007e+02
1.000000e+02, 1.250530e+02
1.000000e+02, 1.250072e+02
1.000000e+02, 1.249632e+02
1.000000e+02, 1.249211e+02
1.000000e+02, 1.248808e+02
1.000000e+02, 1.248423e+02
1.000000e+02, 1.248057e+02
1.000000e+02, 1.247708e+02
1.000000e+02, 1.247379e+02
1.000000e+02, 1.247067e+02
1.000000e+02, 1.246774e+02
1.000000e+02, 1.246500e+02
1.000000e+02, 1.246243e+02
1.000000e+02, 1.246005e+02
1.000000e+02, 1.245786e+02
1.000000e+02, 1.245584e+02
1.000000e+02, 1.245401e+02
1.000000e+02, 1.245236e+02
1.000000e+02, 1.245090e+02
1.000000e+02, 1.244962e+02
1.000000e+02, 1.244852e+02
1.000000e+02, 1.244760e+02
1.000000e+02, 1.244687e+02
1.000000e+02, 1.244632e+02
1.000000e+02, 1.244595e+02
1.000000e+02, 1.244577e+02
1.000000e+02, 1.244577e+02
1.000000e+02, 1.244595e+02
1.000000e+02, 1.244632e+02
1.000000e+02, 1.244687e+02
1.000000e+02, 1.244760e+02
1.000000e+02, 1.244852e+02
1.000000e+02, 1.244962e+02
1.000000e+02, 1.245090e+02
1.000000e+02, 1.245236e+02
1.000000e+02, 1.245401e+02
1.000000e+02, 1.245584e+02
1.000000e+02, 1.245786e+02
1.000000e+02, 1.246005e+02
1.000000e+02, 1.246243e+02
1.000000e+02, 1.246500e+02
1.000000e+02, 1.246774e+02
1.000000e+02, 1.247067e+02
1.000000e+02, 1.247379e+02
1.000000e+02, 1.247708e+02
1.000000e+02, 1.248057e+02
1.000000e+02, 1.248423e+02
1.000000e+02, 1.248808e+02
1.000000e+02, 1.249211e+02
1.000000e+02, 1.249632e+02
1.000000e+02, 1.250072e+02
1.000000e+02, 1.250530e+02
1.000000e+02, 1.251007e+02
1.000000e+02, 1.251502e+02
1.000000e+02, 1.252015e+02
1.000000e+02, 1.252547e+02
1.000000e+02, 1.253097e+02
1.000000e+02, 1.253666e+02
1.000000e+02, 1.254253e+02
1.000000e+02, 1.254858e+02
1.000000e+02, 1.255482e+02
1.000000e+02, 1.256124e+02
1.000000e+02, 1.256785e+02
1.000000e+02, 1.257464e+02
1.000000e+02, 1.258162e+02
1.000000e+02, 1.258878e+02
1.000000e+02, 1.259612e+02
1.000000e+02, 1.260365e+02
1.000000e+02, 1.261137e+02
1.000000e+02, 1.261927e+02
1.000000e+02, 1.262735e+02
1.000000e+02, 1.263562e+02
1.000000e+02, 1.264408e+02
1.000000e+02, 1.265272e+02
1.000000e+02, 1.266155e+02
1.000000e+02, 1.267056e+02
1.000000e+02, 1.267976e+02
1.000000e+02, 1.268914e+02
1.000000e+02, 1.269872e+02
1.000000e+02, 1.270847e+02
1.000000e+02, 1.271841e+02
1.000000e+02, 1.272854e+02
1.000000e+02, 1.273886e+02
1.000000e+02, 1.274936e+02
1.000000e+02, 1.276005e+02
1.000000e+02, 1.277093e+02
1.000000e+02, 1.278199e+02
1.000000e+02, 1.279324e+02
1.000000e+02, 1.280467e+02
1.000000e+02, 1.281630e+02
1.000000e+02, 1.282811e+02
1.000000e+02, 1.284011e+02
1.000000e+02, 1.285230e+02
1.000000e+02, 1.286467e+02
1.000000e+02, 1.287724e+02
1.000000e+02, 1.288999e+02
1.000000e+02, 1.290293e+02
1.000000e+02, 1.291606e+02
1.000000e+02, 1.292938e+02
1.000000e+02, 1.294288e+02
1.000000e+02, 1.295658e+02
1.000000e+02, 1.297046e+02
1.000000e+02, 1.298454e+02
1.000000e+02, 1.299880e+02
1.000000e+02, 1.301326e+02
1.000000e+02, 1.302790e+02
1.000000e+02, 1.304273e+02
1.000000e+02, 1.305776e+02
1.000000e+02, 1.307297e+02
1.000000e+02, 1.308838e+02
1.000000e+02, 1.310397e+02
1.000000e+02, 1.311976e+02
1.000000e+02, 1.313574e+02
1.000000e+02, 1.315191e+02
1.000000e+02, 1.316827e+02
1.000000e+02, 1.318483e+02
1.000000e+02, 1.320157e+02
1.000000e+02, 1.321851e+02
1.000000e+02, 1.323564e+02
1.000000e+02, 1.325297e+02
1.000000e+02, 1.327048e+02
1.000000e+02, 1.328820e+02
1.000000e+02, 1.330610e+02
1.000000e+02, 1.332420e+02
1.000000e+02, 1.334249e+02
1.000000e+02, 1.336097e+02
1.000000e+02, 1.337965e+02
1.000000e+02, 1.339853e+02
1.000000e+02, 1.341760e+02
1.000000e+02, 1.343686e+02
1.000000e+02, 1.345632e+02
1.000000e+02, 1.347598e+02
1.000000e+02, 1.349583e+02
1.000000e+02, 1.351588e+02
1.000000e+02, 1.353612e+02
1.000000e+02, 1.355656e+02
1.000000e+02, 1.357720e+02
1.000000e+02, 1.359803e+02
1.000000e+02, 1.361907e+02
1.000000e+02, 1.364030e+02
1.000000e+02, 1.366172e+02
1.000000e+02, 1.368335e+02
1.000000e+02, 1.370518e+02
1.000000e+02, 1.372720e+02
1.000000e+02, 1.374942e+02
1.000000e+02, 1.377185e+02
1.000000e+02, 1.379447e+02
1.000000e+02, 1.381729e+02
1.000000e+02, 1.384031e+02
1.000000e+02, 1.386354e+02
1.000000e+02, 1.388696e+02
1.000000e+02, 1.391059e+02
1.000000e+02, 1.393442e+02
1.000000e+02, 1.395845e+02
1.000000e+02, 1.398268e+02
1.000000e+02, 1.400711e+02
1.000000e+02, 1.403175e+02
1.000000e+02, 1.405659e+02
1.000000e+02, 1.408164e+02
1.000000e+02, 1.410688e+02
1.000000e+02, 1.413234e+02
1.000000e+02, 1.415799e+02
1.000000e+02, 1.418386e+02
1.000000e+02, 1.420993e+02
1.000000e+02, 1.423620e+02
1.000000e+02, 1.426268e+02
1.000000e+02, 1.428937e+02
1.000000e+02, 1.431626e+02
1.000000e+02, 1.434336e+02
1.000000e+02, 1.437067e+02
1.000000e+02, 1.439818e+02
1.000000e+02, 1.442591e+02
1.000000e+02, 1.445384e+02
1.000000e+02, 1.448199e+02
1.000000e+02, 1.451034e+02
1.000000e+02, 1.453890e+02
1.000000e+02, 1.456767e+02
1.000000e+02, 1.459666e+02
1.000000e+02, 1.462585e+02
1.000000e+02, 1.465526e+02
1.000000e+02, 1.468488e+02
1.000000e+02, 1.471471e+02
1.000000e+02, 1.474475e+02
1.000000e+02, 1.477501e+02
1.000000e+02, 1.480548e+02
1.000000e+02, 1.483617e+02
1.000000e+02, 1.486707e+02
1.000000e+02, 1.489818e+02
1.000000e+02, 1.492951e+02
1.000000e+02, 1.496106e+02
1.000000e+02, 1.499283e+02
1.000000e+02, 1.502481e+02
1.000000e+02, 1.505701e+02
1.000000e+02, 1.508942e+02
1.000000e+02, 1.512206e+02
1.000000e+02, 1.515491e+02
1.000000e+02, 1.518798e+02
1.000000e+02, 1.522128e+02
1.000000e+02, 1.525479e+02
1.000000e+02, 1.528853e+02
1.000000e+02, 1.532248e+02
1.000000e+02, 1.535666e+02
1.000000e+02, 1.539106e+02
1.000000e+02, 1.542569e+02
1.000000e+02, 1.546054e+02
1.000000e+02, 1.549561e+02
1.000000e+02, 1.553091e+02
1.000000e+02, 1.556643e+02
1.000000e+02, 1.560218e+02
1.000000e+02, 1.563815e+02
1.000000e+02, 1.567435e+02
1.000000e+02, 1.571078e+02
1.000000e+02, 1.574744e+02
1.000000e+02, 1.578433e+02
1.000000e+02, 1.582144e+02
1.000000e+02, 1.585879e+02
1.000000e+02, 1.589636e+02
1.000000e+02, 1.593417e+02
1.000000e+02, 1.597221e+02
1.000000e+02, 1.601048e+02
1.000000e+02, 1.604899e+02
1.000000e+02, 1.608772e+02
1.000000e+02, 1.612670e+02
1.000000e+02, 1.616590e+02
1.000000e+02, 1.620534e+02
1.000000e+02, 1.624502e+02
1.000000e+02, 1.628494e+02
1.000000e+02, 1.632509e+02
1.000000e+02, 1.636548e+02
1.000000e+02, 1.640612e+02
1.000000e+02, 1.644699e+02
1.000000e+02, 1.648810e+02
1.000000e+02, 1.652945e+02
1.000000e+02, 1.657104e+02
1.000000e+02, 1.661288e+02
1.000000e+02, 1.665496e+02
1.000000e+02, 1.669728e+02
1.000000e+02, 1.673985e+02
1.000000e+02, 1.678266e+02
1.000000e+02, 1.682572e+02
1.000000e+02, 1.686902e+02
1.000000e+02, 1.691258e+02
1.000000e+02, 1.695638e+02
1.000000e+02, 1.700043e+02
1.000000e+02, 1.704473e+02
1.000000e+02, 1.708929e+02
1.000000e+02, 1.713409e+02
1.000000e+02, 1.717915e+02
1.000000e+02, 1.722446e+02
1.000000e+02, 1.727002e+02
1.000000e+02, 1.731584e+02
1.000000e+02, 1.736191e+02
1.000000e+02, 1.740824e+02
1.000000e+02, 1.745483e+02
1.000000e+02, 1.750168e+02
1.000000e+02, 1.754879e+02
1.000000e+02, 1.759615e+02
1.000000e+02, 1.764378e+02
1.000000e+02, 1.769167e+02
1.000000e+02, 1.773983e+02
1.000000e+02, 1.778824e+02
1.000000e+02, 1.783692e+02
1.000000e+02, 1.788587e+02
1.000000e+02, 1.793509e+02
1.000000e+02, 1.798457e+02
1.000000e+02, 1.803432e+02
1.000000e+02, 1.808434e+02
1.000000e+02, 1.813463e+02
1.000000e+02, 1.818519e+02
1.000000e+02, 1.823603e+02
1.000000e+02, 1.828714e+02
1.000000e+02, 1.833852e+02
1.000000e+02, 1.839018e+02
1.000000e+02, 1.844212e+02
1.000000e+02, 1.849433e+02
1.000000e+02, 1.854683e+02
1.000000e+02, 1.859960e+02
1.000000e+02, 1.865266e+02
1.000000e+02, 1.870599e+02
1.000000e+02, 1.875961e+02
1.000000e+02, 1.881352e+02
1.000000e+02, 1.886771e+02
1.000000e+02, 1.892219e+02
1.000000e+02, 1.897696e+02
1.000000e+02, 1.903201e+02
1.000000e+02, 1.908736e+02
1.000000e+02, 1.914300e+02
1.000000e+02, 1.919893e+02
1.000000e+02, 1.925516e+02
1.000000e+02, 1.931168e+02
1.000000e+02, 1.936850e+02
1.000000e+02, 1.942561e+02
1.000000e+02, 1.948303e+02
1.000000e+02, 1.954075e+02
1.000000e+02, 1.959877e+02
1.000000e+02, 1.965709e+02
1.000000e+02, 1.971572e+02
1.000000e+02, 1.977465e+02
1.000000e+02, 1.983389e+02
1.000000e+02, 1.989344e+02
1.000000e+02, 1.995330e+02
1.000000e+02, 2.001347e+02
1.000000e+02, 2.007396e+02
1.000000e+02, 2.013476e+02
1.000000e+02, 2.019588e+02
1.000000e+02, 2.025731e+02
1.000000e+02, 2.031907e+02
1.000000e+02, 2.038114e+02
1.000000e+02, 2.044354e+02
1.000000e+02, 2.050626e+02
1.000000e+02, 2.056931e+02
1.000000e+02, 2.063268e+02
1.000000e+02, 2.069639e+02
1.000000e+02, 2.076042e+02
1.000000e+02, 2.082479e+02
1.000000e+02, 2.088949e+02
1.000000e+02, 2.095453e+02
1.000000e+02, 2.101990e+02
1.000000e+02, 2.108561e+02
1.000000e+02, 2.115167e+02
1.000000e+02, 2.121807e+02
1.000000e+02, 2.128481e+02
1.000000e+02, 2.135190e+02
1.000000e+02, 2.141933e+02
1.000000e+02, 2.148712e+02
1.000000e+02, 2.155526e+02
1.000000e+02, 2.162375e+02
1.000000e+02, 2.169260e+02
1.000000e+02, 2.176181e+02
1.000000e+02, 2.183138e+02
1.000000e+02, 2.190131e+02
1.000000e+02, 2.197160e+02
1.000000e+02, 2.204226e+02
1.000000e+02, 2.211329e+02
1.000000e+02, 2.218469e+02
1.000000e+02, 2.225647e+02
1.000000e+02, 2.232861e+02
1.000000e+02, 2.240114e+02
1.000000e+02, 2.247404e+02
1.000000e+02, 2.254733e+02
1.000000e+02, 2.262100e+02
1.000000e+02, 2.269506e+02
1.000000e+02, 2.276951e+02
1.000000e+02, 2.284434e+02
1.000000e+02, 2.291958e+02
1.000000e+02, 2.299520e+02
1.000000e+02, 2.307123e+02
1.000000e+02, 2.314766e+02
1.000000e+02, 2.322449e+02
1.000000e+02, 2.330173e+02
1.000000e+02, 2.337938e+02
1.000000e+02, 2.345744e+02
1.000000e+02, 2.353592e+02
1.000000e+02, 2.361481e+02
1.000000e+02, 2.369413e+02
1.000000e+02, 2.377387e+02
1.000000e+02, 2.385403e+02
1.000000e+02, 2.393462e+02
1.000000e+02, 2.401565e+02
1.000000e+02, 2.409711e+02
1.000000e+02, 2.417901e+02
1.000000e+02, 2.426135e+02
1.000000e+02, 2.434414e+02
1.000000e+02, 2.442737e+02
1.000000e+02, 2.451106e+02
1.000000e+02, 2.459520e+02
1.000000e+02, 2.467979e+02
1.000000e+02, 2.476485e+02
1.000000e+02, 2.485038e+02
1.000000e+02, 2.493637e+02
1.000000e+02, 2.502283e+02
1.000000e+02, 2.510977e+02
1.000000e+02, 2.519719e+02
1.000000e+02, 2.528510e+02
1.000000e+02, 2.537349e+02
1.000000e+02, 2.546237e+02
1.000000e+02, 2.555174e+02
1.000000e+02, 2.564162e+02
1.000000e+02, 2.573200e+02
1.000000e+02, 2.582288e+02
1.000000e+02, 2.591428e+02
1.000000e+02, 2.600619e+02
1.000000e+02, 2.609862e+02
1.000000e+02, 2.619158e+02
1.000000e+02, 2.628507e+02
1.000000e+02, 2.637909e+02
1.000000e+02, 2.647365e+02
1.000000e+02, 2.656875e+02
1.000000e+02, 2.666440e+02
1.000000e+02, 2.676060e+02
1.000000e+02, 2.685736e+02
1.000000e+02, 2.695468e+02
1.000000e+02, 2.705258e+02
1.000000e+02, 2.715104e+02
1.000000e+02, 2.725009e+02
1.000000e+02, 2.734972e+02
1.000000e+02, 2.744994e+02
1.000000e+02, 2.755075e+02
1.000000e+02, 2.765217e+02
1.000000e+02, 2.775420e+02
1.000000e+02, 2.785683e+02
1.000000e+02, 2.796009e+02
1.000000e+02, 2.806398e+02
1.000000e+02, 2.816850e+02
1.000000e+02, 2.827365e+02
1.000000e+02, 2.837946e+02
1.000000e+02, 2.848591e+02
1.000000e+02, 2.859303e+02
1.000000e+02, 2.870081e+02
1.000000e+02, 2.880926e+02
1.000000e+02, 2.891840e+02
1.000000e+02, 2.902823e+02
1.000000e+02, 2.913875e+02
1.000000e+02, 2.924998e+02
1.000000e+02, 2.936192e+02
1.000000e+02, 2.947458e+02
1.000000e+02, 2.958797e+02
1.000000e+02, 2.970209e+02
1.000000e+02, 2.981697e+02
1.000000e+02, 2.993260e+02
1.000000e+02, 3.004899e+02
1.000000e+02, 3.016616e+02
1.000000e+02, 3.028411e+02
1.000000e+02, 3.040286e+02
1.000000e+02, 3.052241e+02
1.000000e+02, 3.064277e+02
1.000000e+02, 3.076396e+02
1.000000e+02, 3.088598e+02
1.000000e+02, 3.100885e+02
1.000000e+02, 3.113258e+02
1.000000e+02, 3.125718e+02
1.000000e+02, 3.138265e+02
1.000000e+02, 3.150903e+02
1.000000e+02, 3.163631e+02
1.000000e+02, 3.176450e+02
1.000000e+02, 3.189363e+02
1.000000e+02, 3.202371e+02
1.000000e+02, 3.215475e+02
1.000000e+02, 3.228676e+02
1.000000e+02, 3.241976e+02
1.000000e+02, 3.255376e+02
1.000000e+02, 3.268879e+02
1.000000e+02, 3.282485e+02
1.000000e+02, 3.296196e+02
1.000000e+02, 3.310014e+02
1.000000e+02, 3.323941e+02
1.000000e+02, 3.337978e+02
1.000000e+02, 3.352128e+02
1.000000e+02, 3.366392e+02
1.000000e+02, 3.380772e+02
1.000000e+02, 3.395271e+02
1.000000e+02, 3.409890e+02
1.000000e+02, 3.424631e+02
1.000000e+02, 3.439498e+02
1.000000e+02, 3.454491e+02
1.000000e+02, 3.469614e+02
1.000000e+02, 3.484869e+02
1.000000e+02, 3.500258e+02
1.000000e+02, 3.515785e+02
1.000000e+02, 3.531451e+02
1.000000e+02, 3.547261e+02
1.000000e+02, 3.563216e+02
1.000000e+02, 3.579320e+02
1.000000e+02, 3.595576e+02
1.000000e+02, 1.198684e+00
1.000000e+02, 2.855675e+00
1.000000e+02, 4.528896e+00
1.000000e+02, 6.218716e+00
1.000000e+02, 7.925522e+00
1.000000e+02, 9.649716e+00
1.000000e+02, 1.139172e+01
1.000000e+02, 1.315197e+01
1.000000e+02, 1.493092e+01
1.000000e+02, 1.672905e+01
1.000000e+02, 1.854687e+01
1.000000e+02, 2.038488e+01
1.000000e+02, 2.224365e+01
1.000000e+02, 2.412374e+01
1.000000e+02, 2.602575e+01
1.000000e+02, 2.795033e+01
1.000000e+02, 2.989813e+01
1.000000e+02, 3.186985e+01
1.000000e+02, 3.386624e+01
1.000000e+02, 3.588807e+01
1.000000e+02, 3.793616e+01
1.000000e+02, 4.001137e+01
1.000000e+02, 4.211464e+01
1.000000e+02, 4.424694e+01
1.000000e+02, 4.640930e+01
1.000000e+02, 4.860282e+01
1.000000e+02, 5.082867e+01
1.000000e+02, 5.308812e+01
1.000000e+02, 5.538248e+01
1.000000e+02, 5.771320e+01
1.000000e+02, 6.008181e+01
1.000000e+02, 6.248995e+01
1.000000e+02, 6.493941e+01
1.000000e+02, 6.743211e+01
1.000000e+02, 6.997011e+01
1.000000e+02, 7.255568e+01
1.000000e+02, 7.519126e+01
1.000000e+02, 7.787953e+01
1.000000e+02, 8.062341e+01
1.000000e+02, 8.342614e+01
1.000000e+02, 8.629125e+01
1.000000e+02, 8.922268e+01
1.000000e+02, 9.222479e+01
1.000000e+02, 9.530248e+01
1.000000e+02, 9.846122e+01
1.000000e+02, 1.017072e+02
1.000000e+02, 1.050475e+02
1.000000e+02, 1.084902e+02
1.000000e+02, 1.120445e+02
1.000000e+02, 1.157214e+02
1.000000e+02, 1.195335e+02
1.000000e+02, 1.234960e+02
1.000000e+02, 1.276273e+02
1.000000e+02, 1.319495e+02
1.000000e+02, 1.364905e+02
1.000000e+02, 1.412858e+02
1.000000e+02, 1.463817e+02
1.000000e+02, 1.518406e+02
1.000000e+02, 1.577506e+02
1.000000e+02, 1.642430e+02
1.000000e+02, 1.715300e+02
1.000000e+02, 1.800000e+02
##END= 