##TITLE= /opt/topspin3.0/exp/stan/nmr/lists/wave/user/HypSec_trunc2.84_110
##JCAMP-DX= 5.00 Bruker JCAMP library
##DATA TYPE= Shape Data
##ORIGIN= Bruker BioSpin GmbH
##OWNER= <nmrsu>
##DATE= 15/02/24
##TIME= 16:15:04
##MINX= 1.164538e+01
##MAXX= 9.999960e+01
##MINY= 2.546774e-02
##MAXY= 3.585574e+02
##$SHAPE_EXMODE= Adiabatic
##$SHAPE_TOTROT= 1.800000e+02
##$SHAPE_BWFAC= 1.929340e+02
##$SHAPE_INTEGFAC= 2.356110e-02
##$SHAPE_MODE= 0
##NPOINTS= 1000
##XYPOINTS= (XY..XY)
1.000000e+02, 1.800000e+02
1.000000e+02, 1.744198e+02
1.000000e+02, 1.696189e+02
1.000000e+02, 1.653416e+02
1.000000e+02, 1.614479e+02
1.000000e+02, 1.578515e+02
1.000000e+02, 1.544942e+02
1.000000e+02, 1.513349e+02
1.000000e+02, 1.483432e+02
1.000000e+02, 1.454956e+02
1.000000e+02, 1.427739e+02
1.000000e+02, 1.401633e+02
1.000000e+02, 1.376517e+02
1.000000e+02, 1.352293e+02
1.000000e+02, 1.328876e+02
1.000000e+02, 1.306195e+02
1.000000e+02, 1.284189e+02
1.000000e+02, 1.262803e+02
1.000000e+02, 1.241993e+02
1.000000e+02, 1.221716e+02
1.000000e+02, 1.201938e+02
1.000000e+02, 1.182625e+02
1.000000e+02, 1.163749e+02
1.000000e+02, 1.145284e+02
1.000000e+02, 1.127206e+02
1.000000e+02, 1.109495e+02
1.000000e+02, 1.092131e+02
1.000000e+02, 1.075097e+02
1.000000e+02, 1.058376e+02
1.000000e+02, 1.041954e+02
1.000000e+02, 1.025816e+02
1.000000e+02, 1.009951e+02
1.000000e+02, 9.943458e+01
1.000000e+02, 9.789904e+01
1.000000e+02, 9.638746e+01
1.000000e+02, 9.489889e+01
1.000000e+02, 9.343244e+01
1.000000e+02, 9.198730e+01
1.000000e+02, 9.056269e+01
1.000000e+02, 8.915788e+01
1.000000e+02, 8.777220e+01
1.000000e+02, 8.640499e+01
1.000000e+02, 8.505566e+01
1.000000e+02, 8.372364e+01
1.000000e+02, 8.240837e+01
1.000000e+02, 8.110935e+01
1.000000e+02, 7.982610e+01
1.000000e+02, 7.855814e+01
1.000000e+02, 7.730505e+01
1.000000e+02, 7.606640e+01
1.000000e+02, 7.484180e+01
1.000000e+02, 7.363087e+01
1.000000e+02, 7.243326e+01
1.000000e+02, 7.124860e+01
1.000000e+02, 7.007659e+01
1.000000e+02, 6.891689e+01
1.000000e+02, 6.776922e+01
1.000000e+02, 6.663328e+01
1.000000e+02, 6.550880e+01
1.000000e+02, 6.439550e+01
1.000000e+02, 6.329315e+01
1.000000e+02, 6.220148e+01
1.000000e+02, 6.112027e+01
1.000000e+02, 6.004930e+01
1.000000e+02, 5.898833e+01
1.000000e+02, 5.793717e+01
1.000000e+02, 5.689561e+01
1.000000e+02, 5.586346e+01
1.000000e+02, 5.484053e+01
1.000000e+02, 5.382664e+01
1.000000e+02, 5.282161e+01
1.000000e+02, 5.182528e+01
1.000000e+02, 5.083748e+01
1.000000e+02, 4.985805e+01
1.000000e+02, 4.888685e+01
1.000000e+02, 4.792372e+01
1.000000e+02, 4.696852e+01
1.000000e+02, 4.602112e+01
1.000000e+02, 4.508137e+01
1.000000e+02, 4.414915e+01
1.000000e+02, 4.322434e+01
1.000000e+02, 4.230680e+01
1.000000e+02, 4.139642e+01
1.000000e+02, 4.049309e+01
1.000000e+02, 3.959670e+01
1.000000e+02, 3.870713e+01
1.000000e+02, 3.782428e+01
1.000000e+02, 3.694804e+01
1.000000e+02, 3.607833e+01
1.000000e+02, 3.521503e+01
1.000000e+02, 3.435805e+01
1.000000e+02, 3.350731e+01
1.000000e+02, 3.266272e+01
1.000000e+02, 3.182417e+01
1.000000e+02, 3.099160e+01
1.000000e+02, 3.016492e+01
1.000000e+02, 2.934405e+01
1.000000e+02, 2.852890e+01
1.000000e+02, 2.771941e+01
1.000000e+02, 2.691549e+01
1.000000e+02, 2.611707e+01
1.000000e+02, 2.532409e+01
1.000000e+02, 2.453647e+01
1.000000e+02, 2.375415e+01
1.000000e+02, 2.297705e+01
1.000000e+02, 2.220512e+01
1.000000e+02, 2.143828e+01
1.000000e+02, 2.067649e+01
1.000000e+02, 1.991967e+01
1.000000e+02, 1.916777e+01
1.000000e+02, 1.842074e+01
1.000000e+02, 1.767850e+01
1.000000e+02, 1.694102e+01
1.000000e+02, 1.620823e+01
1.000000e+02, 1.548008e+01
1.000000e+02, 1.475652e+01
1.000000e+02, 1.403750e+01
1.000000e+02, 1.332296e+01
1.000000e+02, 1.261287e+01
1.000000e+02, 1.190717e+01
1.000000e+02, 1.120582e+01
1.000000e+02, 1.050877e+01
1.000000e+02, 9.815969e+00
1.000000e+02, 9.127382e+00
1.000000e+02, 8.442963e+00
1.000000e+02, 7.762669e+00
1.000000e+02, 7.086460e+00
1.000000e+02, 6.414295e+00
1.000000e+02, 5.746133e+00
1.000000e+02, 5.081935e+00
1.000000e+02, 4.421664e+00
1.000000e+02, 3.765281e+00
1.000000e+02, 3.112750e+00
1.000000e+02, 2.464034e+00
1.000000e+02, 1.819097e+00
1.000000e+02, 1.177905e+00
1.000000e+02, 5.404227e-01
1.000000e+02, 3.599066e+02
1.000000e+02, 3.592765e+02
1.000000e+02, 3.586499e+02
1.000000e+02, 3.580269e+02
1.000000e+02, 3.574075e+02
1.000000e+02, 3.567916e+02
1.000000e+02, 3.561792e+02
1.000000e+02, 3.555702e+02
1.000000e+02, 3.549647e+02
1.000000e+02, 3.543625e+02
1.000000e+02, 3.537637e+02
1.000000e+02, 3.531683e+02
1.000000e+02, 3.525762e+02
1.000000e+02, 3.519874e+02
1.000000e+02, 3.514018e+02
1.000000e+02, 3.508195e+02
1.000000e+02, 3.502403e+02
1.000000e+02, 3.496644e+02
1.000000e+02, 3.490916e+02
1.000000e+02, 3.485220e+02
1.000000e+02, 3.479554e+02
1.000000e+02, 3.473920e+02
1.000000e+02, 3.468316e+02
1.000000e+02, 3.462742e+02
1.000000e+02, 3.457199e+02
1.000000e+02, 3.451686e+02
1.000000e+02, 3.446202e+02
1.000000e+02, 3.440748e+02
1.000000e+02, 3.435323e+02
1.000000e+02, 3.429927e+02
1.000000e+02, 3.424560e+02
1.000000e+02, 3.419222e+02
1.000000e+02, 3.413913e+02
1.000000e+02, 3.408631e+02
1.000000e+02, 3.403378e+02
1.000000e+02, 3.398152e+02
1.000000e+02, 3.392955e+02
1.000000e+02, 3.387785e+02
1.000000e+02, 3.382642e+02
1.000000e+02, 3.377526e+02
1.000000e+02, 3.372437e+02
1.000000e+02, 3.367375e+02
1.000000e+02, 3.362340e+02
1.000000e+02, 3.357331e+02
1.000000e+02, 3.352349e+02
1.000000e+02, 3.347392e+02
1.000000e+02, 3.342462e+02
1.000000e+02, 3.337557e+02
1.000000e+02, 3.332678e+02
1.000000e+02, 3.327824e+02
1.000000e+02, 3.322996e+02
1.000000e+02, 3.318193e+02
1.000000e+02, 3.313415e+02
1.000000e+02, 3.308661e+02
1.000000e+02, 3.303933e+02
1.000000e+02, 3.299229e+02
1.000000e+02, 3.294549e+02
1.000000e+02, 3.289894e+02
1.000000e+02, 3.285263e+02
1.000000e+02, 3.280655e+02
1.000000e+02, 3.276072e+02
1.000000e+02, 3.271513e+02
1.000000e+02, 3.266977e+02
1.000000e+02, 3.262464e+02
1.000000e+02, 3.257975e+02
1.000000e+02, 3.253509e+02
1.000000e+02, 3.249066e+02
1.000000e+02, 3.244646e+02
1.000000e+02, 3.240249e+02
1.000000e+02, 3.235875e+02
1.000000e+02, 3.231523e+02
1.000000e+02, 3.227193e+02
1.000000e+02, 3.222886e+02
1.000000e+02, 3.218602e+02
1.000000e+02, 3.214339e+02
1.000000e+02, 3.210098e+02
1.000000e+02, 3.205880e+02
1.000000e+02, 3.201683e+02
1.000000e+02, 3.197507e+02
1.000000e+02, 3.193354e+02
1.000000e+02, 3.189221e+02
1.000000e+02, 3.185111e+02
1.000000e+02, 3.181021e+02
1.000000e+02, 3.176952e+02
1.000000e+02, 3.172905e+02
1.000000e+02, 3.168878e+02
1.000000e+02, 3.164873e+02
1.000000e+02, 3.160888e+02
1.000000e+02, 3.156923e+02
1.000000e+02, 3.152980e+02
1.000000e+02, 3.149056e+02
1.000000e+02, 3.145153e+02
1.000000e+02, 3.141271e+02
1.000000e+02, 3.137408e+02
1.000000e+02, 3.133566e+02
1.000000e+02, 3.129743e+02
1.000000e+02, 3.125941e+02
1.000000e+02, 3.122158e+02
1.000000e+02, 3.118395e+02
1.000000e+02, 3.114652e+02
1.000000e+02, 3.110928e+02
1.000000e+02, 3.107224e+02
1.000000e+02, 3.103539e+02
1.000000e+02, 3.099873e+02
1.000000e+02, 3.096227e+02
1.000000e+02, 3.092600e+02
1.000000e+02, 3.088991e+02
1.000000e+02, 3.085402e+02
1.000000e+02, 3.081832e+02
1.000000e+02, 3.078280e+02
1.000000e+02, 3.074748e+02
1.000000e+02, 3.071234e+02
1.000000e+02, 3.067738e+02
1.000000e+02, 3.064262e+02
1.000000e+02, 3.060803e+02
1.000000e+02, 3.057363e+02
1.000000e+02, 3.053941e+02
1.000000e+02, 3.050538e+02
1.000000e+02, 3.047153e+02
1.000000e+02, 3.043785e+02
1.000000e+02, 3.040436e+02
1.000000e+02, 3.037105e+02
1.000000e+02, 3.033792e+02
1.000000e+02, 3.030496e+02
1.000000e+02, 3.027219e+02
1.000000e+02, 3.023959e+02
1.000000e+02, 3.020716e+02
1.000000e+02, 3.017492e+02
1.000000e+02, 3.014284e+02
1.000000e+02, 3.011094e+02
1.000000e+02, 3.007922e+02
1.000000e+02, 3.004767e+02
1.000000e+02, 3.001629e+02
1.000000e+02, 2.998508e+02
1.000000e+02, 2.995405e+02
1.000000e+02, 2.992318e+02
1.000000e+02, 2.989249e+02
1.000000e+02, 2.986197e+02
1.000000e+02, 2.983161e+02
1.000000e+02, 2.980142e+02
1.000000e+02, 2.977141e+02
1.000000e+02, 2.974155e+02
1.000000e+02, 2.971187e+02
1.000000e+02, 2.968235e+02
1.000000e+02, 2.965300e+02
1.000000e+02, 2.962381e+02
1.000000e+02, 2.959479e+02
1.000000e+02, 2.956593e+02
1.000000e+02, 2.953724e+02
1.000000e+02, 2.950871e+02
1.000000e+02, 2.948034e+02
1.000000e+02, 2.945213e+02
1.000000e+02, 2.942409e+02
1.000000e+02, 2.939621e+02
1.000000e+02, 2.936848e+02
1.000000e+02, 2.934092e+02
1.000000e+02, 2.931352e+02
1.000000e+02, 2.928627e+02
1.000000e+02, 2.925919e+02
1.000000e+02, 2.923226e+02
1.000000e+02, 2.920550e+02
1.000000e+02, 2.917888e+02
1.000000e+02, 2.915243e+02
1.000000e+02, 2.912613e+02
1.000000e+02, 2.909999e+02
1.000000e+02, 2.907401e+02
1.000000e+02, 2.904818e+02
1.000000e+02, 2.902250e+02
1.000000e+02, 2.899698e+02
1.000000e+02, 2.897161e+02
1.000000e+02, 2.894640e+02
1.000000e+02, 2.892134e+02
1.000000e+02, 2.889643e+02
1.000000e+02, 2.887167e+02
1.000000e+02, 2.884707e+02
1.000000e+02, 2.882262e+02
1.000000e+02, 2.879831e+02
1.000000e+02, 2.877416e+02
1.000000e+02, 2.875016e+02
1.000000e+02, 2.872631e+02
1.000000e+02, 2.870261e+02
1.000000e+02, 2.867906e+02
1.000000e+02, 2.865566e+02
1.000000e+02, 2.863240e+02
1.000000e+02, 2.860930e+02
1.000000e+02, 2.858634e+02
1.000000e+02, 2.856352e+02
1.000000e+02, 2.854086e+02
1.000000e+02, 2.851834e+02
1.000000e+02, 2.849597e+02
1.000000e+02, 2.847375e+02
1.000000e+02, 2.845167e+02
1.000000e+02, 2.842973e+02
1.000000e+02, 2.840794e+02
1.000000e+02, 2.838630e+02
1.000000e+02, 2.836480e+02
1.000000e+02, 2.834344e+02
1.000000e+02, 2.832223e+02
1.000000e+02, 2.830116e+02
1.000000e+02, 2.828023e+02
1.000000e+02, 2.825944e+02
1.000000e+02, 2.823880e+02
1.000000e+02, 2.821830e+02
1.000000e+02, 2.819795e+02
1.000000e+02, 2.817773e+02
1.000000e+02, 2.815765e+02
1.000000e+02, 2.813772e+02
1.000000e+02, 2.811793e+02
1.000000e+02, 2.809827e+02
1.000000e+02, 2.807876e+02
1.000000e+02, 2.805938e+02
1.000000e+02, 2.804015e+02
1.000000e+02, 2.802106e+02
1.000000e+02, 2.800210e+02
1.000000e+02, 2.798328e+02
1.000000e+02, 2.796460e+02
1.000000e+02, 2.794606e+02
1.000000e+02, 2.792766e+02
1.000000e+02, 2.790939e+02
1.000000e+02, 2.789126e+02
1.000000e+02, 2.787327e+02
1.000000e+02, 2.785542e+02
1.000000e+02, 2.783770e+02
1.000000e+02, 2.782012e+02
1.000000e+02, 2.780267e+02
1.000000e+02, 2.778536e+02
1.000000e+02, 2.776819e+02
1.000000e+02, 2.775115e+02
1.000000e+02, 2.773425e+02
1.000000e+02, 2.771748e+02
1.000000e+02, 2.770084e+02
1.000000e+02, 2.768434e+02
1.000000e+02, 2.766798e+02
1.000000e+02, 2.765174e+02
1.000000e+02, 2.763565e+02
1.000000e+02, 2.761968e+02
1.000000e+02, 2.760385e+02
1.000000e+02, 2.758815e+02
1.000000e+02, 2.757259e+02
1.000000e+02, 2.755715e+02
1.000000e+02, 2.754185e+02
1.000000e+02, 2.752669e+02
1.000000e+02, 2.751165e+02
1.000000e+02, 2.749675e+02
1.000000e+02, 2.748197e+02
1.000000e+02, 2.746733e+02
1.000000e+02, 2.745282e+02
1.000000e+02, 2.743844e+02
1.000000e+02, 2.742419e+02
1.000000e+02, 2.741008e+02
1.000000e+02, 2.739609e+02
1.000000e+02, 2.738223e+02
1.000000e+02, 2.736851e+02
1.000000e+02, 2.735491e+02
1.000000e+02, 2.734144e+02
1.000000e+02, 2.732811e+02
1.000000e+02, 2.731490e+02
1.000000e+02, 2.730182e+02
1.000000e+02, 2.728887e+02
1.000000e+02, 2.727605e+02
1.000000e+02, 2.726336e+02
1.000000e+02, 2.725079e+02
1.000000e+02, 2.723836e+02
1.000000e+02, 2.722605e+02
1.000000e+02, 2.721387e+02
1.000000e+02, 2.720182e+02
1.000000e+02, 2.718990e+02
1.000000e+02, 2.717811e+02
1.000000e+02, 2.716644e+02
1.000000e+02, 2.715490e+02
1.000000e+02, 2.714348e+02
1.000000e+02, 2.713220e+02
1.000000e+02, 2.712104e+02
1.000000e+02, 2.711000e+02
1.000000e+02, 2.709910e+02
1.000000e+02, 2.708832e+02
1.000000e+02, 2.707766e+02
1.000000e+02, 2.706714e+02
1.000000e+02, 2.705674e+02
1.000000e+02, 2.704646e+02
1.000000e+02, 2.703631e+02
1.000000e+02, 2.702629e+02
1.000000e+02, 2.701639e+02
1.000000e+02, 2.700662e+02
1.000000e+02, 2.699697e+02
1.000000e+02, 2.698745e+02
1.000000e+02, 2.697805e+02
1.000000e+02, 2.696878e+02
1.000000e+02, 2.695963e+02
1.000000e+02, 2.695060e+02
1.000000e+02, 2.694171e+02
1.000000e+02, 2.693293e+02
1.000000e+02, 2.692428e+02
1.000000e+02, 2.691576e+02
1.000000e+02, 2.690736e+02
1.000000e+02, 2.689908e+02
1.000000e+02, 2.689093e+02
1.000000e+02, 2.688290e+02
1.000000e+02, 2.687499e+02
1.000000e+02, 2.686721e+02
1.000000e+02, 2.685955e+02
1.000000e+02, 2.685202e+02
1.000000e+02, 2.684460e+02
1.000000e+02, 2.683732e+02
1.000000e+02, 2.683015e+02
1.000000e+02, 2.682311e+02
1.000000e+02, 2.681619e+02
1.000000e+02, 2.680939e+02
1.000000e+02, 2.680272e+02
1.000000e+02, 2.679617e+02
1.000000e+02, 2.678974e+02
1.000000e+02, 2.678344e+02
1.000000e+02, 2.677725e+02
1.000000e+02, 2.677119e+02
1.000000e+02, 2.676526e+02
1.000000e+02, 2.675944e+02
1.000000e+02, 2.675375e+02
1.000000e+02, 2.674818e+02
1.000000e+02, 2.674273e+02
1.000000e+02, 2.673740e+02
1.000000e+02, 2.673220e+02
1.000000e+02, 2.672711e+02
1.000000e+02, 2.672215e+02
1.000000e+02, 2.671731e+02
1.000000e+02, 2.671259e+02
1.000000e+02, 2.670800e+02
1.000000e+02, 2.670352e+02
1.000000e+02, 2.669917e+02
1.000000e+02, 2.669494e+02
1.000000e+02, 2.669083e+02
1.000000e+02, 2.668684e+02
1.000000e+02, 2.668297e+02
1.000000e+02, 2.667923e+02
1.000000e+02, 2.667560e+02
1.000000e+02, 2.667210e+02
1.000000e+02, 2.666872e+02
1.000000e+02, 2.666546e+02
1.000000e+02, 2.666232e+02
1.000000e+02, 2.665930e+02
1.000000e+02, 2.665640e+02
1.000000e+02, 2.665362e+02
1.000000e+02, 2.665097e+02
1.000000e+02, 2.664843e+02
1.000000e+02, 2.664602e+02
1.000000e+02, 2.664373e+02
1.000000e+02, 2.664155e+02
1.000000e+02, 2.663950e+02
1.000000e+02, 2.663757e+02
1.000000e+02, 2.663576e+02
1.000000e+02, 2.663407e+02
1.000000e+02, 2.663251e+02
1.000000e+02, 2.663106e+02
1.000000e+02, 2.662973e+02
1.000000e+02, 2.662852e+02
1.000000e+02, 2.662744e+02
1.000000e+02, 2.662647e+02
1.000000e+02, 2.662563e+02
1.000000e+02, 2.662491e+02
1.000000e+02, 2.662430e+02
1.000000e+02, 2.662382e+02
1.000000e+02, 2.662346e+02
1.000000e+02, 2.662322e+02
1.000000e+02, 2.662310e+02
1.000000e+02, 2.662310e+02
1.000000e+02, 2.662322e+02
1.000000e+02, 2.662346e+02
1.000000e+02, 2.662382e+02
1.000000e+02, 2.662430e+02
1.000000e+02, 2.662491e+02
1.000000e+02, 2.662563e+02
1.000000e+02, 2.662647e+02
1.000000e+02, 2.662744e+02
1.000000e+02, 2.662852e+02
1.000000e+02, 2.662973e+02
1.000000e+02, 2.663106e+02
1.000000e+02, 2.663251e+02
1.000000e+02, 2.663407e+02
1.000000e+02, 2.663576e+02
1.000000e+02, 2.663757e+02
1.000000e+02, 2.663950e+02
1.000000e+02, 2.664155e+02
1.000000e+02, 2.664373e+02
1.000000e+02, 2.664602e+02
1.000000e+02, 2.664843e+02
1.000000e+02, 2.665097e+02
1.000000e+02, 2.665362e+02
1.000000e+02, 2.665640e+02
1.000000e+02, 2.665930e+02
1.000000e+02, 2.666232e+02
1.000000e+02, 2.666546e+02
1.000000e+02, 2.666872e+02
1.000000e+02, 2.667210e+02
1.000000e+02, 2.667560e+02
1.000000e+02, 2.667923e+02
1.000000e+02, 2.668297e+02
1.000000e+02, 2.668684e+02
1.000000e+02, 2.669083e+02
1.000000e+02, 2.669494e+02
1.000000e+02, 2.669917e+02
1.000000e+02, 2.670352e+02
1.000000e+02, 2.670800e+02
1.000000e+02, 2.671259e+02
1.000000e+02, 2.671731e+02
1.000000e+02, 2.672215e+02
1.000000e+02, 2.672711e+02
1.000000e+02, 2.673220e+02
1.000000e+02, 2.673740e+02
1.000000e+02, 2.674273e+02
1.000000e+02, 2.674818e+02
1.000000e+02, 2.675375e+02
1.000000e+02, 2.675944e+02
1.000000e+02, 2.676526e+02
1.000000e+02, 2.677119e+02
1.000000e+02, 2.677725e+02
1.000000e+02, 2.678344e+02
1.000000e+02, 2.678974e+02
1.000000e+02, 2.679617e+02
1.000000e+02, 2.680272e+02
1.000000e+02, 2.680939e+02
1.000000e+02, 2.681619e+02
1.000000e+02, 2.682311e+02
1.000000e+02, 2.683015e+02
1.000000e+02, 2.683732e+02
1.000000e+02, 2.684460e+02
1.000000e+02, 2.685202e+02
1.000000e+02, 2.685955e+02
1.000000e+02, 2.686721e+02
1.000000e+02, 2.687499e+02
1.000000e+02, 2.688290e+02
1.000000e+02, 2.689093e+02
1.000000e+02, 2.689908e+02
1.000000e+02, 2.690736e+02
1.000000e+02, 2.691576e+02
1.000000e+02, 2.692428e+02
1.000000e+02, 2.693293e+02
1.000000e+02, 2.694171e+02
1.000000e+02, 2.695060e+02
1.000000e+02, 2.695963e+02
1.000000e+02, 2.696878e+02
1.000000e+02, 2.697805e+02
1.000000e+02, 2.698745e+02
1.000000e+02, 2.699697e+02
1.000000e+02, 2.700662e+02
1.000000e+02, 2.701639e+02
1.000000e+02, 2.702629e+02
1.000000e+02, 2.703631e+02
1.000000e+02, 2.704646e+02
1.000000e+02, 2.705674e+02
1.000000e+02, 2.706714e+02
1.000000e+02, 2.707766e+02
1.000000e+02, 2.708832e+02
1.000000e+02, 2.709910e+02
1.000000e+02, 2.711000e+02
1.000000e+02, 2.712104e+02
1.000000e+02, 2.713220e+02
1.000000e+02, 2.714348e+02
1.000000e+02, 2.715490e+02
1.000000e+02, 2.716644e+02
1.000000e+02, 2.717811e+02
1.000000e+02, 2.718990e+02
1.000000e+02, 2.720182e+02
1.000000e+02, 2.721387e+02
1.000000e+02, 2.722605e+02
1.000000e+02, 2.723836e+02
1.000000e+02, 2.725079e+02
1.000000e+02, 2.726336e+02
1.000000e+02, 2.727605e+02
1.000000e+02, 2.728887e+02
1.000000e+02, 2.730182e+02
1.000000e+02, 2.731490e+02
1.000000e+02, 2.732811e+02
1.000000e+02, 2.734144e+02
1.000000e+02, 2.735491e+02
1.000000e+02, 2.736851e+02
1.000000e+02, 2.738223e+02
1.000000e+02, 2.739609e+02
1.000000e+02, 2.741008e+02
1.000000e+02, 2.742419e+02
1.000000e+02, 2.743844e+02
1.000000e+02, 2.745282e+02
1.000000e+02, 2.746733e+02
1.000000e+02, 2.748197e+02
1.000000e+02, 2.749675e+02
1.000000e+02, 2.751165e+02
1.000000e+02, 2.752669e+02
1.000000e+02, 2.754185e+02
1.000000e+02, 2.755715e+02
1.000000e+02, 2.757259e+02
1.000000e+02, 2.758815e+02
1.000000e+02, 2.760385e+02
1.000000e+02, 2.761968e+02
1.000000e+02, 2.763565e+02
1.000000e+02, 2.765174e+02
1.000000e+02, 2.766798e+02
1.000000e+02, 2.768434e+02
1.000000e+02, 2.770084e+02
1.000000e+02, 2.771748e+02
1.000000e+02, 2.773425e+02
1.000000e+02, 2.775115e+02
1.000000e+02, 2.776819e+02
1.000000e+02, 2.778536e+02
1.000000e+02, 2.780267e+02
1.000000e+02, 2.782012e+02
1.000000e+02, 2.783770e+02
1.000000e+02, 2.785542e+02
1.000000e+02, 2.787327e+02
1.000000e+02, 2.789126e+02
1.000000e+02, 2.790939e+02
1.000000e+02, 2.792766e+02
1.000000e+02, 2.794606e+02
1.000000e+02, 2.796460e+02
1.000000e+02, 2.798328e+02
1.000000e+02, 2.800210e+02
1.000000e+02, 2.802106e+02
1.000000e+02, 2.804015e+02
1.000000e+02, 2.805938e+02
1.000000e+02, 2.807876e+02
1.000000e+02, 2.809827e+02
1.000000e+02, 2.811793e+02
1.000000e+02, 2.813772e+02
1.000000e+02, 2.815765e+02
1.000000e+02, 2.817773e+02
1.000000e+02, 2.819795e+02
1.000000e+02, 2.821830e+02
1.000000e+02, 2.823880e+02
1.000000e+02, 2.825944e+02
1.000000e+02, 2.828023e+02
1.000000e+02, 2.830116e+02
1.000000e+02, 2.832223e+02
1.000000e+02, 2.834344e+02
1.000000e+02, 2.836480e+02
1.000000e+02, 2.838630e+02
1.000000e+02, 2.840794e+02
1.000000e+02, 2.842973e+02
1.000000e+02, 2.845167e+02
1.000000e+02, 2.847375e+02
1.000000e+02, 2.849597e+02
1.000000e+02, 2.851834e+02
1.000000e+02, 2.854086e+02
1.000000e+02, 2.856352e+02
1.000000e+02, 2.858634e+02
1.000000e+02, 2.860930e+02
1.000000e+02, 2.863240e+02
1.000000e+02, 2.865566e+02
1.000000e+02, 2.867906e+02
1.000000e+02, 2.870261e+02
1.000000e+02, 2.872631e+02
1.000000e+02, 2.875016e+02
1.000000e+02, 2.877416e+02
1.000000e+02, 2.879831e+02
1.000000e+02, 2.882262e+02
1.000000e+02, 2.884707e+02
1.000000e+02, 2.887167e+02
1.000000e+02, 2.889643e+02
1.000000e+02, 2.892134e+02
1.000000e+02, 2.894640e+02
1.000000e+02, 2.897161e+02
1.000000e+02, 2.899698e+02
1.000000e+02, 2.902250e+02
1.000000e+02, 2.904818e+02
1.000000e+02, 2.907401e+02
1.000000e+02, 2.909999e+02
1.000000e+02, 2.912613e+02
1.000000e+02, 2.915243e+02
1.000000e+02, 2.917888e+02
1.000000e+02, 2.920550e+02
1.000000e+02, 2.923226e+02
1.000000e+02, 2.925919e+02
1.000000e+02, 2.928628e+02
1.000000e+02, 2.931352e+02
1.000000e+02, 2.934092e+02
1.000000e+02, 2.936848e+02
1.000000e+02, 2.939621e+02
1.000000e+02, 2.942409e+02
1.000000e+02, 2.945213e+02
1.000000e+02, 2.948034e+02
1.000000e+02, 2.950871e+02
1.000000e+02, 2.953724e+02
1.000000e+02, 2.956593e+02
1.000000e+02, 2.959479e+02
1.000000e+02, 2.962381e+02
1.000000e+02, 2.965300e+02
1.000000e+02, 2.968235e+02
1.000000e+02, 2.971187e+02
1.000000e+02, 2.974155e+02
1.000000e+02, 2.977141e+02
1.000000e+02, 2.980142e+02
1.000000e+02, 2.983161e+02
1.000000e+02, 2.986197e+02
1.000000e+02, 2.989249e+02
1.000000e+02, 2.992318e+02
1.000000e+02, 2.995405e+02
1.000000e+02, 2.998508e+02
1.000000e+02, 3.001629e+02
1.000000e+02, 3.004767e+02
1.000000e+02, 3.007922e+02
1.000000e+02, 3.011094e+02
1.000000e+02, 3.014284e+02
1.000000e+02, 3.017492e+02
1.000000e+02, 3.020716e+02
1.000000e+02, 3.023959e+02
1.000000e+02, 3.027219e+02
1.000000e+02, 3.030496e+02
1.000000e+02, 3.033792e+02
1.000000e+02, 3.037105e+02
1.000000e+02, 3.040436e+02
1.000000e+02, 3.043785e+02
1.000000e+02, 3.047153e+02
1.000000e+02, 3.050538e+02
1.000000e+02, 3.053941e+02
1.000000e+02, 3.057363e+02
1.000000e+02, 3.060803e+02
1.000000e+02, 3.064262e+02
1.000000e+02, 3.067738e+02
1.000000e+02, 3.071234e+02
1.000000e+02, 3.074748e+02
1.000000e+02, 3.078280e+02
1.000000e+02, 3.081832e+02
1.000000e+02, 3.085402e+02
1.000000e+02, 3.088991e+02
1.000000e+02, 3.092600e+02
1.000000e+02, 3.096227e+02
1.000000e+02, 3.099873e+02
1.000000e+02, 3.103539e+02
1.000000e+02, 3.107224e+02
1.000000e+02, 3.110928e+02
1.000000e+02, 3.114652e+02
1.000000e+02, 3.118395e+02
1.000000e+02, 3.122158e+02
1.000000e+02, 3.125941e+02
1.000000e+02, 3.129743e+02
1.000000e+02, 3.133566e+02
1.000000e+02, 3.137408e+02
1.000000e+02, 3.141271e+02
1.000000e+02, 3.145153e+02
1.000000e+02, 3.149056e+02
1.000000e+02, 3.152980e+02
1.000000e+02, 3.156923e+02
1.000000e+02, 3.160888e+02
1.000000e+02, 3.164873e+02
1.000000e+02, 3.168878e+02
1.000000e+02, 3.172905e+02
1.000000e+02, 3.176952e+02
1.000000e+02, 3.181021e+02
1.000000e+02, 3.185111e+02
1.000000e+02, 3.189221e+02
1.000000e+02, 3.193354e+02
1.000000e+02, 3.197507e+02
1.000000e+02, 3.201683e+02
1.000000e+02, 3.205880e+02
1.000000e+02, 3.210098e+02
1.000000e+02, 3.214339e+02
1.000000e+02, 3.218602e+02
1.000000e+02, 3.222887e+02
1.000000e+02, 3.227194e+02
1.000000e+02, 3.231523e+02
1.000000e+02, 3.235875e+02
1.000000e+02, 3.240249e+02
1.000000e+02, 3.244646e+02
1.000000e+02, 3.249066e+02
1.000000e+02, 3.253509e+02
1.000000e+02, 3.257975e+02
1.000000e+02, 3.262464e+02
1.000000e+02, 3.266977e+02
1.000000e+02, 3.271513e+02
1.000000e+02, 3.276072e+02
1.000000e+02, 3.280655e+02
1.000000e+02, 3.285263e+02
1.000000e+02, 3.289894e+02
1.000000e+02, 3.294549e+02
1.000000e+02, 3.299229e+02
1.000000e+02, 3.303933e+02
1.000000e+02, 3.308661e+02
1.000000e+02, 3.313415e+02
1.000000e+02, 3.318193e+02
1.000000e+02, 3.322996e+02
1.000000e+02, 3.327824e+02
1.000000e+02, 3.332678e+02
1.000000e+02, 3.337557e+02
1.000000e+02, 3.342462e+02
1.000000e+02, 3.347392e+02
1.000000e+02, 3.352349e+02
1.000000e+02, 3.357331e+02
1.000000e+02, 3.362340e+02
1.000000e+02, 3.367375e+02
1.000000e+02, 3.372437e+02
1.000000e+02, 3.377526e+02
1.000000e+02, 3.382642e+02
1.000000e+02, 3.387785e+02
1.000000e+02, 3.392955e+02
1.000000e+02, 3.398152e+02
1.000000e+02, 3.403378e+02
1.000000e+02, 3.408631e+02
1.000000e+02, 3.413913e+02
1.000000e+02, 3.419222e+02
1.000000e+02, 3.424560e+02
1.000000e+02, 3.429927e+02
1.000000e+02, 3.435323e+02
1.000000e+02, 3.440748e+02
1.000000e+02, 3.446202e+02
1.000000e+02, 3.451686e+02
1.000000e+02, 3.457199e+02
1.000000e+02, 3.462742e+02
1.000000e+02, 3.468316e+02
1.000000e+02, 3.473920e+02
1.000000e+02, 3.479554e+02
1.000000e+02, 3.485220e+02
1.000000e+02, 3.490916e+02
1.000000e+02, 3.496644e+02
1.000000e+02, 3.502403e+02
1.000000e+02, 3.508195e+02
1.000000e+02, 3.514018e+02
1.000000e+02, 3.519874e+02
1.000000e+02, 3.525762e+02
1.000000e+02, 3.531683e+02
1.000000e+02, 3.537637e+02
1.000000e+02, 3.543625e+02
1.000000e+02, 3.549647e+02
1.000000e+02, 3.555702e+02
1.000000e+02, 3.561792e+02
1.000000e+02, 3.567916e+02
1.000000e+02, 3.574075e+02
1.000000e+02, 3.580269e+02
1.000000e+02, 3.586499e+02
1.000000e+02, 3.592765e+02
1.000000e+02, 3.599066e+02
1.000000e+02, 5.404251e-01
1.000000e+02, 1.177907e+00
1.000000e+02, 1.819099e+00
1.000000e+02, 2.464036e+00
1.000000e+02, 3.112752e+00
1.000000e+02, 3.765284e+00
1.000000e+02, 4.421667e+00
1.000000e+02, 5.081938e+00
1.000000e+02, 5.746135e+00
1.000000e+02, 6.414297e+00
1.000000e+02, 7.086463e+00
1.000000e+02, 7.762672e+00
1.000000e+02, 8.442965e+00
1.000000e+02, 9.127385e+00
1.000000e+02, 9.815972e+00
1.000000e+02, 1.050877e+01
1.000000e+02, 1.120582e+01
1.000000e+02, 1.190718e+01
1.000000e+02, 1.261288e+01
1.000000e+02, 1.332297e+01
1.000000e+02, 1.403750e+01
1.000000e+02, 1.475652e+01
1.000000e+02, 1.548008e+01
1.000000e+02, 1.620823e+01
1.000000e+02, 1.694102e+01
1.000000e+02, 1.767851e+01
1.000000e+02, 1.842074e+01
1.000000e+02, 1.916778e+01
1.000000e+02, 1.991968e+01
1.000000e+02, 2.067649e+01
1.000000e+02, 2.143829e+01
1.000000e+02, 2.220512e+01
1.000000e+02, 2.297705e+01
1.000000e+02, 2.375415e+01
1.000000e+02, 2.453647e+01
1.000000e+02, 2.532409e+01
1.000000e+02, 2.611708e+01
1.000000e+02, 2.691549e+01
1.000000e+02, 2.771941e+01
1.000000e+02, 2.852890e+01
1.000000e+02, 2.934405e+01
1.000000e+02, 3.016492e+01
1.000000e+02, 3.099161e+01
1.000000e+02, 3.182418e+01
1.000000e+02, 3.266272e+01
1.000000e+02, 3.350732e+01
1.000000e+02, 3.435806e+01
1.000000e+02, 3.521503e+01
1.000000e+02, 3.607833e+01
1.000000e+02, 3.694805e+01
1.000000e+02, 3.782428e+01
1.000000e+02, 3.870713e+01
1.000000e+02, 3.959670e+01
1.000000e+02, 4.049310e+01
1.000000e+02, 4.139643e+01
1.000000e+02, 4.230680e+01
1.000000e+02, 4.322434e+01
1.000000e+02, 4.414916e+01
1.000000e+02, 4.508137e+01
1.000000e+02, 4.602112e+01
1.000000e+02, 4.696853e+01
1.000000e+02, 4.792372e+01
1.000000e+02, 4.888685e+01
1.000000e+02, 4.985806e+01
1.000000e+02, 5.083748e+01
1.000000e+02, 5.182528e+01
1.000000e+02, 5.282162e+01
1.000000e+02, 5.382664e+01
1.000000e+02, 5.484053e+01
1.000000e+02, 5.586347e+01
1.000000e+02, 5.689562e+01
1.000000e+02, 5.793717e+01
1.000000e+02, 5.898834e+01
1.000000e+02, 6.004930e+01
1.000000e+02, 6.112028e+01
1.000000e+02, 6.220149e+01
1.000000e+02, 6.329315e+01
1.000000e+02, 6.439551e+01
1.000000e+02, 6.550880e+01
1.000000e+02, 6.663328e+01
1.000000e+02, 6.776922e+01
1.000000e+02, 6.891690e+01
1.000000e+02, 7.007659e+01
1.000000e+02, 7.124861e+01
1.000000e+02, 7.243326e+01
1.000000e+02, 7.363088e+01
1.000000e+02, 7.484180e+01
1.000000e+02, 7.606640e+01
1.000000e+02, 7.730505e+01
1.000000e+02, 7.855814e+01
1.000000e+02, 7.982610e+01
1.000000e+02, 8.110936e+01
1.000000e+02, 8.240837e+01
1.000000e+02, 8.372364e+01
1.000000e+02, 8.505567e+01
1.000000e+02, 8.640500e+01
1.000000e+02, 8.777220e+01
1.000000e+02, 8.915788e+01
1.000000e+02, 9.056269e+01
1.000000e+02, 9.198730e+01
1.000000e+02, 9.343245e+01
1.000000e+02, 9.489889e+01
1.000000e+02, 9.638747e+01
1.000000e+02, 9.789905e+01
1.000000e+02, 9.943458e+01
1.000000e+02, 1.009951e+02
1.000000e+02, 1.025816e+02
1.000000e+02, 1.041954e+02
1.000000e+02, 1.058376e+02
1.000000e+02, 1.075097e+02
1.000000e+02, 1.092132e+02
1.000000e+02, 1.109495e+02
1.000000e+02, 1.127206e+02
1.000000e+02, 1.145284e+02
1.000000e+02, 1.163749e+02
1.000000e+02, 1.182625e+02
1.000000e+02, 1.201938e+02
1.000000e+02, 1.221716e+02
1.000000e+02, 1.241993e+02
1.000000e+02, 1.262803e+02
1.000000e+02, 1.284189e+02
1.000000e+02, 1.306195e+02
1.000000e+02, 1.328877e+02
1.000000e+02, 1.352293e+02
1.000000e+02, 1.376517e+02
1.000000e+02, 1.401633e+02
1.000000e+02, 1.427739e+02
1.000000e+02, 1.454956e+02
1.000000e+02, 1.483432e+02
1.000000e+02, 1.513349e+02
1.000000e+02, 1.544942e+02
1.000000e+02, 1.578515e+02
1.000000e+02, 1.614479e+02
1.000000e+02, 1.653416e+02
1.000000e+02, 1.696189e+02
1.000000e+02, 1.744198e+02
1.000000e+02, 1.800000e+02
##END= 