##TITLE= /opt/topspin3.0/exp/stan/nmr/lists/wave/user/HypSec_trunc2.84_110
##JCAMP-DX= 5.00 Bruker JCAMP library
##DATA TYPE= Shape Data
##ORIGIN= Bruker BioSpin GmbH
##OWNER= <nmrsu>
##DATE= 15/02/24
##TIME= 16:15:04
##MINX= 1.164538e+01
##MAXX= 9.999960e+01
##MINY= 2.546774e-02
##MAXY= 3.585574e+02
##$SHAPE_EXMODE= Adiabatic
##$SHAPE_TOTROT= 1.800000e+02
##$SHAPE_BWFAC= 1.929340e+02
##$SHAPE_INTEGFAC= 2.356110e-02
##$SHAPE_MODE= 0
##NPOINTS= 1000
##XYPOINTS= (XY..XY)
1.000000e+02, 1.800000e+02
1.000000e+02, 1.728587e+02
1.000000e+02, 1.667147e+02
1.000000e+02, 1.612407e+02
1.000000e+02, 1.562578e+02
1.000000e+02, 1.516552e+02
1.000000e+02, 1.473586e+02
1.000000e+02, 1.433155e+02
1.000000e+02, 1.394868e+02
1.000000e+02, 1.358426e+02
1.000000e+02, 1.323594e+02
1.000000e+02, 1.290184e+02
1.000000e+02, 1.258043e+02
1.000000e+02, 1.227042e+02
1.000000e+02, 1.197074e+02
1.000000e+02, 1.168048e+02
1.000000e+02, 1.139884e+02
1.000000e+02, 1.112516e+02
1.000000e+02, 1.085884e+02
1.000000e+02, 1.059934e+02
1.000000e+02, 1.034623e+02
1.000000e+02, 1.009907e+02
1.000000e+02, 9.857497e+01
1.000000e+02, 9.621189e+01
1.000000e+02, 9.389842e+01
1.000000e+02, 9.163184e+01
1.000000e+02, 8.940968e+01
1.000000e+02, 8.722970e+01
1.000000e+02, 8.508981e+01
1.000000e+02, 8.298813e+01
1.000000e+02, 8.092290e+01
1.000000e+02, 7.889250e+01
1.000000e+02, 7.689544e+01
1.000000e+02, 7.493032e+01
1.000000e+02, 7.299586e+01
1.000000e+02, 7.109084e+01
1.000000e+02, 6.921414e+01
1.000000e+02, 6.736470e+01
1.000000e+02, 6.554153e+01
1.000000e+02, 6.374372e+01
1.000000e+02, 6.197037e+01
1.000000e+02, 6.022068e+01
1.000000e+02, 5.849386e+01
1.000000e+02, 5.678918e+01
1.000000e+02, 5.510595e+01
1.000000e+02, 5.344352e+01
1.000000e+02, 5.180125e+01
1.000000e+02, 5.017857e+01
1.000000e+02, 4.857491e+01
1.000000e+02, 4.698974e+01
1.000000e+02, 4.542254e+01
1.000000e+02, 4.387284e+01
1.000000e+02, 4.234018e+01
1.000000e+02, 4.082411e+01
1.000000e+02, 3.932420e+01
1.000000e+02, 3.784007e+01
1.000000e+02, 3.637133e+01
1.000000e+02, 3.491759e+01
1.000000e+02, 3.347852e+01
1.000000e+02, 3.205377e+01
1.000000e+02, 3.064302e+01
1.000000e+02, 2.924594e+01
1.000000e+02, 2.786226e+01
1.000000e+02, 2.649166e+01
1.000000e+02, 2.513388e+01
1.000000e+02, 2.378864e+01
1.000000e+02, 2.245570e+01
1.000000e+02, 2.113479e+01
1.000000e+02, 1.982568e+01
1.000000e+02, 1.852814e+01
1.000000e+02, 1.724194e+01
1.000000e+02, 1.596688e+01
1.000000e+02, 1.470273e+01
1.000000e+02, 1.344930e+01
1.000000e+02, 1.220639e+01
1.000000e+02, 1.097381e+01
1.000000e+02, 9.751384e+00
1.000000e+02, 8.538931e+00
1.000000e+02, 7.336278e+00
1.000000e+02, 6.143260e+00
1.000000e+02, 4.959716e+00
1.000000e+02, 3.785487e+00
1.000000e+02, 2.620424e+00
1.000000e+02, 1.464377e+00
1.000000e+02, 3.172042e-01
1.000000e+02, 3.591788e+02
1.000000e+02, 3.580489e+02
1.000000e+02, 3.569276e+02
1.000000e+02, 3.558145e+02
1.000000e+02, 3.547097e+02
1.000000e+02, 3.536130e+02
1.000000e+02, 3.525242e+02
1.000000e+02, 3.514434e+02
1.000000e+02, 3.503702e+02
1.000000e+02, 3.493047e+02
1.000000e+02, 3.482468e+02
1.000000e+02, 3.471963e+02
1.000000e+02, 3.461531e+02
1.000000e+02, 3.451171e+02
1.000000e+02, 3.440883e+02
1.000000e+02, 3.430665e+02
1.000000e+02, 3.420517e+02
1.000000e+02, 3.410437e+02
1.000000e+02, 3.400425e+02
1.000000e+02, 3.390480e+02
1.000000e+02, 3.380601e+02
1.000000e+02, 3.370788e+02
1.000000e+02, 3.361038e+02
1.000000e+02, 3.351353e+02
1.000000e+02, 3.341730e+02
1.000000e+02, 3.332170e+02
1.000000e+02, 3.322671e+02
1.000000e+02, 3.313233e+02
1.000000e+02, 3.303855e+02
1.000000e+02, 3.294537e+02
1.000000e+02, 3.285277e+02
1.000000e+02, 3.276075e+02
1.000000e+02, 3.266931e+02
1.000000e+02, 3.257843e+02
1.000000e+02, 3.248812e+02
1.000000e+02, 3.239836e+02
1.000000e+02, 3.230916e+02
1.000000e+02, 3.222050e+02
1.000000e+02, 3.213237e+02
1.000000e+02, 3.204478e+02
1.000000e+02, 3.195772e+02
1.000000e+02, 3.187118e+02
1.000000e+02, 3.178516e+02
1.000000e+02, 3.169965e+02
1.000000e+02, 3.161465e+02
1.000000e+02, 3.153015e+02
1.000000e+02, 3.144615e+02
1.000000e+02, 3.136264e+02
1.000000e+02, 3.127962e+02
1.000000e+02, 3.119709e+02
1.000000e+02, 3.111503e+02
1.000000e+02, 3.103345e+02
1.000000e+02, 3.095233e+02
1.000000e+02, 3.087169e+02
1.000000e+02, 3.079151e+02
1.000000e+02, 3.071178e+02
1.000000e+02, 3.063251e+02
1.000000e+02, 3.055369e+02
1.000000e+02, 3.047531e+02
1.000000e+02, 3.039738e+02
1.000000e+02, 3.031988e+02
1.000000e+02, 3.024282e+02
1.000000e+02, 3.016619e+02
1.000000e+02, 3.008999e+02
1.000000e+02, 3.001422e+02
1.000000e+02, 2.993886e+02
1.000000e+02, 2.986392e+02
1.000000e+02, 2.978940e+02
1.000000e+02, 2.971528e+02
1.000000e+02, 2.964157e+02
1.000000e+02, 2.956827e+02
1.000000e+02, 2.949537e+02
1.000000e+02, 2.942287e+02
1.000000e+02, 2.935076e+02
1.000000e+02, 2.927904e+02
1.000000e+02, 2.920771e+02
1.000000e+02, 2.913677e+02
1.000000e+02, 2.906622e+02
1.000000e+02, 2.899604e+02
1.000000e+02, 2.892624e+02
1.000000e+02, 2.885681e+02
1.000000e+02, 2.878776e+02
1.000000e+02, 2.871908e+02
1.000000e+02, 2.865076e+02
1.000000e+02, 2.858281e+02
1.000000e+02, 2.851522e+02
1.000000e+02, 2.844799e+02
1.000000e+02, 2.838112e+02
1.000000e+02, 2.831460e+02
1.000000e+02, 2.824843e+02
1.000000e+02, 2.818262e+02
1.000000e+02, 2.811715e+02
1.000000e+02, 2.805202e+02
1.000000e+02, 2.798724e+02
1.000000e+02, 2.792280e+02
1.000000e+02, 2.785870e+02
1.000000e+02, 2.779494e+02
1.000000e+02, 2.773151e+02
1.000000e+02, 2.766841e+02
1.000000e+02, 2.760564e+02
1.000000e+02, 2.754320e+02
1.000000e+02, 2.748108e+02
1.000000e+02, 2.741929e+02
1.000000e+02, 2.735782e+02
1.000000e+02, 2.729667e+02
1.000000e+02, 2.723584e+02
1.000000e+02, 2.717533e+02
1.000000e+02, 2.711513e+02
1.000000e+02, 2.705524e+02
1.000000e+02, 2.699566e+02
1.000000e+02, 2.693640e+02
1.000000e+02, 2.687744e+02
1.000000e+02, 2.681878e+02
1.000000e+02, 2.676043e+02
1.000000e+02, 2.670238e+02
1.000000e+02, 2.664463e+02
1.000000e+02, 2.658718e+02
1.000000e+02, 2.653003e+02
1.000000e+02, 2.647317e+02
1.000000e+02, 2.641660e+02
1.000000e+02, 2.636033e+02
1.000000e+02, 2.630435e+02
1.000000e+02, 2.624866e+02
1.000000e+02, 2.619325e+02
1.000000e+02, 2.613813e+02
1.000000e+02, 2.608330e+02
1.000000e+02, 2.602874e+02
1.000000e+02, 2.597447e+02
1.000000e+02, 2.592048e+02
1.000000e+02, 2.586677e+02
1.000000e+02, 2.581334e+02
1.000000e+02, 2.576018e+02
1.000000e+02, 2.570730e+02
1.000000e+02, 2.565469e+02
1.000000e+02, 2.560235e+02
1.000000e+02, 2.555028e+02
1.000000e+02, 2.549849e+02
1.000000e+02, 2.544696e+02
1.000000e+02, 2.539569e+02
1.000000e+02, 2.534469e+02
1.000000e+02, 2.529396e+02
1.000000e+02, 2.524349e+02
1.000000e+02, 2.519328e+02
1.000000e+02, 2.514333e+02
1.000000e+02, 2.509364e+02
1.000000e+02, 2.504421e+02
1.000000e+02, 2.499504e+02
1.000000e+02, 2.494612e+02
1.000000e+02, 2.489746e+02
1.000000e+02, 2.484905e+02
1.000000e+02, 2.480089e+02
1.000000e+02, 2.475298e+02
1.000000e+02, 2.470533e+02
1.000000e+02, 2.465792e+02
1.000000e+02, 2.461076e+02
1.000000e+02, 2.456385e+02
1.000000e+02, 2.451719e+02
1.000000e+02, 2.447077e+02
1.000000e+02, 2.442459e+02
1.000000e+02, 2.437866e+02
1.000000e+02, 2.433297e+02
1.000000e+02, 2.428752e+02
1.000000e+02, 2.424231e+02
1.000000e+02, 2.419734e+02
1.000000e+02, 2.415260e+02
1.000000e+02, 2.410811e+02
1.000000e+02, 2.406385e+02
1.000000e+02, 2.401983e+02
1.000000e+02, 2.397604e+02
1.000000e+02, 2.393248e+02
1.000000e+02, 2.388916e+02
1.000000e+02, 2.384606e+02
1.000000e+02, 2.380320e+02
1.000000e+02, 2.376057e+02
1.000000e+02, 2.371817e+02
1.000000e+02, 2.367599e+02
1.000000e+02, 2.363405e+02
1.000000e+02, 2.359233e+02
1.000000e+02, 2.355083e+02
1.000000e+02, 2.350956e+02
1.000000e+02, 2.346852e+02
1.000000e+02, 2.342770e+02
1.000000e+02, 2.338710e+02
1.000000e+02, 2.334672e+02
1.000000e+02, 2.330656e+02
1.000000e+02, 2.326662e+02
1.000000e+02, 2.322691e+02
1.000000e+02, 2.318741e+02
1.000000e+02, 2.314813e+02
1.000000e+02, 2.310906e+02
1.000000e+02, 2.307022e+02
1.000000e+02, 2.303159e+02
1.000000e+02, 2.299317e+02
1.000000e+02, 2.295497e+02
1.000000e+02, 2.291698e+02
1.000000e+02, 2.287920e+02
1.000000e+02, 2.284164e+02
1.000000e+02, 2.280429e+02
1.000000e+02, 2.276714e+02
1.000000e+02, 2.273021e+02
1.000000e+02, 2.269349e+02
1.000000e+02, 2.265698e+02
1.000000e+02, 2.262067e+02
1.000000e+02, 2.258458e+02
1.000000e+02, 2.254869e+02
1.000000e+02, 2.251300e+02
1.000000e+02, 2.247752e+02
1.000000e+02, 2.244225e+02
1.000000e+02, 2.240718e+02
1.000000e+02, 2.237232e+02
1.000000e+02, 2.233765e+02
1.000000e+02, 2.230320e+02
1.000000e+02, 2.226894e+02
1.000000e+02, 2.223488e+02
1.000000e+02, 2.220103e+02
1.000000e+02, 2.216737e+02
1.000000e+02, 2.213392e+02
1.000000e+02, 2.210066e+02
1.000000e+02, 2.206761e+02
1.000000e+02, 2.203475e+02
1.000000e+02, 2.200209e+02
1.000000e+02, 2.196962e+02
1.000000e+02, 2.193735e+02
1.000000e+02, 2.190528e+02
1.000000e+02, 2.187340e+02
1.000000e+02, 2.184172e+02
1.000000e+02, 2.181024e+02
1.000000e+02, 2.177894e+02
1.000000e+02, 2.174784e+02
1.000000e+02, 2.171693e+02
1.000000e+02, 2.168622e+02
1.000000e+02, 2.165570e+02
1.000000e+02, 2.162537e+02
1.000000e+02, 2.159522e+02
1.000000e+02, 2.156527e+02
1.000000e+02, 2.153551e+02
1.000000e+02, 2.150594e+02
1.000000e+02, 2.147656e+02
1.000000e+02, 2.144737e+02
1.000000e+02, 2.141836e+02
1.000000e+02, 2.138955e+02
1.000000e+02, 2.136092e+02
1.000000e+02, 2.133247e+02
1.000000e+02, 2.130422e+02
1.000000e+02, 2.127614e+02
1.000000e+02, 2.124826e+02
1.000000e+02, 2.122056e+02
1.000000e+02, 2.119304e+02
1.000000e+02, 2.116571e+02
1.000000e+02, 2.113856e+02
1.000000e+02, 2.111160e+02
1.000000e+02, 2.108482e+02
1.000000e+02, 2.105822e+02
1.000000e+02, 2.103180e+02
1.000000e+02, 2.100557e+02
1.000000e+02, 2.097951e+02
1.000000e+02, 2.095364e+02
1.000000e+02, 2.092795e+02
1.000000e+02, 2.090244e+02
1.000000e+02, 2.087711e+02
1.000000e+02, 2.085196e+02
1.000000e+02, 2.082698e+02
1.000000e+02, 2.080219e+02
1.000000e+02, 2.077757e+02
1.000000e+02, 2.075314e+02
1.000000e+02, 2.072888e+02
1.000000e+02, 2.070479e+02
1.000000e+02, 2.068089e+02
1.000000e+02, 2.065716e+02
1.000000e+02, 2.063361e+02
1.000000e+02, 2.061023e+02
1.000000e+02, 2.058703e+02
1.000000e+02, 2.056401e+02
1.000000e+02, 2.054116e+02
1.000000e+02, 2.051848e+02
1.000000e+02, 2.049598e+02
1.000000e+02, 2.047366e+02
1.000000e+02, 2.045151e+02
1.000000e+02, 2.042953e+02
1.000000e+02, 2.040772e+02
1.000000e+02, 2.038609e+02
1.000000e+02, 2.036463e+02
1.000000e+02, 2.034334e+02
1.000000e+02, 2.032222e+02
1.000000e+02, 2.030128e+02
1.000000e+02, 2.028051e+02
1.000000e+02, 2.025990e+02
1.000000e+02, 2.023947e+02
1.000000e+02, 2.021921e+02
1.000000e+02, 2.019912e+02
1.000000e+02, 2.017920e+02
1.000000e+02, 2.015945e+02
1.000000e+02, 2.013987e+02
1.000000e+02, 2.012046e+02
1.000000e+02, 2.010122e+02
1.000000e+02, 2.008214e+02
1.000000e+02, 2.006324e+02
1.000000e+02, 2.004450e+02
1.000000e+02, 2.002593e+02
1.000000e+02, 2.000753e+02
1.000000e+02, 1.998930e+02
1.000000e+02, 1.997123e+02
1.000000e+02, 1.995333e+02
1.000000e+02, 1.993560e+02
1.000000e+02, 1.991803e+02
1.000000e+02, 1.990063e+02
1.000000e+02, 1.988340e+02
1.000000e+02, 1.986633e+02
1.000000e+02, 1.984942e+02
1.000000e+02, 1.983269e+02
1.000000e+02, 1.981611e+02
1.000000e+02, 1.979971e+02
1.000000e+02, 1.978346e+02
1.000000e+02, 1.976739e+02
1.000000e+02, 1.975147e+02
1.000000e+02, 1.973572e+02
1.000000e+02, 1.972014e+02
1.000000e+02, 1.970471e+02
1.000000e+02, 1.968946e+02
1.000000e+02, 1.967436e+02
1.000000e+02, 1.965943e+02
1.000000e+02, 1.964466e+02
1.000000e+02, 1.963005e+02
1.000000e+02, 1.961561e+02
1.000000e+02, 1.960133e+02
1.000000e+02, 1.958721e+02
1.000000e+02, 1.957325e+02
1.000000e+02, 1.955945e+02
1.000000e+02, 1.954582e+02
1.000000e+02, 1.953235e+02
1.000000e+02, 1.951904e+02
1.000000e+02, 1.950589e+02
1.000000e+02, 1.949290e+02
1.000000e+02, 1.948007e+02
1.000000e+02, 1.946740e+02
1.000000e+02, 1.945490e+02
1.000000e+02, 1.944255e+02
1.000000e+02, 1.943036e+02
1.000000e+02, 1.941834e+02
1.000000e+02, 1.940647e+02
1.000000e+02, 1.939476e+02
1.000000e+02, 1.938321e+02
1.000000e+02, 1.937183e+02
1.000000e+02, 1.936060e+02
1.000000e+02, 1.934953e+02
1.000000e+02, 1.933862e+02
1.000000e+02, 1.932787e+02
1.000000e+02, 1.931727e+02
1.000000e+02, 1.930684e+02
1.000000e+02, 1.929656e+02
1.000000e+02, 1.928645e+02
1.000000e+02, 1.927649e+02
1.000000e+02, 1.926669e+02
1.000000e+02, 1.925704e+02
1.000000e+02, 1.924756e+02
1.000000e+02, 1.923823e+02
1.000000e+02, 1.922906e+02
1.000000e+02, 1.922005e+02
1.000000e+02, 1.921119e+02
1.000000e+02, 1.920250e+02
1.000000e+02, 1.919396e+02
1.000000e+02, 1.918557e+02
1.000000e+02, 1.917735e+02
1.000000e+02, 1.916928e+02
1.000000e+02, 1.916137e+02
1.000000e+02, 1.915361e+02
1.000000e+02, 1.914601e+02
1.000000e+02, 1.913857e+02
1.000000e+02, 1.913128e+02
1.000000e+02, 1.912415e+02
1.000000e+02, 1.911718e+02
1.000000e+02, 1.911036e+02
1.000000e+02, 1.910370e+02
1.000000e+02, 1.909720e+02
1.000000e+02, 1.909085e+02
1.000000e+02, 1.908465e+02
1.000000e+02, 1.907862e+02
1.000000e+02, 1.907274e+02
1.000000e+02, 1.906701e+02
1.000000e+02, 1.906144e+02
1.000000e+02, 1.905602e+02
1.000000e+02, 1.905076e+02
1.000000e+02, 1.904566e+02
1.000000e+02, 1.904071e+02
1.000000e+02, 1.903592e+02
1.000000e+02, 1.903128e+02
1.000000e+02, 1.902680e+02
1.000000e+02, 1.902247e+02
1.000000e+02, 1.901829e+02
1.000000e+02, 1.901428e+02
1.000000e+02, 1.901041e+02
1.000000e+02, 1.900670e+02
1.000000e+02, 1.900315e+02
1.000000e+02, 1.899975e+02
1.000000e+02, 1.899651e+02
1.000000e+02, 1.899342e+02
1.000000e+02, 1.899048e+02
1.000000e+02, 1.898770e+02
1.000000e+02, 1.898508e+02
1.000000e+02, 1.898261e+02
1.000000e+02, 1.898029e+02
1.000000e+02, 1.897813e+02
1.000000e+02, 1.897612e+02
1.000000e+02, 1.897427e+02
1.000000e+02, 1.897257e+02
1.000000e+02, 1.897103e+02
1.000000e+02, 1.896964e+02
1.000000e+02, 1.896840e+02
1.000000e+02, 1.896732e+02
1.000000e+02, 1.896640e+02
1.000000e+02, 1.896563e+02
1.000000e+02, 1.896501e+02
1.000000e+02, 1.896455e+02
1.000000e+02, 1.896424e+02
1.000000e+02, 1.896408e+02
1.000000e+02, 1.896408e+02
1.000000e+02, 1.896424e+02
1.000000e+02, 1.896455e+02
1.000000e+02, 1.896501e+02
1.000000e+02, 1.896563e+02
1.000000e+02, 1.896640e+02
1.000000e+02, 1.896732e+02
1.000000e+02, 1.896840e+02
1.000000e+02, 1.896964e+02
1.000000e+02, 1.897103e+02
1.000000e+02, 1.897257e+02
1.000000e+02, 1.897427e+02
1.000000e+02, 1.897612e+02
1.000000e+02, 1.897813e+02
1.000000e+02, 1.898029e+02
1.000000e+02, 1.898261e+02
1.000000e+02, 1.898508e+02
1.000000e+02, 1.898770e+02
1.000000e+02, 1.899048e+02
1.000000e+02, 1.899342e+02
1.000000e+02, 1.899651e+02
1.000000e+02, 1.899975e+02
1.000000e+02, 1.900315e+02
1.000000e+02, 1.900670e+02
1.000000e+02, 1.901041e+02
1.000000e+02, 1.901428e+02
1.000000e+02, 1.901829e+02
1.000000e+02, 1.902247e+02
1.000000e+02, 1.902680e+02
1.000000e+02, 1.903128e+02
1.000000e+02, 1.903592e+02
1.000000e+02, 1.904071e+02
1.000000e+02, 1.904566e+02
1.000000e+02, 1.905076e+02
1.000000e+02, 1.905602e+02
1.000000e+02, 1.906144e+02
1.000000e+02, 1.906701e+02
1.000000e+02, 1.907274e+02
1.000000e+02, 1.907862e+02
1.000000e+02, 1.908465e+02
1.000000e+02, 1.909085e+02
1.000000e+02, 1.909720e+02
1.000000e+02, 1.910370e+02
1.000000e+02, 1.911036e+02
1.000000e+02, 1.911718e+02
1.000000e+02, 1.912415e+02
1.000000e+02, 1.913128e+02
1.000000e+02, 1.913857e+02
1.000000e+02, 1.914601e+02
1.000000e+02, 1.915361e+02
1.000000e+02, 1.916137e+02
1.000000e+02, 1.916928e+02
1.000000e+02, 1.917735e+02
1.000000e+02, 1.918557e+02
1.000000e+02, 1.919396e+02
1.000000e+02, 1.920250e+02
1.000000e+02, 1.921119e+02
1.000000e+02, 1.922005e+02
1.000000e+02, 1.922906e+02
1.000000e+02, 1.923823e+02
1.000000e+02, 1.924756e+02
1.000000e+02, 1.925704e+02
1.000000e+02, 1.926669e+02
1.000000e+02, 1.927649e+02
1.000000e+02, 1.928645e+02
1.000000e+02, 1.929656e+02
1.000000e+02, 1.930684e+02
1.000000e+02, 1.931727e+02
1.000000e+02, 1.932787e+02
1.000000e+02, 1.933862e+02
1.000000e+02, 1.934953e+02
1.000000e+02, 1.936060e+02
1.000000e+02, 1.937183e+02
1.000000e+02, 1.938321e+02
1.000000e+02, 1.939476e+02
1.000000e+02, 1.940647e+02
1.000000e+02, 1.941834e+02
1.000000e+02, 1.943036e+02
1.000000e+02, 1.944255e+02
1.000000e+02, 1.945490e+02
1.000000e+02, 1.946740e+02
1.000000e+02, 1.948007e+02
1.000000e+02, 1.949290e+02
1.000000e+02, 1.950589e+02
1.000000e+02, 1.951904e+02
1.000000e+02, 1.953235e+02
1.000000e+02, 1.954582e+02
1.000000e+02, 1.955945e+02
1.000000e+02, 1.957325e+02
1.000000e+02, 1.958721e+02
1.000000e+02, 1.960133e+02
1.000000e+02, 1.961561e+02
1.000000e+02, 1.963005e+02
1.000000e+02, 1.964466e+02
1.000000e+02, 1.965943e+02
1.000000e+02, 1.967436e+02
1.000000e+02, 1.968946e+02
1.000000e+02, 1.970471e+02
1.000000e+02, 1.972014e+02
1.000000e+02, 1.973572e+02
1.000000e+02, 1.975147e+02
1.000000e+02, 1.976739e+02
1.000000e+02, 1.978346e+02
1.000000e+02, 1.979971e+02
1.000000e+02, 1.981611e+02
1.000000e+02, 1.983269e+02
1.000000e+02, 1.984942e+02
1.000000e+02, 1.986633e+02
1.000000e+02, 1.988340e+02
1.000000e+02, 1.990063e+02
1.000000e+02, 1.991803e+02
1.000000e+02, 1.993560e+02
1.000000e+02, 1.995333e+02
1.000000e+02, 1.997123e+02
1.000000e+02, 1.998930e+02
1.000000e+02, 2.000753e+02
1.000000e+02, 2.002593e+02
1.000000e+02, 2.004450e+02
1.000000e+02, 2.006324e+02
1.000000e+02, 2.008214e+02
1.000000e+02, 2.010122e+02
1.000000e+02, 2.012046e+02
1.000000e+02, 2.013987e+02
1.000000e+02, 2.015945e+02
1.000000e+02, 2.017920e+02
1.000000e+02, 2.019912e+02
1.000000e+02, 2.021921e+02
1.000000e+02, 2.023947e+02
1.000000e+02, 2.025990e+02
1.000000e+02, 2.028051e+02
1.000000e+02, 2.030128e+02
1.000000e+02, 2.032222e+02
1.000000e+02, 2.034334e+02
1.000000e+02, 2.036463e+02
1.000000e+02, 2.038609e+02
1.000000e+02, 2.040772e+02
1.000000e+02, 2.042953e+02
1.000000e+02, 2.045151e+02
1.000000e+02, 2.047366e+02
1.000000e+02, 2.049598e+02
1.000000e+02, 2.051848e+02
1.000000e+02, 2.054116e+02
1.000000e+02, 2.056401e+02
1.000000e+02, 2.058703e+02
1.000000e+02, 2.061023e+02
1.000000e+02, 2.063361e+02
1.000000e+02, 2.065716e+02
1.000000e+02, 2.068089e+02
1.000000e+02, 2.070479e+02
1.000000e+02, 2.072888e+02
1.000000e+02, 2.075314e+02
1.000000e+02, 2.077757e+02
1.000000e+02, 2.080219e+02
1.000000e+02, 2.082698e+02
1.000000e+02, 2.085196e+02
1.000000e+02, 2.087711e+02
1.000000e+02, 2.090244e+02
1.000000e+02, 2.092795e+02
1.000000e+02, 2.095364e+02
1.000000e+02, 2.097951e+02
1.000000e+02, 2.100557e+02
1.000000e+02, 2.103180e+02
1.000000e+02, 2.105822e+02
1.000000e+02, 2.108482e+02
1.000000e+02, 2.111160e+02
1.000000e+02, 2.113856e+02
1.000000e+02, 2.116571e+02
1.000000e+02, 2.119304e+02
1.000000e+02, 2.122056e+02
1.000000e+02, 2.124826e+02
1.000000e+02, 2.127614e+02
1.000000e+02, 2.130422e+02
1.000000e+02, 2.133247e+02
1.000000e+02, 2.136092e+02
1.000000e+02, 2.138955e+02
1.000000e+02, 2.141836e+02
1.000000e+02, 2.144737e+02
1.000000e+02, 2.147656e+02
1.000000e+02, 2.150594e+02
1.000000e+02, 2.153551e+02
1.000000e+02, 2.156527e+02
1.000000e+02, 2.159522e+02
1.000000e+02, 2.162537e+02
1.000000e+02, 2.165570e+02
1.000000e+02, 2.168622e+02
1.000000e+02, 2.171693e+02
1.000000e+02, 2.174784e+02
1.000000e+02, 2.177894e+02
1.000000e+02, 2.181024e+02
1.000000e+02, 2.184172e+02
1.000000e+02, 2.187340e+02
1.000000e+02, 2.190528e+02
1.000000e+02, 2.193735e+02
1.000000e+02, 2.196962e+02
1.000000e+02, 2.200209e+02
1.000000e+02, 2.203475e+02
1.000000e+02, 2.206761e+02
1.000000e+02, 2.210066e+02
1.000000e+02, 2.213392e+02
1.000000e+02, 2.216737e+02
1.000000e+02, 2.220103e+02
1.000000e+02, 2.223488e+02
1.000000e+02, 2.226894e+02
1.000000e+02, 2.230320e+02
1.000000e+02, 2.233765e+02
1.000000e+02, 2.237232e+02
1.000000e+02, 2.240718e+02
1.000000e+02, 2.244225e+02
1.000000e+02, 2.247752e+02
1.000000e+02, 2.251300e+02
1.000000e+02, 2.254869e+02
1.000000e+02, 2.258458e+02
1.000000e+02, 2.262067e+02
1.000000e+02, 2.265698e+02
1.000000e+02, 2.269349e+02
1.000000e+02, 2.273021e+02
1.000000e+02, 2.276714e+02
1.000000e+02, 2.280429e+02
1.000000e+02, 2.284164e+02
1.000000e+02, 2.287920e+02
1.000000e+02, 2.291698e+02
1.000000e+02, 2.295497e+02
1.000000e+02, 2.299317e+02
1.000000e+02, 2.303159e+02
1.000000e+02, 2.307022e+02
1.000000e+02, 2.310906e+02
1.000000e+02, 2.314813e+02
1.000000e+02, 2.318741e+02
1.000000e+02, 2.322691e+02
1.000000e+02, 2.326663e+02
1.000000e+02, 2.330656e+02
1.000000e+02, 2.334672e+02
1.000000e+02, 2.338710e+02
1.000000e+02, 2.342770e+02
1.000000e+02, 2.346852e+02
1.000000e+02, 2.350956e+02
1.000000e+02, 2.355083e+02
1.000000e+02, 2.359233e+02
1.000000e+02, 2.363405e+02
1.000000e+02, 2.367599e+02
1.000000e+02, 2.371817e+02
1.000000e+02, 2.376057e+02
1.000000e+02, 2.380320e+02
1.000000e+02, 2.384606e+02
1.000000e+02, 2.388916e+02
1.000000e+02, 2.393248e+02
1.000000e+02, 2.397604e+02
1.000000e+02, 2.401983e+02
1.000000e+02, 2.406385e+02
1.000000e+02, 2.410811e+02
1.000000e+02, 2.415260e+02
1.000000e+02, 2.419734e+02
1.000000e+02, 2.424231e+02
1.000000e+02, 2.428752e+02
1.000000e+02, 2.433297e+02
1.000000e+02, 2.437866e+02
1.000000e+02, 2.442459e+02
1.000000e+02, 2.447077e+02
1.000000e+02, 2.451719e+02
1.000000e+02, 2.456385e+02
1.000000e+02, 2.461076e+02
1.000000e+02, 2.465792e+02
1.000000e+02, 2.470533e+02
1.000000e+02, 2.475298e+02
1.000000e+02, 2.480089e+02
1.000000e+02, 2.484905e+02
1.000000e+02, 2.489746e+02
1.000000e+02, 2.494612e+02
1.000000e+02, 2.499504e+02
1.000000e+02, 2.504421e+02
1.000000e+02, 2.509364e+02
1.000000e+02, 2.514333e+02
1.000000e+02, 2.519328e+02
1.000000e+02, 2.524349e+02
1.000000e+02, 2.529396e+02
1.000000e+02, 2.534469e+02
1.000000e+02, 2.539569e+02
1.000000e+02, 2.544696e+02
1.000000e+02, 2.549849e+02
1.000000e+02, 2.555028e+02
1.000000e+02, 2.560235e+02
1.000000e+02, 2.565469e+02
1.000000e+02, 2.570730e+02
1.000000e+02, 2.576018e+02
1.000000e+02, 2.581334e+02
1.000000e+02, 2.586677e+02
1.000000e+02, 2.592048e+02
1.000000e+02, 2.597447e+02
1.000000e+02, 2.602874e+02
1.000000e+02, 2.608330e+02
1.000000e+02, 2.613813e+02
1.000000e+02, 2.619325e+02
1.000000e+02, 2.624866e+02
1.000000e+02, 2.630435e+02
1.000000e+02, 2.636033e+02
1.000000e+02, 2.641660e+02
1.000000e+02, 2.647317e+02
1.000000e+02, 2.653003e+02
1.000000e+02, 2.658718e+02
1.000000e+02, 2.664463e+02
1.000000e+02, 2.670238e+02
1.000000e+02, 2.676043e+02
1.000000e+02, 2.681878e+02
1.000000e+02, 2.687744e+02
1.000000e+02, 2.693640e+02
1.000000e+02, 2.699566e+02
1.000000e+02, 2.705524e+02
1.000000e+02, 2.711513e+02
1.000000e+02, 2.717533e+02
1.000000e+02, 2.723584e+02
1.000000e+02, 2.729667e+02
1.000000e+02, 2.735782e+02
1.000000e+02, 2.741929e+02
1.000000e+02, 2.748108e+02
1.000000e+02, 2.754320e+02
1.000000e+02, 2.760564e+02
1.000000e+02, 2.766841e+02
1.000000e+02, 2.773151e+02
1.000000e+02, 2.779494e+02
1.000000e+02, 2.785870e+02
1.000000e+02, 2.792280e+02
1.000000e+02, 2.798724e+02
1.000000e+02, 2.805202e+02
1.000000e+02, 2.811715e+02
1.000000e+02, 2.818262e+02
1.000000e+02, 2.824843e+02
1.000000e+02, 2.831460e+02
1.000000e+02, 2.838112e+02
1.000000e+02, 2.844799e+02
1.000000e+02, 2.851522e+02
1.000000e+02, 2.858281e+02
1.000000e+02, 2.865076e+02
1.000000e+02, 2.871908e+02
1.000000e+02, 2.878776e+02
1.000000e+02, 2.885681e+02
1.000000e+02, 2.892624e+02
1.000000e+02, 2.899604e+02
1.000000e+02, 2.906622e+02
1.000000e+02, 2.913677e+02
1.000000e+02, 2.920771e+02
1.000000e+02, 2.927904e+02
1.000000e+02, 2.935076e+02
1.000000e+02, 2.942287e+02
1.000000e+02, 2.949537e+02
1.000000e+02, 2.956827e+02
1.000000e+02, 2.964157e+02
1.000000e+02, 2.971528e+02
1.000000e+02, 2.978940e+02
1.000000e+02, 2.986392e+02
1.000000e+02, 2.993886e+02
1.000000e+02, 3.001422e+02
1.000000e+02, 3.008999e+02
1.000000e+02, 3.016619e+02
1.000000e+02, 3.024282e+02
1.000000e+02, 3.031988e+02
1.000000e+02, 3.039738e+02
1.000000e+02, 3.047531e+02
1.000000e+02, 3.055369e+02
1.000000e+02, 3.063251e+02
1.000000e+02, 3.071178e+02
1.000000e+02, 3.079151e+02
1.000000e+02, 3.087169e+02
1.000000e+02, 3.095234e+02
1.000000e+02, 3.103345e+02
1.000000e+02, 3.111503e+02
1.000000e+02, 3.119709e+02
1.000000e+02, 3.127962e+02
1.000000e+02, 3.136264e+02
1.000000e+02, 3.144615e+02
1.000000e+02, 3.153015e+02
1.000000e+02, 3.161465e+02
1.000000e+02, 3.169965e+02
1.000000e+02, 3.178516e+02
1.000000e+02, 3.187118e+02
1.000000e+02, 3.195772e+02
1.000000e+02, 3.204478e+02
1.000000e+02, 3.213237e+02
1.000000e+02, 3.222050e+02
1.000000e+02, 3.230916e+02
1.000000e+02, 3.239836e+02
1.000000e+02, 3.248812e+02
1.000000e+02, 3.257843e+02
1.000000e+02, 3.266931e+02
1.000000e+02, 3.276075e+02
1.000000e+02, 3.285277e+02
1.000000e+02, 3.294537e+02
1.000000e+02, 3.303855e+02
1.000000e+02, 3.313233e+02
1.000000e+02, 3.322671e+02
1.000000e+02, 3.332170e+02
1.000000e+02, 3.341730e+02
1.000000e+02, 3.351353e+02
1.000000e+02, 3.361038e+02
1.000000e+02, 3.370788e+02
1.000000e+02, 3.380601e+02
1.000000e+02, 3.390480e+02
1.000000e+02, 3.400425e+02
1.000000e+02, 3.410437e+02
1.000000e+02, 3.420517e+02
1.000000e+02, 3.430665e+02
1.000000e+02, 3.440883e+02
1.000000e+02, 3.451171e+02
1.000000e+02, 3.461531e+02
1.000000e+02, 3.471963e+02
1.000000e+02, 3.482468e+02
1.000000e+02, 3.493047e+02
1.000000e+02, 3.503702e+02
1.000000e+02, 3.514434e+02
1.000000e+02, 3.525242e+02
1.000000e+02, 3.536130e+02
1.000000e+02, 3.547097e+02
1.000000e+02, 3.558145e+02
1.000000e+02, 3.569276e+02
1.000000e+02, 3.580489e+02
1.000000e+02, 3.591788e+02
1.000000e+02, 3.172079e-01
1.000000e+02, 1.464381e+00
1.000000e+02, 2.620427e+00
1.000000e+02, 3.785491e+00
1.000000e+02, 4.959719e+00
1.000000e+02, 6.143264e+00
1.000000e+02, 7.336282e+00
1.000000e+02, 8.538934e+00
1.000000e+02, 9.751388e+00
1.000000e+02, 1.097381e+01
1.000000e+02, 1.220639e+01
1.000000e+02, 1.344930e+01
1.000000e+02, 1.470273e+01
1.000000e+02, 1.596688e+01
1.000000e+02, 1.724195e+01
1.000000e+02, 1.852814e+01
1.000000e+02, 1.982568e+01
1.000000e+02, 2.113479e+01
1.000000e+02, 2.245570e+01
1.000000e+02, 2.378865e+01
1.000000e+02, 2.513388e+01
1.000000e+02, 2.649166e+01
1.000000e+02, 2.786226e+01
1.000000e+02, 2.924595e+01
1.000000e+02, 3.064302e+01
1.000000e+02, 3.205377e+01
1.000000e+02, 3.347853e+01
1.000000e+02, 3.491760e+01
1.000000e+02, 3.637133e+01
1.000000e+02, 3.784008e+01
1.000000e+02, 3.932421e+01
1.000000e+02, 4.082411e+01
1.000000e+02, 4.234018e+01
1.000000e+02, 4.387285e+01
1.000000e+02, 4.542255e+01
1.000000e+02, 4.698974e+01
1.000000e+02, 4.857492e+01
1.000000e+02, 5.017858e+01
1.000000e+02, 5.180126e+01
1.000000e+02, 5.344352e+01
1.000000e+02, 5.510596e+01
1.000000e+02, 5.678918e+01
1.000000e+02, 5.849386e+01
1.000000e+02, 6.022068e+01
1.000000e+02, 6.197037e+01
1.000000e+02, 6.374372e+01
1.000000e+02, 6.554154e+01
1.000000e+02, 6.736470e+01
1.000000e+02, 6.921414e+01
1.000000e+02, 7.109084e+01
1.000000e+02, 7.299586e+01
1.000000e+02, 7.493033e+01
1.000000e+02, 7.689544e+01
1.000000e+02, 7.889251e+01
1.000000e+02, 8.092290e+01
1.000000e+02, 8.298813e+01
1.000000e+02, 8.508982e+01
1.000000e+02, 8.722970e+01
1.000000e+02, 8.940969e+01
1.000000e+02, 9.163184e+01
1.000000e+02, 9.389842e+01
1.000000e+02, 9.621190e+01
1.000000e+02, 9.857498e+01
1.000000e+02, 1.009907e+02
1.000000e+02, 1.034623e+02
1.000000e+02, 1.059935e+02
1.000000e+02, 1.085884e+02
1.000000e+02, 1.112516e+02
1.000000e+02, 1.139884e+02
1.000000e+02, 1.168048e+02
1.000000e+02, 1.197074e+02
1.000000e+02, 1.227042e+02
1.000000e+02, 1.258043e+02
1.000000e+02, 1.290185e+02
1.000000e+02, 1.323594e+02
1.000000e+02, 1.358426e+02
1.000000e+02, 1.394868e+02
1.000000e+02, 1.433155e+02
1.000000e+02, 1.473586e+02
1.000000e+02, 1.516552e+02
1.000000e+02, 1.562578e+02
1.000000e+02, 1.612407e+02
1.000000e+02, 1.667147e+02
1.000000e+02, 1.728587e+02
1.000000e+02, 1.800000e+02
##END= 