##TITLE= /opt/topspin3.0/exp/stan/nmr/lists/wave/user/HypSec_trunc2.84_110
##JCAMP-DX= 5.00 Bruker JCAMP library
##DATA TYPE= Shape Data
##ORIGIN= Bruker BioSpin GmbH
##OWNER= <nmrsu>
##DATE= 15/02/24
##TIME= 16:15:04
##MINX= 1.164538e+01
##MAXX= 9.999960e+01
##MINY= 2.546774e-02
##MAXY= 3.585574e+02
##$SHAPE_EXMODE= Adiabatic
##$SHAPE_TOTROT= 1.800000e+02
##$SHAPE_BWFAC= 1.929340e+02
##$SHAPE_INTEGFAC= 2.356110e-02
##$SHAPE_MODE= 0
##NPOINTS= 1000
##XYPOINTS= (XY..XY)
1.000000e+02, 1.800000e+02
1.000000e+02, 1.761138e+02
1.000000e+02, 1.727703e+02
1.000000e+02, 1.697914e+02
1.000000e+02, 1.670798e+02
1.000000e+02, 1.645751e+02
1.000000e+02, 1.622370e+02
1.000000e+02, 1.600368e+02
1.000000e+02, 1.579533e+02
1.000000e+02, 1.559701e+02
1.000000e+02, 1.540747e+02
1.000000e+02, 1.522566e+02
1.000000e+02, 1.505075e+02
1.000000e+02, 1.488204e+02
1.000000e+02, 1.471896e+02
1.000000e+02, 1.456100e+02
1.000000e+02, 1.440774e+02
1.000000e+02, 1.425881e+02
1.000000e+02, 1.411388e+02
1.000000e+02, 1.397267e+02
1.000000e+02, 1.383492e+02
1.000000e+02, 1.370042e+02
1.000000e+02, 1.356896e+02
1.000000e+02, 1.344037e+02
1.000000e+02, 1.331447e+02
1.000000e+02, 1.319113e+02
1.000000e+02, 1.307020e+02
1.000000e+02, 1.295157e+02
1.000000e+02, 1.283512e+02
1.000000e+02, 1.272075e+02
1.000000e+02, 1.260836e+02
1.000000e+02, 1.249787e+02
1.000000e+02, 1.238919e+02
1.000000e+02, 1.228225e+02
1.000000e+02, 1.217698e+02
1.000000e+02, 1.207332e+02
1.000000e+02, 1.197119e+02
1.000000e+02, 1.187054e+02
1.000000e+02, 1.177133e+02
1.000000e+02, 1.167350e+02
1.000000e+02, 1.157699e+02
1.000000e+02, 1.148178e+02
1.000000e+02, 1.138781e+02
1.000000e+02, 1.129504e+02
1.000000e+02, 1.120344e+02
1.000000e+02, 1.111297e+02
1.000000e+02, 1.102360e+02
1.000000e+02, 1.093530e+02
1.000000e+02, 1.084803e+02
1.000000e+02, 1.076177e+02
1.000000e+02, 1.067648e+02
1.000000e+02, 1.059215e+02
1.000000e+02, 1.050874e+02
1.000000e+02, 1.042624e+02
1.000000e+02, 1.034462e+02
1.000000e+02, 1.026386e+02
1.000000e+02, 1.018393e+02
1.000000e+02, 1.010482e+02
1.000000e+02, 1.002651e+02
1.000000e+02, 9.948973e+01
1.000000e+02, 9.872201e+01
1.000000e+02, 9.796175e+01
1.000000e+02, 9.720876e+01
1.000000e+02, 9.646290e+01
1.000000e+02, 9.572402e+01
1.000000e+02, 9.499196e+01
1.000000e+02, 9.426659e+01
1.000000e+02, 9.354777e+01
1.000000e+02, 9.283537e+01
1.000000e+02, 9.212927e+01
1.000000e+02, 9.142934e+01
1.000000e+02, 9.073546e+01
1.000000e+02, 9.004753e+01
1.000000e+02, 8.936543e+01
1.000000e+02, 8.868906e+01
1.000000e+02, 8.801831e+01
1.000000e+02, 8.735308e+01
1.000000e+02, 8.669328e+01
1.000000e+02, 8.603881e+01
1.000000e+02, 8.538959e+01
1.000000e+02, 8.474552e+01
1.000000e+02, 8.410652e+01
1.000000e+02, 8.347251e+01
1.000000e+02, 8.284341e+01
1.000000e+02, 8.221913e+01
1.000000e+02, 8.159961e+01
1.000000e+02, 8.098476e+01
1.000000e+02, 8.037453e+01
1.000000e+02, 7.976883e+01
1.000000e+02, 7.916761e+01
1.000000e+02, 7.857079e+01
1.000000e+02, 7.797831e+01
1.000000e+02, 7.739011e+01
1.000000e+02, 7.680612e+01
1.000000e+02, 7.622630e+01
1.000000e+02, 7.565057e+01
1.000000e+02, 7.507889e+01
1.000000e+02, 7.451120e+01
1.000000e+02, 7.394744e+01
1.000000e+02, 7.338757e+01
1.000000e+02, 7.283153e+01
1.000000e+02, 7.227928e+01
1.000000e+02, 7.173076e+01
1.000000e+02, 7.118592e+01
1.000000e+02, 7.064473e+01
1.000000e+02, 7.010714e+01
1.000000e+02, 6.957309e+01
1.000000e+02, 6.904256e+01
1.000000e+02, 6.851549e+01
1.000000e+02, 6.799184e+01
1.000000e+02, 6.747158e+01
1.000000e+02, 6.695467e+01
1.000000e+02, 6.644107e+01
1.000000e+02, 6.593073e+01
1.000000e+02, 6.542363e+01
1.000000e+02, 6.491972e+01
1.000000e+02, 6.441897e+01
1.000000e+02, 6.392135e+01
1.000000e+02, 6.342682e+01
1.000000e+02, 6.293535e+01
1.000000e+02, 6.244691e+01
1.000000e+02, 6.196146e+01
1.000000e+02, 6.147898e+01
1.000000e+02, 6.099943e+01
1.000000e+02, 6.052278e+01
1.000000e+02, 6.004900e+01
1.000000e+02, 5.957807e+01
1.000000e+02, 5.910996e+01
1.000000e+02, 5.864463e+01
1.000000e+02, 5.818206e+01
1.000000e+02, 5.772223e+01
1.000000e+02, 5.726511e+01
1.000000e+02, 5.681067e+01
1.000000e+02, 5.635888e+01
1.000000e+02, 5.590973e+01
1.000000e+02, 5.546318e+01
1.000000e+02, 5.501922e+01
1.000000e+02, 5.457782e+01
1.000000e+02, 5.413896e+01
1.000000e+02, 5.370261e+01
1.000000e+02, 5.326875e+01
1.000000e+02, 5.283737e+01
1.000000e+02, 5.240843e+01
1.000000e+02, 5.198192e+01
1.000000e+02, 5.155782e+01
1.000000e+02, 5.113610e+01
1.000000e+02, 5.071676e+01
1.000000e+02, 5.029975e+01
1.000000e+02, 4.988508e+01
1.000000e+02, 4.947271e+01
1.000000e+02, 4.906263e+01
1.000000e+02, 4.865483e+01
1.000000e+02, 4.824927e+01
1.000000e+02, 4.784595e+01
1.000000e+02, 4.744485e+01
1.000000e+02, 4.704595e+01
1.000000e+02, 4.664923e+01
1.000000e+02, 4.625467e+01
1.000000e+02, 4.586227e+01
1.000000e+02, 4.547200e+01
1.000000e+02, 4.508384e+01
1.000000e+02, 4.469779e+01
1.000000e+02, 4.431382e+01
1.000000e+02, 4.393192e+01
1.000000e+02, 4.355208e+01
1.000000e+02, 4.317428e+01
1.000000e+02, 4.279851e+01
1.000000e+02, 4.242475e+01
1.000000e+02, 4.205298e+01
1.000000e+02, 4.168320e+01
1.000000e+02, 4.131539e+01
1.000000e+02, 4.094953e+01
1.000000e+02, 4.058562e+01
1.000000e+02, 4.022363e+01
1.000000e+02, 3.986357e+01
1.000000e+02, 3.950540e+01
1.000000e+02, 3.914913e+01
1.000000e+02, 3.879473e+01
1.000000e+02, 3.844221e+01
1.000000e+02, 3.809153e+01
1.000000e+02, 3.774270e+01
1.000000e+02, 3.739570e+01
1.000000e+02, 3.705052e+01
1.000000e+02, 3.670714e+01
1.000000e+02, 3.636556e+01
1.000000e+02, 3.602577e+01
1.000000e+02, 3.568775e+01
1.000000e+02, 3.535149e+01
1.000000e+02, 3.501699e+01
1.000000e+02, 3.468422e+01
1.000000e+02, 3.435319e+01
1.000000e+02, 3.402388e+01
1.000000e+02, 3.369628e+01
1.000000e+02, 3.337038e+01
1.000000e+02, 3.304617e+01
1.000000e+02, 3.272365e+01
1.000000e+02, 3.240279e+01
1.000000e+02, 3.208360e+01
1.000000e+02, 3.176606e+01
1.000000e+02, 3.145016e+01
1.000000e+02, 3.113589e+01
1.000000e+02, 3.082326e+01
1.000000e+02, 3.051223e+01
1.000000e+02, 3.020282e+01
1.000000e+02, 2.989500e+01
1.000000e+02, 2.958877e+01
1.000000e+02, 2.928413e+01
1.000000e+02, 2.898105e+01
1.000000e+02, 2.867955e+01
1.000000e+02, 2.837960e+01
1.000000e+02, 2.808119e+01
1.000000e+02, 2.778433e+01
1.000000e+02, 2.748900e+01
1.000000e+02, 2.719519e+01
1.000000e+02, 2.690291e+01
1.000000e+02, 2.661213e+01
1.000000e+02, 2.632285e+01
1.000000e+02, 2.603507e+01
1.000000e+02, 2.574877e+01
1.000000e+02, 2.546395e+01
1.000000e+02, 2.518061e+01
1.000000e+02, 2.489873e+01
1.000000e+02, 2.461831e+01
1.000000e+02, 2.433935e+01
1.000000e+02, 2.406182e+01
1.000000e+02, 2.378574e+01
1.000000e+02, 2.351108e+01
1.000000e+02, 2.323785e+01
1.000000e+02, 2.296604e+01
1.000000e+02, 2.269564e+01
1.000000e+02, 2.242664e+01
1.000000e+02, 2.215904e+01
1.000000e+02, 2.189284e+01
1.000000e+02, 2.162802e+01
1.000000e+02, 2.136458e+01
1.000000e+02, 2.110252e+01
1.000000e+02, 2.084182e+01
1.000000e+02, 2.058249e+01
1.000000e+02, 2.032451e+01
1.000000e+02, 2.006788e+01
1.000000e+02, 1.981260e+01
1.000000e+02, 1.955865e+01
1.000000e+02, 1.930604e+01
1.000000e+02, 1.905476e+01
1.000000e+02, 1.880480e+01
1.000000e+02, 1.855615e+01
1.000000e+02, 1.830882e+01
1.000000e+02, 1.806279e+01
1.000000e+02, 1.781807e+01
1.000000e+02, 1.757464e+01
1.000000e+02, 1.733250e+01
1.000000e+02, 1.709165e+01
1.000000e+02, 1.685207e+01
1.000000e+02, 1.661377e+01
1.000000e+02, 1.637675e+01
1.000000e+02, 1.614099e+01
1.000000e+02, 1.590648e+01
1.000000e+02, 1.567324e+01
1.000000e+02, 1.544125e+01
1.000000e+02, 1.521050e+01
1.000000e+02, 1.498099e+01
1.000000e+02, 1.475273e+01
1.000000e+02, 1.452569e+01
1.000000e+02, 1.429988e+01
1.000000e+02, 1.407530e+01
1.000000e+02, 1.385194e+01
1.000000e+02, 1.362979e+01
1.000000e+02, 1.340885e+01
1.000000e+02, 1.318912e+01
1.000000e+02, 1.297059e+01
1.000000e+02, 1.275326e+01
1.000000e+02, 1.253712e+01
1.000000e+02, 1.232218e+01
1.000000e+02, 1.210842e+01
1.000000e+02, 1.189584e+01
1.000000e+02, 1.168443e+01
1.000000e+02, 1.147421e+01
1.000000e+02, 1.126515e+01
1.000000e+02, 1.105726e+01
1.000000e+02, 1.085053e+01
1.000000e+02, 1.064496e+01
1.000000e+02, 1.044054e+01
1.000000e+02, 1.023727e+01
1.000000e+02, 1.003515e+01
1.000000e+02, 9.834180e+00
1.000000e+02, 9.634345e+00
1.000000e+02, 9.435647e+00
1.000000e+02, 9.238081e+00
1.000000e+02, 9.041645e+00
1.000000e+02, 8.846336e+00
1.000000e+02, 8.652148e+00
1.000000e+02, 8.459080e+00
1.000000e+02, 8.267128e+00
1.000000e+02, 8.076288e+00
1.000000e+02, 7.886557e+00
1.000000e+02, 7.697932e+00
1.000000e+02, 7.510410e+00
1.000000e+02, 7.323988e+00
1.000000e+02, 7.138661e+00
1.000000e+02, 6.954428e+00
1.000000e+02, 6.771285e+00
1.000000e+02, 6.589229e+00
1.000000e+02, 6.408256e+00
1.000000e+02, 6.228365e+00
1.000000e+02, 6.049552e+00
1.000000e+02, 5.871813e+00
1.000000e+02, 5.695146e+00
1.000000e+02, 5.519549e+00
1.000000e+02, 5.345018e+00
1.000000e+02, 5.171550e+00
1.000000e+02, 4.999142e+00
1.000000e+02, 4.827793e+00
1.000000e+02, 4.657498e+00
1.000000e+02, 4.488256e+00
1.000000e+02, 4.320063e+00
1.000000e+02, 4.152917e+00
1.000000e+02, 3.986815e+00
1.000000e+02, 3.821754e+00
1.000000e+02, 3.657733e+00
1.000000e+02, 3.494748e+00
1.000000e+02, 3.332796e+00
1.000000e+02, 3.171876e+00
1.000000e+02, 3.011985e+00
1.000000e+02, 2.853119e+00
1.000000e+02, 2.695278e+00
1.000000e+02, 2.538458e+00
1.000000e+02, 2.382656e+00
1.000000e+02, 2.227871e+00
1.000000e+02, 2.074101e+00
1.000000e+02, 1.921342e+00
1.000000e+02, 1.769592e+00
1.000000e+02, 1.618850e+00
1.000000e+02, 1.469112e+00
1.000000e+02, 1.320377e+00
1.000000e+02, 1.172642e+00
1.000000e+02, 1.025906e+00
1.000000e+02, 8.801653e-01
1.000000e+02, 7.354185e-01
1.000000e+02, 5.916633e-01
1.000000e+02, 4.488975e-01
1.000000e+02, 3.071192e-01
1.000000e+02, 1.663261e-01
1.000000e+02, 2.651615e-02
1.000000e+02, 3.598877e+02
1.000000e+02, 3.597498e+02
1.000000e+02, 3.596130e+02
1.000000e+02, 3.594771e+02
1.000000e+02, 3.593421e+02
1.000000e+02, 3.592082e+02
1.000000e+02, 3.590752e+02
1.000000e+02, 3.589432e+02
1.000000e+02, 3.588121e+02
1.000000e+02, 3.586821e+02
1.000000e+02, 3.585529e+02
1.000000e+02, 3.584248e+02
1.000000e+02, 3.582976e+02
1.000000e+02, 3.581713e+02
1.000000e+02, 3.580460e+02
1.000000e+02, 3.579217e+02
1.000000e+02, 3.577983e+02
1.000000e+02, 3.576758e+02
1.000000e+02, 3.575543e+02
1.000000e+02, 3.574338e+02
1.000000e+02, 3.573142e+02
1.000000e+02, 3.571955e+02
1.000000e+02, 3.570778e+02
1.000000e+02, 3.569610e+02
1.000000e+02, 3.568451e+02
1.000000e+02, 3.567302e+02
1.000000e+02, 3.566163e+02
1.000000e+02, 3.565032e+02
1.000000e+02, 3.563911e+02
1.000000e+02, 3.562799e+02
1.000000e+02, 3.561697e+02
1.000000e+02, 3.560603e+02
1.000000e+02, 3.559519e+02
1.000000e+02, 3.558445e+02
1.000000e+02, 3.557379e+02
1.000000e+02, 3.556323e+02
1.000000e+02, 3.555276e+02
1.000000e+02, 3.554238e+02
1.000000e+02, 3.553209e+02
1.000000e+02, 3.552189e+02
1.000000e+02, 3.551179e+02
1.000000e+02, 3.550177e+02
1.000000e+02, 3.549185e+02
1.000000e+02, 3.548202e+02
1.000000e+02, 3.547228e+02
1.000000e+02, 3.546263e+02
1.000000e+02, 3.545307e+02
1.000000e+02, 3.544360e+02
1.000000e+02, 3.543422e+02
1.000000e+02, 3.542493e+02
1.000000e+02, 3.541573e+02
1.000000e+02, 3.540662e+02
1.000000e+02, 3.539761e+02
1.000000e+02, 3.538868e+02
1.000000e+02, 3.537984e+02
1.000000e+02, 3.537109e+02
1.000000e+02, 3.536243e+02
1.000000e+02, 3.535386e+02
1.000000e+02, 3.534538e+02
1.000000e+02, 3.533698e+02
1.000000e+02, 3.532868e+02
1.000000e+02, 3.532047e+02
1.000000e+02, 3.531234e+02
1.000000e+02, 3.530430e+02
1.000000e+02, 3.529635e+02
1.000000e+02, 3.528849e+02
1.000000e+02, 3.528072e+02
1.000000e+02, 3.527304e+02
1.000000e+02, 3.526544e+02
1.000000e+02, 3.525794e+02
1.000000e+02, 3.525052e+02
1.000000e+02, 3.524318e+02
1.000000e+02, 3.523594e+02
1.000000e+02, 3.522879e+02
1.000000e+02, 3.522172e+02
1.000000e+02, 3.521474e+02
1.000000e+02, 3.520784e+02
1.000000e+02, 3.520104e+02
1.000000e+02, 3.519432e+02
1.000000e+02, 3.518769e+02
1.000000e+02, 3.518114e+02
1.000000e+02, 3.517468e+02
1.000000e+02, 3.516831e+02
1.000000e+02, 3.516203e+02
1.000000e+02, 3.515583e+02
1.000000e+02, 3.514972e+02
1.000000e+02, 3.514370e+02
1.000000e+02, 3.513776e+02
1.000000e+02, 3.513191e+02
1.000000e+02, 3.512614e+02
1.000000e+02, 3.512047e+02
1.000000e+02, 3.511487e+02
1.000000e+02, 3.510937e+02
1.000000e+02, 3.510395e+02
1.000000e+02, 3.509862e+02
1.000000e+02, 3.509337e+02
1.000000e+02, 3.508821e+02
1.000000e+02, 3.508313e+02
1.000000e+02, 3.507814e+02
1.000000e+02, 3.507324e+02
1.000000e+02, 3.506842e+02
1.000000e+02, 3.506368e+02
1.000000e+02, 3.505904e+02
1.000000e+02, 3.505448e+02
1.000000e+02, 3.505000e+02
1.000000e+02, 3.504561e+02
1.000000e+02, 3.504130e+02
1.000000e+02, 3.503708e+02
1.000000e+02, 3.503295e+02
1.000000e+02, 3.502890e+02
1.000000e+02, 3.502493e+02
1.000000e+02, 3.502105e+02
1.000000e+02, 3.501726e+02
1.000000e+02, 3.501355e+02
1.000000e+02, 3.500992e+02
1.000000e+02, 3.500638e+02
1.000000e+02, 3.500293e+02
1.000000e+02, 3.499956e+02
1.000000e+02, 3.499627e+02
1.000000e+02, 3.499307e+02
1.000000e+02, 3.498995e+02
1.000000e+02, 3.498692e+02
1.000000e+02, 3.498398e+02
1.000000e+02, 3.498111e+02
1.000000e+02, 3.497834e+02
1.000000e+02, 3.497564e+02
1.000000e+02, 3.497303e+02
1.000000e+02, 3.497051e+02
1.000000e+02, 3.496807e+02
1.000000e+02, 3.496571e+02
1.000000e+02, 3.496344e+02
1.000000e+02, 3.496126e+02
1.000000e+02, 3.495915e+02
1.000000e+02, 3.495714e+02
1.000000e+02, 3.495520e+02
1.000000e+02, 3.495335e+02
1.000000e+02, 3.495159e+02
1.000000e+02, 3.494991e+02
1.000000e+02, 3.494831e+02
1.000000e+02, 3.494680e+02
1.000000e+02, 3.494537e+02
1.000000e+02, 3.494402e+02
1.000000e+02, 3.494276e+02
1.000000e+02, 3.494159e+02
1.000000e+02, 3.494049e+02
1.000000e+02, 3.493949e+02
1.000000e+02, 3.493856e+02
1.000000e+02, 3.493772e+02
1.000000e+02, 3.493697e+02
1.000000e+02, 3.493629e+02
1.000000e+02, 3.493571e+02
1.000000e+02, 3.493520e+02
1.000000e+02, 3.493478e+02
1.000000e+02, 3.493445e+02
1.000000e+02, 3.493419e+02
1.000000e+02, 3.493403e+02
1.000000e+02, 3.493394e+02
1.000000e+02, 3.493394e+02
1.000000e+02, 3.493403e+02
1.000000e+02, 3.493419e+02
1.000000e+02, 3.493445e+02
1.000000e+02, 3.493478e+02
1.000000e+02, 3.493520e+02
1.000000e+02, 3.493571e+02
1.000000e+02, 3.493629e+02
1.000000e+02, 3.493697e+02
1.000000e+02, 3.493772e+02
1.000000e+02, 3.493856e+02
1.000000e+02, 3.493949e+02
1.000000e+02, 3.494049e+02
1.000000e+02, 3.494159e+02
1.000000e+02, 3.494276e+02
1.000000e+02, 3.494402e+02
1.000000e+02, 3.494537e+02
1.000000e+02, 3.494680e+02
1.000000e+02, 3.494831e+02
1.000000e+02, 3.494991e+02
1.000000e+02, 3.495159e+02
1.000000e+02, 3.495335e+02
1.000000e+02, 3.495520e+02
1.000000e+02, 3.495714e+02
1.000000e+02, 3.495915e+02
1.000000e+02, 3.496126e+02
1.000000e+02, 3.496344e+02
1.000000e+02, 3.496571e+02
1.000000e+02, 3.496807e+02
1.000000e+02, 3.497051e+02
1.000000e+02, 3.497303e+02
1.000000e+02, 3.497564e+02
1.000000e+02, 3.497834e+02
1.000000e+02, 3.498111e+02
1.000000e+02, 3.498398e+02
1.000000e+02, 3.498692e+02
1.000000e+02, 3.498995e+02
1.000000e+02, 3.499307e+02
1.000000e+02, 3.499627e+02
1.000000e+02, 3.499956e+02
1.000000e+02, 3.500293e+02
1.000000e+02, 3.500638e+02
1.000000e+02, 3.500992e+02
1.000000e+02, 3.501355e+02
1.000000e+02, 3.501726e+02
1.000000e+02, 3.502105e+02
1.000000e+02, 3.502493e+02
1.000000e+02, 3.502890e+02
1.000000e+02, 3.503295e+02
1.000000e+02, 3.503708e+02
1.000000e+02, 3.504130e+02
1.000000e+02, 3.504561e+02
1.000000e+02, 3.505000e+02
1.000000e+02, 3.505448e+02
1.000000e+02, 3.505904e+02
1.000000e+02, 3.506368e+02
1.000000e+02, 3.506842e+02
1.000000e+02, 3.507324e+02
1.000000e+02, 3.507814e+02
1.000000e+02, 3.508313e+02
1.000000e+02, 3.508821e+02
1.000000e+02, 3.509337e+02
1.000000e+02, 3.509862e+02
1.000000e+02, 3.510395e+02
1.000000e+02, 3.510937e+02
1.000000e+02, 3.511487e+02
1.000000e+02, 3.512047e+02
1.000000e+02, 3.512614e+02
1.000000e+02, 3.513191e+02
1.000000e+02, 3.513776e+02
1.000000e+02, 3.514370e+02
1.000000e+02, 3.514972e+02
1.000000e+02, 3.515583e+02
1.000000e+02, 3.516203e+02
1.000000e+02, 3.516831e+02
1.000000e+02, 3.517468e+02
1.000000e+02, 3.518114e+02
1.000000e+02, 3.518769e+02
1.000000e+02, 3.519432e+02
1.000000e+02, 3.520104e+02
1.000000e+02, 3.520784e+02
1.000000e+02, 3.521474e+02
1.000000e+02, 3.522172e+02
1.000000e+02, 3.522879e+02
1.000000e+02, 3.523594e+02
1.000000e+02, 3.524318e+02
1.000000e+02, 3.525052e+02
1.000000e+02, 3.525794e+02
1.000000e+02, 3.526544e+02
1.000000e+02, 3.527304e+02
1.000000e+02, 3.528072e+02
1.000000e+02, 3.528849e+02
1.000000e+02, 3.529635e+02
1.000000e+02, 3.530430e+02
1.000000e+02, 3.531234e+02
1.000000e+02, 3.532047e+02
1.000000e+02, 3.532868e+02
1.000000e+02, 3.533698e+02
1.000000e+02, 3.534538e+02
1.000000e+02, 3.535386e+02
1.000000e+02, 3.536243e+02
1.000000e+02, 3.537109e+02
1.000000e+02, 3.537984e+02
1.000000e+02, 3.538868e+02
1.000000e+02, 3.539761e+02
1.000000e+02, 3.540662e+02
1.000000e+02, 3.541573e+02
1.000000e+02, 3.542493e+02
1.000000e+02, 3.543422e+02
1.000000e+02, 3.544360e+02
1.000000e+02, 3.545307e+02
1.000000e+02, 3.546263e+02
1.000000e+02, 3.547228e+02
1.000000e+02, 3.548202e+02
1.000000e+02, 3.549185e+02
1.000000e+02, 3.550177e+02
1.000000e+02, 3.551179e+02
1.000000e+02, 3.552189e+02
1.000000e+02, 3.553209e+02
1.000000e+02, 3.554238e+02
1.000000e+02, 3.555276e+02
1.000000e+02, 3.556323e+02
1.000000e+02, 3.557379e+02
1.000000e+02, 3.558445e+02
1.000000e+02, 3.559519e+02
1.000000e+02, 3.560603e+02
1.000000e+02, 3.561697e+02
1.000000e+02, 3.562799e+02
1.000000e+02, 3.563911e+02
1.000000e+02, 3.565032e+02
1.000000e+02, 3.566163e+02
1.000000e+02, 3.567302e+02
1.000000e+02, 3.568452e+02
1.000000e+02, 3.569610e+02
1.000000e+02, 3.570778e+02
1.000000e+02, 3.571955e+02
1.000000e+02, 3.573142e+02
1.000000e+02, 3.574338e+02
1.000000e+02, 3.575543e+02
1.000000e+02, 3.576758e+02
1.000000e+02, 3.577983e+02
1.000000e+02, 3.579217e+02
1.000000e+02, 3.580460e+02
1.000000e+02, 3.581713e+02
1.000000e+02, 3.582976e+02
1.000000e+02, 3.584248e+02
1.000000e+02, 3.585529e+02
1.000000e+02, 3.586821e+02
1.000000e+02, 3.588121e+02
1.000000e+02, 3.589432e+02
1.000000e+02, 3.590752e+02
1.000000e+02, 3.592082e+02
1.000000e+02, 3.593421e+02
1.000000e+02, 3.594771e+02
1.000000e+02, 3.596130e+02
1.000000e+02, 3.597498e+02
1.000000e+02, 3.598877e+02
1.000000e+02, 2.651681e-02
1.000000e+02, 1.663267e-01
1.000000e+02, 3.071198e-01
1.000000e+02, 4.488982e-01
1.000000e+02, 5.916639e-01
1.000000e+02, 7.354192e-01
1.000000e+02, 8.801660e-01
1.000000e+02, 1.025907e+00
1.000000e+02, 1.172643e+00
1.000000e+02, 1.320378e+00
1.000000e+02, 1.469113e+00
1.000000e+02, 1.618850e+00
1.000000e+02, 1.769593e+00
1.000000e+02, 1.921342e+00
1.000000e+02, 2.074101e+00
1.000000e+02, 2.227872e+00
1.000000e+02, 2.382657e+00
1.000000e+02, 2.538458e+00
1.000000e+02, 2.695279e+00
1.000000e+02, 2.853120e+00
1.000000e+02, 3.011985e+00
1.000000e+02, 3.171877e+00
1.000000e+02, 3.332797e+00
1.000000e+02, 3.494749e+00
1.000000e+02, 3.657734e+00
1.000000e+02, 3.821755e+00
1.000000e+02, 3.986816e+00
1.000000e+02, 4.152918e+00
1.000000e+02, 4.320064e+00
1.000000e+02, 4.488257e+00
1.000000e+02, 4.657499e+00
1.000000e+02, 4.827794e+00
1.000000e+02, 4.999143e+00
1.000000e+02, 5.171551e+00
1.000000e+02, 5.345019e+00
1.000000e+02, 5.519550e+00
1.000000e+02, 5.695147e+00
1.000000e+02, 5.871814e+00
1.000000e+02, 6.049552e+00
1.000000e+02, 6.228366e+00
1.000000e+02, 6.408257e+00
1.000000e+02, 6.589230e+00
1.000000e+02, 6.771286e+00
1.000000e+02, 6.954429e+00
1.000000e+02, 7.138662e+00
1.000000e+02, 7.323989e+00
1.000000e+02, 7.510411e+00
1.000000e+02, 7.697933e+00
1.000000e+02, 7.886558e+00
1.000000e+02, 8.076289e+00
1.000000e+02, 8.267129e+00
1.000000e+02, 8.459081e+00
1.000000e+02, 8.652149e+00
1.000000e+02, 8.846337e+00
1.000000e+02, 9.041646e+00
1.000000e+02, 9.238082e+00
1.000000e+02, 9.435648e+00
1.000000e+02, 9.634346e+00
1.000000e+02, 9.834181e+00
1.000000e+02, 1.003516e+01
1.000000e+02, 1.023727e+01
1.000000e+02, 1.044054e+01
1.000000e+02, 1.064496e+01
1.000000e+02, 1.085053e+01
1.000000e+02, 1.105726e+01
1.000000e+02, 1.126515e+01
1.000000e+02, 1.147421e+01
1.000000e+02, 1.168444e+01
1.000000e+02, 1.189584e+01
1.000000e+02, 1.210842e+01
1.000000e+02, 1.232218e+01
1.000000e+02, 1.253713e+01
1.000000e+02, 1.275326e+01
1.000000e+02, 1.297059e+01
1.000000e+02, 1.318912e+01
1.000000e+02, 1.340885e+01
1.000000e+02, 1.362979e+01
1.000000e+02, 1.385194e+01
1.000000e+02, 1.407530e+01
1.000000e+02, 1.429989e+01
1.000000e+02, 1.452569e+01
1.000000e+02, 1.475273e+01
1.000000e+02, 1.498100e+01
1.000000e+02, 1.521050e+01
1.000000e+02, 1.544125e+01
1.000000e+02, 1.567324e+01
1.000000e+02, 1.590649e+01
1.000000e+02, 1.614099e+01
1.000000e+02, 1.637675e+01
1.000000e+02, 1.661378e+01
1.000000e+02, 1.685207e+01
1.000000e+02, 1.709165e+01
1.000000e+02, 1.733250e+01
1.000000e+02, 1.757464e+01
1.000000e+02, 1.781807e+01
1.000000e+02, 1.806279e+01
1.000000e+02, 1.830882e+01
1.000000e+02, 1.855615e+01
1.000000e+02, 1.880480e+01
1.000000e+02, 1.905476e+01
1.000000e+02, 1.930604e+01
1.000000e+02, 1.955865e+01
1.000000e+02, 1.981260e+01
1.000000e+02, 2.006788e+01
1.000000e+02, 2.032451e+01
1.000000e+02, 2.058249e+01
1.000000e+02, 2.084182e+01
1.000000e+02, 2.110252e+01
1.000000e+02, 2.136458e+01
1.000000e+02, 2.162802e+01
1.000000e+02, 2.189284e+01
1.000000e+02, 2.215904e+01
1.000000e+02, 2.242664e+01
1.000000e+02, 2.269564e+01
1.000000e+02, 2.296604e+01
1.000000e+02, 2.323785e+01
1.000000e+02, 2.351108e+01
1.000000e+02, 2.378574e+01
1.000000e+02, 2.406182e+01
1.000000e+02, 2.433935e+01
1.000000e+02, 2.461831e+01
1.000000e+02, 2.489873e+01
1.000000e+02, 2.518061e+01
1.000000e+02, 2.546396e+01
1.000000e+02, 2.574877e+01
1.000000e+02, 2.603507e+01
1.000000e+02, 2.632285e+01
1.000000e+02, 2.661213e+01
1.000000e+02, 2.690291e+01
1.000000e+02, 2.719520e+01
1.000000e+02, 2.748900e+01
1.000000e+02, 2.778433e+01
1.000000e+02, 2.808119e+01
1.000000e+02, 2.837960e+01
1.000000e+02, 2.867955e+01
1.000000e+02, 2.898106e+01
1.000000e+02, 2.928413e+01
1.000000e+02, 2.958877e+01
1.000000e+02, 2.989500e+01
1.000000e+02, 3.020282e+01
1.000000e+02, 3.051223e+01
1.000000e+02, 3.082326e+01
1.000000e+02, 3.113590e+01
1.000000e+02, 3.145016e+01
1.000000e+02, 3.176606e+01
1.000000e+02, 3.208360e+01
1.000000e+02, 3.240279e+01
1.000000e+02, 3.272365e+01
1.000000e+02, 3.304618e+01
1.000000e+02, 3.337038e+01
1.000000e+02, 3.369628e+01
1.000000e+02, 3.402388e+01
1.000000e+02, 3.435319e+01
1.000000e+02, 3.468423e+01
1.000000e+02, 3.501699e+01
1.000000e+02, 3.535149e+01
1.000000e+02, 3.568775e+01
1.000000e+02, 3.602577e+01
1.000000e+02, 3.636557e+01
1.000000e+02, 3.670714e+01
1.000000e+02, 3.705052e+01
1.000000e+02, 3.739570e+01
1.000000e+02, 3.774270e+01
1.000000e+02, 3.809153e+01
1.000000e+02, 3.844221e+01
1.000000e+02, 3.879474e+01
1.000000e+02, 3.914913e+01
1.000000e+02, 3.950540e+01
1.000000e+02, 3.986357e+01
1.000000e+02, 4.022363e+01
1.000000e+02, 4.058562e+01
1.000000e+02, 4.094953e+01
1.000000e+02, 4.131539e+01
1.000000e+02, 4.168320e+01
1.000000e+02, 4.205298e+01
1.000000e+02, 4.242475e+01
1.000000e+02, 4.279851e+01
1.000000e+02, 4.317428e+01
1.000000e+02, 4.355209e+01
1.000000e+02, 4.393193e+01
1.000000e+02, 4.431382e+01
1.000000e+02, 4.469779e+01
1.000000e+02, 4.508384e+01
1.000000e+02, 4.547200e+01
1.000000e+02, 4.586227e+01
1.000000e+02, 4.625467e+01
1.000000e+02, 4.664923e+01
1.000000e+02, 4.704595e+01
1.000000e+02, 4.744485e+01
1.000000e+02, 4.784595e+01
1.000000e+02, 4.824927e+01
1.000000e+02, 4.865483e+01
1.000000e+02, 4.906263e+01
1.000000e+02, 4.947271e+01
1.000000e+02, 4.988508e+01
1.000000e+02, 5.029975e+01
1.000000e+02, 5.071676e+01
1.000000e+02, 5.113611e+01
1.000000e+02, 5.155782e+01
1.000000e+02, 5.198192e+01
1.000000e+02, 5.240843e+01
1.000000e+02, 5.283737e+01
1.000000e+02, 5.326876e+01
1.000000e+02, 5.370261e+01
1.000000e+02, 5.413896e+01
1.000000e+02, 5.457782e+01
1.000000e+02, 5.501922e+01
1.000000e+02, 5.546319e+01
1.000000e+02, 5.590973e+01
1.000000e+02, 5.635888e+01
1.000000e+02, 5.681067e+01
1.000000e+02, 5.726511e+01
1.000000e+02, 5.772223e+01
1.000000e+02, 5.818206e+01
1.000000e+02, 5.864463e+01
1.000000e+02, 5.910996e+01
1.000000e+02, 5.957807e+01
1.000000e+02, 6.004900e+01
1.000000e+02, 6.052278e+01
1.000000e+02, 6.099943e+01
1.000000e+02, 6.147898e+01
1.000000e+02, 6.196146e+01
1.000000e+02, 6.244691e+01
1.000000e+02, 6.293536e+01
1.000000e+02, 6.342682e+01
1.000000e+02, 6.392135e+01
1.000000e+02, 6.441897e+01
1.000000e+02, 6.491972e+01
1.000000e+02, 6.542363e+01
1.000000e+02, 6.593073e+01
1.000000e+02, 6.644107e+01
1.000000e+02, 6.695467e+01
1.000000e+02, 6.747159e+01
1.000000e+02, 6.799184e+01
1.000000e+02, 6.851549e+01
1.000000e+02, 6.904256e+01
1.000000e+02, 6.957309e+01
1.000000e+02, 7.010714e+01
1.000000e+02, 7.064473e+01
1.000000e+02, 7.118593e+01
1.000000e+02, 7.173076e+01
1.000000e+02, 7.227928e+01
1.000000e+02, 7.283153e+01
1.000000e+02, 7.338757e+01
1.000000e+02, 7.394744e+01
1.000000e+02, 7.451120e+01
1.000000e+02, 7.507889e+01
1.000000e+02, 7.565057e+01
1.000000e+02, 7.622630e+01
1.000000e+02, 7.680612e+01
1.000000e+02, 7.739011e+01
1.000000e+02, 7.797831e+01
1.000000e+02, 7.857079e+01
1.000000e+02, 7.916761e+01
1.000000e+02, 7.976884e+01
1.000000e+02, 8.037453e+01
1.000000e+02, 8.098477e+01
1.000000e+02, 8.159961e+01
1.000000e+02, 8.221913e+01
1.000000e+02, 8.284341e+01
1.000000e+02, 8.347251e+01
1.000000e+02, 8.410652e+01
1.000000e+02, 8.474552e+01
1.000000e+02, 8.538959e+01
1.000000e+02, 8.603881e+01
1.000000e+02, 8.669328e+01
1.000000e+02, 8.735308e+01
1.000000e+02, 8.801831e+01
1.000000e+02, 8.868906e+01
1.000000e+02, 8.936543e+01
1.000000e+02, 9.004753e+01
1.000000e+02, 9.073547e+01
1.000000e+02, 9.142934e+01
1.000000e+02, 9.212927e+01
1.000000e+02, 9.283537e+01
1.000000e+02, 9.354777e+01
1.000000e+02, 9.426659e+01
1.000000e+02, 9.499196e+01
1.000000e+02, 9.572402e+01
1.000000e+02, 9.646291e+01
1.000000e+02, 9.720876e+01
1.000000e+02, 9.796175e+01
1.000000e+02, 9.872202e+01
1.000000e+02, 9.948973e+01
1.000000e+02, 1.002651e+02
1.000000e+02, 1.010482e+02
1.000000e+02, 1.018393e+02
1.000000e+02, 1.026386e+02
1.000000e+02, 1.034462e+02
1.000000e+02, 1.042624e+02
1.000000e+02, 1.050874e+02
1.000000e+02, 1.059215e+02
1.000000e+02, 1.067648e+02
1.000000e+02, 1.076177e+02
1.000000e+02, 1.084803e+02
1.000000e+02, 1.093530e+02
1.000000e+02, 1.102360e+02
1.000000e+02, 1.111297e+02
1.000000e+02, 1.120344e+02
1.000000e+02, 1.129504e+02
1.000000e+02, 1.138781e+02
1.000000e+02, 1.148178e+02
1.000000e+02, 1.157699e+02
1.000000e+02, 1.167350e+02
1.000000e+02, 1.177133e+02
1.000000e+02, 1.187054e+02
1.000000e+02, 1.197119e+02
1.000000e+02, 1.207332e+02
1.000000e+02, 1.217698e+02
1.000000e+02, 1.228226e+02
1.000000e+02, 1.238919e+02
1.000000e+02, 1.249787e+02
1.000000e+02, 1.260836e+02
1.000000e+02, 1.272075e+02
1.000000e+02, 1.283512e+02
1.000000e+02, 1.295157e+02
1.000000e+02, 1.307020e+02
1.000000e+02, 1.319113e+02
1.000000e+02, 1.331447e+02
1.000000e+02, 1.344037e+02
1.000000e+02, 1.356896e+02
1.000000e+02, 1.370042e+02
1.000000e+02, 1.383492e+02
1.000000e+02, 1.397267e+02
1.000000e+02, 1.411388e+02
1.000000e+02, 1.425881e+02
1.000000e+02, 1.440774e+02
1.000000e+02, 1.456100e+02
1.000000e+02, 1.471896e+02
1.000000e+02, 1.488204e+02
1.000000e+02, 1.505075e+02
1.000000e+02, 1.522566e+02
1.000000e+02, 1.540747e+02
1.000000e+02, 1.559702e+02
1.000000e+02, 1.579533e+02
1.000000e+02, 1.600368e+02
1.000000e+02, 1.622370e+02
1.000000e+02, 1.645751e+02
1.000000e+02, 1.670798e+02
1.000000e+02, 1.697915e+02
1.000000e+02, 1.727703e+02
1.000000e+02, 1.761138e+02
1.000000e+02, 1.800000e+02
##END= 