##TITLE= /opt/topspin3.0/exp/stan/nmr/lists/wave/user/HypSec_trunc2.84_110
##JCAMP-DX= 5.00 Bruker JCAMP library
##DATA TYPE= Shape Data
##ORIGIN= Bruker BioSpin GmbH
##OWNER= <nmrsu>
##DATE= 15/02/24
##TIME= 16:15:04
##MINX= 1.164538e+01
##MAXX= 9.999960e+01
##MINY= 2.546774e-02
##MAXY= 3.585574e+02
##$SHAPE_EXMODE= Adiabatic
##$SHAPE_TOTROT= 1.800000e+02
##$SHAPE_BWFAC= 1.929340e+02
##$SHAPE_INTEGFAC= 2.356110e-02
##$SHAPE_MODE= 0
##NPOINTS= 1000
##XYPOINTS= (XY..XY)
1.000000e+02, 1.800000e+02
1.000000e+02, 1.712643e+02
1.000000e+02, 1.637487e+02
1.000000e+02, 1.570526e+02
1.000000e+02, 1.509572e+02
1.000000e+02, 1.453270e+02
1.000000e+02, 1.400713e+02
1.000000e+02, 1.351255e+02
1.000000e+02, 1.304420e+02
1.000000e+02, 1.259842e+02
1.000000e+02, 1.217234e+02
1.000000e+02, 1.176365e+02
1.000000e+02, 1.137048e+02
1.000000e+02, 1.099126e+02
1.000000e+02, 1.062467e+02
1.000000e+02, 1.026961e+02
1.000000e+02, 9.925097e+01
1.000000e+02, 9.590314e+01
1.000000e+02, 9.264529e+01
1.000000e+02, 8.947105e+01
1.000000e+02, 8.637476e+01
1.000000e+02, 8.335136e+01
1.000000e+02, 8.039636e+01
1.000000e+02, 7.750571e+01
1.000000e+02, 7.467574e+01
1.000000e+02, 7.190313e+01
1.000000e+02, 6.918487e+01
1.000000e+02, 6.651819e+01
1.000000e+02, 6.390056e+01
1.000000e+02, 6.132967e+01
1.000000e+02, 5.880336e+01
1.000000e+02, 5.631966e+01
1.000000e+02, 5.387675e+01
1.000000e+02, 5.147291e+01
1.000000e+02, 4.910656e+01
1.000000e+02, 4.677624e+01
1.000000e+02, 4.448055e+01
1.000000e+02, 4.221821e+01
1.000000e+02, 3.998802e+01
1.000000e+02, 3.778882e+01
1.000000e+02, 3.561957e+01
1.000000e+02, 3.347925e+01
1.000000e+02, 3.136690e+01
1.000000e+02, 2.928165e+01
1.000000e+02, 2.722263e+01
1.000000e+02, 2.518905e+01
1.000000e+02, 2.318014e+01
1.000000e+02, 2.119518e+01
1.000000e+02, 1.923350e+01
1.000000e+02, 1.729442e+01
1.000000e+02, 1.537734e+01
1.000000e+02, 1.348166e+01
1.000000e+02, 1.160682e+01
1.000000e+02, 9.752277e+00
1.000000e+02, 7.917515e+00
1.000000e+02, 6.102043e+00
1.000000e+02, 4.305389e+00
1.000000e+02, 2.527102e+00
1.000000e+02, 7.667490e-01
1.000000e+02, 3.590239e+02
1.000000e+02, 3.572982e+02
1.000000e+02, 3.555892e+02
1.000000e+02, 3.538966e+02
1.000000e+02, 3.522200e+02
1.000000e+02, 3.505591e+02
1.000000e+02, 3.489135e+02
1.000000e+02, 3.472830e+02
1.000000e+02, 3.456672e+02
1.000000e+02, 3.440658e+02
1.000000e+02, 3.424786e+02
1.000000e+02, 3.409053e+02
1.000000e+02, 3.393455e+02
1.000000e+02, 3.377992e+02
1.000000e+02, 3.362659e+02
1.000000e+02, 3.347455e+02
1.000000e+02, 3.332377e+02
1.000000e+02, 3.317424e+02
1.000000e+02, 3.302593e+02
1.000000e+02, 3.287881e+02
1.000000e+02, 3.273287e+02
1.000000e+02, 3.258810e+02
1.000000e+02, 3.244446e+02
1.000000e+02, 3.230194e+02
1.000000e+02, 3.216053e+02
1.000000e+02, 3.202020e+02
1.000000e+02, 3.188094e+02
1.000000e+02, 3.174273e+02
1.000000e+02, 3.160556e+02
1.000000e+02, 3.146940e+02
1.000000e+02, 3.133426e+02
1.000000e+02, 3.120010e+02
1.000000e+02, 3.106692e+02
1.000000e+02, 3.093470e+02
1.000000e+02, 3.080343e+02
1.000000e+02, 3.067309e+02
1.000000e+02, 3.054368e+02
1.000000e+02, 3.041517e+02
1.000000e+02, 3.028756e+02
1.000000e+02, 3.016084e+02
1.000000e+02, 3.003498e+02
1.000000e+02, 2.990999e+02
1.000000e+02, 2.978585e+02
1.000000e+02, 2.966255e+02
1.000000e+02, 2.954008e+02
1.000000e+02, 2.941843e+02
1.000000e+02, 2.929759e+02
1.000000e+02, 2.917754e+02
1.000000e+02, 2.905828e+02
1.000000e+02, 2.893981e+02
1.000000e+02, 2.882210e+02
1.000000e+02, 2.870515e+02
1.000000e+02, 2.858896e+02
1.000000e+02, 2.847350e+02
1.000000e+02, 2.835879e+02
1.000000e+02, 2.824480e+02
1.000000e+02, 2.813153e+02
1.000000e+02, 2.801897e+02
1.000000e+02, 2.790711e+02
1.000000e+02, 2.779594e+02
1.000000e+02, 2.768547e+02
1.000000e+02, 2.757567e+02
1.000000e+02, 2.746655e+02
1.000000e+02, 2.735810e+02
1.000000e+02, 2.725030e+02
1.000000e+02, 2.714315e+02
1.000000e+02, 2.703666e+02
1.000000e+02, 2.693080e+02
1.000000e+02, 2.682557e+02
1.000000e+02, 2.672097e+02
1.000000e+02, 2.661699e+02
1.000000e+02, 2.651363e+02
1.000000e+02, 2.641087e+02
1.000000e+02, 2.630872e+02
1.000000e+02, 2.620717e+02
1.000000e+02, 2.610620e+02
1.000000e+02, 2.600583e+02
1.000000e+02, 2.590603e+02
1.000000e+02, 2.580681e+02
1.000000e+02, 2.570816e+02
1.000000e+02, 2.561007e+02
1.000000e+02, 2.551255e+02
1.000000e+02, 2.541558e+02
1.000000e+02, 2.531916e+02
1.000000e+02, 2.522329e+02
1.000000e+02, 2.512795e+02
1.000000e+02, 2.503316e+02
1.000000e+02, 2.493889e+02
1.000000e+02, 2.484516e+02
1.000000e+02, 2.475194e+02
1.000000e+02, 2.465925e+02
1.000000e+02, 2.456707e+02
1.000000e+02, 2.447540e+02
1.000000e+02, 2.438424e+02
1.000000e+02, 2.429358e+02
1.000000e+02, 2.420341e+02
1.000000e+02, 2.411375e+02
1.000000e+02, 2.402457e+02
1.000000e+02, 2.393588e+02
1.000000e+02, 2.384767e+02
1.000000e+02, 2.375994e+02
1.000000e+02, 2.367269e+02
1.000000e+02, 2.358591e+02
1.000000e+02, 2.349960e+02
1.000000e+02, 2.341376e+02
1.000000e+02, 2.332837e+02
1.000000e+02, 2.324345e+02
1.000000e+02, 2.315898e+02
1.000000e+02, 2.307496e+02
1.000000e+02, 2.299140e+02
1.000000e+02, 2.290827e+02
1.000000e+02, 2.282560e+02
1.000000e+02, 2.274336e+02
1.000000e+02, 2.266155e+02
1.000000e+02, 2.258018e+02
1.000000e+02, 2.249925e+02
1.000000e+02, 2.241874e+02
1.000000e+02, 2.233865e+02
1.000000e+02, 2.225899e+02
1.000000e+02, 2.217974e+02
1.000000e+02, 2.210092e+02
1.000000e+02, 2.202250e+02
1.000000e+02, 2.194450e+02
1.000000e+02, 2.186691e+02
1.000000e+02, 2.178973e+02
1.000000e+02, 2.171294e+02
1.000000e+02, 2.163656e+02
1.000000e+02, 2.156058e+02
1.000000e+02, 2.148499e+02
1.000000e+02, 2.140980e+02
1.000000e+02, 2.133500e+02
1.000000e+02, 2.126059e+02
1.000000e+02, 2.118656e+02
1.000000e+02, 2.111292e+02
1.000000e+02, 2.103967e+02
1.000000e+02, 2.096679e+02
1.000000e+02, 2.089429e+02
1.000000e+02, 2.082217e+02
1.000000e+02, 2.075042e+02
1.000000e+02, 2.067904e+02
1.000000e+02, 2.060803e+02
1.000000e+02, 2.053738e+02
1.000000e+02, 2.046711e+02
1.000000e+02, 2.039719e+02
1.000000e+02, 2.032764e+02
1.000000e+02, 2.025845e+02
1.000000e+02, 2.018961e+02
1.000000e+02, 2.012113e+02
1.000000e+02, 2.005301e+02
1.000000e+02, 1.998523e+02
1.000000e+02, 1.991781e+02
1.000000e+02, 1.985073e+02
1.000000e+02, 1.978400e+02
1.000000e+02, 1.971761e+02
1.000000e+02, 1.965157e+02
1.000000e+02, 1.958587e+02
1.000000e+02, 1.952050e+02
1.000000e+02, 1.945548e+02
1.000000e+02, 1.939079e+02
1.000000e+02, 1.932643e+02
1.000000e+02, 1.926241e+02
1.000000e+02, 1.919872e+02
1.000000e+02, 1.913536e+02
1.000000e+02, 1.907232e+02
1.000000e+02, 1.900961e+02
1.000000e+02, 1.894723e+02
1.000000e+02, 1.888517e+02
1.000000e+02, 1.882343e+02
1.000000e+02, 1.876201e+02
1.000000e+02, 1.870091e+02
1.000000e+02, 1.864013e+02
1.000000e+02, 1.857966e+02
1.000000e+02, 1.851951e+02
1.000000e+02, 1.845967e+02
1.000000e+02, 1.840014e+02
1.000000e+02, 1.834093e+02
1.000000e+02, 1.828202e+02
1.000000e+02, 1.822342e+02
1.000000e+02, 1.816512e+02
1.000000e+02, 1.810713e+02
1.000000e+02, 1.804945e+02
1.000000e+02, 1.799206e+02
1.000000e+02, 1.793498e+02
1.000000e+02, 1.787820e+02
1.000000e+02, 1.782171e+02
1.000000e+02, 1.776552e+02
1.000000e+02, 1.770963e+02
1.000000e+02, 1.765403e+02
1.000000e+02, 1.759873e+02
1.000000e+02, 1.754372e+02
1.000000e+02, 1.748900e+02
1.000000e+02, 1.743457e+02
1.000000e+02, 1.738043e+02
1.000000e+02, 1.732658e+02
1.000000e+02, 1.727301e+02
1.000000e+02, 1.721973e+02
1.000000e+02, 1.716673e+02
1.000000e+02, 1.711402e+02
1.000000e+02, 1.706159e+02
1.000000e+02, 1.700944e+02
1.000000e+02, 1.695757e+02
1.000000e+02, 1.690598e+02
1.000000e+02, 1.685467e+02
1.000000e+02, 1.680364e+02
1.000000e+02, 1.675288e+02
1.000000e+02, 1.670240e+02
1.000000e+02, 1.665219e+02
1.000000e+02, 1.660225e+02
1.000000e+02, 1.655259e+02
1.000000e+02, 1.650320e+02
1.000000e+02, 1.645407e+02
1.000000e+02, 1.640522e+02
1.000000e+02, 1.635664e+02
1.000000e+02, 1.630832e+02
1.000000e+02, 1.626027e+02
1.000000e+02, 1.621248e+02
1.000000e+02, 1.616496e+02
1.000000e+02, 1.611771e+02
1.000000e+02, 1.607071e+02
1.000000e+02, 1.602398e+02
1.000000e+02, 1.597751e+02
1.000000e+02, 1.593130e+02
1.000000e+02, 1.588535e+02
1.000000e+02, 1.583966e+02
1.000000e+02, 1.579423e+02
1.000000e+02, 1.574905e+02
1.000000e+02, 1.570413e+02
1.000000e+02, 1.565947e+02
1.000000e+02, 1.561506e+02
1.000000e+02, 1.557090e+02
1.000000e+02, 1.552700e+02
1.000000e+02, 1.548335e+02
1.000000e+02, 1.543995e+02
1.000000e+02, 1.539680e+02
1.000000e+02, 1.535390e+02
1.000000e+02, 1.531125e+02
1.000000e+02, 1.526885e+02
1.000000e+02, 1.522670e+02
1.000000e+02, 1.518479e+02
1.000000e+02, 1.514313e+02
1.000000e+02, 1.510172e+02
1.000000e+02, 1.506055e+02
1.000000e+02, 1.501963e+02
1.000000e+02, 1.497895e+02
1.000000e+02, 1.493851e+02
1.000000e+02, 1.489832e+02
1.000000e+02, 1.485836e+02
1.000000e+02, 1.481865e+02
1.000000e+02, 1.477918e+02
1.000000e+02, 1.473995e+02
1.000000e+02, 1.470096e+02
1.000000e+02, 1.466220e+02
1.000000e+02, 1.462368e+02
1.000000e+02, 1.458540e+02
1.000000e+02, 1.454736e+02
1.000000e+02, 1.450955e+02
1.000000e+02, 1.447198e+02
1.000000e+02, 1.443464e+02
1.000000e+02, 1.439754e+02
1.000000e+02, 1.436067e+02
1.000000e+02, 1.432403e+02
1.000000e+02, 1.428763e+02
1.000000e+02, 1.425146e+02
1.000000e+02, 1.421551e+02
1.000000e+02, 1.417980e+02
1.000000e+02, 1.414432e+02
1.000000e+02, 1.410907e+02
1.000000e+02, 1.407405e+02
1.000000e+02, 1.403926e+02
1.000000e+02, 1.400469e+02
1.000000e+02, 1.397035e+02
1.000000e+02, 1.393624e+02
1.000000e+02, 1.390236e+02
1.000000e+02, 1.386870e+02
1.000000e+02, 1.383526e+02
1.000000e+02, 1.380206e+02
1.000000e+02, 1.376907e+02
1.000000e+02, 1.373631e+02
1.000000e+02, 1.370377e+02
1.000000e+02, 1.367146e+02
1.000000e+02, 1.363937e+02
1.000000e+02, 1.360750e+02
1.000000e+02, 1.357585e+02
1.000000e+02, 1.354442e+02
1.000000e+02, 1.351322e+02
1.000000e+02, 1.348223e+02
1.000000e+02, 1.345146e+02
1.000000e+02, 1.342091e+02
1.000000e+02, 1.339058e+02
1.000000e+02, 1.336047e+02
1.000000e+02, 1.333058e+02
1.000000e+02, 1.330091e+02
1.000000e+02, 1.327145e+02
1.000000e+02, 1.324220e+02
1.000000e+02, 1.321318e+02
1.000000e+02, 1.318437e+02
1.000000e+02, 1.315577e+02
1.000000e+02, 1.312740e+02
1.000000e+02, 1.309923e+02
1.000000e+02, 1.307128e+02
1.000000e+02, 1.304354e+02
1.000000e+02, 1.301602e+02
1.000000e+02, 1.298871e+02
1.000000e+02, 1.296161e+02
1.000000e+02, 1.293472e+02
1.000000e+02, 1.290805e+02
1.000000e+02, 1.288159e+02
1.000000e+02, 1.285534e+02
1.000000e+02, 1.282929e+02
1.000000e+02, 1.280346e+02
1.000000e+02, 1.277784e+02
1.000000e+02, 1.275243e+02
1.000000e+02, 1.272723e+02
1.000000e+02, 1.270224e+02
1.000000e+02, 1.267746e+02
1.000000e+02, 1.265288e+02
1.000000e+02, 1.262851e+02
1.000000e+02, 1.260435e+02
1.000000e+02, 1.258040e+02
1.000000e+02, 1.255666e+02
1.000000e+02, 1.253312e+02
1.000000e+02, 1.250979e+02
1.000000e+02, 1.248666e+02
1.000000e+02, 1.246374e+02
1.000000e+02, 1.244102e+02
1.000000e+02, 1.241851e+02
1.000000e+02, 1.239621e+02
1.000000e+02, 1.237411e+02
1.000000e+02, 1.235221e+02
1.000000e+02, 1.233052e+02
1.000000e+02, 1.230903e+02
1.000000e+02, 1.228775e+02
1.000000e+02, 1.226667e+02
1.000000e+02, 1.224579e+02
1.000000e+02, 1.222511e+02
1.000000e+02, 1.220464e+02
1.000000e+02, 1.218436e+02
1.000000e+02, 1.216429e+02
1.000000e+02, 1.214442e+02
1.000000e+02, 1.212476e+02
1.000000e+02, 1.210529e+02
1.000000e+02, 1.208602e+02
1.000000e+02, 1.206696e+02
1.000000e+02, 1.204809e+02
1.000000e+02, 1.202943e+02
1.000000e+02, 1.201096e+02
1.000000e+02, 1.199270e+02
1.000000e+02, 1.197463e+02
1.000000e+02, 1.195676e+02
1.000000e+02, 1.193909e+02
1.000000e+02, 1.192162e+02
1.000000e+02, 1.190435e+02
1.000000e+02, 1.188728e+02
1.000000e+02, 1.187040e+02
1.000000e+02, 1.185372e+02
1.000000e+02, 1.183724e+02
1.000000e+02, 1.182096e+02
1.000000e+02, 1.180488e+02
1.000000e+02, 1.178899e+02
1.000000e+02, 1.177329e+02
1.000000e+02, 1.175780e+02
1.000000e+02, 1.174250e+02
1.000000e+02, 1.172740e+02
1.000000e+02, 1.171249e+02
1.000000e+02, 1.169778e+02
1.000000e+02, 1.168326e+02
1.000000e+02, 1.166894e+02
1.000000e+02, 1.165482e+02
1.000000e+02, 1.164089e+02
1.000000e+02, 1.162715e+02
1.000000e+02, 1.161361e+02
1.000000e+02, 1.160026e+02
1.000000e+02, 1.158711e+02
1.000000e+02, 1.157415e+02
1.000000e+02, 1.156139e+02
1.000000e+02, 1.154882e+02
1.000000e+02, 1.153644e+02
1.000000e+02, 1.152426e+02
1.000000e+02, 1.151227e+02
1.000000e+02, 1.150048e+02
1.000000e+02, 1.148887e+02
1.000000e+02, 1.147746e+02
1.000000e+02, 1.146625e+02
1.000000e+02, 1.145522e+02
1.000000e+02, 1.144439e+02
1.000000e+02, 1.143375e+02
1.000000e+02, 1.142331e+02
1.000000e+02, 1.141305e+02
1.000000e+02, 1.140299e+02
1.000000e+02, 1.139312e+02
1.000000e+02, 1.138344e+02
1.000000e+02, 1.137395e+02
1.000000e+02, 1.136466e+02
1.000000e+02, 1.135555e+02
1.000000e+02, 1.134664e+02
1.000000e+02, 1.133792e+02
1.000000e+02, 1.132939e+02
1.000000e+02, 1.132105e+02
1.000000e+02, 1.131290e+02
1.000000e+02, 1.130494e+02
1.000000e+02, 1.129718e+02
1.000000e+02, 1.128960e+02
1.000000e+02, 1.128222e+02
1.000000e+02, 1.127502e+02
1.000000e+02, 1.126802e+02
1.000000e+02, 1.126120e+02
1.000000e+02, 1.125458e+02
1.000000e+02, 1.124814e+02
1.000000e+02, 1.124190e+02
1.000000e+02, 1.123585e+02
1.000000e+02, 1.122998e+02
1.000000e+02, 1.122431e+02
1.000000e+02, 1.121882e+02
1.000000e+02, 1.121353e+02
1.000000e+02, 1.120842e+02
1.000000e+02, 1.120351e+02
1.000000e+02, 1.119878e+02
1.000000e+02, 1.119425e+02
1.000000e+02, 1.118990e+02
1.000000e+02, 1.118574e+02
1.000000e+02, 1.118177e+02
1.000000e+02, 1.117799e+02
1.000000e+02, 1.117441e+02
1.000000e+02, 1.117100e+02
1.000000e+02, 1.116779e+02
1.000000e+02, 1.116477e+02
1.000000e+02, 1.116194e+02
1.000000e+02, 1.115929e+02
1.000000e+02, 1.115684e+02
1.000000e+02, 1.115457e+02
1.000000e+02, 1.115249e+02
1.000000e+02, 1.115061e+02
1.000000e+02, 1.114891e+02
1.000000e+02, 1.114740e+02
1.000000e+02, 1.114607e+02
1.000000e+02, 1.114494e+02
1.000000e+02, 1.114400e+02
1.000000e+02, 1.114324e+02
1.000000e+02, 1.114268e+02
1.000000e+02, 1.114230e+02
1.000000e+02, 1.114211e+02
1.000000e+02, 1.114211e+02
1.000000e+02, 1.114230e+02
1.000000e+02, 1.114268e+02
1.000000e+02, 1.114324e+02
1.000000e+02, 1.114400e+02
1.000000e+02, 1.114494e+02
1.000000e+02, 1.114607e+02
1.000000e+02, 1.114740e+02
1.000000e+02, 1.114891e+02
1.000000e+02, 1.115061e+02
1.000000e+02, 1.115249e+02
1.000000e+02, 1.115457e+02
1.000000e+02, 1.115684e+02
1.000000e+02, 1.115929e+02
1.000000e+02, 1.116194e+02
1.000000e+02, 1.116477e+02
1.000000e+02, 1.116779e+02
1.000000e+02, 1.117100e+02
1.000000e+02, 1.117441e+02
1.000000e+02, 1.117800e+02
1.000000e+02, 1.118177e+02
1.000000e+02, 1.118574e+02
1.000000e+02, 1.118990e+02
1.000000e+02, 1.119425e+02
1.000000e+02, 1.119878e+02
1.000000e+02, 1.120351e+02
1.000000e+02, 1.120842e+02
1.000000e+02, 1.121353e+02
1.000000e+02, 1.121882e+02
1.000000e+02, 1.122431e+02
1.000000e+02, 1.122998e+02
1.000000e+02, 1.123585e+02
1.000000e+02, 1.124190e+02
1.000000e+02, 1.124814e+02
1.000000e+02, 1.125458e+02
1.000000e+02, 1.126120e+02
1.000000e+02, 1.126802e+02
1.000000e+02, 1.127502e+02
1.000000e+02, 1.128222e+02
1.000000e+02, 1.128960e+02
1.000000e+02, 1.129718e+02
1.000000e+02, 1.130494e+02
1.000000e+02, 1.131290e+02
1.000000e+02, 1.132105e+02
1.000000e+02, 1.132939e+02
1.000000e+02, 1.133792e+02
1.000000e+02, 1.134664e+02
1.000000e+02, 1.135555e+02
1.000000e+02, 1.136466e+02
1.000000e+02, 1.137395e+02
1.000000e+02, 1.138344e+02
1.000000e+02, 1.139312e+02
1.000000e+02, 1.140299e+02
1.000000e+02, 1.141305e+02
1.000000e+02, 1.142331e+02
1.000000e+02, 1.143375e+02
1.000000e+02, 1.144439e+02
1.000000e+02, 1.145522e+02
1.000000e+02, 1.146625e+02
1.000000e+02, 1.147746e+02
1.000000e+02, 1.148887e+02
1.000000e+02, 1.150048e+02
1.000000e+02, 1.151227e+02
1.000000e+02, 1.152426e+02
1.000000e+02, 1.153644e+02
1.000000e+02, 1.154882e+02
1.000000e+02, 1.156139e+02
1.000000e+02, 1.157415e+02
1.000000e+02, 1.158711e+02
1.000000e+02, 1.160026e+02
1.000000e+02, 1.161361e+02
1.000000e+02, 1.162715e+02
1.000000e+02, 1.164089e+02
1.000000e+02, 1.165482e+02
1.000000e+02, 1.166894e+02
1.000000e+02, 1.168326e+02
1.000000e+02, 1.169778e+02
1.000000e+02, 1.171249e+02
1.000000e+02, 1.172740e+02
1.000000e+02, 1.174250e+02
1.000000e+02, 1.175780e+02
1.000000e+02, 1.177329e+02
1.000000e+02, 1.178899e+02
1.000000e+02, 1.180488e+02
1.000000e+02, 1.182096e+02
1.000000e+02, 1.183724e+02
1.000000e+02, 1.185372e+02
1.000000e+02, 1.187040e+02
1.000000e+02, 1.188728e+02
1.000000e+02, 1.190435e+02
1.000000e+02, 1.192162e+02
1.000000e+02, 1.193909e+02
1.000000e+02, 1.195676e+02
1.000000e+02, 1.197463e+02
1.000000e+02, 1.199270e+02
1.000000e+02, 1.201096e+02
1.000000e+02, 1.202943e+02
1.000000e+02, 1.204809e+02
1.000000e+02, 1.206696e+02
1.000000e+02, 1.208602e+02
1.000000e+02, 1.210529e+02
1.000000e+02, 1.212476e+02
1.000000e+02, 1.214442e+02
1.000000e+02, 1.216429e+02
1.000000e+02, 1.218436e+02
1.000000e+02, 1.220464e+02
1.000000e+02, 1.222511e+02
1.000000e+02, 1.224579e+02
1.000000e+02, 1.226667e+02
1.000000e+02, 1.228775e+02
1.000000e+02, 1.230903e+02
1.000000e+02, 1.233052e+02
1.000000e+02, 1.235221e+02
1.000000e+02, 1.237411e+02
1.000000e+02, 1.239621e+02
1.000000e+02, 1.241851e+02
1.000000e+02, 1.244102e+02
1.000000e+02, 1.246374e+02
1.000000e+02, 1.248666e+02
1.000000e+02, 1.250979e+02
1.000000e+02, 1.253312e+02
1.000000e+02, 1.255666e+02
1.000000e+02, 1.258040e+02
1.000000e+02, 1.260435e+02
1.000000e+02, 1.262851e+02
1.000000e+02, 1.265288e+02
1.000000e+02, 1.267746e+02
1.000000e+02, 1.270224e+02
1.000000e+02, 1.272723e+02
1.000000e+02, 1.275243e+02
1.000000e+02, 1.277784e+02
1.000000e+02, 1.280346e+02
1.000000e+02, 1.282929e+02
1.000000e+02, 1.285534e+02
1.000000e+02, 1.288159e+02
1.000000e+02, 1.290805e+02
1.000000e+02, 1.293472e+02
1.000000e+02, 1.296161e+02
1.000000e+02, 1.298871e+02
1.000000e+02, 1.301602e+02
1.000000e+02, 1.304354e+02
1.000000e+02, 1.307128e+02
1.000000e+02, 1.309923e+02
1.000000e+02, 1.312740e+02
1.000000e+02, 1.315577e+02
1.000000e+02, 1.318437e+02
1.000000e+02, 1.321318e+02
1.000000e+02, 1.324220e+02
1.000000e+02, 1.327145e+02
1.000000e+02, 1.330091e+02
1.000000e+02, 1.333058e+02
1.000000e+02, 1.336047e+02
1.000000e+02, 1.339058e+02
1.000000e+02, 1.342091e+02
1.000000e+02, 1.345146e+02
1.000000e+02, 1.348223e+02
1.000000e+02, 1.351322e+02
1.000000e+02, 1.354442e+02
1.000000e+02, 1.357585e+02
1.000000e+02, 1.360750e+02
1.000000e+02, 1.363937e+02
1.000000e+02, 1.367146e+02
1.000000e+02, 1.370377e+02
1.000000e+02, 1.373631e+02
1.000000e+02, 1.376907e+02
1.000000e+02, 1.380206e+02
1.000000e+02, 1.383526e+02
1.000000e+02, 1.386870e+02
1.000000e+02, 1.390236e+02
1.000000e+02, 1.393624e+02
1.000000e+02, 1.397035e+02
1.000000e+02, 1.400469e+02
1.000000e+02, 1.403926e+02
1.000000e+02, 1.407405e+02
1.000000e+02, 1.410907e+02
1.000000e+02, 1.414432e+02
1.000000e+02, 1.417980e+02
1.000000e+02, 1.421551e+02
1.000000e+02, 1.425146e+02
1.000000e+02, 1.428763e+02
1.000000e+02, 1.432403e+02
1.000000e+02, 1.436067e+02
1.000000e+02, 1.439754e+02
1.000000e+02, 1.443464e+02
1.000000e+02, 1.447198e+02
1.000000e+02, 1.450955e+02
1.000000e+02, 1.454736e+02
1.000000e+02, 1.458540e+02
1.000000e+02, 1.462368e+02
1.000000e+02, 1.466220e+02
1.000000e+02, 1.470096e+02
1.000000e+02, 1.473995e+02
1.000000e+02, 1.477918e+02
1.000000e+02, 1.481865e+02
1.000000e+02, 1.485836e+02
1.000000e+02, 1.489832e+02
1.000000e+02, 1.493851e+02
1.000000e+02, 1.497895e+02
1.000000e+02, 1.501963e+02
1.000000e+02, 1.506055e+02
1.000000e+02, 1.510172e+02
1.000000e+02, 1.514314e+02
1.000000e+02, 1.518479e+02
1.000000e+02, 1.522670e+02
1.000000e+02, 1.526885e+02
1.000000e+02, 1.531125e+02
1.000000e+02, 1.535390e+02
1.000000e+02, 1.539680e+02
1.000000e+02, 1.543995e+02
1.000000e+02, 1.548335e+02
1.000000e+02, 1.552700e+02
1.000000e+02, 1.557090e+02
1.000000e+02, 1.561506e+02
1.000000e+02, 1.565947e+02
1.000000e+02, 1.570413e+02
1.000000e+02, 1.574905e+02
1.000000e+02, 1.579423e+02
1.000000e+02, 1.583966e+02
1.000000e+02, 1.588535e+02
1.000000e+02, 1.593130e+02
1.000000e+02, 1.597751e+02
1.000000e+02, 1.602398e+02
1.000000e+02, 1.607071e+02
1.000000e+02, 1.611771e+02
1.000000e+02, 1.616496e+02
1.000000e+02, 1.621248e+02
1.000000e+02, 1.626027e+02
1.000000e+02, 1.630832e+02
1.000000e+02, 1.635664e+02
1.000000e+02, 1.640522e+02
1.000000e+02, 1.645407e+02
1.000000e+02, 1.650320e+02
1.000000e+02, 1.655259e+02
1.000000e+02, 1.660225e+02
1.000000e+02, 1.665219e+02
1.000000e+02, 1.670240e+02
1.000000e+02, 1.675288e+02
1.000000e+02, 1.680364e+02
1.000000e+02, 1.685467e+02
1.000000e+02, 1.690598e+02
1.000000e+02, 1.695757e+02
1.000000e+02, 1.700944e+02
1.000000e+02, 1.706159e+02
1.000000e+02, 1.711402e+02
1.000000e+02, 1.716673e+02
1.000000e+02, 1.721973e+02
1.000000e+02, 1.727301e+02
1.000000e+02, 1.732658e+02
1.000000e+02, 1.738043e+02
1.000000e+02, 1.743457e+02
1.000000e+02, 1.748900e+02
1.000000e+02, 1.754372e+02
1.000000e+02, 1.759873e+02
1.000000e+02, 1.765403e+02
1.000000e+02, 1.770963e+02
1.000000e+02, 1.776552e+02
1.000000e+02, 1.782171e+02
1.000000e+02, 1.787820e+02
1.000000e+02, 1.793498e+02
1.000000e+02, 1.799206e+02
1.000000e+02, 1.804945e+02
1.000000e+02, 1.810713e+02
1.000000e+02, 1.816512e+02
1.000000e+02, 1.822342e+02
1.000000e+02, 1.828202e+02
1.000000e+02, 1.834093e+02
1.000000e+02, 1.840014e+02
1.000000e+02, 1.845967e+02
1.000000e+02, 1.851951e+02
1.000000e+02, 1.857966e+02
1.000000e+02, 1.864013e+02
1.000000e+02, 1.870091e+02
1.000000e+02, 1.876201e+02
1.000000e+02, 1.882343e+02
1.000000e+02, 1.888517e+02
1.000000e+02, 1.894723e+02
1.000000e+02, 1.900961e+02
1.000000e+02, 1.907232e+02
1.000000e+02, 1.913536e+02
1.000000e+02, 1.919872e+02
1.000000e+02, 1.926241e+02
1.000000e+02, 1.932643e+02
1.000000e+02, 1.939079e+02
1.000000e+02, 1.945548e+02
1.000000e+02, 1.952050e+02
1.000000e+02, 1.958587e+02
1.000000e+02, 1.965157e+02
1.000000e+02, 1.971761e+02
1.000000e+02, 1.978400e+02
1.000000e+02, 1.985073e+02
1.000000e+02, 1.991781e+02
1.000000e+02, 1.998523e+02
1.000000e+02, 2.005301e+02
1.000000e+02, 2.012113e+02
1.000000e+02, 2.018961e+02
1.000000e+02, 2.025845e+02
1.000000e+02, 2.032764e+02
1.000000e+02, 2.039719e+02
1.000000e+02, 2.046711e+02
1.000000e+02, 2.053738e+02
1.000000e+02, 2.060803e+02
1.000000e+02, 2.067904e+02
1.000000e+02, 2.075042e+02
1.000000e+02, 2.082217e+02
1.000000e+02, 2.089429e+02
1.000000e+02, 2.096679e+02
1.000000e+02, 2.103967e+02
1.000000e+02, 2.111293e+02
1.000000e+02, 2.118657e+02
1.000000e+02, 2.126059e+02
1.000000e+02, 2.133500e+02
1.000000e+02, 2.140980e+02
1.000000e+02, 2.148499e+02
1.000000e+02, 2.156058e+02
1.000000e+02, 2.163656e+02
1.000000e+02, 2.171294e+02
1.000000e+02, 2.178973e+02
1.000000e+02, 2.186691e+02
1.000000e+02, 2.194450e+02
1.000000e+02, 2.202250e+02
1.000000e+02, 2.210092e+02
1.000000e+02, 2.217974e+02
1.000000e+02, 2.225899e+02
1.000000e+02, 2.233865e+02
1.000000e+02, 2.241874e+02
1.000000e+02, 2.249925e+02
1.000000e+02, 2.258018e+02
1.000000e+02, 2.266155e+02
1.000000e+02, 2.274336e+02
1.000000e+02, 2.282560e+02
1.000000e+02, 2.290827e+02
1.000000e+02, 2.299140e+02
1.000000e+02, 2.307496e+02
1.000000e+02, 2.315898e+02
1.000000e+02, 2.324345e+02
1.000000e+02, 2.332837e+02
1.000000e+02, 2.341376e+02
1.000000e+02, 2.349960e+02
1.000000e+02, 2.358591e+02
1.000000e+02, 2.367269e+02
1.000000e+02, 2.375994e+02
1.000000e+02, 2.384767e+02
1.000000e+02, 2.393588e+02
1.000000e+02, 2.402457e+02
1.000000e+02, 2.411375e+02
1.000000e+02, 2.420341e+02
1.000000e+02, 2.429358e+02
1.000000e+02, 2.438424e+02
1.000000e+02, 2.447540e+02
1.000000e+02, 2.456707e+02
1.000000e+02, 2.465925e+02
1.000000e+02, 2.475195e+02
1.000000e+02, 2.484516e+02
1.000000e+02, 2.493889e+02
1.000000e+02, 2.503316e+02
1.000000e+02, 2.512795e+02
1.000000e+02, 2.522329e+02
1.000000e+02, 2.531916e+02
1.000000e+02, 2.541558e+02
1.000000e+02, 2.551255e+02
1.000000e+02, 2.561007e+02
1.000000e+02, 2.570816e+02
1.000000e+02, 2.580681e+02
1.000000e+02, 2.590603e+02
1.000000e+02, 2.600583e+02
1.000000e+02, 2.610620e+02
1.000000e+02, 2.620717e+02
1.000000e+02, 2.630872e+02
1.000000e+02, 2.641087e+02
1.000000e+02, 2.651363e+02
1.000000e+02, 2.661699e+02
1.000000e+02, 2.672097e+02
1.000000e+02, 2.682557e+02
1.000000e+02, 2.693080e+02
1.000000e+02, 2.703666e+02
1.000000e+02, 2.714315e+02
1.000000e+02, 2.725030e+02
1.000000e+02, 2.735810e+02
1.000000e+02, 2.746655e+02
1.000000e+02, 2.757567e+02
1.000000e+02, 2.768547e+02
1.000000e+02, 2.779594e+02
1.000000e+02, 2.790711e+02
1.000000e+02, 2.801897e+02
1.000000e+02, 2.813153e+02
1.000000e+02, 2.824480e+02
1.000000e+02, 2.835879e+02
1.000000e+02, 2.847350e+02
1.000000e+02, 2.858896e+02
1.000000e+02, 2.870515e+02
1.000000e+02, 2.882210e+02
1.000000e+02, 2.893981e+02
1.000000e+02, 2.905828e+02
1.000000e+02, 2.917754e+02
1.000000e+02, 2.929759e+02
1.000000e+02, 2.941843e+02
1.000000e+02, 2.954008e+02
1.000000e+02, 2.966256e+02
1.000000e+02, 2.978586e+02
1.000000e+02, 2.990999e+02
1.000000e+02, 3.003498e+02
1.000000e+02, 3.016084e+02
1.000000e+02, 3.028756e+02
1.000000e+02, 3.041517e+02
1.000000e+02, 3.054368e+02
1.000000e+02, 3.067309e+02
1.000000e+02, 3.080343e+02
1.000000e+02, 3.093470e+02
1.000000e+02, 3.106692e+02
1.000000e+02, 3.120010e+02
1.000000e+02, 3.133426e+02
1.000000e+02, 3.146940e+02
1.000000e+02, 3.160556e+02
1.000000e+02, 3.174273e+02
1.000000e+02, 3.188094e+02
1.000000e+02, 3.202020e+02
1.000000e+02, 3.216053e+02
1.000000e+02, 3.230194e+02
1.000000e+02, 3.244446e+02
1.000000e+02, 3.258810e+02
1.000000e+02, 3.273287e+02
1.000000e+02, 3.287881e+02
1.000000e+02, 3.302593e+02
1.000000e+02, 3.317424e+02
1.000000e+02, 3.332377e+02
1.000000e+02, 3.347455e+02
1.000000e+02, 3.362659e+02
1.000000e+02, 3.377992e+02
1.000000e+02, 3.393455e+02
1.000000e+02, 3.409053e+02
1.000000e+02, 3.424786e+02
1.000000e+02, 3.440658e+02
1.000000e+02, 3.456672e+02
1.000000e+02, 3.472830e+02
1.000000e+02, 3.489136e+02
1.000000e+02, 3.505591e+02
1.000000e+02, 3.522200e+02
1.000000e+02, 3.538966e+02
1.000000e+02, 3.555892e+02
1.000000e+02, 3.572982e+02
1.000000e+02, 3.590239e+02
1.000000e+02, 7.667539e-01
1.000000e+02, 2.527107e+00
1.000000e+02, 4.305394e+00
1.000000e+02, 6.102048e+00
1.000000e+02, 7.917520e+00
1.000000e+02, 9.752282e+00
1.000000e+02, 1.160683e+01
1.000000e+02, 1.348167e+01
1.000000e+02, 1.537735e+01
1.000000e+02, 1.729443e+01
1.000000e+02, 1.923350e+01
1.000000e+02, 2.119519e+01
1.000000e+02, 2.318014e+01
1.000000e+02, 2.518905e+01
1.000000e+02, 2.722263e+01
1.000000e+02, 2.928165e+01
1.000000e+02, 3.136691e+01
1.000000e+02, 3.347925e+01
1.000000e+02, 3.561957e+01
1.000000e+02, 3.778883e+01
1.000000e+02, 3.998802e+01
1.000000e+02, 4.221822e+01
1.000000e+02, 4.448055e+01
1.000000e+02, 4.677624e+01
1.000000e+02, 4.910657e+01
1.000000e+02, 5.147291e+01
1.000000e+02, 5.387675e+01
1.000000e+02, 5.631967e+01
1.000000e+02, 5.880336e+01
1.000000e+02, 6.132967e+01
1.000000e+02, 6.390057e+01
1.000000e+02, 6.651819e+01
1.000000e+02, 6.918488e+01
1.000000e+02, 7.190314e+01
1.000000e+02, 7.467575e+01
1.000000e+02, 7.750572e+01
1.000000e+02, 8.039637e+01
1.000000e+02, 8.335137e+01
1.000000e+02, 8.637476e+01
1.000000e+02, 8.947106e+01
1.000000e+02, 9.264530e+01
1.000000e+02, 9.590314e+01
1.000000e+02, 9.925097e+01
1.000000e+02, 1.026961e+02
1.000000e+02, 1.062467e+02
1.000000e+02, 1.099126e+02
1.000000e+02, 1.137048e+02
1.000000e+02, 1.176365e+02
1.000000e+02, 1.217234e+02
1.000000e+02, 1.259842e+02
1.000000e+02, 1.304420e+02
1.000000e+02, 1.351255e+02
1.000000e+02, 1.400713e+02
1.000000e+02, 1.453270e+02
1.000000e+02, 1.509572e+02
1.000000e+02, 1.570526e+02
1.000000e+02, 1.637487e+02
1.000000e+02, 1.712643e+02
1.000000e+02, 1.800000e+02
##END= 