##TITLE= /opt/topspin3.0/exp/stan/nmr/lists/wave/user/HypSec_trunc2.84_110
##JCAMP-DX= 5.00 Bruker JCAMP library
##DATA TYPE= Shape Data
##ORIGIN= Bruker BioSpin GmbH
##OWNER= <nmrsu>
##DATE= 15/02/24
##TIME= 16:15:04
##MINX= 1.164538e+01
##MAXX= 9.999960e+01
##MINY= 2.546774e-02
##MAXY= 3.585574e+02
##$SHAPE_EXMODE= Adiabatic
##$SHAPE_TOTROT= 1.800000e+02
##$SHAPE_BWFAC= 1.929340e+02
##$SHAPE_INTEGFAC= 2.356110e-02
##$SHAPE_MODE= 0
##NPOINTS= 1000
##XYPOINTS= (XY..XY)
1.000000e+02, 1.800000e+02
1.000000e+02, 1.715965e+02
1.000000e+02, 1.643666e+02
1.000000e+02, 1.579251e+02
1.000000e+02, 1.520615e+02
1.000000e+02, 1.466454e+02
1.000000e+02, 1.415895e+02
1.000000e+02, 1.368318e+02
1.000000e+02, 1.323263e+02
1.000000e+02, 1.280380e+02
1.000000e+02, 1.239392e+02
1.000000e+02, 1.200078e+02
1.000000e+02, 1.162255e+02
1.000000e+02, 1.125775e+02
1.000000e+02, 1.090510e+02
1.000000e+02, 1.056354e+02
1.000000e+02, 1.023213e+02
1.000000e+02, 9.910074e+01
1.000000e+02, 9.596677e+01
1.000000e+02, 9.291322e+01
1.000000e+02, 8.993465e+01
1.000000e+02, 8.702621e+01
1.000000e+02, 8.418357e+01
1.000000e+02, 8.140283e+01
1.000000e+02, 7.868047e+01
1.000000e+02, 7.601328e+01
1.000000e+02, 7.339837e+01
1.000000e+02, 7.083309e+01
1.000000e+02, 6.831499e+01
1.000000e+02, 6.584185e+01
1.000000e+02, 6.341160e+01
1.000000e+02, 6.102234e+01
1.000000e+02, 5.867231e+01
1.000000e+02, 5.635987e+01
1.000000e+02, 5.408350e+01
1.000000e+02, 5.184178e+01
1.000000e+02, 4.963338e+01
1.000000e+02, 4.745706e+01
1.000000e+02, 4.531167e+01
1.000000e+02, 4.319609e+01
1.000000e+02, 4.110932e+01
1.000000e+02, 3.905038e+01
1.000000e+02, 3.701835e+01
1.000000e+02, 3.501238e+01
1.000000e+02, 3.303165e+01
1.000000e+02, 3.107539e+01
1.000000e+02, 2.914287e+01
1.000000e+02, 2.723339e+01
1.000000e+02, 2.534629e+01
1.000000e+02, 2.348095e+01
1.000000e+02, 2.163676e+01
1.000000e+02, 1.981316e+01
1.000000e+02, 1.800960e+01
1.000000e+02, 1.622557e+01
1.000000e+02, 1.446058e+01
1.000000e+02, 1.271413e+01
1.000000e+02, 1.098579e+01
1.000000e+02, 9.275121e+00
1.000000e+02, 7.581702e+00
1.000000e+02, 5.905135e+00
1.000000e+02, 4.245038e+00
1.000000e+02, 2.601042e+00
1.000000e+02, 9.727939e-01
1.000000e+02, 3.593600e+02
1.000000e+02, 3.577622e+02
1.000000e+02, 3.561792e+02
1.000000e+02, 3.546107e+02
1.000000e+02, 3.530563e+02
1.000000e+02, 3.515158e+02
1.000000e+02, 3.499889e+02
1.000000e+02, 3.484754e+02
1.000000e+02, 3.469750e+02
1.000000e+02, 3.454874e+02
1.000000e+02, 3.440124e+02
1.000000e+02, 3.425498e+02
1.000000e+02, 3.410994e+02
1.000000e+02, 3.396609e+02
1.000000e+02, 3.382342e+02
1.000000e+02, 3.368190e+02
1.000000e+02, 3.354151e+02
1.000000e+02, 3.340224e+02
1.000000e+02, 3.326406e+02
1.000000e+02, 3.312696e+02
1.000000e+02, 3.299092e+02
1.000000e+02, 3.285593e+02
1.000000e+02, 3.272197e+02
1.000000e+02, 3.258901e+02
1.000000e+02, 3.245706e+02
1.000000e+02, 3.232608e+02
1.000000e+02, 3.219607e+02
1.000000e+02, 3.206702e+02
1.000000e+02, 3.193890e+02
1.000000e+02, 3.181171e+02
1.000000e+02, 3.168543e+02
1.000000e+02, 3.156005e+02
1.000000e+02, 3.143555e+02
1.000000e+02, 3.131193e+02
1.000000e+02, 3.118917e+02
1.000000e+02, 3.106727e+02
1.000000e+02, 3.094620e+02
1.000000e+02, 3.082596e+02
1.000000e+02, 3.070654e+02
1.000000e+02, 3.058793e+02
1.000000e+02, 3.047012e+02
1.000000e+02, 3.035309e+02
1.000000e+02, 3.023684e+02
1.000000e+02, 3.012136e+02
1.000000e+02, 3.000664e+02
1.000000e+02, 2.989267e+02
1.000000e+02, 2.977943e+02
1.000000e+02, 2.966693e+02
1.000000e+02, 2.955516e+02
1.000000e+02, 2.944409e+02
1.000000e+02, 2.933374e+02
1.000000e+02, 2.922408e+02
1.000000e+02, 2.911512e+02
1.000000e+02, 2.900684e+02
1.000000e+02, 2.889923e+02
1.000000e+02, 2.879230e+02
1.000000e+02, 2.868602e+02
1.000000e+02, 2.858040e+02
1.000000e+02, 2.847543e+02
1.000000e+02, 2.837110e+02
1.000000e+02, 2.826740e+02
1.000000e+02, 2.816433e+02
1.000000e+02, 2.806188e+02
1.000000e+02, 2.796004e+02
1.000000e+02, 2.785882e+02
1.000000e+02, 2.775820e+02
1.000000e+02, 2.765817e+02
1.000000e+02, 2.755874e+02
1.000000e+02, 2.745989e+02
1.000000e+02, 2.736162e+02
1.000000e+02, 2.726393e+02
1.000000e+02, 2.716680e+02
1.000000e+02, 2.707024e+02
1.000000e+02, 2.697424e+02
1.000000e+02, 2.687879e+02
1.000000e+02, 2.678389e+02
1.000000e+02, 2.668954e+02
1.000000e+02, 2.659572e+02
1.000000e+02, 2.650244e+02
1.000000e+02, 2.640969e+02
1.000000e+02, 2.631746e+02
1.000000e+02, 2.622575e+02
1.000000e+02, 2.613456e+02
1.000000e+02, 2.604388e+02
1.000000e+02, 2.595371e+02
1.000000e+02, 2.586404e+02
1.000000e+02, 2.577487e+02
1.000000e+02, 2.568619e+02
1.000000e+02, 2.559801e+02
1.000000e+02, 2.551031e+02
1.000000e+02, 2.542310e+02
1.000000e+02, 2.533636e+02
1.000000e+02, 2.525011e+02
1.000000e+02, 2.516432e+02
1.000000e+02, 2.507900e+02
1.000000e+02, 2.499415e+02
1.000000e+02, 2.490976e+02
1.000000e+02, 2.482582e+02
1.000000e+02, 2.474234e+02
1.000000e+02, 2.465931e+02
1.000000e+02, 2.457673e+02
1.000000e+02, 2.449460e+02
1.000000e+02, 2.441290e+02
1.000000e+02, 2.433164e+02
1.000000e+02, 2.425082e+02
1.000000e+02, 2.417043e+02
1.000000e+02, 2.409047e+02
1.000000e+02, 2.401093e+02
1.000000e+02, 2.393182e+02
1.000000e+02, 2.385313e+02
1.000000e+02, 2.377485e+02
1.000000e+02, 2.369699e+02
1.000000e+02, 2.361954e+02
1.000000e+02, 2.354250e+02
1.000000e+02, 2.346587e+02
1.000000e+02, 2.338964e+02
1.000000e+02, 2.331381e+02
1.000000e+02, 2.323838e+02
1.000000e+02, 2.316334e+02
1.000000e+02, 2.308870e+02
1.000000e+02, 2.301445e+02
1.000000e+02, 2.294059e+02
1.000000e+02, 2.286711e+02
1.000000e+02, 2.279402e+02
1.000000e+02, 2.272131e+02
1.000000e+02, 2.264897e+02
1.000000e+02, 2.257702e+02
1.000000e+02, 2.250543e+02
1.000000e+02, 2.243422e+02
1.000000e+02, 2.236338e+02
1.000000e+02, 2.229291e+02
1.000000e+02, 2.222281e+02
1.000000e+02, 2.215306e+02
1.000000e+02, 2.208368e+02
1.000000e+02, 2.201466e+02
1.000000e+02, 2.194599e+02
1.000000e+02, 2.187768e+02
1.000000e+02, 2.180973e+02
1.000000e+02, 2.174212e+02
1.000000e+02, 2.167487e+02
1.000000e+02, 2.160796e+02
1.000000e+02, 2.154140e+02
1.000000e+02, 2.147518e+02
1.000000e+02, 2.140930e+02
1.000000e+02, 2.134377e+02
1.000000e+02, 2.127857e+02
1.000000e+02, 2.121371e+02
1.000000e+02, 2.114918e+02
1.000000e+02, 2.108499e+02
1.000000e+02, 2.102113e+02
1.000000e+02, 2.095759e+02
1.000000e+02, 2.089439e+02
1.000000e+02, 2.083151e+02
1.000000e+02, 2.076896e+02
1.000000e+02, 2.070673e+02
1.000000e+02, 2.064482e+02
1.000000e+02, 2.058323e+02
1.000000e+02, 2.052196e+02
1.000000e+02, 2.046101e+02
1.000000e+02, 2.040037e+02
1.000000e+02, 2.034005e+02
1.000000e+02, 2.028003e+02
1.000000e+02, 2.022033e+02
1.000000e+02, 2.016094e+02
1.000000e+02, 2.010186e+02
1.000000e+02, 2.004308e+02
1.000000e+02, 1.998461e+02
1.000000e+02, 1.992644e+02
1.000000e+02, 1.986858e+02
1.000000e+02, 1.981102e+02
1.000000e+02, 1.975375e+02
1.000000e+02, 1.969679e+02
1.000000e+02, 1.964012e+02
1.000000e+02, 1.958374e+02
1.000000e+02, 1.952767e+02
1.000000e+02, 1.947188e+02
1.000000e+02, 1.941639e+02
1.000000e+02, 1.936119e+02
1.000000e+02, 1.930627e+02
1.000000e+02, 1.925165e+02
1.000000e+02, 1.919731e+02
1.000000e+02, 1.914326e+02
1.000000e+02, 1.908949e+02
1.000000e+02, 1.903601e+02
1.000000e+02, 1.898281e+02
1.000000e+02, 1.892989e+02
1.000000e+02, 1.887725e+02
1.000000e+02, 1.882489e+02
1.000000e+02, 1.877281e+02
1.000000e+02, 1.872100e+02
1.000000e+02, 1.866947e+02
1.000000e+02, 1.861822e+02
1.000000e+02, 1.856724e+02
1.000000e+02, 1.851653e+02
1.000000e+02, 1.846609e+02
1.000000e+02, 1.841593e+02
1.000000e+02, 1.836603e+02
1.000000e+02, 1.831640e+02
1.000000e+02, 1.826704e+02
1.000000e+02, 1.821795e+02
1.000000e+02, 1.816912e+02
1.000000e+02, 1.812056e+02
1.000000e+02, 1.807226e+02
1.000000e+02, 1.802422e+02
1.000000e+02, 1.797644e+02
1.000000e+02, 1.792893e+02
1.000000e+02, 1.788168e+02
1.000000e+02, 1.783468e+02
1.000000e+02, 1.778794e+02
1.000000e+02, 1.774146e+02
1.000000e+02, 1.769524e+02
1.000000e+02, 1.764927e+02
1.000000e+02, 1.760356e+02
1.000000e+02, 1.755810e+02
1.000000e+02, 1.751289e+02
1.000000e+02, 1.746794e+02
1.000000e+02, 1.742323e+02
1.000000e+02, 1.737878e+02
1.000000e+02, 1.733458e+02
1.000000e+02, 1.729062e+02
1.000000e+02, 1.724692e+02
1.000000e+02, 1.720346e+02
1.000000e+02, 1.716025e+02
1.000000e+02, 1.711728e+02
1.000000e+02, 1.707456e+02
1.000000e+02, 1.703208e+02
1.000000e+02, 1.698985e+02
1.000000e+02, 1.694786e+02
1.000000e+02, 1.690611e+02
1.000000e+02, 1.686460e+02
1.000000e+02, 1.682333e+02
1.000000e+02, 1.678231e+02
1.000000e+02, 1.674152e+02
1.000000e+02, 1.670097e+02
1.000000e+02, 1.666066e+02
1.000000e+02, 1.662058e+02
1.000000e+02, 1.658074e+02
1.000000e+02, 1.654114e+02
1.000000e+02, 1.650177e+02
1.000000e+02, 1.646264e+02
1.000000e+02, 1.642374e+02
1.000000e+02, 1.638507e+02
1.000000e+02, 1.634664e+02
1.000000e+02, 1.630844e+02
1.000000e+02, 1.627047e+02
1.000000e+02, 1.623273e+02
1.000000e+02, 1.619522e+02
1.000000e+02, 1.615793e+02
1.000000e+02, 1.612088e+02
1.000000e+02, 1.608406e+02
1.000000e+02, 1.604746e+02
1.000000e+02, 1.601109e+02
1.000000e+02, 1.597495e+02
1.000000e+02, 1.593903e+02
1.000000e+02, 1.590334e+02
1.000000e+02, 1.586787e+02
1.000000e+02, 1.583262e+02
1.000000e+02, 1.579760e+02
1.000000e+02, 1.576281e+02
1.000000e+02, 1.572823e+02
1.000000e+02, 1.569388e+02
1.000000e+02, 1.565975e+02
1.000000e+02, 1.562584e+02
1.000000e+02, 1.559215e+02
1.000000e+02, 1.555868e+02
1.000000e+02, 1.552543e+02
1.000000e+02, 1.549239e+02
1.000000e+02, 1.545958e+02
1.000000e+02, 1.542698e+02
1.000000e+02, 1.539460e+02
1.000000e+02, 1.536244e+02
1.000000e+02, 1.533049e+02
1.000000e+02, 1.529876e+02
1.000000e+02, 1.526725e+02
1.000000e+02, 1.523595e+02
1.000000e+02, 1.520486e+02
1.000000e+02, 1.517399e+02
1.000000e+02, 1.514333e+02
1.000000e+02, 1.511289e+02
1.000000e+02, 1.508266e+02
1.000000e+02, 1.505264e+02
1.000000e+02, 1.502283e+02
1.000000e+02, 1.499323e+02
1.000000e+02, 1.496384e+02
1.000000e+02, 1.493467e+02
1.000000e+02, 1.490570e+02
1.000000e+02, 1.487695e+02
1.000000e+02, 1.484840e+02
1.000000e+02, 1.482006e+02
1.000000e+02, 1.479193e+02
1.000000e+02, 1.476401e+02
1.000000e+02, 1.473629e+02
1.000000e+02, 1.470879e+02
1.000000e+02, 1.468149e+02
1.000000e+02, 1.465439e+02
1.000000e+02, 1.462750e+02
1.000000e+02, 1.460082e+02
1.000000e+02, 1.457434e+02
1.000000e+02, 1.454807e+02
1.000000e+02, 1.452200e+02
1.000000e+02, 1.449614e+02
1.000000e+02, 1.447048e+02
1.000000e+02, 1.444502e+02
1.000000e+02, 1.441977e+02
1.000000e+02, 1.439472e+02
1.000000e+02, 1.436987e+02
1.000000e+02, 1.434523e+02
1.000000e+02, 1.432078e+02
1.000000e+02, 1.429654e+02
1.000000e+02, 1.427250e+02
1.000000e+02, 1.424866e+02
1.000000e+02, 1.422501e+02
1.000000e+02, 1.420157e+02
1.000000e+02, 1.417833e+02
1.000000e+02, 1.415529e+02
1.000000e+02, 1.413245e+02
1.000000e+02, 1.410981e+02
1.000000e+02, 1.408736e+02
1.000000e+02, 1.406511e+02
1.000000e+02, 1.404306e+02
1.000000e+02, 1.402121e+02
1.000000e+02, 1.399956e+02
1.000000e+02, 1.397810e+02
1.000000e+02, 1.395684e+02
1.000000e+02, 1.393578e+02
1.000000e+02, 1.391491e+02
1.000000e+02, 1.389424e+02
1.000000e+02, 1.387376e+02
1.000000e+02, 1.385348e+02
1.000000e+02, 1.383340e+02
1.000000e+02, 1.381351e+02
1.000000e+02, 1.379381e+02
1.000000e+02, 1.377431e+02
1.000000e+02, 1.375500e+02
1.000000e+02, 1.373589e+02
1.000000e+02, 1.371697e+02
1.000000e+02, 1.369824e+02
1.000000e+02, 1.367971e+02
1.000000e+02, 1.366137e+02
1.000000e+02, 1.364322e+02
1.000000e+02, 1.362527e+02
1.000000e+02, 1.360750e+02
1.000000e+02, 1.358993e+02
1.000000e+02, 1.357255e+02
1.000000e+02, 1.355536e+02
1.000000e+02, 1.353837e+02
1.000000e+02, 1.352156e+02
1.000000e+02, 1.350495e+02
1.000000e+02, 1.348852e+02
1.000000e+02, 1.347229e+02
1.000000e+02, 1.345624e+02
1.000000e+02, 1.344039e+02
1.000000e+02, 1.342473e+02
1.000000e+02, 1.340925e+02
1.000000e+02, 1.339397e+02
1.000000e+02, 1.337887e+02
1.000000e+02, 1.336397e+02
1.000000e+02, 1.334925e+02
1.000000e+02, 1.333472e+02
1.000000e+02, 1.332038e+02
1.000000e+02, 1.330623e+02
1.000000e+02, 1.329226e+02
1.000000e+02, 1.327849e+02
1.000000e+02, 1.326490e+02
1.000000e+02, 1.325150e+02
1.000000e+02, 1.323828e+02
1.000000e+02, 1.322526e+02
1.000000e+02, 1.321242e+02
1.000000e+02, 1.319977e+02
1.000000e+02, 1.318730e+02
1.000000e+02, 1.317502e+02
1.000000e+02, 1.316293e+02
1.000000e+02, 1.315103e+02
1.000000e+02, 1.313931e+02
1.000000e+02, 1.312778e+02
1.000000e+02, 1.311643e+02
1.000000e+02, 1.310527e+02
1.000000e+02, 1.309429e+02
1.000000e+02, 1.308350e+02
1.000000e+02, 1.307290e+02
1.000000e+02, 1.306248e+02
1.000000e+02, 1.305224e+02
1.000000e+02, 1.304219e+02
1.000000e+02, 1.303233e+02
1.000000e+02, 1.302265e+02
1.000000e+02, 1.301315e+02
1.000000e+02, 1.300384e+02
1.000000e+02, 1.299471e+02
1.000000e+02, 1.298577e+02
1.000000e+02, 1.297701e+02
1.000000e+02, 1.296844e+02
1.000000e+02, 1.296005e+02
1.000000e+02, 1.295185e+02
1.000000e+02, 1.294382e+02
1.000000e+02, 1.293598e+02
1.000000e+02, 1.292833e+02
1.000000e+02, 1.292086e+02
1.000000e+02, 1.291357e+02
1.000000e+02, 1.290647e+02
1.000000e+02, 1.289954e+02
1.000000e+02, 1.289281e+02
1.000000e+02, 1.288625e+02
1.000000e+02, 1.287988e+02
1.000000e+02, 1.287369e+02
1.000000e+02, 1.286768e+02
1.000000e+02, 1.286186e+02
1.000000e+02, 1.285622e+02
1.000000e+02, 1.285076e+02
1.000000e+02, 1.284548e+02
1.000000e+02, 1.284039e+02
1.000000e+02, 1.283548e+02
1.000000e+02, 1.283075e+02
1.000000e+02, 1.282621e+02
1.000000e+02, 1.282184e+02
1.000000e+02, 1.281766e+02
1.000000e+02, 1.281366e+02
1.000000e+02, 1.280984e+02
1.000000e+02, 1.280621e+02
1.000000e+02, 1.280275e+02
1.000000e+02, 1.279948e+02
1.000000e+02, 1.279639e+02
1.000000e+02, 1.279349e+02
1.000000e+02, 1.279076e+02
1.000000e+02, 1.278822e+02
1.000000e+02, 1.278586e+02
1.000000e+02, 1.278368e+02
1.000000e+02, 1.278168e+02
1.000000e+02, 1.277986e+02
1.000000e+02, 1.277823e+02
1.000000e+02, 1.277677e+02
1.000000e+02, 1.277550e+02
1.000000e+02, 1.277441e+02
1.000000e+02, 1.277350e+02
1.000000e+02, 1.277278e+02
1.000000e+02, 1.277223e+02
1.000000e+02, 1.277187e+02
1.000000e+02, 1.277169e+02
1.000000e+02, 1.277169e+02
1.000000e+02, 1.277187e+02
1.000000e+02, 1.277223e+02
1.000000e+02, 1.277278e+02
1.000000e+02, 1.277350e+02
1.000000e+02, 1.277441e+02
1.000000e+02, 1.277550e+02
1.000000e+02, 1.277677e+02
1.000000e+02, 1.277823e+02
1.000000e+02, 1.277986e+02
1.000000e+02, 1.278168e+02
1.000000e+02, 1.278368e+02
1.000000e+02, 1.278586e+02
1.000000e+02, 1.278822e+02
1.000000e+02, 1.279076e+02
1.000000e+02, 1.279349e+02
1.000000e+02, 1.279639e+02
1.000000e+02, 1.279948e+02
1.000000e+02, 1.280275e+02
1.000000e+02, 1.280621e+02
1.000000e+02, 1.280984e+02
1.000000e+02, 1.281366e+02
1.000000e+02, 1.281766e+02
1.000000e+02, 1.282184e+02
1.000000e+02, 1.282621e+02
1.000000e+02, 1.283075e+02
1.000000e+02, 1.283548e+02
1.000000e+02, 1.284039e+02
1.000000e+02, 1.284548e+02
1.000000e+02, 1.285076e+02
1.000000e+02, 1.285622e+02
1.000000e+02, 1.286186e+02
1.000000e+02, 1.286768e+02
1.000000e+02, 1.287369e+02
1.000000e+02, 1.287988e+02
1.000000e+02, 1.288625e+02
1.000000e+02, 1.289281e+02
1.000000e+02, 1.289954e+02
1.000000e+02, 1.290647e+02
1.000000e+02, 1.291357e+02
1.000000e+02, 1.292086e+02
1.000000e+02, 1.292833e+02
1.000000e+02, 1.293598e+02
1.000000e+02, 1.294382e+02
1.000000e+02, 1.295185e+02
1.000000e+02, 1.296005e+02
1.000000e+02, 1.296844e+02
1.000000e+02, 1.297701e+02
1.000000e+02, 1.298577e+02
1.000000e+02, 1.299471e+02
1.000000e+02, 1.300384e+02
1.000000e+02, 1.301315e+02
1.000000e+02, 1.302265e+02
1.000000e+02, 1.303233e+02
1.000000e+02, 1.304219e+02
1.000000e+02, 1.305224e+02
1.000000e+02, 1.306248e+02
1.000000e+02, 1.307290e+02
1.000000e+02, 1.308350e+02
1.000000e+02, 1.309429e+02
1.000000e+02, 1.310527e+02
1.000000e+02, 1.311643e+02
1.000000e+02, 1.312778e+02
1.000000e+02, 1.313931e+02
1.000000e+02, 1.315103e+02
1.000000e+02, 1.316293e+02
1.000000e+02, 1.317503e+02
1.000000e+02, 1.318730e+02
1.000000e+02, 1.319977e+02
1.000000e+02, 1.321242e+02
1.000000e+02, 1.322526e+02
1.000000e+02, 1.323828e+02
1.000000e+02, 1.325150e+02
1.000000e+02, 1.326490e+02
1.000000e+02, 1.327849e+02
1.000000e+02, 1.329226e+02
1.000000e+02, 1.330623e+02
1.000000e+02, 1.332038e+02
1.000000e+02, 1.333472e+02
1.000000e+02, 1.334925e+02
1.000000e+02, 1.336397e+02
1.000000e+02, 1.337887e+02
1.000000e+02, 1.339397e+02
1.000000e+02, 1.340925e+02
1.000000e+02, 1.342473e+02
1.000000e+02, 1.344039e+02
1.000000e+02, 1.345624e+02
1.000000e+02, 1.347229e+02
1.000000e+02, 1.348852e+02
1.000000e+02, 1.350495e+02
1.000000e+02, 1.352156e+02
1.000000e+02, 1.353837e+02
1.000000e+02, 1.355536e+02
1.000000e+02, 1.357255e+02
1.000000e+02, 1.358993e+02
1.000000e+02, 1.360750e+02
1.000000e+02, 1.362527e+02
1.000000e+02, 1.364322e+02
1.000000e+02, 1.366137e+02
1.000000e+02, 1.367971e+02
1.000000e+02, 1.369824e+02
1.000000e+02, 1.371697e+02
1.000000e+02, 1.373589e+02
1.000000e+02, 1.375500e+02
1.000000e+02, 1.377431e+02
1.000000e+02, 1.379381e+02
1.000000e+02, 1.381351e+02
1.000000e+02, 1.383340e+02
1.000000e+02, 1.385348e+02
1.000000e+02, 1.387376e+02
1.000000e+02, 1.389424e+02
1.000000e+02, 1.391491e+02
1.000000e+02, 1.393578e+02
1.000000e+02, 1.395684e+02
1.000000e+02, 1.397810e+02
1.000000e+02, 1.399956e+02
1.000000e+02, 1.402121e+02
1.000000e+02, 1.404306e+02
1.000000e+02, 1.406511e+02
1.000000e+02, 1.408736e+02
1.000000e+02, 1.410981e+02
1.000000e+02, 1.413245e+02
1.000000e+02, 1.415529e+02
1.000000e+02, 1.417833e+02
1.000000e+02, 1.420157e+02
1.000000e+02, 1.422501e+02
1.000000e+02, 1.424866e+02
1.000000e+02, 1.427250e+02
1.000000e+02, 1.429654e+02
1.000000e+02, 1.432078e+02
1.000000e+02, 1.434523e+02
1.000000e+02, 1.436987e+02
1.000000e+02, 1.439472e+02
1.000000e+02, 1.441977e+02
1.000000e+02, 1.444502e+02
1.000000e+02, 1.447048e+02
1.000000e+02, 1.449614e+02
1.000000e+02, 1.452200e+02
1.000000e+02, 1.454807e+02
1.000000e+02, 1.457434e+02
1.000000e+02, 1.460082e+02
1.000000e+02, 1.462750e+02
1.000000e+02, 1.465439e+02
1.000000e+02, 1.468149e+02
1.000000e+02, 1.470879e+02
1.000000e+02, 1.473629e+02
1.000000e+02, 1.476401e+02
1.000000e+02, 1.479193e+02
1.000000e+02, 1.482006e+02
1.000000e+02, 1.484840e+02
1.000000e+02, 1.487695e+02
1.000000e+02, 1.490570e+02
1.000000e+02, 1.493467e+02
1.000000e+02, 1.496384e+02
1.000000e+02, 1.499323e+02
1.000000e+02, 1.502283e+02
1.000000e+02, 1.505264e+02
1.000000e+02, 1.508266e+02
1.000000e+02, 1.511289e+02
1.000000e+02, 1.514333e+02
1.000000e+02, 1.517399e+02
1.000000e+02, 1.520486e+02
1.000000e+02, 1.523595e+02
1.000000e+02, 1.526725e+02
1.000000e+02, 1.529876e+02
1.000000e+02, 1.533049e+02
1.000000e+02, 1.536244e+02
1.000000e+02, 1.539460e+02
1.000000e+02, 1.542698e+02
1.000000e+02, 1.545958e+02
1.000000e+02, 1.549239e+02
1.000000e+02, 1.552543e+02
1.000000e+02, 1.555868e+02
1.000000e+02, 1.559215e+02
1.000000e+02, 1.562584e+02
1.000000e+02, 1.565975e+02
1.000000e+02, 1.569388e+02
1.000000e+02, 1.572823e+02
1.000000e+02, 1.576281e+02
1.000000e+02, 1.579760e+02
1.000000e+02, 1.583263e+02
1.000000e+02, 1.586787e+02
1.000000e+02, 1.590334e+02
1.000000e+02, 1.593903e+02
1.000000e+02, 1.597495e+02
1.000000e+02, 1.601109e+02
1.000000e+02, 1.604746e+02
1.000000e+02, 1.608406e+02
1.000000e+02, 1.612088e+02
1.000000e+02, 1.615793e+02
1.000000e+02, 1.619522e+02
1.000000e+02, 1.623273e+02
1.000000e+02, 1.627047e+02
1.000000e+02, 1.630844e+02
1.000000e+02, 1.634664e+02
1.000000e+02, 1.638507e+02
1.000000e+02, 1.642374e+02
1.000000e+02, 1.646264e+02
1.000000e+02, 1.650177e+02
1.000000e+02, 1.654114e+02
1.000000e+02, 1.658074e+02
1.000000e+02, 1.662058e+02
1.000000e+02, 1.666066e+02
1.000000e+02, 1.670097e+02
1.000000e+02, 1.674152e+02
1.000000e+02, 1.678231e+02
1.000000e+02, 1.682333e+02
1.000000e+02, 1.686460e+02
1.000000e+02, 1.690611e+02
1.000000e+02, 1.694786e+02
1.000000e+02, 1.698985e+02
1.000000e+02, 1.703208e+02
1.000000e+02, 1.707456e+02
1.000000e+02, 1.711728e+02
1.000000e+02, 1.716025e+02
1.000000e+02, 1.720346e+02
1.000000e+02, 1.724692e+02
1.000000e+02, 1.729062e+02
1.000000e+02, 1.733458e+02
1.000000e+02, 1.737878e+02
1.000000e+02, 1.742323e+02
1.000000e+02, 1.746794e+02
1.000000e+02, 1.751289e+02
1.000000e+02, 1.755810e+02
1.000000e+02, 1.760356e+02
1.000000e+02, 1.764927e+02
1.000000e+02, 1.769524e+02
1.000000e+02, 1.774146e+02
1.000000e+02, 1.778794e+02
1.000000e+02, 1.783468e+02
1.000000e+02, 1.788168e+02
1.000000e+02, 1.792893e+02
1.000000e+02, 1.797644e+02
1.000000e+02, 1.802422e+02
1.000000e+02, 1.807226e+02
1.000000e+02, 1.812056e+02
1.000000e+02, 1.816912e+02
1.000000e+02, 1.821795e+02
1.000000e+02, 1.826704e+02
1.000000e+02, 1.831640e+02
1.000000e+02, 1.836603e+02
1.000000e+02, 1.841593e+02
1.000000e+02, 1.846609e+02
1.000000e+02, 1.851653e+02
1.000000e+02, 1.856724e+02
1.000000e+02, 1.861822e+02
1.000000e+02, 1.866947e+02
1.000000e+02, 1.872100e+02
1.000000e+02, 1.877281e+02
1.000000e+02, 1.882489e+02
1.000000e+02, 1.887725e+02
1.000000e+02, 1.892989e+02
1.000000e+02, 1.898281e+02
1.000000e+02, 1.903601e+02
1.000000e+02, 1.908949e+02
1.000000e+02, 1.914326e+02
1.000000e+02, 1.919731e+02
1.000000e+02, 1.925165e+02
1.000000e+02, 1.930627e+02
1.000000e+02, 1.936119e+02
1.000000e+02, 1.941639e+02
1.000000e+02, 1.947188e+02
1.000000e+02, 1.952767e+02
1.000000e+02, 1.958374e+02
1.000000e+02, 1.964012e+02
1.000000e+02, 1.969679e+02
1.000000e+02, 1.975375e+02
1.000000e+02, 1.981102e+02
1.000000e+02, 1.986858e+02
1.000000e+02, 1.992644e+02
1.000000e+02, 1.998461e+02
1.000000e+02, 2.004308e+02
1.000000e+02, 2.010186e+02
1.000000e+02, 2.016094e+02
1.000000e+02, 2.022033e+02
1.000000e+02, 2.028004e+02
1.000000e+02, 2.034005e+02
1.000000e+02, 2.040037e+02
1.000000e+02, 2.046101e+02
1.000000e+02, 2.052196e+02
1.000000e+02, 2.058323e+02
1.000000e+02, 2.064482e+02
1.000000e+02, 2.070673e+02
1.000000e+02, 2.076896e+02
1.000000e+02, 2.083151e+02
1.000000e+02, 2.089439e+02
1.000000e+02, 2.095759e+02
1.000000e+02, 2.102113e+02
1.000000e+02, 2.108499e+02
1.000000e+02, 2.114918e+02
1.000000e+02, 2.121371e+02
1.000000e+02, 2.127857e+02
1.000000e+02, 2.134377e+02
1.000000e+02, 2.140930e+02
1.000000e+02, 2.147518e+02
1.000000e+02, 2.154140e+02
1.000000e+02, 2.160796e+02
1.000000e+02, 2.167487e+02
1.000000e+02, 2.174212e+02
1.000000e+02, 2.180973e+02
1.000000e+02, 2.187768e+02
1.000000e+02, 2.194599e+02
1.000000e+02, 2.201466e+02
1.000000e+02, 2.208368e+02
1.000000e+02, 2.215306e+02
1.000000e+02, 2.222281e+02
1.000000e+02, 2.229291e+02
1.000000e+02, 2.236338e+02
1.000000e+02, 2.243422e+02
1.000000e+02, 2.250543e+02
1.000000e+02, 2.257702e+02
1.000000e+02, 2.264897e+02
1.000000e+02, 2.272131e+02
1.000000e+02, 2.279402e+02
1.000000e+02, 2.286711e+02
1.000000e+02, 2.294059e+02
1.000000e+02, 2.301445e+02
1.000000e+02, 2.308870e+02
1.000000e+02, 2.316334e+02
1.000000e+02, 2.323838e+02
1.000000e+02, 2.331381e+02
1.000000e+02, 2.338964e+02
1.000000e+02, 2.346587e+02
1.000000e+02, 2.354250e+02
1.000000e+02, 2.361954e+02
1.000000e+02, 2.369699e+02
1.000000e+02, 2.377485e+02
1.000000e+02, 2.385313e+02
1.000000e+02, 2.393182e+02
1.000000e+02, 2.401093e+02
1.000000e+02, 2.409047e+02
1.000000e+02, 2.417043e+02
1.000000e+02, 2.425082e+02
1.000000e+02, 2.433164e+02
1.000000e+02, 2.441290e+02
1.000000e+02, 2.449460e+02
1.000000e+02, 2.457673e+02
1.000000e+02, 2.465931e+02
1.000000e+02, 2.474234e+02
1.000000e+02, 2.482582e+02
1.000000e+02, 2.490976e+02
1.000000e+02, 2.499415e+02
1.000000e+02, 2.507900e+02
1.000000e+02, 2.516432e+02
1.000000e+02, 2.525011e+02
1.000000e+02, 2.533636e+02
1.000000e+02, 2.542310e+02
1.000000e+02, 2.551031e+02
1.000000e+02, 2.559801e+02
1.000000e+02, 2.568619e+02
1.000000e+02, 2.577487e+02
1.000000e+02, 2.586404e+02
1.000000e+02, 2.595371e+02
1.000000e+02, 2.604388e+02
1.000000e+02, 2.613456e+02
1.000000e+02, 2.622575e+02
1.000000e+02, 2.631746e+02
1.000000e+02, 2.640969e+02
1.000000e+02, 2.650244e+02
1.000000e+02, 2.659572e+02
1.000000e+02, 2.668954e+02
1.000000e+02, 2.678390e+02
1.000000e+02, 2.687879e+02
1.000000e+02, 2.697424e+02
1.000000e+02, 2.707024e+02
1.000000e+02, 2.716680e+02
1.000000e+02, 2.726393e+02
1.000000e+02, 2.736162e+02
1.000000e+02, 2.745989e+02
1.000000e+02, 2.755874e+02
1.000000e+02, 2.765817e+02
1.000000e+02, 2.775820e+02
1.000000e+02, 2.785882e+02
1.000000e+02, 2.796004e+02
1.000000e+02, 2.806188e+02
1.000000e+02, 2.816433e+02
1.000000e+02, 2.826740e+02
1.000000e+02, 2.837110e+02
1.000000e+02, 2.847543e+02
1.000000e+02, 2.858040e+02
1.000000e+02, 2.868602e+02
1.000000e+02, 2.879230e+02
1.000000e+02, 2.889923e+02
1.000000e+02, 2.900684e+02
1.000000e+02, 2.911512e+02
1.000000e+02, 2.922408e+02
1.000000e+02, 2.933374e+02
1.000000e+02, 2.944409e+02
1.000000e+02, 2.955516e+02
1.000000e+02, 2.966693e+02
1.000000e+02, 2.977943e+02
1.000000e+02, 2.989267e+02
1.000000e+02, 3.000664e+02
1.000000e+02, 3.012136e+02
1.000000e+02, 3.023684e+02
1.000000e+02, 3.035309e+02
1.000000e+02, 3.047012e+02
1.000000e+02, 3.058793e+02
1.000000e+02, 3.070654e+02
1.000000e+02, 3.082596e+02
1.000000e+02, 3.094620e+02
1.000000e+02, 3.106727e+02
1.000000e+02, 3.118917e+02
1.000000e+02, 3.131193e+02
1.000000e+02, 3.143555e+02
1.000000e+02, 3.156005e+02
1.000000e+02, 3.168543e+02
1.000000e+02, 3.181171e+02
1.000000e+02, 3.193890e+02
1.000000e+02, 3.206702e+02
1.000000e+02, 3.219607e+02
1.000000e+02, 3.232608e+02
1.000000e+02, 3.245706e+02
1.000000e+02, 3.258901e+02
1.000000e+02, 3.272197e+02
1.000000e+02, 3.285593e+02
1.000000e+02, 3.299092e+02
1.000000e+02, 3.312696e+02
1.000000e+02, 3.326406e+02
1.000000e+02, 3.340224e+02
1.000000e+02, 3.354151e+02
1.000000e+02, 3.368190e+02
1.000000e+02, 3.382342e+02
1.000000e+02, 3.396609e+02
1.000000e+02, 3.410994e+02
1.000000e+02, 3.425498e+02
1.000000e+02, 3.440124e+02
1.000000e+02, 3.454874e+02
1.000000e+02, 3.469750e+02
1.000000e+02, 3.484754e+02
1.000000e+02, 3.499889e+02
1.000000e+02, 3.515158e+02
1.000000e+02, 3.530563e+02
1.000000e+02, 3.546107e+02
1.000000e+02, 3.561792e+02
1.000000e+02, 3.577622e+02
1.000000e+02, 3.593600e+02
1.000000e+02, 9.727985e-01
1.000000e+02, 2.601047e+00
1.000000e+02, 4.245043e+00
1.000000e+02, 5.905140e+00
1.000000e+02, 7.581706e+00
1.000000e+02, 9.275126e+00
1.000000e+02, 1.098580e+01
1.000000e+02, 1.271414e+01
1.000000e+02, 1.446058e+01
1.000000e+02, 1.622558e+01
1.000000e+02, 1.800961e+01
1.000000e+02, 1.981316e+01
1.000000e+02, 2.163676e+01
1.000000e+02, 2.348095e+01
1.000000e+02, 2.534630e+01
1.000000e+02, 2.723339e+01
1.000000e+02, 2.914288e+01
1.000000e+02, 3.107540e+01
1.000000e+02, 3.303166e+01
1.000000e+02, 3.501239e+01
1.000000e+02, 3.701836e+01
1.000000e+02, 3.905038e+01
1.000000e+02, 4.110932e+01
1.000000e+02, 4.319610e+01
1.000000e+02, 4.531167e+01
1.000000e+02, 4.745707e+01
1.000000e+02, 4.963339e+01
1.000000e+02, 5.184178e+01
1.000000e+02, 5.408350e+01
1.000000e+02, 5.635987e+01
1.000000e+02, 5.867231e+01
1.000000e+02, 6.102234e+01
1.000000e+02, 6.341160e+01
1.000000e+02, 6.584185e+01
1.000000e+02, 6.831499e+01
1.000000e+02, 7.083309e+01
1.000000e+02, 7.339838e+01
1.000000e+02, 7.601329e+01
1.000000e+02, 7.868047e+01
1.000000e+02, 8.140284e+01
1.000000e+02, 8.418358e+01
1.000000e+02, 8.702622e+01
1.000000e+02, 8.993466e+01
1.000000e+02, 9.291322e+01
1.000000e+02, 9.596677e+01
1.000000e+02, 9.910074e+01
1.000000e+02, 1.023213e+02
1.000000e+02, 1.056354e+02
1.000000e+02, 1.090510e+02
1.000000e+02, 1.125775e+02
1.000000e+02, 1.162255e+02
1.000000e+02, 1.200078e+02
1.000000e+02, 1.239392e+02
1.000000e+02, 1.280380e+02
1.000000e+02, 1.323263e+02
1.000000e+02, 1.368318e+02
1.000000e+02, 1.415895e+02
1.000000e+02, 1.466454e+02
1.000000e+02, 1.520615e+02
1.000000e+02, 1.579251e+02
1.000000e+02, 1.643666e+02
1.000000e+02, 1.715965e+02
1.000000e+02, 1.800000e+02
##END= 