##TITLE= /opt/topspin3.0/exp/stan/nmr/lists/wave/user/HypSec_trunc2.84_110
##JCAMP-DX= 5.00 Bruker JCAMP library
##DATA TYPE= Shape Data
##ORIGIN= Bruker BioSpin GmbH
##OWNER= <nmrsu>
##DATE= 15/02/24
##TIME= 16:15:04
##MINX= 1.164538e+01
##MAXX= 9.999960e+01
##MINY= 2.546774e-02
##MAXY= 3.585574e+02
##$SHAPE_EXMODE= Adiabatic
##$SHAPE_TOTROT= 1.800000e+02
##$SHAPE_BWFAC= 1.929340e+02
##$SHAPE_INTEGFAC= 2.356110e-02
##$SHAPE_MODE= 0
##NPOINTS= 500
##XYPOINTS= (XY..XY)
1.000000e+02, 1.800000e+02
1.000000e+02, 1.771717e+02
1.000000e+02, 1.749674e+02
1.000000e+02, 1.730972e+02
1.000000e+02, 1.714450e+02
1.000000e+02, 1.699502e+02
1.000000e+02, 1.685760e+02
1.000000e+02, 1.672981e+02
1.000000e+02, 1.660997e+02
1.000000e+02, 1.649683e+02
1.000000e+02, 1.638943e+02
1.000000e+02, 1.628705e+02
1.000000e+02, 1.618909e+02
1.000000e+02, 1.609507e+02
1.000000e+02, 1.600459e+02
1.000000e+02, 1.591731e+02
1.000000e+02, 1.583296e+02
1.000000e+02, 1.575129e+02
1.000000e+02, 1.567209e+02
1.000000e+02, 1.559517e+02
1.000000e+02, 1.552038e+02
1.000000e+02, 1.544758e+02
1.000000e+02, 1.537663e+02
1.000000e+02, 1.530742e+02
1.000000e+02, 1.523986e+02
1.000000e+02, 1.517384e+02
1.000000e+02, 1.510930e+02
1.000000e+02, 1.504614e+02
1.000000e+02, 1.498430e+02
1.000000e+02, 1.492373e+02
1.000000e+02, 1.486435e+02
1.000000e+02, 1.480612e+02
1.000000e+02, 1.474899e+02
1.000000e+02, 1.469291e+02
1.000000e+02, 1.463784e+02
1.000000e+02, 1.458374e+02
1.000000e+02, 1.453057e+02
1.000000e+02, 1.447830e+02
1.000000e+02, 1.442689e+02
1.000000e+02, 1.437632e+02
1.000000e+02, 1.432656e+02
1.000000e+02, 1.427758e+02
1.000000e+02, 1.422935e+02
1.000000e+02, 1.418186e+02
1.000000e+02, 1.413507e+02
1.000000e+02, 1.408898e+02
1.000000e+02, 1.404355e+02
1.000000e+02, 1.399877e+02
1.000000e+02, 1.395463e+02
1.000000e+02, 1.391109e+02
1.000000e+02, 1.386816e+02
1.000000e+02, 1.382581e+02
1.000000e+02, 1.378402e+02
1.000000e+02, 1.374279e+02
1.000000e+02, 1.370210e+02
1.000000e+02, 1.366194e+02
1.000000e+02, 1.362229e+02
1.000000e+02, 1.358315e+02
1.000000e+02, 1.354450e+02
1.000000e+02, 1.350633e+02
1.000000e+02, 1.346863e+02
1.000000e+02, 1.343139e+02
1.000000e+02, 1.339460e+02
1.000000e+02, 1.335826e+02
1.000000e+02, 1.332235e+02
1.000000e+02, 1.328686e+02
1.000000e+02, 1.325179e+02
1.000000e+02, 1.321713e+02
1.000000e+02, 1.318287e+02
1.000000e+02, 1.314901e+02
1.000000e+02, 1.311553e+02
1.000000e+02, 1.308244e+02
1.000000e+02, 1.304972e+02
1.000000e+02, 1.301736e+02
1.000000e+02, 1.298537e+02
1.000000e+02, 1.295373e+02
1.000000e+02, 1.292244e+02
1.000000e+02, 1.289150e+02
1.000000e+02, 1.286089e+02
1.000000e+02, 1.283062e+02
1.000000e+02, 1.280067e+02
1.000000e+02, 1.277105e+02
1.000000e+02, 1.274175e+02
1.000000e+02, 1.271276e+02
1.000000e+02, 1.268409e+02
1.000000e+02, 1.265572e+02
1.000000e+02, 1.262764e+02
1.000000e+02, 1.259987e+02
1.000000e+02, 1.257239e+02
1.000000e+02, 1.254520e+02
1.000000e+02, 1.251829e+02
1.000000e+02, 1.249167e+02
1.000000e+02, 1.246532e+02
1.000000e+02, 1.243925e+02
1.000000e+02, 1.241345e+02
1.000000e+02, 1.238792e+02
1.000000e+02, 1.236266e+02
1.000000e+02, 1.233765e+02
1.000000e+02, 1.231291e+02
1.000000e+02, 1.228842e+02
1.000000e+02, 1.226418e+02
1.000000e+02, 1.224019e+02
1.000000e+02, 1.221646e+02
1.000000e+02, 1.219296e+02
1.000000e+02, 1.216971e+02
1.000000e+02, 1.214670e+02
1.000000e+02, 1.212392e+02
1.000000e+02, 1.210138e+02
1.000000e+02, 1.207908e+02
1.000000e+02, 1.205700e+02
1.000000e+02, 1.203515e+02
1.000000e+02, 1.201353e+02
1.000000e+02, 1.199213e+02
1.000000e+02, 1.197095e+02
1.000000e+02, 1.194999e+02
1.000000e+02, 1.192925e+02
1.000000e+02, 1.190872e+02
1.000000e+02, 1.188841e+02
1.000000e+02, 1.186830e+02
1.000000e+02, 1.184841e+02
1.000000e+02, 1.182873e+02
1.000000e+02, 1.180925e+02
1.000000e+02, 1.178998e+02
1.000000e+02, 1.177091e+02
1.000000e+02, 1.175204e+02
1.000000e+02, 1.173337e+02
1.000000e+02, 1.171490e+02
1.000000e+02, 1.169662e+02
1.000000e+02, 1.167854e+02
1.000000e+02, 1.166065e+02
1.000000e+02, 1.164296e+02
1.000000e+02, 1.162545e+02
1.000000e+02, 1.160814e+02
1.000000e+02, 1.159101e+02
1.000000e+02, 1.157407e+02
1.000000e+02, 1.155731e+02
1.000000e+02, 1.154074e+02
1.000000e+02, 1.152435e+02
1.000000e+02, 1.150814e+02
1.000000e+02, 1.149212e+02
1.000000e+02, 1.147627e+02
1.000000e+02, 1.146060e+02
1.000000e+02, 1.144510e+02
1.000000e+02, 1.142978e+02
1.000000e+02, 1.141464e+02
1.000000e+02, 1.139967e+02
1.000000e+02, 1.138487e+02
1.000000e+02, 1.137024e+02
1.000000e+02, 1.135579e+02
1.000000e+02, 1.134150e+02
1.000000e+02, 1.132738e+02
1.000000e+02, 1.131343e+02
1.000000e+02, 1.129964e+02
1.000000e+02, 1.128602e+02
1.000000e+02, 1.127257e+02
1.000000e+02, 1.125928e+02
1.000000e+02, 1.124615e+02
1.000000e+02, 1.123318e+02
1.000000e+02, 1.122038e+02
1.000000e+02, 1.120774e+02
1.000000e+02, 1.119525e+02
1.000000e+02, 1.118293e+02
1.000000e+02, 1.117076e+02
1.000000e+02, 1.115875e+02
1.000000e+02, 1.114689e+02
1.000000e+02, 1.113520e+02
1.000000e+02, 1.112365e+02
1.000000e+02, 1.111226e+02
1.000000e+02, 1.110103e+02
1.000000e+02, 1.108995e+02
1.000000e+02, 1.107902e+02
1.000000e+02, 1.106824e+02
1.000000e+02, 1.105761e+02
1.000000e+02, 1.104714e+02
1.000000e+02, 1.103681e+02
1.000000e+02, 1.102664e+02
1.000000e+02, 1.101661e+02
1.000000e+02, 1.100673e+02
1.000000e+02, 1.099700e+02
1.000000e+02, 1.098741e+02
1.000000e+02, 1.097797e+02
1.000000e+02, 1.096868e+02
1.000000e+02, 1.095953e+02
1.000000e+02, 1.095053e+02
1.000000e+02, 1.094167e+02
1.000000e+02, 1.093296e+02
1.000000e+02, 1.092439e+02
1.000000e+02, 1.091596e+02
1.000000e+02, 1.090768e+02
1.000000e+02, 1.089954e+02
1.000000e+02, 1.089153e+02
1.000000e+02, 1.088367e+02
1.000000e+02, 1.087596e+02
1.000000e+02, 1.086838e+02
1.000000e+02, 1.086094e+02
1.000000e+02, 1.085364e+02
1.000000e+02, 1.084648e+02
1.000000e+02, 1.083946e+02
1.000000e+02, 1.083258e+02
1.000000e+02, 1.082583e+02
1.000000e+02, 1.081923e+02
1.000000e+02, 1.081276e+02
1.000000e+02, 1.080643e+02
1.000000e+02, 1.080023e+02
1.000000e+02, 1.079417e+02
1.000000e+02, 1.078825e+02
1.000000e+02, 1.078246e+02
1.000000e+02, 1.077681e+02
1.000000e+02, 1.077130e+02
1.000000e+02, 1.076591e+02
1.000000e+02, 1.076067e+02
1.000000e+02, 1.075556e+02
1.000000e+02, 1.075058e+02
1.000000e+02, 1.074574e+02
1.000000e+02, 1.074103e+02
1.000000e+02, 1.073645e+02
1.000000e+02, 1.073201e+02
1.000000e+02, 1.072770e+02
1.000000e+02, 1.072352e+02
1.000000e+02, 1.071947e+02
1.000000e+02, 1.071556e+02
1.000000e+02, 1.071178e+02
1.000000e+02, 1.070813e+02
1.000000e+02, 1.070462e+02
1.000000e+02, 1.070123e+02
1.000000e+02, 1.069798e+02
1.000000e+02, 1.069486e+02
1.000000e+02, 1.069187e+02
1.000000e+02, 1.068901e+02
1.000000e+02, 1.068628e+02
1.000000e+02, 1.068368e+02
1.000000e+02, 1.068121e+02
1.000000e+02, 1.067888e+02
1.000000e+02, 1.067667e+02
1.000000e+02, 1.067460e+02
1.000000e+02, 1.067265e+02
1.000000e+02, 1.067083e+02
1.000000e+02, 1.066915e+02
1.000000e+02, 1.066759e+02
1.000000e+02, 1.066617e+02
1.000000e+02, 1.066487e+02
1.000000e+02, 1.066371e+02
1.000000e+02, 1.066267e+02
1.000000e+02, 1.066176e+02
1.000000e+02, 1.066099e+02
1.000000e+02, 1.066034e+02
1.000000e+02, 1.065982e+02
1.000000e+02, 1.065943e+02
1.000000e+02, 1.065917e+02
1.000000e+02, 1.065904e+02
1.000000e+02, 1.065904e+02
1.000000e+02, 1.065917e+02
1.000000e+02, 1.065943e+02
1.000000e+02, 1.065982e+02
1.000000e+02, 1.066034e+02
1.000000e+02, 1.066099e+02
1.000000e+02, 1.066176e+02
1.000000e+02, 1.066267e+02
1.000000e+02, 1.066371e+02
1.000000e+02, 1.066487e+02
1.000000e+02, 1.066617e+02
1.000000e+02, 1.066759e+02
1.000000e+02, 1.066915e+02
1.000000e+02, 1.067083e+02
1.000000e+02, 1.067265e+02
1.000000e+02, 1.067460e+02
1.000000e+02, 1.067667e+02
1.000000e+02, 1.067888e+02
1.000000e+02, 1.068121e+02
1.000000e+02, 1.068368e+02
1.000000e+02, 1.068628e+02
1.000000e+02, 1.068901e+02
1.000000e+02, 1.069187e+02
1.000000e+02, 1.069486e+02
1.000000e+02, 1.069798e+02
1.000000e+02, 1.070123e+02
1.000000e+02, 1.070462e+02
1.000000e+02, 1.070813e+02
1.000000e+02, 1.071178e+02
1.000000e+02, 1.071556e+02
1.000000e+02, 1.071947e+02
1.000000e+02, 1.072352e+02
1.000000e+02, 1.072770e+02
1.000000e+02, 1.073201e+02
1.000000e+02, 1.073645e+02
1.000000e+02, 1.074103e+02
1.000000e+02, 1.074574e+02
1.000000e+02, 1.075058e+02
1.000000e+02, 1.075556e+02
1.000000e+02, 1.076067e+02
1.000000e+02, 1.076591e+02
1.000000e+02, 1.077130e+02
1.000000e+02, 1.077681e+02
1.000000e+02, 1.078246e+02
1.000000e+02, 1.078825e+02
1.000000e+02, 1.079417e+02
1.000000e+02, 1.080023e+02
1.000000e+02, 1.080643e+02
1.000000e+02, 1.081276e+02
1.000000e+02, 1.081923e+02
1.000000e+02, 1.082583e+02
1.000000e+02, 1.083258e+02
1.000000e+02, 1.083946e+02
1.000000e+02, 1.084648e+02
1.000000e+02, 1.085364e+02
1.000000e+02, 1.086094e+02
1.000000e+02, 1.086838e+02
1.000000e+02, 1.087596e+02
1.000000e+02, 1.088367e+02
1.000000e+02, 1.089153e+02
1.000000e+02, 1.089954e+02
1.000000e+02, 1.090768e+02
1.000000e+02, 1.091596e+02
1.000000e+02, 1.092439e+02
1.000000e+02, 1.093296e+02
1.000000e+02, 1.094167e+02
1.000000e+02, 1.095053e+02
1.000000e+02, 1.095953e+02
1.000000e+02, 1.096868e+02
1.000000e+02, 1.097797e+02
1.000000e+02, 1.098741e+02
1.000000e+02, 1.099700e+02
1.000000e+02, 1.100673e+02
1.000000e+02, 1.101661e+02
1.000000e+02, 1.102664e+02
1.000000e+02, 1.103681e+02
1.000000e+02, 1.104714e+02
1.000000e+02, 1.105761e+02
1.000000e+02, 1.106824e+02
1.000000e+02, 1.107902e+02
1.000000e+02, 1.108995e+02
1.000000e+02, 1.110103e+02
1.000000e+02, 1.111226e+02
1.000000e+02, 1.112365e+02
1.000000e+02, 1.113520e+02
1.000000e+02, 1.114689e+02
1.000000e+02, 1.115875e+02
1.000000e+02, 1.117076e+02
1.000000e+02, 1.118293e+02
1.000000e+02, 1.119525e+02
1.000000e+02, 1.120774e+02
1.000000e+02, 1.122038e+02
1.000000e+02, 1.123318e+02
1.000000e+02, 1.124615e+02
1.000000e+02, 1.125928e+02
1.000000e+02, 1.127257e+02
1.000000e+02, 1.128602e+02
1.000000e+02, 1.129964e+02
1.000000e+02, 1.131343e+02
1.000000e+02, 1.132738e+02
1.000000e+02, 1.134150e+02
1.000000e+02, 1.135579e+02
1.000000e+02, 1.137024e+02
1.000000e+02, 1.138487e+02
1.000000e+02, 1.139967e+02
1.000000e+02, 1.141464e+02
1.000000e+02, 1.142978e+02
1.000000e+02, 1.144510e+02
1.000000e+02, 1.146060e+02
1.000000e+02, 1.147627e+02
1.000000e+02, 1.149212e+02
1.000000e+02, 1.150814e+02
1.000000e+02, 1.152435e+02
1.000000e+02, 1.154074e+02
1.000000e+02, 1.155731e+02
1.000000e+02, 1.157407e+02
1.000000e+02, 1.159101e+02
1.000000e+02, 1.160814e+02
1.000000e+02, 1.162545e+02
1.000000e+02, 1.164296e+02
1.000000e+02, 1.166065e+02
1.000000e+02, 1.167854e+02
1.000000e+02, 1.169662e+02
1.000000e+02, 1.171490e+02
1.000000e+02, 1.173337e+02
1.000000e+02, 1.175204e+02
1.000000e+02, 1.177091e+02
1.000000e+02, 1.178998e+02
1.000000e+02, 1.180925e+02
1.000000e+02, 1.182873e+02
1.000000e+02, 1.184841e+02
1.000000e+02, 1.186830e+02
1.000000e+02, 1.188841e+02
1.000000e+02, 1.190872e+02
1.000000e+02, 1.192925e+02
1.000000e+02, 1.194999e+02
1.000000e+02, 1.197095e+02
1.000000e+02, 1.199213e+02
1.000000e+02, 1.201353e+02
1.000000e+02, 1.203515e+02
1.000000e+02, 1.205700e+02
1.000000e+02, 1.207908e+02
1.000000e+02, 1.210138e+02
1.000000e+02, 1.212392e+02
1.000000e+02, 1.214670e+02
1.000000e+02, 1.216971e+02
1.000000e+02, 1.219296e+02
1.000000e+02, 1.221646e+02
1.000000e+02, 1.224019e+02
1.000000e+02, 1.226418e+02
1.000000e+02, 1.228842e+02
1.000000e+02, 1.231291e+02
1.000000e+02, 1.233765e+02
1.000000e+02, 1.236266e+02
1.000000e+02, 1.238792e+02
1.000000e+02, 1.241345e+02
1.000000e+02, 1.243925e+02
1.000000e+02, 1.246532e+02
1.000000e+02, 1.249167e+02
1.000000e+02, 1.251829e+02
1.000000e+02, 1.254520e+02
1.000000e+02, 1.257239e+02
1.000000e+02, 1.259987e+02
1.000000e+02, 1.262764e+02
1.000000e+02, 1.265572e+02
1.000000e+02, 1.268409e+02
1.000000e+02, 1.271277e+02
1.000000e+02, 1.274175e+02
1.000000e+02, 1.277105e+02
1.000000e+02, 1.280067e+02
1.000000e+02, 1.283062e+02
1.000000e+02, 1.286089e+02
1.000000e+02, 1.289150e+02
1.000000e+02, 1.292244e+02
1.000000e+02, 1.295373e+02
1.000000e+02, 1.298537e+02
1.000000e+02, 1.301736e+02
1.000000e+02, 1.304972e+02
1.000000e+02, 1.308244e+02
1.000000e+02, 1.311553e+02
1.000000e+02, 1.314901e+02
1.000000e+02, 1.318287e+02
1.000000e+02, 1.321713e+02
1.000000e+02, 1.325179e+02
1.000000e+02, 1.328686e+02
1.000000e+02, 1.332235e+02
1.000000e+02, 1.335826e+02
1.000000e+02, 1.339460e+02
1.000000e+02, 1.343139e+02
1.000000e+02, 1.346863e+02
1.000000e+02, 1.350633e+02
1.000000e+02, 1.354450e+02
1.000000e+02, 1.358315e+02
1.000000e+02, 1.362229e+02
1.000000e+02, 1.366194e+02
1.000000e+02, 1.370210e+02
1.000000e+02, 1.374279e+02
1.000000e+02, 1.378402e+02
1.000000e+02, 1.382581e+02
1.000000e+02, 1.386816e+02
1.000000e+02, 1.391109e+02
1.000000e+02, 1.395463e+02
1.000000e+02, 1.399877e+02
1.000000e+02, 1.404355e+02
1.000000e+02, 1.408898e+02
1.000000e+02, 1.413507e+02
1.000000e+02, 1.418186e+02
1.000000e+02, 1.422935e+02
1.000000e+02, 1.427758e+02
1.000000e+02, 1.432656e+02
1.000000e+02, 1.437632e+02
1.000000e+02, 1.442689e+02
1.000000e+02, 1.447830e+02
1.000000e+02, 1.453057e+02
1.000000e+02, 1.458374e+02
1.000000e+02, 1.463784e+02
1.000000e+02, 1.469291e+02
1.000000e+02, 1.474899e+02
1.000000e+02, 1.480612e+02
1.000000e+02, 1.486435e+02
1.000000e+02, 1.492373e+02
1.000000e+02, 1.498430e+02
1.000000e+02, 1.504614e+02
1.000000e+02, 1.510930e+02
1.000000e+02, 1.517384e+02
1.000000e+02, 1.523986e+02
1.000000e+02, 1.530742e+02
1.000000e+02, 1.537663e+02
1.000000e+02, 1.544758e+02
1.000000e+02, 1.552038e+02
1.000000e+02, 1.559517e+02
1.000000e+02, 1.567209e+02
1.000000e+02, 1.575129e+02
1.000000e+02, 1.583296e+02
1.000000e+02, 1.591731e+02
1.000000e+02, 1.600459e+02
1.000000e+02, 1.609507e+02
1.000000e+02, 1.618909e+02
1.000000e+02, 1.628705e+02
1.000000e+02, 1.638943e+02
1.000000e+02, 1.649683e+02
1.000000e+02, 1.660997e+02
1.000000e+02, 1.672981e+02
1.000000e+02, 1.685760e+02
1.000000e+02, 1.699502e+02
1.000000e+02, 1.714450e+02
1.000000e+02, 1.730972e+02
1.000000e+02, 1.749674e+02
1.000000e+02, 1.771717e+02
1.000000e+02, 1.800000e+02
##END= 