##TITLE= /opt/topspin3.0/exp/stan/nmr/lists/wave/user/HypSec_trunc2.84_110
##JCAMP-DX= 5.00 Bruker JCAMP library
##DATA TYPE= Shape Data
##ORIGIN= Bruker BioSpin GmbH
##OWNER= <nmrsu>
##DATE= 15/02/24
##TIME= 16:15:04
##MINX= 1.164538e+01
##MAXX= 9.999960e+01
##MINY= 2.546774e-02
##MAXY= 3.585574e+02
##$SHAPE_EXMODE= Adiabatic
##$SHAPE_TOTROT= 1.800000e+02
##$SHAPE_BWFAC= 1.929340e+02
##$SHAPE_INTEGFAC= 2.356110e-02
##$SHAPE_MODE= 0
##NPOINTS= 1000
##XYPOINTS= (XY..XY)
1.000000e+02, 1.800000e+02
1.000000e+02, 1.770438e+02
1.000000e+02, 1.745005e+02
1.000000e+02, 1.722345e+02
1.000000e+02, 1.701718e+02
1.000000e+02, 1.682666e+02
1.000000e+02, 1.664880e+02
1.000000e+02, 1.648143e+02
1.000000e+02, 1.632294e+02
1.000000e+02, 1.617209e+02
1.000000e+02, 1.602790e+02
1.000000e+02, 1.588960e+02
1.000000e+02, 1.575655e+02
1.000000e+02, 1.562822e+02
1.000000e+02, 1.550417e+02
1.000000e+02, 1.538401e+02
1.000000e+02, 1.526743e+02
1.000000e+02, 1.515414e+02
1.000000e+02, 1.504389e+02
1.000000e+02, 1.493647e+02
1.000000e+02, 1.483169e+02
1.000000e+02, 1.472938e+02
1.000000e+02, 1.462938e+02
1.000000e+02, 1.453156e+02
1.000000e+02, 1.443580e+02
1.000000e+02, 1.434197e+02
1.000000e+02, 1.424998e+02
1.000000e+02, 1.415974e+02
1.000000e+02, 1.407116e+02
1.000000e+02, 1.398416e+02
1.000000e+02, 1.389867e+02
1.000000e+02, 1.381462e+02
1.000000e+02, 1.373195e+02
1.000000e+02, 1.365060e+02
1.000000e+02, 1.357053e+02
1.000000e+02, 1.349167e+02
1.000000e+02, 1.341398e+02
1.000000e+02, 1.333742e+02
1.000000e+02, 1.326195e+02
1.000000e+02, 1.318753e+02
1.000000e+02, 1.311412e+02
1.000000e+02, 1.304169e+02
1.000000e+02, 1.297021e+02
1.000000e+02, 1.289965e+02
1.000000e+02, 1.282997e+02
1.000000e+02, 1.276115e+02
1.000000e+02, 1.269317e+02
1.000000e+02, 1.262600e+02
1.000000e+02, 1.255961e+02
1.000000e+02, 1.249399e+02
1.000000e+02, 1.242912e+02
1.000000e+02, 1.236497e+02
1.000000e+02, 1.230152e+02
1.000000e+02, 1.223877e+02
1.000000e+02, 1.217668e+02
1.000000e+02, 1.211524e+02
1.000000e+02, 1.205444e+02
1.000000e+02, 1.199426e+02
1.000000e+02, 1.193469e+02
1.000000e+02, 1.187571e+02
1.000000e+02, 1.181732e+02
1.000000e+02, 1.175948e+02
1.000000e+02, 1.170221e+02
1.000000e+02, 1.164547e+02
1.000000e+02, 1.158926e+02
1.000000e+02, 1.153358e+02
1.000000e+02, 1.147840e+02
1.000000e+02, 1.142372e+02
1.000000e+02, 1.136953e+02
1.000000e+02, 1.131582e+02
1.000000e+02, 1.126257e+02
1.000000e+02, 1.120979e+02
1.000000e+02, 1.115746e+02
1.000000e+02, 1.110558e+02
1.000000e+02, 1.105412e+02
1.000000e+02, 1.100310e+02
1.000000e+02, 1.095250e+02
1.000000e+02, 1.090231e+02
1.000000e+02, 1.085253e+02
1.000000e+02, 1.080314e+02
1.000000e+02, 1.075415e+02
1.000000e+02, 1.070554e+02
1.000000e+02, 1.065731e+02
1.000000e+02, 1.060946e+02
1.000000e+02, 1.056197e+02
1.000000e+02, 1.051484e+02
1.000000e+02, 1.046807e+02
1.000000e+02, 1.042165e+02
1.000000e+02, 1.037558e+02
1.000000e+02, 1.032984e+02
1.000000e+02, 1.028444e+02
1.000000e+02, 1.023938e+02
1.000000e+02, 1.019463e+02
1.000000e+02, 1.015021e+02
1.000000e+02, 1.010610e+02
1.000000e+02, 1.006231e+02
1.000000e+02, 1.001882e+02
1.000000e+02, 9.975638e+01
1.000000e+02, 9.932754e+01
1.000000e+02, 9.890166e+01
1.000000e+02, 9.847869e+01
1.000000e+02, 9.805860e+01
1.000000e+02, 9.764134e+01
1.000000e+02, 9.722690e+01
1.000000e+02, 9.681522e+01
1.000000e+02, 9.640628e+01
1.000000e+02, 9.600004e+01
1.000000e+02, 9.559647e+01
1.000000e+02, 9.519554e+01
1.000000e+02, 9.479721e+01
1.000000e+02, 9.440146e+01
1.000000e+02, 9.400825e+01
1.000000e+02, 9.361756e+01
1.000000e+02, 9.322936e+01
1.000000e+02, 9.284361e+01
1.000000e+02, 9.246030e+01
1.000000e+02, 9.207939e+01
1.000000e+02, 9.170086e+01
1.000000e+02, 9.132468e+01
1.000000e+02, 9.095082e+01
1.000000e+02, 9.057927e+01
1.000000e+02, 9.021000e+01
1.000000e+02, 8.984298e+01
1.000000e+02, 8.947820e+01
1.000000e+02, 8.911562e+01
1.000000e+02, 8.875522e+01
1.000000e+02, 8.839699e+01
1.000000e+02, 8.804091e+01
1.000000e+02, 8.768694e+01
1.000000e+02, 8.733507e+01
1.000000e+02, 8.698529e+01
1.000000e+02, 8.663756e+01
1.000000e+02, 8.629187e+01
1.000000e+02, 8.594821e+01
1.000000e+02, 8.560655e+01
1.000000e+02, 8.526687e+01
1.000000e+02, 8.492915e+01
1.000000e+02, 8.459339e+01
1.000000e+02, 8.425955e+01
1.000000e+02, 8.392763e+01
1.000000e+02, 8.359760e+01
1.000000e+02, 8.326945e+01
1.000000e+02, 8.294317e+01
1.000000e+02, 8.261873e+01
1.000000e+02, 8.229612e+01
1.000000e+02, 8.197533e+01
1.000000e+02, 8.165634e+01
1.000000e+02, 8.133913e+01
1.000000e+02, 8.102369e+01
1.000000e+02, 8.071001e+01
1.000000e+02, 8.039807e+01
1.000000e+02, 8.008786e+01
1.000000e+02, 7.977936e+01
1.000000e+02, 7.947256e+01
1.000000e+02, 7.916745e+01
1.000000e+02, 7.886401e+01
1.000000e+02, 7.856223e+01
1.000000e+02, 7.826210e+01
1.000000e+02, 7.796360e+01
1.000000e+02, 7.766673e+01
1.000000e+02, 7.737147e+01
1.000000e+02, 7.707780e+01
1.000000e+02, 7.678573e+01
1.000000e+02, 7.649522e+01
1.000000e+02, 7.620629e+01
1.000000e+02, 7.591890e+01
1.000000e+02, 7.563305e+01
1.000000e+02, 7.534874e+01
1.000000e+02, 7.506594e+01
1.000000e+02, 7.478466e+01
1.000000e+02, 7.450487e+01
1.000000e+02, 7.422657e+01
1.000000e+02, 7.394974e+01
1.000000e+02, 7.367439e+01
1.000000e+02, 7.340049e+01
1.000000e+02, 7.312804e+01
1.000000e+02, 7.285703e+01
1.000000e+02, 7.258745e+01
1.000000e+02, 7.231929e+01
1.000000e+02, 7.205253e+01
1.000000e+02, 7.178718e+01
1.000000e+02, 7.152322e+01
1.000000e+02, 7.126065e+01
1.000000e+02, 7.099945e+01
1.000000e+02, 7.073962e+01
1.000000e+02, 7.048114e+01
1.000000e+02, 7.022401e+01
1.000000e+02, 6.996823e+01
1.000000e+02, 6.971378e+01
1.000000e+02, 6.946065e+01
1.000000e+02, 6.920884e+01
1.000000e+02, 6.895834e+01
1.000000e+02, 6.870914e+01
1.000000e+02, 6.846123e+01
1.000000e+02, 6.821461e+01
1.000000e+02, 6.796927e+01
1.000000e+02, 6.772520e+01
1.000000e+02, 6.748239e+01
1.000000e+02, 6.724085e+01
1.000000e+02, 6.700055e+01
1.000000e+02, 6.676149e+01
1.000000e+02, 6.652367e+01
1.000000e+02, 6.628708e+01
1.000000e+02, 6.605172e+01
1.000000e+02, 6.581756e+01
1.000000e+02, 6.558462e+01
1.000000e+02, 6.535288e+01
1.000000e+02, 6.512234e+01
1.000000e+02, 6.489299e+01
1.000000e+02, 6.466482e+01
1.000000e+02, 6.443783e+01
1.000000e+02, 6.421201e+01
1.000000e+02, 6.398736e+01
1.000000e+02, 6.376387e+01
1.000000e+02, 6.354153e+01
1.000000e+02, 6.332034e+01
1.000000e+02, 6.310029e+01
1.000000e+02, 6.288138e+01
1.000000e+02, 6.266360e+01
1.000000e+02, 6.244694e+01
1.000000e+02, 6.223141e+01
1.000000e+02, 6.201699e+01
1.000000e+02, 6.180367e+01
1.000000e+02, 6.159147e+01
1.000000e+02, 6.138036e+01
1.000000e+02, 6.117035e+01
1.000000e+02, 6.096142e+01
1.000000e+02, 6.075358e+01
1.000000e+02, 6.054682e+01
1.000000e+02, 6.034113e+01
1.000000e+02, 6.013650e+01
1.000000e+02, 5.993295e+01
1.000000e+02, 5.973045e+01
1.000000e+02, 5.952901e+01
1.000000e+02, 5.932861e+01
1.000000e+02, 5.912926e+01
1.000000e+02, 5.893096e+01
1.000000e+02, 5.873369e+01
1.000000e+02, 5.853745e+01
1.000000e+02, 5.834223e+01
1.000000e+02, 5.814804e+01
1.000000e+02, 5.795487e+01
1.000000e+02, 5.776271e+01
1.000000e+02, 5.757157e+01
1.000000e+02, 5.738143e+01
1.000000e+02, 5.719229e+01
1.000000e+02, 5.700414e+01
1.000000e+02, 5.681700e+01
1.000000e+02, 5.663084e+01
1.000000e+02, 5.644566e+01
1.000000e+02, 5.626147e+01
1.000000e+02, 5.607826e+01
1.000000e+02, 5.589602e+01
1.000000e+02, 5.571475e+01
1.000000e+02, 5.553445e+01
1.000000e+02, 5.535511e+01
1.000000e+02, 5.517673e+01
1.000000e+02, 5.499930e+01
1.000000e+02, 5.482283e+01
1.000000e+02, 5.464730e+01
1.000000e+02, 5.447272e+01
1.000000e+02, 5.429908e+01
1.000000e+02, 5.412638e+01
1.000000e+02, 5.395461e+01
1.000000e+02, 5.378378e+01
1.000000e+02, 5.361387e+01
1.000000e+02, 5.344488e+01
1.000000e+02, 5.327682e+01
1.000000e+02, 5.310967e+01
1.000000e+02, 5.294344e+01
1.000000e+02, 5.277812e+01
1.000000e+02, 5.261371e+01
1.000000e+02, 5.245020e+01
1.000000e+02, 5.228760e+01
1.000000e+02, 5.212589e+01
1.000000e+02, 5.196508e+01
1.000000e+02, 5.180517e+01
1.000000e+02, 5.164614e+01
1.000000e+02, 5.148800e+01
1.000000e+02, 5.133074e+01
1.000000e+02, 5.117437e+01
1.000000e+02, 5.101887e+01
1.000000e+02, 5.086425e+01
1.000000e+02, 5.071050e+01
1.000000e+02, 5.055762e+01
1.000000e+02, 5.040561e+01
1.000000e+02, 5.025447e+01
1.000000e+02, 5.010418e+01
1.000000e+02, 4.995476e+01
1.000000e+02, 4.980619e+01
1.000000e+02, 4.965847e+01
1.000000e+02, 4.951161e+01
1.000000e+02, 4.936559e+01
1.000000e+02, 4.922042e+01
1.000000e+02, 4.907610e+01
1.000000e+02, 4.893262e+01
1.000000e+02, 4.878997e+01
1.000000e+02, 4.864816e+01
1.000000e+02, 4.850719e+01
1.000000e+02, 4.836704e+01
1.000000e+02, 4.822773e+01
1.000000e+02, 4.808924e+01
1.000000e+02, 4.795158e+01
1.000000e+02, 4.781474e+01
1.000000e+02, 4.767872e+01
1.000000e+02, 4.754352e+01
1.000000e+02, 4.740913e+01
1.000000e+02, 4.727555e+01
1.000000e+02, 4.714279e+01
1.000000e+02, 4.701084e+01
1.000000e+02, 4.687969e+01
1.000000e+02, 4.674935e+01
1.000000e+02, 4.661981e+01
1.000000e+02, 4.649107e+01
1.000000e+02, 4.636312e+01
1.000000e+02, 4.623598e+01
1.000000e+02, 4.610963e+01
1.000000e+02, 4.598407e+01
1.000000e+02, 4.585930e+01
1.000000e+02, 4.573532e+01
1.000000e+02, 4.561213e+01
1.000000e+02, 4.548972e+01
1.000000e+02, 4.536809e+01
1.000000e+02, 4.524724e+01
1.000000e+02, 4.512718e+01
1.000000e+02, 4.500789e+01
1.000000e+02, 4.488937e+01
1.000000e+02, 4.477163e+01
1.000000e+02, 4.465466e+01
1.000000e+02, 4.453846e+01
1.000000e+02, 4.442302e+01
1.000000e+02, 4.430836e+01
1.000000e+02, 4.419445e+01
1.000000e+02, 4.408131e+01
1.000000e+02, 4.396893e+01
1.000000e+02, 4.385731e+01
1.000000e+02, 4.374645e+01
1.000000e+02, 4.363634e+01
1.000000e+02, 4.352699e+01
1.000000e+02, 4.341839e+01
1.000000e+02, 4.331054e+01
1.000000e+02, 4.320344e+01
1.000000e+02, 4.309709e+01
1.000000e+02, 4.299149e+01
1.000000e+02, 4.288663e+01
1.000000e+02, 4.278251e+01
1.000000e+02, 4.267914e+01
1.000000e+02, 4.257650e+01
1.000000e+02, 4.247461e+01
1.000000e+02, 4.237345e+01
1.000000e+02, 4.227303e+01
1.000000e+02, 4.217334e+01
1.000000e+02, 4.207438e+01
1.000000e+02, 4.197616e+01
1.000000e+02, 4.187866e+01
1.000000e+02, 4.178190e+01
1.000000e+02, 4.168586e+01
1.000000e+02, 4.159055e+01
1.000000e+02, 4.149596e+01
1.000000e+02, 4.140210e+01
1.000000e+02, 4.130896e+01
1.000000e+02, 4.121654e+01
1.000000e+02, 4.112484e+01
1.000000e+02, 4.103385e+01
1.000000e+02, 4.094359e+01
1.000000e+02, 4.085404e+01
1.000000e+02, 4.076520e+01
1.000000e+02, 4.067708e+01
1.000000e+02, 4.058967e+01
1.000000e+02, 4.050297e+01
1.000000e+02, 4.041698e+01
1.000000e+02, 4.033170e+01
1.000000e+02, 4.024712e+01
1.000000e+02, 4.016325e+01
1.000000e+02, 4.008009e+01
1.000000e+02, 3.999763e+01
1.000000e+02, 3.991587e+01
1.000000e+02, 3.983482e+01
1.000000e+02, 3.975446e+01
1.000000e+02, 3.967481e+01
1.000000e+02, 3.959585e+01
1.000000e+02, 3.951759e+01
1.000000e+02, 3.944003e+01
1.000000e+02, 3.936316e+01
1.000000e+02, 3.928699e+01
1.000000e+02, 3.921151e+01
1.000000e+02, 3.913672e+01
1.000000e+02, 3.906262e+01
1.000000e+02, 3.898921e+01
1.000000e+02, 3.891650e+01
1.000000e+02, 3.884447e+01
1.000000e+02, 3.877312e+01
1.000000e+02, 3.870247e+01
1.000000e+02, 3.863250e+01
1.000000e+02, 3.856321e+01
1.000000e+02, 3.849461e+01
1.000000e+02, 3.842669e+01
1.000000e+02, 3.835946e+01
1.000000e+02, 3.829290e+01
1.000000e+02, 3.822702e+01
1.000000e+02, 3.816183e+01
1.000000e+02, 3.809731e+01
1.000000e+02, 3.803347e+01
1.000000e+02, 3.797031e+01
1.000000e+02, 3.790782e+01
1.000000e+02, 3.784601e+01
1.000000e+02, 3.778487e+01
1.000000e+02, 3.772440e+01
1.000000e+02, 3.766461e+01
1.000000e+02, 3.760549e+01
1.000000e+02, 3.754705e+01
1.000000e+02, 3.748927e+01
1.000000e+02, 3.743216e+01
1.000000e+02, 3.737572e+01
1.000000e+02, 3.731995e+01
1.000000e+02, 3.726485e+01
1.000000e+02, 3.721042e+01
1.000000e+02, 3.715665e+01
1.000000e+02, 3.710354e+01
1.000000e+02, 3.705111e+01
1.000000e+02, 3.699933e+01
1.000000e+02, 3.694822e+01
1.000000e+02, 3.689778e+01
1.000000e+02, 3.684799e+01
1.000000e+02, 3.679887e+01
1.000000e+02, 3.675041e+01
1.000000e+02, 3.670261e+01
1.000000e+02, 3.665547e+01
1.000000e+02, 3.660899e+01
1.000000e+02, 3.656316e+01
1.000000e+02, 3.651800e+01
1.000000e+02, 3.647349e+01
1.000000e+02, 3.642964e+01
1.000000e+02, 3.638645e+01
1.000000e+02, 3.634391e+01
1.000000e+02, 3.630203e+01
1.000000e+02, 3.626081e+01
1.000000e+02, 3.622024e+01
1.000000e+02, 3.618032e+01
1.000000e+02, 3.614106e+01
1.000000e+02, 3.610245e+01
1.000000e+02, 3.606449e+01
1.000000e+02, 3.602718e+01
1.000000e+02, 3.599053e+01
1.000000e+02, 3.595452e+01
1.000000e+02, 3.591917e+01
1.000000e+02, 3.588447e+01
1.000000e+02, 3.585042e+01
1.000000e+02, 3.581702e+01
1.000000e+02, 3.578426e+01
1.000000e+02, 3.575216e+01
1.000000e+02, 3.572070e+01
1.000000e+02, 3.568989e+01
1.000000e+02, 3.565973e+01
1.000000e+02, 3.563022e+01
1.000000e+02, 3.560135e+01
1.000000e+02, 3.557313e+01
1.000000e+02, 3.554556e+01
1.000000e+02, 3.551863e+01
1.000000e+02, 3.549235e+01
1.000000e+02, 3.546671e+01
1.000000e+02, 3.544172e+01
1.000000e+02, 3.541737e+01
1.000000e+02, 3.539367e+01
1.000000e+02, 3.537061e+01
1.000000e+02, 3.534819e+01
1.000000e+02, 3.532642e+01
1.000000e+02, 3.530529e+01
1.000000e+02, 3.528480e+01
1.000000e+02, 3.526496e+01
1.000000e+02, 3.524576e+01
1.000000e+02, 3.522720e+01
1.000000e+02, 3.520928e+01
1.000000e+02, 3.519201e+01
1.000000e+02, 3.517537e+01
1.000000e+02, 3.515938e+01
1.000000e+02, 3.514403e+01
1.000000e+02, 3.512932e+01
1.000000e+02, 3.511525e+01
1.000000e+02, 3.510182e+01
1.000000e+02, 3.508903e+01
1.000000e+02, 3.507688e+01
1.000000e+02, 3.506538e+01
1.000000e+02, 3.505451e+01
1.000000e+02, 3.504428e+01
1.000000e+02, 3.503469e+01
1.000000e+02, 3.502575e+01
1.000000e+02, 3.501744e+01
1.000000e+02, 3.500977e+01
1.000000e+02, 3.500274e+01
1.000000e+02, 3.499635e+01
1.000000e+02, 3.499060e+01
1.000000e+02, 3.498549e+01
1.000000e+02, 3.498101e+01
1.000000e+02, 3.497718e+01
1.000000e+02, 3.497399e+01
1.000000e+02, 3.497143e+01
1.000000e+02, 3.496951e+01
1.000000e+02, 3.496824e+01
1.000000e+02, 3.496760e+01
1.000000e+02, 3.496760e+01
1.000000e+02, 3.496824e+01
1.000000e+02, 3.496951e+01
1.000000e+02, 3.497143e+01
1.000000e+02, 3.497399e+01
1.000000e+02, 3.497718e+01
1.000000e+02, 3.498101e+01
1.000000e+02, 3.498549e+01
1.000000e+02, 3.499060e+01
1.000000e+02, 3.499635e+01
1.000000e+02, 3.500274e+01
1.000000e+02, 3.500977e+01
1.000000e+02, 3.501744e+01
1.000000e+02, 3.502575e+01
1.000000e+02, 3.503469e+01
1.000000e+02, 3.504428e+01
1.000000e+02, 3.505451e+01
1.000000e+02, 3.506538e+01
1.000000e+02, 3.507688e+01
1.000000e+02, 3.508903e+01
1.000000e+02, 3.510182e+01
1.000000e+02, 3.511525e+01
1.000000e+02, 3.512932e+01
1.000000e+02, 3.514403e+01
1.000000e+02, 3.515938e+01
1.000000e+02, 3.517537e+01
1.000000e+02, 3.519201e+01
1.000000e+02, 3.520928e+01
1.000000e+02, 3.522720e+01
1.000000e+02, 3.524576e+01
1.000000e+02, 3.526496e+01
1.000000e+02, 3.528480e+01
1.000000e+02, 3.530529e+01
1.000000e+02, 3.532642e+01
1.000000e+02, 3.534819e+01
1.000000e+02, 3.537061e+01
1.000000e+02, 3.539367e+01
1.000000e+02, 3.541737e+01
1.000000e+02, 3.544172e+01
1.000000e+02, 3.546671e+01
1.000000e+02, 3.549235e+01
1.000000e+02, 3.551863e+01
1.000000e+02, 3.554556e+01
1.000000e+02, 3.557313e+01
1.000000e+02, 3.560135e+01
1.000000e+02, 3.563022e+01
1.000000e+02, 3.565973e+01
1.000000e+02, 3.568989e+01
1.000000e+02, 3.572070e+01
1.000000e+02, 3.575216e+01
1.000000e+02, 3.578426e+01
1.000000e+02, 3.581702e+01
1.000000e+02, 3.585042e+01
1.000000e+02, 3.588447e+01
1.000000e+02, 3.591917e+01
1.000000e+02, 3.595452e+01
1.000000e+02, 3.599053e+01
1.000000e+02, 3.602718e+01
1.000000e+02, 3.606449e+01
1.000000e+02, 3.610245e+01
1.000000e+02, 3.614106e+01
1.000000e+02, 3.618032e+01
1.000000e+02, 3.622024e+01
1.000000e+02, 3.626081e+01
1.000000e+02, 3.630203e+01
1.000000e+02, 3.634392e+01
1.000000e+02, 3.638645e+01
1.000000e+02, 3.642964e+01
1.000000e+02, 3.647349e+01
1.000000e+02, 3.651800e+01
1.000000e+02, 3.656316e+01
1.000000e+02, 3.660899e+01
1.000000e+02, 3.665547e+01
1.000000e+02, 3.670261e+01
1.000000e+02, 3.675041e+01
1.000000e+02, 3.679887e+01
1.000000e+02, 3.684799e+01
1.000000e+02, 3.689778e+01
1.000000e+02, 3.694822e+01
1.000000e+02, 3.699933e+01
1.000000e+02, 3.705111e+01
1.000000e+02, 3.710354e+01
1.000000e+02, 3.715665e+01
1.000000e+02, 3.721042e+01
1.000000e+02, 3.726485e+01
1.000000e+02, 3.731995e+01
1.000000e+02, 3.737572e+01
1.000000e+02, 3.743216e+01
1.000000e+02, 3.748927e+01
1.000000e+02, 3.754705e+01
1.000000e+02, 3.760549e+01
1.000000e+02, 3.766461e+01
1.000000e+02, 3.772440e+01
1.000000e+02, 3.778487e+01
1.000000e+02, 3.784601e+01
1.000000e+02, 3.790782e+01
1.000000e+02, 3.797031e+01
1.000000e+02, 3.803347e+01
1.000000e+02, 3.809731e+01
1.000000e+02, 3.816183e+01
1.000000e+02, 3.822702e+01
1.000000e+02, 3.829290e+01
1.000000e+02, 3.835946e+01
1.000000e+02, 3.842669e+01
1.000000e+02, 3.849461e+01
1.000000e+02, 3.856321e+01
1.000000e+02, 3.863250e+01
1.000000e+02, 3.870247e+01
1.000000e+02, 3.877313e+01
1.000000e+02, 3.884447e+01
1.000000e+02, 3.891650e+01
1.000000e+02, 3.898921e+01
1.000000e+02, 3.906262e+01
1.000000e+02, 3.913672e+01
1.000000e+02, 3.921151e+01
1.000000e+02, 3.928699e+01
1.000000e+02, 3.936316e+01
1.000000e+02, 3.944003e+01
1.000000e+02, 3.951759e+01
1.000000e+02, 3.959585e+01
1.000000e+02, 3.967481e+01
1.000000e+02, 3.975446e+01
1.000000e+02, 3.983482e+01
1.000000e+02, 3.991587e+01
1.000000e+02, 3.999763e+01
1.000000e+02, 4.008009e+01
1.000000e+02, 4.016325e+01
1.000000e+02, 4.024712e+01
1.000000e+02, 4.033170e+01
1.000000e+02, 4.041698e+01
1.000000e+02, 4.050297e+01
1.000000e+02, 4.058967e+01
1.000000e+02, 4.067708e+01
1.000000e+02, 4.076520e+01
1.000000e+02, 4.085404e+01
1.000000e+02, 4.094359e+01
1.000000e+02, 4.103385e+01
1.000000e+02, 4.112484e+01
1.000000e+02, 4.121654e+01
1.000000e+02, 4.130896e+01
1.000000e+02, 4.140210e+01
1.000000e+02, 4.149596e+01
1.000000e+02, 4.159055e+01
1.000000e+02, 4.168586e+01
1.000000e+02, 4.178190e+01
1.000000e+02, 4.187866e+01
1.000000e+02, 4.197616e+01
1.000000e+02, 4.207438e+01
1.000000e+02, 4.217334e+01
1.000000e+02, 4.227303e+01
1.000000e+02, 4.237345e+01
1.000000e+02, 4.247461e+01
1.000000e+02, 4.257650e+01
1.000000e+02, 4.267914e+01
1.000000e+02, 4.278251e+01
1.000000e+02, 4.288663e+01
1.000000e+02, 4.299149e+01
1.000000e+02, 4.309709e+01
1.000000e+02, 4.320345e+01
1.000000e+02, 4.331054e+01
1.000000e+02, 4.341839e+01
1.000000e+02, 4.352699e+01
1.000000e+02, 4.363634e+01
1.000000e+02, 4.374645e+01
1.000000e+02, 4.385731e+01
1.000000e+02, 4.396893e+01
1.000000e+02, 4.408131e+01
1.000000e+02, 4.419445e+01
1.000000e+02, 4.430836e+01
1.000000e+02, 4.442302e+01
1.000000e+02, 4.453846e+01
1.000000e+02, 4.465466e+01
1.000000e+02, 4.477163e+01
1.000000e+02, 4.488937e+01
1.000000e+02, 4.500789e+01
1.000000e+02, 4.512718e+01
1.000000e+02, 4.524725e+01
1.000000e+02, 4.536809e+01
1.000000e+02, 4.548972e+01
1.000000e+02, 4.561213e+01
1.000000e+02, 4.573532e+01
1.000000e+02, 4.585930e+01
1.000000e+02, 4.598407e+01
1.000000e+02, 4.610963e+01
1.000000e+02, 4.623598e+01
1.000000e+02, 4.636313e+01
1.000000e+02, 4.649107e+01
1.000000e+02, 4.661981e+01
1.000000e+02, 4.674935e+01
1.000000e+02, 4.687969e+01
1.000000e+02, 4.701084e+01
1.000000e+02, 4.714279e+01
1.000000e+02, 4.727555e+01
1.000000e+02, 4.740913e+01
1.000000e+02, 4.754352e+01
1.000000e+02, 4.767872e+01
1.000000e+02, 4.781474e+01
1.000000e+02, 4.795158e+01
1.000000e+02, 4.808924e+01
1.000000e+02, 4.822773e+01
1.000000e+02, 4.836704e+01
1.000000e+02, 4.850719e+01
1.000000e+02, 4.864816e+01
1.000000e+02, 4.878997e+01
1.000000e+02, 4.893262e+01
1.000000e+02, 4.907610e+01
1.000000e+02, 4.922042e+01
1.000000e+02, 4.936559e+01
1.000000e+02, 4.951161e+01
1.000000e+02, 4.965847e+01
1.000000e+02, 4.980619e+01
1.000000e+02, 4.995476e+01
1.000000e+02, 5.010418e+01
1.000000e+02, 5.025447e+01
1.000000e+02, 5.040561e+01
1.000000e+02, 5.055762e+01
1.000000e+02, 5.071050e+01
1.000000e+02, 5.086425e+01
1.000000e+02, 5.101887e+01
1.000000e+02, 5.117437e+01
1.000000e+02, 5.133074e+01
1.000000e+02, 5.148800e+01
1.000000e+02, 5.164614e+01
1.000000e+02, 5.180517e+01
1.000000e+02, 5.196508e+01
1.000000e+02, 5.212589e+01
1.000000e+02, 5.228760e+01
1.000000e+02, 5.245020e+01
1.000000e+02, 5.261371e+01
1.000000e+02, 5.277812e+01
1.000000e+02, 5.294344e+01
1.000000e+02, 5.310967e+01
1.000000e+02, 5.327682e+01
1.000000e+02, 5.344488e+01
1.000000e+02, 5.361387e+01
1.000000e+02, 5.378378e+01
1.000000e+02, 5.395461e+01
1.000000e+02, 5.412638e+01
1.000000e+02, 5.429908e+01
1.000000e+02, 5.447272e+01
1.000000e+02, 5.464730e+01
1.000000e+02, 5.482283e+01
1.000000e+02, 5.499930e+01
1.000000e+02, 5.517673e+01
1.000000e+02, 5.535511e+01
1.000000e+02, 5.553445e+01
1.000000e+02, 5.571475e+01
1.000000e+02, 5.589602e+01
1.000000e+02, 5.607826e+01
1.000000e+02, 5.626147e+01
1.000000e+02, 5.644567e+01
1.000000e+02, 5.663084e+01
1.000000e+02, 5.681700e+01
1.000000e+02, 5.700415e+01
1.000000e+02, 5.719229e+01
1.000000e+02, 5.738143e+01
1.000000e+02, 5.757157e+01
1.000000e+02, 5.776271e+01
1.000000e+02, 5.795487e+01
1.000000e+02, 5.814804e+01
1.000000e+02, 5.834223e+01
1.000000e+02, 5.853745e+01
1.000000e+02, 5.873369e+01
1.000000e+02, 5.893096e+01
1.000000e+02, 5.912927e+01
1.000000e+02, 5.932861e+01
1.000000e+02, 5.952901e+01
1.000000e+02, 5.973045e+01
1.000000e+02, 5.993295e+01
1.000000e+02, 6.013651e+01
1.000000e+02, 6.034113e+01
1.000000e+02, 6.054682e+01
1.000000e+02, 6.075358e+01
1.000000e+02, 6.096142e+01
1.000000e+02, 6.117035e+01
1.000000e+02, 6.138036e+01
1.000000e+02, 6.159147e+01
1.000000e+02, 6.180368e+01
1.000000e+02, 6.201699e+01
1.000000e+02, 6.223141e+01
1.000000e+02, 6.244694e+01
1.000000e+02, 6.266360e+01
1.000000e+02, 6.288138e+01
1.000000e+02, 6.310029e+01
1.000000e+02, 6.332034e+01
1.000000e+02, 6.354153e+01
1.000000e+02, 6.376387e+01
1.000000e+02, 6.398736e+01
1.000000e+02, 6.421201e+01
1.000000e+02, 6.443783e+01
1.000000e+02, 6.466482e+01
1.000000e+02, 6.489299e+01
1.000000e+02, 6.512234e+01
1.000000e+02, 6.535288e+01
1.000000e+02, 6.558462e+01
1.000000e+02, 6.581756e+01
1.000000e+02, 6.605172e+01
1.000000e+02, 6.628708e+01
1.000000e+02, 6.652367e+01
1.000000e+02, 6.676149e+01
1.000000e+02, 6.700055e+01
1.000000e+02, 6.724085e+01
1.000000e+02, 6.748240e+01
1.000000e+02, 6.772520e+01
1.000000e+02, 6.796927e+01
1.000000e+02, 6.821461e+01
1.000000e+02, 6.846123e+01
1.000000e+02, 6.870914e+01
1.000000e+02, 6.895834e+01
1.000000e+02, 6.920884e+01
1.000000e+02, 6.946065e+01
1.000000e+02, 6.971378e+01
1.000000e+02, 6.996823e+01
1.000000e+02, 7.022402e+01
1.000000e+02, 7.048114e+01
1.000000e+02, 7.073962e+01
1.000000e+02, 7.099945e+01
1.000000e+02, 7.126065e+01
1.000000e+02, 7.152323e+01
1.000000e+02, 7.178718e+01
1.000000e+02, 7.205253e+01
1.000000e+02, 7.231929e+01
1.000000e+02, 7.258745e+01
1.000000e+02, 7.285703e+01
1.000000e+02, 7.312804e+01
1.000000e+02, 7.340049e+01
1.000000e+02, 7.367439e+01
1.000000e+02, 7.394974e+01
1.000000e+02, 7.422657e+01
1.000000e+02, 7.450487e+01
1.000000e+02, 7.478466e+01
1.000000e+02, 7.506594e+01
1.000000e+02, 7.534874e+01
1.000000e+02, 7.563305e+01
1.000000e+02, 7.591890e+01
1.000000e+02, 7.620629e+01
1.000000e+02, 7.649523e+01
1.000000e+02, 7.678573e+01
1.000000e+02, 7.707781e+01
1.000000e+02, 7.737147e+01
1.000000e+02, 7.766673e+01
1.000000e+02, 7.796361e+01
1.000000e+02, 7.826210e+01
1.000000e+02, 7.856223e+01
1.000000e+02, 7.886401e+01
1.000000e+02, 7.916745e+01
1.000000e+02, 7.947256e+01
1.000000e+02, 7.977936e+01
1.000000e+02, 8.008786e+01
1.000000e+02, 8.039807e+01
1.000000e+02, 8.071001e+01
1.000000e+02, 8.102369e+01
1.000000e+02, 8.133913e+01
1.000000e+02, 8.165634e+01
1.000000e+02, 8.197533e+01
1.000000e+02, 8.229612e+01
1.000000e+02, 8.261873e+01
1.000000e+02, 8.294317e+01
1.000000e+02, 8.326945e+01
1.000000e+02, 8.359760e+01
1.000000e+02, 8.392763e+01
1.000000e+02, 8.425955e+01
1.000000e+02, 8.459339e+01
1.000000e+02, 8.492915e+01
1.000000e+02, 8.526687e+01
1.000000e+02, 8.560655e+01
1.000000e+02, 8.594821e+01
1.000000e+02, 8.629187e+01
1.000000e+02, 8.663756e+01
1.000000e+02, 8.698529e+01
1.000000e+02, 8.733507e+01
1.000000e+02, 8.768694e+01
1.000000e+02, 8.804091e+01
1.000000e+02, 8.839700e+01
1.000000e+02, 8.875523e+01
1.000000e+02, 8.911562e+01
1.000000e+02, 8.947820e+01
1.000000e+02, 8.984298e+01
1.000000e+02, 9.021000e+01
1.000000e+02, 9.057928e+01
1.000000e+02, 9.095083e+01
1.000000e+02, 9.132468e+01
1.000000e+02, 9.170086e+01
1.000000e+02, 9.207939e+01
1.000000e+02, 9.246030e+01
1.000000e+02, 9.284361e+01
1.000000e+02, 9.322936e+01
1.000000e+02, 9.361756e+01
1.000000e+02, 9.400826e+01
1.000000e+02, 9.440146e+01
1.000000e+02, 9.479722e+01
1.000000e+02, 9.519554e+01
1.000000e+02, 9.559648e+01
1.000000e+02, 9.600004e+01
1.000000e+02, 9.640628e+01
1.000000e+02, 9.681522e+01
1.000000e+02, 9.722690e+01
1.000000e+02, 9.764135e+01
1.000000e+02, 9.805860e+01
1.000000e+02, 9.847869e+01
1.000000e+02, 9.890166e+01
1.000000e+02, 9.932754e+01
1.000000e+02, 9.975638e+01
1.000000e+02, 1.001882e+02
1.000000e+02, 1.006231e+02
1.000000e+02, 1.010610e+02
1.000000e+02, 1.015021e+02
1.000000e+02, 1.019463e+02
1.000000e+02, 1.023938e+02
1.000000e+02, 1.028444e+02
1.000000e+02, 1.032984e+02
1.000000e+02, 1.037558e+02
1.000000e+02, 1.042165e+02
1.000000e+02, 1.046807e+02
1.000000e+02, 1.051484e+02
1.000000e+02, 1.056197e+02
1.000000e+02, 1.060946e+02
1.000000e+02, 1.065731e+02
1.000000e+02, 1.070554e+02
1.000000e+02, 1.075415e+02
1.000000e+02, 1.080314e+02
1.000000e+02, 1.085253e+02
1.000000e+02, 1.090231e+02
1.000000e+02, 1.095250e+02
1.000000e+02, 1.100310e+02
1.000000e+02, 1.105413e+02
1.000000e+02, 1.110558e+02
1.000000e+02, 1.115746e+02
1.000000e+02, 1.120979e+02
1.000000e+02, 1.126257e+02
1.000000e+02, 1.131582e+02
1.000000e+02, 1.136953e+02
1.000000e+02, 1.142372e+02
1.000000e+02, 1.147840e+02
1.000000e+02, 1.153358e+02
1.000000e+02, 1.158926e+02
1.000000e+02, 1.164547e+02
1.000000e+02, 1.170221e+02
1.000000e+02, 1.175948e+02
1.000000e+02, 1.181732e+02
1.000000e+02, 1.187571e+02
1.000000e+02, 1.193469e+02
1.000000e+02, 1.199426e+02
1.000000e+02, 1.205444e+02
1.000000e+02, 1.211524e+02
1.000000e+02, 1.217668e+02
1.000000e+02, 1.223877e+02
1.000000e+02, 1.230152e+02
1.000000e+02, 1.236497e+02
1.000000e+02, 1.242912e+02
1.000000e+02, 1.249399e+02
1.000000e+02, 1.255961e+02
1.000000e+02, 1.262600e+02
1.000000e+02, 1.269317e+02
1.000000e+02, 1.276115e+02
1.000000e+02, 1.282997e+02
1.000000e+02, 1.289965e+02
1.000000e+02, 1.297021e+02
1.000000e+02, 1.304169e+02
1.000000e+02, 1.311412e+02
1.000000e+02, 1.318753e+02
1.000000e+02, 1.326195e+02
1.000000e+02, 1.333742e+02
1.000000e+02, 1.341398e+02
1.000000e+02, 1.349167e+02
1.000000e+02, 1.357053e+02
1.000000e+02, 1.365060e+02
1.000000e+02, 1.373195e+02
1.000000e+02, 1.381462e+02
1.000000e+02, 1.389867e+02
1.000000e+02, 1.398416e+02
1.000000e+02, 1.407116e+02
1.000000e+02, 1.415974e+02
1.000000e+02, 1.424998e+02
1.000000e+02, 1.434197e+02
1.000000e+02, 1.443580e+02
1.000000e+02, 1.453156e+02
1.000000e+02, 1.462938e+02
1.000000e+02, 1.472938e+02
1.000000e+02, 1.483169e+02
1.000000e+02, 1.493647e+02
1.000000e+02, 1.504389e+02
1.000000e+02, 1.515414e+02
1.000000e+02, 1.526743e+02
1.000000e+02, 1.538401e+02
1.000000e+02, 1.550417e+02
1.000000e+02, 1.562822e+02
1.000000e+02, 1.575655e+02
1.000000e+02, 1.588960e+02
1.000000e+02, 1.602790e+02
1.000000e+02, 1.617209e+02
1.000000e+02, 1.632294e+02
1.000000e+02, 1.648143e+02
1.000000e+02, 1.664880e+02
1.000000e+02, 1.682666e+02
1.000000e+02, 1.701718e+02
1.000000e+02, 1.722345e+02
1.000000e+02, 1.745005e+02
1.000000e+02, 1.770438e+02
1.000000e+02, 1.800000e+02
##END= 