##TITLE= /opt/topspin3.0/exp/stan/nmr/lists/wave/user/HypSec_trunc2.84_110
##JCAMP-DX= 5.00 Bruker JCAMP library
##DATA TYPE= Shape Data
##ORIGIN= Bruker BioSpin GmbH
##OWNER= <nmrsu>
##DATE= 15/02/24
##TIME= 16:15:04
##MINX= 1.164538e+01
##MAXX= 9.999960e+01
##MINY= 2.546774e-02
##MAXY= 3.585574e+02
##$SHAPE_EXMODE= Adiabatic
##$SHAPE_TOTROT= 1.800000e+02
##$SHAPE_BWFAC= 1.929340e+02
##$SHAPE_INTEGFAC= 2.356110e-02
##$SHAPE_MODE= 0
##NPOINTS= 500
##XYPOINTS= (XY..XY)
1.000000e+02, 1.800000e+02
1.000000e+02, 1.784287e+02
1.000000e+02, 1.772041e+02
1.000000e+02, 1.761651e+02
1.000000e+02, 1.752472e+02
1.000000e+02, 1.744168e+02
1.000000e+02, 1.736533e+02
1.000000e+02, 1.729434e+02
1.000000e+02, 1.722776e+02
1.000000e+02, 1.716490e+02
1.000000e+02, 1.710524e+02
1.000000e+02, 1.704836e+02
1.000000e+02, 1.699394e+02
1.000000e+02, 1.694170e+02
1.000000e+02, 1.689144e+02
1.000000e+02, 1.684295e+02
1.000000e+02, 1.679609e+02
1.000000e+02, 1.675071e+02
1.000000e+02, 1.670671e+02
1.000000e+02, 1.666398e+02
1.000000e+02, 1.662243e+02
1.000000e+02, 1.658199e+02
1.000000e+02, 1.654257e+02
1.000000e+02, 1.650412e+02
1.000000e+02, 1.646659e+02
1.000000e+02, 1.642991e+02
1.000000e+02, 1.639405e+02
1.000000e+02, 1.635897e+02
1.000000e+02, 1.632461e+02
1.000000e+02, 1.629096e+02
1.000000e+02, 1.625797e+02
1.000000e+02, 1.622562e+02
1.000000e+02, 1.619388e+02
1.000000e+02, 1.616273e+02
1.000000e+02, 1.613213e+02
1.000000e+02, 1.610208e+02
1.000000e+02, 1.607254e+02
1.000000e+02, 1.604350e+02
1.000000e+02, 1.601494e+02
1.000000e+02, 1.598685e+02
1.000000e+02, 1.595920e+02
1.000000e+02, 1.593199e+02
1.000000e+02, 1.590520e+02
1.000000e+02, 1.587881e+02
1.000000e+02, 1.585282e+02
1.000000e+02, 1.582721e+02
1.000000e+02, 1.580197e+02
1.000000e+02, 1.577710e+02
1.000000e+02, 1.575257e+02
1.000000e+02, 1.572839e+02
1.000000e+02, 1.570453e+02
1.000000e+02, 1.568100e+02
1.000000e+02, 1.565779e+02
1.000000e+02, 1.563489e+02
1.000000e+02, 1.561228e+02
1.000000e+02, 1.558997e+02
1.000000e+02, 1.556794e+02
1.000000e+02, 1.554619e+02
1.000000e+02, 1.552472e+02
1.000000e+02, 1.550352e+02
1.000000e+02, 1.548257e+02
1.000000e+02, 1.546188e+02
1.000000e+02, 1.544145e+02
1.000000e+02, 1.542125e+02
1.000000e+02, 1.540130e+02
1.000000e+02, 1.538159e+02
1.000000e+02, 1.536211e+02
1.000000e+02, 1.534285e+02
1.000000e+02, 1.532382e+02
1.000000e+02, 1.530501e+02
1.000000e+02, 1.528641e+02
1.000000e+02, 1.526802e+02
1.000000e+02, 1.524984e+02
1.000000e+02, 1.523187e+02
1.000000e+02, 1.521409e+02
1.000000e+02, 1.519652e+02
1.000000e+02, 1.517913e+02
1.000000e+02, 1.516194e+02
1.000000e+02, 1.514494e+02
1.000000e+02, 1.512812e+02
1.000000e+02, 1.511149e+02
1.000000e+02, 1.509503e+02
1.000000e+02, 1.507875e+02
1.000000e+02, 1.506265e+02
1.000000e+02, 1.504672e+02
1.000000e+02, 1.503095e+02
1.000000e+02, 1.501536e+02
1.000000e+02, 1.499993e+02
1.000000e+02, 1.498466e+02
1.000000e+02, 1.496956e+02
1.000000e+02, 1.495461e+02
1.000000e+02, 1.493982e+02
1.000000e+02, 1.492518e+02
1.000000e+02, 1.491070e+02
1.000000e+02, 1.489636e+02
1.000000e+02, 1.488218e+02
1.000000e+02, 1.486814e+02
1.000000e+02, 1.485425e+02
1.000000e+02, 1.484050e+02
1.000000e+02, 1.482690e+02
1.000000e+02, 1.481343e+02
1.000000e+02, 1.480011e+02
1.000000e+02, 1.478692e+02
1.000000e+02, 1.477387e+02
1.000000e+02, 1.476095e+02
1.000000e+02, 1.474817e+02
1.000000e+02, 1.473551e+02
1.000000e+02, 1.472299e+02
1.000000e+02, 1.471060e+02
1.000000e+02, 1.469833e+02
1.000000e+02, 1.468619e+02
1.000000e+02, 1.467418e+02
1.000000e+02, 1.466229e+02
1.000000e+02, 1.465053e+02
1.000000e+02, 1.463888e+02
1.000000e+02, 1.462736e+02
1.000000e+02, 1.461595e+02
1.000000e+02, 1.460467e+02
1.000000e+02, 1.459350e+02
1.000000e+02, 1.458245e+02
1.000000e+02, 1.457152e+02
1.000000e+02, 1.456069e+02
1.000000e+02, 1.454999e+02
1.000000e+02, 1.453939e+02
1.000000e+02, 1.452891e+02
1.000000e+02, 1.451854e+02
1.000000e+02, 1.450828e+02
1.000000e+02, 1.449812e+02
1.000000e+02, 1.448808e+02
1.000000e+02, 1.447814e+02
1.000000e+02, 1.446831e+02
1.000000e+02, 1.445859e+02
1.000000e+02, 1.444897e+02
1.000000e+02, 1.443945e+02
1.000000e+02, 1.443004e+02
1.000000e+02, 1.442073e+02
1.000000e+02, 1.441152e+02
1.000000e+02, 1.440242e+02
1.000000e+02, 1.439341e+02
1.000000e+02, 1.438451e+02
1.000000e+02, 1.437570e+02
1.000000e+02, 1.436700e+02
1.000000e+02, 1.435839e+02
1.000000e+02, 1.434988e+02
1.000000e+02, 1.434147e+02
1.000000e+02, 1.433315e+02
1.000000e+02, 1.432493e+02
1.000000e+02, 1.431680e+02
1.000000e+02, 1.430877e+02
1.000000e+02, 1.430083e+02
1.000000e+02, 1.429299e+02
1.000000e+02, 1.428524e+02
1.000000e+02, 1.427758e+02
1.000000e+02, 1.427001e+02
1.000000e+02, 1.426254e+02
1.000000e+02, 1.425515e+02
1.000000e+02, 1.424786e+02
1.000000e+02, 1.424066e+02
1.000000e+02, 1.423354e+02
1.000000e+02, 1.422652e+02
1.000000e+02, 1.421958e+02
1.000000e+02, 1.421274e+02
1.000000e+02, 1.420598e+02
1.000000e+02, 1.419930e+02
1.000000e+02, 1.419272e+02
1.000000e+02, 1.418622e+02
1.000000e+02, 1.417981e+02
1.000000e+02, 1.417348e+02
1.000000e+02, 1.416724e+02
1.000000e+02, 1.416108e+02
1.000000e+02, 1.415501e+02
1.000000e+02, 1.414902e+02
1.000000e+02, 1.414312e+02
1.000000e+02, 1.413730e+02
1.000000e+02, 1.413156e+02
1.000000e+02, 1.412591e+02
1.000000e+02, 1.412034e+02
1.000000e+02, 1.411485e+02
1.000000e+02, 1.410944e+02
1.000000e+02, 1.410412e+02
1.000000e+02, 1.409887e+02
1.000000e+02, 1.409371e+02
1.000000e+02, 1.408863e+02
1.000000e+02, 1.408363e+02
1.000000e+02, 1.407871e+02
1.000000e+02, 1.407387e+02
1.000000e+02, 1.406911e+02
1.000000e+02, 1.406442e+02
1.000000e+02, 1.405982e+02
1.000000e+02, 1.405530e+02
1.000000e+02, 1.405085e+02
1.000000e+02, 1.404649e+02
1.000000e+02, 1.404220e+02
1.000000e+02, 1.403799e+02
1.000000e+02, 1.403385e+02
1.000000e+02, 1.402980e+02
1.000000e+02, 1.402582e+02
1.000000e+02, 1.402192e+02
1.000000e+02, 1.401810e+02
1.000000e+02, 1.401435e+02
1.000000e+02, 1.401068e+02
1.000000e+02, 1.400709e+02
1.000000e+02, 1.400357e+02
1.000000e+02, 1.400013e+02
1.000000e+02, 1.399676e+02
1.000000e+02, 1.399347e+02
1.000000e+02, 1.399026e+02
1.000000e+02, 1.398712e+02
1.000000e+02, 1.398405e+02
1.000000e+02, 1.398106e+02
1.000000e+02, 1.397815e+02
1.000000e+02, 1.397531e+02
1.000000e+02, 1.397254e+02
1.000000e+02, 1.396985e+02
1.000000e+02, 1.396724e+02
1.000000e+02, 1.396469e+02
1.000000e+02, 1.396223e+02
1.000000e+02, 1.395983e+02
1.000000e+02, 1.395751e+02
1.000000e+02, 1.395526e+02
1.000000e+02, 1.395309e+02
1.000000e+02, 1.395099e+02
1.000000e+02, 1.394896e+02
1.000000e+02, 1.394701e+02
1.000000e+02, 1.394513e+02
1.000000e+02, 1.394332e+02
1.000000e+02, 1.394159e+02
1.000000e+02, 1.393993e+02
1.000000e+02, 1.393834e+02
1.000000e+02, 1.393682e+02
1.000000e+02, 1.393538e+02
1.000000e+02, 1.393401e+02
1.000000e+02, 1.393271e+02
1.000000e+02, 1.393148e+02
1.000000e+02, 1.393033e+02
1.000000e+02, 1.392925e+02
1.000000e+02, 1.392824e+02
1.000000e+02, 1.392730e+02
1.000000e+02, 1.392644e+02
1.000000e+02, 1.392565e+02
1.000000e+02, 1.392493e+02
1.000000e+02, 1.392428e+02
1.000000e+02, 1.392371e+02
1.000000e+02, 1.392320e+02
1.000000e+02, 1.392277e+02
1.000000e+02, 1.392241e+02
1.000000e+02, 1.392212e+02
1.000000e+02, 1.392191e+02
1.000000e+02, 1.392176e+02
1.000000e+02, 1.392169e+02
1.000000e+02, 1.392169e+02
1.000000e+02, 1.392176e+02
1.000000e+02, 1.392191e+02
1.000000e+02, 1.392212e+02
1.000000e+02, 1.392241e+02
1.000000e+02, 1.392277e+02
1.000000e+02, 1.392320e+02
1.000000e+02, 1.392371e+02
1.000000e+02, 1.392428e+02
1.000000e+02, 1.392493e+02
1.000000e+02, 1.392565e+02
1.000000e+02, 1.392644e+02
1.000000e+02, 1.392730e+02
1.000000e+02, 1.392824e+02
1.000000e+02, 1.392925e+02
1.000000e+02, 1.393033e+02
1.000000e+02, 1.393148e+02
1.000000e+02, 1.393271e+02
1.000000e+02, 1.393401e+02
1.000000e+02, 1.393538e+02
1.000000e+02, 1.393682e+02
1.000000e+02, 1.393834e+02
1.000000e+02, 1.393993e+02
1.000000e+02, 1.394159e+02
1.000000e+02, 1.394332e+02
1.000000e+02, 1.394513e+02
1.000000e+02, 1.394701e+02
1.000000e+02, 1.394896e+02
1.000000e+02, 1.395099e+02
1.000000e+02, 1.395309e+02
1.000000e+02, 1.395526e+02
1.000000e+02, 1.395751e+02
1.000000e+02, 1.395983e+02
1.000000e+02, 1.396223e+02
1.000000e+02, 1.396469e+02
1.000000e+02, 1.396724e+02
1.000000e+02, 1.396985e+02
1.000000e+02, 1.397254e+02
1.000000e+02, 1.397531e+02
1.000000e+02, 1.397815e+02
1.000000e+02, 1.398106e+02
1.000000e+02, 1.398405e+02
1.000000e+02, 1.398712e+02
1.000000e+02, 1.399026e+02
1.000000e+02, 1.399347e+02
1.000000e+02, 1.399676e+02
1.000000e+02, 1.400013e+02
1.000000e+02, 1.400357e+02
1.000000e+02, 1.400709e+02
1.000000e+02, 1.401068e+02
1.000000e+02, 1.401435e+02
1.000000e+02, 1.401810e+02
1.000000e+02, 1.402192e+02
1.000000e+02, 1.402582e+02
1.000000e+02, 1.402980e+02
1.000000e+02, 1.403385e+02
1.000000e+02, 1.403799e+02
1.000000e+02, 1.404220e+02
1.000000e+02, 1.404649e+02
1.000000e+02, 1.405085e+02
1.000000e+02, 1.405530e+02
1.000000e+02, 1.405982e+02
1.000000e+02, 1.406442e+02
1.000000e+02, 1.406911e+02
1.000000e+02, 1.407387e+02
1.000000e+02, 1.407871e+02
1.000000e+02, 1.408363e+02
1.000000e+02, 1.408863e+02
1.000000e+02, 1.409371e+02
1.000000e+02, 1.409887e+02
1.000000e+02, 1.410412e+02
1.000000e+02, 1.410944e+02
1.000000e+02, 1.411485e+02
1.000000e+02, 1.412034e+02
1.000000e+02, 1.412591e+02
1.000000e+02, 1.413156e+02
1.000000e+02, 1.413730e+02
1.000000e+02, 1.414312e+02
1.000000e+02, 1.414902e+02
1.000000e+02, 1.415501e+02
1.000000e+02, 1.416108e+02
1.000000e+02, 1.416724e+02
1.000000e+02, 1.417348e+02
1.000000e+02, 1.417981e+02
1.000000e+02, 1.418622e+02
1.000000e+02, 1.419272e+02
1.000000e+02, 1.419930e+02
1.000000e+02, 1.420598e+02
1.000000e+02, 1.421274e+02
1.000000e+02, 1.421958e+02
1.000000e+02, 1.422652e+02
1.000000e+02, 1.423354e+02
1.000000e+02, 1.424066e+02
1.000000e+02, 1.424786e+02
1.000000e+02, 1.425516e+02
1.000000e+02, 1.426254e+02
1.000000e+02, 1.427001e+02
1.000000e+02, 1.427758e+02
1.000000e+02, 1.428524e+02
1.000000e+02, 1.429299e+02
1.000000e+02, 1.430083e+02
1.000000e+02, 1.430877e+02
1.000000e+02, 1.431680e+02
1.000000e+02, 1.432493e+02
1.000000e+02, 1.433315e+02
1.000000e+02, 1.434147e+02
1.000000e+02, 1.434988e+02
1.000000e+02, 1.435839e+02
1.000000e+02, 1.436700e+02
1.000000e+02, 1.437570e+02
1.000000e+02, 1.438451e+02
1.000000e+02, 1.439341e+02
1.000000e+02, 1.440242e+02
1.000000e+02, 1.441152e+02
1.000000e+02, 1.442073e+02
1.000000e+02, 1.443004e+02
1.000000e+02, 1.443945e+02
1.000000e+02, 1.444897e+02
1.000000e+02, 1.445859e+02
1.000000e+02, 1.446831e+02
1.000000e+02, 1.447814e+02
1.000000e+02, 1.448808e+02
1.000000e+02, 1.449812e+02
1.000000e+02, 1.450828e+02
1.000000e+02, 1.451854e+02
1.000000e+02, 1.452891e+02
1.000000e+02, 1.453939e+02
1.000000e+02, 1.454999e+02
1.000000e+02, 1.456069e+02
1.000000e+02, 1.457152e+02
1.000000e+02, 1.458245e+02
1.000000e+02, 1.459350e+02
1.000000e+02, 1.460467e+02
1.000000e+02, 1.461595e+02
1.000000e+02, 1.462736e+02
1.000000e+02, 1.463888e+02
1.000000e+02, 1.465053e+02
1.000000e+02, 1.466229e+02
1.000000e+02, 1.467418e+02
1.000000e+02, 1.468619e+02
1.000000e+02, 1.469833e+02
1.000000e+02, 1.471060e+02
1.000000e+02, 1.472299e+02
1.000000e+02, 1.473551e+02
1.000000e+02, 1.474817e+02
1.000000e+02, 1.476095e+02
1.000000e+02, 1.477387e+02
1.000000e+02, 1.478692e+02
1.000000e+02, 1.480011e+02
1.000000e+02, 1.481343e+02
1.000000e+02, 1.482690e+02
1.000000e+02, 1.484050e+02
1.000000e+02, 1.485425e+02
1.000000e+02, 1.486814e+02
1.000000e+02, 1.488218e+02
1.000000e+02, 1.489636e+02
1.000000e+02, 1.491070e+02
1.000000e+02, 1.492518e+02
1.000000e+02, 1.493982e+02
1.000000e+02, 1.495461e+02
1.000000e+02, 1.496956e+02
1.000000e+02, 1.498466e+02
1.000000e+02, 1.499993e+02
1.000000e+02, 1.501536e+02
1.000000e+02, 1.503095e+02
1.000000e+02, 1.504672e+02
1.000000e+02, 1.506265e+02
1.000000e+02, 1.507875e+02
1.000000e+02, 1.509503e+02
1.000000e+02, 1.511149e+02
1.000000e+02, 1.512812e+02
1.000000e+02, 1.514494e+02
1.000000e+02, 1.516194e+02
1.000000e+02, 1.517913e+02
1.000000e+02, 1.519652e+02
1.000000e+02, 1.521409e+02
1.000000e+02, 1.523187e+02
1.000000e+02, 1.524984e+02
1.000000e+02, 1.526802e+02
1.000000e+02, 1.528641e+02
1.000000e+02, 1.530501e+02
1.000000e+02, 1.532382e+02
1.000000e+02, 1.534285e+02
1.000000e+02, 1.536211e+02
1.000000e+02, 1.538159e+02
1.000000e+02, 1.540130e+02
1.000000e+02, 1.542125e+02
1.000000e+02, 1.544145e+02
1.000000e+02, 1.546188e+02
1.000000e+02, 1.548257e+02
1.000000e+02, 1.550352e+02
1.000000e+02, 1.552472e+02
1.000000e+02, 1.554619e+02
1.000000e+02, 1.556794e+02
1.000000e+02, 1.558997e+02
1.000000e+02, 1.561228e+02
1.000000e+02, 1.563489e+02
1.000000e+02, 1.565779e+02
1.000000e+02, 1.568100e+02
1.000000e+02, 1.570453e+02
1.000000e+02, 1.572839e+02
1.000000e+02, 1.575257e+02
1.000000e+02, 1.577710e+02
1.000000e+02, 1.580197e+02
1.000000e+02, 1.582721e+02
1.000000e+02, 1.585282e+02
1.000000e+02, 1.587881e+02
1.000000e+02, 1.590520e+02
1.000000e+02, 1.593199e+02
1.000000e+02, 1.595920e+02
1.000000e+02, 1.598685e+02
1.000000e+02, 1.601494e+02
1.000000e+02, 1.604350e+02
1.000000e+02, 1.607254e+02
1.000000e+02, 1.610208e+02
1.000000e+02, 1.613213e+02
1.000000e+02, 1.616273e+02
1.000000e+02, 1.619388e+02
1.000000e+02, 1.622562e+02
1.000000e+02, 1.625797e+02
1.000000e+02, 1.629096e+02
1.000000e+02, 1.632461e+02
1.000000e+02, 1.635897e+02
1.000000e+02, 1.639405e+02
1.000000e+02, 1.642991e+02
1.000000e+02, 1.646659e+02
1.000000e+02, 1.650412e+02
1.000000e+02, 1.654257e+02
1.000000e+02, 1.658199e+02
1.000000e+02, 1.662243e+02
1.000000e+02, 1.666398e+02
1.000000e+02, 1.670671e+02
1.000000e+02, 1.675071e+02
1.000000e+02, 1.679609e+02
1.000000e+02, 1.684295e+02
1.000000e+02, 1.689144e+02
1.000000e+02, 1.694170e+02
1.000000e+02, 1.699394e+02
1.000000e+02, 1.704836e+02
1.000000e+02, 1.710524e+02
1.000000e+02, 1.716490e+02
1.000000e+02, 1.722776e+02
1.000000e+02, 1.729434e+02
1.000000e+02, 1.736533e+02
1.000000e+02, 1.744168e+02
1.000000e+02, 1.752472e+02
1.000000e+02, 1.761651e+02
1.000000e+02, 1.772041e+02
1.000000e+02, 1.784287e+02
1.000000e+02, 1.800000e+02
##END= 