##TITLE= /opt/topspin3.0/exp/stan/nmr/lists/wave/user/HypSec_trunc2.84_110
##JCAMP-DX= 5.00 Bruker JCAMP library
##DATA TYPE= Shape Data
##ORIGIN= Bruker BioSpin GmbH
##OWNER= <nmrsu>
##DATE= 15/02/24
##TIME= 16:15:04
##MINX= 1.164538e+01
##MAXX= 9.999960e+01
##MINY= 2.546774e-02
##MAXY= 3.585574e+02
##$SHAPE_EXMODE= Adiabatic
##$SHAPE_TOTROT= 1.800000e+02
##$SHAPE_BWFAC= 1.929340e+02
##$SHAPE_INTEGFAC= 2.356110e-02
##$SHAPE_MODE= 0
##NPOINTS= 1000
##XYPOINTS= (XY..XY)
1.000000e+02, 1.800000e+02
1.000000e+02, 1.747852e+02
1.000000e+02, 1.702986e+02
1.000000e+02, 1.663013e+02
1.000000e+02, 1.626626e+02
1.000000e+02, 1.593017e+02
1.000000e+02, 1.561642e+02
1.000000e+02, 1.532118e+02
1.000000e+02, 1.504159e+02
1.000000e+02, 1.477548e+02
1.000000e+02, 1.452113e+02
1.000000e+02, 1.427716e+02
1.000000e+02, 1.404245e+02
1.000000e+02, 1.381607e+02
1.000000e+02, 1.359724e+02
1.000000e+02, 1.338528e+02
1.000000e+02, 1.317962e+02
1.000000e+02, 1.297977e+02
1.000000e+02, 1.278529e+02
1.000000e+02, 1.259580e+02
1.000000e+02, 1.241096e+02
1.000000e+02, 1.223048e+02
1.000000e+02, 1.205408e+02
1.000000e+02, 1.188152e+02
1.000000e+02, 1.171258e+02
1.000000e+02, 1.154707e+02
1.000000e+02, 1.138480e+02
1.000000e+02, 1.122561e+02
1.000000e+02, 1.106935e+02
1.000000e+02, 1.091588e+02
1.000000e+02, 1.076507e+02
1.000000e+02, 1.061680e+02
1.000000e+02, 1.047097e+02
1.000000e+02, 1.032747e+02
1.000000e+02, 1.018621e+02
1.000000e+02, 1.004710e+02
1.000000e+02, 9.910056e+01
1.000000e+02, 9.775004e+01
1.000000e+02, 9.641870e+01
1.000000e+02, 9.510588e+01
1.000000e+02, 9.381092e+01
1.000000e+02, 9.253324e+01
1.000000e+02, 9.127226e+01
1.000000e+02, 9.002745e+01
1.000000e+02, 8.879830e+01
1.000000e+02, 8.758434e+01
1.000000e+02, 8.638510e+01
1.000000e+02, 8.520017e+01
1.000000e+02, 8.402912e+01
1.000000e+02, 8.287158e+01
1.000000e+02, 8.172716e+01
1.000000e+02, 8.059552e+01
1.000000e+02, 7.947632e+01
1.000000e+02, 7.836923e+01
1.000000e+02, 7.727395e+01
1.000000e+02, 7.619019e+01
1.000000e+02, 7.511767e+01
1.000000e+02, 7.405610e+01
1.000000e+02, 7.300525e+01
1.000000e+02, 7.196485e+01
1.000000e+02, 7.093467e+01
1.000000e+02, 6.991448e+01
1.000000e+02, 6.890407e+01
1.000000e+02, 6.790321e+01
1.000000e+02, 6.691172e+01
1.000000e+02, 6.592938e+01
1.000000e+02, 6.495602e+01
1.000000e+02, 6.399145e+01
1.000000e+02, 6.303550e+01
1.000000e+02, 6.208799e+01
1.000000e+02, 6.114877e+01
1.000000e+02, 6.021767e+01
1.000000e+02, 5.929455e+01
1.000000e+02, 5.837925e+01
1.000000e+02, 5.747164e+01
1.000000e+02, 5.657157e+01
1.000000e+02, 5.567892e+01
1.000000e+02, 5.479354e+01
1.000000e+02, 5.391533e+01
1.000000e+02, 5.304415e+01
1.000000e+02, 5.217989e+01
1.000000e+02, 5.132243e+01
1.000000e+02, 5.047166e+01
1.000000e+02, 4.962748e+01
1.000000e+02, 4.878977e+01
1.000000e+02, 4.795845e+01
1.000000e+02, 4.713340e+01
1.000000e+02, 4.631454e+01
1.000000e+02, 4.550177e+01
1.000000e+02, 4.469500e+01
1.000000e+02, 4.389413e+01
1.000000e+02, 4.309910e+01
1.000000e+02, 4.230980e+01
1.000000e+02, 4.152616e+01
1.000000e+02, 4.074811e+01
1.000000e+02, 3.997555e+01
1.000000e+02, 3.920842e+01
1.000000e+02, 3.844665e+01
1.000000e+02, 3.769016e+01
1.000000e+02, 3.693888e+01
1.000000e+02, 3.619274e+01
1.000000e+02, 3.545168e+01
1.000000e+02, 3.471563e+01
1.000000e+02, 3.398453e+01
1.000000e+02, 3.325831e+01
1.000000e+02, 3.253692e+01
1.000000e+02, 3.182030e+01
1.000000e+02, 3.110839e+01
1.000000e+02, 3.040112e+01
1.000000e+02, 2.969846e+01
1.000000e+02, 2.900033e+01
1.000000e+02, 2.830670e+01
1.000000e+02, 2.761750e+01
1.000000e+02, 2.693269e+01
1.000000e+02, 2.625222e+01
1.000000e+02, 2.557603e+01
1.000000e+02, 2.490409e+01
1.000000e+02, 2.423634e+01
1.000000e+02, 2.357274e+01
1.000000e+02, 2.291325e+01
1.000000e+02, 2.225782e+01
1.000000e+02, 2.160641e+01
1.000000e+02, 2.095897e+01
1.000000e+02, 2.031547e+01
1.000000e+02, 1.967586e+01
1.000000e+02, 1.904011e+01
1.000000e+02, 1.840818e+01
1.000000e+02, 1.778003e+01
1.000000e+02, 1.715561e+01
1.000000e+02, 1.653490e+01
1.000000e+02, 1.591786e+01
1.000000e+02, 1.530446e+01
1.000000e+02, 1.469465e+01
1.000000e+02, 1.408841e+01
1.000000e+02, 1.348570e+01
1.000000e+02, 1.288649e+01
1.000000e+02, 1.229075e+01
1.000000e+02, 1.169845e+01
1.000000e+02, 1.110954e+01
1.000000e+02, 1.052402e+01
1.000000e+02, 9.941833e+00
1.000000e+02, 9.362965e+00
1.000000e+02, 8.787383e+00
1.000000e+02, 8.215059e+00
1.000000e+02, 7.645964e+00
1.000000e+02, 7.080072e+00
1.000000e+02, 6.517356e+00
1.000000e+02, 5.957788e+00
1.000000e+02, 5.401343e+00
1.000000e+02, 4.847996e+00
1.000000e+02, 4.297720e+00
1.000000e+02, 3.750492e+00
1.000000e+02, 3.206286e+00
1.000000e+02, 2.665079e+00
1.000000e+02, 2.126848e+00
1.000000e+02, 1.591568e+00
1.000000e+02, 1.059217e+00
1.000000e+02, 5.297728e-01
1.000000e+02, 3.212782e-03
1.000000e+02, 3.594795e+02
1.000000e+02, 3.589587e+02
1.000000e+02, 3.584406e+02
1.000000e+02, 3.579254e+02
1.000000e+02, 3.574129e+02
1.000000e+02, 3.569032e+02
1.000000e+02, 3.563963e+02
1.000000e+02, 3.558920e+02
1.000000e+02, 3.553905e+02
1.000000e+02, 3.548916e+02
1.000000e+02, 3.543954e+02
1.000000e+02, 3.539018e+02
1.000000e+02, 3.534109e+02
1.000000e+02, 3.529226e+02
1.000000e+02, 3.524368e+02
1.000000e+02, 3.519537e+02
1.000000e+02, 3.514731e+02
1.000000e+02, 3.509950e+02
1.000000e+02, 3.505194e+02
1.000000e+02, 3.500464e+02
1.000000e+02, 3.495758e+02
1.000000e+02, 3.491077e+02
1.000000e+02, 3.486421e+02
1.000000e+02, 3.481789e+02
1.000000e+02, 3.477181e+02
1.000000e+02, 3.472598e+02
1.000000e+02, 3.468038e+02
1.000000e+02, 3.463502e+02
1.000000e+02, 3.458990e+02
1.000000e+02, 3.454501e+02
1.000000e+02, 3.450036e+02
1.000000e+02, 3.445594e+02
1.000000e+02, 3.441175e+02
1.000000e+02, 3.436779e+02
1.000000e+02, 3.432406e+02
1.000000e+02, 3.428055e+02
1.000000e+02, 3.423728e+02
1.000000e+02, 3.419422e+02
1.000000e+02, 3.415139e+02
1.000000e+02, 3.410878e+02
1.000000e+02, 3.406639e+02
1.000000e+02, 3.402422e+02
1.000000e+02, 3.398227e+02
1.000000e+02, 3.394053e+02
1.000000e+02, 3.389901e+02
1.000000e+02, 3.385771e+02
1.000000e+02, 3.381661e+02
1.000000e+02, 3.377573e+02
1.000000e+02, 3.373506e+02
1.000000e+02, 3.369461e+02
1.000000e+02, 3.365436e+02
1.000000e+02, 3.361431e+02
1.000000e+02, 3.357448e+02
1.000000e+02, 3.353485e+02
1.000000e+02, 3.349542e+02
1.000000e+02, 3.345620e+02
1.000000e+02, 3.341718e+02
1.000000e+02, 3.337837e+02
1.000000e+02, 3.333975e+02
1.000000e+02, 3.330133e+02
1.000000e+02, 3.326311e+02
1.000000e+02, 3.322509e+02
1.000000e+02, 3.318727e+02
1.000000e+02, 3.314964e+02
1.000000e+02, 3.311220e+02
1.000000e+02, 3.307496e+02
1.000000e+02, 3.303791e+02
1.000000e+02, 3.300106e+02
1.000000e+02, 3.296440e+02
1.000000e+02, 3.292792e+02
1.000000e+02, 3.289164e+02
1.000000e+02, 3.285554e+02
1.000000e+02, 3.281963e+02
1.000000e+02, 3.278391e+02
1.000000e+02, 3.274838e+02
1.000000e+02, 3.271302e+02
1.000000e+02, 3.267786e+02
1.000000e+02, 3.264288e+02
1.000000e+02, 3.260808e+02
1.000000e+02, 3.257346e+02
1.000000e+02, 3.253902e+02
1.000000e+02, 3.250477e+02
1.000000e+02, 3.247069e+02
1.000000e+02, 3.243679e+02
1.000000e+02, 3.240307e+02
1.000000e+02, 3.236953e+02
1.000000e+02, 3.233617e+02
1.000000e+02, 3.230298e+02
1.000000e+02, 3.226996e+02
1.000000e+02, 3.223713e+02
1.000000e+02, 3.220446e+02
1.000000e+02, 3.217197e+02
1.000000e+02, 3.213965e+02
1.000000e+02, 3.210750e+02
1.000000e+02, 3.207552e+02
1.000000e+02, 3.204372e+02
1.000000e+02, 3.201208e+02
1.000000e+02, 3.198061e+02
1.000000e+02, 3.194932e+02
1.000000e+02, 3.191818e+02
1.000000e+02, 3.188722e+02
1.000000e+02, 3.185642e+02
1.000000e+02, 3.182579e+02
1.000000e+02, 3.179533e+02
1.000000e+02, 3.176503e+02
1.000000e+02, 3.173489e+02
1.000000e+02, 3.170492e+02
1.000000e+02, 3.167511e+02
1.000000e+02, 3.164546e+02
1.000000e+02, 3.161598e+02
1.000000e+02, 3.158665e+02
1.000000e+02, 3.155749e+02
1.000000e+02, 3.152849e+02
1.000000e+02, 3.149964e+02
1.000000e+02, 3.147096e+02
1.000000e+02, 3.144243e+02
1.000000e+02, 3.141407e+02
1.000000e+02, 3.138586e+02
1.000000e+02, 3.135780e+02
1.000000e+02, 3.132991e+02
1.000000e+02, 3.130216e+02
1.000000e+02, 3.127458e+02
1.000000e+02, 3.124715e+02
1.000000e+02, 3.121987e+02
1.000000e+02, 3.119275e+02
1.000000e+02, 3.116578e+02
1.000000e+02, 3.113897e+02
1.000000e+02, 3.111230e+02
1.000000e+02, 3.108579e+02
1.000000e+02, 3.105943e+02
1.000000e+02, 3.103323e+02
1.000000e+02, 3.100717e+02
1.000000e+02, 3.098126e+02
1.000000e+02, 3.095550e+02
1.000000e+02, 3.092990e+02
1.000000e+02, 3.090444e+02
1.000000e+02, 3.087912e+02
1.000000e+02, 3.085396e+02
1.000000e+02, 3.082895e+02
1.000000e+02, 3.080408e+02
1.000000e+02, 3.077935e+02
1.000000e+02, 3.075478e+02
1.000000e+02, 3.073035e+02
1.000000e+02, 3.070607e+02
1.000000e+02, 3.068193e+02
1.000000e+02, 3.065793e+02
1.000000e+02, 3.063408e+02
1.000000e+02, 3.061037e+02
1.000000e+02, 3.058681e+02
1.000000e+02, 3.056339e+02
1.000000e+02, 3.054011e+02
1.000000e+02, 3.051698e+02
1.000000e+02, 3.049399e+02
1.000000e+02, 3.047113e+02
1.000000e+02, 3.044842e+02
1.000000e+02, 3.042585e+02
1.000000e+02, 3.040343e+02
1.000000e+02, 3.038114e+02
1.000000e+02, 3.035899e+02
1.000000e+02, 3.033698e+02
1.000000e+02, 3.031511e+02
1.000000e+02, 3.029338e+02
1.000000e+02, 3.027178e+02
1.000000e+02, 3.025033e+02
1.000000e+02, 3.022901e+02
1.000000e+02, 3.020783e+02
1.000000e+02, 3.018678e+02
1.000000e+02, 3.016588e+02
1.000000e+02, 3.014511e+02
1.000000e+02, 3.012447e+02
1.000000e+02, 3.010397e+02
1.000000e+02, 3.008361e+02
1.000000e+02, 3.006338e+02
1.000000e+02, 3.004329e+02
1.000000e+02, 3.002333e+02
1.000000e+02, 3.000351e+02
1.000000e+02, 2.998382e+02
1.000000e+02, 2.996426e+02
1.000000e+02, 2.994484e+02
1.000000e+02, 2.992555e+02
1.000000e+02, 2.990639e+02
1.000000e+02, 2.988737e+02
1.000000e+02, 2.986847e+02
1.000000e+02, 2.984971e+02
1.000000e+02, 2.983108e+02
1.000000e+02, 2.981259e+02
1.000000e+02, 2.979422e+02
1.000000e+02, 2.977598e+02
1.000000e+02, 2.975788e+02
1.000000e+02, 2.973990e+02
1.000000e+02, 2.972206e+02
1.000000e+02, 2.970434e+02
1.000000e+02, 2.968676e+02
1.000000e+02, 2.966930e+02
1.000000e+02, 2.965197e+02
1.000000e+02, 2.963478e+02
1.000000e+02, 2.961771e+02
1.000000e+02, 2.960076e+02
1.000000e+02, 2.958395e+02
1.000000e+02, 2.956727e+02
1.000000e+02, 2.955071e+02
1.000000e+02, 2.953428e+02
1.000000e+02, 2.951797e+02
1.000000e+02, 2.950180e+02
1.000000e+02, 2.948575e+02
1.000000e+02, 2.946982e+02
1.000000e+02, 2.945403e+02
1.000000e+02, 2.943836e+02
1.000000e+02, 2.942281e+02
1.000000e+02, 2.940739e+02
1.000000e+02, 2.939210e+02
1.000000e+02, 2.937693e+02
1.000000e+02, 2.936188e+02
1.000000e+02, 2.934696e+02
1.000000e+02, 2.933217e+02
1.000000e+02, 2.931750e+02
1.000000e+02, 2.930295e+02
1.000000e+02, 2.928853e+02
1.000000e+02, 2.927423e+02
1.000000e+02, 2.926006e+02
1.000000e+02, 2.924601e+02
1.000000e+02, 2.923208e+02
1.000000e+02, 2.921827e+02
1.000000e+02, 2.920459e+02
1.000000e+02, 2.919103e+02
1.000000e+02, 2.917759e+02
1.000000e+02, 2.916428e+02
1.000000e+02, 2.915108e+02
1.000000e+02, 2.913801e+02
1.000000e+02, 2.912506e+02
1.000000e+02, 2.911224e+02
1.000000e+02, 2.909953e+02
1.000000e+02, 2.908694e+02
1.000000e+02, 2.907448e+02
1.000000e+02, 2.906214e+02
1.000000e+02, 2.904992e+02
1.000000e+02, 2.903781e+02
1.000000e+02, 2.902583e+02
1.000000e+02, 2.901397e+02
1.000000e+02, 2.900223e+02
1.000000e+02, 2.899061e+02
1.000000e+02, 2.897911e+02
1.000000e+02, 2.896773e+02
1.000000e+02, 2.895647e+02
1.000000e+02, 2.894532e+02
1.000000e+02, 2.893430e+02
1.000000e+02, 2.892340e+02
1.000000e+02, 2.891261e+02
1.000000e+02, 2.890195e+02
1.000000e+02, 2.889140e+02
1.000000e+02, 2.888097e+02
1.000000e+02, 2.887066e+02
1.000000e+02, 2.886047e+02
1.000000e+02, 2.885039e+02
1.000000e+02, 2.884044e+02
1.000000e+02, 2.883060e+02
1.000000e+02, 2.882088e+02
1.000000e+02, 2.881128e+02
1.000000e+02, 2.880179e+02
1.000000e+02, 2.879242e+02
1.000000e+02, 2.878317e+02
1.000000e+02, 2.877404e+02
1.000000e+02, 2.876502e+02
1.000000e+02, 2.875612e+02
1.000000e+02, 2.874734e+02
1.000000e+02, 2.873868e+02
1.000000e+02, 2.873013e+02
1.000000e+02, 2.872170e+02
1.000000e+02, 2.871338e+02
1.000000e+02, 2.870518e+02
1.000000e+02, 2.869710e+02
1.000000e+02, 2.868913e+02
1.000000e+02, 2.868128e+02
1.000000e+02, 2.867354e+02
1.000000e+02, 2.866592e+02
1.000000e+02, 2.865842e+02
1.000000e+02, 2.865103e+02
1.000000e+02, 2.864376e+02
1.000000e+02, 2.863660e+02
1.000000e+02, 2.862956e+02
1.000000e+02, 2.862264e+02
1.000000e+02, 2.861582e+02
1.000000e+02, 2.860913e+02
1.000000e+02, 2.860255e+02
1.000000e+02, 2.859608e+02
1.000000e+02, 2.858973e+02
1.000000e+02, 2.858349e+02
1.000000e+02, 2.857737e+02
1.000000e+02, 2.857137e+02
1.000000e+02, 2.856547e+02
1.000000e+02, 2.855970e+02
1.000000e+02, 2.855403e+02
1.000000e+02, 2.854848e+02
1.000000e+02, 2.854305e+02
1.000000e+02, 2.853773e+02
1.000000e+02, 2.853252e+02
1.000000e+02, 2.852743e+02
1.000000e+02, 2.852245e+02
1.000000e+02, 2.851759e+02
1.000000e+02, 2.851284e+02
1.000000e+02, 2.850820e+02
1.000000e+02, 2.850368e+02
1.000000e+02, 2.849927e+02
1.000000e+02, 2.849497e+02
1.000000e+02, 2.849079e+02
1.000000e+02, 2.848672e+02
1.000000e+02, 2.848277e+02
1.000000e+02, 2.847893e+02
1.000000e+02, 2.847520e+02
1.000000e+02, 2.847159e+02
1.000000e+02, 2.846809e+02
1.000000e+02, 2.846470e+02
1.000000e+02, 2.846143e+02
1.000000e+02, 2.845827e+02
1.000000e+02, 2.845522e+02
1.000000e+02, 2.845228e+02
1.000000e+02, 2.844946e+02
1.000000e+02, 2.844676e+02
1.000000e+02, 2.844416e+02
1.000000e+02, 2.844168e+02
1.000000e+02, 2.843931e+02
1.000000e+02, 2.843705e+02
1.000000e+02, 2.843491e+02
1.000000e+02, 2.843288e+02
1.000000e+02, 2.843096e+02
1.000000e+02, 2.842916e+02
1.000000e+02, 2.842747e+02
1.000000e+02, 2.842589e+02
1.000000e+02, 2.842442e+02
1.000000e+02, 2.842307e+02
1.000000e+02, 2.842183e+02
1.000000e+02, 2.842070e+02
1.000000e+02, 2.841969e+02
1.000000e+02, 2.841879e+02
1.000000e+02, 2.841800e+02
1.000000e+02, 2.841732e+02
1.000000e+02, 2.841676e+02
1.000000e+02, 2.841631e+02
1.000000e+02, 2.841597e+02
1.000000e+02, 2.841574e+02
1.000000e+02, 2.841563e+02
1.000000e+02, 2.841563e+02
1.000000e+02, 2.841574e+02
1.000000e+02, 2.841597e+02
1.000000e+02, 2.841631e+02
1.000000e+02, 2.841676e+02
1.000000e+02, 2.841732e+02
1.000000e+02, 2.841800e+02
1.000000e+02, 2.841879e+02
1.000000e+02, 2.841969e+02
1.000000e+02, 2.842070e+02
1.000000e+02, 2.842183e+02
1.000000e+02, 2.842307e+02
1.000000e+02, 2.842442e+02
1.000000e+02, 2.842589e+02
1.000000e+02, 2.842747e+02
1.000000e+02, 2.842916e+02
1.000000e+02, 2.843096e+02
1.000000e+02, 2.843288e+02
1.000000e+02, 2.843491e+02
1.000000e+02, 2.843705e+02
1.000000e+02, 2.843931e+02
1.000000e+02, 2.844168e+02
1.000000e+02, 2.844416e+02
1.000000e+02, 2.844676e+02
1.000000e+02, 2.844946e+02
1.000000e+02, 2.845228e+02
1.000000e+02, 2.845522e+02
1.000000e+02, 2.845827e+02
1.000000e+02, 2.846143e+02
1.000000e+02, 2.846470e+02
1.000000e+02, 2.846809e+02
1.000000e+02, 2.847159e+02
1.000000e+02, 2.847520e+02
1.000000e+02, 2.847893e+02
1.000000e+02, 2.848277e+02
1.000000e+02, 2.848672e+02
1.000000e+02, 2.849079e+02
1.000000e+02, 2.849497e+02
1.000000e+02, 2.849927e+02
1.000000e+02, 2.850368e+02
1.000000e+02, 2.850820e+02
1.000000e+02, 2.851284e+02
1.000000e+02, 2.851759e+02
1.000000e+02, 2.852245e+02
1.000000e+02, 2.852743e+02
1.000000e+02, 2.853252e+02
1.000000e+02, 2.853773e+02
1.000000e+02, 2.854305e+02
1.000000e+02, 2.854848e+02
1.000000e+02, 2.855403e+02
1.000000e+02, 2.855970e+02
1.000000e+02, 2.856547e+02
1.000000e+02, 2.857137e+02
1.000000e+02, 2.857737e+02
1.000000e+02, 2.858349e+02
1.000000e+02, 2.858973e+02
1.000000e+02, 2.859608e+02
1.000000e+02, 2.860255e+02
1.000000e+02, 2.860913e+02
1.000000e+02, 2.861582e+02
1.000000e+02, 2.862264e+02
1.000000e+02, 2.862956e+02
1.000000e+02, 2.863660e+02
1.000000e+02, 2.864376e+02
1.000000e+02, 2.865103e+02
1.000000e+02, 2.865842e+02
1.000000e+02, 2.866592e+02
1.000000e+02, 2.867354e+02
1.000000e+02, 2.868128e+02
1.000000e+02, 2.868913e+02
1.000000e+02, 2.869710e+02
1.000000e+02, 2.870518e+02
1.000000e+02, 2.871338e+02
1.000000e+02, 2.872170e+02
1.000000e+02, 2.873013e+02
1.000000e+02, 2.873868e+02
1.000000e+02, 2.874734e+02
1.000000e+02, 2.875612e+02
1.000000e+02, 2.876502e+02
1.000000e+02, 2.877404e+02
1.000000e+02, 2.878317e+02
1.000000e+02, 2.879242e+02
1.000000e+02, 2.880179e+02
1.000000e+02, 2.881128e+02
1.000000e+02, 2.882088e+02
1.000000e+02, 2.883060e+02
1.000000e+02, 2.884044e+02
1.000000e+02, 2.885039e+02
1.000000e+02, 2.886047e+02
1.000000e+02, 2.887066e+02
1.000000e+02, 2.888097e+02
1.000000e+02, 2.889140e+02
1.000000e+02, 2.890195e+02
1.000000e+02, 2.891261e+02
1.000000e+02, 2.892340e+02
1.000000e+02, 2.893430e+02
1.000000e+02, 2.894532e+02
1.000000e+02, 2.895647e+02
1.000000e+02, 2.896773e+02
1.000000e+02, 2.897911e+02
1.000000e+02, 2.899061e+02
1.000000e+02, 2.900223e+02
1.000000e+02, 2.901397e+02
1.000000e+02, 2.902583e+02
1.000000e+02, 2.903781e+02
1.000000e+02, 2.904992e+02
1.000000e+02, 2.906214e+02
1.000000e+02, 2.907448e+02
1.000000e+02, 2.908694e+02
1.000000e+02, 2.909953e+02
1.000000e+02, 2.911224e+02
1.000000e+02, 2.912506e+02
1.000000e+02, 2.913801e+02
1.000000e+02, 2.915108e+02
1.000000e+02, 2.916428e+02
1.000000e+02, 2.917759e+02
1.000000e+02, 2.919103e+02
1.000000e+02, 2.920459e+02
1.000000e+02, 2.921827e+02
1.000000e+02, 2.923208e+02
1.000000e+02, 2.924601e+02
1.000000e+02, 2.926006e+02
1.000000e+02, 2.927423e+02
1.000000e+02, 2.928853e+02
1.000000e+02, 2.930295e+02
1.000000e+02, 2.931750e+02
1.000000e+02, 2.933217e+02
1.000000e+02, 2.934696e+02
1.000000e+02, 2.936188e+02
1.000000e+02, 2.937693e+02
1.000000e+02, 2.939210e+02
1.000000e+02, 2.940739e+02
1.000000e+02, 2.942281e+02
1.000000e+02, 2.943836e+02
1.000000e+02, 2.945403e+02
1.000000e+02, 2.946982e+02
1.000000e+02, 2.948575e+02
1.000000e+02, 2.950180e+02
1.000000e+02, 2.951797e+02
1.000000e+02, 2.953428e+02
1.000000e+02, 2.955071e+02
1.000000e+02, 2.956727e+02
1.000000e+02, 2.958395e+02
1.000000e+02, 2.960076e+02
1.000000e+02, 2.961771e+02
1.000000e+02, 2.963478e+02
1.000000e+02, 2.965197e+02
1.000000e+02, 2.966930e+02
1.000000e+02, 2.968676e+02
1.000000e+02, 2.970434e+02
1.000000e+02, 2.972206e+02
1.000000e+02, 2.973990e+02
1.000000e+02, 2.975788e+02
1.000000e+02, 2.977598e+02
1.000000e+02, 2.979422e+02
1.000000e+02, 2.981259e+02
1.000000e+02, 2.983108e+02
1.000000e+02, 2.984971e+02
1.000000e+02, 2.986847e+02
1.000000e+02, 2.988737e+02
1.000000e+02, 2.990639e+02
1.000000e+02, 2.992555e+02
1.000000e+02, 2.994484e+02
1.000000e+02, 2.996426e+02
1.000000e+02, 2.998382e+02
1.000000e+02, 3.000351e+02
1.000000e+02, 3.002333e+02
1.000000e+02, 3.004329e+02
1.000000e+02, 3.006338e+02
1.000000e+02, 3.008361e+02
1.000000e+02, 3.010397e+02
1.000000e+02, 3.012447e+02
1.000000e+02, 3.014511e+02
1.000000e+02, 3.016588e+02
1.000000e+02, 3.018678e+02
1.000000e+02, 3.020783e+02
1.000000e+02, 3.022901e+02
1.000000e+02, 3.025033e+02
1.000000e+02, 3.027178e+02
1.000000e+02, 3.029338e+02
1.000000e+02, 3.031511e+02
1.000000e+02, 3.033698e+02
1.000000e+02, 3.035899e+02
1.000000e+02, 3.038114e+02
1.000000e+02, 3.040343e+02
1.000000e+02, 3.042585e+02
1.000000e+02, 3.044842e+02
1.000000e+02, 3.047113e+02
1.000000e+02, 3.049399e+02
1.000000e+02, 3.051698e+02
1.000000e+02, 3.054011e+02
1.000000e+02, 3.056339e+02
1.000000e+02, 3.058681e+02
1.000000e+02, 3.061037e+02
1.000000e+02, 3.063408e+02
1.000000e+02, 3.065793e+02
1.000000e+02, 3.068193e+02
1.000000e+02, 3.070607e+02
1.000000e+02, 3.073035e+02
1.000000e+02, 3.075478e+02
1.000000e+02, 3.077936e+02
1.000000e+02, 3.080408e+02
1.000000e+02, 3.082895e+02
1.000000e+02, 3.085396e+02
1.000000e+02, 3.087912e+02
1.000000e+02, 3.090444e+02
1.000000e+02, 3.092990e+02
1.000000e+02, 3.095550e+02
1.000000e+02, 3.098126e+02
1.000000e+02, 3.100717e+02
1.000000e+02, 3.103323e+02
1.000000e+02, 3.105943e+02
1.000000e+02, 3.108579e+02
1.000000e+02, 3.111230e+02
1.000000e+02, 3.113897e+02
1.000000e+02, 3.116578e+02
1.000000e+02, 3.119275e+02
1.000000e+02, 3.121987e+02
1.000000e+02, 3.124715e+02
1.000000e+02, 3.127458e+02
1.000000e+02, 3.130216e+02
1.000000e+02, 3.132991e+02
1.000000e+02, 3.135780e+02
1.000000e+02, 3.138586e+02
1.000000e+02, 3.141407e+02
1.000000e+02, 3.144243e+02
1.000000e+02, 3.147096e+02
1.000000e+02, 3.149964e+02
1.000000e+02, 3.152849e+02
1.000000e+02, 3.155749e+02
1.000000e+02, 3.158665e+02
1.000000e+02, 3.161598e+02
1.000000e+02, 3.164546e+02
1.000000e+02, 3.167511e+02
1.000000e+02, 3.170492e+02
1.000000e+02, 3.173489e+02
1.000000e+02, 3.176503e+02
1.000000e+02, 3.179533e+02
1.000000e+02, 3.182579e+02
1.000000e+02, 3.185642e+02
1.000000e+02, 3.188722e+02
1.000000e+02, 3.191818e+02
1.000000e+02, 3.194932e+02
1.000000e+02, 3.198061e+02
1.000000e+02, 3.201208e+02
1.000000e+02, 3.204372e+02
1.000000e+02, 3.207552e+02
1.000000e+02, 3.210750e+02
1.000000e+02, 3.213965e+02
1.000000e+02, 3.217197e+02
1.000000e+02, 3.220446e+02
1.000000e+02, 3.223713e+02
1.000000e+02, 3.226996e+02
1.000000e+02, 3.230298e+02
1.000000e+02, 3.233617e+02
1.000000e+02, 3.236953e+02
1.000000e+02, 3.240307e+02
1.000000e+02, 3.243679e+02
1.000000e+02, 3.247069e+02
1.000000e+02, 3.250477e+02
1.000000e+02, 3.253902e+02
1.000000e+02, 3.257346e+02
1.000000e+02, 3.260808e+02
1.000000e+02, 3.264288e+02
1.000000e+02, 3.267786e+02
1.000000e+02, 3.271303e+02
1.000000e+02, 3.274838e+02
1.000000e+02, 3.278391e+02
1.000000e+02, 3.281963e+02
1.000000e+02, 3.285554e+02
1.000000e+02, 3.289164e+02
1.000000e+02, 3.292792e+02
1.000000e+02, 3.296440e+02
1.000000e+02, 3.300106e+02
1.000000e+02, 3.303792e+02
1.000000e+02, 3.307496e+02
1.000000e+02, 3.311220e+02
1.000000e+02, 3.314964e+02
1.000000e+02, 3.318727e+02
1.000000e+02, 3.322509e+02
1.000000e+02, 3.326311e+02
1.000000e+02, 3.330133e+02
1.000000e+02, 3.333975e+02
1.000000e+02, 3.337837e+02
1.000000e+02, 3.341718e+02
1.000000e+02, 3.345620e+02
1.000000e+02, 3.349542e+02
1.000000e+02, 3.353485e+02
1.000000e+02, 3.357448e+02
1.000000e+02, 3.361431e+02
1.000000e+02, 3.365436e+02
1.000000e+02, 3.369461e+02
1.000000e+02, 3.373506e+02
1.000000e+02, 3.377573e+02
1.000000e+02, 3.381661e+02
1.000000e+02, 3.385771e+02
1.000000e+02, 3.389901e+02
1.000000e+02, 3.394053e+02
1.000000e+02, 3.398227e+02
1.000000e+02, 3.402422e+02
1.000000e+02, 3.406639e+02
1.000000e+02, 3.410878e+02
1.000000e+02, 3.415139e+02
1.000000e+02, 3.419422e+02
1.000000e+02, 3.423728e+02
1.000000e+02, 3.428056e+02
1.000000e+02, 3.432406e+02
1.000000e+02, 3.436779e+02
1.000000e+02, 3.441175e+02
1.000000e+02, 3.445594e+02
1.000000e+02, 3.450036e+02
1.000000e+02, 3.454501e+02
1.000000e+02, 3.458990e+02
1.000000e+02, 3.463502e+02
1.000000e+02, 3.468038e+02
1.000000e+02, 3.472598e+02
1.000000e+02, 3.477181e+02
1.000000e+02, 3.481789e+02
1.000000e+02, 3.486421e+02
1.000000e+02, 3.491077e+02
1.000000e+02, 3.495758e+02
1.000000e+02, 3.500464e+02
1.000000e+02, 3.505194e+02
1.000000e+02, 3.509950e+02
1.000000e+02, 3.514731e+02
1.000000e+02, 3.519537e+02
1.000000e+02, 3.524368e+02
1.000000e+02, 3.529226e+02
1.000000e+02, 3.534109e+02
1.000000e+02, 3.539018e+02
1.000000e+02, 3.543954e+02
1.000000e+02, 3.548916e+02
1.000000e+02, 3.553905e+02
1.000000e+02, 3.558920e+02
1.000000e+02, 3.563963e+02
1.000000e+02, 3.569032e+02
1.000000e+02, 3.574129e+02
1.000000e+02, 3.579254e+02
1.000000e+02, 3.584406e+02
1.000000e+02, 3.589587e+02
1.000000e+02, 3.594795e+02
1.000000e+02, 3.214858e-03
1.000000e+02, 5.297749e-01
1.000000e+02, 1.059219e+00
1.000000e+02, 1.591570e+00
1.000000e+02, 2.126850e+00
1.000000e+02, 2.665081e+00
1.000000e+02, 3.206288e+00
1.000000e+02, 3.750494e+00
1.000000e+02, 4.297722e+00
1.000000e+02, 4.847998e+00
1.000000e+02, 5.401345e+00
1.000000e+02, 5.957790e+00
1.000000e+02, 6.517358e+00
1.000000e+02, 7.080074e+00
1.000000e+02, 7.645967e+00
1.000000e+02, 8.215061e+00
1.000000e+02, 8.787385e+00
1.000000e+02, 9.362967e+00
1.000000e+02, 9.941836e+00
1.000000e+02, 1.052402e+01
1.000000e+02, 1.110955e+01
1.000000e+02, 1.169845e+01
1.000000e+02, 1.229075e+01
1.000000e+02, 1.288650e+01
1.000000e+02, 1.348571e+01
1.000000e+02, 1.408841e+01
1.000000e+02, 1.469466e+01
1.000000e+02, 1.530446e+01
1.000000e+02, 1.591787e+01
1.000000e+02, 1.653491e+01
1.000000e+02, 1.715561e+01
1.000000e+02, 1.778003e+01
1.000000e+02, 1.840818e+01
1.000000e+02, 1.904012e+01
1.000000e+02, 1.967587e+01
1.000000e+02, 2.031547e+01
1.000000e+02, 2.095897e+01
1.000000e+02, 2.160641e+01
1.000000e+02, 2.225782e+01
1.000000e+02, 2.291325e+01
1.000000e+02, 2.357275e+01
1.000000e+02, 2.423634e+01
1.000000e+02, 2.490409e+01
1.000000e+02, 2.557603e+01
1.000000e+02, 2.625222e+01
1.000000e+02, 2.693269e+01
1.000000e+02, 2.761750e+01
1.000000e+02, 2.830670e+01
1.000000e+02, 2.900033e+01
1.000000e+02, 2.969846e+01
1.000000e+02, 3.040113e+01
1.000000e+02, 3.110839e+01
1.000000e+02, 3.182030e+01
1.000000e+02, 3.253693e+01
1.000000e+02, 3.325832e+01
1.000000e+02, 3.398453e+01
1.000000e+02, 3.471563e+01
1.000000e+02, 3.545168e+01
1.000000e+02, 3.619274e+01
1.000000e+02, 3.693888e+01
1.000000e+02, 3.769016e+01
1.000000e+02, 3.844665e+01
1.000000e+02, 3.920843e+01
1.000000e+02, 3.997555e+01
1.000000e+02, 4.074811e+01
1.000000e+02, 4.152617e+01
1.000000e+02, 4.230980e+01
1.000000e+02, 4.309910e+01
1.000000e+02, 4.389414e+01
1.000000e+02, 4.469500e+01
1.000000e+02, 4.550177e+01
1.000000e+02, 4.631454e+01
1.000000e+02, 4.713340e+01
1.000000e+02, 4.795845e+01
1.000000e+02, 4.878978e+01
1.000000e+02, 4.962748e+01
1.000000e+02, 5.047166e+01
1.000000e+02, 5.132243e+01
1.000000e+02, 5.217989e+01
1.000000e+02, 5.304415e+01
1.000000e+02, 5.391533e+01
1.000000e+02, 5.479355e+01
1.000000e+02, 5.567892e+01
1.000000e+02, 5.657158e+01
1.000000e+02, 5.747164e+01
1.000000e+02, 5.837926e+01
1.000000e+02, 5.929455e+01
1.000000e+02, 6.021768e+01
1.000000e+02, 6.114877e+01
1.000000e+02, 6.208799e+01
1.000000e+02, 6.303550e+01
1.000000e+02, 6.399145e+01
1.000000e+02, 6.495602e+01
1.000000e+02, 6.592938e+01
1.000000e+02, 6.691172e+01
1.000000e+02, 6.790321e+01
1.000000e+02, 6.890407e+01
1.000000e+02, 6.991448e+01
1.000000e+02, 7.093467e+01
1.000000e+02, 7.196485e+01
1.000000e+02, 7.300525e+01
1.000000e+02, 7.405611e+01
1.000000e+02, 7.511767e+01
1.000000e+02, 7.619020e+01
1.000000e+02, 7.727396e+01
1.000000e+02, 7.836923e+01
1.000000e+02, 7.947632e+01
1.000000e+02, 8.059552e+01
1.000000e+02, 8.172716e+01
1.000000e+02, 8.287158e+01
1.000000e+02, 8.402912e+01
1.000000e+02, 8.520017e+01
1.000000e+02, 8.638510e+01
1.000000e+02, 8.758434e+01
1.000000e+02, 8.879830e+01
1.000000e+02, 9.002745e+01
1.000000e+02, 9.127226e+01
1.000000e+02, 9.253324e+01
1.000000e+02, 9.381092e+01
1.000000e+02, 9.510588e+01
1.000000e+02, 9.641870e+01
1.000000e+02, 9.775004e+01
1.000000e+02, 9.910056e+01
1.000000e+02, 1.004710e+02
1.000000e+02, 1.018621e+02
1.000000e+02, 1.032747e+02
1.000000e+02, 1.047097e+02
1.000000e+02, 1.061680e+02
1.000000e+02, 1.076507e+02
1.000000e+02, 1.091588e+02
1.000000e+02, 1.106935e+02
1.000000e+02, 1.122561e+02
1.000000e+02, 1.138480e+02
1.000000e+02, 1.154707e+02
1.000000e+02, 1.171258e+02
1.000000e+02, 1.188152e+02
1.000000e+02, 1.205408e+02
1.000000e+02, 1.223048e+02
1.000000e+02, 1.241096e+02
1.000000e+02, 1.259580e+02
1.000000e+02, 1.278529e+02
1.000000e+02, 1.297977e+02
1.000000e+02, 1.317962e+02
1.000000e+02, 1.338528e+02
1.000000e+02, 1.359724e+02
1.000000e+02, 1.381608e+02
1.000000e+02, 1.404245e+02
1.000000e+02, 1.427716e+02
1.000000e+02, 1.452113e+02
1.000000e+02, 1.477548e+02
1.000000e+02, 1.504159e+02
1.000000e+02, 1.532118e+02
1.000000e+02, 1.561642e+02
1.000000e+02, 1.593017e+02
1.000000e+02, 1.626626e+02
1.000000e+02, 1.663014e+02
1.000000e+02, 1.702986e+02
1.000000e+02, 1.747852e+02
1.000000e+02, 1.800000e+02
##END= 