##TITLE= /opt/topspin3.0/exp/stan/nmr/lists/wave/user/HypSec_trunc2.84_110
##JCAMP-DX= 5.00 Bruker JCAMP library
##DATA TYPE= Shape Data
##ORIGIN= Bruker BioSpin GmbH
##OWNER= <nmrsu>
##DATE= 15/02/24
##TIME= 16:15:04
##MINX= 1.164538e+01
##MAXX= 9.999960e+01
##MINY= 2.546774e-02
##MAXY= 3.585574e+02
##$SHAPE_EXMODE= Adiabatic
##$SHAPE_TOTROT= 1.800000e+02
##$SHAPE_BWFAC= 1.929340e+02
##$SHAPE_INTEGFAC= 2.356110e-02
##$SHAPE_MODE= 0
##NPOINTS= 1000
##XYPOINTS= (XY..XY)
1.000000e+02, 1.800000e+02
1.000000e+02, 1.763795e+02
1.000000e+02, 1.732647e+02
1.000000e+02, 1.704895e+02
1.000000e+02, 1.679632e+02
1.000000e+02, 1.656298e+02
1.000000e+02, 1.634516e+02
1.000000e+02, 1.614018e+02
1.000000e+02, 1.594608e+02
1.000000e+02, 1.576132e+02
1.000000e+02, 1.558473e+02
1.000000e+02, 1.541535e+02
1.000000e+02, 1.525240e+02
1.000000e+02, 1.509524e+02
1.000000e+02, 1.494331e+02
1.000000e+02, 1.479615e+02
1.000000e+02, 1.465337e+02
1.000000e+02, 1.451462e+02
1.000000e+02, 1.437960e+02
1.000000e+02, 1.424804e+02
1.000000e+02, 1.411971e+02
1.000000e+02, 1.399441e+02
1.000000e+02, 1.387194e+02
1.000000e+02, 1.375214e+02
1.000000e+02, 1.363485e+02
1.000000e+02, 1.351994e+02
1.000000e+02, 1.340728e+02
1.000000e+02, 1.329676e+02
1.000000e+02, 1.318827e+02
1.000000e+02, 1.308172e+02
1.000000e+02, 1.297702e+02
1.000000e+02, 1.287408e+02
1.000000e+02, 1.277284e+02
1.000000e+02, 1.267321e+02
1.000000e+02, 1.257514e+02
1.000000e+02, 1.247856e+02
1.000000e+02, 1.238341e+02
1.000000e+02, 1.228965e+02
1.000000e+02, 1.219722e+02
1.000000e+02, 1.210608e+02
1.000000e+02, 1.201617e+02
1.000000e+02, 1.192747e+02
1.000000e+02, 1.183992e+02
1.000000e+02, 1.175350e+02
1.000000e+02, 1.166816e+02
1.000000e+02, 1.158388e+02
1.000000e+02, 1.150062e+02
1.000000e+02, 1.141836e+02
1.000000e+02, 1.133705e+02
1.000000e+02, 1.125669e+02
1.000000e+02, 1.117724e+02
1.000000e+02, 1.109867e+02
1.000000e+02, 1.102097e+02
1.000000e+02, 1.094411e+02
1.000000e+02, 1.086806e+02
1.000000e+02, 1.079282e+02
1.000000e+02, 1.071836e+02
1.000000e+02, 1.064466e+02
1.000000e+02, 1.057170e+02
1.000000e+02, 1.049947e+02
1.000000e+02, 1.042795e+02
1.000000e+02, 1.035712e+02
1.000000e+02, 1.028697e+02
1.000000e+02, 1.021748e+02
1.000000e+02, 1.014865e+02
1.000000e+02, 1.008045e+02
1.000000e+02, 1.001287e+02
1.000000e+02, 9.945903e+01
1.000000e+02, 9.879535e+01
1.000000e+02, 9.813752e+01
1.000000e+02, 9.748545e+01
1.000000e+02, 9.683902e+01
1.000000e+02, 9.619813e+01
1.000000e+02, 9.556267e+01
1.000000e+02, 9.493254e+01
1.000000e+02, 9.430765e+01
1.000000e+02, 9.368791e+01
1.000000e+02, 9.307323e+01
1.000000e+02, 9.246351e+01
1.000000e+02, 9.185868e+01
1.000000e+02, 9.125865e+01
1.000000e+02, 9.066334e+01
1.000000e+02, 9.007268e+01
1.000000e+02, 8.948659e+01
1.000000e+02, 8.890500e+01
1.000000e+02, 8.832784e+01
1.000000e+02, 8.775504e+01
1.000000e+02, 8.718653e+01
1.000000e+02, 8.662225e+01
1.000000e+02, 8.606213e+01
1.000000e+02, 8.550612e+01
1.000000e+02, 8.495415e+01
1.000000e+02, 8.440617e+01
1.000000e+02, 8.386211e+01
1.000000e+02, 8.332193e+01
1.000000e+02, 8.278557e+01
1.000000e+02, 8.225298e+01
1.000000e+02, 8.172411e+01
1.000000e+02, 8.119890e+01
1.000000e+02, 8.067731e+01
1.000000e+02, 8.015929e+01
1.000000e+02, 7.964480e+01
1.000000e+02, 7.913378e+01
1.000000e+02, 7.862620e+01
1.000000e+02, 7.812201e+01
1.000000e+02, 7.762118e+01
1.000000e+02, 7.712365e+01
1.000000e+02, 7.662939e+01
1.000000e+02, 7.613836e+01
1.000000e+02, 7.565052e+01
1.000000e+02, 7.516584e+01
1.000000e+02, 7.468427e+01
1.000000e+02, 7.420578e+01
1.000000e+02, 7.373034e+01
1.000000e+02, 7.325791e+01
1.000000e+02, 7.278846e+01
1.000000e+02, 7.232195e+01
1.000000e+02, 7.185835e+01
1.000000e+02, 7.139764e+01
1.000000e+02, 7.093977e+01
1.000000e+02, 7.048473e+01
1.000000e+02, 7.003247e+01
1.000000e+02, 6.958298e+01
1.000000e+02, 6.913622e+01
1.000000e+02, 6.869216e+01
1.000000e+02, 6.825078e+01
1.000000e+02, 6.781205e+01
1.000000e+02, 6.737594e+01
1.000000e+02, 6.694243e+01
1.000000e+02, 6.651149e+01
1.000000e+02, 6.608310e+01
1.000000e+02, 6.565724e+01
1.000000e+02, 6.523387e+01
1.000000e+02, 6.481297e+01
1.000000e+02, 6.439453e+01
1.000000e+02, 6.397852e+01
1.000000e+02, 6.356492e+01
1.000000e+02, 6.315370e+01
1.000000e+02, 6.274484e+01
1.000000e+02, 6.233833e+01
1.000000e+02, 6.193414e+01
1.000000e+02, 6.153225e+01
1.000000e+02, 6.113264e+01
1.000000e+02, 6.073530e+01
1.000000e+02, 6.034019e+01
1.000000e+02, 5.994731e+01
1.000000e+02, 5.955664e+01
1.000000e+02, 5.916815e+01
1.000000e+02, 5.878182e+01
1.000000e+02, 5.839765e+01
1.000000e+02, 5.801561e+01
1.000000e+02, 5.763569e+01
1.000000e+02, 5.725787e+01
1.000000e+02, 5.688213e+01
1.000000e+02, 5.650845e+01
1.000000e+02, 5.613682e+01
1.000000e+02, 5.576723e+01
1.000000e+02, 5.539965e+01
1.000000e+02, 5.503408e+01
1.000000e+02, 5.467049e+01
1.000000e+02, 5.430888e+01
1.000000e+02, 5.394922e+01
1.000000e+02, 5.359151e+01
1.000000e+02, 5.323572e+01
1.000000e+02, 5.288186e+01
1.000000e+02, 5.252989e+01
1.000000e+02, 5.217981e+01
1.000000e+02, 5.183160e+01
1.000000e+02, 5.148526e+01
1.000000e+02, 5.114076e+01
1.000000e+02, 5.079810e+01
1.000000e+02, 5.045725e+01
1.000000e+02, 5.011822e+01
1.000000e+02, 4.978099e+01
1.000000e+02, 4.944554e+01
1.000000e+02, 4.911187e+01
1.000000e+02, 4.877996e+01
1.000000e+02, 4.844980e+01
1.000000e+02, 4.812137e+01
1.000000e+02, 4.779468e+01
1.000000e+02, 4.746970e+01
1.000000e+02, 4.714642e+01
1.000000e+02, 4.682484e+01
1.000000e+02, 4.650495e+01
1.000000e+02, 4.618672e+01
1.000000e+02, 4.587016e+01
1.000000e+02, 4.555525e+01
1.000000e+02, 4.524199e+01
1.000000e+02, 4.493036e+01
1.000000e+02, 4.462035e+01
1.000000e+02, 4.431195e+01
1.000000e+02, 4.400515e+01
1.000000e+02, 4.369995e+01
1.000000e+02, 4.339634e+01
1.000000e+02, 4.309430e+01
1.000000e+02, 4.279382e+01
1.000000e+02, 4.249491e+01
1.000000e+02, 4.219754e+01
1.000000e+02, 4.190171e+01
1.000000e+02, 4.160741e+01
1.000000e+02, 4.131464e+01
1.000000e+02, 4.102337e+01
1.000000e+02, 4.073362e+01
1.000000e+02, 4.044536e+01
1.000000e+02, 4.015859e+01
1.000000e+02, 3.987330e+01
1.000000e+02, 3.958949e+01
1.000000e+02, 3.930714e+01
1.000000e+02, 3.902624e+01
1.000000e+02, 3.874680e+01
1.000000e+02, 3.846880e+01
1.000000e+02, 3.819224e+01
1.000000e+02, 3.791710e+01
1.000000e+02, 3.764339e+01
1.000000e+02, 3.737108e+01
1.000000e+02, 3.710019e+01
1.000000e+02, 3.683069e+01
1.000000e+02, 3.656258e+01
1.000000e+02, 3.629586e+01
1.000000e+02, 3.603052e+01
1.000000e+02, 3.576655e+01
1.000000e+02, 3.550395e+01
1.000000e+02, 3.524270e+01
1.000000e+02, 3.498281e+01
1.000000e+02, 3.472426e+01
1.000000e+02, 3.446705e+01
1.000000e+02, 3.421118e+01
1.000000e+02, 3.395663e+01
1.000000e+02, 3.370340e+01
1.000000e+02, 3.345149e+01
1.000000e+02, 3.320089e+01
1.000000e+02, 3.295159e+01
1.000000e+02, 3.270358e+01
1.000000e+02, 3.245687e+01
1.000000e+02, 3.221145e+01
1.000000e+02, 3.196730e+01
1.000000e+02, 3.172443e+01
1.000000e+02, 3.148283e+01
1.000000e+02, 3.124249e+01
1.000000e+02, 3.100341e+01
1.000000e+02, 3.076558e+01
1.000000e+02, 3.052900e+01
1.000000e+02, 3.029366e+01
1.000000e+02, 3.005956e+01
1.000000e+02, 2.982669e+01
1.000000e+02, 2.959505e+01
1.000000e+02, 2.936463e+01
1.000000e+02, 2.913542e+01
1.000000e+02, 2.890743e+01
1.000000e+02, 2.868065e+01
1.000000e+02, 2.845506e+01
1.000000e+02, 2.823068e+01
1.000000e+02, 2.800749e+01
1.000000e+02, 2.778548e+01
1.000000e+02, 2.756466e+01
1.000000e+02, 2.734502e+01
1.000000e+02, 2.712655e+01
1.000000e+02, 2.690926e+01
1.000000e+02, 2.669313e+01
1.000000e+02, 2.647816e+01
1.000000e+02, 2.626434e+01
1.000000e+02, 2.605169e+01
1.000000e+02, 2.584017e+01
1.000000e+02, 2.562981e+01
1.000000e+02, 2.542058e+01
1.000000e+02, 2.521249e+01
1.000000e+02, 2.500553e+01
1.000000e+02, 2.479970e+01
1.000000e+02, 2.459499e+01
1.000000e+02, 2.439141e+01
1.000000e+02, 2.418894e+01
1.000000e+02, 2.398758e+01
1.000000e+02, 2.378733e+01
1.000000e+02, 2.358818e+01
1.000000e+02, 2.339014e+01
1.000000e+02, 2.319319e+01
1.000000e+02, 2.299734e+01
1.000000e+02, 2.280257e+01
1.000000e+02, 2.260890e+01
1.000000e+02, 2.241630e+01
1.000000e+02, 2.222479e+01
1.000000e+02, 2.203435e+01
1.000000e+02, 2.184498e+01
1.000000e+02, 2.165668e+01
1.000000e+02, 2.146945e+01
1.000000e+02, 2.128328e+01
1.000000e+02, 2.109817e+01
1.000000e+02, 2.091411e+01
1.000000e+02, 2.073111e+01
1.000000e+02, 2.054915e+01
1.000000e+02, 2.036824e+01
1.000000e+02, 2.018837e+01
1.000000e+02, 2.000955e+01
1.000000e+02, 1.983176e+01
1.000000e+02, 1.965500e+01
1.000000e+02, 1.947927e+01
1.000000e+02, 1.930457e+01
1.000000e+02, 1.913089e+01
1.000000e+02, 1.895824e+01
1.000000e+02, 1.878660e+01
1.000000e+02, 1.861598e+01
1.000000e+02, 1.844638e+01
1.000000e+02, 1.827778e+01
1.000000e+02, 1.811019e+01
1.000000e+02, 1.794360e+01
1.000000e+02, 1.777801e+01
1.000000e+02, 1.761343e+01
1.000000e+02, 1.744984e+01
1.000000e+02, 1.728724e+01
1.000000e+02, 1.712563e+01
1.000000e+02, 1.696501e+01
1.000000e+02, 1.680538e+01
1.000000e+02, 1.664673e+01
1.000000e+02, 1.648906e+01
1.000000e+02, 1.633237e+01
1.000000e+02, 1.617665e+01
1.000000e+02, 1.602190e+01
1.000000e+02, 1.586813e+01
1.000000e+02, 1.571532e+01
1.000000e+02, 1.556348e+01
1.000000e+02, 1.541261e+01
1.000000e+02, 1.526269e+01
1.000000e+02, 1.511373e+01
1.000000e+02, 1.496573e+01
1.000000e+02, 1.481868e+01
1.000000e+02, 1.467258e+01
1.000000e+02, 1.452743e+01
1.000000e+02, 1.438323e+01
1.000000e+02, 1.423997e+01
1.000000e+02, 1.409766e+01
1.000000e+02, 1.395629e+01
1.000000e+02, 1.381585e+01
1.000000e+02, 1.367635e+01
1.000000e+02, 1.353779e+01
1.000000e+02, 1.340015e+01
1.000000e+02, 1.326345e+01
1.000000e+02, 1.312768e+01
1.000000e+02, 1.299283e+01
1.000000e+02, 1.285890e+01
1.000000e+02, 1.272590e+01
1.000000e+02, 1.259381e+01
1.000000e+02, 1.246265e+01
1.000000e+02, 1.233240e+01
1.000000e+02, 1.220306e+01
1.000000e+02, 1.207464e+01
1.000000e+02, 1.194712e+01
1.000000e+02, 1.182052e+01
1.000000e+02, 1.169482e+01
1.000000e+02, 1.157002e+01
1.000000e+02, 1.144613e+01
1.000000e+02, 1.132314e+01
1.000000e+02, 1.120105e+01
1.000000e+02, 1.107986e+01
1.000000e+02, 1.095956e+01
1.000000e+02, 1.084016e+01
1.000000e+02, 1.072165e+01
1.000000e+02, 1.060403e+01
1.000000e+02, 1.048730e+01
1.000000e+02, 1.037146e+01
1.000000e+02, 1.025650e+01
1.000000e+02, 1.014243e+01
1.000000e+02, 1.002924e+01
1.000000e+02, 9.916935e+00
1.000000e+02, 9.805507e+00
1.000000e+02, 9.694957e+00
1.000000e+02, 9.585283e+00
1.000000e+02, 9.476484e+00
1.000000e+02, 9.368558e+00
1.000000e+02, 9.261505e+00
1.000000e+02, 9.155322e+00
1.000000e+02, 9.050008e+00
1.000000e+02, 8.945562e+00
1.000000e+02, 8.841982e+00
1.000000e+02, 8.739266e+00
1.000000e+02, 8.637414e+00
1.000000e+02, 8.536424e+00
1.000000e+02, 8.436295e+00
1.000000e+02, 8.337025e+00
1.000000e+02, 8.238613e+00
1.000000e+02, 8.141058e+00
1.000000e+02, 8.044358e+00
1.000000e+02, 7.948512e+00
1.000000e+02, 7.853519e+00
1.000000e+02, 7.759377e+00
1.000000e+02, 7.666085e+00
1.000000e+02, 7.573643e+00
1.000000e+02, 7.482048e+00
1.000000e+02, 7.391300e+00
1.000000e+02, 7.301397e+00
1.000000e+02, 7.212338e+00
1.000000e+02, 7.124122e+00
1.000000e+02, 7.036749e+00
1.000000e+02, 6.950215e+00
1.000000e+02, 6.864522e+00
1.000000e+02, 6.779666e+00
1.000000e+02, 6.695649e+00
1.000000e+02, 6.612467e+00
1.000000e+02, 6.530120e+00
1.000000e+02, 6.448608e+00
1.000000e+02, 6.367929e+00
1.000000e+02, 6.288081e+00
1.000000e+02, 6.209065e+00
1.000000e+02, 6.130878e+00
1.000000e+02, 6.053521e+00
1.000000e+02, 5.976991e+00
1.000000e+02, 5.901288e+00
1.000000e+02, 5.826412e+00
1.000000e+02, 5.752360e+00
1.000000e+02, 5.679132e+00
1.000000e+02, 5.606728e+00
1.000000e+02, 5.535146e+00
1.000000e+02, 5.464385e+00
1.000000e+02, 5.394444e+00
1.000000e+02, 5.325324e+00
1.000000e+02, 5.257021e+00
1.000000e+02, 5.189537e+00
1.000000e+02, 5.122869e+00
1.000000e+02, 5.057018e+00
1.000000e+02, 4.991982e+00
1.000000e+02, 4.927760e+00
1.000000e+02, 4.864352e+00
1.000000e+02, 4.801757e+00
1.000000e+02, 4.739974e+00
1.000000e+02, 4.679002e+00
1.000000e+02, 4.618841e+00
1.000000e+02, 4.559489e+00
1.000000e+02, 4.500947e+00
1.000000e+02, 4.443213e+00
1.000000e+02, 4.386286e+00
1.000000e+02, 4.330167e+00
1.000000e+02, 4.274854e+00
1.000000e+02, 4.220346e+00
1.000000e+02, 4.166643e+00
1.000000e+02, 4.113744e+00
1.000000e+02, 4.061649e+00
1.000000e+02, 4.010356e+00
1.000000e+02, 3.959866e+00
1.000000e+02, 3.910178e+00
1.000000e+02, 3.861290e+00
1.000000e+02, 3.813203e+00
1.000000e+02, 3.765916e+00
1.000000e+02, 3.719428e+00
1.000000e+02, 3.673739e+00
1.000000e+02, 3.628847e+00
1.000000e+02, 3.584754e+00
1.000000e+02, 3.541457e+00
1.000000e+02, 3.498957e+00
1.000000e+02, 3.457253e+00
1.000000e+02, 3.416345e+00
1.000000e+02, 3.376231e+00
1.000000e+02, 3.336912e+00
1.000000e+02, 3.298387e+00
1.000000e+02, 3.260656e+00
1.000000e+02, 3.223717e+00
1.000000e+02, 3.187572e+00
1.000000e+02, 3.152218e+00
1.000000e+02, 3.117656e+00
1.000000e+02, 3.083886e+00
1.000000e+02, 3.050907e+00
1.000000e+02, 3.018718e+00
1.000000e+02, 2.987319e+00
1.000000e+02, 2.956710e+00
1.000000e+02, 2.926891e+00
1.000000e+02, 2.897860e+00
1.000000e+02, 2.869619e+00
1.000000e+02, 2.842166e+00
1.000000e+02, 2.815500e+00
1.000000e+02, 2.789623e+00
1.000000e+02, 2.764533e+00
1.000000e+02, 2.740230e+00
1.000000e+02, 2.716714e+00
1.000000e+02, 2.693984e+00
1.000000e+02, 2.672041e+00
1.000000e+02, 2.650883e+00
1.000000e+02, 2.630512e+00
1.000000e+02, 2.610926e+00
1.000000e+02, 2.592125e+00
1.000000e+02, 2.574109e+00
1.000000e+02, 2.556878e+00
1.000000e+02, 2.540432e+00
1.000000e+02, 2.524770e+00
1.000000e+02, 2.509893e+00
1.000000e+02, 2.495799e+00
1.000000e+02, 2.482489e+00
1.000000e+02, 2.469963e+00
1.000000e+02, 2.458221e+00
1.000000e+02, 2.447262e+00
1.000000e+02, 2.437087e+00
1.000000e+02, 2.427694e+00
1.000000e+02, 2.419085e+00
1.000000e+02, 2.411259e+00
1.000000e+02, 2.404216e+00
1.000000e+02, 2.397955e+00
1.000000e+02, 2.392477e+00
1.000000e+02, 2.387782e+00
1.000000e+02, 2.383870e+00
1.000000e+02, 2.380740e+00
1.000000e+02, 2.378392e+00
1.000000e+02, 2.376827e+00
1.000000e+02, 2.376045e+00
1.000000e+02, 2.376045e+00
1.000000e+02, 2.376827e+00
1.000000e+02, 2.378392e+00
1.000000e+02, 2.380740e+00
1.000000e+02, 2.383870e+00
1.000000e+02, 2.387782e+00
1.000000e+02, 2.392477e+00
1.000000e+02, 2.397955e+00
1.000000e+02, 2.404216e+00
1.000000e+02, 2.411259e+00
1.000000e+02, 2.419085e+00
1.000000e+02, 2.427695e+00
1.000000e+02, 2.437087e+00
1.000000e+02, 2.447262e+00
1.000000e+02, 2.458221e+00
1.000000e+02, 2.469964e+00
1.000000e+02, 2.482489e+00
1.000000e+02, 2.495799e+00
1.000000e+02, 2.509893e+00
1.000000e+02, 2.524770e+00
1.000000e+02, 2.540432e+00
1.000000e+02, 2.556878e+00
1.000000e+02, 2.574109e+00
1.000000e+02, 2.592125e+00
1.000000e+02, 2.610926e+00
1.000000e+02, 2.630512e+00
1.000000e+02, 2.650883e+00
1.000000e+02, 2.672041e+00
1.000000e+02, 2.693984e+00
1.000000e+02, 2.716714e+00
1.000000e+02, 2.740230e+00
1.000000e+02, 2.764533e+00
1.000000e+02, 2.789623e+00
1.000000e+02, 2.815500e+00
1.000000e+02, 2.842166e+00
1.000000e+02, 2.869619e+00
1.000000e+02, 2.897861e+00
1.000000e+02, 2.926891e+00
1.000000e+02, 2.956710e+00
1.000000e+02, 2.987319e+00
1.000000e+02, 3.018718e+00
1.000000e+02, 3.050907e+00
1.000000e+02, 3.083886e+00
1.000000e+02, 3.117657e+00
1.000000e+02, 3.152218e+00
1.000000e+02, 3.187572e+00
1.000000e+02, 3.223717e+00
1.000000e+02, 3.260656e+00
1.000000e+02, 3.298387e+00
1.000000e+02, 3.336912e+00
1.000000e+02, 3.376231e+00
1.000000e+02, 3.416345e+00
1.000000e+02, 3.457253e+00
1.000000e+02, 3.498958e+00
1.000000e+02, 3.541458e+00
1.000000e+02, 3.584754e+00
1.000000e+02, 3.628848e+00
1.000000e+02, 3.673739e+00
1.000000e+02, 3.719428e+00
1.000000e+02, 3.765916e+00
1.000000e+02, 3.813203e+00
1.000000e+02, 3.861290e+00
1.000000e+02, 3.910178e+00
1.000000e+02, 3.959866e+00
1.000000e+02, 4.010356e+00
1.000000e+02, 4.061649e+00
1.000000e+02, 4.113744e+00
1.000000e+02, 4.166643e+00
1.000000e+02, 4.220346e+00
1.000000e+02, 4.274854e+00
1.000000e+02, 4.330167e+00
1.000000e+02, 4.386287e+00
1.000000e+02, 4.443213e+00
1.000000e+02, 4.500947e+00
1.000000e+02, 4.559490e+00
1.000000e+02, 4.618841e+00
1.000000e+02, 4.679002e+00
1.000000e+02, 4.739974e+00
1.000000e+02, 4.801757e+00
1.000000e+02, 4.864352e+00
1.000000e+02, 4.927760e+00
1.000000e+02, 4.991982e+00
1.000000e+02, 5.057018e+00
1.000000e+02, 5.122870e+00
1.000000e+02, 5.189537e+00
1.000000e+02, 5.257022e+00
1.000000e+02, 5.325324e+00
1.000000e+02, 5.394445e+00
1.000000e+02, 5.464385e+00
1.000000e+02, 5.535146e+00
1.000000e+02, 5.606728e+00
1.000000e+02, 5.679133e+00
1.000000e+02, 5.752360e+00
1.000000e+02, 5.826412e+00
1.000000e+02, 5.901289e+00
1.000000e+02, 5.976991e+00
1.000000e+02, 6.053521e+00
1.000000e+02, 6.130879e+00
1.000000e+02, 6.209065e+00
1.000000e+02, 6.288082e+00
1.000000e+02, 6.367929e+00
1.000000e+02, 6.448608e+00
1.000000e+02, 6.530121e+00
1.000000e+02, 6.612467e+00
1.000000e+02, 6.695649e+00
1.000000e+02, 6.779667e+00
1.000000e+02, 6.864522e+00
1.000000e+02, 6.950216e+00
1.000000e+02, 7.036749e+00
1.000000e+02, 7.124123e+00
1.000000e+02, 7.212339e+00
1.000000e+02, 7.301397e+00
1.000000e+02, 7.391300e+00
1.000000e+02, 7.482048e+00
1.000000e+02, 7.573643e+00
1.000000e+02, 7.666086e+00
1.000000e+02, 7.759377e+00
1.000000e+02, 7.853519e+00
1.000000e+02, 7.948512e+00
1.000000e+02, 8.044358e+00
1.000000e+02, 8.141058e+00
1.000000e+02, 8.238614e+00
1.000000e+02, 8.337026e+00
1.000000e+02, 8.436296e+00
1.000000e+02, 8.536425e+00
1.000000e+02, 8.637415e+00
1.000000e+02, 8.739267e+00
1.000000e+02, 8.841982e+00
1.000000e+02, 8.945562e+00
1.000000e+02, 9.050008e+00
1.000000e+02, 9.155322e+00
1.000000e+02, 9.261505e+00
1.000000e+02, 9.368559e+00
1.000000e+02, 9.476484e+00
1.000000e+02, 9.585283e+00
1.000000e+02, 9.694957e+00
1.000000e+02, 9.805508e+00
1.000000e+02, 9.916936e+00
1.000000e+02, 1.002924e+01
1.000000e+02, 1.014243e+01
1.000000e+02, 1.025651e+01
1.000000e+02, 1.037146e+01
1.000000e+02, 1.048730e+01
1.000000e+02, 1.060403e+01
1.000000e+02, 1.072165e+01
1.000000e+02, 1.084016e+01
1.000000e+02, 1.095956e+01
1.000000e+02, 1.107986e+01
1.000000e+02, 1.120105e+01
1.000000e+02, 1.132314e+01
1.000000e+02, 1.144613e+01
1.000000e+02, 1.157002e+01
1.000000e+02, 1.169482e+01
1.000000e+02, 1.182052e+01
1.000000e+02, 1.194712e+01
1.000000e+02, 1.207464e+01
1.000000e+02, 1.220306e+01
1.000000e+02, 1.233240e+01
1.000000e+02, 1.246265e+01
1.000000e+02, 1.259381e+01
1.000000e+02, 1.272590e+01
1.000000e+02, 1.285890e+01
1.000000e+02, 1.299283e+01
1.000000e+02, 1.312768e+01
1.000000e+02, 1.326345e+01
1.000000e+02, 1.340015e+01
1.000000e+02, 1.353779e+01
1.000000e+02, 1.367635e+01
1.000000e+02, 1.381585e+01
1.000000e+02, 1.395629e+01
1.000000e+02, 1.409766e+01
1.000000e+02, 1.423997e+01
1.000000e+02, 1.438323e+01
1.000000e+02, 1.452743e+01
1.000000e+02, 1.467258e+01
1.000000e+02, 1.481868e+01
1.000000e+02, 1.496573e+01
1.000000e+02, 1.511373e+01
1.000000e+02, 1.526269e+01
1.000000e+02, 1.541261e+01
1.000000e+02, 1.556348e+01
1.000000e+02, 1.571532e+01
1.000000e+02, 1.586813e+01
1.000000e+02, 1.602191e+01
1.000000e+02, 1.617665e+01
1.000000e+02, 1.633237e+01
1.000000e+02, 1.648906e+01
1.000000e+02, 1.664673e+01
1.000000e+02, 1.680538e+01
1.000000e+02, 1.696501e+01
1.000000e+02, 1.712563e+01
1.000000e+02, 1.728724e+01
1.000000e+02, 1.744984e+01
1.000000e+02, 1.761343e+01
1.000000e+02, 1.777801e+01
1.000000e+02, 1.794360e+01
1.000000e+02, 1.811019e+01
1.000000e+02, 1.827778e+01
1.000000e+02, 1.844638e+01
1.000000e+02, 1.861598e+01
1.000000e+02, 1.878660e+01
1.000000e+02, 1.895824e+01
1.000000e+02, 1.913090e+01
1.000000e+02, 1.930457e+01
1.000000e+02, 1.947927e+01
1.000000e+02, 1.965500e+01
1.000000e+02, 1.983176e+01
1.000000e+02, 2.000955e+01
1.000000e+02, 2.018837e+01
1.000000e+02, 2.036824e+01
1.000000e+02, 2.054915e+01
1.000000e+02, 2.073111e+01
1.000000e+02, 2.091411e+01
1.000000e+02, 2.109817e+01
1.000000e+02, 2.128328e+01
1.000000e+02, 2.146945e+01
1.000000e+02, 2.165668e+01
1.000000e+02, 2.184498e+01
1.000000e+02, 2.203435e+01
1.000000e+02, 2.222479e+01
1.000000e+02, 2.241630e+01
1.000000e+02, 2.260890e+01
1.000000e+02, 2.280258e+01
1.000000e+02, 2.299734e+01
1.000000e+02, 2.319319e+01
1.000000e+02, 2.339014e+01
1.000000e+02, 2.358818e+01
1.000000e+02, 2.378733e+01
1.000000e+02, 2.398758e+01
1.000000e+02, 2.418894e+01
1.000000e+02, 2.439141e+01
1.000000e+02, 2.459499e+01
1.000000e+02, 2.479970e+01
1.000000e+02, 2.500553e+01
1.000000e+02, 2.521249e+01
1.000000e+02, 2.542058e+01
1.000000e+02, 2.562981e+01
1.000000e+02, 2.584017e+01
1.000000e+02, 2.605169e+01
1.000000e+02, 2.626435e+01
1.000000e+02, 2.647816e+01
1.000000e+02, 2.669313e+01
1.000000e+02, 2.690926e+01
1.000000e+02, 2.712656e+01
1.000000e+02, 2.734502e+01
1.000000e+02, 2.756466e+01
1.000000e+02, 2.778548e+01
1.000000e+02, 2.800749e+01
1.000000e+02, 2.823068e+01
1.000000e+02, 2.845506e+01
1.000000e+02, 2.868065e+01
1.000000e+02, 2.890743e+01
1.000000e+02, 2.913542e+01
1.000000e+02, 2.936463e+01
1.000000e+02, 2.959505e+01
1.000000e+02, 2.982669e+01
1.000000e+02, 3.005956e+01
1.000000e+02, 3.029366e+01
1.000000e+02, 3.052900e+01
1.000000e+02, 3.076558e+01
1.000000e+02, 3.100341e+01
1.000000e+02, 3.124249e+01
1.000000e+02, 3.148283e+01
1.000000e+02, 3.172443e+01
1.000000e+02, 3.196730e+01
1.000000e+02, 3.221145e+01
1.000000e+02, 3.245687e+01
1.000000e+02, 3.270359e+01
1.000000e+02, 3.295159e+01
1.000000e+02, 3.320089e+01
1.000000e+02, 3.345149e+01
1.000000e+02, 3.370340e+01
1.000000e+02, 3.395663e+01
1.000000e+02, 3.421118e+01
1.000000e+02, 3.446705e+01
1.000000e+02, 3.472426e+01
1.000000e+02, 3.498281e+01
1.000000e+02, 3.524270e+01
1.000000e+02, 3.550395e+01
1.000000e+02, 3.576655e+01
1.000000e+02, 3.603052e+01
1.000000e+02, 3.629586e+01
1.000000e+02, 3.656258e+01
1.000000e+02, 3.683069e+01
1.000000e+02, 3.710019e+01
1.000000e+02, 3.737108e+01
1.000000e+02, 3.764339e+01
1.000000e+02, 3.791710e+01
1.000000e+02, 3.819224e+01
1.000000e+02, 3.846880e+01
1.000000e+02, 3.874680e+01
1.000000e+02, 3.902625e+01
1.000000e+02, 3.930714e+01
1.000000e+02, 3.958949e+01
1.000000e+02, 3.987330e+01
1.000000e+02, 4.015859e+01
1.000000e+02, 4.044536e+01
1.000000e+02, 4.073362e+01
1.000000e+02, 4.102338e+01
1.000000e+02, 4.131464e+01
1.000000e+02, 4.160741e+01
1.000000e+02, 4.190171e+01
1.000000e+02, 4.219754e+01
1.000000e+02, 4.249491e+01
1.000000e+02, 4.279383e+01
1.000000e+02, 4.309430e+01
1.000000e+02, 4.339634e+01
1.000000e+02, 4.369996e+01
1.000000e+02, 4.400516e+01
1.000000e+02, 4.431195e+01
1.000000e+02, 4.462035e+01
1.000000e+02, 4.493036e+01
1.000000e+02, 4.524199e+01
1.000000e+02, 4.555526e+01
1.000000e+02, 4.587016e+01
1.000000e+02, 4.618672e+01
1.000000e+02, 4.650495e+01
1.000000e+02, 4.682484e+01
1.000000e+02, 4.714642e+01
1.000000e+02, 4.746970e+01
1.000000e+02, 4.779468e+01
1.000000e+02, 4.812137e+01
1.000000e+02, 4.844980e+01
1.000000e+02, 4.877996e+01
1.000000e+02, 4.911187e+01
1.000000e+02, 4.944555e+01
1.000000e+02, 4.978099e+01
1.000000e+02, 5.011823e+01
1.000000e+02, 5.045726e+01
1.000000e+02, 5.079810e+01
1.000000e+02, 5.114076e+01
1.000000e+02, 5.148526e+01
1.000000e+02, 5.183160e+01
1.000000e+02, 5.217981e+01
1.000000e+02, 5.252989e+01
1.000000e+02, 5.288186e+01
1.000000e+02, 5.323573e+01
1.000000e+02, 5.359151e+01
1.000000e+02, 5.394922e+01
1.000000e+02, 5.430888e+01
1.000000e+02, 5.467049e+01
1.000000e+02, 5.503408e+01
1.000000e+02, 5.539965e+01
1.000000e+02, 5.576723e+01
1.000000e+02, 5.613682e+01
1.000000e+02, 5.650845e+01
1.000000e+02, 5.688213e+01
1.000000e+02, 5.725787e+01
1.000000e+02, 5.763569e+01
1.000000e+02, 5.801562e+01
1.000000e+02, 5.839765e+01
1.000000e+02, 5.878183e+01
1.000000e+02, 5.916815e+01
1.000000e+02, 5.955664e+01
1.000000e+02, 5.994731e+01
1.000000e+02, 6.034019e+01
1.000000e+02, 6.073530e+01
1.000000e+02, 6.113264e+01
1.000000e+02, 6.153225e+01
1.000000e+02, 6.193414e+01
1.000000e+02, 6.233833e+01
1.000000e+02, 6.274484e+01
1.000000e+02, 6.315370e+01
1.000000e+02, 6.356492e+01
1.000000e+02, 6.397852e+01
1.000000e+02, 6.439453e+01
1.000000e+02, 6.481298e+01
1.000000e+02, 6.523387e+01
1.000000e+02, 6.565724e+01
1.000000e+02, 6.608311e+01
1.000000e+02, 6.651150e+01
1.000000e+02, 6.694243e+01
1.000000e+02, 6.737594e+01
1.000000e+02, 6.781205e+01
1.000000e+02, 6.825078e+01
1.000000e+02, 6.869216e+01
1.000000e+02, 6.913622e+01
1.000000e+02, 6.958298e+01
1.000000e+02, 7.003248e+01
1.000000e+02, 7.048473e+01
1.000000e+02, 7.093978e+01
1.000000e+02, 7.139764e+01
1.000000e+02, 7.185835e+01
1.000000e+02, 7.232195e+01
1.000000e+02, 7.278846e+01
1.000000e+02, 7.325791e+01
1.000000e+02, 7.373034e+01
1.000000e+02, 7.420578e+01
1.000000e+02, 7.468427e+01
1.000000e+02, 7.516584e+01
1.000000e+02, 7.565052e+01
1.000000e+02, 7.613836e+01
1.000000e+02, 7.662939e+01
1.000000e+02, 7.712365e+01
1.000000e+02, 7.762118e+01
1.000000e+02, 7.812202e+01
1.000000e+02, 7.862620e+01
1.000000e+02, 7.913378e+01
1.000000e+02, 7.964480e+01
1.000000e+02, 8.015929e+01
1.000000e+02, 8.067731e+01
1.000000e+02, 8.119890e+01
1.000000e+02, 8.172411e+01
1.000000e+02, 8.225298e+01
1.000000e+02, 8.278558e+01
1.000000e+02, 8.332194e+01
1.000000e+02, 8.386212e+01
1.000000e+02, 8.440617e+01
1.000000e+02, 8.495415e+01
1.000000e+02, 8.550612e+01
1.000000e+02, 8.606213e+01
1.000000e+02, 8.662225e+01
1.000000e+02, 8.718653e+01
1.000000e+02, 8.775504e+01
1.000000e+02, 8.832784e+01
1.000000e+02, 8.890500e+01
1.000000e+02, 8.948659e+01
1.000000e+02, 9.007268e+01
1.000000e+02, 9.066334e+01
1.000000e+02, 9.125865e+01
1.000000e+02, 9.185868e+01
1.000000e+02, 9.246351e+01
1.000000e+02, 9.307323e+01
1.000000e+02, 9.368791e+01
1.000000e+02, 9.430765e+01
1.000000e+02, 9.493254e+01
1.000000e+02, 9.556267e+01
1.000000e+02, 9.619813e+01
1.000000e+02, 9.683902e+01
1.000000e+02, 9.748545e+01
1.000000e+02, 9.813752e+01
1.000000e+02, 9.879535e+01
1.000000e+02, 9.945903e+01
1.000000e+02, 1.001287e+02
1.000000e+02, 1.008045e+02
1.000000e+02, 1.014865e+02
1.000000e+02, 1.021748e+02
1.000000e+02, 1.028697e+02
1.000000e+02, 1.035712e+02
1.000000e+02, 1.042795e+02
1.000000e+02, 1.049947e+02
1.000000e+02, 1.057170e+02
1.000000e+02, 1.064466e+02
1.000000e+02, 1.071836e+02
1.000000e+02, 1.079282e+02
1.000000e+02, 1.086806e+02
1.000000e+02, 1.094411e+02
1.000000e+02, 1.102097e+02
1.000000e+02, 1.109867e+02
1.000000e+02, 1.117724e+02
1.000000e+02, 1.125669e+02
1.000000e+02, 1.133705e+02
1.000000e+02, 1.141836e+02
1.000000e+02, 1.150062e+02
1.000000e+02, 1.158388e+02
1.000000e+02, 1.166816e+02
1.000000e+02, 1.175350e+02
1.000000e+02, 1.183992e+02
1.000000e+02, 1.192747e+02
1.000000e+02, 1.201617e+02
1.000000e+02, 1.210608e+02
1.000000e+02, 1.219722e+02
1.000000e+02, 1.228965e+02
1.000000e+02, 1.238341e+02
1.000000e+02, 1.247856e+02
1.000000e+02, 1.257514e+02
1.000000e+02, 1.267321e+02
1.000000e+02, 1.277284e+02
1.000000e+02, 1.287409e+02
1.000000e+02, 1.297702e+02
1.000000e+02, 1.308172e+02
1.000000e+02, 1.318827e+02
1.000000e+02, 1.329676e+02
1.000000e+02, 1.340728e+02
1.000000e+02, 1.351994e+02
1.000000e+02, 1.363485e+02
1.000000e+02, 1.375214e+02
1.000000e+02, 1.387194e+02
1.000000e+02, 1.399441e+02
1.000000e+02, 1.411971e+02
1.000000e+02, 1.424804e+02
1.000000e+02, 1.437960e+02
1.000000e+02, 1.451462e+02
1.000000e+02, 1.465337e+02
1.000000e+02, 1.479615e+02
1.000000e+02, 1.494331e+02
1.000000e+02, 1.509524e+02
1.000000e+02, 1.525240e+02
1.000000e+02, 1.541535e+02
1.000000e+02, 1.558473e+02
1.000000e+02, 1.576132e+02
1.000000e+02, 1.594608e+02
1.000000e+02, 1.614018e+02
1.000000e+02, 1.634516e+02
1.000000e+02, 1.656298e+02
1.000000e+02, 1.679632e+02
1.000000e+02, 1.704895e+02
1.000000e+02, 1.732647e+02
1.000000e+02, 1.763795e+02
1.000000e+02, 1.800000e+02
##END= 