##TITLE= /opt/topspin3.0/exp/stan/nmr/lists/wave/user/HypSec_trunc2.84_110
##JCAMP-DX= 5.00 Bruker JCAMP library
##DATA TYPE= Shape Data
##ORIGIN= Bruker BioSpin GmbH
##OWNER= <nmrsu>
##DATE= 15/02/24
##TIME= 16:15:04
##MINX= 1.164538e+01
##MAXX= 9.999960e+01
##MINY= 2.546774e-02
##MAXY= 3.585574e+02
##$SHAPE_EXMODE= Adiabatic
##$SHAPE_TOTROT= 1.800000e+02
##$SHAPE_BWFAC= 1.929340e+02
##$SHAPE_INTEGFAC= 2.356110e-02
##$SHAPE_MODE= 0
##NPOINTS= 1000
##XYPOINTS= (XY..XY)
1.000000e+02, 1.800000e+02
1.000000e+02, 1.781399e+02
1.000000e+02, 1.765396e+02
1.000000e+02, 1.751139e+02
1.000000e+02, 1.738160e+02
1.000000e+02, 1.726172e+02
1.000000e+02, 1.714981e+02
1.000000e+02, 1.704450e+02
1.000000e+02, 1.694477e+02
1.000000e+02, 1.684985e+02
1.000000e+02, 1.675913e+02
1.000000e+02, 1.667211e+02
1.000000e+02, 1.658839e+02
1.000000e+02, 1.650764e+02
1.000000e+02, 1.642959e+02
1.000000e+02, 1.635398e+02
1.000000e+02, 1.628063e+02
1.000000e+02, 1.620934e+02
1.000000e+02, 1.613998e+02
1.000000e+02, 1.607239e+02
1.000000e+02, 1.600646e+02
1.000000e+02, 1.594208e+02
1.000000e+02, 1.587916e+02
1.000000e+02, 1.581761e+02
1.000000e+02, 1.575735e+02
1.000000e+02, 1.569832e+02
1.000000e+02, 1.564044e+02
1.000000e+02, 1.558366e+02
1.000000e+02, 1.552792e+02
1.000000e+02, 1.547318e+02
1.000000e+02, 1.541939e+02
1.000000e+02, 1.536650e+02
1.000000e+02, 1.531449e+02
1.000000e+02, 1.526330e+02
1.000000e+02, 1.521292e+02
1.000000e+02, 1.516330e+02
1.000000e+02, 1.511441e+02
1.000000e+02, 1.506624e+02
1.000000e+02, 1.501876e+02
1.000000e+02, 1.497193e+02
1.000000e+02, 1.492574e+02
1.000000e+02, 1.488017e+02
1.000000e+02, 1.483519e+02
1.000000e+02, 1.479079e+02
1.000000e+02, 1.474695e+02
1.000000e+02, 1.470365e+02
1.000000e+02, 1.466087e+02
1.000000e+02, 1.461860e+02
1.000000e+02, 1.457683e+02
1.000000e+02, 1.453555e+02
1.000000e+02, 1.449473e+02
1.000000e+02, 1.445436e+02
1.000000e+02, 1.441444e+02
1.000000e+02, 1.437495e+02
1.000000e+02, 1.433589e+02
1.000000e+02, 1.429723e+02
1.000000e+02, 1.425897e+02
1.000000e+02, 1.422111e+02
1.000000e+02, 1.418363e+02
1.000000e+02, 1.414652e+02
1.000000e+02, 1.410977e+02
1.000000e+02, 1.407338e+02
1.000000e+02, 1.403734e+02
1.000000e+02, 1.400164e+02
1.000000e+02, 1.396628e+02
1.000000e+02, 1.393124e+02
1.000000e+02, 1.389652e+02
1.000000e+02, 1.386212e+02
1.000000e+02, 1.382802e+02
1.000000e+02, 1.379422e+02
1.000000e+02, 1.376072e+02
1.000000e+02, 1.372751e+02
1.000000e+02, 1.369458e+02
1.000000e+02, 1.366194e+02
1.000000e+02, 1.362956e+02
1.000000e+02, 1.359746e+02
1.000000e+02, 1.356562e+02
1.000000e+02, 1.353404e+02
1.000000e+02, 1.350271e+02
1.000000e+02, 1.347164e+02
1.000000e+02, 1.344081e+02
1.000000e+02, 1.341023e+02
1.000000e+02, 1.337988e+02
1.000000e+02, 1.334977e+02
1.000000e+02, 1.331989e+02
1.000000e+02, 1.329024e+02
1.000000e+02, 1.326081e+02
1.000000e+02, 1.323160e+02
1.000000e+02, 1.320261e+02
1.000000e+02, 1.317383e+02
1.000000e+02, 1.314527e+02
1.000000e+02, 1.311691e+02
1.000000e+02, 1.308876e+02
1.000000e+02, 1.306081e+02
1.000000e+02, 1.303305e+02
1.000000e+02, 1.300550e+02
1.000000e+02, 1.297813e+02
1.000000e+02, 1.295096e+02
1.000000e+02, 1.292398e+02
1.000000e+02, 1.289718e+02
1.000000e+02, 1.287057e+02
1.000000e+02, 1.284414e+02
1.000000e+02, 1.281788e+02
1.000000e+02, 1.279180e+02
1.000000e+02, 1.276590e+02
1.000000e+02, 1.274017e+02
1.000000e+02, 1.271461e+02
1.000000e+02, 1.268922e+02
1.000000e+02, 1.266399e+02
1.000000e+02, 1.263893e+02
1.000000e+02, 1.261402e+02
1.000000e+02, 1.258928e+02
1.000000e+02, 1.256470e+02
1.000000e+02, 1.254027e+02
1.000000e+02, 1.251600e+02
1.000000e+02, 1.249188e+02
1.000000e+02, 1.246792e+02
1.000000e+02, 1.244410e+02
1.000000e+02, 1.242043e+02
1.000000e+02, 1.239691e+02
1.000000e+02, 1.237353e+02
1.000000e+02, 1.235029e+02
1.000000e+02, 1.232720e+02
1.000000e+02, 1.230425e+02
1.000000e+02, 1.228143e+02
1.000000e+02, 1.225876e+02
1.000000e+02, 1.223622e+02
1.000000e+02, 1.221381e+02
1.000000e+02, 1.219154e+02
1.000000e+02, 1.216940e+02
1.000000e+02, 1.214739e+02
1.000000e+02, 1.212551e+02
1.000000e+02, 1.210376e+02
1.000000e+02, 1.208213e+02
1.000000e+02, 1.206064e+02
1.000000e+02, 1.203926e+02
1.000000e+02, 1.201801e+02
1.000000e+02, 1.199689e+02
1.000000e+02, 1.197588e+02
1.000000e+02, 1.195500e+02
1.000000e+02, 1.193423e+02
1.000000e+02, 1.191358e+02
1.000000e+02, 1.189305e+02
1.000000e+02, 1.187264e+02
1.000000e+02, 1.185234e+02
1.000000e+02, 1.183216e+02
1.000000e+02, 1.181208e+02
1.000000e+02, 1.179212e+02
1.000000e+02, 1.177228e+02
1.000000e+02, 1.175254e+02
1.000000e+02, 1.173291e+02
1.000000e+02, 1.171339e+02
1.000000e+02, 1.169398e+02
1.000000e+02, 1.167468e+02
1.000000e+02, 1.165548e+02
1.000000e+02, 1.163639e+02
1.000000e+02, 1.161740e+02
1.000000e+02, 1.159851e+02
1.000000e+02, 1.157973e+02
1.000000e+02, 1.156105e+02
1.000000e+02, 1.154247e+02
1.000000e+02, 1.152400e+02
1.000000e+02, 1.150562e+02
1.000000e+02, 1.148734e+02
1.000000e+02, 1.146916e+02
1.000000e+02, 1.145108e+02
1.000000e+02, 1.143309e+02
1.000000e+02, 1.141520e+02
1.000000e+02, 1.139741e+02
1.000000e+02, 1.137971e+02
1.000000e+02, 1.136210e+02
1.000000e+02, 1.134459e+02
1.000000e+02, 1.132717e+02
1.000000e+02, 1.130985e+02
1.000000e+02, 1.129262e+02
1.000000e+02, 1.127547e+02
1.000000e+02, 1.125842e+02
1.000000e+02, 1.124146e+02
1.000000e+02, 1.122458e+02
1.000000e+02, 1.120780e+02
1.000000e+02, 1.119110e+02
1.000000e+02, 1.117450e+02
1.000000e+02, 1.115797e+02
1.000000e+02, 1.114154e+02
1.000000e+02, 1.112519e+02
1.000000e+02, 1.110893e+02
1.000000e+02, 1.109275e+02
1.000000e+02, 1.107665e+02
1.000000e+02, 1.106064e+02
1.000000e+02, 1.104472e+02
1.000000e+02, 1.102887e+02
1.000000e+02, 1.101311e+02
1.000000e+02, 1.099743e+02
1.000000e+02, 1.098183e+02
1.000000e+02, 1.096631e+02
1.000000e+02, 1.095088e+02
1.000000e+02, 1.093552e+02
1.000000e+02, 1.092024e+02
1.000000e+02, 1.090504e+02
1.000000e+02, 1.088992e+02
1.000000e+02, 1.087488e+02
1.000000e+02, 1.085992e+02
1.000000e+02, 1.084503e+02
1.000000e+02, 1.083022e+02
1.000000e+02, 1.081549e+02
1.000000e+02, 1.080083e+02
1.000000e+02, 1.078625e+02
1.000000e+02, 1.077174e+02
1.000000e+02, 1.075731e+02
1.000000e+02, 1.074295e+02
1.000000e+02, 1.072867e+02
1.000000e+02, 1.071446e+02
1.000000e+02, 1.070033e+02
1.000000e+02, 1.068627e+02
1.000000e+02, 1.067228e+02
1.000000e+02, 1.065836e+02
1.000000e+02, 1.064451e+02
1.000000e+02, 1.063074e+02
1.000000e+02, 1.061704e+02
1.000000e+02, 1.060340e+02
1.000000e+02, 1.058984e+02
1.000000e+02, 1.057635e+02
1.000000e+02, 1.056293e+02
1.000000e+02, 1.054958e+02
1.000000e+02, 1.053629e+02
1.000000e+02, 1.052308e+02
1.000000e+02, 1.050993e+02
1.000000e+02, 1.049685e+02
1.000000e+02, 1.048384e+02
1.000000e+02, 1.047090e+02
1.000000e+02, 1.045803e+02
1.000000e+02, 1.044522e+02
1.000000e+02, 1.043248e+02
1.000000e+02, 1.041980e+02
1.000000e+02, 1.040719e+02
1.000000e+02, 1.039465e+02
1.000000e+02, 1.038217e+02
1.000000e+02, 1.036976e+02
1.000000e+02, 1.035741e+02
1.000000e+02, 1.034513e+02
1.000000e+02, 1.033291e+02
1.000000e+02, 1.032076e+02
1.000000e+02, 1.030867e+02
1.000000e+02, 1.029664e+02
1.000000e+02, 1.028467e+02
1.000000e+02, 1.027277e+02
1.000000e+02, 1.026093e+02
1.000000e+02, 1.024916e+02
1.000000e+02, 1.023745e+02
1.000000e+02, 1.022579e+02
1.000000e+02, 1.021421e+02
1.000000e+02, 1.020268e+02
1.000000e+02, 1.019121e+02
1.000000e+02, 1.017980e+02
1.000000e+02, 1.016846e+02
1.000000e+02, 1.015718e+02
1.000000e+02, 1.014595e+02
1.000000e+02, 1.013479e+02
1.000000e+02, 1.012368e+02
1.000000e+02, 1.011264e+02
1.000000e+02, 1.010165e+02
1.000000e+02, 1.009073e+02
1.000000e+02, 1.007986e+02
1.000000e+02, 1.006905e+02
1.000000e+02, 1.005831e+02
1.000000e+02, 1.004761e+02
1.000000e+02, 1.003698e+02
1.000000e+02, 1.002641e+02
1.000000e+02, 1.001589e+02
1.000000e+02, 1.000543e+02
1.000000e+02, 9.995028e+01
1.000000e+02, 9.984683e+01
1.000000e+02, 9.974395e+01
1.000000e+02, 9.964164e+01
1.000000e+02, 9.953989e+01
1.000000e+02, 9.943870e+01
1.000000e+02, 9.933808e+01
1.000000e+02, 9.923802e+01
1.000000e+02, 9.913852e+01
1.000000e+02, 9.903957e+01
1.000000e+02, 9.894118e+01
1.000000e+02, 9.884333e+01
1.000000e+02, 9.874605e+01
1.000000e+02, 9.864930e+01
1.000000e+02, 9.855311e+01
1.000000e+02, 9.845746e+01
1.000000e+02, 9.836236e+01
1.000000e+02, 9.826780e+01
1.000000e+02, 9.817378e+01
1.000000e+02, 9.808030e+01
1.000000e+02, 9.798735e+01
1.000000e+02, 9.789494e+01
1.000000e+02, 9.780307e+01
1.000000e+02, 9.771173e+01
1.000000e+02, 9.762092e+01
1.000000e+02, 9.753063e+01
1.000000e+02, 9.744088e+01
1.000000e+02, 9.735165e+01
1.000000e+02, 9.726295e+01
1.000000e+02, 9.717477e+01
1.000000e+02, 9.708711e+01
1.000000e+02, 9.699997e+01
1.000000e+02, 9.691335e+01
1.000000e+02, 9.682725e+01
1.000000e+02, 9.674167e+01
1.000000e+02, 9.665659e+01
1.000000e+02, 9.657204e+01
1.000000e+02, 9.648799e+01
1.000000e+02, 9.640445e+01
1.000000e+02, 9.632143e+01
1.000000e+02, 9.623891e+01
1.000000e+02, 9.615689e+01
1.000000e+02, 9.607538e+01
1.000000e+02, 9.599438e+01
1.000000e+02, 9.591388e+01
1.000000e+02, 9.583387e+01
1.000000e+02, 9.575437e+01
1.000000e+02, 9.567537e+01
1.000000e+02, 9.559686e+01
1.000000e+02, 9.551885e+01
1.000000e+02, 9.544134e+01
1.000000e+02, 9.536432e+01
1.000000e+02, 9.528779e+01
1.000000e+02, 9.521175e+01
1.000000e+02, 9.513620e+01
1.000000e+02, 9.506114e+01
1.000000e+02, 9.498657e+01
1.000000e+02, 9.491249e+01
1.000000e+02, 9.483889e+01
1.000000e+02, 9.476577e+01
1.000000e+02, 9.469314e+01
1.000000e+02, 9.462099e+01
1.000000e+02, 9.454932e+01
1.000000e+02, 9.447813e+01
1.000000e+02, 9.440742e+01
1.000000e+02, 9.433719e+01
1.000000e+02, 9.426743e+01
1.000000e+02, 9.419815e+01
1.000000e+02, 9.412934e+01
1.000000e+02, 9.406101e+01
1.000000e+02, 9.399315e+01
1.000000e+02, 9.392576e+01
1.000000e+02, 9.385885e+01
1.000000e+02, 9.379240e+01
1.000000e+02, 9.372642e+01
1.000000e+02, 9.366091e+01
1.000000e+02, 9.359586e+01
1.000000e+02, 9.353128e+01
1.000000e+02, 9.346717e+01
1.000000e+02, 9.340352e+01
1.000000e+02, 9.334033e+01
1.000000e+02, 9.327761e+01
1.000000e+02, 9.321534e+01
1.000000e+02, 9.315354e+01
1.000000e+02, 9.309219e+01
1.000000e+02, 9.303131e+01
1.000000e+02, 9.297088e+01
1.000000e+02, 9.291091e+01
1.000000e+02, 9.285139e+01
1.000000e+02, 9.279233e+01
1.000000e+02, 9.273373e+01
1.000000e+02, 9.267557e+01
1.000000e+02, 9.261788e+01
1.000000e+02, 9.256063e+01
1.000000e+02, 9.250383e+01
1.000000e+02, 9.244748e+01
1.000000e+02, 9.239159e+01
1.000000e+02, 9.233614e+01
1.000000e+02, 9.228114e+01
1.000000e+02, 9.222659e+01
1.000000e+02, 9.217248e+01
1.000000e+02, 9.211882e+01
1.000000e+02, 9.206561e+01
1.000000e+02, 9.201283e+01
1.000000e+02, 9.196051e+01
1.000000e+02, 9.190862e+01
1.000000e+02, 9.185718e+01
1.000000e+02, 9.180618e+01
1.000000e+02, 9.175562e+01
1.000000e+02, 9.170550e+01
1.000000e+02, 9.165582e+01
1.000000e+02, 9.160657e+01
1.000000e+02, 9.155777e+01
1.000000e+02, 9.150940e+01
1.000000e+02, 9.146148e+01
1.000000e+02, 9.141398e+01
1.000000e+02, 9.136692e+01
1.000000e+02, 9.132030e+01
1.000000e+02, 9.127411e+01
1.000000e+02, 9.122836e+01
1.000000e+02, 9.118304e+01
1.000000e+02, 9.113815e+01
1.000000e+02, 9.109369e+01
1.000000e+02, 9.104966e+01
1.000000e+02, 9.100607e+01
1.000000e+02, 9.096290e+01
1.000000e+02, 9.092017e+01
1.000000e+02, 9.087786e+01
1.000000e+02, 9.083598e+01
1.000000e+02, 9.079453e+01
1.000000e+02, 9.075351e+01
1.000000e+02, 9.071291e+01
1.000000e+02, 9.067274e+01
1.000000e+02, 9.063300e+01
1.000000e+02, 9.059368e+01
1.000000e+02, 9.055479e+01
1.000000e+02, 9.051632e+01
1.000000e+02, 9.047828e+01
1.000000e+02, 9.044066e+01
1.000000e+02, 9.040346e+01
1.000000e+02, 9.036668e+01
1.000000e+02, 9.033033e+01
1.000000e+02, 9.029439e+01
1.000000e+02, 9.025888e+01
1.000000e+02, 9.022379e+01
1.000000e+02, 9.018912e+01
1.000000e+02, 9.015487e+01
1.000000e+02, 9.012104e+01
1.000000e+02, 9.008762e+01
1.000000e+02, 9.005463e+01
1.000000e+02, 9.002205e+01
1.000000e+02, 8.998989e+01
1.000000e+02, 8.995815e+01
1.000000e+02, 8.992683e+01
1.000000e+02, 8.989592e+01
1.000000e+02, 8.986543e+01
1.000000e+02, 8.983535e+01
1.000000e+02, 8.980569e+01
1.000000e+02, 8.977644e+01
1.000000e+02, 8.974761e+01
1.000000e+02, 8.971919e+01
1.000000e+02, 8.969119e+01
1.000000e+02, 8.966360e+01
1.000000e+02, 8.963642e+01
1.000000e+02, 8.960965e+01
1.000000e+02, 8.958330e+01
1.000000e+02, 8.955736e+01
1.000000e+02, 8.953183e+01
1.000000e+02, 8.950672e+01
1.000000e+02, 8.948201e+01
1.000000e+02, 8.945772e+01
1.000000e+02, 8.943383e+01
1.000000e+02, 8.941036e+01
1.000000e+02, 8.938730e+01
1.000000e+02, 8.936464e+01
1.000000e+02, 8.934240e+01
1.000000e+02, 8.932057e+01
1.000000e+02, 8.929914e+01
1.000000e+02, 8.927812e+01
1.000000e+02, 8.925751e+01
1.000000e+02, 8.923731e+01
1.000000e+02, 8.921752e+01
1.000000e+02, 8.919814e+01
1.000000e+02, 8.917916e+01
1.000000e+02, 8.916059e+01
1.000000e+02, 8.914242e+01
1.000000e+02, 8.912467e+01
1.000000e+02, 8.910732e+01
1.000000e+02, 8.909037e+01
1.000000e+02, 8.907384e+01
1.000000e+02, 8.905771e+01
1.000000e+02, 8.904198e+01
1.000000e+02, 8.902666e+01
1.000000e+02, 8.901174e+01
1.000000e+02, 8.899724e+01
1.000000e+02, 8.898313e+01
1.000000e+02, 8.896943e+01
1.000000e+02, 8.895614e+01
1.000000e+02, 8.894325e+01
1.000000e+02, 8.893076e+01
1.000000e+02, 8.891868e+01
1.000000e+02, 8.890700e+01
1.000000e+02, 8.889573e+01
1.000000e+02, 8.888486e+01
1.000000e+02, 8.887439e+01
1.000000e+02, 8.886433e+01
1.000000e+02, 8.885467e+01
1.000000e+02, 8.884541e+01
1.000000e+02, 8.883656e+01
1.000000e+02, 8.882811e+01
1.000000e+02, 8.882007e+01
1.000000e+02, 8.881242e+01
1.000000e+02, 8.880518e+01
1.000000e+02, 8.879834e+01
1.000000e+02, 8.879191e+01
1.000000e+02, 8.878588e+01
1.000000e+02, 8.878024e+01
1.000000e+02, 8.877502e+01
1.000000e+02, 8.877019e+01
1.000000e+02, 8.876577e+01
1.000000e+02, 8.876175e+01
1.000000e+02, 8.875813e+01
1.000000e+02, 8.875491e+01
1.000000e+02, 8.875210e+01
1.000000e+02, 8.874969e+01
1.000000e+02, 8.874768e+01
1.000000e+02, 8.874607e+01
1.000000e+02, 8.874486e+01
1.000000e+02, 8.874406e+01
1.000000e+02, 8.874366e+01
1.000000e+02, 8.874366e+01
1.000000e+02, 8.874406e+01
1.000000e+02, 8.874486e+01
1.000000e+02, 8.874607e+01
1.000000e+02, 8.874768e+01
1.000000e+02, 8.874969e+01
1.000000e+02, 8.875210e+01
1.000000e+02, 8.875491e+01
1.000000e+02, 8.875813e+01
1.000000e+02, 8.876175e+01
1.000000e+02, 8.876577e+01
1.000000e+02, 8.877019e+01
1.000000e+02, 8.877502e+01
1.000000e+02, 8.878024e+01
1.000000e+02, 8.878588e+01
1.000000e+02, 8.879191e+01
1.000000e+02, 8.879834e+01
1.000000e+02, 8.880518e+01
1.000000e+02, 8.881242e+01
1.000000e+02, 8.882007e+01
1.000000e+02, 8.882811e+01
1.000000e+02, 8.883656e+01
1.000000e+02, 8.884541e+01
1.000000e+02, 8.885467e+01
1.000000e+02, 8.886433e+01
1.000000e+02, 8.887439e+01
1.000000e+02, 8.888486e+01
1.000000e+02, 8.889573e+01
1.000000e+02, 8.890700e+01
1.000000e+02, 8.891868e+01
1.000000e+02, 8.893076e+01
1.000000e+02, 8.894325e+01
1.000000e+02, 8.895614e+01
1.000000e+02, 8.896943e+01
1.000000e+02, 8.898313e+01
1.000000e+02, 8.899724e+01
1.000000e+02, 8.901174e+01
1.000000e+02, 8.902666e+01
1.000000e+02, 8.904198e+01
1.000000e+02, 8.905771e+01
1.000000e+02, 8.907384e+01
1.000000e+02, 8.909037e+01
1.000000e+02, 8.910732e+01
1.000000e+02, 8.912467e+01
1.000000e+02, 8.914242e+01
1.000000e+02, 8.916059e+01
1.000000e+02, 8.917916e+01
1.000000e+02, 8.919814e+01
1.000000e+02, 8.921752e+01
1.000000e+02, 8.923731e+01
1.000000e+02, 8.925751e+01
1.000000e+02, 8.927812e+01
1.000000e+02, 8.929914e+01
1.000000e+02, 8.932057e+01
1.000000e+02, 8.934240e+01
1.000000e+02, 8.936464e+01
1.000000e+02, 8.938730e+01
1.000000e+02, 8.941036e+01
1.000000e+02, 8.943383e+01
1.000000e+02, 8.945772e+01
1.000000e+02, 8.948201e+01
1.000000e+02, 8.950672e+01
1.000000e+02, 8.953183e+01
1.000000e+02, 8.955736e+01
1.000000e+02, 8.958330e+01
1.000000e+02, 8.960965e+01
1.000000e+02, 8.963642e+01
1.000000e+02, 8.966360e+01
1.000000e+02, 8.969119e+01
1.000000e+02, 8.971919e+01
1.000000e+02, 8.974761e+01
1.000000e+02, 8.977644e+01
1.000000e+02, 8.980569e+01
1.000000e+02, 8.983535e+01
1.000000e+02, 8.986543e+01
1.000000e+02, 8.989592e+01
1.000000e+02, 8.992683e+01
1.000000e+02, 8.995815e+01
1.000000e+02, 8.998989e+01
1.000000e+02, 9.002205e+01
1.000000e+02, 9.005463e+01
1.000000e+02, 9.008762e+01
1.000000e+02, 9.012104e+01
1.000000e+02, 9.015487e+01
1.000000e+02, 9.018912e+01
1.000000e+02, 9.022379e+01
1.000000e+02, 9.025888e+01
1.000000e+02, 9.029439e+01
1.000000e+02, 9.033033e+01
1.000000e+02, 9.036668e+01
1.000000e+02, 9.040346e+01
1.000000e+02, 9.044066e+01
1.000000e+02, 9.047828e+01
1.000000e+02, 9.051632e+01
1.000000e+02, 9.055479e+01
1.000000e+02, 9.059368e+01
1.000000e+02, 9.063300e+01
1.000000e+02, 9.067274e+01
1.000000e+02, 9.071291e+01
1.000000e+02, 9.075351e+01
1.000000e+02, 9.079453e+01
1.000000e+02, 9.083598e+01
1.000000e+02, 9.087786e+01
1.000000e+02, 9.092017e+01
1.000000e+02, 9.096290e+01
1.000000e+02, 9.100607e+01
1.000000e+02, 9.104966e+01
1.000000e+02, 9.109369e+01
1.000000e+02, 9.113815e+01
1.000000e+02, 9.118304e+01
1.000000e+02, 9.122836e+01
1.000000e+02, 9.127411e+01
1.000000e+02, 9.132030e+01
1.000000e+02, 9.136692e+01
1.000000e+02, 9.141398e+01
1.000000e+02, 9.146148e+01
1.000000e+02, 9.150940e+01
1.000000e+02, 9.155777e+01
1.000000e+02, 9.160658e+01
1.000000e+02, 9.165582e+01
1.000000e+02, 9.170550e+01
1.000000e+02, 9.175562e+01
1.000000e+02, 9.180618e+01
1.000000e+02, 9.185718e+01
1.000000e+02, 9.190862e+01
1.000000e+02, 9.196051e+01
1.000000e+02, 9.201283e+01
1.000000e+02, 9.206561e+01
1.000000e+02, 9.211882e+01
1.000000e+02, 9.217248e+01
1.000000e+02, 9.222659e+01
1.000000e+02, 9.228114e+01
1.000000e+02, 9.233614e+01
1.000000e+02, 9.239159e+01
1.000000e+02, 9.244748e+01
1.000000e+02, 9.250383e+01
1.000000e+02, 9.256063e+01
1.000000e+02, 9.261788e+01
1.000000e+02, 9.267557e+01
1.000000e+02, 9.273373e+01
1.000000e+02, 9.279233e+01
1.000000e+02, 9.285139e+01
1.000000e+02, 9.291091e+01
1.000000e+02, 9.297088e+01
1.000000e+02, 9.303131e+01
1.000000e+02, 9.309219e+01
1.000000e+02, 9.315354e+01
1.000000e+02, 9.321534e+01
1.000000e+02, 9.327761e+01
1.000000e+02, 9.334033e+01
1.000000e+02, 9.340352e+01
1.000000e+02, 9.346717e+01
1.000000e+02, 9.353128e+01
1.000000e+02, 9.359586e+01
1.000000e+02, 9.366091e+01
1.000000e+02, 9.372642e+01
1.000000e+02, 9.379240e+01
1.000000e+02, 9.385885e+01
1.000000e+02, 9.392576e+01
1.000000e+02, 9.399315e+01
1.000000e+02, 9.406101e+01
1.000000e+02, 9.412934e+01
1.000000e+02, 9.419815e+01
1.000000e+02, 9.426743e+01
1.000000e+02, 9.433719e+01
1.000000e+02, 9.440742e+01
1.000000e+02, 9.447813e+01
1.000000e+02, 9.454932e+01
1.000000e+02, 9.462099e+01
1.000000e+02, 9.469314e+01
1.000000e+02, 9.476577e+01
1.000000e+02, 9.483889e+01
1.000000e+02, 9.491249e+01
1.000000e+02, 9.498657e+01
1.000000e+02, 9.506114e+01
1.000000e+02, 9.513620e+01
1.000000e+02, 9.521175e+01
1.000000e+02, 9.528779e+01
1.000000e+02, 9.536432e+01
1.000000e+02, 9.544134e+01
1.000000e+02, 9.551885e+01
1.000000e+02, 9.559686e+01
1.000000e+02, 9.567537e+01
1.000000e+02, 9.575437e+01
1.000000e+02, 9.583388e+01
1.000000e+02, 9.591388e+01
1.000000e+02, 9.599438e+01
1.000000e+02, 9.607538e+01
1.000000e+02, 9.615689e+01
1.000000e+02, 9.623891e+01
1.000000e+02, 9.632143e+01
1.000000e+02, 9.640445e+01
1.000000e+02, 9.648799e+01
1.000000e+02, 9.657204e+01
1.000000e+02, 9.665659e+01
1.000000e+02, 9.674167e+01
1.000000e+02, 9.682725e+01
1.000000e+02, 9.691335e+01
1.000000e+02, 9.699997e+01
1.000000e+02, 9.708711e+01
1.000000e+02, 9.717477e+01
1.000000e+02, 9.726295e+01
1.000000e+02, 9.735165e+01
1.000000e+02, 9.744088e+01
1.000000e+02, 9.753063e+01
1.000000e+02, 9.762092e+01
1.000000e+02, 9.771173e+01
1.000000e+02, 9.780307e+01
1.000000e+02, 9.789494e+01
1.000000e+02, 9.798735e+01
1.000000e+02, 9.808030e+01
1.000000e+02, 9.817378e+01
1.000000e+02, 9.826780e+01
1.000000e+02, 9.836236e+01
1.000000e+02, 9.845746e+01
1.000000e+02, 9.855311e+01
1.000000e+02, 9.864931e+01
1.000000e+02, 9.874605e+01
1.000000e+02, 9.884334e+01
1.000000e+02, 9.894118e+01
1.000000e+02, 9.903957e+01
1.000000e+02, 9.913852e+01
1.000000e+02, 9.923802e+01
1.000000e+02, 9.933808e+01
1.000000e+02, 9.943870e+01
1.000000e+02, 9.953989e+01
1.000000e+02, 9.964164e+01
1.000000e+02, 9.974395e+01
1.000000e+02, 9.984683e+01
1.000000e+02, 9.995028e+01
1.000000e+02, 1.000543e+02
1.000000e+02, 1.001589e+02
1.000000e+02, 1.002641e+02
1.000000e+02, 1.003698e+02
1.000000e+02, 1.004761e+02
1.000000e+02, 1.005831e+02
1.000000e+02, 1.006905e+02
1.000000e+02, 1.007986e+02
1.000000e+02, 1.009073e+02
1.000000e+02, 1.010165e+02
1.000000e+02, 1.011264e+02
1.000000e+02, 1.012368e+02
1.000000e+02, 1.013479e+02
1.000000e+02, 1.014595e+02
1.000000e+02, 1.015718e+02
1.000000e+02, 1.016846e+02
1.000000e+02, 1.017980e+02
1.000000e+02, 1.019121e+02
1.000000e+02, 1.020268e+02
1.000000e+02, 1.021421e+02
1.000000e+02, 1.022579e+02
1.000000e+02, 1.023745e+02
1.000000e+02, 1.024916e+02
1.000000e+02, 1.026093e+02
1.000000e+02, 1.027277e+02
1.000000e+02, 1.028467e+02
1.000000e+02, 1.029664e+02
1.000000e+02, 1.030867e+02
1.000000e+02, 1.032076e+02
1.000000e+02, 1.033291e+02
1.000000e+02, 1.034513e+02
1.000000e+02, 1.035741e+02
1.000000e+02, 1.036976e+02
1.000000e+02, 1.038217e+02
1.000000e+02, 1.039465e+02
1.000000e+02, 1.040719e+02
1.000000e+02, 1.041980e+02
1.000000e+02, 1.043248e+02
1.000000e+02, 1.044522e+02
1.000000e+02, 1.045803e+02
1.000000e+02, 1.047090e+02
1.000000e+02, 1.048384e+02
1.000000e+02, 1.049685e+02
1.000000e+02, 1.050993e+02
1.000000e+02, 1.052308e+02
1.000000e+02, 1.053629e+02
1.000000e+02, 1.054958e+02
1.000000e+02, 1.056293e+02
1.000000e+02, 1.057635e+02
1.000000e+02, 1.058984e+02
1.000000e+02, 1.060340e+02
1.000000e+02, 1.061704e+02
1.000000e+02, 1.063074e+02
1.000000e+02, 1.064451e+02
1.000000e+02, 1.065836e+02
1.000000e+02, 1.067228e+02
1.000000e+02, 1.068627e+02
1.000000e+02, 1.070033e+02
1.000000e+02, 1.071446e+02
1.000000e+02, 1.072867e+02
1.000000e+02, 1.074296e+02
1.000000e+02, 1.075731e+02
1.000000e+02, 1.077174e+02
1.000000e+02, 1.078625e+02
1.000000e+02, 1.080083e+02
1.000000e+02, 1.081549e+02
1.000000e+02, 1.083022e+02
1.000000e+02, 1.084503e+02
1.000000e+02, 1.085992e+02
1.000000e+02, 1.087488e+02
1.000000e+02, 1.088992e+02
1.000000e+02, 1.090504e+02
1.000000e+02, 1.092024e+02
1.000000e+02, 1.093552e+02
1.000000e+02, 1.095088e+02
1.000000e+02, 1.096631e+02
1.000000e+02, 1.098183e+02
1.000000e+02, 1.099743e+02
1.000000e+02, 1.101311e+02
1.000000e+02, 1.102887e+02
1.000000e+02, 1.104472e+02
1.000000e+02, 1.106064e+02
1.000000e+02, 1.107665e+02
1.000000e+02, 1.109275e+02
1.000000e+02, 1.110893e+02
1.000000e+02, 1.112519e+02
1.000000e+02, 1.114154e+02
1.000000e+02, 1.115797e+02
1.000000e+02, 1.117450e+02
1.000000e+02, 1.119110e+02
1.000000e+02, 1.120780e+02
1.000000e+02, 1.122458e+02
1.000000e+02, 1.124146e+02
1.000000e+02, 1.125842e+02
1.000000e+02, 1.127547e+02
1.000000e+02, 1.129262e+02
1.000000e+02, 1.130985e+02
1.000000e+02, 1.132717e+02
1.000000e+02, 1.134459e+02
1.000000e+02, 1.136210e+02
1.000000e+02, 1.137971e+02
1.000000e+02, 1.139741e+02
1.000000e+02, 1.141520e+02
1.000000e+02, 1.143309e+02
1.000000e+02, 1.145108e+02
1.000000e+02, 1.146916e+02
1.000000e+02, 1.148734e+02
1.000000e+02, 1.150562e+02
1.000000e+02, 1.152400e+02
1.000000e+02, 1.154247e+02
1.000000e+02, 1.156105e+02
1.000000e+02, 1.157973e+02
1.000000e+02, 1.159851e+02
1.000000e+02, 1.161740e+02
1.000000e+02, 1.163639e+02
1.000000e+02, 1.165548e+02
1.000000e+02, 1.167468e+02
1.000000e+02, 1.169398e+02
1.000000e+02, 1.171339e+02
1.000000e+02, 1.173291e+02
1.000000e+02, 1.175254e+02
1.000000e+02, 1.177228e+02
1.000000e+02, 1.179212e+02
1.000000e+02, 1.181208e+02
1.000000e+02, 1.183216e+02
1.000000e+02, 1.185234e+02
1.000000e+02, 1.187264e+02
1.000000e+02, 1.189305e+02
1.000000e+02, 1.191358e+02
1.000000e+02, 1.193423e+02
1.000000e+02, 1.195500e+02
1.000000e+02, 1.197588e+02
1.000000e+02, 1.199689e+02
1.000000e+02, 1.201801e+02
1.000000e+02, 1.203926e+02
1.000000e+02, 1.206064e+02
1.000000e+02, 1.208213e+02
1.000000e+02, 1.210376e+02
1.000000e+02, 1.212551e+02
1.000000e+02, 1.214739e+02
1.000000e+02, 1.216940e+02
1.000000e+02, 1.219154e+02
1.000000e+02, 1.221381e+02
1.000000e+02, 1.223622e+02
1.000000e+02, 1.225876e+02
1.000000e+02, 1.228143e+02
1.000000e+02, 1.230425e+02
1.000000e+02, 1.232720e+02
1.000000e+02, 1.235029e+02
1.000000e+02, 1.237353e+02
1.000000e+02, 1.239691e+02
1.000000e+02, 1.242043e+02
1.000000e+02, 1.244410e+02
1.000000e+02, 1.246792e+02
1.000000e+02, 1.249188e+02
1.000000e+02, 1.251600e+02
1.000000e+02, 1.254027e+02
1.000000e+02, 1.256470e+02
1.000000e+02, 1.258928e+02
1.000000e+02, 1.261402e+02
1.000000e+02, 1.263893e+02
1.000000e+02, 1.266399e+02
1.000000e+02, 1.268922e+02
1.000000e+02, 1.271461e+02
1.000000e+02, 1.274017e+02
1.000000e+02, 1.276590e+02
1.000000e+02, 1.279180e+02
1.000000e+02, 1.281788e+02
1.000000e+02, 1.284414e+02
1.000000e+02, 1.287057e+02
1.000000e+02, 1.289718e+02
1.000000e+02, 1.292398e+02
1.000000e+02, 1.295096e+02
1.000000e+02, 1.297813e+02
1.000000e+02, 1.300550e+02
1.000000e+02, 1.303305e+02
1.000000e+02, 1.306081e+02
1.000000e+02, 1.308876e+02
1.000000e+02, 1.311691e+02
1.000000e+02, 1.314527e+02
1.000000e+02, 1.317383e+02
1.000000e+02, 1.320261e+02
1.000000e+02, 1.323160e+02
1.000000e+02, 1.326081e+02
1.000000e+02, 1.329024e+02
1.000000e+02, 1.331989e+02
1.000000e+02, 1.334977e+02
1.000000e+02, 1.337988e+02
1.000000e+02, 1.341023e+02
1.000000e+02, 1.344081e+02
1.000000e+02, 1.347164e+02
1.000000e+02, 1.350271e+02
1.000000e+02, 1.353404e+02
1.000000e+02, 1.356562e+02
1.000000e+02, 1.359746e+02
1.000000e+02, 1.362956e+02
1.000000e+02, 1.366194e+02
1.000000e+02, 1.369458e+02
1.000000e+02, 1.372751e+02
1.000000e+02, 1.376072e+02
1.000000e+02, 1.379422e+02
1.000000e+02, 1.382802e+02
1.000000e+02, 1.386212e+02
1.000000e+02, 1.389652e+02
1.000000e+02, 1.393124e+02
1.000000e+02, 1.396628e+02
1.000000e+02, 1.400164e+02
1.000000e+02, 1.403734e+02
1.000000e+02, 1.407338e+02
1.000000e+02, 1.410977e+02
1.000000e+02, 1.414652e+02
1.000000e+02, 1.418363e+02
1.000000e+02, 1.422111e+02
1.000000e+02, 1.425897e+02
1.000000e+02, 1.429723e+02
1.000000e+02, 1.433589e+02
1.000000e+02, 1.437495e+02
1.000000e+02, 1.441444e+02
1.000000e+02, 1.445436e+02
1.000000e+02, 1.449473e+02
1.000000e+02, 1.453555e+02
1.000000e+02, 1.457684e+02
1.000000e+02, 1.461860e+02
1.000000e+02, 1.466087e+02
1.000000e+02, 1.470365e+02
1.000000e+02, 1.474695e+02
1.000000e+02, 1.479079e+02
1.000000e+02, 1.483519e+02
1.000000e+02, 1.488017e+02
1.000000e+02, 1.492574e+02
1.000000e+02, 1.497193e+02
1.000000e+02, 1.501876e+02
1.000000e+02, 1.506624e+02
1.000000e+02, 1.511441e+02
1.000000e+02, 1.516330e+02
1.000000e+02, 1.521292e+02
1.000000e+02, 1.526330e+02
1.000000e+02, 1.531449e+02
1.000000e+02, 1.536650e+02
1.000000e+02, 1.541939e+02
1.000000e+02, 1.547318e+02
1.000000e+02, 1.552792e+02
1.000000e+02, 1.558366e+02
1.000000e+02, 1.564044e+02
1.000000e+02, 1.569832e+02
1.000000e+02, 1.575735e+02
1.000000e+02, 1.581761e+02
1.000000e+02, 1.587916e+02
1.000000e+02, 1.594208e+02
1.000000e+02, 1.600646e+02
1.000000e+02, 1.607239e+02
1.000000e+02, 1.613998e+02
1.000000e+02, 1.620934e+02
1.000000e+02, 1.628063e+02
1.000000e+02, 1.635398e+02
1.000000e+02, 1.642959e+02
1.000000e+02, 1.650764e+02
1.000000e+02, 1.658839e+02
1.000000e+02, 1.667211e+02
1.000000e+02, 1.675913e+02
1.000000e+02, 1.684985e+02
1.000000e+02, 1.694477e+02
1.000000e+02, 1.704450e+02
1.000000e+02, 1.714981e+02
1.000000e+02, 1.726172e+02
1.000000e+02, 1.738160e+02
1.000000e+02, 1.751139e+02
1.000000e+02, 1.765396e+02
1.000000e+02, 1.781399e+02
1.000000e+02, 1.800000e+02
##END= 