##TITLE= /opt/topspin3.0/exp/stan/nmr/lists/wave/user/HypSec_trunc2.84_110
##JCAMP-DX= 5.00 Bruker JCAMP library
##DATA TYPE= Shape Data
##ORIGIN= Bruker BioSpin GmbH
##OWNER= <nmrsu>
##DATE= 15/02/24
##TIME= 16:15:04
##MINX= 1.164538e+01
##MAXX= 9.999960e+01
##MINY= 2.546774e-02
##MAXY= 3.585574e+02
##$SHAPE_EXMODE= Adiabatic
##$SHAPE_TOTROT= 1.800000e+02
##$SHAPE_BWFAC= 1.929340e+02
##$SHAPE_INTEGFAC= 2.356110e-02
##$SHAPE_MODE= 0
##NPOINTS= 1000
##XYPOINTS= (XY..XY)
1.000000e+02, 1.800000e+02
1.000000e+02, 1.747187e+02
1.000000e+02, 1.701751e+02
1.000000e+02, 1.661268e+02
1.000000e+02, 1.624418e+02
1.000000e+02, 1.590380e+02
1.000000e+02, 1.558606e+02
1.000000e+02, 1.528706e+02
1.000000e+02, 1.500391e+02
1.000000e+02, 1.473440e+02
1.000000e+02, 1.447681e+02
1.000000e+02, 1.422974e+02
1.000000e+02, 1.399204e+02
1.000000e+02, 1.376278e+02
1.000000e+02, 1.354115e+02
1.000000e+02, 1.332649e+02
1.000000e+02, 1.311821e+02
1.000000e+02, 1.291582e+02
1.000000e+02, 1.271886e+02
1.000000e+02, 1.252696e+02
1.000000e+02, 1.233977e+02
1.000000e+02, 1.215698e+02
1.000000e+02, 1.197834e+02
1.000000e+02, 1.180358e+02
1.000000e+02, 1.163249e+02
1.000000e+02, 1.146487e+02
1.000000e+02, 1.130053e+02
1.000000e+02, 1.113931e+02
1.000000e+02, 1.098106e+02
1.000000e+02, 1.082563e+02
1.000000e+02, 1.067290e+02
1.000000e+02, 1.052275e+02
1.000000e+02, 1.037506e+02
1.000000e+02, 1.022973e+02
1.000000e+02, 1.008667e+02
1.000000e+02, 9.945788e+01
1.000000e+02, 9.806999e+01
1.000000e+02, 9.670227e+01
1.000000e+02, 9.535397e+01
1.000000e+02, 9.402442e+01
1.000000e+02, 9.271297e+01
1.000000e+02, 9.141901e+01
1.000000e+02, 9.014197e+01
1.000000e+02, 8.888130e+01
1.000000e+02, 8.763649e+01
1.000000e+02, 8.640707e+01
1.000000e+02, 8.519256e+01
1.000000e+02, 8.399253e+01
1.000000e+02, 8.280656e+01
1.000000e+02, 8.163427e+01
1.000000e+02, 8.047528e+01
1.000000e+02, 7.932922e+01
1.000000e+02, 7.819576e+01
1.000000e+02, 7.707457e+01
1.000000e+02, 7.596534e+01
1.000000e+02, 7.486777e+01
1.000000e+02, 7.378158e+01
1.000000e+02, 7.270650e+01
1.000000e+02, 7.164226e+01
1.000000e+02, 7.058860e+01
1.000000e+02, 6.954530e+01
1.000000e+02, 6.851212e+01
1.000000e+02, 6.748883e+01
1.000000e+02, 6.647523e+01
1.000000e+02, 6.547110e+01
1.000000e+02, 6.447625e+01
1.000000e+02, 6.349049e+01
1.000000e+02, 6.251363e+01
1.000000e+02, 6.154550e+01
1.000000e+02, 6.058593e+01
1.000000e+02, 5.963474e+01
1.000000e+02, 5.869178e+01
1.000000e+02, 5.775690e+01
1.000000e+02, 5.682994e+01
1.000000e+02, 5.591077e+01
1.000000e+02, 5.499924e+01
1.000000e+02, 5.409521e+01
1.000000e+02, 5.319856e+01
1.000000e+02, 5.230915e+01
1.000000e+02, 5.142688e+01
1.000000e+02, 5.055160e+01
1.000000e+02, 4.968322e+01
1.000000e+02, 4.882162e+01
1.000000e+02, 4.796668e+01
1.000000e+02, 4.711830e+01
1.000000e+02, 4.627639e+01
1.000000e+02, 4.544083e+01
1.000000e+02, 4.461154e+01
1.000000e+02, 4.378842e+01
1.000000e+02, 4.297137e+01
1.000000e+02, 4.216030e+01
1.000000e+02, 4.135514e+01
1.000000e+02, 4.055579e+01
1.000000e+02, 3.976217e+01
1.000000e+02, 3.897420e+01
1.000000e+02, 3.819180e+01
1.000000e+02, 3.741490e+01
1.000000e+02, 3.664342e+01
1.000000e+02, 3.587729e+01
1.000000e+02, 3.511644e+01
1.000000e+02, 3.436080e+01
1.000000e+02, 3.361030e+01
1.000000e+02, 3.286487e+01
1.000000e+02, 3.212446e+01
1.000000e+02, 3.138899e+01
1.000000e+02, 3.065841e+01
1.000000e+02, 2.993266e+01
1.000000e+02, 2.921168e+01
1.000000e+02, 2.849540e+01
1.000000e+02, 2.778379e+01
1.000000e+02, 2.707677e+01
1.000000e+02, 2.637430e+01
1.000000e+02, 2.567632e+01
1.000000e+02, 2.498279e+01
1.000000e+02, 2.429364e+01
1.000000e+02, 2.360885e+01
1.000000e+02, 2.292835e+01
1.000000e+02, 2.225209e+01
1.000000e+02, 2.158004e+01
1.000000e+02, 2.091215e+01
1.000000e+02, 2.024837e+01
1.000000e+02, 1.958865e+01
1.000000e+02, 1.893297e+01
1.000000e+02, 1.828127e+01
1.000000e+02, 1.763352e+01
1.000000e+02, 1.698967e+01
1.000000e+02, 1.634969e+01
1.000000e+02, 1.571353e+01
1.000000e+02, 1.508116e+01
1.000000e+02, 1.445255e+01
1.000000e+02, 1.382765e+01
1.000000e+02, 1.320643e+01
1.000000e+02, 1.258885e+01
1.000000e+02, 1.197489e+01
1.000000e+02, 1.136450e+01
1.000000e+02, 1.075766e+01
1.000000e+02, 1.015433e+01
1.000000e+02, 9.554477e+00
1.000000e+02, 8.958073e+00
1.000000e+02, 8.365087e+00
1.000000e+02, 7.775487e+00
1.000000e+02, 7.189245e+00
1.000000e+02, 6.606331e+00
1.000000e+02, 6.026716e+00
1.000000e+02, 5.450372e+00
1.000000e+02, 4.877271e+00
1.000000e+02, 4.307386e+00
1.000000e+02, 3.740690e+00
1.000000e+02, 3.177156e+00
1.000000e+02, 2.616760e+00
1.000000e+02, 2.059474e+00
1.000000e+02, 1.505275e+00
1.000000e+02, 9.541369e-01
1.000000e+02, 4.060357e-01
1.000000e+02, 3.598609e+02
1.000000e+02, 3.593188e+02
1.000000e+02, 3.587797e+02
1.000000e+02, 3.582435e+02
1.000000e+02, 3.577103e+02
1.000000e+02, 3.571799e+02
1.000000e+02, 3.566524e+02
1.000000e+02, 3.561278e+02
1.000000e+02, 3.556060e+02
1.000000e+02, 3.550870e+02
1.000000e+02, 3.545708e+02
1.000000e+02, 3.540574e+02
1.000000e+02, 3.535467e+02
1.000000e+02, 3.530388e+02
1.000000e+02, 3.525335e+02
1.000000e+02, 3.520310e+02
1.000000e+02, 3.515312e+02
1.000000e+02, 3.510340e+02
1.000000e+02, 3.505394e+02
1.000000e+02, 3.500475e+02
1.000000e+02, 3.495582e+02
1.000000e+02, 3.490714e+02
1.000000e+02, 3.485873e+02
1.000000e+02, 3.481057e+02
1.000000e+02, 3.476266e+02
1.000000e+02, 3.471500e+02
1.000000e+02, 3.466760e+02
1.000000e+02, 3.462044e+02
1.000000e+02, 3.457353e+02
1.000000e+02, 3.452687e+02
1.000000e+02, 3.448045e+02
1.000000e+02, 3.443427e+02
1.000000e+02, 3.438834e+02
1.000000e+02, 3.434264e+02
1.000000e+02, 3.429718e+02
1.000000e+02, 3.425196e+02
1.000000e+02, 3.420697e+02
1.000000e+02, 3.416222e+02
1.000000e+02, 3.411770e+02
1.000000e+02, 3.407341e+02
1.000000e+02, 3.402935e+02
1.000000e+02, 3.398552e+02
1.000000e+02, 3.394192e+02
1.000000e+02, 3.389854e+02
1.000000e+02, 3.385539e+02
1.000000e+02, 3.381246e+02
1.000000e+02, 3.376975e+02
1.000000e+02, 3.372726e+02
1.000000e+02, 3.368500e+02
1.000000e+02, 3.364295e+02
1.000000e+02, 3.360112e+02
1.000000e+02, 3.355950e+02
1.000000e+02, 3.351810e+02
1.000000e+02, 3.347691e+02
1.000000e+02, 3.343594e+02
1.000000e+02, 3.339518e+02
1.000000e+02, 3.335462e+02
1.000000e+02, 3.331428e+02
1.000000e+02, 3.327415e+02
1.000000e+02, 3.323422e+02
1.000000e+02, 3.319450e+02
1.000000e+02, 3.315498e+02
1.000000e+02, 3.311567e+02
1.000000e+02, 3.307656e+02
1.000000e+02, 3.303765e+02
1.000000e+02, 3.299895e+02
1.000000e+02, 3.296044e+02
1.000000e+02, 3.292214e+02
1.000000e+02, 3.288403e+02
1.000000e+02, 3.284612e+02
1.000000e+02, 3.280840e+02
1.000000e+02, 3.277088e+02
1.000000e+02, 3.273356e+02
1.000000e+02, 3.269643e+02
1.000000e+02, 3.265949e+02
1.000000e+02, 3.262274e+02
1.000000e+02, 3.258618e+02
1.000000e+02, 3.254982e+02
1.000000e+02, 3.251364e+02
1.000000e+02, 3.247765e+02
1.000000e+02, 3.244185e+02
1.000000e+02, 3.240624e+02
1.000000e+02, 3.237081e+02
1.000000e+02, 3.233557e+02
1.000000e+02, 3.230051e+02
1.000000e+02, 3.226563e+02
1.000000e+02, 3.223094e+02
1.000000e+02, 3.219643e+02
1.000000e+02, 3.216210e+02
1.000000e+02, 3.212795e+02
1.000000e+02, 3.209399e+02
1.000000e+02, 3.206019e+02
1.000000e+02, 3.202658e+02
1.000000e+02, 3.199315e+02
1.000000e+02, 3.195989e+02
1.000000e+02, 3.192681e+02
1.000000e+02, 3.189390e+02
1.000000e+02, 3.186117e+02
1.000000e+02, 3.182861e+02
1.000000e+02, 3.179623e+02
1.000000e+02, 3.176402e+02
1.000000e+02, 3.173198e+02
1.000000e+02, 3.170011e+02
1.000000e+02, 3.166841e+02
1.000000e+02, 3.163689e+02
1.000000e+02, 3.160553e+02
1.000000e+02, 3.157434e+02
1.000000e+02, 3.154332e+02
1.000000e+02, 3.151247e+02
1.000000e+02, 3.148178e+02
1.000000e+02, 3.145126e+02
1.000000e+02, 3.142090e+02
1.000000e+02, 3.139072e+02
1.000000e+02, 3.136069e+02
1.000000e+02, 3.133083e+02
1.000000e+02, 3.130113e+02
1.000000e+02, 3.127160e+02
1.000000e+02, 3.124222e+02
1.000000e+02, 3.121301e+02
1.000000e+02, 3.118396e+02
1.000000e+02, 3.115508e+02
1.000000e+02, 3.112635e+02
1.000000e+02, 3.109778e+02
1.000000e+02, 3.106937e+02
1.000000e+02, 3.104111e+02
1.000000e+02, 3.101302e+02
1.000000e+02, 3.098508e+02
1.000000e+02, 3.095730e+02
1.000000e+02, 3.092968e+02
1.000000e+02, 3.090221e+02
1.000000e+02, 3.087490e+02
1.000000e+02, 3.084774e+02
1.000000e+02, 3.082074e+02
1.000000e+02, 3.079389e+02
1.000000e+02, 3.076720e+02
1.000000e+02, 3.074066e+02
1.000000e+02, 3.071427e+02
1.000000e+02, 3.068803e+02
1.000000e+02, 3.066194e+02
1.000000e+02, 3.063601e+02
1.000000e+02, 3.061022e+02
1.000000e+02, 3.058459e+02
1.000000e+02, 3.055911e+02
1.000000e+02, 3.053377e+02
1.000000e+02, 3.050859e+02
1.000000e+02, 3.048355e+02
1.000000e+02, 3.045866e+02
1.000000e+02, 3.043392e+02
1.000000e+02, 3.040933e+02
1.000000e+02, 3.038488e+02
1.000000e+02, 3.036058e+02
1.000000e+02, 3.033643e+02
1.000000e+02, 3.031242e+02
1.000000e+02, 3.028855e+02
1.000000e+02, 3.026484e+02
1.000000e+02, 3.024126e+02
1.000000e+02, 3.021783e+02
1.000000e+02, 3.019455e+02
1.000000e+02, 3.017140e+02
1.000000e+02, 3.014840e+02
1.000000e+02, 3.012555e+02
1.000000e+02, 3.010283e+02
1.000000e+02, 3.008026e+02
1.000000e+02, 3.005783e+02
1.000000e+02, 3.003554e+02
1.000000e+02, 3.001339e+02
1.000000e+02, 2.999138e+02
1.000000e+02, 2.996951e+02
1.000000e+02, 2.994778e+02
1.000000e+02, 2.992619e+02
1.000000e+02, 2.990474e+02
1.000000e+02, 2.988343e+02
1.000000e+02, 2.986226e+02
1.000000e+02, 2.984122e+02
1.000000e+02, 2.982033e+02
1.000000e+02, 2.979957e+02
1.000000e+02, 2.977894e+02
1.000000e+02, 2.975846e+02
1.000000e+02, 2.973811e+02
1.000000e+02, 2.971790e+02
1.000000e+02, 2.969782e+02
1.000000e+02, 2.967788e+02
1.000000e+02, 2.965807e+02
1.000000e+02, 2.963840e+02
1.000000e+02, 2.961887e+02
1.000000e+02, 2.959947e+02
1.000000e+02, 2.958020e+02
1.000000e+02, 2.956106e+02
1.000000e+02, 2.954207e+02
1.000000e+02, 2.952320e+02
1.000000e+02, 2.950447e+02
1.000000e+02, 2.948586e+02
1.000000e+02, 2.946740e+02
1.000000e+02, 2.944906e+02
1.000000e+02, 2.943086e+02
1.000000e+02, 2.941278e+02
1.000000e+02, 2.939484e+02
1.000000e+02, 2.937703e+02
1.000000e+02, 2.935936e+02
1.000000e+02, 2.934181e+02
1.000000e+02, 2.932439e+02
1.000000e+02, 2.930710e+02
1.000000e+02, 2.928995e+02
1.000000e+02, 2.927292e+02
1.000000e+02, 2.925602e+02
1.000000e+02, 2.923925e+02
1.000000e+02, 2.922261e+02
1.000000e+02, 2.920610e+02
1.000000e+02, 2.918972e+02
1.000000e+02, 2.917346e+02
1.000000e+02, 2.915734e+02
1.000000e+02, 2.914134e+02
1.000000e+02, 2.912547e+02
1.000000e+02, 2.910973e+02
1.000000e+02, 2.909411e+02
1.000000e+02, 2.907862e+02
1.000000e+02, 2.906326e+02
1.000000e+02, 2.904802e+02
1.000000e+02, 2.903291e+02
1.000000e+02, 2.901793e+02
1.000000e+02, 2.900307e+02
1.000000e+02, 2.898834e+02
1.000000e+02, 2.897373e+02
1.000000e+02, 2.895925e+02
1.000000e+02, 2.894490e+02
1.000000e+02, 2.893067e+02
1.000000e+02, 2.891656e+02
1.000000e+02, 2.890258e+02
1.000000e+02, 2.888872e+02
1.000000e+02, 2.887499e+02
1.000000e+02, 2.886138e+02
1.000000e+02, 2.884790e+02
1.000000e+02, 2.883454e+02
1.000000e+02, 2.882130e+02
1.000000e+02, 2.880819e+02
1.000000e+02, 2.879519e+02
1.000000e+02, 2.878233e+02
1.000000e+02, 2.876958e+02
1.000000e+02, 2.875696e+02
1.000000e+02, 2.874446e+02
1.000000e+02, 2.873208e+02
1.000000e+02, 2.871982e+02
1.000000e+02, 2.870769e+02
1.000000e+02, 2.869568e+02
1.000000e+02, 2.868379e+02
1.000000e+02, 2.867202e+02
1.000000e+02, 2.866037e+02
1.000000e+02, 2.864885e+02
1.000000e+02, 2.863744e+02
1.000000e+02, 2.862616e+02
1.000000e+02, 2.861499e+02
1.000000e+02, 2.860395e+02
1.000000e+02, 2.859303e+02
1.000000e+02, 2.858222e+02
1.000000e+02, 2.857154e+02
1.000000e+02, 2.856098e+02
1.000000e+02, 2.855054e+02
1.000000e+02, 2.854022e+02
1.000000e+02, 2.853002e+02
1.000000e+02, 2.851993e+02
1.000000e+02, 2.850997e+02
1.000000e+02, 2.850013e+02
1.000000e+02, 2.849040e+02
1.000000e+02, 2.848079e+02
1.000000e+02, 2.847131e+02
1.000000e+02, 2.846194e+02
1.000000e+02, 2.845269e+02
1.000000e+02, 2.844356e+02
1.000000e+02, 2.843455e+02
1.000000e+02, 2.842565e+02
1.000000e+02, 2.841688e+02
1.000000e+02, 2.840822e+02
1.000000e+02, 2.839968e+02
1.000000e+02, 2.839126e+02
1.000000e+02, 2.838295e+02
1.000000e+02, 2.837477e+02
1.000000e+02, 2.836670e+02
1.000000e+02, 2.835875e+02
1.000000e+02, 2.835091e+02
1.000000e+02, 2.834320e+02
1.000000e+02, 2.833560e+02
1.000000e+02, 2.832812e+02
1.000000e+02, 2.832075e+02
1.000000e+02, 2.831350e+02
1.000000e+02, 2.830637e+02
1.000000e+02, 2.829936e+02
1.000000e+02, 2.829246e+02
1.000000e+02, 2.828568e+02
1.000000e+02, 2.827901e+02
1.000000e+02, 2.827246e+02
1.000000e+02, 2.826603e+02
1.000000e+02, 2.825972e+02
1.000000e+02, 2.825352e+02
1.000000e+02, 2.824743e+02
1.000000e+02, 2.824147e+02
1.000000e+02, 2.823562e+02
1.000000e+02, 2.822988e+02
1.000000e+02, 2.822426e+02
1.000000e+02, 2.821876e+02
1.000000e+02, 2.821337e+02
1.000000e+02, 2.820810e+02
1.000000e+02, 2.820294e+02
1.000000e+02, 2.819790e+02
1.000000e+02, 2.819297e+02
1.000000e+02, 2.818816e+02
1.000000e+02, 2.818346e+02
1.000000e+02, 2.817888e+02
1.000000e+02, 2.817442e+02
1.000000e+02, 2.817007e+02
1.000000e+02, 2.816583e+02
1.000000e+02, 2.816172e+02
1.000000e+02, 2.815771e+02
1.000000e+02, 2.815382e+02
1.000000e+02, 2.815005e+02
1.000000e+02, 2.814639e+02
1.000000e+02, 2.814284e+02
1.000000e+02, 2.813941e+02
1.000000e+02, 2.813609e+02
1.000000e+02, 2.813289e+02
1.000000e+02, 2.812981e+02
1.000000e+02, 2.812684e+02
1.000000e+02, 2.812398e+02
1.000000e+02, 2.812124e+02
1.000000e+02, 2.811861e+02
1.000000e+02, 2.811610e+02
1.000000e+02, 2.811370e+02
1.000000e+02, 2.811141e+02
1.000000e+02, 2.810924e+02
1.000000e+02, 2.810719e+02
1.000000e+02, 2.810524e+02
1.000000e+02, 2.810342e+02
1.000000e+02, 2.810170e+02
1.000000e+02, 2.810011e+02
1.000000e+02, 2.809862e+02
1.000000e+02, 2.809725e+02
1.000000e+02, 2.809600e+02
1.000000e+02, 2.809485e+02
1.000000e+02, 2.809383e+02
1.000000e+02, 2.809291e+02
1.000000e+02, 2.809211e+02
1.000000e+02, 2.809143e+02
1.000000e+02, 2.809086e+02
1.000000e+02, 2.809040e+02
1.000000e+02, 2.809006e+02
1.000000e+02, 2.808983e+02
1.000000e+02, 2.808972e+02
1.000000e+02, 2.808972e+02
1.000000e+02, 2.808983e+02
1.000000e+02, 2.809006e+02
1.000000e+02, 2.809040e+02
1.000000e+02, 2.809086e+02
1.000000e+02, 2.809143e+02
1.000000e+02, 2.809211e+02
1.000000e+02, 2.809291e+02
1.000000e+02, 2.809383e+02
1.000000e+02, 2.809485e+02
1.000000e+02, 2.809600e+02
1.000000e+02, 2.809725e+02
1.000000e+02, 2.809862e+02
1.000000e+02, 2.810011e+02
1.000000e+02, 2.810170e+02
1.000000e+02, 2.810342e+02
1.000000e+02, 2.810524e+02
1.000000e+02, 2.810719e+02
1.000000e+02, 2.810924e+02
1.000000e+02, 2.811141e+02
1.000000e+02, 2.811370e+02
1.000000e+02, 2.811610e+02
1.000000e+02, 2.811861e+02
1.000000e+02, 2.812124e+02
1.000000e+02, 2.812398e+02
1.000000e+02, 2.812684e+02
1.000000e+02, 2.812981e+02
1.000000e+02, 2.813289e+02
1.000000e+02, 2.813609e+02
1.000000e+02, 2.813941e+02
1.000000e+02, 2.814284e+02
1.000000e+02, 2.814639e+02
1.000000e+02, 2.815005e+02
1.000000e+02, 2.815382e+02
1.000000e+02, 2.815771e+02
1.000000e+02, 2.816172e+02
1.000000e+02, 2.816583e+02
1.000000e+02, 2.817007e+02
1.000000e+02, 2.817442e+02
1.000000e+02, 2.817888e+02
1.000000e+02, 2.818346e+02
1.000000e+02, 2.818816e+02
1.000000e+02, 2.819297e+02
1.000000e+02, 2.819790e+02
1.000000e+02, 2.820294e+02
1.000000e+02, 2.820810e+02
1.000000e+02, 2.821337e+02
1.000000e+02, 2.821876e+02
1.000000e+02, 2.822426e+02
1.000000e+02, 2.822988e+02
1.000000e+02, 2.823562e+02
1.000000e+02, 2.824147e+02
1.000000e+02, 2.824743e+02
1.000000e+02, 2.825352e+02
1.000000e+02, 2.825972e+02
1.000000e+02, 2.826603e+02
1.000000e+02, 2.827246e+02
1.000000e+02, 2.827901e+02
1.000000e+02, 2.828568e+02
1.000000e+02, 2.829246e+02
1.000000e+02, 2.829936e+02
1.000000e+02, 2.830637e+02
1.000000e+02, 2.831350e+02
1.000000e+02, 2.832075e+02
1.000000e+02, 2.832812e+02
1.000000e+02, 2.833560e+02
1.000000e+02, 2.834320e+02
1.000000e+02, 2.835091e+02
1.000000e+02, 2.835875e+02
1.000000e+02, 2.836670e+02
1.000000e+02, 2.837477e+02
1.000000e+02, 2.838295e+02
1.000000e+02, 2.839126e+02
1.000000e+02, 2.839968e+02
1.000000e+02, 2.840822e+02
1.000000e+02, 2.841688e+02
1.000000e+02, 2.842565e+02
1.000000e+02, 2.843455e+02
1.000000e+02, 2.844356e+02
1.000000e+02, 2.845269e+02
1.000000e+02, 2.846194e+02
1.000000e+02, 2.847131e+02
1.000000e+02, 2.848079e+02
1.000000e+02, 2.849040e+02
1.000000e+02, 2.850013e+02
1.000000e+02, 2.850997e+02
1.000000e+02, 2.851993e+02
1.000000e+02, 2.853002e+02
1.000000e+02, 2.854022e+02
1.000000e+02, 2.855054e+02
1.000000e+02, 2.856098e+02
1.000000e+02, 2.857154e+02
1.000000e+02, 2.858223e+02
1.000000e+02, 2.859303e+02
1.000000e+02, 2.860395e+02
1.000000e+02, 2.861499e+02
1.000000e+02, 2.862616e+02
1.000000e+02, 2.863744e+02
1.000000e+02, 2.864885e+02
1.000000e+02, 2.866037e+02
1.000000e+02, 2.867202e+02
1.000000e+02, 2.868379e+02
1.000000e+02, 2.869568e+02
1.000000e+02, 2.870769e+02
1.000000e+02, 2.871982e+02
1.000000e+02, 2.873208e+02
1.000000e+02, 2.874446e+02
1.000000e+02, 2.875696e+02
1.000000e+02, 2.876958e+02
1.000000e+02, 2.878233e+02
1.000000e+02, 2.879519e+02
1.000000e+02, 2.880819e+02
1.000000e+02, 2.882130e+02
1.000000e+02, 2.883454e+02
1.000000e+02, 2.884790e+02
1.000000e+02, 2.886138e+02
1.000000e+02, 2.887499e+02
1.000000e+02, 2.888872e+02
1.000000e+02, 2.890258e+02
1.000000e+02, 2.891656e+02
1.000000e+02, 2.893067e+02
1.000000e+02, 2.894490e+02
1.000000e+02, 2.895925e+02
1.000000e+02, 2.897373e+02
1.000000e+02, 2.898834e+02
1.000000e+02, 2.900307e+02
1.000000e+02, 2.901793e+02
1.000000e+02, 2.903291e+02
1.000000e+02, 2.904802e+02
1.000000e+02, 2.906326e+02
1.000000e+02, 2.907862e+02
1.000000e+02, 2.909411e+02
1.000000e+02, 2.910973e+02
1.000000e+02, 2.912547e+02
1.000000e+02, 2.914134e+02
1.000000e+02, 2.915734e+02
1.000000e+02, 2.917346e+02
1.000000e+02, 2.918972e+02
1.000000e+02, 2.920610e+02
1.000000e+02, 2.922261e+02
1.000000e+02, 2.923925e+02
1.000000e+02, 2.925602e+02
1.000000e+02, 2.927292e+02
1.000000e+02, 2.928995e+02
1.000000e+02, 2.930710e+02
1.000000e+02, 2.932439e+02
1.000000e+02, 2.934181e+02
1.000000e+02, 2.935936e+02
1.000000e+02, 2.937703e+02
1.000000e+02, 2.939484e+02
1.000000e+02, 2.941278e+02
1.000000e+02, 2.943086e+02
1.000000e+02, 2.944906e+02
1.000000e+02, 2.946740e+02
1.000000e+02, 2.948586e+02
1.000000e+02, 2.950447e+02
1.000000e+02, 2.952320e+02
1.000000e+02, 2.954207e+02
1.000000e+02, 2.956106e+02
1.000000e+02, 2.958020e+02
1.000000e+02, 2.959947e+02
1.000000e+02, 2.961887e+02
1.000000e+02, 2.963840e+02
1.000000e+02, 2.965807e+02
1.000000e+02, 2.967788e+02
1.000000e+02, 2.969782e+02
1.000000e+02, 2.971790e+02
1.000000e+02, 2.973811e+02
1.000000e+02, 2.975846e+02
1.000000e+02, 2.977894e+02
1.000000e+02, 2.979957e+02
1.000000e+02, 2.982033e+02
1.000000e+02, 2.984122e+02
1.000000e+02, 2.986226e+02
1.000000e+02, 2.988343e+02
1.000000e+02, 2.990474e+02
1.000000e+02, 2.992619e+02
1.000000e+02, 2.994778e+02
1.000000e+02, 2.996951e+02
1.000000e+02, 2.999138e+02
1.000000e+02, 3.001339e+02
1.000000e+02, 3.003554e+02
1.000000e+02, 3.005783e+02
1.000000e+02, 3.008026e+02
1.000000e+02, 3.010283e+02
1.000000e+02, 3.012555e+02
1.000000e+02, 3.014840e+02
1.000000e+02, 3.017140e+02
1.000000e+02, 3.019455e+02
1.000000e+02, 3.021783e+02
1.000000e+02, 3.024126e+02
1.000000e+02, 3.026484e+02
1.000000e+02, 3.028855e+02
1.000000e+02, 3.031242e+02
1.000000e+02, 3.033643e+02
1.000000e+02, 3.036058e+02
1.000000e+02, 3.038488e+02
1.000000e+02, 3.040933e+02
1.000000e+02, 3.043392e+02
1.000000e+02, 3.045866e+02
1.000000e+02, 3.048355e+02
1.000000e+02, 3.050859e+02
1.000000e+02, 3.053377e+02
1.000000e+02, 3.055911e+02
1.000000e+02, 3.058459e+02
1.000000e+02, 3.061022e+02
1.000000e+02, 3.063601e+02
1.000000e+02, 3.066194e+02
1.000000e+02, 3.068803e+02
1.000000e+02, 3.071427e+02
1.000000e+02, 3.074066e+02
1.000000e+02, 3.076720e+02
1.000000e+02, 3.079389e+02
1.000000e+02, 3.082074e+02
1.000000e+02, 3.084774e+02
1.000000e+02, 3.087490e+02
1.000000e+02, 3.090221e+02
1.000000e+02, 3.092968e+02
1.000000e+02, 3.095730e+02
1.000000e+02, 3.098508e+02
1.000000e+02, 3.101302e+02
1.000000e+02, 3.104111e+02
1.000000e+02, 3.106937e+02
1.000000e+02, 3.109778e+02
1.000000e+02, 3.112635e+02
1.000000e+02, 3.115508e+02
1.000000e+02, 3.118396e+02
1.000000e+02, 3.121301e+02
1.000000e+02, 3.124222e+02
1.000000e+02, 3.127160e+02
1.000000e+02, 3.130113e+02
1.000000e+02, 3.133083e+02
1.000000e+02, 3.136069e+02
1.000000e+02, 3.139072e+02
1.000000e+02, 3.142090e+02
1.000000e+02, 3.145126e+02
1.000000e+02, 3.148178e+02
1.000000e+02, 3.151247e+02
1.000000e+02, 3.154332e+02
1.000000e+02, 3.157434e+02
1.000000e+02, 3.160553e+02
1.000000e+02, 3.163689e+02
1.000000e+02, 3.166841e+02
1.000000e+02, 3.170011e+02
1.000000e+02, 3.173198e+02
1.000000e+02, 3.176402e+02
1.000000e+02, 3.179623e+02
1.000000e+02, 3.182862e+02
1.000000e+02, 3.186117e+02
1.000000e+02, 3.189390e+02
1.000000e+02, 3.192681e+02
1.000000e+02, 3.195989e+02
1.000000e+02, 3.199315e+02
1.000000e+02, 3.202658e+02
1.000000e+02, 3.206020e+02
1.000000e+02, 3.209399e+02
1.000000e+02, 3.212795e+02
1.000000e+02, 3.216210e+02
1.000000e+02, 3.219643e+02
1.000000e+02, 3.223094e+02
1.000000e+02, 3.226563e+02
1.000000e+02, 3.230051e+02
1.000000e+02, 3.233557e+02
1.000000e+02, 3.237081e+02
1.000000e+02, 3.240624e+02
1.000000e+02, 3.244185e+02
1.000000e+02, 3.247765e+02
1.000000e+02, 3.251364e+02
1.000000e+02, 3.254982e+02
1.000000e+02, 3.258618e+02
1.000000e+02, 3.262274e+02
1.000000e+02, 3.265949e+02
1.000000e+02, 3.269643e+02
1.000000e+02, 3.273356e+02
1.000000e+02, 3.277088e+02
1.000000e+02, 3.280840e+02
1.000000e+02, 3.284612e+02
1.000000e+02, 3.288403e+02
1.000000e+02, 3.292214e+02
1.000000e+02, 3.296044e+02
1.000000e+02, 3.299895e+02
1.000000e+02, 3.303765e+02
1.000000e+02, 3.307656e+02
1.000000e+02, 3.311567e+02
1.000000e+02, 3.315498e+02
1.000000e+02, 3.319450e+02
1.000000e+02, 3.323422e+02
1.000000e+02, 3.327415e+02
1.000000e+02, 3.331428e+02
1.000000e+02, 3.335462e+02
1.000000e+02, 3.339518e+02
1.000000e+02, 3.343594e+02
1.000000e+02, 3.347691e+02
1.000000e+02, 3.351810e+02
1.000000e+02, 3.355950e+02
1.000000e+02, 3.360112e+02
1.000000e+02, 3.364295e+02
1.000000e+02, 3.368500e+02
1.000000e+02, 3.372726e+02
1.000000e+02, 3.376975e+02
1.000000e+02, 3.381246e+02
1.000000e+02, 3.385539e+02
1.000000e+02, 3.389854e+02
1.000000e+02, 3.394192e+02
1.000000e+02, 3.398552e+02
1.000000e+02, 3.402935e+02
1.000000e+02, 3.407341e+02
1.000000e+02, 3.411770e+02
1.000000e+02, 3.416222e+02
1.000000e+02, 3.420697e+02
1.000000e+02, 3.425196e+02
1.000000e+02, 3.429718e+02
1.000000e+02, 3.434264e+02
1.000000e+02, 3.438834e+02
1.000000e+02, 3.443427e+02
1.000000e+02, 3.448045e+02
1.000000e+02, 3.452687e+02
1.000000e+02, 3.457353e+02
1.000000e+02, 3.462044e+02
1.000000e+02, 3.466760e+02
1.000000e+02, 3.471500e+02
1.000000e+02, 3.476266e+02
1.000000e+02, 3.481057e+02
1.000000e+02, 3.485873e+02
1.000000e+02, 3.490714e+02
1.000000e+02, 3.495582e+02
1.000000e+02, 3.500475e+02
1.000000e+02, 3.505394e+02
1.000000e+02, 3.510340e+02
1.000000e+02, 3.515312e+02
1.000000e+02, 3.520310e+02
1.000000e+02, 3.525335e+02
1.000000e+02, 3.530388e+02
1.000000e+02, 3.535467e+02
1.000000e+02, 3.540574e+02
1.000000e+02, 3.545708e+02
1.000000e+02, 3.550870e+02
1.000000e+02, 3.556060e+02
1.000000e+02, 3.561278e+02
1.000000e+02, 3.566524e+02
1.000000e+02, 3.571799e+02
1.000000e+02, 3.577103e+02
1.000000e+02, 3.582435e+02
1.000000e+02, 3.587797e+02
1.000000e+02, 3.593189e+02
1.000000e+02, 3.598609e+02
1.000000e+02, 4.060379e-01
1.000000e+02, 9.541390e-01
1.000000e+02, 1.505277e+00
1.000000e+02, 2.059477e+00
1.000000e+02, 2.616762e+00
1.000000e+02, 3.177159e+00
1.000000e+02, 3.740692e+00
1.000000e+02, 4.307388e+00
1.000000e+02, 4.877273e+00
1.000000e+02, 5.450374e+00
1.000000e+02, 6.026718e+00
1.000000e+02, 6.606333e+00
1.000000e+02, 7.189247e+00
1.000000e+02, 7.775489e+00
1.000000e+02, 8.365089e+00
1.000000e+02, 8.958075e+00
1.000000e+02, 9.554479e+00
1.000000e+02, 1.015433e+01
1.000000e+02, 1.075766e+01
1.000000e+02, 1.136450e+01
1.000000e+02, 1.197489e+01
1.000000e+02, 1.258885e+01
1.000000e+02, 1.320643e+01
1.000000e+02, 1.382765e+01
1.000000e+02, 1.445255e+01
1.000000e+02, 1.508116e+01
1.000000e+02, 1.571353e+01
1.000000e+02, 1.634969e+01
1.000000e+02, 1.698967e+01
1.000000e+02, 1.763352e+01
1.000000e+02, 1.828127e+01
1.000000e+02, 1.893297e+01
1.000000e+02, 1.958866e+01
1.000000e+02, 2.024837e+01
1.000000e+02, 2.091215e+01
1.000000e+02, 2.158004e+01
1.000000e+02, 2.225209e+01
1.000000e+02, 2.292835e+01
1.000000e+02, 2.360885e+01
1.000000e+02, 2.429365e+01
1.000000e+02, 2.498279e+01
1.000000e+02, 2.567632e+01
1.000000e+02, 2.637430e+01
1.000000e+02, 2.707677e+01
1.000000e+02, 2.778379e+01
1.000000e+02, 2.849541e+01
1.000000e+02, 2.921168e+01
1.000000e+02, 2.993266e+01
1.000000e+02, 3.065842e+01
1.000000e+02, 3.138900e+01
1.000000e+02, 3.212446e+01
1.000000e+02, 3.286488e+01
1.000000e+02, 3.361030e+01
1.000000e+02, 3.436080e+01
1.000000e+02, 3.511645e+01
1.000000e+02, 3.587730e+01
1.000000e+02, 3.664343e+01
1.000000e+02, 3.741490e+01
1.000000e+02, 3.819180e+01
1.000000e+02, 3.897420e+01
1.000000e+02, 3.976217e+01
1.000000e+02, 4.055579e+01
1.000000e+02, 4.135514e+01
1.000000e+02, 4.216030e+01
1.000000e+02, 4.297137e+01
1.000000e+02, 4.378842e+01
1.000000e+02, 4.461154e+01
1.000000e+02, 4.544084e+01
1.000000e+02, 4.627639e+01
1.000000e+02, 4.711831e+01
1.000000e+02, 4.796668e+01
1.000000e+02, 4.882162e+01
1.000000e+02, 4.968322e+01
1.000000e+02, 5.055161e+01
1.000000e+02, 5.142688e+01
1.000000e+02, 5.230916e+01
1.000000e+02, 5.319856e+01
1.000000e+02, 5.409521e+01
1.000000e+02, 5.499924e+01
1.000000e+02, 5.591077e+01
1.000000e+02, 5.682995e+01
1.000000e+02, 5.775690e+01
1.000000e+02, 5.869179e+01
1.000000e+02, 5.963474e+01
1.000000e+02, 6.058593e+01
1.000000e+02, 6.154551e+01
1.000000e+02, 6.251364e+01
1.000000e+02, 6.349049e+01
1.000000e+02, 6.447625e+01
1.000000e+02, 6.547110e+01
1.000000e+02, 6.647523e+01
1.000000e+02, 6.748883e+01
1.000000e+02, 6.851212e+01
1.000000e+02, 6.954530e+01
1.000000e+02, 7.058861e+01
1.000000e+02, 7.164226e+01
1.000000e+02, 7.270650e+01
1.000000e+02, 7.378159e+01
1.000000e+02, 7.486778e+01
1.000000e+02, 7.596534e+01
1.000000e+02, 7.707457e+01
1.000000e+02, 7.819576e+01
1.000000e+02, 7.932922e+01
1.000000e+02, 8.047528e+01
1.000000e+02, 8.163427e+01
1.000000e+02, 8.280657e+01
1.000000e+02, 8.399253e+01
1.000000e+02, 8.519256e+01
1.000000e+02, 8.640707e+01
1.000000e+02, 8.763650e+01
1.000000e+02, 8.888130e+01
1.000000e+02, 9.014197e+01
1.000000e+02, 9.141901e+01
1.000000e+02, 9.271297e+01
1.000000e+02, 9.402443e+01
1.000000e+02, 9.535397e+01
1.000000e+02, 9.670227e+01
1.000000e+02, 9.806999e+01
1.000000e+02, 9.945788e+01
1.000000e+02, 1.008667e+02
1.000000e+02, 1.022973e+02
1.000000e+02, 1.037506e+02
1.000000e+02, 1.052275e+02
1.000000e+02, 1.067290e+02
1.000000e+02, 1.082563e+02
1.000000e+02, 1.098106e+02
1.000000e+02, 1.113931e+02
1.000000e+02, 1.130053e+02
1.000000e+02, 1.146487e+02
1.000000e+02, 1.163249e+02
1.000000e+02, 1.180358e+02
1.000000e+02, 1.197834e+02
1.000000e+02, 1.215698e+02
1.000000e+02, 1.233977e+02
1.000000e+02, 1.252696e+02
1.000000e+02, 1.271886e+02
1.000000e+02, 1.291582e+02
1.000000e+02, 1.311821e+02
1.000000e+02, 1.332649e+02
1.000000e+02, 1.354115e+02
1.000000e+02, 1.376278e+02
1.000000e+02, 1.399204e+02
1.000000e+02, 1.422974e+02
1.000000e+02, 1.447681e+02
1.000000e+02, 1.473441e+02
1.000000e+02, 1.500391e+02
1.000000e+02, 1.528706e+02
1.000000e+02, 1.558606e+02
1.000000e+02, 1.590380e+02
1.000000e+02, 1.624418e+02
1.000000e+02, 1.661268e+02
1.000000e+02, 1.701751e+02
1.000000e+02, 1.747187e+02
1.000000e+02, 1.800000e+02
##END= 