##TITLE= /opt/topspin3.0/exp/stan/nmr/lists/wave/user/HypSec_trunc2.84_110
##JCAMP-DX= 5.00 Bruker JCAMP library
##DATA TYPE= Shape Data
##ORIGIN= Bruker BioSpin GmbH
##OWNER= <nmrsu>
##DATE= 15/02/24
##TIME= 16:15:04
##MINX= 1.164538e+01
##MAXX= 9.999960e+01
##MINY= 2.546774e-02
##MAXY= 3.585574e+02
##$SHAPE_EXMODE= Adiabatic
##$SHAPE_TOTROT= 1.800000e+02
##$SHAPE_BWFAC= 1.929340e+02
##$SHAPE_INTEGFAC= 2.356110e-02
##$SHAPE_MODE= 0
##NPOINTS= 1000
##XYPOINTS= (XY..XY)
1.000000e+02, 1.800000e+02
1.000000e+02, 1.711647e+02
1.000000e+02, 1.635633e+02
1.000000e+02, 1.567908e+02
1.000000e+02, 1.506259e+02
1.000000e+02, 1.449315e+02
1.000000e+02, 1.396158e+02
1.000000e+02, 1.346136e+02
1.000000e+02, 1.298767e+02
1.000000e+02, 1.253680e+02
1.000000e+02, 1.210586e+02
1.000000e+02, 1.169251e+02
1.000000e+02, 1.129486e+02
1.000000e+02, 1.091131e+02
1.000000e+02, 1.054054e+02
1.000000e+02, 1.018143e+02
1.000000e+02, 9.832988e+01
1.000000e+02, 9.494386e+01
1.000000e+02, 9.164885e+01
1.000000e+02, 8.843840e+01
1.000000e+02, 8.530679e+01
1.000000e+02, 8.224891e+01
1.000000e+02, 7.926020e+01
1.000000e+02, 7.633657e+01
1.000000e+02, 7.347432e+01
1.000000e+02, 7.067009e+01
1.000000e+02, 6.792082e+01
1.000000e+02, 6.522372e+01
1.000000e+02, 6.257623e+01
1.000000e+02, 5.997601e+01
1.000000e+02, 5.742089e+01
1.000000e+02, 5.490886e+01
1.000000e+02, 5.243808e+01
1.000000e+02, 5.000682e+01
1.000000e+02, 4.761348e+01
1.000000e+02, 4.525657e+01
1.000000e+02, 4.293470e+01
1.000000e+02, 4.064656e+01
1.000000e+02, 3.839092e+01
1.000000e+02, 3.616664e+01
1.000000e+02, 3.397264e+01
1.000000e+02, 3.180791e+01
1.000000e+02, 2.967147e+01
1.000000e+02, 2.756243e+01
1.000000e+02, 2.547992e+01
1.000000e+02, 2.342314e+01
1.000000e+02, 2.139132e+01
1.000000e+02, 1.938372e+01
1.000000e+02, 1.739966e+01
1.000000e+02, 1.543847e+01
1.000000e+02, 1.349952e+01
1.000000e+02, 1.158222e+01
1.000000e+02, 9.685987e+00
1.000000e+02, 7.810288e+00
1.000000e+02, 5.954597e+00
1.000000e+02, 4.118416e+00
1.000000e+02, 2.301268e+00
1.000000e+02, 5.026962e-01
1.000000e+02, 3.587223e+02
1.000000e+02, 3.569595e+02
1.000000e+02, 3.552142e+02
1.000000e+02, 3.534857e+02
1.000000e+02, 3.517738e+02
1.000000e+02, 3.500781e+02
1.000000e+02, 3.483982e+02
1.000000e+02, 3.467339e+02
1.000000e+02, 3.450847e+02
1.000000e+02, 3.434505e+02
1.000000e+02, 3.418308e+02
1.000000e+02, 3.402255e+02
1.000000e+02, 3.386342e+02
1.000000e+02, 3.370567e+02
1.000000e+02, 3.354927e+02
1.000000e+02, 3.339419e+02
1.000000e+02, 3.324042e+02
1.000000e+02, 3.308792e+02
1.000000e+02, 3.293668e+02
1.000000e+02, 3.278668e+02
1.000000e+02, 3.263788e+02
1.000000e+02, 3.249028e+02
1.000000e+02, 3.234385e+02
1.000000e+02, 3.219858e+02
1.000000e+02, 3.205443e+02
1.000000e+02, 3.191141e+02
1.000000e+02, 3.176948e+02
1.000000e+02, 3.162863e+02
1.000000e+02, 3.148884e+02
1.000000e+02, 3.135011e+02
1.000000e+02, 3.121240e+02
1.000000e+02, 3.107571e+02
1.000000e+02, 3.094003e+02
1.000000e+02, 3.080532e+02
1.000000e+02, 3.067160e+02
1.000000e+02, 3.053883e+02
1.000000e+02, 3.040700e+02
1.000000e+02, 3.027611e+02
1.000000e+02, 3.014614e+02
1.000000e+02, 3.001708e+02
1.000000e+02, 2.988891e+02
1.000000e+02, 2.976162e+02
1.000000e+02, 2.963520e+02
1.000000e+02, 2.950965e+02
1.000000e+02, 2.938494e+02
1.000000e+02, 2.926107e+02
1.000000e+02, 2.913803e+02
1.000000e+02, 2.901581e+02
1.000000e+02, 2.889440e+02
1.000000e+02, 2.877378e+02
1.000000e+02, 2.865395e+02
1.000000e+02, 2.853490e+02
1.000000e+02, 2.841662e+02
1.000000e+02, 2.829910e+02
1.000000e+02, 2.818233e+02
1.000000e+02, 2.806630e+02
1.000000e+02, 2.795101e+02
1.000000e+02, 2.783645e+02
1.000000e+02, 2.772260e+02
1.000000e+02, 2.760947e+02
1.000000e+02, 2.749704e+02
1.000000e+02, 2.738530e+02
1.000000e+02, 2.727425e+02
1.000000e+02, 2.716389e+02
1.000000e+02, 2.705420e+02
1.000000e+02, 2.694517e+02
1.000000e+02, 2.683680e+02
1.000000e+02, 2.672909e+02
1.000000e+02, 2.662202e+02
1.000000e+02, 2.651560e+02
1.000000e+02, 2.640980e+02
1.000000e+02, 2.630464e+02
1.000000e+02, 2.620010e+02
1.000000e+02, 2.609617e+02
1.000000e+02, 2.599285e+02
1.000000e+02, 2.589014e+02
1.000000e+02, 2.578802e+02
1.000000e+02, 2.568650e+02
1.000000e+02, 2.558557e+02
1.000000e+02, 2.548521e+02
1.000000e+02, 2.538544e+02
1.000000e+02, 2.528623e+02
1.000000e+02, 2.518760e+02
1.000000e+02, 2.508952e+02
1.000000e+02, 2.499200e+02
1.000000e+02, 2.489504e+02
1.000000e+02, 2.479862e+02
1.000000e+02, 2.470274e+02
1.000000e+02, 2.460740e+02
1.000000e+02, 2.451259e+02
1.000000e+02, 2.441832e+02
1.000000e+02, 2.432456e+02
1.000000e+02, 2.423133e+02
1.000000e+02, 2.413862e+02
1.000000e+02, 2.404642e+02
1.000000e+02, 2.395472e+02
1.000000e+02, 2.386353e+02
1.000000e+02, 2.377284e+02
1.000000e+02, 2.368264e+02
1.000000e+02, 2.359294e+02
1.000000e+02, 2.350373e+02
1.000000e+02, 2.341500e+02
1.000000e+02, 2.332675e+02
1.000000e+02, 2.323898e+02
1.000000e+02, 2.315169e+02
1.000000e+02, 2.306486e+02
1.000000e+02, 2.297851e+02
1.000000e+02, 2.289261e+02
1.000000e+02, 2.280718e+02
1.000000e+02, 2.272221e+02
1.000000e+02, 2.263769e+02
1.000000e+02, 2.255362e+02
1.000000e+02, 2.246999e+02
1.000000e+02, 2.238682e+02
1.000000e+02, 2.230408e+02
1.000000e+02, 2.222178e+02
1.000000e+02, 2.213992e+02
1.000000e+02, 2.205849e+02
1.000000e+02, 2.197749e+02
1.000000e+02, 2.189692e+02
1.000000e+02, 2.181678e+02
1.000000e+02, 2.173705e+02
1.000000e+02, 2.165774e+02
1.000000e+02, 2.157885e+02
1.000000e+02, 2.150037e+02
1.000000e+02, 2.142231e+02
1.000000e+02, 2.134465e+02
1.000000e+02, 2.126740e+02
1.000000e+02, 2.119055e+02
1.000000e+02, 2.111410e+02
1.000000e+02, 2.103805e+02
1.000000e+02, 2.096240e+02
1.000000e+02, 2.088714e+02
1.000000e+02, 2.081227e+02
1.000000e+02, 2.073779e+02
1.000000e+02, 2.066369e+02
1.000000e+02, 2.058998e+02
1.000000e+02, 2.051666e+02
1.000000e+02, 2.044371e+02
1.000000e+02, 2.037114e+02
1.000000e+02, 2.029895e+02
1.000000e+02, 2.022713e+02
1.000000e+02, 2.015568e+02
1.000000e+02, 2.008460e+02
1.000000e+02, 2.001389e+02
1.000000e+02, 1.994355e+02
1.000000e+02, 1.987356e+02
1.000000e+02, 1.980394e+02
1.000000e+02, 1.973468e+02
1.000000e+02, 1.966578e+02
1.000000e+02, 1.959723e+02
1.000000e+02, 1.952904e+02
1.000000e+02, 1.946119e+02
1.000000e+02, 1.939370e+02
1.000000e+02, 1.932656e+02
1.000000e+02, 1.925976e+02
1.000000e+02, 1.919331e+02
1.000000e+02, 1.912720e+02
1.000000e+02, 1.906143e+02
1.000000e+02, 1.899601e+02
1.000000e+02, 1.893092e+02
1.000000e+02, 1.886616e+02
1.000000e+02, 1.880175e+02
1.000000e+02, 1.873766e+02
1.000000e+02, 1.867391e+02
1.000000e+02, 1.861048e+02
1.000000e+02, 1.854739e+02
1.000000e+02, 1.848462e+02
1.000000e+02, 1.842218e+02
1.000000e+02, 1.836006e+02
1.000000e+02, 1.829826e+02
1.000000e+02, 1.823679e+02
1.000000e+02, 1.817563e+02
1.000000e+02, 1.811479e+02
1.000000e+02, 1.805427e+02
1.000000e+02, 1.799406e+02
1.000000e+02, 1.793417e+02
1.000000e+02, 1.787459e+02
1.000000e+02, 1.781532e+02
1.000000e+02, 1.775636e+02
1.000000e+02, 1.769771e+02
1.000000e+02, 1.763936e+02
1.000000e+02, 1.758133e+02
1.000000e+02, 1.752359e+02
1.000000e+02, 1.746616e+02
1.000000e+02, 1.740903e+02
1.000000e+02, 1.735220e+02
1.000000e+02, 1.729567e+02
1.000000e+02, 1.723944e+02
1.000000e+02, 1.718351e+02
1.000000e+02, 1.712787e+02
1.000000e+02, 1.707252e+02
1.000000e+02, 1.701747e+02
1.000000e+02, 1.696272e+02
1.000000e+02, 1.690825e+02
1.000000e+02, 1.685407e+02
1.000000e+02, 1.680018e+02
1.000000e+02, 1.674658e+02
1.000000e+02, 1.669327e+02
1.000000e+02, 1.664024e+02
1.000000e+02, 1.658750e+02
1.000000e+02, 1.653504e+02
1.000000e+02, 1.648286e+02
1.000000e+02, 1.643096e+02
1.000000e+02, 1.637935e+02
1.000000e+02, 1.632801e+02
1.000000e+02, 1.627695e+02
1.000000e+02, 1.622617e+02
1.000000e+02, 1.617566e+02
1.000000e+02, 1.612543e+02
1.000000e+02, 1.607548e+02
1.000000e+02, 1.602579e+02
1.000000e+02, 1.597638e+02
1.000000e+02, 1.592724e+02
1.000000e+02, 1.587838e+02
1.000000e+02, 1.582978e+02
1.000000e+02, 1.578145e+02
1.000000e+02, 1.573338e+02
1.000000e+02, 1.568559e+02
1.000000e+02, 1.563806e+02
1.000000e+02, 1.559080e+02
1.000000e+02, 1.554379e+02
1.000000e+02, 1.549706e+02
1.000000e+02, 1.545058e+02
1.000000e+02, 1.540437e+02
1.000000e+02, 1.535842e+02
1.000000e+02, 1.531273e+02
1.000000e+02, 1.526730e+02
1.000000e+02, 1.522212e+02
1.000000e+02, 1.517720e+02
1.000000e+02, 1.513255e+02
1.000000e+02, 1.508814e+02
1.000000e+02, 1.504399e+02
1.000000e+02, 1.500010e+02
1.000000e+02, 1.495646e+02
1.000000e+02, 1.491307e+02
1.000000e+02, 1.486994e+02
1.000000e+02, 1.482705e+02
1.000000e+02, 1.478442e+02
1.000000e+02, 1.474203e+02
1.000000e+02, 1.469990e+02
1.000000e+02, 1.465802e+02
1.000000e+02, 1.461638e+02
1.000000e+02, 1.457499e+02
1.000000e+02, 1.453384e+02
1.000000e+02, 1.449294e+02
1.000000e+02, 1.445229e+02
1.000000e+02, 1.441188e+02
1.000000e+02, 1.437172e+02
1.000000e+02, 1.433179e+02
1.000000e+02, 1.429212e+02
1.000000e+02, 1.425268e+02
1.000000e+02, 1.421348e+02
1.000000e+02, 1.417452e+02
1.000000e+02, 1.413581e+02
1.000000e+02, 1.409733e+02
1.000000e+02, 1.405909e+02
1.000000e+02, 1.402109e+02
1.000000e+02, 1.398333e+02
1.000000e+02, 1.394580e+02
1.000000e+02, 1.390851e+02
1.000000e+02, 1.387146e+02
1.000000e+02, 1.383464e+02
1.000000e+02, 1.379805e+02
1.000000e+02, 1.376170e+02
1.000000e+02, 1.372558e+02
1.000000e+02, 1.368970e+02
1.000000e+02, 1.365404e+02
1.000000e+02, 1.361862e+02
1.000000e+02, 1.358343e+02
1.000000e+02, 1.354847e+02
1.000000e+02, 1.351374e+02
1.000000e+02, 1.347924e+02
1.000000e+02, 1.344497e+02
1.000000e+02, 1.341093e+02
1.000000e+02, 1.337711e+02
1.000000e+02, 1.334352e+02
1.000000e+02, 1.331016e+02
1.000000e+02, 1.327703e+02
1.000000e+02, 1.324412e+02
1.000000e+02, 1.321144e+02
1.000000e+02, 1.317898e+02
1.000000e+02, 1.314675e+02
1.000000e+02, 1.311474e+02
1.000000e+02, 1.308295e+02
1.000000e+02, 1.305139e+02
1.000000e+02, 1.302005e+02
1.000000e+02, 1.298893e+02
1.000000e+02, 1.295803e+02
1.000000e+02, 1.292736e+02
1.000000e+02, 1.289690e+02
1.000000e+02, 1.286667e+02
1.000000e+02, 1.283666e+02
1.000000e+02, 1.280686e+02
1.000000e+02, 1.277729e+02
1.000000e+02, 1.274793e+02
1.000000e+02, 1.271879e+02
1.000000e+02, 1.268987e+02
1.000000e+02, 1.266117e+02
1.000000e+02, 1.263268e+02
1.000000e+02, 1.260441e+02
1.000000e+02, 1.257636e+02
1.000000e+02, 1.254852e+02
1.000000e+02, 1.252090e+02
1.000000e+02, 1.249349e+02
1.000000e+02, 1.246630e+02
1.000000e+02, 1.243932e+02
1.000000e+02, 1.241256e+02
1.000000e+02, 1.238600e+02
1.000000e+02, 1.235967e+02
1.000000e+02, 1.233354e+02
1.000000e+02, 1.230763e+02
1.000000e+02, 1.228193e+02
1.000000e+02, 1.225644e+02
1.000000e+02, 1.223116e+02
1.000000e+02, 1.220610e+02
1.000000e+02, 1.218124e+02
1.000000e+02, 1.215660e+02
1.000000e+02, 1.213216e+02
1.000000e+02, 1.210793e+02
1.000000e+02, 1.208392e+02
1.000000e+02, 1.206011e+02
1.000000e+02, 1.203651e+02
1.000000e+02, 1.201312e+02
1.000000e+02, 1.198994e+02
1.000000e+02, 1.196697e+02
1.000000e+02, 1.194420e+02
1.000000e+02, 1.192164e+02
1.000000e+02, 1.189929e+02
1.000000e+02, 1.187714e+02
1.000000e+02, 1.185520e+02
1.000000e+02, 1.183347e+02
1.000000e+02, 1.181194e+02
1.000000e+02, 1.179062e+02
1.000000e+02, 1.176950e+02
1.000000e+02, 1.174859e+02
1.000000e+02, 1.172788e+02
1.000000e+02, 1.170738e+02
1.000000e+02, 1.168708e+02
1.000000e+02, 1.166698e+02
1.000000e+02, 1.164709e+02
1.000000e+02, 1.162740e+02
1.000000e+02, 1.160792e+02
1.000000e+02, 1.158863e+02
1.000000e+02, 1.156955e+02
1.000000e+02, 1.155068e+02
1.000000e+02, 1.153200e+02
1.000000e+02, 1.151353e+02
1.000000e+02, 1.149525e+02
1.000000e+02, 1.147718e+02
1.000000e+02, 1.145931e+02
1.000000e+02, 1.144164e+02
1.000000e+02, 1.142417e+02
1.000000e+02, 1.140690e+02
1.000000e+02, 1.138984e+02
1.000000e+02, 1.137297e+02
1.000000e+02, 1.135630e+02
1.000000e+02, 1.133983e+02
1.000000e+02, 1.132356e+02
1.000000e+02, 1.130749e+02
1.000000e+02, 1.129162e+02
1.000000e+02, 1.127595e+02
1.000000e+02, 1.126047e+02
1.000000e+02, 1.124520e+02
1.000000e+02, 1.123012e+02
1.000000e+02, 1.121524e+02
1.000000e+02, 1.120056e+02
1.000000e+02, 1.118608e+02
1.000000e+02, 1.117179e+02
1.000000e+02, 1.115770e+02
1.000000e+02, 1.114381e+02
1.000000e+02, 1.113011e+02
1.000000e+02, 1.111662e+02
1.000000e+02, 1.110331e+02
1.000000e+02, 1.109021e+02
1.000000e+02, 1.107730e+02
1.000000e+02, 1.106459e+02
1.000000e+02, 1.105207e+02
1.000000e+02, 1.103975e+02
1.000000e+02, 1.102762e+02
1.000000e+02, 1.101569e+02
1.000000e+02, 1.100396e+02
1.000000e+02, 1.099242e+02
1.000000e+02, 1.098107e+02
1.000000e+02, 1.096992e+02
1.000000e+02, 1.095897e+02
1.000000e+02, 1.094821e+02
1.000000e+02, 1.093764e+02
1.000000e+02, 1.092727e+02
1.000000e+02, 1.091709e+02
1.000000e+02, 1.090711e+02
1.000000e+02, 1.089732e+02
1.000000e+02, 1.088772e+02
1.000000e+02, 1.087832e+02
1.000000e+02, 1.086911e+02
1.000000e+02, 1.086010e+02
1.000000e+02, 1.085128e+02
1.000000e+02, 1.084265e+02
1.000000e+02, 1.083422e+02
1.000000e+02, 1.082598e+02
1.000000e+02, 1.081793e+02
1.000000e+02, 1.081007e+02
1.000000e+02, 1.080241e+02
1.000000e+02, 1.079494e+02
1.000000e+02, 1.078766e+02
1.000000e+02, 1.078058e+02
1.000000e+02, 1.077369e+02
1.000000e+02, 1.076699e+02
1.000000e+02, 1.076048e+02
1.000000e+02, 1.075416e+02
1.000000e+02, 1.074804e+02
1.000000e+02, 1.074211e+02
1.000000e+02, 1.073637e+02
1.000000e+02, 1.073083e+02
1.000000e+02, 1.072547e+02
1.000000e+02, 1.072031e+02
1.000000e+02, 1.071534e+02
1.000000e+02, 1.071056e+02
1.000000e+02, 1.070597e+02
1.000000e+02, 1.070157e+02
1.000000e+02, 1.069737e+02
1.000000e+02, 1.069335e+02
1.000000e+02, 1.068953e+02
1.000000e+02, 1.068590e+02
1.000000e+02, 1.068246e+02
1.000000e+02, 1.067921e+02
1.000000e+02, 1.067616e+02
1.000000e+02, 1.067329e+02
1.000000e+02, 1.067062e+02
1.000000e+02, 1.066813e+02
1.000000e+02, 1.066584e+02
1.000000e+02, 1.066374e+02
1.000000e+02, 1.066183e+02
1.000000e+02, 1.066011e+02
1.000000e+02, 1.065858e+02
1.000000e+02, 1.065725e+02
1.000000e+02, 1.065610e+02
1.000000e+02, 1.065515e+02
1.000000e+02, 1.065438e+02
1.000000e+02, 1.065381e+02
1.000000e+02, 1.065343e+02
1.000000e+02, 1.065324e+02
1.000000e+02, 1.065324e+02
1.000000e+02, 1.065343e+02
1.000000e+02, 1.065381e+02
1.000000e+02, 1.065438e+02
1.000000e+02, 1.065515e+02
1.000000e+02, 1.065610e+02
1.000000e+02, 1.065725e+02
1.000000e+02, 1.065858e+02
1.000000e+02, 1.066011e+02
1.000000e+02, 1.066183e+02
1.000000e+02, 1.066374e+02
1.000000e+02, 1.066584e+02
1.000000e+02, 1.066813e+02
1.000000e+02, 1.067062e+02
1.000000e+02, 1.067329e+02
1.000000e+02, 1.067616e+02
1.000000e+02, 1.067921e+02
1.000000e+02, 1.068246e+02
1.000000e+02, 1.068590e+02
1.000000e+02, 1.068953e+02
1.000000e+02, 1.069335e+02
1.000000e+02, 1.069737e+02
1.000000e+02, 1.070157e+02
1.000000e+02, 1.070597e+02
1.000000e+02, 1.071056e+02
1.000000e+02, 1.071534e+02
1.000000e+02, 1.072031e+02
1.000000e+02, 1.072547e+02
1.000000e+02, 1.073083e+02
1.000000e+02, 1.073637e+02
1.000000e+02, 1.074211e+02
1.000000e+02, 1.074804e+02
1.000000e+02, 1.075416e+02
1.000000e+02, 1.076048e+02
1.000000e+02, 1.076699e+02
1.000000e+02, 1.077369e+02
1.000000e+02, 1.078058e+02
1.000000e+02, 1.078766e+02
1.000000e+02, 1.079494e+02
1.000000e+02, 1.080241e+02
1.000000e+02, 1.081007e+02
1.000000e+02, 1.081793e+02
1.000000e+02, 1.082598e+02
1.000000e+02, 1.083422e+02
1.000000e+02, 1.084265e+02
1.000000e+02, 1.085128e+02
1.000000e+02, 1.086010e+02
1.000000e+02, 1.086911e+02
1.000000e+02, 1.087832e+02
1.000000e+02, 1.088772e+02
1.000000e+02, 1.089732e+02
1.000000e+02, 1.090711e+02
1.000000e+02, 1.091709e+02
1.000000e+02, 1.092727e+02
1.000000e+02, 1.093764e+02
1.000000e+02, 1.094821e+02
1.000000e+02, 1.095897e+02
1.000000e+02, 1.096992e+02
1.000000e+02, 1.098107e+02
1.000000e+02, 1.099242e+02
1.000000e+02, 1.100396e+02
1.000000e+02, 1.101569e+02
1.000000e+02, 1.102762e+02
1.000000e+02, 1.103975e+02
1.000000e+02, 1.105207e+02
1.000000e+02, 1.106459e+02
1.000000e+02, 1.107730e+02
1.000000e+02, 1.109021e+02
1.000000e+02, 1.110331e+02
1.000000e+02, 1.111662e+02
1.000000e+02, 1.113011e+02
1.000000e+02, 1.114381e+02
1.000000e+02, 1.115770e+02
1.000000e+02, 1.117179e+02
1.000000e+02, 1.118608e+02
1.000000e+02, 1.120056e+02
1.000000e+02, 1.121524e+02
1.000000e+02, 1.123012e+02
1.000000e+02, 1.124520e+02
1.000000e+02, 1.126047e+02
1.000000e+02, 1.127595e+02
1.000000e+02, 1.129162e+02
1.000000e+02, 1.130749e+02
1.000000e+02, 1.132356e+02
1.000000e+02, 1.133983e+02
1.000000e+02, 1.135630e+02
1.000000e+02, 1.137297e+02
1.000000e+02, 1.138984e+02
1.000000e+02, 1.140691e+02
1.000000e+02, 1.142417e+02
1.000000e+02, 1.144164e+02
1.000000e+02, 1.145931e+02
1.000000e+02, 1.147718e+02
1.000000e+02, 1.149525e+02
1.000000e+02, 1.151353e+02
1.000000e+02, 1.153200e+02
1.000000e+02, 1.155068e+02
1.000000e+02, 1.156955e+02
1.000000e+02, 1.158863e+02
1.000000e+02, 1.160792e+02
1.000000e+02, 1.162740e+02
1.000000e+02, 1.164709e+02
1.000000e+02, 1.166698e+02
1.000000e+02, 1.168708e+02
1.000000e+02, 1.170738e+02
1.000000e+02, 1.172788e+02
1.000000e+02, 1.174859e+02
1.000000e+02, 1.176950e+02
1.000000e+02, 1.179062e+02
1.000000e+02, 1.181194e+02
1.000000e+02, 1.183347e+02
1.000000e+02, 1.185520e+02
1.000000e+02, 1.187714e+02
1.000000e+02, 1.189929e+02
1.000000e+02, 1.192164e+02
1.000000e+02, 1.194420e+02
1.000000e+02, 1.196697e+02
1.000000e+02, 1.198994e+02
1.000000e+02, 1.201312e+02
1.000000e+02, 1.203651e+02
1.000000e+02, 1.206011e+02
1.000000e+02, 1.208392e+02
1.000000e+02, 1.210793e+02
1.000000e+02, 1.213216e+02
1.000000e+02, 1.215660e+02
1.000000e+02, 1.218124e+02
1.000000e+02, 1.220610e+02
1.000000e+02, 1.223116e+02
1.000000e+02, 1.225644e+02
1.000000e+02, 1.228193e+02
1.000000e+02, 1.230763e+02
1.000000e+02, 1.233354e+02
1.000000e+02, 1.235967e+02
1.000000e+02, 1.238600e+02
1.000000e+02, 1.241256e+02
1.000000e+02, 1.243932e+02
1.000000e+02, 1.246630e+02
1.000000e+02, 1.249349e+02
1.000000e+02, 1.252090e+02
1.000000e+02, 1.254852e+02
1.000000e+02, 1.257636e+02
1.000000e+02, 1.260441e+02
1.000000e+02, 1.263268e+02
1.000000e+02, 1.266117e+02
1.000000e+02, 1.268987e+02
1.000000e+02, 1.271879e+02
1.000000e+02, 1.274793e+02
1.000000e+02, 1.277729e+02
1.000000e+02, 1.280686e+02
1.000000e+02, 1.283666e+02
1.000000e+02, 1.286667e+02
1.000000e+02, 1.289691e+02
1.000000e+02, 1.292736e+02
1.000000e+02, 1.295803e+02
1.000000e+02, 1.298893e+02
1.000000e+02, 1.302005e+02
1.000000e+02, 1.305139e+02
1.000000e+02, 1.308295e+02
1.000000e+02, 1.311474e+02
1.000000e+02, 1.314675e+02
1.000000e+02, 1.317898e+02
1.000000e+02, 1.321144e+02
1.000000e+02, 1.324412e+02
1.000000e+02, 1.327703e+02
1.000000e+02, 1.331016e+02
1.000000e+02, 1.334352e+02
1.000000e+02, 1.337711e+02
1.000000e+02, 1.341093e+02
1.000000e+02, 1.344497e+02
1.000000e+02, 1.347924e+02
1.000000e+02, 1.351374e+02
1.000000e+02, 1.354847e+02
1.000000e+02, 1.358343e+02
1.000000e+02, 1.361862e+02
1.000000e+02, 1.365404e+02
1.000000e+02, 1.368970e+02
1.000000e+02, 1.372558e+02
1.000000e+02, 1.376170e+02
1.000000e+02, 1.379805e+02
1.000000e+02, 1.383464e+02
1.000000e+02, 1.387146e+02
1.000000e+02, 1.390851e+02
1.000000e+02, 1.394580e+02
1.000000e+02, 1.398333e+02
1.000000e+02, 1.402109e+02
1.000000e+02, 1.405909e+02
1.000000e+02, 1.409733e+02
1.000000e+02, 1.413581e+02
1.000000e+02, 1.417452e+02
1.000000e+02, 1.421348e+02
1.000000e+02, 1.425268e+02
1.000000e+02, 1.429212e+02
1.000000e+02, 1.433180e+02
1.000000e+02, 1.437172e+02
1.000000e+02, 1.441188e+02
1.000000e+02, 1.445229e+02
1.000000e+02, 1.449294e+02
1.000000e+02, 1.453384e+02
1.000000e+02, 1.457499e+02
1.000000e+02, 1.461638e+02
1.000000e+02, 1.465802e+02
1.000000e+02, 1.469990e+02
1.000000e+02, 1.474204e+02
1.000000e+02, 1.478442e+02
1.000000e+02, 1.482705e+02
1.000000e+02, 1.486994e+02
1.000000e+02, 1.491307e+02
1.000000e+02, 1.495646e+02
1.000000e+02, 1.500010e+02
1.000000e+02, 1.504399e+02
1.000000e+02, 1.508814e+02
1.000000e+02, 1.513255e+02
1.000000e+02, 1.517721e+02
1.000000e+02, 1.522212e+02
1.000000e+02, 1.526730e+02
1.000000e+02, 1.531273e+02
1.000000e+02, 1.535842e+02
1.000000e+02, 1.540437e+02
1.000000e+02, 1.545058e+02
1.000000e+02, 1.549706e+02
1.000000e+02, 1.554380e+02
1.000000e+02, 1.559080e+02
1.000000e+02, 1.563806e+02
1.000000e+02, 1.568559e+02
1.000000e+02, 1.573338e+02
1.000000e+02, 1.578145e+02
1.000000e+02, 1.582978e+02
1.000000e+02, 1.587838e+02
1.000000e+02, 1.592724e+02
1.000000e+02, 1.597638e+02
1.000000e+02, 1.602579e+02
1.000000e+02, 1.607548e+02
1.000000e+02, 1.612543e+02
1.000000e+02, 1.617566e+02
1.000000e+02, 1.622617e+02
1.000000e+02, 1.627695e+02
1.000000e+02, 1.632801e+02
1.000000e+02, 1.637935e+02
1.000000e+02, 1.643096e+02
1.000000e+02, 1.648286e+02
1.000000e+02, 1.653504e+02
1.000000e+02, 1.658750e+02
1.000000e+02, 1.664024e+02
1.000000e+02, 1.669327e+02
1.000000e+02, 1.674658e+02
1.000000e+02, 1.680018e+02
1.000000e+02, 1.685407e+02
1.000000e+02, 1.690825e+02
1.000000e+02, 1.696272e+02
1.000000e+02, 1.701747e+02
1.000000e+02, 1.707252e+02
1.000000e+02, 1.712787e+02
1.000000e+02, 1.718351e+02
1.000000e+02, 1.723944e+02
1.000000e+02, 1.729567e+02
1.000000e+02, 1.735220e+02
1.000000e+02, 1.740903e+02
1.000000e+02, 1.746616e+02
1.000000e+02, 1.752359e+02
1.000000e+02, 1.758133e+02
1.000000e+02, 1.763936e+02
1.000000e+02, 1.769771e+02
1.000000e+02, 1.775636e+02
1.000000e+02, 1.781532e+02
1.000000e+02, 1.787459e+02
1.000000e+02, 1.793417e+02
1.000000e+02, 1.799406e+02
1.000000e+02, 1.805427e+02
1.000000e+02, 1.811479e+02
1.000000e+02, 1.817563e+02
1.000000e+02, 1.823679e+02
1.000000e+02, 1.829826e+02
1.000000e+02, 1.836006e+02
1.000000e+02, 1.842218e+02
1.000000e+02, 1.848462e+02
1.000000e+02, 1.854739e+02
1.000000e+02, 1.861048e+02
1.000000e+02, 1.867391e+02
1.000000e+02, 1.873766e+02
1.000000e+02, 1.880175e+02
1.000000e+02, 1.886616e+02
1.000000e+02, 1.893092e+02
1.000000e+02, 1.899601e+02
1.000000e+02, 1.906143e+02
1.000000e+02, 1.912720e+02
1.000000e+02, 1.919331e+02
1.000000e+02, 1.925976e+02
1.000000e+02, 1.932656e+02
1.000000e+02, 1.939370e+02
1.000000e+02, 1.946119e+02
1.000000e+02, 1.952904e+02
1.000000e+02, 1.959723e+02
1.000000e+02, 1.966578e+02
1.000000e+02, 1.973468e+02
1.000000e+02, 1.980394e+02
1.000000e+02, 1.987356e+02
1.000000e+02, 1.994355e+02
1.000000e+02, 2.001389e+02
1.000000e+02, 2.008460e+02
1.000000e+02, 2.015568e+02
1.000000e+02, 2.022713e+02
1.000000e+02, 2.029895e+02
1.000000e+02, 2.037114e+02
1.000000e+02, 2.044371e+02
1.000000e+02, 2.051666e+02
1.000000e+02, 2.058999e+02
1.000000e+02, 2.066369e+02
1.000000e+02, 2.073779e+02
1.000000e+02, 2.081227e+02
1.000000e+02, 2.088714e+02
1.000000e+02, 2.096240e+02
1.000000e+02, 2.103805e+02
1.000000e+02, 2.111410e+02
1.000000e+02, 2.119055e+02
1.000000e+02, 2.126740e+02
1.000000e+02, 2.134465e+02
1.000000e+02, 2.142231e+02
1.000000e+02, 2.150037e+02
1.000000e+02, 2.157885e+02
1.000000e+02, 2.165774e+02
1.000000e+02, 2.173705e+02
1.000000e+02, 2.181678e+02
1.000000e+02, 2.189692e+02
1.000000e+02, 2.197749e+02
1.000000e+02, 2.205849e+02
1.000000e+02, 2.213992e+02
1.000000e+02, 2.222178e+02
1.000000e+02, 2.230408e+02
1.000000e+02, 2.238682e+02
1.000000e+02, 2.246999e+02
1.000000e+02, 2.255362e+02
1.000000e+02, 2.263769e+02
1.000000e+02, 2.272221e+02
1.000000e+02, 2.280718e+02
1.000000e+02, 2.289262e+02
1.000000e+02, 2.297851e+02
1.000000e+02, 2.306487e+02
1.000000e+02, 2.315169e+02
1.000000e+02, 2.323898e+02
1.000000e+02, 2.332675e+02
1.000000e+02, 2.341500e+02
1.000000e+02, 2.350373e+02
1.000000e+02, 2.359294e+02
1.000000e+02, 2.368264e+02
1.000000e+02, 2.377284e+02
1.000000e+02, 2.386353e+02
1.000000e+02, 2.395472e+02
1.000000e+02, 2.404642e+02
1.000000e+02, 2.413862e+02
1.000000e+02, 2.423133e+02
1.000000e+02, 2.432457e+02
1.000000e+02, 2.441832e+02
1.000000e+02, 2.451259e+02
1.000000e+02, 2.460740e+02
1.000000e+02, 2.470274e+02
1.000000e+02, 2.479862e+02
1.000000e+02, 2.489504e+02
1.000000e+02, 2.499200e+02
1.000000e+02, 2.508952e+02
1.000000e+02, 2.518760e+02
1.000000e+02, 2.528624e+02
1.000000e+02, 2.538544e+02
1.000000e+02, 2.548521e+02
1.000000e+02, 2.558557e+02
1.000000e+02, 2.568650e+02
1.000000e+02, 2.578802e+02
1.000000e+02, 2.589014e+02
1.000000e+02, 2.599285e+02
1.000000e+02, 2.609617e+02
1.000000e+02, 2.620010e+02
1.000000e+02, 2.630464e+02
1.000000e+02, 2.640980e+02
1.000000e+02, 2.651560e+02
1.000000e+02, 2.662202e+02
1.000000e+02, 2.672909e+02
1.000000e+02, 2.683680e+02
1.000000e+02, 2.694517e+02
1.000000e+02, 2.705420e+02
1.000000e+02, 2.716389e+02
1.000000e+02, 2.727426e+02
1.000000e+02, 2.738530e+02
1.000000e+02, 2.749704e+02
1.000000e+02, 2.760947e+02
1.000000e+02, 2.772260e+02
1.000000e+02, 2.783645e+02
1.000000e+02, 2.795101e+02
1.000000e+02, 2.806630e+02
1.000000e+02, 2.818233e+02
1.000000e+02, 2.829910e+02
1.000000e+02, 2.841662e+02
1.000000e+02, 2.853490e+02
1.000000e+02, 2.865395e+02
1.000000e+02, 2.877378e+02
1.000000e+02, 2.889440e+02
1.000000e+02, 2.901581e+02
1.000000e+02, 2.913803e+02
1.000000e+02, 2.926107e+02
1.000000e+02, 2.938494e+02
1.000000e+02, 2.950965e+02
1.000000e+02, 2.963520e+02
1.000000e+02, 2.976162e+02
1.000000e+02, 2.988891e+02
1.000000e+02, 3.001708e+02
1.000000e+02, 3.014614e+02
1.000000e+02, 3.027611e+02
1.000000e+02, 3.040700e+02
1.000000e+02, 3.053883e+02
1.000000e+02, 3.067160e+02
1.000000e+02, 3.080533e+02
1.000000e+02, 3.094003e+02
1.000000e+02, 3.107571e+02
1.000000e+02, 3.121240e+02
1.000000e+02, 3.135011e+02
1.000000e+02, 3.148884e+02
1.000000e+02, 3.162863e+02
1.000000e+02, 3.176948e+02
1.000000e+02, 3.191141e+02
1.000000e+02, 3.205443e+02
1.000000e+02, 3.219858e+02
1.000000e+02, 3.234385e+02
1.000000e+02, 3.249028e+02
1.000000e+02, 3.263788e+02
1.000000e+02, 3.278668e+02
1.000000e+02, 3.293668e+02
1.000000e+02, 3.308792e+02
1.000000e+02, 3.324042e+02
1.000000e+02, 3.339419e+02
1.000000e+02, 3.354927e+02
1.000000e+02, 3.370567e+02
1.000000e+02, 3.386342e+02
1.000000e+02, 3.402255e+02
1.000000e+02, 3.418308e+02
1.000000e+02, 3.434505e+02
1.000000e+02, 3.450847e+02
1.000000e+02, 3.467339e+02
1.000000e+02, 3.483982e+02
1.000000e+02, 3.500781e+02
1.000000e+02, 3.517738e+02
1.000000e+02, 3.534857e+02
1.000000e+02, 3.552142e+02
1.000000e+02, 3.569596e+02
1.000000e+02, 3.587223e+02
1.000000e+02, 5.027012e-01
1.000000e+02, 2.301273e+00
1.000000e+02, 4.118421e+00
1.000000e+02, 5.954602e+00
1.000000e+02, 7.810293e+00
1.000000e+02, 9.685992e+00
1.000000e+02, 1.158222e+01
1.000000e+02, 1.349952e+01
1.000000e+02, 1.543847e+01
1.000000e+02, 1.739966e+01
1.000000e+02, 1.938373e+01
1.000000e+02, 2.139132e+01
1.000000e+02, 2.342315e+01
1.000000e+02, 2.547993e+01
1.000000e+02, 2.756243e+01
1.000000e+02, 2.967147e+01
1.000000e+02, 3.180791e+01
1.000000e+02, 3.397265e+01
1.000000e+02, 3.616665e+01
1.000000e+02, 3.839093e+01
1.000000e+02, 4.064656e+01
1.000000e+02, 4.293471e+01
1.000000e+02, 4.525658e+01
1.000000e+02, 4.761349e+01
1.000000e+02, 5.000682e+01
1.000000e+02, 5.243808e+01
1.000000e+02, 5.490887e+01
1.000000e+02, 5.742089e+01
1.000000e+02, 5.997602e+01
1.000000e+02, 6.257624e+01
1.000000e+02, 6.522372e+01
1.000000e+02, 6.792082e+01
1.000000e+02, 7.067010e+01
1.000000e+02, 7.347433e+01
1.000000e+02, 7.633658e+01
1.000000e+02, 7.926021e+01
1.000000e+02, 8.224891e+01
1.000000e+02, 8.530679e+01
1.000000e+02, 8.843841e+01
1.000000e+02, 9.164886e+01
1.000000e+02, 9.494386e+01
1.000000e+02, 9.832988e+01
1.000000e+02, 1.018143e+02
1.000000e+02, 1.054054e+02
1.000000e+02, 1.091131e+02
1.000000e+02, 1.129486e+02
1.000000e+02, 1.169252e+02
1.000000e+02, 1.210586e+02
1.000000e+02, 1.253680e+02
1.000000e+02, 1.298767e+02
1.000000e+02, 1.346136e+02
1.000000e+02, 1.396158e+02
1.000000e+02, 1.449315e+02
1.000000e+02, 1.506259e+02
1.000000e+02, 1.567908e+02
1.000000e+02, 1.635633e+02
1.000000e+02, 1.711647e+02
1.000000e+02, 1.800000e+02
##END= 