##TITLE= /opt/topspin3.0/exp/stan/nmr/lists/wave/user/HypSec_trunc2.84_110
##JCAMP-DX= 5.00 Bruker JCAMP library
##DATA TYPE= Shape Data
##ORIGIN= Bruker BioSpin GmbH
##OWNER= <nmrsu>
##DATE= 15/02/24
##TIME= 16:15:04
##MINX= 1.164538e+01
##MAXX= 9.999960e+01
##MINY= 2.546774e-02
##MAXY= 3.585574e+02
##$SHAPE_EXMODE= Adiabatic
##$SHAPE_TOTROT= 1.800000e+02
##$SHAPE_BWFAC= 1.929340e+02
##$SHAPE_INTEGFAC= 2.356110e-02
##$SHAPE_MODE= 0
##NPOINTS= 1000
##XYPOINTS= (XY..XY)
1.000000e+02, 1.800000e+02
1.000000e+02, 1.727922e+02
1.000000e+02, 1.665911e+02
1.000000e+02, 1.610662e+02
1.000000e+02, 1.560369e+02
1.000000e+02, 1.513915e+02
1.000000e+02, 1.470550e+02
1.000000e+02, 1.429743e+02
1.000000e+02, 1.391099e+02
1.000000e+02, 1.354318e+02
1.000000e+02, 1.319162e+02
1.000000e+02, 1.285442e+02
1.000000e+02, 1.253002e+02
1.000000e+02, 1.221712e+02
1.000000e+02, 1.191465e+02
1.000000e+02, 1.162169e+02
1.000000e+02, 1.133744e+02
1.000000e+02, 1.106121e+02
1.000000e+02, 1.079241e+02
1.000000e+02, 1.053050e+02
1.000000e+02, 1.027503e+02
1.000000e+02, 1.002557e+02
1.000000e+02, 9.781753e+01
1.000000e+02, 9.543247e+01
1.000000e+02, 9.309747e+01
1.000000e+02, 9.080981e+01
1.000000e+02, 8.856698e+01
1.000000e+02, 8.636672e+01
1.000000e+02, 8.420693e+01
1.000000e+02, 8.208569e+01
1.000000e+02, 8.000125e+01
1.000000e+02, 7.795197e+01
1.000000e+02, 7.593633e+01
1.000000e+02, 7.395293e+01
1.000000e+02, 7.200047e+01
1.000000e+02, 7.007773e+01
1.000000e+02, 6.818357e+01
1.000000e+02, 6.631693e+01
1.000000e+02, 6.447680e+01
1.000000e+02, 6.266226e+01
1.000000e+02, 6.087242e+01
1.000000e+02, 5.910645e+01
1.000000e+02, 5.736357e+01
1.000000e+02, 5.564303e+01
1.000000e+02, 5.394415e+01
1.000000e+02, 5.226625e+01
1.000000e+02, 5.060871e+01
1.000000e+02, 4.897093e+01
1.000000e+02, 4.735235e+01
1.000000e+02, 4.575243e+01
1.000000e+02, 4.417066e+01
1.000000e+02, 4.260654e+01
1.000000e+02, 4.105962e+01
1.000000e+02, 3.952945e+01
1.000000e+02, 3.801559e+01
1.000000e+02, 3.651766e+01
1.000000e+02, 3.503524e+01
1.000000e+02, 3.356799e+01
1.000000e+02, 3.211553e+01
1.000000e+02, 3.067753e+01
1.000000e+02, 2.925365e+01
1.000000e+02, 2.784358e+01
1.000000e+02, 2.644702e+01
1.000000e+02, 2.506367e+01
1.000000e+02, 2.369326e+01
1.000000e+02, 2.233551e+01
1.000000e+02, 2.099017e+01
1.000000e+02, 1.965697e+01
1.000000e+02, 1.833569e+01
1.000000e+02, 1.702608e+01
1.000000e+02, 1.572792e+01
1.000000e+02, 1.444099e+01
1.000000e+02, 1.316508e+01
1.000000e+02, 1.189999e+01
1.000000e+02, 1.064552e+01
1.000000e+02, 9.401474e+00
1.000000e+02, 8.167676e+00
1.000000e+02, 6.943944e+00
1.000000e+02, 5.730104e+00
1.000000e+02, 4.525988e+00
1.000000e+02, 3.331434e+00
1.000000e+02, 2.146283e+00
1.000000e+02, 9.703812e-01
1.000000e+02, 3.598036e+02
1.000000e+02, 3.586457e+02
1.000000e+02, 3.574967e+02
1.000000e+02, 3.563564e+02
1.000000e+02, 3.552246e+02
1.000000e+02, 3.541012e+02
1.000000e+02, 3.529861e+02
1.000000e+02, 3.518792e+02
1.000000e+02, 3.507803e+02
1.000000e+02, 3.496893e+02
1.000000e+02, 3.486062e+02
1.000000e+02, 3.475308e+02
1.000000e+02, 3.464630e+02
1.000000e+02, 3.454027e+02
1.000000e+02, 3.443498e+02
1.000000e+02, 3.433042e+02
1.000000e+02, 3.422658e+02
1.000000e+02, 3.412346e+02
1.000000e+02, 3.402103e+02
1.000000e+02, 3.391929e+02
1.000000e+02, 3.381824e+02
1.000000e+02, 3.371787e+02
1.000000e+02, 3.361816e+02
1.000000e+02, 3.351911e+02
1.000000e+02, 3.342071e+02
1.000000e+02, 3.332296e+02
1.000000e+02, 3.322584e+02
1.000000e+02, 3.312935e+02
1.000000e+02, 3.303347e+02
1.000000e+02, 3.293821e+02
1.000000e+02, 3.284356e+02
1.000000e+02, 3.274951e+02
1.000000e+02, 3.265605e+02
1.000000e+02, 3.256318e+02
1.000000e+02, 3.247088e+02
1.000000e+02, 3.237916e+02
1.000000e+02, 3.228801e+02
1.000000e+02, 3.219742e+02
1.000000e+02, 3.210738e+02
1.000000e+02, 3.201790e+02
1.000000e+02, 3.192895e+02
1.000000e+02, 3.184055e+02
1.000000e+02, 3.175268e+02
1.000000e+02, 3.166533e+02
1.000000e+02, 3.157851e+02
1.000000e+02, 3.149221e+02
1.000000e+02, 3.140642e+02
1.000000e+02, 3.132113e+02
1.000000e+02, 3.123635e+02
1.000000e+02, 3.115206e+02
1.000000e+02, 3.106827e+02
1.000000e+02, 3.098497e+02
1.000000e+02, 3.090215e+02
1.000000e+02, 3.081980e+02
1.000000e+02, 3.073794e+02
1.000000e+02, 3.065654e+02
1.000000e+02, 3.057561e+02
1.000000e+02, 3.049515e+02
1.000000e+02, 3.041514e+02
1.000000e+02, 3.033558e+02
1.000000e+02, 3.025648e+02
1.000000e+02, 3.017782e+02
1.000000e+02, 3.009960e+02
1.000000e+02, 3.002183e+02
1.000000e+02, 2.994448e+02
1.000000e+02, 2.986757e+02
1.000000e+02, 2.979109e+02
1.000000e+02, 2.971504e+02
1.000000e+02, 2.963940e+02
1.000000e+02, 2.956418e+02
1.000000e+02, 2.948938e+02
1.000000e+02, 2.941498e+02
1.000000e+02, 2.934100e+02
1.000000e+02, 2.926742e+02
1.000000e+02, 2.919424e+02
1.000000e+02, 2.912146e+02
1.000000e+02, 2.904908e+02
1.000000e+02, 2.897709e+02
1.000000e+02, 2.890549e+02
1.000000e+02, 2.883427e+02
1.000000e+02, 2.876344e+02
1.000000e+02, 2.869299e+02
1.000000e+02, 2.862292e+02
1.000000e+02, 2.855323e+02
1.000000e+02, 2.848391e+02
1.000000e+02, 2.841495e+02
1.000000e+02, 2.834637e+02
1.000000e+02, 2.827815e+02
1.000000e+02, 2.821030e+02
1.000000e+02, 2.814280e+02
1.000000e+02, 2.807567e+02
1.000000e+02, 2.800888e+02
1.000000e+02, 2.794245e+02
1.000000e+02, 2.787638e+02
1.000000e+02, 2.781065e+02
1.000000e+02, 2.774526e+02
1.000000e+02, 2.768022e+02
1.000000e+02, 2.761553e+02
1.000000e+02, 2.755117e+02
1.000000e+02, 2.748715e+02
1.000000e+02, 2.742346e+02
1.000000e+02, 2.736011e+02
1.000000e+02, 2.729709e+02
1.000000e+02, 2.723439e+02
1.000000e+02, 2.717203e+02
1.000000e+02, 2.710999e+02
1.000000e+02, 2.704827e+02
1.000000e+02, 2.698687e+02
1.000000e+02, 2.692580e+02
1.000000e+02, 2.686504e+02
1.000000e+02, 2.680459e+02
1.000000e+02, 2.674446e+02
1.000000e+02, 2.668464e+02
1.000000e+02, 2.662513e+02
1.000000e+02, 2.656593e+02
1.000000e+02, 2.650704e+02
1.000000e+02, 2.644845e+02
1.000000e+02, 2.639016e+02
1.000000e+02, 2.633218e+02
1.000000e+02, 2.627449e+02
1.000000e+02, 2.621710e+02
1.000000e+02, 2.616001e+02
1.000000e+02, 2.610322e+02
1.000000e+02, 2.604671e+02
1.000000e+02, 2.599050e+02
1.000000e+02, 2.593458e+02
1.000000e+02, 2.587895e+02
1.000000e+02, 2.582361e+02
1.000000e+02, 2.576855e+02
1.000000e+02, 2.571377e+02
1.000000e+02, 2.565928e+02
1.000000e+02, 2.560507e+02
1.000000e+02, 2.555114e+02
1.000000e+02, 2.549749e+02
1.000000e+02, 2.544411e+02
1.000000e+02, 2.539101e+02
1.000000e+02, 2.533819e+02
1.000000e+02, 2.528563e+02
1.000000e+02, 2.523335e+02
1.000000e+02, 2.518135e+02
1.000000e+02, 2.512961e+02
1.000000e+02, 2.507813e+02
1.000000e+02, 2.502693e+02
1.000000e+02, 2.497599e+02
1.000000e+02, 2.492531e+02
1.000000e+02, 2.487490e+02
1.000000e+02, 2.482475e+02
1.000000e+02, 2.477486e+02
1.000000e+02, 2.472522e+02
1.000000e+02, 2.467585e+02
1.000000e+02, 2.462674e+02
1.000000e+02, 2.457788e+02
1.000000e+02, 2.452927e+02
1.000000e+02, 2.448092e+02
1.000000e+02, 2.443282e+02
1.000000e+02, 2.438497e+02
1.000000e+02, 2.433738e+02
1.000000e+02, 2.429003e+02
1.000000e+02, 2.424293e+02
1.000000e+02, 2.419608e+02
1.000000e+02, 2.414947e+02
1.000000e+02, 2.410311e+02
1.000000e+02, 2.405700e+02
1.000000e+02, 2.401112e+02
1.000000e+02, 2.396549e+02
1.000000e+02, 2.392010e+02
1.000000e+02, 2.387495e+02
1.000000e+02, 2.383004e+02
1.000000e+02, 2.378537e+02
1.000000e+02, 2.374094e+02
1.000000e+02, 2.369674e+02
1.000000e+02, 2.365278e+02
1.000000e+02, 2.360905e+02
1.000000e+02, 2.356556e+02
1.000000e+02, 2.352230e+02
1.000000e+02, 2.347927e+02
1.000000e+02, 2.343648e+02
1.000000e+02, 2.339391e+02
1.000000e+02, 2.335157e+02
1.000000e+02, 2.330947e+02
1.000000e+02, 2.326759e+02
1.000000e+02, 2.322593e+02
1.000000e+02, 2.318450e+02
1.000000e+02, 2.314330e+02
1.000000e+02, 2.310233e+02
1.000000e+02, 2.306157e+02
1.000000e+02, 2.302104e+02
1.000000e+02, 2.298073e+02
1.000000e+02, 2.294065e+02
1.000000e+02, 2.290078e+02
1.000000e+02, 2.286113e+02
1.000000e+02, 2.282171e+02
1.000000e+02, 2.278250e+02
1.000000e+02, 2.274351e+02
1.000000e+02, 2.270473e+02
1.000000e+02, 2.266617e+02
1.000000e+02, 2.262783e+02
1.000000e+02, 2.258971e+02
1.000000e+02, 2.255179e+02
1.000000e+02, 2.251409e+02
1.000000e+02, 2.247661e+02
1.000000e+02, 2.243933e+02
1.000000e+02, 2.240227e+02
1.000000e+02, 2.236541e+02
1.000000e+02, 2.232877e+02
1.000000e+02, 2.229234e+02
1.000000e+02, 2.225612e+02
1.000000e+02, 2.222010e+02
1.000000e+02, 2.218429e+02
1.000000e+02, 2.214869e+02
1.000000e+02, 2.211329e+02
1.000000e+02, 2.207811e+02
1.000000e+02, 2.204312e+02
1.000000e+02, 2.200834e+02
1.000000e+02, 2.197377e+02
1.000000e+02, 2.193939e+02
1.000000e+02, 2.190522e+02
1.000000e+02, 2.187126e+02
1.000000e+02, 2.183749e+02
1.000000e+02, 2.180392e+02
1.000000e+02, 2.177056e+02
1.000000e+02, 2.173740e+02
1.000000e+02, 2.170443e+02
1.000000e+02, 2.167166e+02
1.000000e+02, 2.163910e+02
1.000000e+02, 2.160673e+02
1.000000e+02, 2.157455e+02
1.000000e+02, 2.154258e+02
1.000000e+02, 2.151080e+02
1.000000e+02, 2.147921e+02
1.000000e+02, 2.144782e+02
1.000000e+02, 2.141663e+02
1.000000e+02, 2.138563e+02
1.000000e+02, 2.135482e+02
1.000000e+02, 2.132421e+02
1.000000e+02, 2.129378e+02
1.000000e+02, 2.126356e+02
1.000000e+02, 2.123352e+02
1.000000e+02, 2.120367e+02
1.000000e+02, 2.117402e+02
1.000000e+02, 2.114455e+02
1.000000e+02, 2.111528e+02
1.000000e+02, 2.108619e+02
1.000000e+02, 2.105730e+02
1.000000e+02, 2.102859e+02
1.000000e+02, 2.100007e+02
1.000000e+02, 2.097174e+02
1.000000e+02, 2.094359e+02
1.000000e+02, 2.091563e+02
1.000000e+02, 2.088786e+02
1.000000e+02, 2.086028e+02
1.000000e+02, 2.083287e+02
1.000000e+02, 2.080566e+02
1.000000e+02, 2.077863e+02
1.000000e+02, 2.075178e+02
1.000000e+02, 2.072512e+02
1.000000e+02, 2.069864e+02
1.000000e+02, 2.067235e+02
1.000000e+02, 2.064623e+02
1.000000e+02, 2.062030e+02
1.000000e+02, 2.059455e+02
1.000000e+02, 2.056899e+02
1.000000e+02, 2.054360e+02
1.000000e+02, 2.051840e+02
1.000000e+02, 2.049337e+02
1.000000e+02, 2.046853e+02
1.000000e+02, 2.044386e+02
1.000000e+02, 2.041938e+02
1.000000e+02, 2.039507e+02
1.000000e+02, 2.037094e+02
1.000000e+02, 2.034700e+02
1.000000e+02, 2.032322e+02
1.000000e+02, 2.029963e+02
1.000000e+02, 2.027622e+02
1.000000e+02, 2.025298e+02
1.000000e+02, 2.022991e+02
1.000000e+02, 2.020703e+02
1.000000e+02, 2.018432e+02
1.000000e+02, 2.016179e+02
1.000000e+02, 2.013943e+02
1.000000e+02, 2.011724e+02
1.000000e+02, 2.009523e+02
1.000000e+02, 2.007340e+02
1.000000e+02, 2.005174e+02
1.000000e+02, 2.003025e+02
1.000000e+02, 2.000894e+02
1.000000e+02, 1.998780e+02
1.000000e+02, 1.996684e+02
1.000000e+02, 1.994604e+02
1.000000e+02, 1.992542e+02
1.000000e+02, 1.990497e+02
1.000000e+02, 1.988470e+02
1.000000e+02, 1.986459e+02
1.000000e+02, 1.984466e+02
1.000000e+02, 1.982489e+02
1.000000e+02, 1.980530e+02
1.000000e+02, 1.978588e+02
1.000000e+02, 1.976663e+02
1.000000e+02, 1.974755e+02
1.000000e+02, 1.972864e+02
1.000000e+02, 1.970989e+02
1.000000e+02, 1.969132e+02
1.000000e+02, 1.967292e+02
1.000000e+02, 1.965468e+02
1.000000e+02, 1.963662e+02
1.000000e+02, 1.961872e+02
1.000000e+02, 1.960099e+02
1.000000e+02, 1.958343e+02
1.000000e+02, 1.956603e+02
1.000000e+02, 1.954880e+02
1.000000e+02, 1.953174e+02
1.000000e+02, 1.951485e+02
1.000000e+02, 1.949812e+02
1.000000e+02, 1.948156e+02
1.000000e+02, 1.946517e+02
1.000000e+02, 1.944894e+02
1.000000e+02, 1.943288e+02
1.000000e+02, 1.941698e+02
1.000000e+02, 1.940125e+02
1.000000e+02, 1.938569e+02
1.000000e+02, 1.937029e+02
1.000000e+02, 1.935505e+02
1.000000e+02, 1.933998e+02
1.000000e+02, 1.932507e+02
1.000000e+02, 1.931033e+02
1.000000e+02, 1.929575e+02
1.000000e+02, 1.928134e+02
1.000000e+02, 1.926709e+02
1.000000e+02, 1.925300e+02
1.000000e+02, 1.923908e+02
1.000000e+02, 1.922532e+02
1.000000e+02, 1.921172e+02
1.000000e+02, 1.919828e+02
1.000000e+02, 1.918501e+02
1.000000e+02, 1.917190e+02
1.000000e+02, 1.915895e+02
1.000000e+02, 1.914617e+02
1.000000e+02, 1.913355e+02
1.000000e+02, 1.912108e+02
1.000000e+02, 1.910878e+02
1.000000e+02, 1.909665e+02
1.000000e+02, 1.908467e+02
1.000000e+02, 1.907285e+02
1.000000e+02, 1.906120e+02
1.000000e+02, 1.904970e+02
1.000000e+02, 1.903837e+02
1.000000e+02, 1.902720e+02
1.000000e+02, 1.901619e+02
1.000000e+02, 1.900533e+02
1.000000e+02, 1.899464e+02
1.000000e+02, 1.898411e+02
1.000000e+02, 1.897374e+02
1.000000e+02, 1.896353e+02
1.000000e+02, 1.895348e+02
1.000000e+02, 1.894359e+02
1.000000e+02, 1.893385e+02
1.000000e+02, 1.892428e+02
1.000000e+02, 1.891487e+02
1.000000e+02, 1.890561e+02
1.000000e+02, 1.889651e+02
1.000000e+02, 1.888758e+02
1.000000e+02, 1.887880e+02
1.000000e+02, 1.887018e+02
1.000000e+02, 1.886172e+02
1.000000e+02, 1.885342e+02
1.000000e+02, 1.884527e+02
1.000000e+02, 1.883729e+02
1.000000e+02, 1.882946e+02
1.000000e+02, 1.882179e+02
1.000000e+02, 1.881428e+02
1.000000e+02, 1.880692e+02
1.000000e+02, 1.879973e+02
1.000000e+02, 1.879269e+02
1.000000e+02, 1.878581e+02
1.000000e+02, 1.877909e+02
1.000000e+02, 1.877252e+02
1.000000e+02, 1.876611e+02
1.000000e+02, 1.875986e+02
1.000000e+02, 1.875377e+02
1.000000e+02, 1.874783e+02
1.000000e+02, 1.874205e+02
1.000000e+02, 1.873643e+02
1.000000e+02, 1.873096e+02
1.000000e+02, 1.872565e+02
1.000000e+02, 1.872050e+02
1.000000e+02, 1.871551e+02
1.000000e+02, 1.871067e+02
1.000000e+02, 1.870599e+02
1.000000e+02, 1.870146e+02
1.000000e+02, 1.869709e+02
1.000000e+02, 1.869288e+02
1.000000e+02, 1.868883e+02
1.000000e+02, 1.868493e+02
1.000000e+02, 1.868118e+02
1.000000e+02, 1.867760e+02
1.000000e+02, 1.867417e+02
1.000000e+02, 1.867089e+02
1.000000e+02, 1.866778e+02
1.000000e+02, 1.866481e+02
1.000000e+02, 1.866201e+02
1.000000e+02, 1.865936e+02
1.000000e+02, 1.865686e+02
1.000000e+02, 1.865453e+02
1.000000e+02, 1.865234e+02
1.000000e+02, 1.865032e+02
1.000000e+02, 1.864845e+02
1.000000e+02, 1.864674e+02
1.000000e+02, 1.864518e+02
1.000000e+02, 1.864378e+02
1.000000e+02, 1.864253e+02
1.000000e+02, 1.864144e+02
1.000000e+02, 1.864050e+02
1.000000e+02, 1.863972e+02
1.000000e+02, 1.863910e+02
1.000000e+02, 1.863863e+02
1.000000e+02, 1.863832e+02
1.000000e+02, 1.863817e+02
1.000000e+02, 1.863817e+02
1.000000e+02, 1.863832e+02
1.000000e+02, 1.863863e+02
1.000000e+02, 1.863910e+02
1.000000e+02, 1.863972e+02
1.000000e+02, 1.864050e+02
1.000000e+02, 1.864144e+02
1.000000e+02, 1.864253e+02
1.000000e+02, 1.864378e+02
1.000000e+02, 1.864518e+02
1.000000e+02, 1.864674e+02
1.000000e+02, 1.864845e+02
1.000000e+02, 1.865032e+02
1.000000e+02, 1.865234e+02
1.000000e+02, 1.865453e+02
1.000000e+02, 1.865686e+02
1.000000e+02, 1.865936e+02
1.000000e+02, 1.866201e+02
1.000000e+02, 1.866481e+02
1.000000e+02, 1.866778e+02
1.000000e+02, 1.867089e+02
1.000000e+02, 1.867417e+02
1.000000e+02, 1.867760e+02
1.000000e+02, 1.868118e+02
1.000000e+02, 1.868493e+02
1.000000e+02, 1.868883e+02
1.000000e+02, 1.869288e+02
1.000000e+02, 1.869709e+02
1.000000e+02, 1.870146e+02
1.000000e+02, 1.870599e+02
1.000000e+02, 1.871067e+02
1.000000e+02, 1.871551e+02
1.000000e+02, 1.872050e+02
1.000000e+02, 1.872565e+02
1.000000e+02, 1.873096e+02
1.000000e+02, 1.873643e+02
1.000000e+02, 1.874205e+02
1.000000e+02, 1.874783e+02
1.000000e+02, 1.875377e+02
1.000000e+02, 1.875986e+02
1.000000e+02, 1.876611e+02
1.000000e+02, 1.877252e+02
1.000000e+02, 1.877909e+02
1.000000e+02, 1.878581e+02
1.000000e+02, 1.879269e+02
1.000000e+02, 1.879973e+02
1.000000e+02, 1.880692e+02
1.000000e+02, 1.881428e+02
1.000000e+02, 1.882179e+02
1.000000e+02, 1.882946e+02
1.000000e+02, 1.883729e+02
1.000000e+02, 1.884527e+02
1.000000e+02, 1.885342e+02
1.000000e+02, 1.886172e+02
1.000000e+02, 1.887018e+02
1.000000e+02, 1.887880e+02
1.000000e+02, 1.888758e+02
1.000000e+02, 1.889651e+02
1.000000e+02, 1.890561e+02
1.000000e+02, 1.891487e+02
1.000000e+02, 1.892428e+02
1.000000e+02, 1.893385e+02
1.000000e+02, 1.894359e+02
1.000000e+02, 1.895348e+02
1.000000e+02, 1.896353e+02
1.000000e+02, 1.897374e+02
1.000000e+02, 1.898411e+02
1.000000e+02, 1.899464e+02
1.000000e+02, 1.900533e+02
1.000000e+02, 1.901619e+02
1.000000e+02, 1.902720e+02
1.000000e+02, 1.903837e+02
1.000000e+02, 1.904970e+02
1.000000e+02, 1.906120e+02
1.000000e+02, 1.907285e+02
1.000000e+02, 1.908467e+02
1.000000e+02, 1.909665e+02
1.000000e+02, 1.910878e+02
1.000000e+02, 1.912108e+02
1.000000e+02, 1.913355e+02
1.000000e+02, 1.914617e+02
1.000000e+02, 1.915895e+02
1.000000e+02, 1.917190e+02
1.000000e+02, 1.918501e+02
1.000000e+02, 1.919828e+02
1.000000e+02, 1.921172e+02
1.000000e+02, 1.922532e+02
1.000000e+02, 1.923908e+02
1.000000e+02, 1.925300e+02
1.000000e+02, 1.926709e+02
1.000000e+02, 1.928134e+02
1.000000e+02, 1.929575e+02
1.000000e+02, 1.931033e+02
1.000000e+02, 1.932507e+02
1.000000e+02, 1.933998e+02
1.000000e+02, 1.935505e+02
1.000000e+02, 1.937029e+02
1.000000e+02, 1.938569e+02
1.000000e+02, 1.940125e+02
1.000000e+02, 1.941699e+02
1.000000e+02, 1.943288e+02
1.000000e+02, 1.944894e+02
1.000000e+02, 1.946517e+02
1.000000e+02, 1.948156e+02
1.000000e+02, 1.949812e+02
1.000000e+02, 1.951485e+02
1.000000e+02, 1.953174e+02
1.000000e+02, 1.954880e+02
1.000000e+02, 1.956603e+02
1.000000e+02, 1.958343e+02
1.000000e+02, 1.960099e+02
1.000000e+02, 1.961872e+02
1.000000e+02, 1.963662e+02
1.000000e+02, 1.965468e+02
1.000000e+02, 1.967292e+02
1.000000e+02, 1.969132e+02
1.000000e+02, 1.970989e+02
1.000000e+02, 1.972864e+02
1.000000e+02, 1.974755e+02
1.000000e+02, 1.976663e+02
1.000000e+02, 1.978588e+02
1.000000e+02, 1.980530e+02
1.000000e+02, 1.982489e+02
1.000000e+02, 1.984466e+02
1.000000e+02, 1.986459e+02
1.000000e+02, 1.988470e+02
1.000000e+02, 1.990497e+02
1.000000e+02, 1.992542e+02
1.000000e+02, 1.994604e+02
1.000000e+02, 1.996684e+02
1.000000e+02, 1.998780e+02
1.000000e+02, 2.000894e+02
1.000000e+02, 2.003025e+02
1.000000e+02, 2.005174e+02
1.000000e+02, 2.007340e+02
1.000000e+02, 2.009523e+02
1.000000e+02, 2.011724e+02
1.000000e+02, 2.013943e+02
1.000000e+02, 2.016179e+02
1.000000e+02, 2.018432e+02
1.000000e+02, 2.020703e+02
1.000000e+02, 2.022991e+02
1.000000e+02, 2.025298e+02
1.000000e+02, 2.027622e+02
1.000000e+02, 2.029963e+02
1.000000e+02, 2.032322e+02
1.000000e+02, 2.034700e+02
1.000000e+02, 2.037094e+02
1.000000e+02, 2.039507e+02
1.000000e+02, 2.041938e+02
1.000000e+02, 2.044386e+02
1.000000e+02, 2.046853e+02
1.000000e+02, 2.049337e+02
1.000000e+02, 2.051840e+02
1.000000e+02, 2.054360e+02
1.000000e+02, 2.056899e+02
1.000000e+02, 2.059455e+02
1.000000e+02, 2.062030e+02
1.000000e+02, 2.064623e+02
1.000000e+02, 2.067235e+02
1.000000e+02, 2.069864e+02
1.000000e+02, 2.072512e+02
1.000000e+02, 2.075178e+02
1.000000e+02, 2.077863e+02
1.000000e+02, 2.080566e+02
1.000000e+02, 2.083287e+02
1.000000e+02, 2.086028e+02
1.000000e+02, 2.088786e+02
1.000000e+02, 2.091563e+02
1.000000e+02, 2.094359e+02
1.000000e+02, 2.097174e+02
1.000000e+02, 2.100007e+02
1.000000e+02, 2.102859e+02
1.000000e+02, 2.105730e+02
1.000000e+02, 2.108619e+02
1.000000e+02, 2.111528e+02
1.000000e+02, 2.114455e+02
1.000000e+02, 2.117402e+02
1.000000e+02, 2.120367e+02
1.000000e+02, 2.123352e+02
1.000000e+02, 2.126356e+02
1.000000e+02, 2.129378e+02
1.000000e+02, 2.132421e+02
1.000000e+02, 2.135482e+02
1.000000e+02, 2.138563e+02
1.000000e+02, 2.141663e+02
1.000000e+02, 2.144782e+02
1.000000e+02, 2.147921e+02
1.000000e+02, 2.151080e+02
1.000000e+02, 2.154258e+02
1.000000e+02, 2.157455e+02
1.000000e+02, 2.160673e+02
1.000000e+02, 2.163910e+02
1.000000e+02, 2.167166e+02
1.000000e+02, 2.170443e+02
1.000000e+02, 2.173740e+02
1.000000e+02, 2.177056e+02
1.000000e+02, 2.180392e+02
1.000000e+02, 2.183749e+02
1.000000e+02, 2.187126e+02
1.000000e+02, 2.190522e+02
1.000000e+02, 2.193939e+02
1.000000e+02, 2.197377e+02
1.000000e+02, 2.200834e+02
1.000000e+02, 2.204312e+02
1.000000e+02, 2.207811e+02
1.000000e+02, 2.211329e+02
1.000000e+02, 2.214869e+02
1.000000e+02, 2.218429e+02
1.000000e+02, 2.222010e+02
1.000000e+02, 2.225612e+02
1.000000e+02, 2.229234e+02
1.000000e+02, 2.232877e+02
1.000000e+02, 2.236541e+02
1.000000e+02, 2.240227e+02
1.000000e+02, 2.243933e+02
1.000000e+02, 2.247661e+02
1.000000e+02, 2.251409e+02
1.000000e+02, 2.255179e+02
1.000000e+02, 2.258971e+02
1.000000e+02, 2.262783e+02
1.000000e+02, 2.266618e+02
1.000000e+02, 2.270473e+02
1.000000e+02, 2.274351e+02
1.000000e+02, 2.278250e+02
1.000000e+02, 2.282171e+02
1.000000e+02, 2.286113e+02
1.000000e+02, 2.290078e+02
1.000000e+02, 2.294065e+02
1.000000e+02, 2.298073e+02
1.000000e+02, 2.302104e+02
1.000000e+02, 2.306157e+02
1.000000e+02, 2.310233e+02
1.000000e+02, 2.314330e+02
1.000000e+02, 2.318450e+02
1.000000e+02, 2.322593e+02
1.000000e+02, 2.326759e+02
1.000000e+02, 2.330947e+02
1.000000e+02, 2.335157e+02
1.000000e+02, 2.339391e+02
1.000000e+02, 2.343648e+02
1.000000e+02, 2.347927e+02
1.000000e+02, 2.352230e+02
1.000000e+02, 2.356556e+02
1.000000e+02, 2.360905e+02
1.000000e+02, 2.365278e+02
1.000000e+02, 2.369674e+02
1.000000e+02, 2.374094e+02
1.000000e+02, 2.378537e+02
1.000000e+02, 2.383004e+02
1.000000e+02, 2.387495e+02
1.000000e+02, 2.392010e+02
1.000000e+02, 2.396549e+02
1.000000e+02, 2.401112e+02
1.000000e+02, 2.405700e+02
1.000000e+02, 2.410311e+02
1.000000e+02, 2.414947e+02
1.000000e+02, 2.419608e+02
1.000000e+02, 2.424293e+02
1.000000e+02, 2.429003e+02
1.000000e+02, 2.433738e+02
1.000000e+02, 2.438497e+02
1.000000e+02, 2.443282e+02
1.000000e+02, 2.448092e+02
1.000000e+02, 2.452927e+02
1.000000e+02, 2.457788e+02
1.000000e+02, 2.462674e+02
1.000000e+02, 2.467585e+02
1.000000e+02, 2.472522e+02
1.000000e+02, 2.477486e+02
1.000000e+02, 2.482475e+02
1.000000e+02, 2.487490e+02
1.000000e+02, 2.492531e+02
1.000000e+02, 2.497599e+02
1.000000e+02, 2.502693e+02
1.000000e+02, 2.507813e+02
1.000000e+02, 2.512961e+02
1.000000e+02, 2.518135e+02
1.000000e+02, 2.523336e+02
1.000000e+02, 2.528563e+02
1.000000e+02, 2.533819e+02
1.000000e+02, 2.539101e+02
1.000000e+02, 2.544411e+02
1.000000e+02, 2.549749e+02
1.000000e+02, 2.555114e+02
1.000000e+02, 2.560507e+02
1.000000e+02, 2.565928e+02
1.000000e+02, 2.571377e+02
1.000000e+02, 2.576855e+02
1.000000e+02, 2.582361e+02
1.000000e+02, 2.587895e+02
1.000000e+02, 2.593458e+02
1.000000e+02, 2.599050e+02
1.000000e+02, 2.604671e+02
1.000000e+02, 2.610322e+02
1.000000e+02, 2.616001e+02
1.000000e+02, 2.621710e+02
1.000000e+02, 2.627449e+02
1.000000e+02, 2.633218e+02
1.000000e+02, 2.639016e+02
1.000000e+02, 2.644845e+02
1.000000e+02, 2.650704e+02
1.000000e+02, 2.656593e+02
1.000000e+02, 2.662513e+02
1.000000e+02, 2.668464e+02
1.000000e+02, 2.674446e+02
1.000000e+02, 2.680459e+02
1.000000e+02, 2.686504e+02
1.000000e+02, 2.692580e+02
1.000000e+02, 2.698687e+02
1.000000e+02, 2.704827e+02
1.000000e+02, 2.710999e+02
1.000000e+02, 2.717203e+02
1.000000e+02, 2.723439e+02
1.000000e+02, 2.729709e+02
1.000000e+02, 2.736011e+02
1.000000e+02, 2.742346e+02
1.000000e+02, 2.748715e+02
1.000000e+02, 2.755117e+02
1.000000e+02, 2.761553e+02
1.000000e+02, 2.768022e+02
1.000000e+02, 2.774526e+02
1.000000e+02, 2.781065e+02
1.000000e+02, 2.787638e+02
1.000000e+02, 2.794246e+02
1.000000e+02, 2.800888e+02
1.000000e+02, 2.807567e+02
1.000000e+02, 2.814280e+02
1.000000e+02, 2.821030e+02
1.000000e+02, 2.827815e+02
1.000000e+02, 2.834637e+02
1.000000e+02, 2.841495e+02
1.000000e+02, 2.848391e+02
1.000000e+02, 2.855323e+02
1.000000e+02, 2.862292e+02
1.000000e+02, 2.869299e+02
1.000000e+02, 2.876344e+02
1.000000e+02, 2.883427e+02
1.000000e+02, 2.890549e+02
1.000000e+02, 2.897709e+02
1.000000e+02, 2.904908e+02
1.000000e+02, 2.912146e+02
1.000000e+02, 2.919424e+02
1.000000e+02, 2.926742e+02
1.000000e+02, 2.934100e+02
1.000000e+02, 2.941498e+02
1.000000e+02, 2.948938e+02
1.000000e+02, 2.956418e+02
1.000000e+02, 2.963940e+02
1.000000e+02, 2.971504e+02
1.000000e+02, 2.979109e+02
1.000000e+02, 2.986757e+02
1.000000e+02, 2.994448e+02
1.000000e+02, 3.002183e+02
1.000000e+02, 3.009960e+02
1.000000e+02, 3.017782e+02
1.000000e+02, 3.025648e+02
1.000000e+02, 3.033558e+02
1.000000e+02, 3.041514e+02
1.000000e+02, 3.049515e+02
1.000000e+02, 3.057561e+02
1.000000e+02, 3.065654e+02
1.000000e+02, 3.073794e+02
1.000000e+02, 3.081980e+02
1.000000e+02, 3.090215e+02
1.000000e+02, 3.098497e+02
1.000000e+02, 3.106827e+02
1.000000e+02, 3.115206e+02
1.000000e+02, 3.123635e+02
1.000000e+02, 3.132113e+02
1.000000e+02, 3.140642e+02
1.000000e+02, 3.149221e+02
1.000000e+02, 3.157851e+02
1.000000e+02, 3.166533e+02
1.000000e+02, 3.175268e+02
1.000000e+02, 3.184055e+02
1.000000e+02, 3.192895e+02
1.000000e+02, 3.201790e+02
1.000000e+02, 3.210738e+02
1.000000e+02, 3.219742e+02
1.000000e+02, 3.228801e+02
1.000000e+02, 3.237916e+02
1.000000e+02, 3.247088e+02
1.000000e+02, 3.256318e+02
1.000000e+02, 3.265605e+02
1.000000e+02, 3.274951e+02
1.000000e+02, 3.284356e+02
1.000000e+02, 3.293822e+02
1.000000e+02, 3.303347e+02
1.000000e+02, 3.312935e+02
1.000000e+02, 3.322584e+02
1.000000e+02, 3.332296e+02
1.000000e+02, 3.342071e+02
1.000000e+02, 3.351911e+02
1.000000e+02, 3.361816e+02
1.000000e+02, 3.371787e+02
1.000000e+02, 3.381824e+02
1.000000e+02, 3.391929e+02
1.000000e+02, 3.402103e+02
1.000000e+02, 3.412346e+02
1.000000e+02, 3.422658e+02
1.000000e+02, 3.433042e+02
1.000000e+02, 3.443498e+02
1.000000e+02, 3.454027e+02
1.000000e+02, 3.464630e+02
1.000000e+02, 3.475308e+02
1.000000e+02, 3.486062e+02
1.000000e+02, 3.496893e+02
1.000000e+02, 3.507803e+02
1.000000e+02, 3.518792e+02
1.000000e+02, 3.529861e+02
1.000000e+02, 3.541012e+02
1.000000e+02, 3.552246e+02
1.000000e+02, 3.563564e+02
1.000000e+02, 3.574967e+02
1.000000e+02, 3.586457e+02
1.000000e+02, 3.598036e+02
1.000000e+02, 9.703849e-01
1.000000e+02, 2.146286e+00
1.000000e+02, 3.331438e+00
1.000000e+02, 4.525992e+00
1.000000e+02, 5.730108e+00
1.000000e+02, 6.943948e+00
1.000000e+02, 8.167680e+00
1.000000e+02, 9.401478e+00
1.000000e+02, 1.064552e+01
1.000000e+02, 1.189999e+01
1.000000e+02, 1.316508e+01
1.000000e+02, 1.444099e+01
1.000000e+02, 1.572792e+01
1.000000e+02, 1.702608e+01
1.000000e+02, 1.833569e+01
1.000000e+02, 1.965698e+01
1.000000e+02, 2.099017e+01
1.000000e+02, 2.233552e+01
1.000000e+02, 2.369327e+01
1.000000e+02, 2.506368e+01
1.000000e+02, 2.644702e+01
1.000000e+02, 2.784359e+01
1.000000e+02, 2.925365e+01
1.000000e+02, 3.067753e+01
1.000000e+02, 3.211553e+01
1.000000e+02, 3.356799e+01
1.000000e+02, 3.503525e+01
1.000000e+02, 3.651766e+01
1.000000e+02, 3.801560e+01
1.000000e+02, 3.952945e+01
1.000000e+02, 4.105963e+01
1.000000e+02, 4.260655e+01
1.000000e+02, 4.417066e+01
1.000000e+02, 4.575244e+01
1.000000e+02, 4.735236e+01
1.000000e+02, 4.897094e+01
1.000000e+02, 5.060871e+01
1.000000e+02, 5.226625e+01
1.000000e+02, 5.394415e+01
1.000000e+02, 5.564304e+01
1.000000e+02, 5.736357e+01
1.000000e+02, 5.910645e+01
1.000000e+02, 6.087242e+01
1.000000e+02, 6.266227e+01
1.000000e+02, 6.447681e+01
1.000000e+02, 6.631693e+01
1.000000e+02, 6.818358e+01
1.000000e+02, 7.007774e+01
1.000000e+02, 7.200048e+01
1.000000e+02, 7.395294e+01
1.000000e+02, 7.593633e+01
1.000000e+02, 7.795197e+01
1.000000e+02, 8.000125e+01
1.000000e+02, 8.208570e+01
1.000000e+02, 8.420693e+01
1.000000e+02, 8.636672e+01
1.000000e+02, 8.856699e+01
1.000000e+02, 9.080981e+01
1.000000e+02, 9.309748e+01
1.000000e+02, 9.543247e+01
1.000000e+02, 9.781754e+01
1.000000e+02, 1.002557e+02
1.000000e+02, 1.027503e+02
1.000000e+02, 1.053050e+02
1.000000e+02, 1.079241e+02
1.000000e+02, 1.106121e+02
1.000000e+02, 1.133744e+02
1.000000e+02, 1.162169e+02
1.000000e+02, 1.191466e+02
1.000000e+02, 1.221712e+02
1.000000e+02, 1.253002e+02
1.000000e+02, 1.285442e+02
1.000000e+02, 1.319162e+02
1.000000e+02, 1.354318e+02
1.000000e+02, 1.391099e+02
1.000000e+02, 1.429743e+02
1.000000e+02, 1.470550e+02
1.000000e+02, 1.513915e+02
1.000000e+02, 1.560369e+02
1.000000e+02, 1.610662e+02
1.000000e+02, 1.665911e+02
1.000000e+02, 1.727922e+02
1.000000e+02, 1.800000e+02
##END= 