##TITLE= /opt/topspin3.0/exp/stan/nmr/lists/wave/user/HypSec_trunc2.84_110
##JCAMP-DX= 5.00 Bruker JCAMP library
##DATA TYPE= Shape Data
##ORIGIN= Bruker BioSpin GmbH
##OWNER= <nmrsu>
##DATE= 15/02/24
##TIME= 16:15:04
##MINX= 1.164538e+01
##MAXX= 9.999960e+01
##MINY= 2.546774e-02
##MAXY= 3.585574e+02
##$SHAPE_EXMODE= Adiabatic
##$SHAPE_TOTROT= 1.800000e+02
##$SHAPE_BWFAC= 1.929340e+02
##$SHAPE_INTEGFAC= 2.356110e-02
##$SHAPE_MODE= 0
##NPOINTS= 1000
##XYPOINTS= (XY..XY)
1.000000e+02, 1.800000e+02
1.000000e+02, 1.733569e+02
1.000000e+02, 1.676416e+02
1.000000e+02, 1.625495e+02
1.000000e+02, 1.579142e+02
1.000000e+02, 1.536327e+02
1.000000e+02, 1.496359e+02
1.000000e+02, 1.458749e+02
1.000000e+02, 1.423133e+02
1.000000e+02, 1.389233e+02
1.000000e+02, 1.356832e+02
1.000000e+02, 1.325753e+02
1.000000e+02, 1.295854e+02
1.000000e+02, 1.267016e+02
1.000000e+02, 1.239139e+02
1.000000e+02, 1.212137e+02
1.000000e+02, 1.185939e+02
1.000000e+02, 1.160480e+02
1.000000e+02, 1.135706e+02
1.000000e+02, 1.111567e+02
1.000000e+02, 1.088021e+02
1.000000e+02, 1.065029e+02
1.000000e+02, 1.042558e+02
1.000000e+02, 1.020576e+02
1.000000e+02, 9.990551e+01
1.000000e+02, 9.779706e+01
1.000000e+02, 9.572994e+01
1.000000e+02, 9.370204e+01
1.000000e+02, 9.171145e+01
1.000000e+02, 8.975640e+01
1.000000e+02, 8.783525e+01
1.000000e+02, 8.594651e+01
1.000000e+02, 8.408878e+01
1.000000e+02, 8.226077e+01
1.000000e+02, 8.046126e+01
1.000000e+02, 7.868915e+01
1.000000e+02, 7.694338e+01
1.000000e+02, 7.522298e+01
1.000000e+02, 7.352701e+01
1.000000e+02, 7.185462e+01
1.000000e+02, 7.020500e+01
1.000000e+02, 6.857737e+01
1.000000e+02, 6.697103e+01
1.000000e+02, 6.538528e+01
1.000000e+02, 6.381949e+01
1.000000e+02, 6.227304e+01
1.000000e+02, 6.074535e+01
1.000000e+02, 5.923588e+01
1.000000e+02, 5.774410e+01
1.000000e+02, 5.626952e+01
1.000000e+02, 5.481167e+01
1.000000e+02, 5.337009e+01
1.000000e+02, 5.194435e+01
1.000000e+02, 5.053405e+01
1.000000e+02, 4.913879e+01
1.000000e+02, 4.775821e+01
1.000000e+02, 4.639193e+01
1.000000e+02, 4.503962e+01
1.000000e+02, 4.370095e+01
1.000000e+02, 4.237560e+01
1.000000e+02, 4.106327e+01
1.000000e+02, 3.976367e+01
1.000000e+02, 3.847652e+01
1.000000e+02, 3.720154e+01
1.000000e+02, 3.593849e+01
1.000000e+02, 3.468711e+01
1.000000e+02, 3.344716e+01
1.000000e+02, 3.221841e+01
1.000000e+02, 3.100063e+01
1.000000e+02, 2.979362e+01
1.000000e+02, 2.859716e+01
1.000000e+02, 2.741105e+01
1.000000e+02, 2.623510e+01
1.000000e+02, 2.506911e+01
1.000000e+02, 2.391292e+01
1.000000e+02, 2.276634e+01
1.000000e+02, 2.162919e+01
1.000000e+02, 2.050133e+01
1.000000e+02, 1.938258e+01
1.000000e+02, 1.827280e+01
1.000000e+02, 1.717183e+01
1.000000e+02, 1.607952e+01
1.000000e+02, 1.499574e+01
1.000000e+02, 1.392035e+01
1.000000e+02, 1.285321e+01
1.000000e+02, 1.179420e+01
1.000000e+02, 1.074319e+01
1.000000e+02, 9.700051e+00
1.000000e+02, 8.664673e+00
1.000000e+02, 7.636937e+00
1.000000e+02, 6.616731e+00
1.000000e+02, 5.603945e+00
1.000000e+02, 4.598472e+00
1.000000e+02, 3.600208e+00
1.000000e+02, 2.609053e+00
1.000000e+02, 1.624907e+00
1.000000e+02, 6.476750e-01
1.000000e+02, 3.596773e+02
1.000000e+02, 3.587136e+02
1.000000e+02, 3.577565e+02
1.000000e+02, 3.568060e+02
1.000000e+02, 3.558620e+02
1.000000e+02, 3.549244e+02
1.000000e+02, 3.539930e+02
1.000000e+02, 3.530679e+02
1.000000e+02, 3.521489e+02
1.000000e+02, 3.512361e+02
1.000000e+02, 3.503292e+02
1.000000e+02, 3.494282e+02
1.000000e+02, 3.485331e+02
1.000000e+02, 3.476437e+02
1.000000e+02, 3.467601e+02
1.000000e+02, 3.458822e+02
1.000000e+02, 3.450098e+02
1.000000e+02, 3.441429e+02
1.000000e+02, 3.432816e+02
1.000000e+02, 3.424256e+02
1.000000e+02, 3.415750e+02
1.000000e+02, 3.407296e+02
1.000000e+02, 3.398895e+02
1.000000e+02, 3.390545e+02
1.000000e+02, 3.382247e+02
1.000000e+02, 3.374000e+02
1.000000e+02, 3.365802e+02
1.000000e+02, 3.357654e+02
1.000000e+02, 3.349556e+02
1.000000e+02, 3.341505e+02
1.000000e+02, 3.333504e+02
1.000000e+02, 3.325549e+02
1.000000e+02, 3.317642e+02
1.000000e+02, 3.309782e+02
1.000000e+02, 3.301968e+02
1.000000e+02, 3.294199e+02
1.000000e+02, 3.286477e+02
1.000000e+02, 3.278799e+02
1.000000e+02, 3.271166e+02
1.000000e+02, 3.263576e+02
1.000000e+02, 3.256031e+02
1.000000e+02, 3.248529e+02
1.000000e+02, 3.241070e+02
1.000000e+02, 3.233654e+02
1.000000e+02, 3.226280e+02
1.000000e+02, 3.218948e+02
1.000000e+02, 3.211657e+02
1.000000e+02, 3.204407e+02
1.000000e+02, 3.197198e+02
1.000000e+02, 3.190030e+02
1.000000e+02, 3.182902e+02
1.000000e+02, 3.175813e+02
1.000000e+02, 3.168764e+02
1.000000e+02, 3.161754e+02
1.000000e+02, 3.154783e+02
1.000000e+02, 3.147851e+02
1.000000e+02, 3.140956e+02
1.000000e+02, 3.134100e+02
1.000000e+02, 3.127281e+02
1.000000e+02, 3.120500e+02
1.000000e+02, 3.113755e+02
1.000000e+02, 3.107047e+02
1.000000e+02, 3.100376e+02
1.000000e+02, 3.093741e+02
1.000000e+02, 3.087142e+02
1.000000e+02, 3.080578e+02
1.000000e+02, 3.074050e+02
1.000000e+02, 3.067557e+02
1.000000e+02, 3.061099e+02
1.000000e+02, 3.054675e+02
1.000000e+02, 3.048286e+02
1.000000e+02, 3.041931e+02
1.000000e+02, 3.035610e+02
1.000000e+02, 3.029323e+02
1.000000e+02, 3.023069e+02
1.000000e+02, 3.016848e+02
1.000000e+02, 3.010660e+02
1.000000e+02, 3.004505e+02
1.000000e+02, 2.998383e+02
1.000000e+02, 2.992293e+02
1.000000e+02, 2.986235e+02
1.000000e+02, 2.980209e+02
1.000000e+02, 2.974214e+02
1.000000e+02, 2.968251e+02
1.000000e+02, 2.962320e+02
1.000000e+02, 2.956419e+02
1.000000e+02, 2.950549e+02
1.000000e+02, 2.944710e+02
1.000000e+02, 2.938902e+02
1.000000e+02, 2.933124e+02
1.000000e+02, 2.927376e+02
1.000000e+02, 2.921658e+02
1.000000e+02, 2.915970e+02
1.000000e+02, 2.910311e+02
1.000000e+02, 2.904682e+02
1.000000e+02, 2.899082e+02
1.000000e+02, 2.893511e+02
1.000000e+02, 2.887969e+02
1.000000e+02, 2.882455e+02
1.000000e+02, 2.876971e+02
1.000000e+02, 2.871514e+02
1.000000e+02, 2.866086e+02
1.000000e+02, 2.860686e+02
1.000000e+02, 2.855314e+02
1.000000e+02, 2.849970e+02
1.000000e+02, 2.844654e+02
1.000000e+02, 2.839364e+02
1.000000e+02, 2.834103e+02
1.000000e+02, 2.828868e+02
1.000000e+02, 2.823660e+02
1.000000e+02, 2.818480e+02
1.000000e+02, 2.813326e+02
1.000000e+02, 2.808198e+02
1.000000e+02, 2.803097e+02
1.000000e+02, 2.798023e+02
1.000000e+02, 2.792974e+02
1.000000e+02, 2.787952e+02
1.000000e+02, 2.782956e+02
1.000000e+02, 2.777985e+02
1.000000e+02, 2.773040e+02
1.000000e+02, 2.768121e+02
1.000000e+02, 2.763227e+02
1.000000e+02, 2.758358e+02
1.000000e+02, 2.753515e+02
1.000000e+02, 2.748696e+02
1.000000e+02, 2.743903e+02
1.000000e+02, 2.739134e+02
1.000000e+02, 2.734390e+02
1.000000e+02, 2.729671e+02
1.000000e+02, 2.724976e+02
1.000000e+02, 2.720305e+02
1.000000e+02, 2.715659e+02
1.000000e+02, 2.711037e+02
1.000000e+02, 2.706438e+02
1.000000e+02, 2.701864e+02
1.000000e+02, 2.697313e+02
1.000000e+02, 2.692787e+02
1.000000e+02, 2.688283e+02
1.000000e+02, 2.683804e+02
1.000000e+02, 2.679347e+02
1.000000e+02, 2.674914e+02
1.000000e+02, 2.670504e+02
1.000000e+02, 2.666118e+02
1.000000e+02, 2.661754e+02
1.000000e+02, 2.657413e+02
1.000000e+02, 2.653095e+02
1.000000e+02, 2.648799e+02
1.000000e+02, 2.644526e+02
1.000000e+02, 2.640276e+02
1.000000e+02, 2.636048e+02
1.000000e+02, 2.631843e+02
1.000000e+02, 2.627659e+02
1.000000e+02, 2.623498e+02
1.000000e+02, 2.619359e+02
1.000000e+02, 2.615242e+02
1.000000e+02, 2.611147e+02
1.000000e+02, 2.607073e+02
1.000000e+02, 2.603021e+02
1.000000e+02, 2.598991e+02
1.000000e+02, 2.594983e+02
1.000000e+02, 2.590996e+02
1.000000e+02, 2.587030e+02
1.000000e+02, 2.583085e+02
1.000000e+02, 2.579162e+02
1.000000e+02, 2.575260e+02
1.000000e+02, 2.571379e+02
1.000000e+02, 2.567519e+02
1.000000e+02, 2.563680e+02
1.000000e+02, 2.559862e+02
1.000000e+02, 2.556065e+02
1.000000e+02, 2.552288e+02
1.000000e+02, 2.548532e+02
1.000000e+02, 2.544796e+02
1.000000e+02, 2.541081e+02
1.000000e+02, 2.537387e+02
1.000000e+02, 2.533712e+02
1.000000e+02, 2.530058e+02
1.000000e+02, 2.526425e+02
1.000000e+02, 2.522811e+02
1.000000e+02, 2.519217e+02
1.000000e+02, 2.515644e+02
1.000000e+02, 2.512090e+02
1.000000e+02, 2.508556e+02
1.000000e+02, 2.505042e+02
1.000000e+02, 2.501548e+02
1.000000e+02, 2.498073e+02
1.000000e+02, 2.494618e+02
1.000000e+02, 2.491183e+02
1.000000e+02, 2.487767e+02
1.000000e+02, 2.484370e+02
1.000000e+02, 2.480993e+02
1.000000e+02, 2.477635e+02
1.000000e+02, 2.474296e+02
1.000000e+02, 2.470977e+02
1.000000e+02, 2.467677e+02
1.000000e+02, 2.464395e+02
1.000000e+02, 2.461133e+02
1.000000e+02, 2.457890e+02
1.000000e+02, 2.454666e+02
1.000000e+02, 2.451460e+02
1.000000e+02, 2.448273e+02
1.000000e+02, 2.445105e+02
1.000000e+02, 2.441956e+02
1.000000e+02, 2.438825e+02
1.000000e+02, 2.435713e+02
1.000000e+02, 2.432620e+02
1.000000e+02, 2.429545e+02
1.000000e+02, 2.426488e+02
1.000000e+02, 2.423450e+02
1.000000e+02, 2.420430e+02
1.000000e+02, 2.417428e+02
1.000000e+02, 2.414445e+02
1.000000e+02, 2.411479e+02
1.000000e+02, 2.408532e+02
1.000000e+02, 2.405603e+02
1.000000e+02, 2.402692e+02
1.000000e+02, 2.399799e+02
1.000000e+02, 2.396924e+02
1.000000e+02, 2.394067e+02
1.000000e+02, 2.391228e+02
1.000000e+02, 2.388406e+02
1.000000e+02, 2.385602e+02
1.000000e+02, 2.382816e+02
1.000000e+02, 2.380048e+02
1.000000e+02, 2.377297e+02
1.000000e+02, 2.374564e+02
1.000000e+02, 2.371848e+02
1.000000e+02, 2.369150e+02
1.000000e+02, 2.366469e+02
1.000000e+02, 2.363806e+02
1.000000e+02, 2.361160e+02
1.000000e+02, 2.358532e+02
1.000000e+02, 2.355920e+02
1.000000e+02, 2.353326e+02
1.000000e+02, 2.350750e+02
1.000000e+02, 2.348190e+02
1.000000e+02, 2.345647e+02
1.000000e+02, 2.343122e+02
1.000000e+02, 2.340614e+02
1.000000e+02, 2.338122e+02
1.000000e+02, 2.335648e+02
1.000000e+02, 2.333191e+02
1.000000e+02, 2.330750e+02
1.000000e+02, 2.328327e+02
1.000000e+02, 2.325920e+02
1.000000e+02, 2.323530e+02
1.000000e+02, 2.321157e+02
1.000000e+02, 2.318801e+02
1.000000e+02, 2.316461e+02
1.000000e+02, 2.314138e+02
1.000000e+02, 2.311832e+02
1.000000e+02, 2.309542e+02
1.000000e+02, 2.307268e+02
1.000000e+02, 2.305012e+02
1.000000e+02, 2.302772e+02
1.000000e+02, 2.300548e+02
1.000000e+02, 2.298341e+02
1.000000e+02, 2.296150e+02
1.000000e+02, 2.293975e+02
1.000000e+02, 2.291817e+02
1.000000e+02, 2.289675e+02
1.000000e+02, 2.287550e+02
1.000000e+02, 2.285440e+02
1.000000e+02, 2.283347e+02
1.000000e+02, 2.281271e+02
1.000000e+02, 2.279210e+02
1.000000e+02, 2.277165e+02
1.000000e+02, 2.275137e+02
1.000000e+02, 2.273124e+02
1.000000e+02, 2.271128e+02
1.000000e+02, 2.269148e+02
1.000000e+02, 2.267184e+02
1.000000e+02, 2.265235e+02
1.000000e+02, 2.263303e+02
1.000000e+02, 2.261386e+02
1.000000e+02, 2.259486e+02
1.000000e+02, 2.257601e+02
1.000000e+02, 2.255732e+02
1.000000e+02, 2.253879e+02
1.000000e+02, 2.252042e+02
1.000000e+02, 2.250221e+02
1.000000e+02, 2.248415e+02
1.000000e+02, 2.246625e+02
1.000000e+02, 2.244851e+02
1.000000e+02, 2.243092e+02
1.000000e+02, 2.241349e+02
1.000000e+02, 2.239622e+02
1.000000e+02, 2.237910e+02
1.000000e+02, 2.236214e+02
1.000000e+02, 2.234533e+02
1.000000e+02, 2.232868e+02
1.000000e+02, 2.231218e+02
1.000000e+02, 2.229584e+02
1.000000e+02, 2.227966e+02
1.000000e+02, 2.226362e+02
1.000000e+02, 2.224775e+02
1.000000e+02, 2.223202e+02
1.000000e+02, 2.221645e+02
1.000000e+02, 2.220104e+02
1.000000e+02, 2.218577e+02
1.000000e+02, 2.217066e+02
1.000000e+02, 2.215571e+02
1.000000e+02, 2.214090e+02
1.000000e+02, 2.212625e+02
1.000000e+02, 2.211175e+02
1.000000e+02, 2.209741e+02
1.000000e+02, 2.208321e+02
1.000000e+02, 2.206917e+02
1.000000e+02, 2.205528e+02
1.000000e+02, 2.204154e+02
1.000000e+02, 2.202796e+02
1.000000e+02, 2.201452e+02
1.000000e+02, 2.200123e+02
1.000000e+02, 2.198810e+02
1.000000e+02, 2.197512e+02
1.000000e+02, 2.196228e+02
1.000000e+02, 2.194960e+02
1.000000e+02, 2.193707e+02
1.000000e+02, 2.192469e+02
1.000000e+02, 2.191245e+02
1.000000e+02, 2.190037e+02
1.000000e+02, 2.188844e+02
1.000000e+02, 2.187665e+02
1.000000e+02, 2.186502e+02
1.000000e+02, 2.185353e+02
1.000000e+02, 2.184220e+02
1.000000e+02, 2.183101e+02
1.000000e+02, 2.181997e+02
1.000000e+02, 2.180908e+02
1.000000e+02, 2.179834e+02
1.000000e+02, 2.178775e+02
1.000000e+02, 2.177730e+02
1.000000e+02, 2.176700e+02
1.000000e+02, 2.175685e+02
1.000000e+02, 2.174685e+02
1.000000e+02, 2.173700e+02
1.000000e+02, 2.172729e+02
1.000000e+02, 2.171773e+02
1.000000e+02, 2.170832e+02
1.000000e+02, 2.169906e+02
1.000000e+02, 2.168994e+02
1.000000e+02, 2.168097e+02
1.000000e+02, 2.167215e+02
1.000000e+02, 2.166347e+02
1.000000e+02, 2.165494e+02
1.000000e+02, 2.164656e+02
1.000000e+02, 2.163832e+02
1.000000e+02, 2.163023e+02
1.000000e+02, 2.162229e+02
1.000000e+02, 2.161449e+02
1.000000e+02, 2.160684e+02
1.000000e+02, 2.159933e+02
1.000000e+02, 2.159197e+02
1.000000e+02, 2.158475e+02
1.000000e+02, 2.157769e+02
1.000000e+02, 2.157076e+02
1.000000e+02, 2.156398e+02
1.000000e+02, 2.155735e+02
1.000000e+02, 2.155087e+02
1.000000e+02, 2.154452e+02
1.000000e+02, 2.153833e+02
1.000000e+02, 2.153228e+02
1.000000e+02, 2.152637e+02
1.000000e+02, 2.152061e+02
1.000000e+02, 2.151499e+02
1.000000e+02, 2.150952e+02
1.000000e+02, 2.150419e+02
1.000000e+02, 2.149901e+02
1.000000e+02, 2.149398e+02
1.000000e+02, 2.148908e+02
1.000000e+02, 2.148433e+02
1.000000e+02, 2.147973e+02
1.000000e+02, 2.147527e+02
1.000000e+02, 2.147096e+02
1.000000e+02, 2.146679e+02
1.000000e+02, 2.146276e+02
1.000000e+02, 2.145888e+02
1.000000e+02, 2.145514e+02
1.000000e+02, 2.145155e+02
1.000000e+02, 2.144810e+02
1.000000e+02, 2.144479e+02
1.000000e+02, 2.144163e+02
1.000000e+02, 2.143861e+02
1.000000e+02, 2.143574e+02
1.000000e+02, 2.143301e+02
1.000000e+02, 2.143042e+02
1.000000e+02, 2.142798e+02
1.000000e+02, 2.142568e+02
1.000000e+02, 2.142353e+02
1.000000e+02, 2.142152e+02
1.000000e+02, 2.141965e+02
1.000000e+02, 2.141793e+02
1.000000e+02, 2.141635e+02
1.000000e+02, 2.141491e+02
1.000000e+02, 2.141362e+02
1.000000e+02, 2.141247e+02
1.000000e+02, 2.141146e+02
1.000000e+02, 2.141060e+02
1.000000e+02, 2.140988e+02
1.000000e+02, 2.140931e+02
1.000000e+02, 2.140888e+02
1.000000e+02, 2.140859e+02
1.000000e+02, 2.140845e+02
1.000000e+02, 2.140845e+02
1.000000e+02, 2.140859e+02
1.000000e+02, 2.140888e+02
1.000000e+02, 2.140931e+02
1.000000e+02, 2.140988e+02
1.000000e+02, 2.141060e+02
1.000000e+02, 2.141146e+02
1.000000e+02, 2.141247e+02
1.000000e+02, 2.141362e+02
1.000000e+02, 2.141491e+02
1.000000e+02, 2.141635e+02
1.000000e+02, 2.141793e+02
1.000000e+02, 2.141965e+02
1.000000e+02, 2.142152e+02
1.000000e+02, 2.142353e+02
1.000000e+02, 2.142568e+02
1.000000e+02, 2.142798e+02
1.000000e+02, 2.143042e+02
1.000000e+02, 2.143301e+02
1.000000e+02, 2.143574e+02
1.000000e+02, 2.143861e+02
1.000000e+02, 2.144163e+02
1.000000e+02, 2.144479e+02
1.000000e+02, 2.144810e+02
1.000000e+02, 2.145155e+02
1.000000e+02, 2.145514e+02
1.000000e+02, 2.145888e+02
1.000000e+02, 2.146276e+02
1.000000e+02, 2.146679e+02
1.000000e+02, 2.147096e+02
1.000000e+02, 2.147527e+02
1.000000e+02, 2.147973e+02
1.000000e+02, 2.148433e+02
1.000000e+02, 2.148908e+02
1.000000e+02, 2.149398e+02
1.000000e+02, 2.149901e+02
1.000000e+02, 2.150419e+02
1.000000e+02, 2.150952e+02
1.000000e+02, 2.151499e+02
1.000000e+02, 2.152061e+02
1.000000e+02, 2.152637e+02
1.000000e+02, 2.153228e+02
1.000000e+02, 2.153833e+02
1.000000e+02, 2.154452e+02
1.000000e+02, 2.155087e+02
1.000000e+02, 2.155735e+02
1.000000e+02, 2.156398e+02
1.000000e+02, 2.157076e+02
1.000000e+02, 2.157769e+02
1.000000e+02, 2.158475e+02
1.000000e+02, 2.159197e+02
1.000000e+02, 2.159933e+02
1.000000e+02, 2.160684e+02
1.000000e+02, 2.161449e+02
1.000000e+02, 2.162229e+02
1.000000e+02, 2.163023e+02
1.000000e+02, 2.163832e+02
1.000000e+02, 2.164656e+02
1.000000e+02, 2.165494e+02
1.000000e+02, 2.166347e+02
1.000000e+02, 2.167215e+02
1.000000e+02, 2.168097e+02
1.000000e+02, 2.168994e+02
1.000000e+02, 2.169906e+02
1.000000e+02, 2.170832e+02
1.000000e+02, 2.171773e+02
1.000000e+02, 2.172729e+02
1.000000e+02, 2.173700e+02
1.000000e+02, 2.174685e+02
1.000000e+02, 2.175685e+02
1.000000e+02, 2.176700e+02
1.000000e+02, 2.177730e+02
1.000000e+02, 2.178775e+02
1.000000e+02, 2.179834e+02
1.000000e+02, 2.180908e+02
1.000000e+02, 2.181997e+02
1.000000e+02, 2.183101e+02
1.000000e+02, 2.184220e+02
1.000000e+02, 2.185353e+02
1.000000e+02, 2.186502e+02
1.000000e+02, 2.187665e+02
1.000000e+02, 2.188844e+02
1.000000e+02, 2.190037e+02
1.000000e+02, 2.191245e+02
1.000000e+02, 2.192469e+02
1.000000e+02, 2.193707e+02
1.000000e+02, 2.194960e+02
1.000000e+02, 2.196228e+02
1.000000e+02, 2.197512e+02
1.000000e+02, 2.198810e+02
1.000000e+02, 2.200123e+02
1.000000e+02, 2.201452e+02
1.000000e+02, 2.202796e+02
1.000000e+02, 2.204154e+02
1.000000e+02, 2.205528e+02
1.000000e+02, 2.206917e+02
1.000000e+02, 2.208321e+02
1.000000e+02, 2.209741e+02
1.000000e+02, 2.211176e+02
1.000000e+02, 2.212625e+02
1.000000e+02, 2.214090e+02
1.000000e+02, 2.215571e+02
1.000000e+02, 2.217066e+02
1.000000e+02, 2.218577e+02
1.000000e+02, 2.220104e+02
1.000000e+02, 2.221645e+02
1.000000e+02, 2.223202e+02
1.000000e+02, 2.224775e+02
1.000000e+02, 2.226362e+02
1.000000e+02, 2.227966e+02
1.000000e+02, 2.229584e+02
1.000000e+02, 2.231218e+02
1.000000e+02, 2.232868e+02
1.000000e+02, 2.234533e+02
1.000000e+02, 2.236214e+02
1.000000e+02, 2.237910e+02
1.000000e+02, 2.239622e+02
1.000000e+02, 2.241349e+02
1.000000e+02, 2.243092e+02
1.000000e+02, 2.244851e+02
1.000000e+02, 2.246625e+02
1.000000e+02, 2.248415e+02
1.000000e+02, 2.250221e+02
1.000000e+02, 2.252042e+02
1.000000e+02, 2.253879e+02
1.000000e+02, 2.255732e+02
1.000000e+02, 2.257601e+02
1.000000e+02, 2.259486e+02
1.000000e+02, 2.261386e+02
1.000000e+02, 2.263303e+02
1.000000e+02, 2.265235e+02
1.000000e+02, 2.267184e+02
1.000000e+02, 2.269148e+02
1.000000e+02, 2.271128e+02
1.000000e+02, 2.273124e+02
1.000000e+02, 2.275137e+02
1.000000e+02, 2.277165e+02
1.000000e+02, 2.279210e+02
1.000000e+02, 2.281271e+02
1.000000e+02, 2.283347e+02
1.000000e+02, 2.285440e+02
1.000000e+02, 2.287550e+02
1.000000e+02, 2.289675e+02
1.000000e+02, 2.291817e+02
1.000000e+02, 2.293975e+02
1.000000e+02, 2.296150e+02
1.000000e+02, 2.298341e+02
1.000000e+02, 2.300548e+02
1.000000e+02, 2.302772e+02
1.000000e+02, 2.305012e+02
1.000000e+02, 2.307269e+02
1.000000e+02, 2.309542e+02
1.000000e+02, 2.311832e+02
1.000000e+02, 2.314138e+02
1.000000e+02, 2.316461e+02
1.000000e+02, 2.318801e+02
1.000000e+02, 2.321157e+02
1.000000e+02, 2.323530e+02
1.000000e+02, 2.325920e+02
1.000000e+02, 2.328327e+02
1.000000e+02, 2.330750e+02
1.000000e+02, 2.333191e+02
1.000000e+02, 2.335648e+02
1.000000e+02, 2.338122e+02
1.000000e+02, 2.340614e+02
1.000000e+02, 2.343122e+02
1.000000e+02, 2.345647e+02
1.000000e+02, 2.348190e+02
1.000000e+02, 2.350750e+02
1.000000e+02, 2.353326e+02
1.000000e+02, 2.355920e+02
1.000000e+02, 2.358532e+02
1.000000e+02, 2.361160e+02
1.000000e+02, 2.363806e+02
1.000000e+02, 2.366469e+02
1.000000e+02, 2.369150e+02
1.000000e+02, 2.371848e+02
1.000000e+02, 2.374564e+02
1.000000e+02, 2.377297e+02
1.000000e+02, 2.380048e+02
1.000000e+02, 2.382816e+02
1.000000e+02, 2.385602e+02
1.000000e+02, 2.388406e+02
1.000000e+02, 2.391228e+02
1.000000e+02, 2.394067e+02
1.000000e+02, 2.396924e+02
1.000000e+02, 2.399799e+02
1.000000e+02, 2.402692e+02
1.000000e+02, 2.405603e+02
1.000000e+02, 2.408532e+02
1.000000e+02, 2.411479e+02
1.000000e+02, 2.414445e+02
1.000000e+02, 2.417428e+02
1.000000e+02, 2.420430e+02
1.000000e+02, 2.423450e+02
1.000000e+02, 2.426488e+02
1.000000e+02, 2.429545e+02
1.000000e+02, 2.432620e+02
1.000000e+02, 2.435713e+02
1.000000e+02, 2.438825e+02
1.000000e+02, 2.441956e+02
1.000000e+02, 2.445105e+02
1.000000e+02, 2.448273e+02
1.000000e+02, 2.451460e+02
1.000000e+02, 2.454666e+02
1.000000e+02, 2.457890e+02
1.000000e+02, 2.461133e+02
1.000000e+02, 2.464395e+02
1.000000e+02, 2.467677e+02
1.000000e+02, 2.470977e+02
1.000000e+02, 2.474296e+02
1.000000e+02, 2.477635e+02
1.000000e+02, 2.480993e+02
1.000000e+02, 2.484370e+02
1.000000e+02, 2.487767e+02
1.000000e+02, 2.491183e+02
1.000000e+02, 2.494618e+02
1.000000e+02, 2.498073e+02
1.000000e+02, 2.501548e+02
1.000000e+02, 2.505042e+02
1.000000e+02, 2.508556e+02
1.000000e+02, 2.512090e+02
1.000000e+02, 2.515644e+02
1.000000e+02, 2.519217e+02
1.000000e+02, 2.522811e+02
1.000000e+02, 2.526425e+02
1.000000e+02, 2.530058e+02
1.000000e+02, 2.533712e+02
1.000000e+02, 2.537387e+02
1.000000e+02, 2.541081e+02
1.000000e+02, 2.544796e+02
1.000000e+02, 2.548532e+02
1.000000e+02, 2.552288e+02
1.000000e+02, 2.556065e+02
1.000000e+02, 2.559862e+02
1.000000e+02, 2.563680e+02
1.000000e+02, 2.567519e+02
1.000000e+02, 2.571379e+02
1.000000e+02, 2.575260e+02
1.000000e+02, 2.579162e+02
1.000000e+02, 2.583085e+02
1.000000e+02, 2.587030e+02
1.000000e+02, 2.590996e+02
1.000000e+02, 2.594983e+02
1.000000e+02, 2.598991e+02
1.000000e+02, 2.603021e+02
1.000000e+02, 2.607073e+02
1.000000e+02, 2.611147e+02
1.000000e+02, 2.615242e+02
1.000000e+02, 2.619359e+02
1.000000e+02, 2.623498e+02
1.000000e+02, 2.627659e+02
1.000000e+02, 2.631843e+02
1.000000e+02, 2.636048e+02
1.000000e+02, 2.640276e+02
1.000000e+02, 2.644526e+02
1.000000e+02, 2.648799e+02
1.000000e+02, 2.653095e+02
1.000000e+02, 2.657413e+02
1.000000e+02, 2.661754e+02
1.000000e+02, 2.666118e+02
1.000000e+02, 2.670504e+02
1.000000e+02, 2.674914e+02
1.000000e+02, 2.679347e+02
1.000000e+02, 2.683804e+02
1.000000e+02, 2.688283e+02
1.000000e+02, 2.692787e+02
1.000000e+02, 2.697314e+02
1.000000e+02, 2.701864e+02
1.000000e+02, 2.706438e+02
1.000000e+02, 2.711037e+02
1.000000e+02, 2.715659e+02
1.000000e+02, 2.720305e+02
1.000000e+02, 2.724976e+02
1.000000e+02, 2.729671e+02
1.000000e+02, 2.734390e+02
1.000000e+02, 2.739134e+02
1.000000e+02, 2.743903e+02
1.000000e+02, 2.748696e+02
1.000000e+02, 2.753515e+02
1.000000e+02, 2.758358e+02
1.000000e+02, 2.763227e+02
1.000000e+02, 2.768121e+02
1.000000e+02, 2.773040e+02
1.000000e+02, 2.777985e+02
1.000000e+02, 2.782956e+02
1.000000e+02, 2.787952e+02
1.000000e+02, 2.792974e+02
1.000000e+02, 2.798023e+02
1.000000e+02, 2.803097e+02
1.000000e+02, 2.808198e+02
1.000000e+02, 2.813326e+02
1.000000e+02, 2.818480e+02
1.000000e+02, 2.823660e+02
1.000000e+02, 2.828868e+02
1.000000e+02, 2.834103e+02
1.000000e+02, 2.839364e+02
1.000000e+02, 2.844654e+02
1.000000e+02, 2.849970e+02
1.000000e+02, 2.855314e+02
1.000000e+02, 2.860686e+02
1.000000e+02, 2.866086e+02
1.000000e+02, 2.871515e+02
1.000000e+02, 2.876971e+02
1.000000e+02, 2.882456e+02
1.000000e+02, 2.887969e+02
1.000000e+02, 2.893511e+02
1.000000e+02, 2.899082e+02
1.000000e+02, 2.904682e+02
1.000000e+02, 2.910311e+02
1.000000e+02, 2.915970e+02
1.000000e+02, 2.921658e+02
1.000000e+02, 2.927376e+02
1.000000e+02, 2.933124e+02
1.000000e+02, 2.938902e+02
1.000000e+02, 2.944711e+02
1.000000e+02, 2.950549e+02
1.000000e+02, 2.956419e+02
1.000000e+02, 2.962320e+02
1.000000e+02, 2.968251e+02
1.000000e+02, 2.974214e+02
1.000000e+02, 2.980209e+02
1.000000e+02, 2.986235e+02
1.000000e+02, 2.992293e+02
1.000000e+02, 2.998383e+02
1.000000e+02, 3.004505e+02
1.000000e+02, 3.010660e+02
1.000000e+02, 3.016848e+02
1.000000e+02, 3.023069e+02
1.000000e+02, 3.029323e+02
1.000000e+02, 3.035610e+02
1.000000e+02, 3.041931e+02
1.000000e+02, 3.048286e+02
1.000000e+02, 3.054675e+02
1.000000e+02, 3.061099e+02
1.000000e+02, 3.067557e+02
1.000000e+02, 3.074050e+02
1.000000e+02, 3.080578e+02
1.000000e+02, 3.087142e+02
1.000000e+02, 3.093741e+02
1.000000e+02, 3.100376e+02
1.000000e+02, 3.107047e+02
1.000000e+02, 3.113755e+02
1.000000e+02, 3.120500e+02
1.000000e+02, 3.127281e+02
1.000000e+02, 3.134100e+02
1.000000e+02, 3.140956e+02
1.000000e+02, 3.147851e+02
1.000000e+02, 3.154783e+02
1.000000e+02, 3.161754e+02
1.000000e+02, 3.168764e+02
1.000000e+02, 3.175813e+02
1.000000e+02, 3.182902e+02
1.000000e+02, 3.190030e+02
1.000000e+02, 3.197198e+02
1.000000e+02, 3.204407e+02
1.000000e+02, 3.211657e+02
1.000000e+02, 3.218948e+02
1.000000e+02, 3.226280e+02
1.000000e+02, 3.233654e+02
1.000000e+02, 3.241070e+02
1.000000e+02, 3.248529e+02
1.000000e+02, 3.256031e+02
1.000000e+02, 3.263576e+02
1.000000e+02, 3.271166e+02
1.000000e+02, 3.278799e+02
1.000000e+02, 3.286477e+02
1.000000e+02, 3.294199e+02
1.000000e+02, 3.301968e+02
1.000000e+02, 3.309782e+02
1.000000e+02, 3.317642e+02
1.000000e+02, 3.325549e+02
1.000000e+02, 3.333504e+02
1.000000e+02, 3.341506e+02
1.000000e+02, 3.349556e+02
1.000000e+02, 3.357654e+02
1.000000e+02, 3.365802e+02
1.000000e+02, 3.374000e+02
1.000000e+02, 3.382247e+02
1.000000e+02, 3.390546e+02
1.000000e+02, 3.398895e+02
1.000000e+02, 3.407296e+02
1.000000e+02, 3.415750e+02
1.000000e+02, 3.424256e+02
1.000000e+02, 3.432816e+02
1.000000e+02, 3.441430e+02
1.000000e+02, 3.450098e+02
1.000000e+02, 3.458822e+02
1.000000e+02, 3.467601e+02
1.000000e+02, 3.476437e+02
1.000000e+02, 3.485331e+02
1.000000e+02, 3.494282e+02
1.000000e+02, 3.503292e+02
1.000000e+02, 3.512361e+02
1.000000e+02, 3.521490e+02
1.000000e+02, 3.530679e+02
1.000000e+02, 3.539930e+02
1.000000e+02, 3.549244e+02
1.000000e+02, 3.558620e+02
1.000000e+02, 3.568060e+02
1.000000e+02, 3.577565e+02
1.000000e+02, 3.587136e+02
1.000000e+02, 3.596773e+02
1.000000e+02, 6.476783e-01
1.000000e+02, 1.624911e+00
1.000000e+02, 2.609056e+00
1.000000e+02, 3.600212e+00
1.000000e+02, 4.598475e+00
1.000000e+02, 5.603948e+00
1.000000e+02, 6.616734e+00
1.000000e+02, 7.636941e+00
1.000000e+02, 8.664677e+00
1.000000e+02, 9.700055e+00
1.000000e+02, 1.074319e+01
1.000000e+02, 1.179420e+01
1.000000e+02, 1.285322e+01
1.000000e+02, 1.392035e+01
1.000000e+02, 1.499575e+01
1.000000e+02, 1.607953e+01
1.000000e+02, 1.717183e+01
1.000000e+02, 1.827280e+01
1.000000e+02, 1.938259e+01
1.000000e+02, 2.050133e+01
1.000000e+02, 2.162920e+01
1.000000e+02, 2.276634e+01
1.000000e+02, 2.391292e+01
1.000000e+02, 2.506912e+01
1.000000e+02, 2.623510e+01
1.000000e+02, 2.741105e+01
1.000000e+02, 2.859716e+01
1.000000e+02, 2.979362e+01
1.000000e+02, 3.100064e+01
1.000000e+02, 3.221841e+01
1.000000e+02, 3.344716e+01
1.000000e+02, 3.468711e+01
1.000000e+02, 3.593849e+01
1.000000e+02, 3.720155e+01
1.000000e+02, 3.847652e+01
1.000000e+02, 3.976367e+01
1.000000e+02, 4.106327e+01
1.000000e+02, 4.237560e+01
1.000000e+02, 4.370095e+01
1.000000e+02, 4.503962e+01
1.000000e+02, 4.639193e+01
1.000000e+02, 4.775821e+01
1.000000e+02, 4.913880e+01
1.000000e+02, 5.053406e+01
1.000000e+02, 5.194436e+01
1.000000e+02, 5.337009e+01
1.000000e+02, 5.481167e+01
1.000000e+02, 5.626953e+01
1.000000e+02, 5.774411e+01
1.000000e+02, 5.923589e+01
1.000000e+02, 6.074536e+01
1.000000e+02, 6.227304e+01
1.000000e+02, 6.381949e+01
1.000000e+02, 6.538529e+01
1.000000e+02, 6.697103e+01
1.000000e+02, 6.857738e+01
1.000000e+02, 7.020500e+01
1.000000e+02, 7.185462e+01
1.000000e+02, 7.352701e+01
1.000000e+02, 7.522298e+01
1.000000e+02, 7.694339e+01
1.000000e+02, 7.868916e+01
1.000000e+02, 8.046127e+01
1.000000e+02, 8.226077e+01
1.000000e+02, 8.408879e+01
1.000000e+02, 8.594652e+01
1.000000e+02, 8.783526e+01
1.000000e+02, 8.975640e+01
1.000000e+02, 9.171146e+01
1.000000e+02, 9.370205e+01
1.000000e+02, 9.572994e+01
1.000000e+02, 9.779706e+01
1.000000e+02, 9.990551e+01
1.000000e+02, 1.020576e+02
1.000000e+02, 1.042558e+02
1.000000e+02, 1.065029e+02
1.000000e+02, 1.088021e+02
1.000000e+02, 1.111567e+02
1.000000e+02, 1.135706e+02
1.000000e+02, 1.160480e+02
1.000000e+02, 1.185939e+02
1.000000e+02, 1.212137e+02
1.000000e+02, 1.239139e+02
1.000000e+02, 1.267016e+02
1.000000e+02, 1.295854e+02
1.000000e+02, 1.325753e+02
1.000000e+02, 1.356832e+02
1.000000e+02, 1.389233e+02
1.000000e+02, 1.423133e+02
1.000000e+02, 1.458749e+02
1.000000e+02, 1.496360e+02
1.000000e+02, 1.536327e+02
1.000000e+02, 1.579142e+02
1.000000e+02, 1.625495e+02
1.000000e+02, 1.676416e+02
1.000000e+02, 1.733569e+02
1.000000e+02, 1.800000e+02
##END= 