##TITLE= /opt/topspin3.0/exp/stan/nmr/lists/wave/user/HypSec_trunc2.84_110
##JCAMP-DX= 5.00 Bruker JCAMP library
##DATA TYPE= Shape Data
##ORIGIN= Bruker BioSpin GmbH
##OWNER= <nmrsu>
##DATE= 15/02/24
##TIME= 16:15:04
##MINX= 1.164538e+01
##MAXX= 9.999960e+01
##MINY= 2.546774e-02
##MAXY= 3.585574e+02
##$SHAPE_EXMODE= Adiabatic
##$SHAPE_TOTROT= 1.800000e+02
##$SHAPE_BWFAC= 1.929340e+02
##$SHAPE_INTEGFAC= 2.356110e-02
##$SHAPE_MODE= 0
##NPOINTS= 1000
##XYPOINTS= (XY..XY)
1.000000e+02, 1.800000e+02
1.000000e+02, 1.736890e+02
1.000000e+02, 1.682595e+02
1.000000e+02, 1.634220e+02
1.000000e+02, 1.590185e+02
1.000000e+02, 1.549511e+02
1.000000e+02, 1.511542e+02
1.000000e+02, 1.475812e+02
1.000000e+02, 1.441976e+02
1.000000e+02, 1.409772e+02
1.000000e+02, 1.378990e+02
1.000000e+02, 1.349465e+02
1.000000e+02, 1.321061e+02
1.000000e+02, 1.293665e+02
1.000000e+02, 1.267182e+02
1.000000e+02, 1.241530e+02
1.000000e+02, 1.216642e+02
1.000000e+02, 1.192456e+02
1.000000e+02, 1.168920e+02
1.000000e+02, 1.145989e+02
1.000000e+02, 1.123620e+02
1.000000e+02, 1.101778e+02
1.000000e+02, 1.080430e+02
1.000000e+02, 1.059547e+02
1.000000e+02, 1.039102e+02
1.000000e+02, 1.019072e+02
1.000000e+02, 9.994344e+01
1.000000e+02, 9.801694e+01
1.000000e+02, 9.612588e+01
1.000000e+02, 9.426858e+01
1.000000e+02, 9.244349e+01
1.000000e+02, 9.064919e+01
1.000000e+02, 8.888434e+01
1.000000e+02, 8.714773e+01
1.000000e+02, 8.543820e+01
1.000000e+02, 8.375470e+01
1.000000e+02, 8.209621e+01
1.000000e+02, 8.046183e+01
1.000000e+02, 7.885066e+01
1.000000e+02, 7.726189e+01
1.000000e+02, 7.569475e+01
1.000000e+02, 7.414850e+01
1.000000e+02, 7.262248e+01
1.000000e+02, 7.111602e+01
1.000000e+02, 6.962852e+01
1.000000e+02, 6.815939e+01
1.000000e+02, 6.670809e+01
1.000000e+02, 6.527409e+01
1.000000e+02, 6.385690e+01
1.000000e+02, 6.245605e+01
1.000000e+02, 6.107108e+01
1.000000e+02, 5.970158e+01
1.000000e+02, 5.834713e+01
1.000000e+02, 5.700735e+01
1.000000e+02, 5.568186e+01
1.000000e+02, 5.437030e+01
1.000000e+02, 5.307233e+01
1.000000e+02, 5.178764e+01
1.000000e+02, 5.051590e+01
1.000000e+02, 4.925682e+01
1.000000e+02, 4.801011e+01
1.000000e+02, 4.677549e+01
1.000000e+02, 4.555269e+01
1.000000e+02, 4.434147e+01
1.000000e+02, 4.314157e+01
1.000000e+02, 4.195275e+01
1.000000e+02, 4.077480e+01
1.000000e+02, 3.960749e+01
1.000000e+02, 3.845060e+01
1.000000e+02, 3.730394e+01
1.000000e+02, 3.616730e+01
1.000000e+02, 3.504050e+01
1.000000e+02, 3.392334e+01
1.000000e+02, 3.281566e+01
1.000000e+02, 3.171727e+01
1.000000e+02, 3.062802e+01
1.000000e+02, 2.954773e+01
1.000000e+02, 2.847626e+01
1.000000e+02, 2.741346e+01
1.000000e+02, 2.635916e+01
1.000000e+02, 2.531324e+01
1.000000e+02, 2.427555e+01
1.000000e+02, 2.324596e+01
1.000000e+02, 2.222433e+01
1.000000e+02, 2.121055e+01
1.000000e+02, 2.020449e+01
1.000000e+02, 1.920603e+01
1.000000e+02, 1.821505e+01
1.000000e+02, 1.723144e+01
1.000000e+02, 1.625509e+01
1.000000e+02, 1.528589e+01
1.000000e+02, 1.432375e+01
1.000000e+02, 1.336855e+01
1.000000e+02, 1.242020e+01
1.000000e+02, 1.147860e+01
1.000000e+02, 1.054366e+01
1.000000e+02, 9.615291e+00
1.000000e+02, 8.693399e+00
1.000000e+02, 7.777899e+00
1.000000e+02, 6.868706e+00
1.000000e+02, 5.965737e+00
1.000000e+02, 5.068912e+00
1.000000e+02, 4.178152e+00
1.000000e+02, 3.293380e+00
1.000000e+02, 2.414521e+00
1.000000e+02, 1.541502e+00
1.000000e+02, 6.742502e-01
1.000000e+02, 3.598127e+02
1.000000e+02, 3.589568e+02
1.000000e+02, 3.581064e+02
1.000000e+02, 3.572615e+02
1.000000e+02, 3.564221e+02
1.000000e+02, 3.555881e+02
1.000000e+02, 3.547593e+02
1.000000e+02, 3.539358e+02
1.000000e+02, 3.531175e+02
1.000000e+02, 3.523043e+02
1.000000e+02, 3.514962e+02
1.000000e+02, 3.506931e+02
1.000000e+02, 3.498950e+02
1.000000e+02, 3.491018e+02
1.000000e+02, 3.483135e+02
1.000000e+02, 3.475300e+02
1.000000e+02, 3.467512e+02
1.000000e+02, 3.459772e+02
1.000000e+02, 3.452078e+02
1.000000e+02, 3.444430e+02
1.000000e+02, 3.436828e+02
1.000000e+02, 3.429272e+02
1.000000e+02, 3.421760e+02
1.000000e+02, 3.414293e+02
1.000000e+02, 3.406869e+02
1.000000e+02, 3.399489e+02
1.000000e+02, 3.392153e+02
1.000000e+02, 3.384859e+02
1.000000e+02, 3.377607e+02
1.000000e+02, 3.370398e+02
1.000000e+02, 3.363230e+02
1.000000e+02, 3.356103e+02
1.000000e+02, 3.349017e+02
1.000000e+02, 3.341971e+02
1.000000e+02, 3.334966e+02
1.000000e+02, 3.328000e+02
1.000000e+02, 3.321074e+02
1.000000e+02, 3.314187e+02
1.000000e+02, 3.307338e+02
1.000000e+02, 3.300529e+02
1.000000e+02, 3.293757e+02
1.000000e+02, 3.287023e+02
1.000000e+02, 3.280326e+02
1.000000e+02, 3.273667e+02
1.000000e+02, 3.267044e+02
1.000000e+02, 3.260458e+02
1.000000e+02, 3.253909e+02
1.000000e+02, 3.247395e+02
1.000000e+02, 3.240917e+02
1.000000e+02, 3.234475e+02
1.000000e+02, 3.228067e+02
1.000000e+02, 3.221695e+02
1.000000e+02, 3.215357e+02
1.000000e+02, 3.209054e+02
1.000000e+02, 3.202785e+02
1.000000e+02, 3.196549e+02
1.000000e+02, 3.190347e+02
1.000000e+02, 3.184179e+02
1.000000e+02, 3.178044e+02
1.000000e+02, 3.171942e+02
1.000000e+02, 3.165872e+02
1.000000e+02, 3.159835e+02
1.000000e+02, 3.153830e+02
1.000000e+02, 3.147857e+02
1.000000e+02, 3.141915e+02
1.000000e+02, 3.136006e+02
1.000000e+02, 3.130127e+02
1.000000e+02, 3.124280e+02
1.000000e+02, 3.118464e+02
1.000000e+02, 3.112678e+02
1.000000e+02, 3.106923e+02
1.000000e+02, 3.101198e+02
1.000000e+02, 3.095504e+02
1.000000e+02, 3.089839e+02
1.000000e+02, 3.084204e+02
1.000000e+02, 3.078598e+02
1.000000e+02, 3.073022e+02
1.000000e+02, 3.067475e+02
1.000000e+02, 3.061957e+02
1.000000e+02, 3.056468e+02
1.000000e+02, 3.051007e+02
1.000000e+02, 3.045575e+02
1.000000e+02, 3.040171e+02
1.000000e+02, 3.034795e+02
1.000000e+02, 3.029448e+02
1.000000e+02, 3.024128e+02
1.000000e+02, 3.018835e+02
1.000000e+02, 3.013570e+02
1.000000e+02, 3.008333e+02
1.000000e+02, 3.003122e+02
1.000000e+02, 2.997939e+02
1.000000e+02, 2.992782e+02
1.000000e+02, 2.987652e+02
1.000000e+02, 2.982549e+02
1.000000e+02, 2.977472e+02
1.000000e+02, 2.972421e+02
1.000000e+02, 2.967396e+02
1.000000e+02, 2.962397e+02
1.000000e+02, 2.957425e+02
1.000000e+02, 2.952477e+02
1.000000e+02, 2.947556e+02
1.000000e+02, 2.942659e+02
1.000000e+02, 2.937788e+02
1.000000e+02, 2.932942e+02
1.000000e+02, 2.928122e+02
1.000000e+02, 2.923326e+02
1.000000e+02, 2.918554e+02
1.000000e+02, 2.913808e+02
1.000000e+02, 2.909086e+02
1.000000e+02, 2.904388e+02
1.000000e+02, 2.899715e+02
1.000000e+02, 2.895066e+02
1.000000e+02, 2.890440e+02
1.000000e+02, 2.885839e+02
1.000000e+02, 2.881261e+02
1.000000e+02, 2.876708e+02
1.000000e+02, 2.872177e+02
1.000000e+02, 2.867671e+02
1.000000e+02, 2.863187e+02
1.000000e+02, 2.858727e+02
1.000000e+02, 2.854290e+02
1.000000e+02, 2.849876e+02
1.000000e+02, 2.845485e+02
1.000000e+02, 2.841116e+02
1.000000e+02, 2.836771e+02
1.000000e+02, 2.832448e+02
1.000000e+02, 2.828147e+02
1.000000e+02, 2.823869e+02
1.000000e+02, 2.819614e+02
1.000000e+02, 2.815380e+02
1.000000e+02, 2.811169e+02
1.000000e+02, 2.806979e+02
1.000000e+02, 2.802812e+02
1.000000e+02, 2.798666e+02
1.000000e+02, 2.794542e+02
1.000000e+02, 2.790440e+02
1.000000e+02, 2.786359e+02
1.000000e+02, 2.782300e+02
1.000000e+02, 2.778262e+02
1.000000e+02, 2.774246e+02
1.000000e+02, 2.770250e+02
1.000000e+02, 2.766276e+02
1.000000e+02, 2.762323e+02
1.000000e+02, 2.758391e+02
1.000000e+02, 2.754480e+02
1.000000e+02, 2.750589e+02
1.000000e+02, 2.746719e+02
1.000000e+02, 2.742870e+02
1.000000e+02, 2.739042e+02
1.000000e+02, 2.735234e+02
1.000000e+02, 2.731446e+02
1.000000e+02, 2.727678e+02
1.000000e+02, 2.723931e+02
1.000000e+02, 2.720204e+02
1.000000e+02, 2.716497e+02
1.000000e+02, 2.712810e+02
1.000000e+02, 2.709143e+02
1.000000e+02, 2.705496e+02
1.000000e+02, 2.701869e+02
1.000000e+02, 2.698262e+02
1.000000e+02, 2.694674e+02
1.000000e+02, 2.691105e+02
1.000000e+02, 2.687557e+02
1.000000e+02, 2.684027e+02
1.000000e+02, 2.680517e+02
1.000000e+02, 2.677027e+02
1.000000e+02, 2.673555e+02
1.000000e+02, 2.670103e+02
1.000000e+02, 2.666670e+02
1.000000e+02, 2.663256e+02
1.000000e+02, 2.659861e+02
1.000000e+02, 2.656485e+02
1.000000e+02, 2.653128e+02
1.000000e+02, 2.649790e+02
1.000000e+02, 2.646470e+02
1.000000e+02, 2.643169e+02
1.000000e+02, 2.639887e+02
1.000000e+02, 2.636623e+02
1.000000e+02, 2.633378e+02
1.000000e+02, 2.630152e+02
1.000000e+02, 2.626943e+02
1.000000e+02, 2.623753e+02
1.000000e+02, 2.620582e+02
1.000000e+02, 2.617428e+02
1.000000e+02, 2.614293e+02
1.000000e+02, 2.611176e+02
1.000000e+02, 2.608076e+02
1.000000e+02, 2.604995e+02
1.000000e+02, 2.601932e+02
1.000000e+02, 2.598887e+02
1.000000e+02, 2.595860e+02
1.000000e+02, 2.592850e+02
1.000000e+02, 2.589858e+02
1.000000e+02, 2.586884e+02
1.000000e+02, 2.583928e+02
1.000000e+02, 2.580989e+02
1.000000e+02, 2.578067e+02
1.000000e+02, 2.575164e+02
1.000000e+02, 2.572277e+02
1.000000e+02, 2.569408e+02
1.000000e+02, 2.566557e+02
1.000000e+02, 2.563723e+02
1.000000e+02, 2.560906e+02
1.000000e+02, 2.558106e+02
1.000000e+02, 2.555323e+02
1.000000e+02, 2.552558e+02
1.000000e+02, 2.549809e+02
1.000000e+02, 2.547078e+02
1.000000e+02, 2.544364e+02
1.000000e+02, 2.541666e+02
1.000000e+02, 2.538986e+02
1.000000e+02, 2.536322e+02
1.000000e+02, 2.533675e+02
1.000000e+02, 2.531045e+02
1.000000e+02, 2.528432e+02
1.000000e+02, 2.525836e+02
1.000000e+02, 2.523256e+02
1.000000e+02, 2.520693e+02
1.000000e+02, 2.518146e+02
1.000000e+02, 2.515616e+02
1.000000e+02, 2.513102e+02
1.000000e+02, 2.510605e+02
1.000000e+02, 2.508124e+02
1.000000e+02, 2.505660e+02
1.000000e+02, 2.503212e+02
1.000000e+02, 2.500780e+02
1.000000e+02, 2.498365e+02
1.000000e+02, 2.495966e+02
1.000000e+02, 2.493583e+02
1.000000e+02, 2.491216e+02
1.000000e+02, 2.488866e+02
1.000000e+02, 2.486531e+02
1.000000e+02, 2.484213e+02
1.000000e+02, 2.481910e+02
1.000000e+02, 2.479624e+02
1.000000e+02, 2.477354e+02
1.000000e+02, 2.475099e+02
1.000000e+02, 2.472861e+02
1.000000e+02, 2.470638e+02
1.000000e+02, 2.468431e+02
1.000000e+02, 2.466240e+02
1.000000e+02, 2.464065e+02
1.000000e+02, 2.461905e+02
1.000000e+02, 2.459761e+02
1.000000e+02, 2.457633e+02
1.000000e+02, 2.455521e+02
1.000000e+02, 2.453424e+02
1.000000e+02, 2.451342e+02
1.000000e+02, 2.449276e+02
1.000000e+02, 2.447226e+02
1.000000e+02, 2.445192e+02
1.000000e+02, 2.443172e+02
1.000000e+02, 2.441168e+02
1.000000e+02, 2.439180e+02
1.000000e+02, 2.437207e+02
1.000000e+02, 2.435249e+02
1.000000e+02, 2.433307e+02
1.000000e+02, 2.431380e+02
1.000000e+02, 2.429468e+02
1.000000e+02, 2.427572e+02
1.000000e+02, 2.425690e+02
1.000000e+02, 2.423824e+02
1.000000e+02, 2.421973e+02
1.000000e+02, 2.420138e+02
1.000000e+02, 2.418317e+02
1.000000e+02, 2.416512e+02
1.000000e+02, 2.414721e+02
1.000000e+02, 2.412946e+02
1.000000e+02, 2.411185e+02
1.000000e+02, 2.409440e+02
1.000000e+02, 2.407710e+02
1.000000e+02, 2.405994e+02
1.000000e+02, 2.404294e+02
1.000000e+02, 2.402608e+02
1.000000e+02, 2.400937e+02
1.000000e+02, 2.399282e+02
1.000000e+02, 2.397641e+02
1.000000e+02, 2.396014e+02
1.000000e+02, 2.394403e+02
1.000000e+02, 2.392806e+02
1.000000e+02, 2.391224e+02
1.000000e+02, 2.389657e+02
1.000000e+02, 2.388105e+02
1.000000e+02, 2.386567e+02
1.000000e+02, 2.385044e+02
1.000000e+02, 2.383536e+02
1.000000e+02, 2.382042e+02
1.000000e+02, 2.380563e+02
1.000000e+02, 2.379098e+02
1.000000e+02, 2.377649e+02
1.000000e+02, 2.376213e+02
1.000000e+02, 2.374792e+02
1.000000e+02, 2.373386e+02
1.000000e+02, 2.371994e+02
1.000000e+02, 2.370617e+02
1.000000e+02, 2.369254e+02
1.000000e+02, 2.367905e+02
1.000000e+02, 2.366571e+02
1.000000e+02, 2.365252e+02
1.000000e+02, 2.363947e+02
1.000000e+02, 2.362656e+02
1.000000e+02, 2.361379e+02
1.000000e+02, 2.360117e+02
1.000000e+02, 2.358870e+02
1.000000e+02, 2.357636e+02
1.000000e+02, 2.356417e+02
1.000000e+02, 2.355212e+02
1.000000e+02, 2.354021e+02
1.000000e+02, 2.352845e+02
1.000000e+02, 2.351683e+02
1.000000e+02, 2.350535e+02
1.000000e+02, 2.349402e+02
1.000000e+02, 2.348282e+02
1.000000e+02, 2.347177e+02
1.000000e+02, 2.346086e+02
1.000000e+02, 2.345009e+02
1.000000e+02, 2.343946e+02
1.000000e+02, 2.342897e+02
1.000000e+02, 2.341863e+02
1.000000e+02, 2.340842e+02
1.000000e+02, 2.339836e+02
1.000000e+02, 2.338844e+02
1.000000e+02, 2.337865e+02
1.000000e+02, 2.336901e+02
1.000000e+02, 2.335951e+02
1.000000e+02, 2.335015e+02
1.000000e+02, 2.334093e+02
1.000000e+02, 2.333185e+02
1.000000e+02, 2.332291e+02
1.000000e+02, 2.331411e+02
1.000000e+02, 2.330544e+02
1.000000e+02, 2.329692e+02
1.000000e+02, 2.328854e+02
1.000000e+02, 2.328030e+02
1.000000e+02, 2.327219e+02
1.000000e+02, 2.326423e+02
1.000000e+02, 2.325640e+02
1.000000e+02, 2.324872e+02
1.000000e+02, 2.324117e+02
1.000000e+02, 2.323376e+02
1.000000e+02, 2.322649e+02
1.000000e+02, 2.321936e+02
1.000000e+02, 2.321237e+02
1.000000e+02, 2.320552e+02
1.000000e+02, 2.319880e+02
1.000000e+02, 2.319222e+02
1.000000e+02, 2.318579e+02
1.000000e+02, 2.317948e+02
1.000000e+02, 2.317332e+02
1.000000e+02, 2.316730e+02
1.000000e+02, 2.316141e+02
1.000000e+02, 2.315566e+02
1.000000e+02, 2.315005e+02
1.000000e+02, 2.314458e+02
1.000000e+02, 2.313924e+02
1.000000e+02, 2.313405e+02
1.000000e+02, 2.312898e+02
1.000000e+02, 2.312406e+02
1.000000e+02, 2.311928e+02
1.000000e+02, 2.311463e+02
1.000000e+02, 2.311012e+02
1.000000e+02, 2.310574e+02
1.000000e+02, 2.310151e+02
1.000000e+02, 2.309741e+02
1.000000e+02, 2.309345e+02
1.000000e+02, 2.308962e+02
1.000000e+02, 2.308593e+02
1.000000e+02, 2.308238e+02
1.000000e+02, 2.307897e+02
1.000000e+02, 2.307569e+02
1.000000e+02, 2.307255e+02
1.000000e+02, 2.306955e+02
1.000000e+02, 2.306668e+02
1.000000e+02, 2.306395e+02
1.000000e+02, 2.306136e+02
1.000000e+02, 2.305890e+02
1.000000e+02, 2.305658e+02
1.000000e+02, 2.305440e+02
1.000000e+02, 2.305235e+02
1.000000e+02, 2.305044e+02
1.000000e+02, 2.304867e+02
1.000000e+02, 2.304703e+02
1.000000e+02, 2.304553e+02
1.000000e+02, 2.304416e+02
1.000000e+02, 2.304294e+02
1.000000e+02, 2.304185e+02
1.000000e+02, 2.304089e+02
1.000000e+02, 2.304007e+02
1.000000e+02, 2.303939e+02
1.000000e+02, 2.303884e+02
1.000000e+02, 2.303844e+02
1.000000e+02, 2.303816e+02
1.000000e+02, 2.303803e+02
1.000000e+02, 2.303803e+02
1.000000e+02, 2.303816e+02
1.000000e+02, 2.303844e+02
1.000000e+02, 2.303884e+02
1.000000e+02, 2.303939e+02
1.000000e+02, 2.304007e+02
1.000000e+02, 2.304089e+02
1.000000e+02, 2.304185e+02
1.000000e+02, 2.304294e+02
1.000000e+02, 2.304416e+02
1.000000e+02, 2.304553e+02
1.000000e+02, 2.304703e+02
1.000000e+02, 2.304867e+02
1.000000e+02, 2.305044e+02
1.000000e+02, 2.305235e+02
1.000000e+02, 2.305440e+02
1.000000e+02, 2.305658e+02
1.000000e+02, 2.305890e+02
1.000000e+02, 2.306136e+02
1.000000e+02, 2.306395e+02
1.000000e+02, 2.306668e+02
1.000000e+02, 2.306955e+02
1.000000e+02, 2.307255e+02
1.000000e+02, 2.307569e+02
1.000000e+02, 2.307897e+02
1.000000e+02, 2.308238e+02
1.000000e+02, 2.308593e+02
1.000000e+02, 2.308962e+02
1.000000e+02, 2.309345e+02
1.000000e+02, 2.309741e+02
1.000000e+02, 2.310151e+02
1.000000e+02, 2.310574e+02
1.000000e+02, 2.311012e+02
1.000000e+02, 2.311463e+02
1.000000e+02, 2.311928e+02
1.000000e+02, 2.312406e+02
1.000000e+02, 2.312898e+02
1.000000e+02, 2.313405e+02
1.000000e+02, 2.313924e+02
1.000000e+02, 2.314458e+02
1.000000e+02, 2.315005e+02
1.000000e+02, 2.315566e+02
1.000000e+02, 2.316141e+02
1.000000e+02, 2.316730e+02
1.000000e+02, 2.317332e+02
1.000000e+02, 2.317948e+02
1.000000e+02, 2.318579e+02
1.000000e+02, 2.319222e+02
1.000000e+02, 2.319880e+02
1.000000e+02, 2.320552e+02
1.000000e+02, 2.321237e+02
1.000000e+02, 2.321936e+02
1.000000e+02, 2.322649e+02
1.000000e+02, 2.323376e+02
1.000000e+02, 2.324117e+02
1.000000e+02, 2.324872e+02
1.000000e+02, 2.325640e+02
1.000000e+02, 2.326423e+02
1.000000e+02, 2.327219e+02
1.000000e+02, 2.328030e+02
1.000000e+02, 2.328854e+02
1.000000e+02, 2.329692e+02
1.000000e+02, 2.330544e+02
1.000000e+02, 2.331411e+02
1.000000e+02, 2.332291e+02
1.000000e+02, 2.333185e+02
1.000000e+02, 2.334093e+02
1.000000e+02, 2.335015e+02
1.000000e+02, 2.335951e+02
1.000000e+02, 2.336901e+02
1.000000e+02, 2.337865e+02
1.000000e+02, 2.338844e+02
1.000000e+02, 2.339836e+02
1.000000e+02, 2.340842e+02
1.000000e+02, 2.341863e+02
1.000000e+02, 2.342897e+02
1.000000e+02, 2.343946e+02
1.000000e+02, 2.345009e+02
1.000000e+02, 2.346086e+02
1.000000e+02, 2.347177e+02
1.000000e+02, 2.348282e+02
1.000000e+02, 2.349402e+02
1.000000e+02, 2.350535e+02
1.000000e+02, 2.351683e+02
1.000000e+02, 2.352845e+02
1.000000e+02, 2.354021e+02
1.000000e+02, 2.355212e+02
1.000000e+02, 2.356417e+02
1.000000e+02, 2.357636e+02
1.000000e+02, 2.358870e+02
1.000000e+02, 2.360117e+02
1.000000e+02, 2.361379e+02
1.000000e+02, 2.362656e+02
1.000000e+02, 2.363947e+02
1.000000e+02, 2.365252e+02
1.000000e+02, 2.366571e+02
1.000000e+02, 2.367905e+02
1.000000e+02, 2.369254e+02
1.000000e+02, 2.370617e+02
1.000000e+02, 2.371994e+02
1.000000e+02, 2.373386e+02
1.000000e+02, 2.374792e+02
1.000000e+02, 2.376213e+02
1.000000e+02, 2.377649e+02
1.000000e+02, 2.379098e+02
1.000000e+02, 2.380563e+02
1.000000e+02, 2.382042e+02
1.000000e+02, 2.383536e+02
1.000000e+02, 2.385044e+02
1.000000e+02, 2.386567e+02
1.000000e+02, 2.388105e+02
1.000000e+02, 2.389657e+02
1.000000e+02, 2.391224e+02
1.000000e+02, 2.392806e+02
1.000000e+02, 2.394403e+02
1.000000e+02, 2.396014e+02
1.000000e+02, 2.397641e+02
1.000000e+02, 2.399282e+02
1.000000e+02, 2.400937e+02
1.000000e+02, 2.402608e+02
1.000000e+02, 2.404294e+02
1.000000e+02, 2.405994e+02
1.000000e+02, 2.407710e+02
1.000000e+02, 2.409440e+02
1.000000e+02, 2.411185e+02
1.000000e+02, 2.412946e+02
1.000000e+02, 2.414721e+02
1.000000e+02, 2.416512e+02
1.000000e+02, 2.418317e+02
1.000000e+02, 2.420138e+02
1.000000e+02, 2.421974e+02
1.000000e+02, 2.423824e+02
1.000000e+02, 2.425690e+02
1.000000e+02, 2.427572e+02
1.000000e+02, 2.429468e+02
1.000000e+02, 2.431380e+02
1.000000e+02, 2.433307e+02
1.000000e+02, 2.435249e+02
1.000000e+02, 2.437207e+02
1.000000e+02, 2.439180e+02
1.000000e+02, 2.441168e+02
1.000000e+02, 2.443172e+02
1.000000e+02, 2.445192e+02
1.000000e+02, 2.447226e+02
1.000000e+02, 2.449277e+02
1.000000e+02, 2.451342e+02
1.000000e+02, 2.453424e+02
1.000000e+02, 2.455521e+02
1.000000e+02, 2.457633e+02
1.000000e+02, 2.459761e+02
1.000000e+02, 2.461905e+02
1.000000e+02, 2.464065e+02
1.000000e+02, 2.466240e+02
1.000000e+02, 2.468431e+02
1.000000e+02, 2.470638e+02
1.000000e+02, 2.472861e+02
1.000000e+02, 2.475099e+02
1.000000e+02, 2.477354e+02
1.000000e+02, 2.479624e+02
1.000000e+02, 2.481910e+02
1.000000e+02, 2.484213e+02
1.000000e+02, 2.486531e+02
1.000000e+02, 2.488866e+02
1.000000e+02, 2.491216e+02
1.000000e+02, 2.493583e+02
1.000000e+02, 2.495966e+02
1.000000e+02, 2.498365e+02
1.000000e+02, 2.500780e+02
1.000000e+02, 2.503212e+02
1.000000e+02, 2.505660e+02
1.000000e+02, 2.508124e+02
1.000000e+02, 2.510605e+02
1.000000e+02, 2.513102e+02
1.000000e+02, 2.515616e+02
1.000000e+02, 2.518146e+02
1.000000e+02, 2.520693e+02
1.000000e+02, 2.523256e+02
1.000000e+02, 2.525836e+02
1.000000e+02, 2.528432e+02
1.000000e+02, 2.531045e+02
1.000000e+02, 2.533675e+02
1.000000e+02, 2.536322e+02
1.000000e+02, 2.538986e+02
1.000000e+02, 2.541666e+02
1.000000e+02, 2.544364e+02
1.000000e+02, 2.547078e+02
1.000000e+02, 2.549809e+02
1.000000e+02, 2.552558e+02
1.000000e+02, 2.555323e+02
1.000000e+02, 2.558106e+02
1.000000e+02, 2.560906e+02
1.000000e+02, 2.563723e+02
1.000000e+02, 2.566557e+02
1.000000e+02, 2.569408e+02
1.000000e+02, 2.572277e+02
1.000000e+02, 2.575164e+02
1.000000e+02, 2.578067e+02
1.000000e+02, 2.580989e+02
1.000000e+02, 2.583928e+02
1.000000e+02, 2.586884e+02
1.000000e+02, 2.589858e+02
1.000000e+02, 2.592850e+02
1.000000e+02, 2.595860e+02
1.000000e+02, 2.598887e+02
1.000000e+02, 2.601932e+02
1.000000e+02, 2.604995e+02
1.000000e+02, 2.608076e+02
1.000000e+02, 2.611176e+02
1.000000e+02, 2.614293e+02
1.000000e+02, 2.617428e+02
1.000000e+02, 2.620582e+02
1.000000e+02, 2.623753e+02
1.000000e+02, 2.626943e+02
1.000000e+02, 2.630152e+02
1.000000e+02, 2.633378e+02
1.000000e+02, 2.636623e+02
1.000000e+02, 2.639887e+02
1.000000e+02, 2.643169e+02
1.000000e+02, 2.646470e+02
1.000000e+02, 2.649790e+02
1.000000e+02, 2.653128e+02
1.000000e+02, 2.656485e+02
1.000000e+02, 2.659861e+02
1.000000e+02, 2.663256e+02
1.000000e+02, 2.666670e+02
1.000000e+02, 2.670103e+02
1.000000e+02, 2.673555e+02
1.000000e+02, 2.677027e+02
1.000000e+02, 2.680517e+02
1.000000e+02, 2.684027e+02
1.000000e+02, 2.687557e+02
1.000000e+02, 2.691105e+02
1.000000e+02, 2.694674e+02
1.000000e+02, 2.698262e+02
1.000000e+02, 2.701869e+02
1.000000e+02, 2.705496e+02
1.000000e+02, 2.709143e+02
1.000000e+02, 2.712810e+02
1.000000e+02, 2.716497e+02
1.000000e+02, 2.720204e+02
1.000000e+02, 2.723931e+02
1.000000e+02, 2.727678e+02
1.000000e+02, 2.731446e+02
1.000000e+02, 2.735234e+02
1.000000e+02, 2.739042e+02
1.000000e+02, 2.742870e+02
1.000000e+02, 2.746719e+02
1.000000e+02, 2.750589e+02
1.000000e+02, 2.754480e+02
1.000000e+02, 2.758391e+02
1.000000e+02, 2.762323e+02
1.000000e+02, 2.766276e+02
1.000000e+02, 2.770251e+02
1.000000e+02, 2.774246e+02
1.000000e+02, 2.778262e+02
1.000000e+02, 2.782300e+02
1.000000e+02, 2.786359e+02
1.000000e+02, 2.790440e+02
1.000000e+02, 2.794542e+02
1.000000e+02, 2.798666e+02
1.000000e+02, 2.802812e+02
1.000000e+02, 2.806979e+02
1.000000e+02, 2.811169e+02
1.000000e+02, 2.815380e+02
1.000000e+02, 2.819614e+02
1.000000e+02, 2.823869e+02
1.000000e+02, 2.828147e+02
1.000000e+02, 2.832448e+02
1.000000e+02, 2.836771e+02
1.000000e+02, 2.841116e+02
1.000000e+02, 2.845485e+02
1.000000e+02, 2.849876e+02
1.000000e+02, 2.854290e+02
1.000000e+02, 2.858727e+02
1.000000e+02, 2.863187e+02
1.000000e+02, 2.867671e+02
1.000000e+02, 2.872177e+02
1.000000e+02, 2.876708e+02
1.000000e+02, 2.881262e+02
1.000000e+02, 2.885839e+02
1.000000e+02, 2.890440e+02
1.000000e+02, 2.895066e+02
1.000000e+02, 2.899715e+02
1.000000e+02, 2.904388e+02
1.000000e+02, 2.909086e+02
1.000000e+02, 2.913808e+02
1.000000e+02, 2.918554e+02
1.000000e+02, 2.923326e+02
1.000000e+02, 2.928122e+02
1.000000e+02, 2.932942e+02
1.000000e+02, 2.937788e+02
1.000000e+02, 2.942659e+02
1.000000e+02, 2.947556e+02
1.000000e+02, 2.952477e+02
1.000000e+02, 2.957425e+02
1.000000e+02, 2.962397e+02
1.000000e+02, 2.967396e+02
1.000000e+02, 2.972421e+02
1.000000e+02, 2.977472e+02
1.000000e+02, 2.982549e+02
1.000000e+02, 2.987652e+02
1.000000e+02, 2.992782e+02
1.000000e+02, 2.997939e+02
1.000000e+02, 3.003122e+02
1.000000e+02, 3.008333e+02
1.000000e+02, 3.013570e+02
1.000000e+02, 3.018835e+02
1.000000e+02, 3.024128e+02
1.000000e+02, 3.029448e+02
1.000000e+02, 3.034795e+02
1.000000e+02, 3.040171e+02
1.000000e+02, 3.045575e+02
1.000000e+02, 3.051007e+02
1.000000e+02, 3.056468e+02
1.000000e+02, 3.061957e+02
1.000000e+02, 3.067475e+02
1.000000e+02, 3.073022e+02
1.000000e+02, 3.078598e+02
1.000000e+02, 3.084204e+02
1.000000e+02, 3.089839e+02
1.000000e+02, 3.095504e+02
1.000000e+02, 3.101198e+02
1.000000e+02, 3.106923e+02
1.000000e+02, 3.112678e+02
1.000000e+02, 3.118464e+02
1.000000e+02, 3.124280e+02
1.000000e+02, 3.130127e+02
1.000000e+02, 3.136006e+02
1.000000e+02, 3.141915e+02
1.000000e+02, 3.147857e+02
1.000000e+02, 3.153830e+02
1.000000e+02, 3.159835e+02
1.000000e+02, 3.165872e+02
1.000000e+02, 3.171942e+02
1.000000e+02, 3.178044e+02
1.000000e+02, 3.184179e+02
1.000000e+02, 3.190348e+02
1.000000e+02, 3.196549e+02
1.000000e+02, 3.202785e+02
1.000000e+02, 3.209054e+02
1.000000e+02, 3.215357e+02
1.000000e+02, 3.221695e+02
1.000000e+02, 3.228067e+02
1.000000e+02, 3.234475e+02
1.000000e+02, 3.240917e+02
1.000000e+02, 3.247395e+02
1.000000e+02, 3.253909e+02
1.000000e+02, 3.260458e+02
1.000000e+02, 3.267044e+02
1.000000e+02, 3.273667e+02
1.000000e+02, 3.280326e+02
1.000000e+02, 3.287023e+02
1.000000e+02, 3.293757e+02
1.000000e+02, 3.300529e+02
1.000000e+02, 3.307338e+02
1.000000e+02, 3.314187e+02
1.000000e+02, 3.321074e+02
1.000000e+02, 3.328000e+02
1.000000e+02, 3.334966e+02
1.000000e+02, 3.341971e+02
1.000000e+02, 3.349017e+02
1.000000e+02, 3.356103e+02
1.000000e+02, 3.363230e+02
1.000000e+02, 3.370398e+02
1.000000e+02, 3.377607e+02
1.000000e+02, 3.384859e+02
1.000000e+02, 3.392153e+02
1.000000e+02, 3.399489e+02
1.000000e+02, 3.406869e+02
1.000000e+02, 3.414293e+02
1.000000e+02, 3.421760e+02
1.000000e+02, 3.429272e+02
1.000000e+02, 3.436828e+02
1.000000e+02, 3.444430e+02
1.000000e+02, 3.452078e+02
1.000000e+02, 3.459772e+02
1.000000e+02, 3.467512e+02
1.000000e+02, 3.475300e+02
1.000000e+02, 3.483135e+02
1.000000e+02, 3.491018e+02
1.000000e+02, 3.498950e+02
1.000000e+02, 3.506931e+02
1.000000e+02, 3.514962e+02
1.000000e+02, 3.523043e+02
1.000000e+02, 3.531175e+02
1.000000e+02, 3.539358e+02
1.000000e+02, 3.547593e+02
1.000000e+02, 3.555881e+02
1.000000e+02, 3.564221e+02
1.000000e+02, 3.572616e+02
1.000000e+02, 3.581064e+02
1.000000e+02, 3.589568e+02
1.000000e+02, 3.598127e+02
1.000000e+02, 6.742532e-01
1.000000e+02, 1.541505e+00
1.000000e+02, 2.414524e+00
1.000000e+02, 3.293383e+00
1.000000e+02, 4.178155e+00
1.000000e+02, 5.068915e+00
1.000000e+02, 5.965740e+00
1.000000e+02, 6.868709e+00
1.000000e+02, 7.777902e+00
1.000000e+02, 8.693402e+00
1.000000e+02, 9.615294e+00
1.000000e+02, 1.054367e+01
1.000000e+02, 1.147860e+01
1.000000e+02, 1.242020e+01
1.000000e+02, 1.336855e+01
1.000000e+02, 1.432375e+01
1.000000e+02, 1.528590e+01
1.000000e+02, 1.625509e+01
1.000000e+02, 1.723144e+01
1.000000e+02, 1.821505e+01
1.000000e+02, 1.920603e+01
1.000000e+02, 2.020449e+01
1.000000e+02, 2.121056e+01
1.000000e+02, 2.222434e+01
1.000000e+02, 2.324596e+01
1.000000e+02, 2.427555e+01
1.000000e+02, 2.531324e+01
1.000000e+02, 2.635916e+01
1.000000e+02, 2.741346e+01
1.000000e+02, 2.847627e+01
1.000000e+02, 2.954774e+01
1.000000e+02, 3.062802e+01
1.000000e+02, 3.171728e+01
1.000000e+02, 3.281566e+01
1.000000e+02, 3.392334e+01
1.000000e+02, 3.504050e+01
1.000000e+02, 3.616730e+01
1.000000e+02, 3.730394e+01
1.000000e+02, 3.845060e+01
1.000000e+02, 3.960749e+01
1.000000e+02, 4.077480e+01
1.000000e+02, 4.195276e+01
1.000000e+02, 4.314157e+01
1.000000e+02, 4.434147e+01
1.000000e+02, 4.555269e+01
1.000000e+02, 4.677549e+01
1.000000e+02, 4.801011e+01
1.000000e+02, 4.925682e+01
1.000000e+02, 5.051591e+01
1.000000e+02, 5.178764e+01
1.000000e+02, 5.307234e+01
1.000000e+02, 5.437030e+01
1.000000e+02, 5.568186e+01
1.000000e+02, 5.700735e+01
1.000000e+02, 5.834714e+01
1.000000e+02, 5.970159e+01
1.000000e+02, 6.107109e+01
1.000000e+02, 6.245605e+01
1.000000e+02, 6.385690e+01
1.000000e+02, 6.527409e+01
1.000000e+02, 6.670809e+01
1.000000e+02, 6.815939e+01
1.000000e+02, 6.962852e+01
1.000000e+02, 7.111602e+01
1.000000e+02, 7.262248e+01
1.000000e+02, 7.414851e+01
1.000000e+02, 7.569475e+01
1.000000e+02, 7.726189e+01
1.000000e+02, 7.885066e+01
1.000000e+02, 8.046183e+01
1.000000e+02, 8.209622e+01
1.000000e+02, 8.375470e+01
1.000000e+02, 8.543820e+01
1.000000e+02, 8.714773e+01
1.000000e+02, 8.888435e+01
1.000000e+02, 9.064919e+01
1.000000e+02, 9.244350e+01
1.000000e+02, 9.426858e+01
1.000000e+02, 9.612588e+01
1.000000e+02, 9.801695e+01
1.000000e+02, 9.994345e+01
1.000000e+02, 1.019072e+02
1.000000e+02, 1.039102e+02
1.000000e+02, 1.059547e+02
1.000000e+02, 1.080430e+02
1.000000e+02, 1.101778e+02
1.000000e+02, 1.123620e+02
1.000000e+02, 1.145989e+02
1.000000e+02, 1.168920e+02
1.000000e+02, 1.192456e+02
1.000000e+02, 1.216642e+02
1.000000e+02, 1.241531e+02
1.000000e+02, 1.267182e+02
1.000000e+02, 1.293665e+02
1.000000e+02, 1.321061e+02
1.000000e+02, 1.349465e+02
1.000000e+02, 1.378990e+02
1.000000e+02, 1.409772e+02
1.000000e+02, 1.441976e+02
1.000000e+02, 1.475812e+02
1.000000e+02, 1.511542e+02
1.000000e+02, 1.549511e+02
1.000000e+02, 1.590185e+02
1.000000e+02, 1.634220e+02
1.000000e+02, 1.682595e+02
1.000000e+02, 1.736890e+02
1.000000e+02, 1.800000e+02
##END= 