##TITLE= /opt/topspin3.0/exp/stan/nmr/lists/wave/user/HypSec_trunc2.84_110
##JCAMP-DX= 5.00 Bruker JCAMP library
##DATA TYPE= Shape Data
##ORIGIN= Bruker BioSpin GmbH
##OWNER= <nmrsu>
##DATE= 15/02/24
##TIME= 16:15:04
##MINX= 1.164538e+01
##MAXX= 9.999960e+01
##MINY= 2.546774e-02
##MAXY= 3.585574e+02
##$SHAPE_EXMODE= Adiabatic
##$SHAPE_TOTROT= 1.800000e+02
##$SHAPE_BWFAC= 1.929340e+02
##$SHAPE_INTEGFAC= 2.356110e-02
##$SHAPE_MODE= 0
##NPOINTS= 1000
##XYPOINTS= (XY..XY)
1.000000e+02, 1.800000e+02
1.000000e+02, 1.765124e+02
1.000000e+02, 1.735118e+02
1.000000e+02, 1.708385e+02
1.000000e+02, 1.684049e+02
1.000000e+02, 1.661572e+02
1.000000e+02, 1.640589e+02
1.000000e+02, 1.620843e+02
1.000000e+02, 1.602145e+02
1.000000e+02, 1.584347e+02
1.000000e+02, 1.567337e+02
1.000000e+02, 1.551020e+02
1.000000e+02, 1.535323e+02
1.000000e+02, 1.520183e+02
1.000000e+02, 1.505548e+02
1.000000e+02, 1.491372e+02
1.000000e+02, 1.477618e+02
1.000000e+02, 1.464252e+02
1.000000e+02, 1.451245e+02
1.000000e+02, 1.438573e+02
1.000000e+02, 1.426211e+02
1.000000e+02, 1.414140e+02
1.000000e+02, 1.402343e+02
1.000000e+02, 1.390802e+02
1.000000e+02, 1.379504e+02
1.000000e+02, 1.368435e+02
1.000000e+02, 1.357582e+02
1.000000e+02, 1.346936e+02
1.000000e+02, 1.336485e+02
1.000000e+02, 1.326221e+02
1.000000e+02, 1.316135e+02
1.000000e+02, 1.306219e+02
1.000000e+02, 1.296466e+02
1.000000e+02, 1.286869e+02
1.000000e+02, 1.277422e+02
1.000000e+02, 1.268118e+02
1.000000e+02, 1.258953e+02
1.000000e+02, 1.249921e+02
1.000000e+02, 1.241017e+02
1.000000e+02, 1.232237e+02
1.000000e+02, 1.223576e+02
1.000000e+02, 1.215031e+02
1.000000e+02, 1.206598e+02
1.000000e+02, 1.198273e+02
1.000000e+02, 1.190052e+02
1.000000e+02, 1.181933e+02
1.000000e+02, 1.173913e+02
1.000000e+02, 1.165988e+02
1.000000e+02, 1.158157e+02
1.000000e+02, 1.150415e+02
1.000000e+02, 1.142761e+02
1.000000e+02, 1.135193e+02
1.000000e+02, 1.127708e+02
1.000000e+02, 1.120304e+02
1.000000e+02, 1.112979e+02
1.000000e+02, 1.105731e+02
1.000000e+02, 1.098558e+02
1.000000e+02, 1.091458e+02
1.000000e+02, 1.084430e+02
1.000000e+02, 1.077472e+02
1.000000e+02, 1.070582e+02
1.000000e+02, 1.063759e+02
1.000000e+02, 1.057002e+02
1.000000e+02, 1.050308e+02
1.000000e+02, 1.043677e+02
1.000000e+02, 1.037107e+02
1.000000e+02, 1.030598e+02
1.000000e+02, 1.024147e+02
1.000000e+02, 1.017753e+02
1.000000e+02, 1.011417e+02
1.000000e+02, 1.005135e+02
1.000000e+02, 9.989080e+01
1.000000e+02, 9.927343e+01
1.000000e+02, 9.866128e+01
1.000000e+02, 9.805428e+01
1.000000e+02, 9.745233e+01
1.000000e+02, 9.685533e+01
1.000000e+02, 9.626320e+01
1.000000e+02, 9.567586e+01
1.000000e+02, 9.509322e+01
1.000000e+02, 9.451521e+01
1.000000e+02, 9.394175e+01
1.000000e+02, 9.337277e+01
1.000000e+02, 9.280818e+01
1.000000e+02, 9.224794e+01
1.000000e+02, 9.169196e+01
1.000000e+02, 9.114017e+01
1.000000e+02, 9.059253e+01
1.000000e+02, 9.004895e+01
1.000000e+02, 8.950939e+01
1.000000e+02, 8.897378e+01
1.000000e+02, 8.844207e+01
1.000000e+02, 8.791420e+01
1.000000e+02, 8.739011e+01
1.000000e+02, 8.686975e+01
1.000000e+02, 8.635308e+01
1.000000e+02, 8.584003e+01
1.000000e+02, 8.533056e+01
1.000000e+02, 8.482463e+01
1.000000e+02, 8.432218e+01
1.000000e+02, 8.382317e+01
1.000000e+02, 8.332756e+01
1.000000e+02, 8.283529e+01
1.000000e+02, 8.234634e+01
1.000000e+02, 8.186066e+01
1.000000e+02, 8.137820e+01
1.000000e+02, 8.089893e+01
1.000000e+02, 8.042281e+01
1.000000e+02, 7.994980e+01
1.000000e+02, 7.947986e+01
1.000000e+02, 7.901296e+01
1.000000e+02, 7.854906e+01
1.000000e+02, 7.808814e+01
1.000000e+02, 7.763014e+01
1.000000e+02, 7.717505e+01
1.000000e+02, 7.672282e+01
1.000000e+02, 7.627344e+01
1.000000e+02, 7.582685e+01
1.000000e+02, 7.538305e+01
1.000000e+02, 7.494198e+01
1.000000e+02, 7.450364e+01
1.000000e+02, 7.406798e+01
1.000000e+02, 7.363498e+01
1.000000e+02, 7.320461e+01
1.000000e+02, 7.277685e+01
1.000000e+02, 7.235167e+01
1.000000e+02, 7.192904e+01
1.000000e+02, 7.150893e+01
1.000000e+02, 7.109133e+01
1.000000e+02, 7.067621e+01
1.000000e+02, 7.026354e+01
1.000000e+02, 6.985330e+01
1.000000e+02, 6.944547e+01
1.000000e+02, 6.904002e+01
1.000000e+02, 6.863694e+01
1.000000e+02, 6.823619e+01
1.000000e+02, 6.783776e+01
1.000000e+02, 6.744164e+01
1.000000e+02, 6.704778e+01
1.000000e+02, 6.665619e+01
1.000000e+02, 6.626683e+01
1.000000e+02, 6.587969e+01
1.000000e+02, 6.549475e+01
1.000000e+02, 6.511198e+01
1.000000e+02, 6.473138e+01
1.000000e+02, 6.435291e+01
1.000000e+02, 6.397658e+01
1.000000e+02, 6.360234e+01
1.000000e+02, 6.323020e+01
1.000000e+02, 6.286012e+01
1.000000e+02, 6.249211e+01
1.000000e+02, 6.212613e+01
1.000000e+02, 6.176217e+01
1.000000e+02, 6.140021e+01
1.000000e+02, 6.104025e+01
1.000000e+02, 6.068226e+01
1.000000e+02, 6.032623e+01
1.000000e+02, 5.997214e+01
1.000000e+02, 5.961998e+01
1.000000e+02, 5.926974e+01
1.000000e+02, 5.892140e+01
1.000000e+02, 5.857494e+01
1.000000e+02, 5.823035e+01
1.000000e+02, 5.788762e+01
1.000000e+02, 5.754674e+01
1.000000e+02, 5.720769e+01
1.000000e+02, 5.687046e+01
1.000000e+02, 5.653503e+01
1.000000e+02, 5.620139e+01
1.000000e+02, 5.586954e+01
1.000000e+02, 5.553945e+01
1.000000e+02, 5.521112e+01
1.000000e+02, 5.488453e+01
1.000000e+02, 5.455967e+01
1.000000e+02, 5.423653e+01
1.000000e+02, 5.391510e+01
1.000000e+02, 5.359537e+01
1.000000e+02, 5.327733e+01
1.000000e+02, 5.296095e+01
1.000000e+02, 5.264625e+01
1.000000e+02, 5.233319e+01
1.000000e+02, 5.202178e+01
1.000000e+02, 5.171200e+01
1.000000e+02, 5.140385e+01
1.000000e+02, 5.109730e+01
1.000000e+02, 5.079236e+01
1.000000e+02, 5.048901e+01
1.000000e+02, 5.018724e+01
1.000000e+02, 4.988704e+01
1.000000e+02, 4.958841e+01
1.000000e+02, 4.929133e+01
1.000000e+02, 4.899579e+01
1.000000e+02, 4.870179e+01
1.000000e+02, 4.840932e+01
1.000000e+02, 4.811836e+01
1.000000e+02, 4.782891e+01
1.000000e+02, 4.754097e+01
1.000000e+02, 4.725451e+01
1.000000e+02, 4.696954e+01
1.000000e+02, 4.668604e+01
1.000000e+02, 4.640401e+01
1.000000e+02, 4.612343e+01
1.000000e+02, 4.584431e+01
1.000000e+02, 4.556663e+01
1.000000e+02, 4.529038e+01
1.000000e+02, 4.501557e+01
1.000000e+02, 4.474217e+01
1.000000e+02, 4.447018e+01
1.000000e+02, 4.419959e+01
1.000000e+02, 4.393041e+01
1.000000e+02, 4.366261e+01
1.000000e+02, 4.339619e+01
1.000000e+02, 4.313115e+01
1.000000e+02, 4.286748e+01
1.000000e+02, 4.260517e+01
1.000000e+02, 4.234422e+01
1.000000e+02, 4.208461e+01
1.000000e+02, 4.182634e+01
1.000000e+02, 4.156941e+01
1.000000e+02, 4.131381e+01
1.000000e+02, 4.105952e+01
1.000000e+02, 4.080656e+01
1.000000e+02, 4.055490e+01
1.000000e+02, 4.030454e+01
1.000000e+02, 4.005548e+01
1.000000e+02, 3.980771e+01
1.000000e+02, 3.956123e+01
1.000000e+02, 3.931602e+01
1.000000e+02, 3.907209e+01
1.000000e+02, 3.882942e+01
1.000000e+02, 3.858801e+01
1.000000e+02, 3.834786e+01
1.000000e+02, 3.810896e+01
1.000000e+02, 3.787130e+01
1.000000e+02, 3.763488e+01
1.000000e+02, 3.739969e+01
1.000000e+02, 3.716574e+01
1.000000e+02, 3.693300e+01
1.000000e+02, 3.670148e+01
1.000000e+02, 3.647117e+01
1.000000e+02, 3.624207e+01
1.000000e+02, 3.601417e+01
1.000000e+02, 3.578747e+01
1.000000e+02, 3.556196e+01
1.000000e+02, 3.533764e+01
1.000000e+02, 3.511450e+01
1.000000e+02, 3.489253e+01
1.000000e+02, 3.467174e+01
1.000000e+02, 3.445211e+01
1.000000e+02, 3.423365e+01
1.000000e+02, 3.401635e+01
1.000000e+02, 3.380019e+01
1.000000e+02, 3.358519e+01
1.000000e+02, 3.337134e+01
1.000000e+02, 3.315862e+01
1.000000e+02, 3.294704e+01
1.000000e+02, 3.273659e+01
1.000000e+02, 3.252727e+01
1.000000e+02, 3.231907e+01
1.000000e+02, 3.211199e+01
1.000000e+02, 3.190602e+01
1.000000e+02, 3.170116e+01
1.000000e+02, 3.149742e+01
1.000000e+02, 3.129477e+01
1.000000e+02, 3.109322e+01
1.000000e+02, 3.089277e+01
1.000000e+02, 3.069340e+01
1.000000e+02, 3.049512e+01
1.000000e+02, 3.029793e+01
1.000000e+02, 3.010181e+01
1.000000e+02, 2.990677e+01
1.000000e+02, 2.971280e+01
1.000000e+02, 2.951990e+01
1.000000e+02, 2.932807e+01
1.000000e+02, 2.913729e+01
1.000000e+02, 2.894757e+01
1.000000e+02, 2.875890e+01
1.000000e+02, 2.857129e+01
1.000000e+02, 2.838472e+01
1.000000e+02, 2.819919e+01
1.000000e+02, 2.801470e+01
1.000000e+02, 2.783125e+01
1.000000e+02, 2.764883e+01
1.000000e+02, 2.746745e+01
1.000000e+02, 2.728708e+01
1.000000e+02, 2.710775e+01
1.000000e+02, 2.692943e+01
1.000000e+02, 2.675212e+01
1.000000e+02, 2.657584e+01
1.000000e+02, 2.640056e+01
1.000000e+02, 2.622629e+01
1.000000e+02, 2.605302e+01
1.000000e+02, 2.588076e+01
1.000000e+02, 2.570949e+01
1.000000e+02, 2.553922e+01
1.000000e+02, 2.536994e+01
1.000000e+02, 2.520165e+01
1.000000e+02, 2.503435e+01
1.000000e+02, 2.486803e+01
1.000000e+02, 2.470269e+01
1.000000e+02, 2.453833e+01
1.000000e+02, 2.437495e+01
1.000000e+02, 2.421254e+01
1.000000e+02, 2.405110e+01
1.000000e+02, 2.389062e+01
1.000000e+02, 2.373111e+01
1.000000e+02, 2.357257e+01
1.000000e+02, 2.341498e+01
1.000000e+02, 2.325835e+01
1.000000e+02, 2.310267e+01
1.000000e+02, 2.294795e+01
1.000000e+02, 2.279417e+01
1.000000e+02, 2.264134e+01
1.000000e+02, 2.248946e+01
1.000000e+02, 2.233852e+01
1.000000e+02, 2.218852e+01
1.000000e+02, 2.203945e+01
1.000000e+02, 2.189132e+01
1.000000e+02, 2.174412e+01
1.000000e+02, 2.159785e+01
1.000000e+02, 2.145251e+01
1.000000e+02, 2.130809e+01
1.000000e+02, 2.116460e+01
1.000000e+02, 2.102203e+01
1.000000e+02, 2.088038e+01
1.000000e+02, 2.073964e+01
1.000000e+02, 2.059982e+01
1.000000e+02, 2.046091e+01
1.000000e+02, 2.032291e+01
1.000000e+02, 2.018582e+01
1.000000e+02, 2.004963e+01
1.000000e+02, 1.991435e+01
1.000000e+02, 1.977997e+01
1.000000e+02, 1.964649e+01
1.000000e+02, 1.951391e+01
1.000000e+02, 1.938222e+01
1.000000e+02, 1.925143e+01
1.000000e+02, 1.912153e+01
1.000000e+02, 1.899252e+01
1.000000e+02, 1.886440e+01
1.000000e+02, 1.873716e+01
1.000000e+02, 1.861081e+01
1.000000e+02, 1.848534e+01
1.000000e+02, 1.836075e+01
1.000000e+02, 1.823703e+01
1.000000e+02, 1.811420e+01
1.000000e+02, 1.799224e+01
1.000000e+02, 1.787115e+01
1.000000e+02, 1.775094e+01
1.000000e+02, 1.763160e+01
1.000000e+02, 1.751312e+01
1.000000e+02, 1.739551e+01
1.000000e+02, 1.727876e+01
1.000000e+02, 1.716288e+01
1.000000e+02, 1.704786e+01
1.000000e+02, 1.693370e+01
1.000000e+02, 1.682040e+01
1.000000e+02, 1.670795e+01
1.000000e+02, 1.659636e+01
1.000000e+02, 1.648562e+01
1.000000e+02, 1.637574e+01
1.000000e+02, 1.626670e+01
1.000000e+02, 1.615852e+01
1.000000e+02, 1.605118e+01
1.000000e+02, 1.594468e+01
1.000000e+02, 1.583903e+01
1.000000e+02, 1.573423e+01
1.000000e+02, 1.563026e+01
1.000000e+02, 1.552714e+01
1.000000e+02, 1.542485e+01
1.000000e+02, 1.532340e+01
1.000000e+02, 1.522279e+01
1.000000e+02, 1.512301e+01
1.000000e+02, 1.502406e+01
1.000000e+02, 1.492595e+01
1.000000e+02, 1.482867e+01
1.000000e+02, 1.473221e+01
1.000000e+02, 1.463658e+01
1.000000e+02, 1.454178e+01
1.000000e+02, 1.444781e+01
1.000000e+02, 1.435466e+01
1.000000e+02, 1.426233e+01
1.000000e+02, 1.417082e+01
1.000000e+02, 1.408013e+01
1.000000e+02, 1.399027e+01
1.000000e+02, 1.390122e+01
1.000000e+02, 1.381298e+01
1.000000e+02, 1.372556e+01
1.000000e+02, 1.363896e+01
1.000000e+02, 1.355317e+01
1.000000e+02, 1.346819e+01
1.000000e+02, 1.338402e+01
1.000000e+02, 1.330067e+01
1.000000e+02, 1.321812e+01
1.000000e+02, 1.313638e+01
1.000000e+02, 1.305544e+01
1.000000e+02, 1.297531e+01
1.000000e+02, 1.289599e+01
1.000000e+02, 1.281747e+01
1.000000e+02, 1.273975e+01
1.000000e+02, 1.266283e+01
1.000000e+02, 1.258671e+01
1.000000e+02, 1.251140e+01
1.000000e+02, 1.243688e+01
1.000000e+02, 1.236316e+01
1.000000e+02, 1.229023e+01
1.000000e+02, 1.221810e+01
1.000000e+02, 1.214677e+01
1.000000e+02, 1.207623e+01
1.000000e+02, 1.200648e+01
1.000000e+02, 1.193753e+01
1.000000e+02, 1.186936e+01
1.000000e+02, 1.180199e+01
1.000000e+02, 1.173540e+01
1.000000e+02, 1.166961e+01
1.000000e+02, 1.160460e+01
1.000000e+02, 1.154038e+01
1.000000e+02, 1.147694e+01
1.000000e+02, 1.141429e+01
1.000000e+02, 1.135243e+01
1.000000e+02, 1.129135e+01
1.000000e+02, 1.123105e+01
1.000000e+02, 1.117153e+01
1.000000e+02, 1.111280e+01
1.000000e+02, 1.105485e+01
1.000000e+02, 1.099767e+01
1.000000e+02, 1.094128e+01
1.000000e+02, 1.088566e+01
1.000000e+02, 1.083083e+01
1.000000e+02, 1.077677e+01
1.000000e+02, 1.072348e+01
1.000000e+02, 1.067098e+01
1.000000e+02, 1.061924e+01
1.000000e+02, 1.056829e+01
1.000000e+02, 1.051810e+01
1.000000e+02, 1.046869e+01
1.000000e+02, 1.042005e+01
1.000000e+02, 1.037219e+01
1.000000e+02, 1.032510e+01
1.000000e+02, 1.027877e+01
1.000000e+02, 1.023322e+01
1.000000e+02, 1.018844e+01
1.000000e+02, 1.014443e+01
1.000000e+02, 1.010118e+01
1.000000e+02, 1.005871e+01
1.000000e+02, 1.001700e+01
1.000000e+02, 9.976060e+00
1.000000e+02, 9.935886e+00
1.000000e+02, 9.896479e+00
1.000000e+02, 9.857837e+00
1.000000e+02, 9.819961e+00
1.000000e+02, 9.782850e+00
1.000000e+02, 9.746503e+00
1.000000e+02, 9.710920e+00
1.000000e+02, 9.676101e+00
1.000000e+02, 9.642045e+00
1.000000e+02, 9.608752e+00
1.000000e+02, 9.576220e+00
1.000000e+02, 9.544451e+00
1.000000e+02, 9.513444e+00
1.000000e+02, 9.483197e+00
1.000000e+02, 9.453712e+00
1.000000e+02, 9.424987e+00
1.000000e+02, 9.397022e+00
1.000000e+02, 9.369816e+00
1.000000e+02, 9.343370e+00
1.000000e+02, 9.317684e+00
1.000000e+02, 9.292756e+00
1.000000e+02, 9.268587e+00
1.000000e+02, 9.245175e+00
1.000000e+02, 9.222522e+00
1.000000e+02, 9.200627e+00
1.000000e+02, 9.179489e+00
1.000000e+02, 9.159108e+00
1.000000e+02, 9.139484e+00
1.000000e+02, 9.120616e+00
1.000000e+02, 9.102506e+00
1.000000e+02, 9.085151e+00
1.000000e+02, 9.068552e+00
1.000000e+02, 9.052710e+00
1.000000e+02, 9.037623e+00
1.000000e+02, 9.023291e+00
1.000000e+02, 9.009715e+00
1.000000e+02, 8.996893e+00
1.000000e+02, 8.984827e+00
1.000000e+02, 8.973516e+00
1.000000e+02, 8.962959e+00
1.000000e+02, 8.953157e+00
1.000000e+02, 8.944109e+00
1.000000e+02, 8.935816e+00
1.000000e+02, 8.928277e+00
1.000000e+02, 8.921492e+00
1.000000e+02, 8.915461e+00
1.000000e+02, 8.910184e+00
1.000000e+02, 8.905662e+00
1.000000e+02, 8.901893e+00
1.000000e+02, 8.898878e+00
1.000000e+02, 8.896616e+00
1.000000e+02, 8.895109e+00
1.000000e+02, 8.894355e+00
1.000000e+02, 8.894355e+00
1.000000e+02, 8.895109e+00
1.000000e+02, 8.896616e+00
1.000000e+02, 8.898878e+00
1.000000e+02, 8.901893e+00
1.000000e+02, 8.905662e+00
1.000000e+02, 8.910185e+00
1.000000e+02, 8.915461e+00
1.000000e+02, 8.921492e+00
1.000000e+02, 8.928277e+00
1.000000e+02, 8.935816e+00
1.000000e+02, 8.944109e+00
1.000000e+02, 8.953157e+00
1.000000e+02, 8.962959e+00
1.000000e+02, 8.973516e+00
1.000000e+02, 8.984827e+00
1.000000e+02, 8.996893e+00
1.000000e+02, 9.009715e+00
1.000000e+02, 9.023291e+00
1.000000e+02, 9.037623e+00
1.000000e+02, 9.052710e+00
1.000000e+02, 9.068553e+00
1.000000e+02, 9.085151e+00
1.000000e+02, 9.102506e+00
1.000000e+02, 9.120617e+00
1.000000e+02, 9.139484e+00
1.000000e+02, 9.159108e+00
1.000000e+02, 9.179489e+00
1.000000e+02, 9.200627e+00
1.000000e+02, 9.222522e+00
1.000000e+02, 9.245176e+00
1.000000e+02, 9.268587e+00
1.000000e+02, 9.292756e+00
1.000000e+02, 9.317684e+00
1.000000e+02, 9.343371e+00
1.000000e+02, 9.369816e+00
1.000000e+02, 9.397022e+00
1.000000e+02, 9.424987e+00
1.000000e+02, 9.453712e+00
1.000000e+02, 9.483197e+00
1.000000e+02, 9.513444e+00
1.000000e+02, 9.544451e+00
1.000000e+02, 9.576221e+00
1.000000e+02, 9.608752e+00
1.000000e+02, 9.642045e+00
1.000000e+02, 9.676101e+00
1.000000e+02, 9.710920e+00
1.000000e+02, 9.746503e+00
1.000000e+02, 9.782850e+00
1.000000e+02, 9.819961e+00
1.000000e+02, 9.857838e+00
1.000000e+02, 9.896479e+00
1.000000e+02, 9.935886e+00
1.000000e+02, 9.976060e+00
1.000000e+02, 1.001700e+01
1.000000e+02, 1.005871e+01
1.000000e+02, 1.010118e+01
1.000000e+02, 1.014443e+01
1.000000e+02, 1.018844e+01
1.000000e+02, 1.023322e+01
1.000000e+02, 1.027877e+01
1.000000e+02, 1.032510e+01
1.000000e+02, 1.037219e+01
1.000000e+02, 1.042005e+01
1.000000e+02, 1.046869e+01
1.000000e+02, 1.051810e+01
1.000000e+02, 1.056829e+01
1.000000e+02, 1.061924e+01
1.000000e+02, 1.067098e+01
1.000000e+02, 1.072348e+01
1.000000e+02, 1.077677e+01
1.000000e+02, 1.083083e+01
1.000000e+02, 1.088566e+01
1.000000e+02, 1.094128e+01
1.000000e+02, 1.099767e+01
1.000000e+02, 1.105485e+01
1.000000e+02, 1.111280e+01
1.000000e+02, 1.117153e+01
1.000000e+02, 1.123105e+01
1.000000e+02, 1.129135e+01
1.000000e+02, 1.135243e+01
1.000000e+02, 1.141429e+01
1.000000e+02, 1.147694e+01
1.000000e+02, 1.154038e+01
1.000000e+02, 1.160460e+01
1.000000e+02, 1.166961e+01
1.000000e+02, 1.173540e+01
1.000000e+02, 1.180199e+01
1.000000e+02, 1.186936e+01
1.000000e+02, 1.193753e+01
1.000000e+02, 1.200648e+01
1.000000e+02, 1.207623e+01
1.000000e+02, 1.214677e+01
1.000000e+02, 1.221810e+01
1.000000e+02, 1.229023e+01
1.000000e+02, 1.236316e+01
1.000000e+02, 1.243688e+01
1.000000e+02, 1.251140e+01
1.000000e+02, 1.258671e+01
1.000000e+02, 1.266283e+01
1.000000e+02, 1.273975e+01
1.000000e+02, 1.281747e+01
1.000000e+02, 1.289599e+01
1.000000e+02, 1.297531e+01
1.000000e+02, 1.305544e+01
1.000000e+02, 1.313638e+01
1.000000e+02, 1.321812e+01
1.000000e+02, 1.330067e+01
1.000000e+02, 1.338402e+01
1.000000e+02, 1.346819e+01
1.000000e+02, 1.355317e+01
1.000000e+02, 1.363896e+01
1.000000e+02, 1.372556e+01
1.000000e+02, 1.381298e+01
1.000000e+02, 1.390122e+01
1.000000e+02, 1.399027e+01
1.000000e+02, 1.408013e+01
1.000000e+02, 1.417082e+01
1.000000e+02, 1.426233e+01
1.000000e+02, 1.435466e+01
1.000000e+02, 1.444781e+01
1.000000e+02, 1.454178e+01
1.000000e+02, 1.463658e+01
1.000000e+02, 1.473221e+01
1.000000e+02, 1.482867e+01
1.000000e+02, 1.492595e+01
1.000000e+02, 1.502406e+01
1.000000e+02, 1.512301e+01
1.000000e+02, 1.522279e+01
1.000000e+02, 1.532340e+01
1.000000e+02, 1.542485e+01
1.000000e+02, 1.552714e+01
1.000000e+02, 1.563026e+01
1.000000e+02, 1.573423e+01
1.000000e+02, 1.583903e+01
1.000000e+02, 1.594468e+01
1.000000e+02, 1.605118e+01
1.000000e+02, 1.615852e+01
1.000000e+02, 1.626670e+01
1.000000e+02, 1.637574e+01
1.000000e+02, 1.648562e+01
1.000000e+02, 1.659636e+01
1.000000e+02, 1.670795e+01
1.000000e+02, 1.682040e+01
1.000000e+02, 1.693370e+01
1.000000e+02, 1.704786e+01
1.000000e+02, 1.716288e+01
1.000000e+02, 1.727877e+01
1.000000e+02, 1.739551e+01
1.000000e+02, 1.751312e+01
1.000000e+02, 1.763160e+01
1.000000e+02, 1.775094e+01
1.000000e+02, 1.787116e+01
1.000000e+02, 1.799224e+01
1.000000e+02, 1.811420e+01
1.000000e+02, 1.823703e+01
1.000000e+02, 1.836075e+01
1.000000e+02, 1.848534e+01
1.000000e+02, 1.861081e+01
1.000000e+02, 1.873716e+01
1.000000e+02, 1.886440e+01
1.000000e+02, 1.899252e+01
1.000000e+02, 1.912153e+01
1.000000e+02, 1.925143e+01
1.000000e+02, 1.938222e+01
1.000000e+02, 1.951391e+01
1.000000e+02, 1.964649e+01
1.000000e+02, 1.977997e+01
1.000000e+02, 1.991435e+01
1.000000e+02, 2.004963e+01
1.000000e+02, 2.018582e+01
1.000000e+02, 2.032291e+01
1.000000e+02, 2.046091e+01
1.000000e+02, 2.059982e+01
1.000000e+02, 2.073964e+01
1.000000e+02, 2.088038e+01
1.000000e+02, 2.102203e+01
1.000000e+02, 2.116460e+01
1.000000e+02, 2.130809e+01
1.000000e+02, 2.145251e+01
1.000000e+02, 2.159785e+01
1.000000e+02, 2.174412e+01
1.000000e+02, 2.189132e+01
1.000000e+02, 2.203945e+01
1.000000e+02, 2.218852e+01
1.000000e+02, 2.233852e+01
1.000000e+02, 2.248946e+01
1.000000e+02, 2.264135e+01
1.000000e+02, 2.279417e+01
1.000000e+02, 2.294795e+01
1.000000e+02, 2.310267e+01
1.000000e+02, 2.325835e+01
1.000000e+02, 2.341498e+01
1.000000e+02, 2.357257e+01
1.000000e+02, 2.373111e+01
1.000000e+02, 2.389062e+01
1.000000e+02, 2.405110e+01
1.000000e+02, 2.421254e+01
1.000000e+02, 2.437495e+01
1.000000e+02, 2.453833e+01
1.000000e+02, 2.470269e+01
1.000000e+02, 2.486803e+01
1.000000e+02, 2.503435e+01
1.000000e+02, 2.520165e+01
1.000000e+02, 2.536994e+01
1.000000e+02, 2.553922e+01
1.000000e+02, 2.570949e+01
1.000000e+02, 2.588076e+01
1.000000e+02, 2.605302e+01
1.000000e+02, 2.622629e+01
1.000000e+02, 2.640056e+01
1.000000e+02, 2.657584e+01
1.000000e+02, 2.675213e+01
1.000000e+02, 2.692943e+01
1.000000e+02, 2.710775e+01
1.000000e+02, 2.728709e+01
1.000000e+02, 2.746745e+01
1.000000e+02, 2.764884e+01
1.000000e+02, 2.783125e+01
1.000000e+02, 2.801470e+01
1.000000e+02, 2.819919e+01
1.000000e+02, 2.838472e+01
1.000000e+02, 2.857129e+01
1.000000e+02, 2.875890e+01
1.000000e+02, 2.894757e+01
1.000000e+02, 2.913729e+01
1.000000e+02, 2.932807e+01
1.000000e+02, 2.951990e+01
1.000000e+02, 2.971281e+01
1.000000e+02, 2.990677e+01
1.000000e+02, 3.010181e+01
1.000000e+02, 3.029793e+01
1.000000e+02, 3.049512e+01
1.000000e+02, 3.069340e+01
1.000000e+02, 3.089277e+01
1.000000e+02, 3.109322e+01
1.000000e+02, 3.129477e+01
1.000000e+02, 3.149742e+01
1.000000e+02, 3.170117e+01
1.000000e+02, 3.190602e+01
1.000000e+02, 3.211199e+01
1.000000e+02, 3.231907e+01
1.000000e+02, 3.252727e+01
1.000000e+02, 3.273659e+01
1.000000e+02, 3.294704e+01
1.000000e+02, 3.315862e+01
1.000000e+02, 3.337134e+01
1.000000e+02, 3.358519e+01
1.000000e+02, 3.380020e+01
1.000000e+02, 3.401635e+01
1.000000e+02, 3.423365e+01
1.000000e+02, 3.445211e+01
1.000000e+02, 3.467174e+01
1.000000e+02, 3.489253e+01
1.000000e+02, 3.511450e+01
1.000000e+02, 3.533764e+01
1.000000e+02, 3.556196e+01
1.000000e+02, 3.578747e+01
1.000000e+02, 3.601417e+01
1.000000e+02, 3.624207e+01
1.000000e+02, 3.647117e+01
1.000000e+02, 3.670148e+01
1.000000e+02, 3.693300e+01
1.000000e+02, 3.716574e+01
1.000000e+02, 3.739970e+01
1.000000e+02, 3.763488e+01
1.000000e+02, 3.787130e+01
1.000000e+02, 3.810896e+01
1.000000e+02, 3.834786e+01
1.000000e+02, 3.858801e+01
1.000000e+02, 3.882942e+01
1.000000e+02, 3.907209e+01
1.000000e+02, 3.931602e+01
1.000000e+02, 3.956123e+01
1.000000e+02, 3.980771e+01
1.000000e+02, 4.005548e+01
1.000000e+02, 4.030454e+01
1.000000e+02, 4.055490e+01
1.000000e+02, 4.080656e+01
1.000000e+02, 4.105952e+01
1.000000e+02, 4.131381e+01
1.000000e+02, 4.156941e+01
1.000000e+02, 4.182634e+01
1.000000e+02, 4.208461e+01
1.000000e+02, 4.234422e+01
1.000000e+02, 4.260517e+01
1.000000e+02, 4.286748e+01
1.000000e+02, 4.313115e+01
1.000000e+02, 4.339619e+01
1.000000e+02, 4.366261e+01
1.000000e+02, 4.393041e+01
1.000000e+02, 4.419959e+01
1.000000e+02, 4.447018e+01
1.000000e+02, 4.474217e+01
1.000000e+02, 4.501557e+01
1.000000e+02, 4.529039e+01
1.000000e+02, 4.556663e+01
1.000000e+02, 4.584431e+01
1.000000e+02, 4.612344e+01
1.000000e+02, 4.640401e+01
1.000000e+02, 4.668604e+01
1.000000e+02, 4.696954e+01
1.000000e+02, 4.725451e+01
1.000000e+02, 4.754097e+01
1.000000e+02, 4.782891e+01
1.000000e+02, 4.811836e+01
1.000000e+02, 4.840932e+01
1.000000e+02, 4.870179e+01
1.000000e+02, 4.899579e+01
1.000000e+02, 4.929133e+01
1.000000e+02, 4.958841e+01
1.000000e+02, 4.988704e+01
1.000000e+02, 5.018724e+01
1.000000e+02, 5.048901e+01
1.000000e+02, 5.079236e+01
1.000000e+02, 5.109730e+01
1.000000e+02, 5.140385e+01
1.000000e+02, 5.171200e+01
1.000000e+02, 5.202178e+01
1.000000e+02, 5.233319e+01
1.000000e+02, 5.264625e+01
1.000000e+02, 5.296096e+01
1.000000e+02, 5.327733e+01
1.000000e+02, 5.359537e+01
1.000000e+02, 5.391511e+01
1.000000e+02, 5.423653e+01
1.000000e+02, 5.455967e+01
1.000000e+02, 5.488453e+01
1.000000e+02, 5.521112e+01
1.000000e+02, 5.553945e+01
1.000000e+02, 5.586954e+01
1.000000e+02, 5.620139e+01
1.000000e+02, 5.653503e+01
1.000000e+02, 5.687046e+01
1.000000e+02, 5.720769e+01
1.000000e+02, 5.754674e+01
1.000000e+02, 5.788763e+01
1.000000e+02, 5.823035e+01
1.000000e+02, 5.857494e+01
1.000000e+02, 5.892140e+01
1.000000e+02, 5.926974e+01
1.000000e+02, 5.961998e+01
1.000000e+02, 5.997214e+01
1.000000e+02, 6.032623e+01
1.000000e+02, 6.068226e+01
1.000000e+02, 6.104025e+01
1.000000e+02, 6.140021e+01
1.000000e+02, 6.176217e+01
1.000000e+02, 6.212613e+01
1.000000e+02, 6.249211e+01
1.000000e+02, 6.286013e+01
1.000000e+02, 6.323020e+01
1.000000e+02, 6.360234e+01
1.000000e+02, 6.397658e+01
1.000000e+02, 6.435292e+01
1.000000e+02, 6.473138e+01
1.000000e+02, 6.511198e+01
1.000000e+02, 6.549475e+01
1.000000e+02, 6.587969e+01
1.000000e+02, 6.626683e+01
1.000000e+02, 6.665619e+01
1.000000e+02, 6.704779e+01
1.000000e+02, 6.744164e+01
1.000000e+02, 6.783777e+01
1.000000e+02, 6.823619e+01
1.000000e+02, 6.863694e+01
1.000000e+02, 6.904002e+01
1.000000e+02, 6.944547e+01
1.000000e+02, 6.985330e+01
1.000000e+02, 7.026354e+01
1.000000e+02, 7.067621e+01
1.000000e+02, 7.109133e+01
1.000000e+02, 7.150894e+01
1.000000e+02, 7.192904e+01
1.000000e+02, 7.235167e+01
1.000000e+02, 7.277685e+01
1.000000e+02, 7.320462e+01
1.000000e+02, 7.363498e+01
1.000000e+02, 7.406798e+01
1.000000e+02, 7.450364e+01
1.000000e+02, 7.494199e+01
1.000000e+02, 7.538305e+01
1.000000e+02, 7.582685e+01
1.000000e+02, 7.627344e+01
1.000000e+02, 7.672283e+01
1.000000e+02, 7.717505e+01
1.000000e+02, 7.763014e+01
1.000000e+02, 7.808814e+01
1.000000e+02, 7.854907e+01
1.000000e+02, 7.901296e+01
1.000000e+02, 7.947986e+01
1.000000e+02, 7.994980e+01
1.000000e+02, 8.042281e+01
1.000000e+02, 8.089893e+01
1.000000e+02, 8.137820e+01
1.000000e+02, 8.186066e+01
1.000000e+02, 8.234634e+01
1.000000e+02, 8.283530e+01
1.000000e+02, 8.332756e+01
1.000000e+02, 8.382317e+01
1.000000e+02, 8.432218e+01
1.000000e+02, 8.482463e+01
1.000000e+02, 8.533056e+01
1.000000e+02, 8.584003e+01
1.000000e+02, 8.635308e+01
1.000000e+02, 8.686975e+01
1.000000e+02, 8.739011e+01
1.000000e+02, 8.791420e+01
1.000000e+02, 8.844207e+01
1.000000e+02, 8.897379e+01
1.000000e+02, 8.950939e+01
1.000000e+02, 9.004896e+01
1.000000e+02, 9.059253e+01
1.000000e+02, 9.114018e+01
1.000000e+02, 9.169196e+01
1.000000e+02, 9.224794e+01
1.000000e+02, 9.280819e+01
1.000000e+02, 9.337277e+01
1.000000e+02, 9.394175e+01
1.000000e+02, 9.451521e+01
1.000000e+02, 9.509322e+01
1.000000e+02, 9.567586e+01
1.000000e+02, 9.626320e+01
1.000000e+02, 9.685533e+01
1.000000e+02, 9.745233e+01
1.000000e+02, 9.805428e+01
1.000000e+02, 9.866129e+01
1.000000e+02, 9.927343e+01
1.000000e+02, 9.989080e+01
1.000000e+02, 1.005135e+02
1.000000e+02, 1.011417e+02
1.000000e+02, 1.017753e+02
1.000000e+02, 1.024147e+02
1.000000e+02, 1.030598e+02
1.000000e+02, 1.037107e+02
1.000000e+02, 1.043677e+02
1.000000e+02, 1.050308e+02
1.000000e+02, 1.057002e+02
1.000000e+02, 1.063759e+02
1.000000e+02, 1.070582e+02
1.000000e+02, 1.077472e+02
1.000000e+02, 1.084430e+02
1.000000e+02, 1.091458e+02
1.000000e+02, 1.098558e+02
1.000000e+02, 1.105731e+02
1.000000e+02, 1.112979e+02
1.000000e+02, 1.120304e+02
1.000000e+02, 1.127708e+02
1.000000e+02, 1.135193e+02
1.000000e+02, 1.142761e+02
1.000000e+02, 1.150415e+02
1.000000e+02, 1.158157e+02
1.000000e+02, 1.165988e+02
1.000000e+02, 1.173913e+02
1.000000e+02, 1.181933e+02
1.000000e+02, 1.190052e+02
1.000000e+02, 1.198273e+02
1.000000e+02, 1.206598e+02
1.000000e+02, 1.215031e+02
1.000000e+02, 1.223576e+02
1.000000e+02, 1.232237e+02
1.000000e+02, 1.241017e+02
1.000000e+02, 1.249921e+02
1.000000e+02, 1.258953e+02
1.000000e+02, 1.268118e+02
1.000000e+02, 1.277422e+02
1.000000e+02, 1.286869e+02
1.000000e+02, 1.296466e+02
1.000000e+02, 1.306219e+02
1.000000e+02, 1.316135e+02
1.000000e+02, 1.326221e+02
1.000000e+02, 1.336485e+02
1.000000e+02, 1.346936e+02
1.000000e+02, 1.357582e+02
1.000000e+02, 1.368435e+02
1.000000e+02, 1.379504e+02
1.000000e+02, 1.390802e+02
1.000000e+02, 1.402343e+02
1.000000e+02, 1.414140e+02
1.000000e+02, 1.426211e+02
1.000000e+02, 1.438573e+02
1.000000e+02, 1.451245e+02
1.000000e+02, 1.464252e+02
1.000000e+02, 1.477618e+02
1.000000e+02, 1.491372e+02
1.000000e+02, 1.505548e+02
1.000000e+02, 1.520183e+02
1.000000e+02, 1.535323e+02
1.000000e+02, 1.551020e+02
1.000000e+02, 1.567337e+02
1.000000e+02, 1.584348e+02
1.000000e+02, 1.602145e+02
1.000000e+02, 1.620843e+02
1.000000e+02, 1.640589e+02
1.000000e+02, 1.661572e+02
1.000000e+02, 1.684050e+02
1.000000e+02, 1.708385e+02
1.000000e+02, 1.735118e+02
1.000000e+02, 1.765124e+02
1.000000e+02, 1.800000e+02
##END= 