##TITLE= /opt/topspin3.0/exp/stan/nmr/lists/wave/user/HypSec_trunc2.84_110
##JCAMP-DX= 5.00 Bruker JCAMP library
##DATA TYPE= Shape Data
##ORIGIN= Bruker BioSpin GmbH
##OWNER= <nmrsu>
##DATE= 15/02/24
##TIME= 16:15:04
##MINX= 1.164538e+01
##MAXX= 9.999960e+01
##MINY= 2.546774e-02
##MAXY= 3.585574e+02
##$SHAPE_EXMODE= Adiabatic
##$SHAPE_TOTROT= 1.800000e+02
##$SHAPE_BWFAC= 1.929340e+02
##$SHAPE_INTEGFAC= 2.356110e-02
##$SHAPE_MODE= 0
##NPOINTS= 1000
##XYPOINTS= (XY..XY)
1.000000e+02, 1.800000e+02
1.000000e+02, 1.763463e+02
1.000000e+02, 1.732029e+02
1.000000e+02, 1.704022e+02
1.000000e+02, 1.678528e+02
1.000000e+02, 1.654980e+02
1.000000e+02, 1.632998e+02
1.000000e+02, 1.612312e+02
1.000000e+02, 1.592723e+02
1.000000e+02, 1.574078e+02
1.000000e+02, 1.556257e+02
1.000000e+02, 1.539164e+02
1.000000e+02, 1.522720e+02
1.000000e+02, 1.506859e+02
1.000000e+02, 1.491526e+02
1.000000e+02, 1.476676e+02
1.000000e+02, 1.462266e+02
1.000000e+02, 1.448264e+02
1.000000e+02, 1.434638e+02
1.000000e+02, 1.421362e+02
1.000000e+02, 1.408412e+02
1.000000e+02, 1.395766e+02
1.000000e+02, 1.383407e+02
1.000000e+02, 1.371317e+02
1.000000e+02, 1.359480e+02
1.000000e+02, 1.347884e+02
1.000000e+02, 1.336515e+02
1.000000e+02, 1.325361e+02
1.000000e+02, 1.314413e+02
1.000000e+02, 1.303660e+02
1.000000e+02, 1.293094e+02
1.000000e+02, 1.282706e+02
1.000000e+02, 1.272488e+02
1.000000e+02, 1.262434e+02
1.000000e+02, 1.252537e+02
1.000000e+02, 1.242790e+02
1.000000e+02, 1.233189e+02
1.000000e+02, 1.223726e+02
1.000000e+02, 1.214399e+02
1.000000e+02, 1.205200e+02
1.000000e+02, 1.196127e+02
1.000000e+02, 1.187176e+02
1.000000e+02, 1.178341e+02
1.000000e+02, 1.169619e+02
1.000000e+02, 1.161007e+02
1.000000e+02, 1.152502e+02
1.000000e+02, 1.144099e+02
1.000000e+02, 1.135797e+02
1.000000e+02, 1.127593e+02
1.000000e+02, 1.119482e+02
1.000000e+02, 1.111464e+02
1.000000e+02, 1.103535e+02
1.000000e+02, 1.095694e+02
1.000000e+02, 1.087937e+02
1.000000e+02, 1.080263e+02
1.000000e+02, 1.072670e+02
1.000000e+02, 1.065156e+02
1.000000e+02, 1.057718e+02
1.000000e+02, 1.050355e+02
1.000000e+02, 1.043066e+02
1.000000e+02, 1.035848e+02
1.000000e+02, 1.028700e+02
1.000000e+02, 1.021621e+02
1.000000e+02, 1.014608e+02
1.000000e+02, 1.007662e+02
1.000000e+02, 1.000779e+02
1.000000e+02, 9.939594e+01
1.000000e+02, 9.872012e+01
1.000000e+02, 9.805035e+01
1.000000e+02, 9.738649e+01
1.000000e+02, 9.672844e+01
1.000000e+02, 9.607608e+01
1.000000e+02, 9.542930e+01
1.000000e+02, 9.478801e+01
1.000000e+02, 9.415210e+01
1.000000e+02, 9.352148e+01
1.000000e+02, 9.289606e+01
1.000000e+02, 9.227573e+01
1.000000e+02, 9.166042e+01
1.000000e+02, 9.105004e+01
1.000000e+02, 9.044451e+01
1.000000e+02, 8.984374e+01
1.000000e+02, 8.924766e+01
1.000000e+02, 8.865619e+01
1.000000e+02, 8.806927e+01
1.000000e+02, 8.748681e+01
1.000000e+02, 8.690875e+01
1.000000e+02, 8.633503e+01
1.000000e+02, 8.576557e+01
1.000000e+02, 8.520032e+01
1.000000e+02, 8.463920e+01
1.000000e+02, 8.408217e+01
1.000000e+02, 8.352916e+01
1.000000e+02, 8.298011e+01
1.000000e+02, 8.243498e+01
1.000000e+02, 8.189370e+01
1.000000e+02, 8.135622e+01
1.000000e+02, 8.082249e+01
1.000000e+02, 8.029247e+01
1.000000e+02, 7.976609e+01
1.000000e+02, 7.924332e+01
1.000000e+02, 7.872411e+01
1.000000e+02, 7.820840e+01
1.000000e+02, 7.769617e+01
1.000000e+02, 7.718735e+01
1.000000e+02, 7.668192e+01
1.000000e+02, 7.617983e+01
1.000000e+02, 7.568104e+01
1.000000e+02, 7.518550e+01
1.000000e+02, 7.469319e+01
1.000000e+02, 7.420405e+01
1.000000e+02, 7.371807e+01
1.000000e+02, 7.323519e+01
1.000000e+02, 7.275539e+01
1.000000e+02, 7.227862e+01
1.000000e+02, 7.180486e+01
1.000000e+02, 7.133408e+01
1.000000e+02, 7.086623e+01
1.000000e+02, 7.040129e+01
1.000000e+02, 6.993922e+01
1.000000e+02, 6.948000e+01
1.000000e+02, 6.902360e+01
1.000000e+02, 6.856998e+01
1.000000e+02, 6.811912e+01
1.000000e+02, 6.767099e+01
1.000000e+02, 6.722556e+01
1.000000e+02, 6.678280e+01
1.000000e+02, 6.634269e+01
1.000000e+02, 6.590521e+01
1.000000e+02, 6.547031e+01
1.000000e+02, 6.503799e+01
1.000000e+02, 6.460822e+01
1.000000e+02, 6.418097e+01
1.000000e+02, 6.375621e+01
1.000000e+02, 6.333393e+01
1.000000e+02, 6.291410e+01
1.000000e+02, 6.249671e+01
1.000000e+02, 6.208171e+01
1.000000e+02, 6.166911e+01
1.000000e+02, 6.125887e+01
1.000000e+02, 6.085097e+01
1.000000e+02, 6.044539e+01
1.000000e+02, 6.004212e+01
1.000000e+02, 5.964112e+01
1.000000e+02, 5.924240e+01
1.000000e+02, 5.884591e+01
1.000000e+02, 5.845165e+01
1.000000e+02, 5.805960e+01
1.000000e+02, 5.766973e+01
1.000000e+02, 5.728204e+01
1.000000e+02, 5.689649e+01
1.000000e+02, 5.651308e+01
1.000000e+02, 5.613179e+01
1.000000e+02, 5.575260e+01
1.000000e+02, 5.537550e+01
1.000000e+02, 5.500046e+01
1.000000e+02, 5.462748e+01
1.000000e+02, 5.425653e+01
1.000000e+02, 5.388760e+01
1.000000e+02, 5.352068e+01
1.000000e+02, 5.315575e+01
1.000000e+02, 5.279279e+01
1.000000e+02, 5.243180e+01
1.000000e+02, 5.207275e+01
1.000000e+02, 5.171563e+01
1.000000e+02, 5.136044e+01
1.000000e+02, 5.100715e+01
1.000000e+02, 5.065574e+01
1.000000e+02, 5.030622e+01
1.000000e+02, 4.995856e+01
1.000000e+02, 4.961276e+01
1.000000e+02, 4.926879e+01
1.000000e+02, 4.892665e+01
1.000000e+02, 4.858632e+01
1.000000e+02, 4.824780e+01
1.000000e+02, 4.791106e+01
1.000000e+02, 4.757610e+01
1.000000e+02, 4.724291e+01
1.000000e+02, 4.691148e+01
1.000000e+02, 4.658178e+01
1.000000e+02, 4.625382e+01
1.000000e+02, 4.592758e+01
1.000000e+02, 4.560305e+01
1.000000e+02, 4.528022e+01
1.000000e+02, 4.495908e+01
1.000000e+02, 4.463961e+01
1.000000e+02, 4.432182e+01
1.000000e+02, 4.400568e+01
1.000000e+02, 4.369118e+01
1.000000e+02, 4.337833e+01
1.000000e+02, 4.306710e+01
1.000000e+02, 4.275750e+01
1.000000e+02, 4.244950e+01
1.000000e+02, 4.214309e+01
1.000000e+02, 4.183828e+01
1.000000e+02, 4.153505e+01
1.000000e+02, 4.123339e+01
1.000000e+02, 4.093330e+01
1.000000e+02, 4.063475e+01
1.000000e+02, 4.033776e+01
1.000000e+02, 4.004229e+01
1.000000e+02, 3.974836e+01
1.000000e+02, 3.945594e+01
1.000000e+02, 3.916504e+01
1.000000e+02, 3.887564e+01
1.000000e+02, 3.858773e+01
1.000000e+02, 3.830132e+01
1.000000e+02, 3.801638e+01
1.000000e+02, 3.773291e+01
1.000000e+02, 3.745090e+01
1.000000e+02, 3.717035e+01
1.000000e+02, 3.689125e+01
1.000000e+02, 3.661359e+01
1.000000e+02, 3.633736e+01
1.000000e+02, 3.606256e+01
1.000000e+02, 3.578918e+01
1.000000e+02, 3.551721e+01
1.000000e+02, 3.524664e+01
1.000000e+02, 3.497748e+01
1.000000e+02, 3.470970e+01
1.000000e+02, 3.444331e+01
1.000000e+02, 3.417830e+01
1.000000e+02, 3.391465e+01
1.000000e+02, 3.365238e+01
1.000000e+02, 3.339146e+01
1.000000e+02, 3.313189e+01
1.000000e+02, 3.287367e+01
1.000000e+02, 3.261678e+01
1.000000e+02, 3.236123e+01
1.000000e+02, 3.210701e+01
1.000000e+02, 3.185411e+01
1.000000e+02, 3.160252e+01
1.000000e+02, 3.135224e+01
1.000000e+02, 3.110327e+01
1.000000e+02, 3.085559e+01
1.000000e+02, 3.060920e+01
1.000000e+02, 3.036410e+01
1.000000e+02, 3.012029e+01
1.000000e+02, 2.987774e+01
1.000000e+02, 2.963647e+01
1.000000e+02, 2.939646e+01
1.000000e+02, 2.915771e+01
1.000000e+02, 2.892021e+01
1.000000e+02, 2.868396e+01
1.000000e+02, 2.844895e+01
1.000000e+02, 2.821519e+01
1.000000e+02, 2.798265e+01
1.000000e+02, 2.775134e+01
1.000000e+02, 2.752126e+01
1.000000e+02, 2.729239e+01
1.000000e+02, 2.706474e+01
1.000000e+02, 2.683830e+01
1.000000e+02, 2.661306e+01
1.000000e+02, 2.638902e+01
1.000000e+02, 2.616617e+01
1.000000e+02, 2.594452e+01
1.000000e+02, 2.572405e+01
1.000000e+02, 2.550476e+01
1.000000e+02, 2.528664e+01
1.000000e+02, 2.506970e+01
1.000000e+02, 2.485393e+01
1.000000e+02, 2.463932e+01
1.000000e+02, 2.442586e+01
1.000000e+02, 2.421357e+01
1.000000e+02, 2.400242e+01
1.000000e+02, 2.379242e+01
1.000000e+02, 2.358356e+01
1.000000e+02, 2.337584e+01
1.000000e+02, 2.316926e+01
1.000000e+02, 2.296380e+01
1.000000e+02, 2.275948e+01
1.000000e+02, 2.255627e+01
1.000000e+02, 2.235418e+01
1.000000e+02, 2.215321e+01
1.000000e+02, 2.195335e+01
1.000000e+02, 2.175460e+01
1.000000e+02, 2.155695e+01
1.000000e+02, 2.136040e+01
1.000000e+02, 2.116494e+01
1.000000e+02, 2.097058e+01
1.000000e+02, 2.077731e+01
1.000000e+02, 2.058512e+01
1.000000e+02, 2.039402e+01
1.000000e+02, 2.020399e+01
1.000000e+02, 2.001504e+01
1.000000e+02, 1.982716e+01
1.000000e+02, 1.964035e+01
1.000000e+02, 1.945461e+01
1.000000e+02, 1.926992e+01
1.000000e+02, 1.908630e+01
1.000000e+02, 1.890373e+01
1.000000e+02, 1.872221e+01
1.000000e+02, 1.854174e+01
1.000000e+02, 1.836232e+01
1.000000e+02, 1.818394e+01
1.000000e+02, 1.800660e+01
1.000000e+02, 1.783030e+01
1.000000e+02, 1.765503e+01
1.000000e+02, 1.748079e+01
1.000000e+02, 1.730758e+01
1.000000e+02, 1.713540e+01
1.000000e+02, 1.696423e+01
1.000000e+02, 1.679409e+01
1.000000e+02, 1.662496e+01
1.000000e+02, 1.645684e+01
1.000000e+02, 1.628974e+01
1.000000e+02, 1.612364e+01
1.000000e+02, 1.595855e+01
1.000000e+02, 1.579446e+01
1.000000e+02, 1.563137e+01
1.000000e+02, 1.546928e+01
1.000000e+02, 1.530818e+01
1.000000e+02, 1.514808e+01
1.000000e+02, 1.498896e+01
1.000000e+02, 1.483083e+01
1.000000e+02, 1.467368e+01
1.000000e+02, 1.451752e+01
1.000000e+02, 1.436233e+01
1.000000e+02, 1.420813e+01
1.000000e+02, 1.405489e+01
1.000000e+02, 1.390263e+01
1.000000e+02, 1.375134e+01
1.000000e+02, 1.360101e+01
1.000000e+02, 1.345165e+01
1.000000e+02, 1.330325e+01
1.000000e+02, 1.315581e+01
1.000000e+02, 1.300933e+01
1.000000e+02, 1.286381e+01
1.000000e+02, 1.271924e+01
1.000000e+02, 1.257562e+01
1.000000e+02, 1.243295e+01
1.000000e+02, 1.229123e+01
1.000000e+02, 1.215045e+01
1.000000e+02, 1.201061e+01
1.000000e+02, 1.187172e+01
1.000000e+02, 1.173376e+01
1.000000e+02, 1.159674e+01
1.000000e+02, 1.146065e+01
1.000000e+02, 1.132550e+01
1.000000e+02, 1.119127e+01
1.000000e+02, 1.105798e+01
1.000000e+02, 1.092561e+01
1.000000e+02, 1.079416e+01
1.000000e+02, 1.066364e+01
1.000000e+02, 1.053404e+01
1.000000e+02, 1.040535e+01
1.000000e+02, 1.027759e+01
1.000000e+02, 1.015073e+01
1.000000e+02, 1.002479e+01
1.000000e+02, 9.899767e+00
1.000000e+02, 9.775649e+00
1.000000e+02, 9.652439e+00
1.000000e+02, 9.530134e+00
1.000000e+02, 9.408734e+00
1.000000e+02, 9.288236e+00
1.000000e+02, 9.168639e+00
1.000000e+02, 9.049941e+00
1.000000e+02, 8.932141e+00
1.000000e+02, 8.815236e+00
1.000000e+02, 8.699225e+00
1.000000e+02, 8.584106e+00
1.000000e+02, 8.469879e+00
1.000000e+02, 8.356540e+00
1.000000e+02, 8.244090e+00
1.000000e+02, 8.132525e+00
1.000000e+02, 8.021845e+00
1.000000e+02, 7.912048e+00
1.000000e+02, 7.803132e+00
1.000000e+02, 7.695097e+00
1.000000e+02, 7.587939e+00
1.000000e+02, 7.481659e+00
1.000000e+02, 7.376255e+00
1.000000e+02, 7.271724e+00
1.000000e+02, 7.168067e+00
1.000000e+02, 7.065281e+00
1.000000e+02, 6.963364e+00
1.000000e+02, 6.862316e+00
1.000000e+02, 6.762136e+00
1.000000e+02, 6.662821e+00
1.000000e+02, 6.564370e+00
1.000000e+02, 6.466783e+00
1.000000e+02, 6.370058e+00
1.000000e+02, 6.274193e+00
1.000000e+02, 6.179188e+00
1.000000e+02, 6.085040e+00
1.000000e+02, 5.991750e+00
1.000000e+02, 5.899315e+00
1.000000e+02, 5.807734e+00
1.000000e+02, 5.717006e+00
1.000000e+02, 5.627130e+00
1.000000e+02, 5.538105e+00
1.000000e+02, 5.449930e+00
1.000000e+02, 5.362603e+00
1.000000e+02, 5.276123e+00
1.000000e+02, 5.190489e+00
1.000000e+02, 5.105700e+00
1.000000e+02, 5.021756e+00
1.000000e+02, 4.938654e+00
1.000000e+02, 4.856393e+00
1.000000e+02, 4.774974e+00
1.000000e+02, 4.694394e+00
1.000000e+02, 4.614652e+00
1.000000e+02, 4.535749e+00
1.000000e+02, 4.457681e+00
1.000000e+02, 4.380450e+00
1.000000e+02, 4.304052e+00
1.000000e+02, 4.228489e+00
1.000000e+02, 4.153758e+00
1.000000e+02, 4.079858e+00
1.000000e+02, 4.006790e+00
1.000000e+02, 3.934551e+00
1.000000e+02, 3.863141e+00
1.000000e+02, 3.792559e+00
1.000000e+02, 3.722804e+00
1.000000e+02, 3.653875e+00
1.000000e+02, 3.585771e+00
1.000000e+02, 3.518492e+00
1.000000e+02, 3.452036e+00
1.000000e+02, 3.386404e+00
1.000000e+02, 3.321593e+00
1.000000e+02, 3.257603e+00
1.000000e+02, 3.194434e+00
1.000000e+02, 3.132084e+00
1.000000e+02, 3.070553e+00
1.000000e+02, 3.009839e+00
1.000000e+02, 2.949943e+00
1.000000e+02, 2.890864e+00
1.000000e+02, 2.832600e+00
1.000000e+02, 2.775151e+00
1.000000e+02, 2.718517e+00
1.000000e+02, 2.662696e+00
1.000000e+02, 2.607688e+00
1.000000e+02, 2.553493e+00
1.000000e+02, 2.500109e+00
1.000000e+02, 2.447535e+00
1.000000e+02, 2.395772e+00
1.000000e+02, 2.344819e+00
1.000000e+02, 2.294675e+00
1.000000e+02, 2.245339e+00
1.000000e+02, 2.196810e+00
1.000000e+02, 2.149089e+00
1.000000e+02, 2.102175e+00
1.000000e+02, 2.056066e+00
1.000000e+02, 2.010763e+00
1.000000e+02, 1.966265e+00
1.000000e+02, 1.922572e+00
1.000000e+02, 1.879682e+00
1.000000e+02, 1.837595e+00
1.000000e+02, 1.796311e+00
1.000000e+02, 1.755830e+00
1.000000e+02, 1.716150e+00
1.000000e+02, 1.677271e+00
1.000000e+02, 1.639194e+00
1.000000e+02, 1.601917e+00
1.000000e+02, 1.565439e+00
1.000000e+02, 1.529761e+00
1.000000e+02, 1.494883e+00
1.000000e+02, 1.460802e+00
1.000000e+02, 1.427520e+00
1.000000e+02, 1.395036e+00
1.000000e+02, 1.363350e+00
1.000000e+02, 1.332460e+00
1.000000e+02, 1.302367e+00
1.000000e+02, 1.273070e+00
1.000000e+02, 1.244569e+00
1.000000e+02, 1.216864e+00
1.000000e+02, 1.189954e+00
1.000000e+02, 1.163839e+00
1.000000e+02, 1.138519e+00
1.000000e+02, 1.113993e+00
1.000000e+02, 1.090261e+00
1.000000e+02, 1.067323e+00
1.000000e+02, 1.045179e+00
1.000000e+02, 1.023827e+00
1.000000e+02, 1.003269e+00
1.000000e+02, 9.835030e-01
1.000000e+02, 9.645297e-01
1.000000e+02, 9.463487e-01
1.000000e+02, 9.289597e-01
1.000000e+02, 9.123625e-01
1.000000e+02, 8.965570e-01
1.000000e+02, 8.815429e-01
1.000000e+02, 8.673201e-01
1.000000e+02, 8.538883e-01
1.000000e+02, 8.412475e-01
1.000000e+02, 8.293975e-01
1.000000e+02, 8.183381e-01
1.000000e+02, 8.080692e-01
1.000000e+02, 7.985907e-01
1.000000e+02, 7.899025e-01
1.000000e+02, 7.820045e-01
1.000000e+02, 7.748965e-01
1.000000e+02, 7.685785e-01
1.000000e+02, 7.630504e-01
1.000000e+02, 7.583122e-01
1.000000e+02, 7.543637e-01
1.000000e+02, 7.512050e-01
1.000000e+02, 7.488361e-01
1.000000e+02, 7.472567e-01
1.000000e+02, 7.464671e-01
1.000000e+02, 7.464671e-01
1.000000e+02, 7.472568e-01
1.000000e+02, 7.488361e-01
1.000000e+02, 7.512051e-01
1.000000e+02, 7.543638e-01
1.000000e+02, 7.583122e-01
1.000000e+02, 7.630504e-01
1.000000e+02, 7.685785e-01
1.000000e+02, 7.748965e-01
1.000000e+02, 7.820045e-01
1.000000e+02, 7.899026e-01
1.000000e+02, 7.985908e-01
1.000000e+02, 8.080693e-01
1.000000e+02, 8.183382e-01
1.000000e+02, 8.293976e-01
1.000000e+02, 8.412476e-01
1.000000e+02, 8.538884e-01
1.000000e+02, 8.673202e-01
1.000000e+02, 8.815430e-01
1.000000e+02, 8.965571e-01
1.000000e+02, 9.123626e-01
1.000000e+02, 9.289598e-01
1.000000e+02, 9.463488e-01
1.000000e+02, 9.645298e-01
1.000000e+02, 9.835031e-01
1.000000e+02, 1.003269e+00
1.000000e+02, 1.023827e+00
1.000000e+02, 1.045179e+00
1.000000e+02, 1.067323e+00
1.000000e+02, 1.090262e+00
1.000000e+02, 1.113993e+00
1.000000e+02, 1.138519e+00
1.000000e+02, 1.163840e+00
1.000000e+02, 1.189955e+00
1.000000e+02, 1.216864e+00
1.000000e+02, 1.244570e+00
1.000000e+02, 1.273070e+00
1.000000e+02, 1.302367e+00
1.000000e+02, 1.332460e+00
1.000000e+02, 1.363350e+00
1.000000e+02, 1.395036e+00
1.000000e+02, 1.427521e+00
1.000000e+02, 1.460803e+00
1.000000e+02, 1.494883e+00
1.000000e+02, 1.529762e+00
1.000000e+02, 1.565439e+00
1.000000e+02, 1.601917e+00
1.000000e+02, 1.639194e+00
1.000000e+02, 1.677272e+00
1.000000e+02, 1.716150e+00
1.000000e+02, 1.755830e+00
1.000000e+02, 1.796311e+00
1.000000e+02, 1.837595e+00
1.000000e+02, 1.879682e+00
1.000000e+02, 1.922572e+00
1.000000e+02, 1.966266e+00
1.000000e+02, 2.010764e+00
1.000000e+02, 2.056067e+00
1.000000e+02, 2.102175e+00
1.000000e+02, 2.149090e+00
1.000000e+02, 2.196811e+00
1.000000e+02, 2.245339e+00
1.000000e+02, 2.294675e+00
1.000000e+02, 2.344819e+00
1.000000e+02, 2.395773e+00
1.000000e+02, 2.447536e+00
1.000000e+02, 2.500109e+00
1.000000e+02, 2.553493e+00
1.000000e+02, 2.607689e+00
1.000000e+02, 2.662696e+00
1.000000e+02, 2.718517e+00
1.000000e+02, 2.775152e+00
1.000000e+02, 2.832600e+00
1.000000e+02, 2.890864e+00
1.000000e+02, 2.949944e+00
1.000000e+02, 3.009840e+00
1.000000e+02, 3.070553e+00
1.000000e+02, 3.132084e+00
1.000000e+02, 3.194434e+00
1.000000e+02, 3.257603e+00
1.000000e+02, 3.321593e+00
1.000000e+02, 3.386404e+00
1.000000e+02, 3.452037e+00
1.000000e+02, 3.518492e+00
1.000000e+02, 3.585771e+00
1.000000e+02, 3.653875e+00
1.000000e+02, 3.722804e+00
1.000000e+02, 3.792559e+00
1.000000e+02, 3.863141e+00
1.000000e+02, 3.934551e+00
1.000000e+02, 4.006790e+00
1.000000e+02, 4.079859e+00
1.000000e+02, 4.153758e+00
1.000000e+02, 4.228489e+00
1.000000e+02, 4.304053e+00
1.000000e+02, 4.380450e+00
1.000000e+02, 4.457682e+00
1.000000e+02, 4.535749e+00
1.000000e+02, 4.614653e+00
1.000000e+02, 4.694394e+00
1.000000e+02, 4.774974e+00
1.000000e+02, 4.856394e+00
1.000000e+02, 4.938654e+00
1.000000e+02, 5.021756e+00
1.000000e+02, 5.105701e+00
1.000000e+02, 5.190489e+00
1.000000e+02, 5.276123e+00
1.000000e+02, 5.362603e+00
1.000000e+02, 5.449930e+00
1.000000e+02, 5.538106e+00
1.000000e+02, 5.627131e+00
1.000000e+02, 5.717006e+00
1.000000e+02, 5.807734e+00
1.000000e+02, 5.899315e+00
1.000000e+02, 5.991750e+00
1.000000e+02, 6.085041e+00
1.000000e+02, 6.179188e+00
1.000000e+02, 6.274194e+00
1.000000e+02, 6.370058e+00
1.000000e+02, 6.466784e+00
1.000000e+02, 6.564371e+00
1.000000e+02, 6.662821e+00
1.000000e+02, 6.762136e+00
1.000000e+02, 6.862317e+00
1.000000e+02, 6.963365e+00
1.000000e+02, 7.065281e+00
1.000000e+02, 7.168067e+00
1.000000e+02, 7.271725e+00
1.000000e+02, 7.376255e+00
1.000000e+02, 7.481660e+00
1.000000e+02, 7.587940e+00
1.000000e+02, 7.695097e+00
1.000000e+02, 7.803133e+00
1.000000e+02, 7.912048e+00
1.000000e+02, 8.021845e+00
1.000000e+02, 8.132525e+00
1.000000e+02, 8.244090e+00
1.000000e+02, 8.356541e+00
1.000000e+02, 8.469879e+00
1.000000e+02, 8.584107e+00
1.000000e+02, 8.699225e+00
1.000000e+02, 8.815236e+00
1.000000e+02, 8.932141e+00
1.000000e+02, 9.049942e+00
1.000000e+02, 9.168640e+00
1.000000e+02, 9.288237e+00
1.000000e+02, 9.408735e+00
1.000000e+02, 9.530135e+00
1.000000e+02, 9.652439e+00
1.000000e+02, 9.775650e+00
1.000000e+02, 9.899768e+00
1.000000e+02, 1.002480e+01
1.000000e+02, 1.015073e+01
1.000000e+02, 1.027759e+01
1.000000e+02, 1.040535e+01
1.000000e+02, 1.053404e+01
1.000000e+02, 1.066364e+01
1.000000e+02, 1.079416e+01
1.000000e+02, 1.092561e+01
1.000000e+02, 1.105798e+01
1.000000e+02, 1.119127e+01
1.000000e+02, 1.132550e+01
1.000000e+02, 1.146065e+01
1.000000e+02, 1.159674e+01
1.000000e+02, 1.173376e+01
1.000000e+02, 1.187172e+01
1.000000e+02, 1.201061e+01
1.000000e+02, 1.215045e+01
1.000000e+02, 1.229123e+01
1.000000e+02, 1.243295e+01
1.000000e+02, 1.257562e+01
1.000000e+02, 1.271924e+01
1.000000e+02, 1.286381e+01
1.000000e+02, 1.300934e+01
1.000000e+02, 1.315582e+01
1.000000e+02, 1.330325e+01
1.000000e+02, 1.345165e+01
1.000000e+02, 1.360101e+01
1.000000e+02, 1.375134e+01
1.000000e+02, 1.390263e+01
1.000000e+02, 1.405489e+01
1.000000e+02, 1.420813e+01
1.000000e+02, 1.436233e+01
1.000000e+02, 1.451752e+01
1.000000e+02, 1.467368e+01
1.000000e+02, 1.483083e+01
1.000000e+02, 1.498896e+01
1.000000e+02, 1.514808e+01
1.000000e+02, 1.530818e+01
1.000000e+02, 1.546928e+01
1.000000e+02, 1.563137e+01
1.000000e+02, 1.579446e+01
1.000000e+02, 1.595855e+01
1.000000e+02, 1.612364e+01
1.000000e+02, 1.628974e+01
1.000000e+02, 1.645684e+01
1.000000e+02, 1.662496e+01
1.000000e+02, 1.679409e+01
1.000000e+02, 1.696423e+01
1.000000e+02, 1.713540e+01
1.000000e+02, 1.730758e+01
1.000000e+02, 1.748079e+01
1.000000e+02, 1.765503e+01
1.000000e+02, 1.783030e+01
1.000000e+02, 1.800660e+01
1.000000e+02, 1.818394e+01
1.000000e+02, 1.836232e+01
1.000000e+02, 1.854174e+01
1.000000e+02, 1.872221e+01
1.000000e+02, 1.890373e+01
1.000000e+02, 1.908630e+01
1.000000e+02, 1.926992e+01
1.000000e+02, 1.945461e+01
1.000000e+02, 1.964035e+01
1.000000e+02, 1.982716e+01
1.000000e+02, 2.001504e+01
1.000000e+02, 2.020399e+01
1.000000e+02, 2.039402e+01
1.000000e+02, 2.058512e+01
1.000000e+02, 2.077731e+01
1.000000e+02, 2.097058e+01
1.000000e+02, 2.116494e+01
1.000000e+02, 2.136040e+01
1.000000e+02, 2.155695e+01
1.000000e+02, 2.175460e+01
1.000000e+02, 2.195335e+01
1.000000e+02, 2.215321e+01
1.000000e+02, 2.235418e+01
1.000000e+02, 2.255627e+01
1.000000e+02, 2.275948e+01
1.000000e+02, 2.296381e+01
1.000000e+02, 2.316926e+01
1.000000e+02, 2.337584e+01
1.000000e+02, 2.358356e+01
1.000000e+02, 2.379242e+01
1.000000e+02, 2.400242e+01
1.000000e+02, 2.421357e+01
1.000000e+02, 2.442586e+01
1.000000e+02, 2.463932e+01
1.000000e+02, 2.485393e+01
1.000000e+02, 2.506970e+01
1.000000e+02, 2.528664e+01
1.000000e+02, 2.550476e+01
1.000000e+02, 2.572405e+01
1.000000e+02, 2.594452e+01
1.000000e+02, 2.616617e+01
1.000000e+02, 2.638902e+01
1.000000e+02, 2.661306e+01
1.000000e+02, 2.683830e+01
1.000000e+02, 2.706474e+01
1.000000e+02, 2.729240e+01
1.000000e+02, 2.752126e+01
1.000000e+02, 2.775134e+01
1.000000e+02, 2.798265e+01
1.000000e+02, 2.821519e+01
1.000000e+02, 2.844895e+01
1.000000e+02, 2.868396e+01
1.000000e+02, 2.892021e+01
1.000000e+02, 2.915771e+01
1.000000e+02, 2.939646e+01
1.000000e+02, 2.963647e+01
1.000000e+02, 2.987774e+01
1.000000e+02, 3.012029e+01
1.000000e+02, 3.036411e+01
1.000000e+02, 3.060920e+01
1.000000e+02, 3.085559e+01
1.000000e+02, 3.110327e+01
1.000000e+02, 3.135224e+01
1.000000e+02, 3.160252e+01
1.000000e+02, 3.185411e+01
1.000000e+02, 3.210701e+01
1.000000e+02, 3.236123e+01
1.000000e+02, 3.261678e+01
1.000000e+02, 3.287367e+01
1.000000e+02, 3.313189e+01
1.000000e+02, 3.339146e+01
1.000000e+02, 3.365238e+01
1.000000e+02, 3.391465e+01
1.000000e+02, 3.417830e+01
1.000000e+02, 3.444331e+01
1.000000e+02, 3.470970e+01
1.000000e+02, 3.497748e+01
1.000000e+02, 3.524665e+01
1.000000e+02, 3.551721e+01
1.000000e+02, 3.578918e+01
1.000000e+02, 3.606256e+01
1.000000e+02, 3.633736e+01
1.000000e+02, 3.661359e+01
1.000000e+02, 3.689125e+01
1.000000e+02, 3.717035e+01
1.000000e+02, 3.745090e+01
1.000000e+02, 3.773291e+01
1.000000e+02, 3.801638e+01
1.000000e+02, 3.830132e+01
1.000000e+02, 3.858774e+01
1.000000e+02, 3.887564e+01
1.000000e+02, 3.916504e+01
1.000000e+02, 3.945595e+01
1.000000e+02, 3.974836e+01
1.000000e+02, 4.004229e+01
1.000000e+02, 4.033776e+01
1.000000e+02, 4.063475e+01
1.000000e+02, 4.093330e+01
1.000000e+02, 4.123339e+01
1.000000e+02, 4.153505e+01
1.000000e+02, 4.183828e+01
1.000000e+02, 4.214310e+01
1.000000e+02, 4.244950e+01
1.000000e+02, 4.275750e+01
1.000000e+02, 4.306711e+01
1.000000e+02, 4.337833e+01
1.000000e+02, 4.369119e+01
1.000000e+02, 4.400568e+01
1.000000e+02, 4.432182e+01
1.000000e+02, 4.463961e+01
1.000000e+02, 4.495908e+01
1.000000e+02, 4.528022e+01
1.000000e+02, 4.560305e+01
1.000000e+02, 4.592758e+01
1.000000e+02, 4.625382e+01
1.000000e+02, 4.658178e+01
1.000000e+02, 4.691148e+01
1.000000e+02, 4.724291e+01
1.000000e+02, 4.757611e+01
1.000000e+02, 4.791106e+01
1.000000e+02, 4.824780e+01
1.000000e+02, 4.858632e+01
1.000000e+02, 4.892665e+01
1.000000e+02, 4.926879e+01
1.000000e+02, 4.961276e+01
1.000000e+02, 4.995856e+01
1.000000e+02, 5.030622e+01
1.000000e+02, 5.065575e+01
1.000000e+02, 5.100715e+01
1.000000e+02, 5.136044e+01
1.000000e+02, 5.171564e+01
1.000000e+02, 5.207275e+01
1.000000e+02, 5.243180e+01
1.000000e+02, 5.279279e+01
1.000000e+02, 5.315575e+01
1.000000e+02, 5.352068e+01
1.000000e+02, 5.388760e+01
1.000000e+02, 5.425653e+01
1.000000e+02, 5.462748e+01
1.000000e+02, 5.500046e+01
1.000000e+02, 5.537550e+01
1.000000e+02, 5.575260e+01
1.000000e+02, 5.613179e+01
1.000000e+02, 5.651308e+01
1.000000e+02, 5.689649e+01
1.000000e+02, 5.728204e+01
1.000000e+02, 5.766973e+01
1.000000e+02, 5.805960e+01
1.000000e+02, 5.845165e+01
1.000000e+02, 5.884591e+01
1.000000e+02, 5.924240e+01
1.000000e+02, 5.964113e+01
1.000000e+02, 6.004212e+01
1.000000e+02, 6.044539e+01
1.000000e+02, 6.085097e+01
1.000000e+02, 6.125887e+01
1.000000e+02, 6.166911e+01
1.000000e+02, 6.208172e+01
1.000000e+02, 6.249671e+01
1.000000e+02, 6.291411e+01
1.000000e+02, 6.333393e+01
1.000000e+02, 6.375621e+01
1.000000e+02, 6.418097e+01
1.000000e+02, 6.460822e+01
1.000000e+02, 6.503800e+01
1.000000e+02, 6.547032e+01
1.000000e+02, 6.590521e+01
1.000000e+02, 6.634269e+01
1.000000e+02, 6.678280e+01
1.000000e+02, 6.722556e+01
1.000000e+02, 6.767099e+01
1.000000e+02, 6.811912e+01
1.000000e+02, 6.856998e+01
1.000000e+02, 6.902360e+01
1.000000e+02, 6.948000e+01
1.000000e+02, 6.993922e+01
1.000000e+02, 7.040129e+01
1.000000e+02, 7.086623e+01
1.000000e+02, 7.133408e+01
1.000000e+02, 7.180486e+01
1.000000e+02, 7.227862e+01
1.000000e+02, 7.275539e+01
1.000000e+02, 7.323519e+01
1.000000e+02, 7.371807e+01
1.000000e+02, 7.420406e+01
1.000000e+02, 7.469319e+01
1.000000e+02, 7.518550e+01
1.000000e+02, 7.568104e+01
1.000000e+02, 7.617983e+01
1.000000e+02, 7.668192e+01
1.000000e+02, 7.718736e+01
1.000000e+02, 7.769617e+01
1.000000e+02, 7.820841e+01
1.000000e+02, 7.872411e+01
1.000000e+02, 7.924332e+01
1.000000e+02, 7.976609e+01
1.000000e+02, 8.029247e+01
1.000000e+02, 8.082250e+01
1.000000e+02, 8.135622e+01
1.000000e+02, 8.189370e+01
1.000000e+02, 8.243498e+01
1.000000e+02, 8.298012e+01
1.000000e+02, 8.352916e+01
1.000000e+02, 8.408217e+01
1.000000e+02, 8.463920e+01
1.000000e+02, 8.520032e+01
1.000000e+02, 8.576557e+01
1.000000e+02, 8.633503e+01
1.000000e+02, 8.690876e+01
1.000000e+02, 8.748681e+01
1.000000e+02, 8.806927e+01
1.000000e+02, 8.865619e+01
1.000000e+02, 8.924766e+01
1.000000e+02, 8.984374e+01
1.000000e+02, 9.044451e+01
1.000000e+02, 9.105004e+01
1.000000e+02, 9.166042e+01
1.000000e+02, 9.227573e+01
1.000000e+02, 9.289606e+01
1.000000e+02, 9.352149e+01
1.000000e+02, 9.415211e+01
1.000000e+02, 9.478801e+01
1.000000e+02, 9.542930e+01
1.000000e+02, 9.607608e+01
1.000000e+02, 9.672844e+01
1.000000e+02, 9.738649e+01
1.000000e+02, 9.805035e+01
1.000000e+02, 9.872013e+01
1.000000e+02, 9.939594e+01
1.000000e+02, 1.000779e+02
1.000000e+02, 1.007662e+02
1.000000e+02, 1.014609e+02
1.000000e+02, 1.021621e+02
1.000000e+02, 1.028700e+02
1.000000e+02, 1.035848e+02
1.000000e+02, 1.043066e+02
1.000000e+02, 1.050355e+02
1.000000e+02, 1.057718e+02
1.000000e+02, 1.065156e+02
1.000000e+02, 1.072670e+02
1.000000e+02, 1.080263e+02
1.000000e+02, 1.087937e+02
1.000000e+02, 1.095694e+02
1.000000e+02, 1.103535e+02
1.000000e+02, 1.111464e+02
1.000000e+02, 1.119482e+02
1.000000e+02, 1.127593e+02
1.000000e+02, 1.135797e+02
1.000000e+02, 1.144099e+02
1.000000e+02, 1.152502e+02
1.000000e+02, 1.161007e+02
1.000000e+02, 1.169619e+02
1.000000e+02, 1.178341e+02
1.000000e+02, 1.187176e+02
1.000000e+02, 1.196127e+02
1.000000e+02, 1.205200e+02
1.000000e+02, 1.214399e+02
1.000000e+02, 1.223726e+02
1.000000e+02, 1.233189e+02
1.000000e+02, 1.242790e+02
1.000000e+02, 1.252537e+02
1.000000e+02, 1.262434e+02
1.000000e+02, 1.272488e+02
1.000000e+02, 1.282706e+02
1.000000e+02, 1.293094e+02
1.000000e+02, 1.303660e+02
1.000000e+02, 1.314413e+02
1.000000e+02, 1.325361e+02
1.000000e+02, 1.336515e+02
1.000000e+02, 1.347884e+02
1.000000e+02, 1.359480e+02
1.000000e+02, 1.371317e+02
1.000000e+02, 1.383407e+02
1.000000e+02, 1.395766e+02
1.000000e+02, 1.408412e+02
1.000000e+02, 1.421362e+02
1.000000e+02, 1.434638e+02
1.000000e+02, 1.448264e+02
1.000000e+02, 1.462266e+02
1.000000e+02, 1.476676e+02
1.000000e+02, 1.491526e+02
1.000000e+02, 1.506859e+02
1.000000e+02, 1.522720e+02
1.000000e+02, 1.539164e+02
1.000000e+02, 1.556257e+02
1.000000e+02, 1.574078e+02
1.000000e+02, 1.592723e+02
1.000000e+02, 1.612312e+02
1.000000e+02, 1.632998e+02
1.000000e+02, 1.654980e+02
1.000000e+02, 1.678528e+02
1.000000e+02, 1.704022e+02
1.000000e+02, 1.732029e+02
1.000000e+02, 1.763463e+02
1.000000e+02, 1.800000e+02
##END= 