##TITLE= /opt/topspin3.0/exp/stan/nmr/lists/wave/user/HypSec_trunc2.84_110
##JCAMP-DX= 5.00 Bruker JCAMP library
##DATA TYPE= Shape Data
##ORIGIN= Bruker BioSpin GmbH
##OWNER= <nmrsu>
##DATE= 15/02/24
##TIME= 16:15:04
##MINX= 1.164538e+01
##MAXX= 9.999960e+01
##MINY= 2.546774e-02
##MAXY= 3.585574e+02
##$SHAPE_EXMODE= Adiabatic
##$SHAPE_TOTROT= 1.800000e+02
##$SHAPE_BWFAC= 1.929340e+02
##$SHAPE_INTEGFAC= 2.356110e-02
##$SHAPE_MODE= 0
##NPOINTS= 1000
##XYPOINTS= (XY..XY)
1.000000e+02, 1.800000e+02
1.000000e+02, 1.726261e+02
1.000000e+02, 1.662821e+02
1.000000e+02, 1.606299e+02
1.000000e+02, 1.554848e+02
1.000000e+02, 1.507323e+02
1.000000e+02, 1.462959e+02
1.000000e+02, 1.421212e+02
1.000000e+02, 1.381678e+02
1.000000e+02, 1.344049e+02
1.000000e+02, 1.308083e+02
1.000000e+02, 1.273586e+02
1.000000e+02, 1.240398e+02
1.000000e+02, 1.208388e+02
1.000000e+02, 1.177444e+02
1.000000e+02, 1.147472e+02
1.000000e+02, 1.118392e+02
1.000000e+02, 1.090133e+02
1.000000e+02, 1.062633e+02
1.000000e+02, 1.035839e+02
1.000000e+02, 1.009703e+02
1.000000e+02, 9.841826e+01
1.000000e+02, 9.592393e+01
1.000000e+02, 9.348391e+01
1.000000e+02, 9.109511e+01
1.000000e+02, 8.875474e+01
1.000000e+02, 8.646023e+01
1.000000e+02, 8.420927e+01
1.000000e+02, 8.199971e+01
1.000000e+02, 7.982960e+01
1.000000e+02, 7.769713e+01
1.000000e+02, 7.560063e+01
1.000000e+02, 7.353855e+01
1.000000e+02, 7.150945e+01
1.000000e+02, 6.951200e+01
1.000000e+02, 6.754496e+01
1.000000e+02, 6.560716e+01
1.000000e+02, 6.369750e+01
1.000000e+02, 6.181498e+01
1.000000e+02, 5.995863e+01
1.000000e+02, 5.812755e+01
1.000000e+02, 5.632088e+01
1.000000e+02, 5.453784e+01
1.000000e+02, 5.277766e+01
1.000000e+02, 5.103963e+01
1.000000e+02, 4.932307e+01
1.000000e+02, 4.762734e+01
1.000000e+02, 4.595183e+01
1.000000e+02, 4.429596e+01
1.000000e+02, 4.265917e+01
1.000000e+02, 4.104095e+01
1.000000e+02, 3.944080e+01
1.000000e+02, 3.785823e+01
1.000000e+02, 3.629280e+01
1.000000e+02, 3.474406e+01
1.000000e+02, 3.321161e+01
1.000000e+02, 3.169504e+01
1.000000e+02, 3.019398e+01
1.000000e+02, 2.870805e+01
1.000000e+02, 2.723692e+01
1.000000e+02, 2.578023e+01
1.000000e+02, 2.433767e+01
1.000000e+02, 2.290893e+01
1.000000e+02, 2.149371e+01
1.000000e+02, 2.009172e+01
1.000000e+02, 1.870269e+01
1.000000e+02, 1.732635e+01
1.000000e+02, 1.596243e+01
1.000000e+02, 1.461070e+01
1.000000e+02, 1.327092e+01
1.000000e+02, 1.194285e+01
1.000000e+02, 1.062626e+01
1.000000e+02, 9.320956e+00
1.000000e+02, 8.026715e+00
1.000000e+02, 6.743339e+00
1.000000e+02, 5.470632e+00
1.000000e+02, 4.208406e+00
1.000000e+02, 2.956477e+00
1.000000e+02, 1.714669e+00
1.000000e+02, 4.828084e-01
1.000000e+02, 3.592607e+02
1.000000e+02, 3.580483e+02
1.000000e+02, 3.568453e+02
1.000000e+02, 3.556516e+02
1.000000e+02, 3.544671e+02
1.000000e+02, 3.532916e+02
1.000000e+02, 3.521249e+02
1.000000e+02, 3.509671e+02
1.000000e+02, 3.498178e+02
1.000000e+02, 3.486770e+02
1.000000e+02, 3.475446e+02
1.000000e+02, 3.464204e+02
1.000000e+02, 3.453043e+02
1.000000e+02, 3.441962e+02
1.000000e+02, 3.430960e+02
1.000000e+02, 3.420036e+02
1.000000e+02, 3.409189e+02
1.000000e+02, 3.398418e+02
1.000000e+02, 3.387721e+02
1.000000e+02, 3.377098e+02
1.000000e+02, 3.366547e+02
1.000000e+02, 3.356068e+02
1.000000e+02, 3.345661e+02
1.000000e+02, 3.335323e+02
1.000000e+02, 3.325054e+02
1.000000e+02, 3.314853e+02
1.000000e+02, 3.304720e+02
1.000000e+02, 3.294654e+02
1.000000e+02, 3.284653e+02
1.000000e+02, 3.274717e+02
1.000000e+02, 3.264845e+02
1.000000e+02, 3.255037e+02
1.000000e+02, 3.245292e+02
1.000000e+02, 3.235609e+02
1.000000e+02, 3.225987e+02
1.000000e+02, 3.216425e+02
1.000000e+02, 3.206924e+02
1.000000e+02, 3.197482e+02
1.000000e+02, 3.188099e+02
1.000000e+02, 3.178773e+02
1.000000e+02, 3.169505e+02
1.000000e+02, 3.160294e+02
1.000000e+02, 3.151140e+02
1.000000e+02, 3.142040e+02
1.000000e+02, 3.132996e+02
1.000000e+02, 3.124007e+02
1.000000e+02, 3.115071e+02
1.000000e+02, 3.106189e+02
1.000000e+02, 3.097360e+02
1.000000e+02, 3.088583e+02
1.000000e+02, 3.079858e+02
1.000000e+02, 3.071184e+02
1.000000e+02, 3.062561e+02
1.000000e+02, 3.053989e+02
1.000000e+02, 3.045467e+02
1.000000e+02, 3.036994e+02
1.000000e+02, 3.028570e+02
1.000000e+02, 3.020195e+02
1.000000e+02, 3.011867e+02
1.000000e+02, 3.003588e+02
1.000000e+02, 2.995356e+02
1.000000e+02, 2.987171e+02
1.000000e+02, 2.979032e+02
1.000000e+02, 2.970939e+02
1.000000e+02, 2.962892e+02
1.000000e+02, 2.954890e+02
1.000000e+02, 2.946933e+02
1.000000e+02, 2.939021e+02
1.000000e+02, 2.931153e+02
1.000000e+02, 2.923328e+02
1.000000e+02, 2.915547e+02
1.000000e+02, 2.907810e+02
1.000000e+02, 2.900114e+02
1.000000e+02, 2.892462e+02
1.000000e+02, 2.884851e+02
1.000000e+02, 2.877282e+02
1.000000e+02, 2.869755e+02
1.000000e+02, 2.862268e+02
1.000000e+02, 2.854822e+02
1.000000e+02, 2.847417e+02
1.000000e+02, 2.840052e+02
1.000000e+02, 2.832727e+02
1.000000e+02, 2.825442e+02
1.000000e+02, 2.818195e+02
1.000000e+02, 2.810988e+02
1.000000e+02, 2.803820e+02
1.000000e+02, 2.796690e+02
1.000000e+02, 2.789598e+02
1.000000e+02, 2.782544e+02
1.000000e+02, 2.775527e+02
1.000000e+02, 2.768548e+02
1.000000e+02, 2.761606e+02
1.000000e+02, 2.754701e+02
1.000000e+02, 2.747833e+02
1.000000e+02, 2.741001e+02
1.000000e+02, 2.734205e+02
1.000000e+02, 2.727445e+02
1.000000e+02, 2.720721e+02
1.000000e+02, 2.714032e+02
1.000000e+02, 2.707378e+02
1.000000e+02, 2.700759e+02
1.000000e+02, 2.694175e+02
1.000000e+02, 2.687625e+02
1.000000e+02, 2.681110e+02
1.000000e+02, 2.674629e+02
1.000000e+02, 2.668181e+02
1.000000e+02, 2.661768e+02
1.000000e+02, 2.655387e+02
1.000000e+02, 2.649040e+02
1.000000e+02, 2.642726e+02
1.000000e+02, 2.636445e+02
1.000000e+02, 2.630197e+02
1.000000e+02, 2.623981e+02
1.000000e+02, 2.617797e+02
1.000000e+02, 2.611645e+02
1.000000e+02, 2.605526e+02
1.000000e+02, 2.599438e+02
1.000000e+02, 2.593381e+02
1.000000e+02, 2.587356e+02
1.000000e+02, 2.581362e+02
1.000000e+02, 2.575399e+02
1.000000e+02, 2.569467e+02
1.000000e+02, 2.563565e+02
1.000000e+02, 2.557694e+02
1.000000e+02, 2.551854e+02
1.000000e+02, 2.546043e+02
1.000000e+02, 2.540263e+02
1.000000e+02, 2.534512e+02
1.000000e+02, 2.528791e+02
1.000000e+02, 2.523100e+02
1.000000e+02, 2.517438e+02
1.000000e+02, 2.511805e+02
1.000000e+02, 2.506202e+02
1.000000e+02, 2.500627e+02
1.000000e+02, 2.495081e+02
1.000000e+02, 2.489563e+02
1.000000e+02, 2.484075e+02
1.000000e+02, 2.478614e+02
1.000000e+02, 2.473182e+02
1.000000e+02, 2.467778e+02
1.000000e+02, 2.462401e+02
1.000000e+02, 2.457053e+02
1.000000e+02, 2.451732e+02
1.000000e+02, 2.446439e+02
1.000000e+02, 2.441173e+02
1.000000e+02, 2.435934e+02
1.000000e+02, 2.430723e+02
1.000000e+02, 2.425539e+02
1.000000e+02, 2.420381e+02
1.000000e+02, 2.415251e+02
1.000000e+02, 2.410147e+02
1.000000e+02, 2.405069e+02
1.000000e+02, 2.400018e+02
1.000000e+02, 2.394993e+02
1.000000e+02, 2.389995e+02
1.000000e+02, 2.385022e+02
1.000000e+02, 2.380076e+02
1.000000e+02, 2.375155e+02
1.000000e+02, 2.370260e+02
1.000000e+02, 2.365391e+02
1.000000e+02, 2.360547e+02
1.000000e+02, 2.355728e+02
1.000000e+02, 2.350935e+02
1.000000e+02, 2.346167e+02
1.000000e+02, 2.341424e+02
1.000000e+02, 2.336706e+02
1.000000e+02, 2.332013e+02
1.000000e+02, 2.327345e+02
1.000000e+02, 2.322702e+02
1.000000e+02, 2.318083e+02
1.000000e+02, 2.313488e+02
1.000000e+02, 2.308918e+02
1.000000e+02, 2.304373e+02
1.000000e+02, 2.299851e+02
1.000000e+02, 2.295354e+02
1.000000e+02, 2.290880e+02
1.000000e+02, 2.286431e+02
1.000000e+02, 2.282005e+02
1.000000e+02, 2.277603e+02
1.000000e+02, 2.273225e+02
1.000000e+02, 2.268870e+02
1.000000e+02, 2.264539e+02
1.000000e+02, 2.260231e+02
1.000000e+02, 2.255947e+02
1.000000e+02, 2.251685e+02
1.000000e+02, 2.247447e+02
1.000000e+02, 2.243232e+02
1.000000e+02, 2.239040e+02
1.000000e+02, 2.234871e+02
1.000000e+02, 2.230724e+02
1.000000e+02, 2.226600e+02
1.000000e+02, 2.222499e+02
1.000000e+02, 2.218421e+02
1.000000e+02, 2.214365e+02
1.000000e+02, 2.210331e+02
1.000000e+02, 2.206320e+02
1.000000e+02, 2.202331e+02
1.000000e+02, 2.198364e+02
1.000000e+02, 2.194420e+02
1.000000e+02, 2.190497e+02
1.000000e+02, 2.186597e+02
1.000000e+02, 2.182718e+02
1.000000e+02, 2.178861e+02
1.000000e+02, 2.175026e+02
1.000000e+02, 2.171213e+02
1.000000e+02, 2.167421e+02
1.000000e+02, 2.163651e+02
1.000000e+02, 2.159902e+02
1.000000e+02, 2.156175e+02
1.000000e+02, 2.152469e+02
1.000000e+02, 2.148784e+02
1.000000e+02, 2.145121e+02
1.000000e+02, 2.141479e+02
1.000000e+02, 2.137858e+02
1.000000e+02, 2.134258e+02
1.000000e+02, 2.130679e+02
1.000000e+02, 2.127121e+02
1.000000e+02, 2.123583e+02
1.000000e+02, 2.120067e+02
1.000000e+02, 2.116571e+02
1.000000e+02, 2.113096e+02
1.000000e+02, 2.109642e+02
1.000000e+02, 2.106208e+02
1.000000e+02, 2.102795e+02
1.000000e+02, 2.099402e+02
1.000000e+02, 2.096029e+02
1.000000e+02, 2.092677e+02
1.000000e+02, 2.089345e+02
1.000000e+02, 2.086034e+02
1.000000e+02, 2.082742e+02
1.000000e+02, 2.079471e+02
1.000000e+02, 2.076220e+02
1.000000e+02, 2.072988e+02
1.000000e+02, 2.069777e+02
1.000000e+02, 2.066586e+02
1.000000e+02, 2.063414e+02
1.000000e+02, 2.060263e+02
1.000000e+02, 2.057131e+02
1.000000e+02, 2.054019e+02
1.000000e+02, 2.050926e+02
1.000000e+02, 2.047853e+02
1.000000e+02, 2.044800e+02
1.000000e+02, 2.041766e+02
1.000000e+02, 2.038751e+02
1.000000e+02, 2.035757e+02
1.000000e+02, 2.032781e+02
1.000000e+02, 2.029825e+02
1.000000e+02, 2.026888e+02
1.000000e+02, 2.023970e+02
1.000000e+02, 2.021072e+02
1.000000e+02, 2.018192e+02
1.000000e+02, 2.015332e+02
1.000000e+02, 2.012491e+02
1.000000e+02, 2.009669e+02
1.000000e+02, 2.006866e+02
1.000000e+02, 2.004081e+02
1.000000e+02, 2.001316e+02
1.000000e+02, 1.998569e+02
1.000000e+02, 1.995842e+02
1.000000e+02, 1.993133e+02
1.000000e+02, 1.990443e+02
1.000000e+02, 1.987771e+02
1.000000e+02, 1.985119e+02
1.000000e+02, 1.982484e+02
1.000000e+02, 1.979869e+02
1.000000e+02, 1.977272e+02
1.000000e+02, 1.974693e+02
1.000000e+02, 1.972133e+02
1.000000e+02, 1.969591e+02
1.000000e+02, 1.967068e+02
1.000000e+02, 1.964563e+02
1.000000e+02, 1.962076e+02
1.000000e+02, 1.959608e+02
1.000000e+02, 1.957158e+02
1.000000e+02, 1.954726e+02
1.000000e+02, 1.952313e+02
1.000000e+02, 1.949917e+02
1.000000e+02, 1.947540e+02
1.000000e+02, 1.945180e+02
1.000000e+02, 1.942839e+02
1.000000e+02, 1.940516e+02
1.000000e+02, 1.938210e+02
1.000000e+02, 1.935923e+02
1.000000e+02, 1.933653e+02
1.000000e+02, 1.931402e+02
1.000000e+02, 1.929168e+02
1.000000e+02, 1.926952e+02
1.000000e+02, 1.924754e+02
1.000000e+02, 1.922574e+02
1.000000e+02, 1.920411e+02
1.000000e+02, 1.918266e+02
1.000000e+02, 1.916139e+02
1.000000e+02, 1.914029e+02
1.000000e+02, 1.911937e+02
1.000000e+02, 1.909863e+02
1.000000e+02, 1.907806e+02
1.000000e+02, 1.905767e+02
1.000000e+02, 1.903745e+02
1.000000e+02, 1.901741e+02
1.000000e+02, 1.899754e+02
1.000000e+02, 1.897784e+02
1.000000e+02, 1.895832e+02
1.000000e+02, 1.893897e+02
1.000000e+02, 1.891980e+02
1.000000e+02, 1.890080e+02
1.000000e+02, 1.888197e+02
1.000000e+02, 1.886332e+02
1.000000e+02, 1.884483e+02
1.000000e+02, 1.882652e+02
1.000000e+02, 1.880838e+02
1.000000e+02, 1.879042e+02
1.000000e+02, 1.877262e+02
1.000000e+02, 1.875500e+02
1.000000e+02, 1.873754e+02
1.000000e+02, 1.872026e+02
1.000000e+02, 1.870315e+02
1.000000e+02, 1.868621e+02
1.000000e+02, 1.866944e+02
1.000000e+02, 1.865284e+02
1.000000e+02, 1.863640e+02
1.000000e+02, 1.862014e+02
1.000000e+02, 1.860405e+02
1.000000e+02, 1.858812e+02
1.000000e+02, 1.857237e+02
1.000000e+02, 1.855678e+02
1.000000e+02, 1.854136e+02
1.000000e+02, 1.852611e+02
1.000000e+02, 1.851103e+02
1.000000e+02, 1.849612e+02
1.000000e+02, 1.848137e+02
1.000000e+02, 1.846679e+02
1.000000e+02, 1.845238e+02
1.000000e+02, 1.843813e+02
1.000000e+02, 1.842406e+02
1.000000e+02, 1.841015e+02
1.000000e+02, 1.839640e+02
1.000000e+02, 1.838282e+02
1.000000e+02, 1.836941e+02
1.000000e+02, 1.835617e+02
1.000000e+02, 1.834309e+02
1.000000e+02, 1.833017e+02
1.000000e+02, 1.831742e+02
1.000000e+02, 1.830484e+02
1.000000e+02, 1.829242e+02
1.000000e+02, 1.828017e+02
1.000000e+02, 1.826808e+02
1.000000e+02, 1.825616e+02
1.000000e+02, 1.824440e+02
1.000000e+02, 1.823280e+02
1.000000e+02, 1.822137e+02
1.000000e+02, 1.821011e+02
1.000000e+02, 1.819901e+02
1.000000e+02, 1.818807e+02
1.000000e+02, 1.817729e+02
1.000000e+02, 1.816668e+02
1.000000e+02, 1.815624e+02
1.000000e+02, 1.814595e+02
1.000000e+02, 1.813583e+02
1.000000e+02, 1.812588e+02
1.000000e+02, 1.811608e+02
1.000000e+02, 1.810645e+02
1.000000e+02, 1.809698e+02
1.000000e+02, 1.808768e+02
1.000000e+02, 1.807854e+02
1.000000e+02, 1.806956e+02
1.000000e+02, 1.806074e+02
1.000000e+02, 1.805208e+02
1.000000e+02, 1.804359e+02
1.000000e+02, 1.803526e+02
1.000000e+02, 1.802709e+02
1.000000e+02, 1.801908e+02
1.000000e+02, 1.801123e+02
1.000000e+02, 1.800355e+02
1.000000e+02, 1.799602e+02
1.000000e+02, 1.798866e+02
1.000000e+02, 1.798146e+02
1.000000e+02, 1.797442e+02
1.000000e+02, 1.796754e+02
1.000000e+02, 1.796083e+02
1.000000e+02, 1.795427e+02
1.000000e+02, 1.794788e+02
1.000000e+02, 1.794164e+02
1.000000e+02, 1.793557e+02
1.000000e+02, 1.792966e+02
1.000000e+02, 1.792390e+02
1.000000e+02, 1.791831e+02
1.000000e+02, 1.791288e+02
1.000000e+02, 1.790761e+02
1.000000e+02, 1.790250e+02
1.000000e+02, 1.789755e+02
1.000000e+02, 1.789276e+02
1.000000e+02, 1.788813e+02
1.000000e+02, 1.788366e+02
1.000000e+02, 1.787935e+02
1.000000e+02, 1.787521e+02
1.000000e+02, 1.787122e+02
1.000000e+02, 1.786739e+02
1.000000e+02, 1.786372e+02
1.000000e+02, 1.786021e+02
1.000000e+02, 1.785686e+02
1.000000e+02, 1.785367e+02
1.000000e+02, 1.785064e+02
1.000000e+02, 1.784777e+02
1.000000e+02, 1.784506e+02
1.000000e+02, 1.784251e+02
1.000000e+02, 1.784011e+02
1.000000e+02, 1.783788e+02
1.000000e+02, 1.783581e+02
1.000000e+02, 1.783390e+02
1.000000e+02, 1.783214e+02
1.000000e+02, 1.783055e+02
1.000000e+02, 1.782912e+02
1.000000e+02, 1.782784e+02
1.000000e+02, 1.782672e+02
1.000000e+02, 1.782577e+02
1.000000e+02, 1.782497e+02
1.000000e+02, 1.782433e+02
1.000000e+02, 1.782386e+02
1.000000e+02, 1.782354e+02
1.000000e+02, 1.782338e+02
1.000000e+02, 1.782338e+02
1.000000e+02, 1.782354e+02
1.000000e+02, 1.782386e+02
1.000000e+02, 1.782433e+02
1.000000e+02, 1.782497e+02
1.000000e+02, 1.782577e+02
1.000000e+02, 1.782672e+02
1.000000e+02, 1.782784e+02
1.000000e+02, 1.782912e+02
1.000000e+02, 1.783055e+02
1.000000e+02, 1.783214e+02
1.000000e+02, 1.783390e+02
1.000000e+02, 1.783581e+02
1.000000e+02, 1.783788e+02
1.000000e+02, 1.784011e+02
1.000000e+02, 1.784251e+02
1.000000e+02, 1.784506e+02
1.000000e+02, 1.784777e+02
1.000000e+02, 1.785064e+02
1.000000e+02, 1.785367e+02
1.000000e+02, 1.785686e+02
1.000000e+02, 1.786021e+02
1.000000e+02, 1.786372e+02
1.000000e+02, 1.786739e+02
1.000000e+02, 1.787122e+02
1.000000e+02, 1.787521e+02
1.000000e+02, 1.787935e+02
1.000000e+02, 1.788366e+02
1.000000e+02, 1.788813e+02
1.000000e+02, 1.789276e+02
1.000000e+02, 1.789755e+02
1.000000e+02, 1.790250e+02
1.000000e+02, 1.790761e+02
1.000000e+02, 1.791288e+02
1.000000e+02, 1.791831e+02
1.000000e+02, 1.792390e+02
1.000000e+02, 1.792966e+02
1.000000e+02, 1.793557e+02
1.000000e+02, 1.794164e+02
1.000000e+02, 1.794788e+02
1.000000e+02, 1.795427e+02
1.000000e+02, 1.796083e+02
1.000000e+02, 1.796754e+02
1.000000e+02, 1.797442e+02
1.000000e+02, 1.798146e+02
1.000000e+02, 1.798866e+02
1.000000e+02, 1.799602e+02
1.000000e+02, 1.800355e+02
1.000000e+02, 1.801123e+02
1.000000e+02, 1.801908e+02
1.000000e+02, 1.802709e+02
1.000000e+02, 1.803526e+02
1.000000e+02, 1.804359e+02
1.000000e+02, 1.805208e+02
1.000000e+02, 1.806074e+02
1.000000e+02, 1.806956e+02
1.000000e+02, 1.807854e+02
1.000000e+02, 1.808768e+02
1.000000e+02, 1.809698e+02
1.000000e+02, 1.810645e+02
1.000000e+02, 1.811608e+02
1.000000e+02, 1.812588e+02
1.000000e+02, 1.813583e+02
1.000000e+02, 1.814595e+02
1.000000e+02, 1.815624e+02
1.000000e+02, 1.816668e+02
1.000000e+02, 1.817729e+02
1.000000e+02, 1.818807e+02
1.000000e+02, 1.819901e+02
1.000000e+02, 1.821011e+02
1.000000e+02, 1.822137e+02
1.000000e+02, 1.823280e+02
1.000000e+02, 1.824440e+02
1.000000e+02, 1.825616e+02
1.000000e+02, 1.826808e+02
1.000000e+02, 1.828017e+02
1.000000e+02, 1.829242e+02
1.000000e+02, 1.830484e+02
1.000000e+02, 1.831742e+02
1.000000e+02, 1.833017e+02
1.000000e+02, 1.834309e+02
1.000000e+02, 1.835617e+02
1.000000e+02, 1.836941e+02
1.000000e+02, 1.838282e+02
1.000000e+02, 1.839640e+02
1.000000e+02, 1.841015e+02
1.000000e+02, 1.842406e+02
1.000000e+02, 1.843813e+02
1.000000e+02, 1.845238e+02
1.000000e+02, 1.846679e+02
1.000000e+02, 1.848137e+02
1.000000e+02, 1.849612e+02
1.000000e+02, 1.851103e+02
1.000000e+02, 1.852611e+02
1.000000e+02, 1.854136e+02
1.000000e+02, 1.855678e+02
1.000000e+02, 1.857237e+02
1.000000e+02, 1.858812e+02
1.000000e+02, 1.860405e+02
1.000000e+02, 1.862014e+02
1.000000e+02, 1.863640e+02
1.000000e+02, 1.865284e+02
1.000000e+02, 1.866944e+02
1.000000e+02, 1.868621e+02
1.000000e+02, 1.870315e+02
1.000000e+02, 1.872026e+02
1.000000e+02, 1.873754e+02
1.000000e+02, 1.875500e+02
1.000000e+02, 1.877262e+02
1.000000e+02, 1.879042e+02
1.000000e+02, 1.880838e+02
1.000000e+02, 1.882652e+02
1.000000e+02, 1.884483e+02
1.000000e+02, 1.886332e+02
1.000000e+02, 1.888197e+02
1.000000e+02, 1.890080e+02
1.000000e+02, 1.891980e+02
1.000000e+02, 1.893897e+02
1.000000e+02, 1.895832e+02
1.000000e+02, 1.897784e+02
1.000000e+02, 1.899754e+02
1.000000e+02, 1.901741e+02
1.000000e+02, 1.903745e+02
1.000000e+02, 1.905767e+02
1.000000e+02, 1.907806e+02
1.000000e+02, 1.909863e+02
1.000000e+02, 1.911937e+02
1.000000e+02, 1.914029e+02
1.000000e+02, 1.916139e+02
1.000000e+02, 1.918266e+02
1.000000e+02, 1.920411e+02
1.000000e+02, 1.922574e+02
1.000000e+02, 1.924754e+02
1.000000e+02, 1.926952e+02
1.000000e+02, 1.929168e+02
1.000000e+02, 1.931402e+02
1.000000e+02, 1.933653e+02
1.000000e+02, 1.935923e+02
1.000000e+02, 1.938210e+02
1.000000e+02, 1.940516e+02
1.000000e+02, 1.942839e+02
1.000000e+02, 1.945180e+02
1.000000e+02, 1.947540e+02
1.000000e+02, 1.949917e+02
1.000000e+02, 1.952313e+02
1.000000e+02, 1.954726e+02
1.000000e+02, 1.957158e+02
1.000000e+02, 1.959608e+02
1.000000e+02, 1.962077e+02
1.000000e+02, 1.964563e+02
1.000000e+02, 1.967068e+02
1.000000e+02, 1.969591e+02
1.000000e+02, 1.972133e+02
1.000000e+02, 1.974693e+02
1.000000e+02, 1.977272e+02
1.000000e+02, 1.979869e+02
1.000000e+02, 1.982484e+02
1.000000e+02, 1.985119e+02
1.000000e+02, 1.987771e+02
1.000000e+02, 1.990443e+02
1.000000e+02, 1.993133e+02
1.000000e+02, 1.995842e+02
1.000000e+02, 1.998569e+02
1.000000e+02, 2.001316e+02
1.000000e+02, 2.004081e+02
1.000000e+02, 2.006866e+02
1.000000e+02, 2.009669e+02
1.000000e+02, 2.012491e+02
1.000000e+02, 2.015332e+02
1.000000e+02, 2.018192e+02
1.000000e+02, 2.021072e+02
1.000000e+02, 2.023970e+02
1.000000e+02, 2.026888e+02
1.000000e+02, 2.029825e+02
1.000000e+02, 2.032781e+02
1.000000e+02, 2.035757e+02
1.000000e+02, 2.038752e+02
1.000000e+02, 2.041766e+02
1.000000e+02, 2.044800e+02
1.000000e+02, 2.047853e+02
1.000000e+02, 2.050926e+02
1.000000e+02, 2.054019e+02
1.000000e+02, 2.057131e+02
1.000000e+02, 2.060263e+02
1.000000e+02, 2.063414e+02
1.000000e+02, 2.066586e+02
1.000000e+02, 2.069777e+02
1.000000e+02, 2.072988e+02
1.000000e+02, 2.076220e+02
1.000000e+02, 2.079471e+02
1.000000e+02, 2.082742e+02
1.000000e+02, 2.086034e+02
1.000000e+02, 2.089345e+02
1.000000e+02, 2.092677e+02
1.000000e+02, 2.096029e+02
1.000000e+02, 2.099402e+02
1.000000e+02, 2.102795e+02
1.000000e+02, 2.106208e+02
1.000000e+02, 2.109642e+02
1.000000e+02, 2.113096e+02
1.000000e+02, 2.116571e+02
1.000000e+02, 2.120067e+02
1.000000e+02, 2.123583e+02
1.000000e+02, 2.127121e+02
1.000000e+02, 2.130679e+02
1.000000e+02, 2.134258e+02
1.000000e+02, 2.137858e+02
1.000000e+02, 2.141479e+02
1.000000e+02, 2.145121e+02
1.000000e+02, 2.148784e+02
1.000000e+02, 2.152469e+02
1.000000e+02, 2.156175e+02
1.000000e+02, 2.159902e+02
1.000000e+02, 2.163651e+02
1.000000e+02, 2.167421e+02
1.000000e+02, 2.171213e+02
1.000000e+02, 2.175026e+02
1.000000e+02, 2.178861e+02
1.000000e+02, 2.182718e+02
1.000000e+02, 2.186597e+02
1.000000e+02, 2.190497e+02
1.000000e+02, 2.194420e+02
1.000000e+02, 2.198364e+02
1.000000e+02, 2.202331e+02
1.000000e+02, 2.206320e+02
1.000000e+02, 2.210331e+02
1.000000e+02, 2.214365e+02
1.000000e+02, 2.218421e+02
1.000000e+02, 2.222499e+02
1.000000e+02, 2.226600e+02
1.000000e+02, 2.230724e+02
1.000000e+02, 2.234871e+02
1.000000e+02, 2.239040e+02
1.000000e+02, 2.243232e+02
1.000000e+02, 2.247447e+02
1.000000e+02, 2.251685e+02
1.000000e+02, 2.255947e+02
1.000000e+02, 2.260231e+02
1.000000e+02, 2.264539e+02
1.000000e+02, 2.268870e+02
1.000000e+02, 2.273225e+02
1.000000e+02, 2.277603e+02
1.000000e+02, 2.282005e+02
1.000000e+02, 2.286431e+02
1.000000e+02, 2.290880e+02
1.000000e+02, 2.295354e+02
1.000000e+02, 2.299851e+02
1.000000e+02, 2.304373e+02
1.000000e+02, 2.308918e+02
1.000000e+02, 2.313488e+02
1.000000e+02, 2.318083e+02
1.000000e+02, 2.322702e+02
1.000000e+02, 2.327345e+02
1.000000e+02, 2.332014e+02
1.000000e+02, 2.336706e+02
1.000000e+02, 2.341424e+02
1.000000e+02, 2.346167e+02
1.000000e+02, 2.350935e+02
1.000000e+02, 2.355728e+02
1.000000e+02, 2.360547e+02
1.000000e+02, 2.365391e+02
1.000000e+02, 2.370260e+02
1.000000e+02, 2.375155e+02
1.000000e+02, 2.380076e+02
1.000000e+02, 2.385022e+02
1.000000e+02, 2.389995e+02
1.000000e+02, 2.394993e+02
1.000000e+02, 2.400018e+02
1.000000e+02, 2.405069e+02
1.000000e+02, 2.410147e+02
1.000000e+02, 2.415251e+02
1.000000e+02, 2.420381e+02
1.000000e+02, 2.425539e+02
1.000000e+02, 2.430723e+02
1.000000e+02, 2.435934e+02
1.000000e+02, 2.441173e+02
1.000000e+02, 2.446439e+02
1.000000e+02, 2.451732e+02
1.000000e+02, 2.457053e+02
1.000000e+02, 2.462401e+02
1.000000e+02, 2.467778e+02
1.000000e+02, 2.473182e+02
1.000000e+02, 2.478614e+02
1.000000e+02, 2.484075e+02
1.000000e+02, 2.489563e+02
1.000000e+02, 2.495081e+02
1.000000e+02, 2.500627e+02
1.000000e+02, 2.506202e+02
1.000000e+02, 2.511805e+02
1.000000e+02, 2.517438e+02
1.000000e+02, 2.523100e+02
1.000000e+02, 2.528791e+02
1.000000e+02, 2.534512e+02
1.000000e+02, 2.540263e+02
1.000000e+02, 2.546043e+02
1.000000e+02, 2.551854e+02
1.000000e+02, 2.557694e+02
1.000000e+02, 2.563565e+02
1.000000e+02, 2.569467e+02
1.000000e+02, 2.575399e+02
1.000000e+02, 2.581362e+02
1.000000e+02, 2.587356e+02
1.000000e+02, 2.593381e+02
1.000000e+02, 2.599438e+02
1.000000e+02, 2.605526e+02
1.000000e+02, 2.611645e+02
1.000000e+02, 2.617797e+02
1.000000e+02, 2.623981e+02
1.000000e+02, 2.630197e+02
1.000000e+02, 2.636445e+02
1.000000e+02, 2.642726e+02
1.000000e+02, 2.649040e+02
1.000000e+02, 2.655387e+02
1.000000e+02, 2.661768e+02
1.000000e+02, 2.668181e+02
1.000000e+02, 2.674629e+02
1.000000e+02, 2.681110e+02
1.000000e+02, 2.687625e+02
1.000000e+02, 2.694175e+02
1.000000e+02, 2.700759e+02
1.000000e+02, 2.707378e+02
1.000000e+02, 2.714032e+02
1.000000e+02, 2.720721e+02
1.000000e+02, 2.727445e+02
1.000000e+02, 2.734205e+02
1.000000e+02, 2.741001e+02
1.000000e+02, 2.747833e+02
1.000000e+02, 2.754701e+02
1.000000e+02, 2.761607e+02
1.000000e+02, 2.768548e+02
1.000000e+02, 2.775527e+02
1.000000e+02, 2.782544e+02
1.000000e+02, 2.789598e+02
1.000000e+02, 2.796690e+02
1.000000e+02, 2.803820e+02
1.000000e+02, 2.810988e+02
1.000000e+02, 2.818196e+02
1.000000e+02, 2.825442e+02
1.000000e+02, 2.832727e+02
1.000000e+02, 2.840052e+02
1.000000e+02, 2.847417e+02
1.000000e+02, 2.854823e+02
1.000000e+02, 2.862268e+02
1.000000e+02, 2.869755e+02
1.000000e+02, 2.877282e+02
1.000000e+02, 2.884851e+02
1.000000e+02, 2.892462e+02
1.000000e+02, 2.900114e+02
1.000000e+02, 2.907810e+02
1.000000e+02, 2.915547e+02
1.000000e+02, 2.923328e+02
1.000000e+02, 2.931153e+02
1.000000e+02, 2.939021e+02
1.000000e+02, 2.946933e+02
1.000000e+02, 2.954890e+02
1.000000e+02, 2.962892e+02
1.000000e+02, 2.970939e+02
1.000000e+02, 2.979032e+02
1.000000e+02, 2.987171e+02
1.000000e+02, 2.995356e+02
1.000000e+02, 3.003588e+02
1.000000e+02, 3.011867e+02
1.000000e+02, 3.020195e+02
1.000000e+02, 3.028570e+02
1.000000e+02, 3.036994e+02
1.000000e+02, 3.045467e+02
1.000000e+02, 3.053989e+02
1.000000e+02, 3.062561e+02
1.000000e+02, 3.071184e+02
1.000000e+02, 3.079858e+02
1.000000e+02, 3.088583e+02
1.000000e+02, 3.097360e+02
1.000000e+02, 3.106189e+02
1.000000e+02, 3.115071e+02
1.000000e+02, 3.124007e+02
1.000000e+02, 3.132996e+02
1.000000e+02, 3.142040e+02
1.000000e+02, 3.151140e+02
1.000000e+02, 3.160294e+02
1.000000e+02, 3.169506e+02
1.000000e+02, 3.178773e+02
1.000000e+02, 3.188099e+02
1.000000e+02, 3.197482e+02
1.000000e+02, 3.206924e+02
1.000000e+02, 3.216425e+02
1.000000e+02, 3.225987e+02
1.000000e+02, 3.235609e+02
1.000000e+02, 3.245292e+02
1.000000e+02, 3.255037e+02
1.000000e+02, 3.264845e+02
1.000000e+02, 3.274717e+02
1.000000e+02, 3.284653e+02
1.000000e+02, 3.294654e+02
1.000000e+02, 3.304720e+02
1.000000e+02, 3.314853e+02
1.000000e+02, 3.325054e+02
1.000000e+02, 3.335323e+02
1.000000e+02, 3.345661e+02
1.000000e+02, 3.356068e+02
1.000000e+02, 3.366547e+02
1.000000e+02, 3.377098e+02
1.000000e+02, 3.387721e+02
1.000000e+02, 3.398418e+02
1.000000e+02, 3.409189e+02
1.000000e+02, 3.420037e+02
1.000000e+02, 3.430961e+02
1.000000e+02, 3.441962e+02
1.000000e+02, 3.453043e+02
1.000000e+02, 3.464204e+02
1.000000e+02, 3.475446e+02
1.000000e+02, 3.486770e+02
1.000000e+02, 3.498178e+02
1.000000e+02, 3.509671e+02
1.000000e+02, 3.521249e+02
1.000000e+02, 3.532916e+02
1.000000e+02, 3.544671e+02
1.000000e+02, 3.556516e+02
1.000000e+02, 3.568453e+02
1.000000e+02, 3.580483e+02
1.000000e+02, 3.592607e+02
1.000000e+02, 4.828122e-01
1.000000e+02, 1.714673e+00
1.000000e+02, 2.956481e+00
1.000000e+02, 4.208410e+00
1.000000e+02, 5.470636e+00
1.000000e+02, 6.743343e+00
1.000000e+02, 8.026719e+00
1.000000e+02, 9.320960e+00
1.000000e+02, 1.062627e+01
1.000000e+02, 1.194285e+01
1.000000e+02, 1.327092e+01
1.000000e+02, 1.461071e+01
1.000000e+02, 1.596244e+01
1.000000e+02, 1.732635e+01
1.000000e+02, 1.870270e+01
1.000000e+02, 2.009173e+01
1.000000e+02, 2.149372e+01
1.000000e+02, 2.290894e+01
1.000000e+02, 2.433768e+01
1.000000e+02, 2.578024e+01
1.000000e+02, 2.723692e+01
1.000000e+02, 2.870806e+01
1.000000e+02, 3.019398e+01
1.000000e+02, 3.169505e+01
1.000000e+02, 3.321161e+01
1.000000e+02, 3.474407e+01
1.000000e+02, 3.629280e+01
1.000000e+02, 3.785823e+01
1.000000e+02, 3.944080e+01
1.000000e+02, 4.104096e+01
1.000000e+02, 4.265918e+01
1.000000e+02, 4.429596e+01
1.000000e+02, 4.595183e+01
1.000000e+02, 4.762735e+01
1.000000e+02, 4.932308e+01
1.000000e+02, 5.103964e+01
1.000000e+02, 5.277767e+01
1.000000e+02, 5.453785e+01
1.000000e+02, 5.632089e+01
1.000000e+02, 5.812755e+01
1.000000e+02, 5.995863e+01
1.000000e+02, 6.181498e+01
1.000000e+02, 6.369751e+01
1.000000e+02, 6.560716e+01
1.000000e+02, 6.754496e+01
1.000000e+02, 6.951201e+01
1.000000e+02, 7.150945e+01
1.000000e+02, 7.353855e+01
1.000000e+02, 7.560063e+01
1.000000e+02, 7.769714e+01
1.000000e+02, 7.982961e+01
1.000000e+02, 8.199972e+01
1.000000e+02, 8.420927e+01
1.000000e+02, 8.646024e+01
1.000000e+02, 8.875474e+01
1.000000e+02, 9.109512e+01
1.000000e+02, 9.348391e+01
1.000000e+02, 9.592393e+01
1.000000e+02, 9.841826e+01
1.000000e+02, 1.009703e+02
1.000000e+02, 1.035839e+02
1.000000e+02, 1.062633e+02
1.000000e+02, 1.090133e+02
1.000000e+02, 1.118392e+02
1.000000e+02, 1.147473e+02
1.000000e+02, 1.177444e+02
1.000000e+02, 1.208388e+02
1.000000e+02, 1.240398e+02
1.000000e+02, 1.273586e+02
1.000000e+02, 1.308083e+02
1.000000e+02, 1.344049e+02
1.000000e+02, 1.381678e+02
1.000000e+02, 1.421212e+02
1.000000e+02, 1.462959e+02
1.000000e+02, 1.507323e+02
1.000000e+02, 1.554848e+02
1.000000e+02, 1.606299e+02
1.000000e+02, 1.662822e+02
1.000000e+02, 1.726262e+02
1.000000e+02, 1.800000e+02
##END= 