##TITLE= /opt/topspin3.0/exp/stan/nmr/lists/wave/user/HypSec_trunc2.84_110
##JCAMP-DX= 5.00 Bruker JCAMP library
##DATA TYPE= Shape Data
##ORIGIN= Bruker BioSpin GmbH
##OWNER= <nmrsu>
##DATE= 15/02/24
##TIME= 16:15:04
##MINX= 1.164538e+01
##MAXX= 9.999960e+01
##MINY= 2.546774e-02
##MAXY= 3.585574e+02
##$SHAPE_EXMODE= Adiabatic
##$SHAPE_TOTROT= 1.800000e+02
##$SHAPE_BWFAC= 1.929340e+02
##$SHAPE_INTEGFAC= 2.356110e-02
##$SHAPE_MODE= 0
##NPOINTS= 500
##XYPOINTS= (XY..XY)
1.000000e+02, 1.800000e+02
1.000000e+02, 1.776745e+02
1.000000e+02, 1.758621e+02
1.000000e+02, 1.743244e+02
1.000000e+02, 1.729659e+02
1.000000e+02, 1.717368e+02
1.000000e+02, 1.706069e+02
1.000000e+02, 1.695562e+02
1.000000e+02, 1.685709e+02
1.000000e+02, 1.676406e+02
1.000000e+02, 1.667576e+02
1.000000e+02, 1.659158e+02
1.000000e+02, 1.651103e+02
1.000000e+02, 1.643372e+02
1.000000e+02, 1.635933e+02
1.000000e+02, 1.628757e+02
1.000000e+02, 1.621821e+02
1.000000e+02, 1.615106e+02
1.000000e+02, 1.608594e+02
1.000000e+02, 1.602270e+02
1.000000e+02, 1.596120e+02
1.000000e+02, 1.590134e+02
1.000000e+02, 1.584300e+02
1.000000e+02, 1.578610e+02
1.000000e+02, 1.573055e+02
1.000000e+02, 1.567627e+02
1.000000e+02, 1.562320e+02
1.000000e+02, 1.557127e+02
1.000000e+02, 1.552043e+02
1.000000e+02, 1.547062e+02
1.000000e+02, 1.542180e+02
1.000000e+02, 1.537392e+02
1.000000e+02, 1.532695e+02
1.000000e+02, 1.528084e+02
1.000000e+02, 1.523556e+02
1.000000e+02, 1.519107e+02
1.000000e+02, 1.514736e+02
1.000000e+02, 1.510438e+02
1.000000e+02, 1.506211e+02
1.000000e+02, 1.502053e+02
1.000000e+02, 1.497962e+02
1.000000e+02, 1.493934e+02
1.000000e+02, 1.489969e+02
1.000000e+02, 1.486064e+02
1.000000e+02, 1.482217e+02
1.000000e+02, 1.478427e+02
1.000000e+02, 1.474692e+02
1.000000e+02, 1.471010e+02
1.000000e+02, 1.467380e+02
1.000000e+02, 1.463801e+02
1.000000e+02, 1.460271e+02
1.000000e+02, 1.456789e+02
1.000000e+02, 1.453353e+02
1.000000e+02, 1.449963e+02
1.000000e+02, 1.446617e+02
1.000000e+02, 1.443315e+02
1.000000e+02, 1.440055e+02
1.000000e+02, 1.436837e+02
1.000000e+02, 1.433659e+02
1.000000e+02, 1.430520e+02
1.000000e+02, 1.427420e+02
1.000000e+02, 1.424359e+02
1.000000e+02, 1.421334e+02
1.000000e+02, 1.418346e+02
1.000000e+02, 1.415393e+02
1.000000e+02, 1.412475e+02
1.000000e+02, 1.409592e+02
1.000000e+02, 1.406742e+02
1.000000e+02, 1.403925e+02
1.000000e+02, 1.401141e+02
1.000000e+02, 1.398388e+02
1.000000e+02, 1.395667e+02
1.000000e+02, 1.392977e+02
1.000000e+02, 1.390316e+02
1.000000e+02, 1.387686e+02
1.000000e+02, 1.385084e+02
1.000000e+02, 1.382512e+02
1.000000e+02, 1.379967e+02
1.000000e+02, 1.377451e+02
1.000000e+02, 1.374962e+02
1.000000e+02, 1.372500e+02
1.000000e+02, 1.370064e+02
1.000000e+02, 1.367655e+02
1.000000e+02, 1.365272e+02
1.000000e+02, 1.362914e+02
1.000000e+02, 1.360581e+02
1.000000e+02, 1.358273e+02
1.000000e+02, 1.355989e+02
1.000000e+02, 1.353730e+02
1.000000e+02, 1.351494e+02
1.000000e+02, 1.349282e+02
1.000000e+02, 1.347093e+02
1.000000e+02, 1.344927e+02
1.000000e+02, 1.342783e+02
1.000000e+02, 1.340662e+02
1.000000e+02, 1.338563e+02
1.000000e+02, 1.336485e+02
1.000000e+02, 1.334429e+02
1.000000e+02, 1.332395e+02
1.000000e+02, 1.330381e+02
1.000000e+02, 1.328388e+02
1.000000e+02, 1.326416e+02
1.000000e+02, 1.324464e+02
1.000000e+02, 1.322532e+02
1.000000e+02, 1.320621e+02
1.000000e+02, 1.318729e+02
1.000000e+02, 1.316856e+02
1.000000e+02, 1.315003e+02
1.000000e+02, 1.313169e+02
1.000000e+02, 1.311353e+02
1.000000e+02, 1.309557e+02
1.000000e+02, 1.307779e+02
1.000000e+02, 1.306019e+02
1.000000e+02, 1.304278e+02
1.000000e+02, 1.302555e+02
1.000000e+02, 1.300849e+02
1.000000e+02, 1.299161e+02
1.000000e+02, 1.297491e+02
1.000000e+02, 1.295838e+02
1.000000e+02, 1.294203e+02
1.000000e+02, 1.292584e+02
1.000000e+02, 1.290983e+02
1.000000e+02, 1.289398e+02
1.000000e+02, 1.287830e+02
1.000000e+02, 1.286279e+02
1.000000e+02, 1.284744e+02
1.000000e+02, 1.283225e+02
1.000000e+02, 1.281722e+02
1.000000e+02, 1.280235e+02
1.000000e+02, 1.278765e+02
1.000000e+02, 1.277310e+02
1.000000e+02, 1.275871e+02
1.000000e+02, 1.274447e+02
1.000000e+02, 1.273039e+02
1.000000e+02, 1.271646e+02
1.000000e+02, 1.270268e+02
1.000000e+02, 1.268905e+02
1.000000e+02, 1.267558e+02
1.000000e+02, 1.266225e+02
1.000000e+02, 1.264907e+02
1.000000e+02, 1.263604e+02
1.000000e+02, 1.262316e+02
1.000000e+02, 1.261042e+02
1.000000e+02, 1.259782e+02
1.000000e+02, 1.258537e+02
1.000000e+02, 1.257306e+02
1.000000e+02, 1.256089e+02
1.000000e+02, 1.254887e+02
1.000000e+02, 1.253698e+02
1.000000e+02, 1.252523e+02
1.000000e+02, 1.251362e+02
1.000000e+02, 1.250215e+02
1.000000e+02, 1.249082e+02
1.000000e+02, 1.247962e+02
1.000000e+02, 1.246856e+02
1.000000e+02, 1.245763e+02
1.000000e+02, 1.244684e+02
1.000000e+02, 1.243617e+02
1.000000e+02, 1.242565e+02
1.000000e+02, 1.241525e+02
1.000000e+02, 1.240498e+02
1.000000e+02, 1.239485e+02
1.000000e+02, 1.238485e+02
1.000000e+02, 1.237497e+02
1.000000e+02, 1.236522e+02
1.000000e+02, 1.235560e+02
1.000000e+02, 1.234611e+02
1.000000e+02, 1.233675e+02
1.000000e+02, 1.232751e+02
1.000000e+02, 1.231840e+02
1.000000e+02, 1.230941e+02
1.000000e+02, 1.230055e+02
1.000000e+02, 1.229182e+02
1.000000e+02, 1.228320e+02
1.000000e+02, 1.227471e+02
1.000000e+02, 1.226635e+02
1.000000e+02, 1.225810e+02
1.000000e+02, 1.224998e+02
1.000000e+02, 1.224198e+02
1.000000e+02, 1.223409e+02
1.000000e+02, 1.222633e+02
1.000000e+02, 1.221869e+02
1.000000e+02, 1.221117e+02
1.000000e+02, 1.220377e+02
1.000000e+02, 1.219649e+02
1.000000e+02, 1.218932e+02
1.000000e+02, 1.218228e+02
1.000000e+02, 1.217535e+02
1.000000e+02, 1.216854e+02
1.000000e+02, 1.216184e+02
1.000000e+02, 1.215526e+02
1.000000e+02, 1.214880e+02
1.000000e+02, 1.214245e+02
1.000000e+02, 1.213622e+02
1.000000e+02, 1.213011e+02
1.000000e+02, 1.212410e+02
1.000000e+02, 1.211822e+02
1.000000e+02, 1.211244e+02
1.000000e+02, 1.210679e+02
1.000000e+02, 1.210124e+02
1.000000e+02, 1.209581e+02
1.000000e+02, 1.209049e+02
1.000000e+02, 1.208528e+02
1.000000e+02, 1.208019e+02
1.000000e+02, 1.207521e+02
1.000000e+02, 1.207034e+02
1.000000e+02, 1.206558e+02
1.000000e+02, 1.206093e+02
1.000000e+02, 1.205640e+02
1.000000e+02, 1.205197e+02
1.000000e+02, 1.204766e+02
1.000000e+02, 1.204346e+02
1.000000e+02, 1.203937e+02
1.000000e+02, 1.203538e+02
1.000000e+02, 1.203151e+02
1.000000e+02, 1.202775e+02
1.000000e+02, 1.202409e+02
1.000000e+02, 1.202055e+02
1.000000e+02, 1.201712e+02
1.000000e+02, 1.201379e+02
1.000000e+02, 1.201057e+02
1.000000e+02, 1.200746e+02
1.000000e+02, 1.200447e+02
1.000000e+02, 1.200157e+02
1.000000e+02, 1.199879e+02
1.000000e+02, 1.199612e+02
1.000000e+02, 1.199355e+02
1.000000e+02, 1.199109e+02
1.000000e+02, 1.198874e+02
1.000000e+02, 1.198650e+02
1.000000e+02, 1.198436e+02
1.000000e+02, 1.198233e+02
1.000000e+02, 1.198041e+02
1.000000e+02, 1.197860e+02
1.000000e+02, 1.197689e+02
1.000000e+02, 1.197529e+02
1.000000e+02, 1.197380e+02
1.000000e+02, 1.197241e+02
1.000000e+02, 1.197113e+02
1.000000e+02, 1.196996e+02
1.000000e+02, 1.196889e+02
1.000000e+02, 1.196794e+02
1.000000e+02, 1.196708e+02
1.000000e+02, 1.196634e+02
1.000000e+02, 1.196570e+02
1.000000e+02, 1.196517e+02
1.000000e+02, 1.196474e+02
1.000000e+02, 1.196442e+02
1.000000e+02, 1.196421e+02
1.000000e+02, 1.196410e+02
1.000000e+02, 1.196410e+02
1.000000e+02, 1.196421e+02
1.000000e+02, 1.196442e+02
1.000000e+02, 1.196474e+02
1.000000e+02, 1.196517e+02
1.000000e+02, 1.196570e+02
1.000000e+02, 1.196634e+02
1.000000e+02, 1.196708e+02
1.000000e+02, 1.196794e+02
1.000000e+02, 1.196889e+02
1.000000e+02, 1.196996e+02
1.000000e+02, 1.197113e+02
1.000000e+02, 1.197241e+02
1.000000e+02, 1.197380e+02
1.000000e+02, 1.197529e+02
1.000000e+02, 1.197689e+02
1.000000e+02, 1.197860e+02
1.000000e+02, 1.198041e+02
1.000000e+02, 1.198233e+02
1.000000e+02, 1.198436e+02
1.000000e+02, 1.198650e+02
1.000000e+02, 1.198874e+02
1.000000e+02, 1.199109e+02
1.000000e+02, 1.199355e+02
1.000000e+02, 1.199612e+02
1.000000e+02, 1.199879e+02
1.000000e+02, 1.200157e+02
1.000000e+02, 1.200447e+02
1.000000e+02, 1.200746e+02
1.000000e+02, 1.201057e+02
1.000000e+02, 1.201379e+02
1.000000e+02, 1.201712e+02
1.000000e+02, 1.202055e+02
1.000000e+02, 1.202409e+02
1.000000e+02, 1.202775e+02
1.000000e+02, 1.203151e+02
1.000000e+02, 1.203538e+02
1.000000e+02, 1.203937e+02
1.000000e+02, 1.204346e+02
1.000000e+02, 1.204766e+02
1.000000e+02, 1.205197e+02
1.000000e+02, 1.205640e+02
1.000000e+02, 1.206093e+02
1.000000e+02, 1.206558e+02
1.000000e+02, 1.207034e+02
1.000000e+02, 1.207521e+02
1.000000e+02, 1.208019e+02
1.000000e+02, 1.208528e+02
1.000000e+02, 1.209049e+02
1.000000e+02, 1.209581e+02
1.000000e+02, 1.210124e+02
1.000000e+02, 1.210679e+02
1.000000e+02, 1.211244e+02
1.000000e+02, 1.211822e+02
1.000000e+02, 1.212410e+02
1.000000e+02, 1.213011e+02
1.000000e+02, 1.213622e+02
1.000000e+02, 1.214245e+02
1.000000e+02, 1.214880e+02
1.000000e+02, 1.215526e+02
1.000000e+02, 1.216184e+02
1.000000e+02, 1.216854e+02
1.000000e+02, 1.217535e+02
1.000000e+02, 1.218228e+02
1.000000e+02, 1.218932e+02
1.000000e+02, 1.219649e+02
1.000000e+02, 1.220377e+02
1.000000e+02, 1.221117e+02
1.000000e+02, 1.221869e+02
1.000000e+02, 1.222633e+02
1.000000e+02, 1.223409e+02
1.000000e+02, 1.224198e+02
1.000000e+02, 1.224998e+02
1.000000e+02, 1.225810e+02
1.000000e+02, 1.226635e+02
1.000000e+02, 1.227471e+02
1.000000e+02, 1.228320e+02
1.000000e+02, 1.229182e+02
1.000000e+02, 1.230055e+02
1.000000e+02, 1.230942e+02
1.000000e+02, 1.231840e+02
1.000000e+02, 1.232751e+02
1.000000e+02, 1.233675e+02
1.000000e+02, 1.234611e+02
1.000000e+02, 1.235560e+02
1.000000e+02, 1.236522e+02
1.000000e+02, 1.237497e+02
1.000000e+02, 1.238485e+02
1.000000e+02, 1.239485e+02
1.000000e+02, 1.240498e+02
1.000000e+02, 1.241525e+02
1.000000e+02, 1.242565e+02
1.000000e+02, 1.243617e+02
1.000000e+02, 1.244684e+02
1.000000e+02, 1.245763e+02
1.000000e+02, 1.246856e+02
1.000000e+02, 1.247962e+02
1.000000e+02, 1.249082e+02
1.000000e+02, 1.250215e+02
1.000000e+02, 1.251362e+02
1.000000e+02, 1.252523e+02
1.000000e+02, 1.253698e+02
1.000000e+02, 1.254887e+02
1.000000e+02, 1.256089e+02
1.000000e+02, 1.257306e+02
1.000000e+02, 1.258537e+02
1.000000e+02, 1.259782e+02
1.000000e+02, 1.261042e+02
1.000000e+02, 1.262316e+02
1.000000e+02, 1.263604e+02
1.000000e+02, 1.264907e+02
1.000000e+02, 1.266225e+02
1.000000e+02, 1.267558e+02
1.000000e+02, 1.268905e+02
1.000000e+02, 1.270268e+02
1.000000e+02, 1.271646e+02
1.000000e+02, 1.273039e+02
1.000000e+02, 1.274447e+02
1.000000e+02, 1.275871e+02
1.000000e+02, 1.277310e+02
1.000000e+02, 1.278765e+02
1.000000e+02, 1.280235e+02
1.000000e+02, 1.281722e+02
1.000000e+02, 1.283225e+02
1.000000e+02, 1.284744e+02
1.000000e+02, 1.286279e+02
1.000000e+02, 1.287830e+02
1.000000e+02, 1.289398e+02
1.000000e+02, 1.290983e+02
1.000000e+02, 1.292584e+02
1.000000e+02, 1.294203e+02
1.000000e+02, 1.295838e+02
1.000000e+02, 1.297491e+02
1.000000e+02, 1.299161e+02
1.000000e+02, 1.300849e+02
1.000000e+02, 1.302555e+02
1.000000e+02, 1.304278e+02
1.000000e+02, 1.306019e+02
1.000000e+02, 1.307779e+02
1.000000e+02, 1.309557e+02
1.000000e+02, 1.311353e+02
1.000000e+02, 1.313169e+02
1.000000e+02, 1.315003e+02
1.000000e+02, 1.316856e+02
1.000000e+02, 1.318729e+02
1.000000e+02, 1.320621e+02
1.000000e+02, 1.322532e+02
1.000000e+02, 1.324464e+02
1.000000e+02, 1.326416e+02
1.000000e+02, 1.328388e+02
1.000000e+02, 1.330381e+02
1.000000e+02, 1.332395e+02
1.000000e+02, 1.334429e+02
1.000000e+02, 1.336485e+02
1.000000e+02, 1.338563e+02
1.000000e+02, 1.340662e+02
1.000000e+02, 1.342783e+02
1.000000e+02, 1.344927e+02
1.000000e+02, 1.347093e+02
1.000000e+02, 1.349282e+02
1.000000e+02, 1.351494e+02
1.000000e+02, 1.353730e+02
1.000000e+02, 1.355989e+02
1.000000e+02, 1.358273e+02
1.000000e+02, 1.360581e+02
1.000000e+02, 1.362914e+02
1.000000e+02, 1.365272e+02
1.000000e+02, 1.367655e+02
1.000000e+02, 1.370064e+02
1.000000e+02, 1.372500e+02
1.000000e+02, 1.374962e+02
1.000000e+02, 1.377451e+02
1.000000e+02, 1.379967e+02
1.000000e+02, 1.382512e+02
1.000000e+02, 1.385084e+02
1.000000e+02, 1.387686e+02
1.000000e+02, 1.390316e+02
1.000000e+02, 1.392977e+02
1.000000e+02, 1.395667e+02
1.000000e+02, 1.398388e+02
1.000000e+02, 1.401141e+02
1.000000e+02, 1.403925e+02
1.000000e+02, 1.406742e+02
1.000000e+02, 1.409592e+02
1.000000e+02, 1.412475e+02
1.000000e+02, 1.415393e+02
1.000000e+02, 1.418346e+02
1.000000e+02, 1.421334e+02
1.000000e+02, 1.424359e+02
1.000000e+02, 1.427420e+02
1.000000e+02, 1.430520e+02
1.000000e+02, 1.433659e+02
1.000000e+02, 1.436837e+02
1.000000e+02, 1.440055e+02
1.000000e+02, 1.443315e+02
1.000000e+02, 1.446617e+02
1.000000e+02, 1.449963e+02
1.000000e+02, 1.453353e+02
1.000000e+02, 1.456789e+02
1.000000e+02, 1.460271e+02
1.000000e+02, 1.463801e+02
1.000000e+02, 1.467380e+02
1.000000e+02, 1.471010e+02
1.000000e+02, 1.474692e+02
1.000000e+02, 1.478427e+02
1.000000e+02, 1.482217e+02
1.000000e+02, 1.486064e+02
1.000000e+02, 1.489969e+02
1.000000e+02, 1.493934e+02
1.000000e+02, 1.497962e+02
1.000000e+02, 1.502053e+02
1.000000e+02, 1.506211e+02
1.000000e+02, 1.510438e+02
1.000000e+02, 1.514736e+02
1.000000e+02, 1.519107e+02
1.000000e+02, 1.523556e+02
1.000000e+02, 1.528084e+02
1.000000e+02, 1.532695e+02
1.000000e+02, 1.537392e+02
1.000000e+02, 1.542180e+02
1.000000e+02, 1.547062e+02
1.000000e+02, 1.552043e+02
1.000000e+02, 1.557127e+02
1.000000e+02, 1.562320e+02
1.000000e+02, 1.567627e+02
1.000000e+02, 1.573055e+02
1.000000e+02, 1.578610e+02
1.000000e+02, 1.584300e+02
1.000000e+02, 1.590134e+02
1.000000e+02, 1.596120e+02
1.000000e+02, 1.602270e+02
1.000000e+02, 1.608594e+02
1.000000e+02, 1.615106e+02
1.000000e+02, 1.621821e+02
1.000000e+02, 1.628757e+02
1.000000e+02, 1.635933e+02
1.000000e+02, 1.643372e+02
1.000000e+02, 1.651103e+02
1.000000e+02, 1.659158e+02
1.000000e+02, 1.667576e+02
1.000000e+02, 1.676406e+02
1.000000e+02, 1.685709e+02
1.000000e+02, 1.695562e+02
1.000000e+02, 1.706069e+02
1.000000e+02, 1.717368e+02
1.000000e+02, 1.729659e+02
1.000000e+02, 1.743244e+02
1.000000e+02, 1.758621e+02
1.000000e+02, 1.776745e+02
1.000000e+02, 1.800000e+02
##END= 