##TITLE= /opt/topspin3.0/exp/stan/nmr/lists/wave/user/HypSec_trunc2.84_110
##JCAMP-DX= 5.00 Bruker JCAMP library
##DATA TYPE= Shape Data
##ORIGIN= Bruker BioSpin GmbH
##OWNER= <nmrsu>
##DATE= 15/02/24
##TIME= 16:15:04
##MINX= 1.164538e+01
##MAXX= 9.999960e+01
##MINY= 2.546774e-02
##MAXY= 3.585574e+02
##$SHAPE_EXMODE= Adiabatic
##$SHAPE_TOTROT= 1.800000e+02
##$SHAPE_BWFAC= 1.929340e+02
##$SHAPE_INTEGFAC= 2.356110e-02
##$SHAPE_MODE= 0
##NPOINTS= 1000
##XYPOINTS= (XY..XY)
1.000000e+02, 1.800000e+02
1.000000e+02, 1.742869e+02
1.000000e+02, 1.693718e+02
1.000000e+02, 1.649926e+02
1.000000e+02, 1.610062e+02
1.000000e+02, 1.573241e+02
1.000000e+02, 1.538869e+02
1.000000e+02, 1.506524e+02
1.000000e+02, 1.475894e+02
1.000000e+02, 1.446741e+02
1.000000e+02, 1.418875e+02
1.000000e+02, 1.392148e+02
1.000000e+02, 1.366434e+02
1.000000e+02, 1.341634e+02
1.000000e+02, 1.317659e+02
1.000000e+02, 1.294438e+02
1.000000e+02, 1.271907e+02
1.000000e+02, 1.250013e+02
1.000000e+02, 1.228707e+02
1.000000e+02, 1.207948e+02
1.000000e+02, 1.187698e+02
1.000000e+02, 1.167925e+02
1.000000e+02, 1.148600e+02
1.000000e+02, 1.129695e+02
1.000000e+02, 1.111187e+02
1.000000e+02, 1.093055e+02
1.000000e+02, 1.075277e+02
1.000000e+02, 1.057838e+02
1.000000e+02, 1.040718e+02
1.000000e+02, 1.023905e+02
1.000000e+02, 1.007383e+02
1.000000e+02, 9.911400e+01
1.000000e+02, 9.751635e+01
1.000000e+02, 9.594426e+01
1.000000e+02, 9.439669e+01
1.000000e+02, 9.287267e+01
1.000000e+02, 9.137131e+01
1.000000e+02, 8.989176e+01
1.000000e+02, 8.843323e+01
1.000000e+02, 8.699497e+01
1.000000e+02, 8.557630e+01
1.000000e+02, 8.417654e+01
1.000000e+02, 8.279509e+01
1.000000e+02, 8.143134e+01
1.000000e+02, 8.008476e+01
1.000000e+02, 7.875481e+01
1.000000e+02, 7.744100e+01
1.000000e+02, 7.614286e+01
1.000000e+02, 7.485993e+01
1.000000e+02, 7.359179e+01
1.000000e+02, 7.233803e+01
1.000000e+02, 7.109827e+01
1.000000e+02, 6.987214e+01
1.000000e+02, 6.865928e+01
1.000000e+02, 6.745936e+01
1.000000e+02, 6.627206e+01
1.000000e+02, 6.509706e+01
1.000000e+02, 6.393407e+01
1.000000e+02, 6.278282e+01
1.000000e+02, 6.164302e+01
1.000000e+02, 6.051441e+01
1.000000e+02, 5.939676e+01
1.000000e+02, 5.828980e+01
1.000000e+02, 5.719333e+01
1.000000e+02, 5.610710e+01
1.000000e+02, 5.503091e+01
1.000000e+02, 5.396456e+01
1.000000e+02, 5.290783e+01
1.000000e+02, 5.186054e+01
1.000000e+02, 5.082251e+01
1.000000e+02, 4.979356e+01
1.000000e+02, 4.877350e+01
1.000000e+02, 4.776218e+01
1.000000e+02, 4.675944e+01
1.000000e+02, 4.576511e+01
1.000000e+02, 4.477905e+01
1.000000e+02, 4.380111e+01
1.000000e+02, 4.283114e+01
1.000000e+02, 4.186902e+01
1.000000e+02, 4.091461e+01
1.000000e+02, 3.996777e+01
1.000000e+02, 3.902839e+01
1.000000e+02, 3.809634e+01
1.000000e+02, 3.717150e+01
1.000000e+02, 3.625376e+01
1.000000e+02, 3.534301e+01
1.000000e+02, 3.443914e+01
1.000000e+02, 3.354204e+01
1.000000e+02, 3.265162e+01
1.000000e+02, 3.176777e+01
1.000000e+02, 3.089039e+01
1.000000e+02, 3.001939e+01
1.000000e+02, 2.915469e+01
1.000000e+02, 2.829618e+01
1.000000e+02, 2.744379e+01
1.000000e+02, 2.659742e+01
1.000000e+02, 2.575700e+01
1.000000e+02, 2.492245e+01
1.000000e+02, 2.409368e+01
1.000000e+02, 2.327062e+01
1.000000e+02, 2.245319e+01
1.000000e+02, 2.164133e+01
1.000000e+02, 2.083496e+01
1.000000e+02, 2.003401e+01
1.000000e+02, 1.923841e+01
1.000000e+02, 1.844810e+01
1.000000e+02, 1.766301e+01
1.000000e+02, 1.688307e+01
1.000000e+02, 1.610824e+01
1.000000e+02, 1.533844e+01
1.000000e+02, 1.457361e+01
1.000000e+02, 1.381371e+01
1.000000e+02, 1.305866e+01
1.000000e+02, 1.230842e+01
1.000000e+02, 1.156294e+01
1.000000e+02, 1.082215e+01
1.000000e+02, 1.008601e+01
1.000000e+02, 9.354464e+00
1.000000e+02, 8.627465e+00
1.000000e+02, 7.904964e+00
1.000000e+02, 7.186912e+00
1.000000e+02, 6.473262e+00
1.000000e+02, 5.763968e+00
1.000000e+02, 5.058986e+00
1.000000e+02, 4.358272e+00
1.000000e+02, 3.661781e+00
1.000000e+02, 2.969471e+00
1.000000e+02, 2.281302e+00
1.000000e+02, 1.597231e+00
1.000000e+02, 9.172195e-01
1.000000e+02, 2.412275e-01
1.000000e+02, 3.595692e+02
1.000000e+02, 3.589011e+02
1.000000e+02, 3.582370e+02
1.000000e+02, 3.575767e+02
1.000000e+02, 3.569202e+02
1.000000e+02, 3.562676e+02
1.000000e+02, 3.556187e+02
1.000000e+02, 3.549735e+02
1.000000e+02, 3.543320e+02
1.000000e+02, 3.536942e+02
1.000000e+02, 3.530601e+02
1.000000e+02, 3.524295e+02
1.000000e+02, 3.518025e+02
1.000000e+02, 3.511790e+02
1.000000e+02, 3.505591e+02
1.000000e+02, 3.499426e+02
1.000000e+02, 3.493296e+02
1.000000e+02, 3.487199e+02
1.000000e+02, 3.481137e+02
1.000000e+02, 3.475109e+02
1.000000e+02, 3.469114e+02
1.000000e+02, 3.463152e+02
1.000000e+02, 3.457223e+02
1.000000e+02, 3.451326e+02
1.000000e+02, 3.445462e+02
1.000000e+02, 3.439630e+02
1.000000e+02, 3.433829e+02
1.000000e+02, 3.428061e+02
1.000000e+02, 3.422323e+02
1.000000e+02, 3.416617e+02
1.000000e+02, 3.410942e+02
1.000000e+02, 3.405297e+02
1.000000e+02, 3.399683e+02
1.000000e+02, 3.394099e+02
1.000000e+02, 3.388545e+02
1.000000e+02, 3.383021e+02
1.000000e+02, 3.377526e+02
1.000000e+02, 3.372061e+02
1.000000e+02, 3.366625e+02
1.000000e+02, 3.361218e+02
1.000000e+02, 3.355839e+02
1.000000e+02, 3.350489e+02
1.000000e+02, 3.345168e+02
1.000000e+02, 3.339875e+02
1.000000e+02, 3.334609e+02
1.000000e+02, 3.329372e+02
1.000000e+02, 3.324162e+02
1.000000e+02, 3.318979e+02
1.000000e+02, 3.313824e+02
1.000000e+02, 3.308696e+02
1.000000e+02, 3.303595e+02
1.000000e+02, 3.298520e+02
1.000000e+02, 3.293473e+02
1.000000e+02, 3.288451e+02
1.000000e+02, 3.283456e+02
1.000000e+02, 3.278487e+02
1.000000e+02, 3.273543e+02
1.000000e+02, 3.268626e+02
1.000000e+02, 3.263734e+02
1.000000e+02, 3.258867e+02
1.000000e+02, 3.254026e+02
1.000000e+02, 3.249210e+02
1.000000e+02, 3.244419e+02
1.000000e+02, 3.239653e+02
1.000000e+02, 3.234912e+02
1.000000e+02, 3.230195e+02
1.000000e+02, 3.225502e+02
1.000000e+02, 3.220834e+02
1.000000e+02, 3.216190e+02
1.000000e+02, 3.211570e+02
1.000000e+02, 3.206974e+02
1.000000e+02, 3.202402e+02
1.000000e+02, 3.197853e+02
1.000000e+02, 3.193328e+02
1.000000e+02, 3.188826e+02
1.000000e+02, 3.184348e+02
1.000000e+02, 3.179892e+02
1.000000e+02, 3.175460e+02
1.000000e+02, 3.171050e+02
1.000000e+02, 3.166664e+02
1.000000e+02, 3.162300e+02
1.000000e+02, 3.157958e+02
1.000000e+02, 3.153639e+02
1.000000e+02, 3.149342e+02
1.000000e+02, 3.145067e+02
1.000000e+02, 3.140815e+02
1.000000e+02, 3.136584e+02
1.000000e+02, 3.132375e+02
1.000000e+02, 3.128188e+02
1.000000e+02, 3.124023e+02
1.000000e+02, 3.119879e+02
1.000000e+02, 3.115756e+02
1.000000e+02, 3.111655e+02
1.000000e+02, 3.107575e+02
1.000000e+02, 3.103517e+02
1.000000e+02, 3.099479e+02
1.000000e+02, 3.095462e+02
1.000000e+02, 3.091467e+02
1.000000e+02, 3.087491e+02
1.000000e+02, 3.083537e+02
1.000000e+02, 3.079603e+02
1.000000e+02, 3.075690e+02
1.000000e+02, 3.071797e+02
1.000000e+02, 3.067924e+02
1.000000e+02, 3.064071e+02
1.000000e+02, 3.060239e+02
1.000000e+02, 3.056426e+02
1.000000e+02, 3.052634e+02
1.000000e+02, 3.048861e+02
1.000000e+02, 3.045108e+02
1.000000e+02, 3.041375e+02
1.000000e+02, 3.037661e+02
1.000000e+02, 3.033967e+02
1.000000e+02, 3.030293e+02
1.000000e+02, 3.026637e+02
1.000000e+02, 3.023001e+02
1.000000e+02, 3.019385e+02
1.000000e+02, 3.015787e+02
1.000000e+02, 3.012208e+02
1.000000e+02, 3.008649e+02
1.000000e+02, 3.005108e+02
1.000000e+02, 3.001586e+02
1.000000e+02, 2.998083e+02
1.000000e+02, 2.994598e+02
1.000000e+02, 2.991132e+02
1.000000e+02, 2.987685e+02
1.000000e+02, 2.984256e+02
1.000000e+02, 2.980846e+02
1.000000e+02, 2.977453e+02
1.000000e+02, 2.974080e+02
1.000000e+02, 2.970724e+02
1.000000e+02, 2.967386e+02
1.000000e+02, 2.964067e+02
1.000000e+02, 2.960765e+02
1.000000e+02, 2.957481e+02
1.000000e+02, 2.954216e+02
1.000000e+02, 2.950968e+02
1.000000e+02, 2.947738e+02
1.000000e+02, 2.944525e+02
1.000000e+02, 2.941330e+02
1.000000e+02, 2.938153e+02
1.000000e+02, 2.934993e+02
1.000000e+02, 2.931850e+02
1.000000e+02, 2.928725e+02
1.000000e+02, 2.925617e+02
1.000000e+02, 2.922527e+02
1.000000e+02, 2.919453e+02
1.000000e+02, 2.916397e+02
1.000000e+02, 2.913358e+02
1.000000e+02, 2.910336e+02
1.000000e+02, 2.907331e+02
1.000000e+02, 2.904343e+02
1.000000e+02, 2.901372e+02
1.000000e+02, 2.898417e+02
1.000000e+02, 2.895479e+02
1.000000e+02, 2.892558e+02
1.000000e+02, 2.889654e+02
1.000000e+02, 2.886766e+02
1.000000e+02, 2.883895e+02
1.000000e+02, 2.881040e+02
1.000000e+02, 2.878202e+02
1.000000e+02, 2.875380e+02
1.000000e+02, 2.872574e+02
1.000000e+02, 2.869785e+02
1.000000e+02, 2.867012e+02
1.000000e+02, 2.864256e+02
1.000000e+02, 2.861515e+02
1.000000e+02, 2.858791e+02
1.000000e+02, 2.856082e+02
1.000000e+02, 2.853390e+02
1.000000e+02, 2.850713e+02
1.000000e+02, 2.848053e+02
1.000000e+02, 2.845408e+02
1.000000e+02, 2.842780e+02
1.000000e+02, 2.840167e+02
1.000000e+02, 2.837570e+02
1.000000e+02, 2.834988e+02
1.000000e+02, 2.832422e+02
1.000000e+02, 2.829872e+02
1.000000e+02, 2.827338e+02
1.000000e+02, 2.824819e+02
1.000000e+02, 2.822315e+02
1.000000e+02, 2.819827e+02
1.000000e+02, 2.817355e+02
1.000000e+02, 2.814898e+02
1.000000e+02, 2.812456e+02
1.000000e+02, 2.810029e+02
1.000000e+02, 2.807618e+02
1.000000e+02, 2.805222e+02
1.000000e+02, 2.802841e+02
1.000000e+02, 2.800475e+02
1.000000e+02, 2.798125e+02
1.000000e+02, 2.795789e+02
1.000000e+02, 2.793469e+02
1.000000e+02, 2.791164e+02
1.000000e+02, 2.788873e+02
1.000000e+02, 2.786598e+02
1.000000e+02, 2.784337e+02
1.000000e+02, 2.782092e+02
1.000000e+02, 2.779861e+02
1.000000e+02, 2.777645e+02
1.000000e+02, 2.775443e+02
1.000000e+02, 2.773257e+02
1.000000e+02, 2.771085e+02
1.000000e+02, 2.768928e+02
1.000000e+02, 2.766785e+02
1.000000e+02, 2.764657e+02
1.000000e+02, 2.762544e+02
1.000000e+02, 2.760445e+02
1.000000e+02, 2.758361e+02
1.000000e+02, 2.756291e+02
1.000000e+02, 2.754236e+02
1.000000e+02, 2.752195e+02
1.000000e+02, 2.750169e+02
1.000000e+02, 2.748156e+02
1.000000e+02, 2.746159e+02
1.000000e+02, 2.744175e+02
1.000000e+02, 2.742206e+02
1.000000e+02, 2.740251e+02
1.000000e+02, 2.738310e+02
1.000000e+02, 2.736384e+02
1.000000e+02, 2.734471e+02
1.000000e+02, 2.732573e+02
1.000000e+02, 2.730689e+02
1.000000e+02, 2.728819e+02
1.000000e+02, 2.726963e+02
1.000000e+02, 2.725121e+02
1.000000e+02, 2.723293e+02
1.000000e+02, 2.721479e+02
1.000000e+02, 2.719679e+02
1.000000e+02, 2.717893e+02
1.000000e+02, 2.716120e+02
1.000000e+02, 2.714362e+02
1.000000e+02, 2.712618e+02
1.000000e+02, 2.710887e+02
1.000000e+02, 2.709170e+02
1.000000e+02, 2.707467e+02
1.000000e+02, 2.705778e+02
1.000000e+02, 2.704102e+02
1.000000e+02, 2.702440e+02
1.000000e+02, 2.700792e+02
1.000000e+02, 2.699158e+02
1.000000e+02, 2.697537e+02
1.000000e+02, 2.695930e+02
1.000000e+02, 2.694336e+02
1.000000e+02, 2.692756e+02
1.000000e+02, 2.691190e+02
1.000000e+02, 2.689637e+02
1.000000e+02, 2.688097e+02
1.000000e+02, 2.686572e+02
1.000000e+02, 2.685059e+02
1.000000e+02, 2.683560e+02
1.000000e+02, 2.682075e+02
1.000000e+02, 2.680602e+02
1.000000e+02, 2.679144e+02
1.000000e+02, 2.677698e+02
1.000000e+02, 2.676266e+02
1.000000e+02, 2.674848e+02
1.000000e+02, 2.673442e+02
1.000000e+02, 2.672050e+02
1.000000e+02, 2.670672e+02
1.000000e+02, 2.669306e+02
1.000000e+02, 2.667954e+02
1.000000e+02, 2.666615e+02
1.000000e+02, 2.665289e+02
1.000000e+02, 2.663977e+02
1.000000e+02, 2.662677e+02
1.000000e+02, 2.661391e+02
1.000000e+02, 2.660118e+02
1.000000e+02, 2.658858e+02
1.000000e+02, 2.657611e+02
1.000000e+02, 2.656377e+02
1.000000e+02, 2.655156e+02
1.000000e+02, 2.653949e+02
1.000000e+02, 2.652754e+02
1.000000e+02, 2.651573e+02
1.000000e+02, 2.650404e+02
1.000000e+02, 2.649249e+02
1.000000e+02, 2.648106e+02
1.000000e+02, 2.646977e+02
1.000000e+02, 2.645860e+02
1.000000e+02, 2.644756e+02
1.000000e+02, 2.643666e+02
1.000000e+02, 2.642588e+02
1.000000e+02, 2.641523e+02
1.000000e+02, 2.640471e+02
1.000000e+02, 2.639432e+02
1.000000e+02, 2.638406e+02
1.000000e+02, 2.637392e+02
1.000000e+02, 2.636392e+02
1.000000e+02, 2.635404e+02
1.000000e+02, 2.634429e+02
1.000000e+02, 2.633467e+02
1.000000e+02, 2.632517e+02
1.000000e+02, 2.631581e+02
1.000000e+02, 2.630657e+02
1.000000e+02, 2.629746e+02
1.000000e+02, 2.628848e+02
1.000000e+02, 2.627962e+02
1.000000e+02, 2.627089e+02
1.000000e+02, 2.626229e+02
1.000000e+02, 2.625382e+02
1.000000e+02, 2.624547e+02
1.000000e+02, 2.623725e+02
1.000000e+02, 2.622916e+02
1.000000e+02, 2.622119e+02
1.000000e+02, 2.621335e+02
1.000000e+02, 2.620563e+02
1.000000e+02, 2.619805e+02
1.000000e+02, 2.619058e+02
1.000000e+02, 2.618325e+02
1.000000e+02, 2.617604e+02
1.000000e+02, 2.616896e+02
1.000000e+02, 2.616200e+02
1.000000e+02, 2.615517e+02
1.000000e+02, 2.614846e+02
1.000000e+02, 2.614188e+02
1.000000e+02, 2.613542e+02
1.000000e+02, 2.612909e+02
1.000000e+02, 2.612289e+02
1.000000e+02, 2.611681e+02
1.000000e+02, 2.611086e+02
1.000000e+02, 2.610503e+02
1.000000e+02, 2.609932e+02
1.000000e+02, 2.609374e+02
1.000000e+02, 2.608829e+02
1.000000e+02, 2.608296e+02
1.000000e+02, 2.607776e+02
1.000000e+02, 2.607268e+02
1.000000e+02, 2.606772e+02
1.000000e+02, 2.606289e+02
1.000000e+02, 2.605819e+02
1.000000e+02, 2.605361e+02
1.000000e+02, 2.604915e+02
1.000000e+02, 2.604482e+02
1.000000e+02, 2.604061e+02
1.000000e+02, 2.603653e+02
1.000000e+02, 2.603257e+02
1.000000e+02, 2.602873e+02
1.000000e+02, 2.602502e+02
1.000000e+02, 2.602144e+02
1.000000e+02, 2.601797e+02
1.000000e+02, 2.601463e+02
1.000000e+02, 2.601142e+02
1.000000e+02, 2.600833e+02
1.000000e+02, 2.600536e+02
1.000000e+02, 2.600252e+02
1.000000e+02, 2.599980e+02
1.000000e+02, 2.599721e+02
1.000000e+02, 2.599473e+02
1.000000e+02, 2.599239e+02
1.000000e+02, 2.599016e+02
1.000000e+02, 2.598806e+02
1.000000e+02, 2.598609e+02
1.000000e+02, 2.598423e+02
1.000000e+02, 2.598250e+02
1.000000e+02, 2.598090e+02
1.000000e+02, 2.597942e+02
1.000000e+02, 2.597806e+02
1.000000e+02, 2.597682e+02
1.000000e+02, 2.597571e+02
1.000000e+02, 2.597472e+02
1.000000e+02, 2.597386e+02
1.000000e+02, 2.597312e+02
1.000000e+02, 2.597250e+02
1.000000e+02, 2.597201e+02
1.000000e+02, 2.597164e+02
1.000000e+02, 2.597139e+02
1.000000e+02, 2.597127e+02
1.000000e+02, 2.597127e+02
1.000000e+02, 2.597139e+02
1.000000e+02, 2.597164e+02
1.000000e+02, 2.597201e+02
1.000000e+02, 2.597250e+02
1.000000e+02, 2.597312e+02
1.000000e+02, 2.597386e+02
1.000000e+02, 2.597472e+02
1.000000e+02, 2.597571e+02
1.000000e+02, 2.597682e+02
1.000000e+02, 2.597806e+02
1.000000e+02, 2.597942e+02
1.000000e+02, 2.598090e+02
1.000000e+02, 2.598250e+02
1.000000e+02, 2.598423e+02
1.000000e+02, 2.598609e+02
1.000000e+02, 2.598806e+02
1.000000e+02, 2.599016e+02
1.000000e+02, 2.599239e+02
1.000000e+02, 2.599473e+02
1.000000e+02, 2.599721e+02
1.000000e+02, 2.599980e+02
1.000000e+02, 2.600252e+02
1.000000e+02, 2.600536e+02
1.000000e+02, 2.600833e+02
1.000000e+02, 2.601142e+02
1.000000e+02, 2.601463e+02
1.000000e+02, 2.601797e+02
1.000000e+02, 2.602144e+02
1.000000e+02, 2.602502e+02
1.000000e+02, 2.602873e+02
1.000000e+02, 2.603257e+02
1.000000e+02, 2.603653e+02
1.000000e+02, 2.604061e+02
1.000000e+02, 2.604482e+02
1.000000e+02, 2.604915e+02
1.000000e+02, 2.605361e+02
1.000000e+02, 2.605819e+02
1.000000e+02, 2.606289e+02
1.000000e+02, 2.606772e+02
1.000000e+02, 2.607268e+02
1.000000e+02, 2.607776e+02
1.000000e+02, 2.608296e+02
1.000000e+02, 2.608829e+02
1.000000e+02, 2.609374e+02
1.000000e+02, 2.609932e+02
1.000000e+02, 2.610503e+02
1.000000e+02, 2.611086e+02
1.000000e+02, 2.611681e+02
1.000000e+02, 2.612289e+02
1.000000e+02, 2.612909e+02
1.000000e+02, 2.613542e+02
1.000000e+02, 2.614188e+02
1.000000e+02, 2.614846e+02
1.000000e+02, 2.615517e+02
1.000000e+02, 2.616200e+02
1.000000e+02, 2.616896e+02
1.000000e+02, 2.617604e+02
1.000000e+02, 2.618325e+02
1.000000e+02, 2.619058e+02
1.000000e+02, 2.619805e+02
1.000000e+02, 2.620563e+02
1.000000e+02, 2.621335e+02
1.000000e+02, 2.622119e+02
1.000000e+02, 2.622916e+02
1.000000e+02, 2.623725e+02
1.000000e+02, 2.624547e+02
1.000000e+02, 2.625382e+02
1.000000e+02, 2.626229e+02
1.000000e+02, 2.627089e+02
1.000000e+02, 2.627962e+02
1.000000e+02, 2.628848e+02
1.000000e+02, 2.629746e+02
1.000000e+02, 2.630657e+02
1.000000e+02, 2.631581e+02
1.000000e+02, 2.632517e+02
1.000000e+02, 2.633467e+02
1.000000e+02, 2.634429e+02
1.000000e+02, 2.635404e+02
1.000000e+02, 2.636392e+02
1.000000e+02, 2.637392e+02
1.000000e+02, 2.638406e+02
1.000000e+02, 2.639432e+02
1.000000e+02, 2.640471e+02
1.000000e+02, 2.641523e+02
1.000000e+02, 2.642588e+02
1.000000e+02, 2.643666e+02
1.000000e+02, 2.644756e+02
1.000000e+02, 2.645860e+02
1.000000e+02, 2.646977e+02
1.000000e+02, 2.648106e+02
1.000000e+02, 2.649249e+02
1.000000e+02, 2.650404e+02
1.000000e+02, 2.651573e+02
1.000000e+02, 2.652754e+02
1.000000e+02, 2.653949e+02
1.000000e+02, 2.655156e+02
1.000000e+02, 2.656377e+02
1.000000e+02, 2.657611e+02
1.000000e+02, 2.658858e+02
1.000000e+02, 2.660118e+02
1.000000e+02, 2.661391e+02
1.000000e+02, 2.662677e+02
1.000000e+02, 2.663977e+02
1.000000e+02, 2.665289e+02
1.000000e+02, 2.666615e+02
1.000000e+02, 2.667954e+02
1.000000e+02, 2.669306e+02
1.000000e+02, 2.670672e+02
1.000000e+02, 2.672050e+02
1.000000e+02, 2.673442e+02
1.000000e+02, 2.674848e+02
1.000000e+02, 2.676266e+02
1.000000e+02, 2.677698e+02
1.000000e+02, 2.679144e+02
1.000000e+02, 2.680602e+02
1.000000e+02, 2.682075e+02
1.000000e+02, 2.683560e+02
1.000000e+02, 2.685059e+02
1.000000e+02, 2.686572e+02
1.000000e+02, 2.688097e+02
1.000000e+02, 2.689637e+02
1.000000e+02, 2.691190e+02
1.000000e+02, 2.692756e+02
1.000000e+02, 2.694336e+02
1.000000e+02, 2.695930e+02
1.000000e+02, 2.697537e+02
1.000000e+02, 2.699158e+02
1.000000e+02, 2.700792e+02
1.000000e+02, 2.702440e+02
1.000000e+02, 2.704102e+02
1.000000e+02, 2.705778e+02
1.000000e+02, 2.707467e+02
1.000000e+02, 2.709170e+02
1.000000e+02, 2.710887e+02
1.000000e+02, 2.712618e+02
1.000000e+02, 2.714362e+02
1.000000e+02, 2.716120e+02
1.000000e+02, 2.717893e+02
1.000000e+02, 2.719679e+02
1.000000e+02, 2.721479e+02
1.000000e+02, 2.723293e+02
1.000000e+02, 2.725121e+02
1.000000e+02, 2.726963e+02
1.000000e+02, 2.728819e+02
1.000000e+02, 2.730689e+02
1.000000e+02, 2.732573e+02
1.000000e+02, 2.734471e+02
1.000000e+02, 2.736384e+02
1.000000e+02, 2.738310e+02
1.000000e+02, 2.740251e+02
1.000000e+02, 2.742206e+02
1.000000e+02, 2.744175e+02
1.000000e+02, 2.746159e+02
1.000000e+02, 2.748156e+02
1.000000e+02, 2.750169e+02
1.000000e+02, 2.752195e+02
1.000000e+02, 2.754236e+02
1.000000e+02, 2.756291e+02
1.000000e+02, 2.758361e+02
1.000000e+02, 2.760445e+02
1.000000e+02, 2.762544e+02
1.000000e+02, 2.764657e+02
1.000000e+02, 2.766785e+02
1.000000e+02, 2.768928e+02
1.000000e+02, 2.771085e+02
1.000000e+02, 2.773257e+02
1.000000e+02, 2.775443e+02
1.000000e+02, 2.777645e+02
1.000000e+02, 2.779861e+02
1.000000e+02, 2.782092e+02
1.000000e+02, 2.784337e+02
1.000000e+02, 2.786598e+02
1.000000e+02, 2.788873e+02
1.000000e+02, 2.791164e+02
1.000000e+02, 2.793469e+02
1.000000e+02, 2.795789e+02
1.000000e+02, 2.798125e+02
1.000000e+02, 2.800475e+02
1.000000e+02, 2.802841e+02
1.000000e+02, 2.805222e+02
1.000000e+02, 2.807618e+02
1.000000e+02, 2.810029e+02
1.000000e+02, 2.812456e+02
1.000000e+02, 2.814898e+02
1.000000e+02, 2.817355e+02
1.000000e+02, 2.819827e+02
1.000000e+02, 2.822315e+02
1.000000e+02, 2.824819e+02
1.000000e+02, 2.827338e+02
1.000000e+02, 2.829872e+02
1.000000e+02, 2.832422e+02
1.000000e+02, 2.834988e+02
1.000000e+02, 2.837570e+02
1.000000e+02, 2.840167e+02
1.000000e+02, 2.842780e+02
1.000000e+02, 2.845408e+02
1.000000e+02, 2.848053e+02
1.000000e+02, 2.850713e+02
1.000000e+02, 2.853390e+02
1.000000e+02, 2.856082e+02
1.000000e+02, 2.858791e+02
1.000000e+02, 2.861515e+02
1.000000e+02, 2.864256e+02
1.000000e+02, 2.867012e+02
1.000000e+02, 2.869785e+02
1.000000e+02, 2.872575e+02
1.000000e+02, 2.875380e+02
1.000000e+02, 2.878202e+02
1.000000e+02, 2.881040e+02
1.000000e+02, 2.883895e+02
1.000000e+02, 2.886766e+02
1.000000e+02, 2.889654e+02
1.000000e+02, 2.892558e+02
1.000000e+02, 2.895479e+02
1.000000e+02, 2.898417e+02
1.000000e+02, 2.901372e+02
1.000000e+02, 2.904343e+02
1.000000e+02, 2.907331e+02
1.000000e+02, 2.910336e+02
1.000000e+02, 2.913358e+02
1.000000e+02, 2.916397e+02
1.000000e+02, 2.919453e+02
1.000000e+02, 2.922527e+02
1.000000e+02, 2.925617e+02
1.000000e+02, 2.928725e+02
1.000000e+02, 2.931850e+02
1.000000e+02, 2.934993e+02
1.000000e+02, 2.938153e+02
1.000000e+02, 2.941330e+02
1.000000e+02, 2.944525e+02
1.000000e+02, 2.947738e+02
1.000000e+02, 2.950968e+02
1.000000e+02, 2.954216e+02
1.000000e+02, 2.957482e+02
1.000000e+02, 2.960765e+02
1.000000e+02, 2.964067e+02
1.000000e+02, 2.967386e+02
1.000000e+02, 2.970724e+02
1.000000e+02, 2.974080e+02
1.000000e+02, 2.977454e+02
1.000000e+02, 2.980846e+02
1.000000e+02, 2.984256e+02
1.000000e+02, 2.987685e+02
1.000000e+02, 2.991132e+02
1.000000e+02, 2.994598e+02
1.000000e+02, 2.998083e+02
1.000000e+02, 3.001586e+02
1.000000e+02, 3.005108e+02
1.000000e+02, 3.008649e+02
1.000000e+02, 3.012208e+02
1.000000e+02, 3.015787e+02
1.000000e+02, 3.019385e+02
1.000000e+02, 3.023001e+02
1.000000e+02, 3.026637e+02
1.000000e+02, 3.030293e+02
1.000000e+02, 3.033967e+02
1.000000e+02, 3.037661e+02
1.000000e+02, 3.041375e+02
1.000000e+02, 3.045108e+02
1.000000e+02, 3.048861e+02
1.000000e+02, 3.052634e+02
1.000000e+02, 3.056426e+02
1.000000e+02, 3.060239e+02
1.000000e+02, 3.064071e+02
1.000000e+02, 3.067924e+02
1.000000e+02, 3.071797e+02
1.000000e+02, 3.075690e+02
1.000000e+02, 3.079603e+02
1.000000e+02, 3.083537e+02
1.000000e+02, 3.087491e+02
1.000000e+02, 3.091467e+02
1.000000e+02, 3.095462e+02
1.000000e+02, 3.099479e+02
1.000000e+02, 3.103517e+02
1.000000e+02, 3.107576e+02
1.000000e+02, 3.111655e+02
1.000000e+02, 3.115756e+02
1.000000e+02, 3.119879e+02
1.000000e+02, 3.124023e+02
1.000000e+02, 3.128188e+02
1.000000e+02, 3.132375e+02
1.000000e+02, 3.136584e+02
1.000000e+02, 3.140815e+02
1.000000e+02, 3.145067e+02
1.000000e+02, 3.149342e+02
1.000000e+02, 3.153639e+02
1.000000e+02, 3.157958e+02
1.000000e+02, 3.162300e+02
1.000000e+02, 3.166664e+02
1.000000e+02, 3.171050e+02
1.000000e+02, 3.175460e+02
1.000000e+02, 3.179892e+02
1.000000e+02, 3.184348e+02
1.000000e+02, 3.188826e+02
1.000000e+02, 3.193328e+02
1.000000e+02, 3.197853e+02
1.000000e+02, 3.202402e+02
1.000000e+02, 3.206974e+02
1.000000e+02, 3.211570e+02
1.000000e+02, 3.216190e+02
1.000000e+02, 3.220834e+02
1.000000e+02, 3.225502e+02
1.000000e+02, 3.230195e+02
1.000000e+02, 3.234912e+02
1.000000e+02, 3.239653e+02
1.000000e+02, 3.244419e+02
1.000000e+02, 3.249210e+02
1.000000e+02, 3.254026e+02
1.000000e+02, 3.258867e+02
1.000000e+02, 3.263734e+02
1.000000e+02, 3.268626e+02
1.000000e+02, 3.273543e+02
1.000000e+02, 3.278487e+02
1.000000e+02, 3.283456e+02
1.000000e+02, 3.288451e+02
1.000000e+02, 3.293473e+02
1.000000e+02, 3.298520e+02
1.000000e+02, 3.303595e+02
1.000000e+02, 3.308696e+02
1.000000e+02, 3.313824e+02
1.000000e+02, 3.318979e+02
1.000000e+02, 3.324162e+02
1.000000e+02, 3.329372e+02
1.000000e+02, 3.334609e+02
1.000000e+02, 3.339875e+02
1.000000e+02, 3.345168e+02
1.000000e+02, 3.350489e+02
1.000000e+02, 3.355839e+02
1.000000e+02, 3.361218e+02
1.000000e+02, 3.366625e+02
1.000000e+02, 3.372061e+02
1.000000e+02, 3.377526e+02
1.000000e+02, 3.383021e+02
1.000000e+02, 3.388545e+02
1.000000e+02, 3.394099e+02
1.000000e+02, 3.399683e+02
1.000000e+02, 3.405297e+02
1.000000e+02, 3.410942e+02
1.000000e+02, 3.416617e+02
1.000000e+02, 3.422323e+02
1.000000e+02, 3.428061e+02
1.000000e+02, 3.433829e+02
1.000000e+02, 3.439630e+02
1.000000e+02, 3.445462e+02
1.000000e+02, 3.451326e+02
1.000000e+02, 3.457223e+02
1.000000e+02, 3.463152e+02
1.000000e+02, 3.469114e+02
1.000000e+02, 3.475109e+02
1.000000e+02, 3.481137e+02
1.000000e+02, 3.487199e+02
1.000000e+02, 3.493296e+02
1.000000e+02, 3.499426e+02
1.000000e+02, 3.505591e+02
1.000000e+02, 3.511790e+02
1.000000e+02, 3.518025e+02
1.000000e+02, 3.524295e+02
1.000000e+02, 3.530601e+02
1.000000e+02, 3.536942e+02
1.000000e+02, 3.543320e+02
1.000000e+02, 3.549735e+02
1.000000e+02, 3.556187e+02
1.000000e+02, 3.562676e+02
1.000000e+02, 3.569202e+02
1.000000e+02, 3.575767e+02
1.000000e+02, 3.582370e+02
1.000000e+02, 3.589012e+02
1.000000e+02, 3.595692e+02
1.000000e+02, 2.412300e-01
1.000000e+02, 9.172220e-01
1.000000e+02, 1.597234e+00
1.000000e+02, 2.281304e+00
1.000000e+02, 2.969474e+00
1.000000e+02, 3.661783e+00
1.000000e+02, 4.358274e+00
1.000000e+02, 5.058989e+00
1.000000e+02, 5.763971e+00
1.000000e+02, 6.473264e+00
1.000000e+02, 7.186914e+00
1.000000e+02, 7.904967e+00
1.000000e+02, 8.627468e+00
1.000000e+02, 9.354467e+00
1.000000e+02, 1.008601e+01
1.000000e+02, 1.082215e+01
1.000000e+02, 1.156294e+01
1.000000e+02, 1.230843e+01
1.000000e+02, 1.305866e+01
1.000000e+02, 1.381371e+01
1.000000e+02, 1.457361e+01
1.000000e+02, 1.533844e+01
1.000000e+02, 1.610824e+01
1.000000e+02, 1.688308e+01
1.000000e+02, 1.766301e+01
1.000000e+02, 1.844810e+01
1.000000e+02, 1.923841e+01
1.000000e+02, 2.003401e+01
1.000000e+02, 2.083496e+01
1.000000e+02, 2.164133e+01
1.000000e+02, 2.245320e+01
1.000000e+02, 2.327062e+01
1.000000e+02, 2.409368e+01
1.000000e+02, 2.492245e+01
1.000000e+02, 2.575700e+01
1.000000e+02, 2.659742e+01
1.000000e+02, 2.744379e+01
1.000000e+02, 2.829618e+01
1.000000e+02, 2.915469e+01
1.000000e+02, 3.001940e+01
1.000000e+02, 3.089039e+01
1.000000e+02, 3.176777e+01
1.000000e+02, 3.265162e+01
1.000000e+02, 3.354205e+01
1.000000e+02, 3.443914e+01
1.000000e+02, 3.534302e+01
1.000000e+02, 3.625377e+01
1.000000e+02, 3.717150e+01
1.000000e+02, 3.809634e+01
1.000000e+02, 3.902839e+01
1.000000e+02, 3.996778e+01
1.000000e+02, 4.091461e+01
1.000000e+02, 4.186903e+01
1.000000e+02, 4.283115e+01
1.000000e+02, 4.380111e+01
1.000000e+02, 4.477905e+01
1.000000e+02, 4.576511e+01
1.000000e+02, 4.675944e+01
1.000000e+02, 4.776219e+01
1.000000e+02, 4.877350e+01
1.000000e+02, 4.979356e+01
1.000000e+02, 5.082252e+01
1.000000e+02, 5.186055e+01
1.000000e+02, 5.290783e+01
1.000000e+02, 5.396456e+01
1.000000e+02, 5.503092e+01
1.000000e+02, 5.610711e+01
1.000000e+02, 5.719333e+01
1.000000e+02, 5.828981e+01
1.000000e+02, 5.939676e+01
1.000000e+02, 6.051442e+01
1.000000e+02, 6.164302e+01
1.000000e+02, 6.278282e+01
1.000000e+02, 6.393408e+01
1.000000e+02, 6.509706e+01
1.000000e+02, 6.627206e+01
1.000000e+02, 6.745937e+01
1.000000e+02, 6.865929e+01
1.000000e+02, 6.987215e+01
1.000000e+02, 7.109828e+01
1.000000e+02, 7.233804e+01
1.000000e+02, 7.359179e+01
1.000000e+02, 7.485993e+01
1.000000e+02, 7.614286e+01
1.000000e+02, 7.744101e+01
1.000000e+02, 7.875482e+01
1.000000e+02, 8.008476e+01
1.000000e+02, 8.143135e+01
1.000000e+02, 8.279509e+01
1.000000e+02, 8.417654e+01
1.000000e+02, 8.557630e+01
1.000000e+02, 8.699498e+01
1.000000e+02, 8.843323e+01
1.000000e+02, 8.989176e+01
1.000000e+02, 9.137131e+01
1.000000e+02, 9.287267e+01
1.000000e+02, 9.439669e+01
1.000000e+02, 9.594426e+01
1.000000e+02, 9.751636e+01
1.000000e+02, 9.911400e+01
1.000000e+02, 1.007383e+02
1.000000e+02, 1.023905e+02
1.000000e+02, 1.040719e+02
1.000000e+02, 1.057838e+02
1.000000e+02, 1.075278e+02
1.000000e+02, 1.093055e+02
1.000000e+02, 1.111187e+02
1.000000e+02, 1.129695e+02
1.000000e+02, 1.148600e+02
1.000000e+02, 1.167925e+02
1.000000e+02, 1.187698e+02
1.000000e+02, 1.207948e+02
1.000000e+02, 1.228707e+02
1.000000e+02, 1.250013e+02
1.000000e+02, 1.271908e+02
1.000000e+02, 1.294438e+02
1.000000e+02, 1.317659e+02
1.000000e+02, 1.341634e+02
1.000000e+02, 1.366434e+02
1.000000e+02, 1.392148e+02
1.000000e+02, 1.418875e+02
1.000000e+02, 1.446741e+02
1.000000e+02, 1.475894e+02
1.000000e+02, 1.506524e+02
1.000000e+02, 1.538869e+02
1.000000e+02, 1.573241e+02
1.000000e+02, 1.610062e+02
1.000000e+02, 1.649926e+02
1.000000e+02, 1.693718e+02
1.000000e+02, 1.742869e+02
1.000000e+02, 1.800000e+02
##END= 