##TITLE= /opt/topspin3.0/exp/stan/nmr/lists/wave/user/HypSec_trunc2.84_110
##JCAMP-DX= 5.00 Bruker JCAMP library
##DATA TYPE= Shape Data
##ORIGIN= Bruker BioSpin GmbH
##OWNER= <nmrsu>
##DATE= 15/02/24
##TIME= 16:15:04
##MINX= 1.164538e+01
##MAXX= 9.999960e+01
##MINY= 2.546774e-02
##MAXY= 3.585574e+02
##$SHAPE_EXMODE= Adiabatic
##$SHAPE_TOTROT= 1.800000e+02
##$SHAPE_BWFAC= 1.929340e+02
##$SHAPE_INTEGFAC= 2.356110e-02
##$SHAPE_MODE= 0
##NPOINTS= 1000
##XYPOINTS= (XY..XY)
1.000000e+02, 1.800000e+02
1.000000e+02, 1.732905e+02
1.000000e+02, 1.675180e+02
1.000000e+02, 1.623750e+02
1.000000e+02, 1.576933e+02
1.000000e+02, 1.533690e+02
1.000000e+02, 1.493323e+02
1.000000e+02, 1.455337e+02
1.000000e+02, 1.419364e+02
1.000000e+02, 1.385126e+02
1.000000e+02, 1.352400e+02
1.000000e+02, 1.321011e+02
1.000000e+02, 1.290813e+02
1.000000e+02, 1.261686e+02
1.000000e+02, 1.233530e+02
1.000000e+02, 1.206259e+02
1.000000e+02, 1.179798e+02
1.000000e+02, 1.154085e+02
1.000000e+02, 1.129063e+02
1.000000e+02, 1.104683e+02
1.000000e+02, 1.080901e+02
1.000000e+02, 1.057680e+02
1.000000e+02, 1.034983e+02
1.000000e+02, 1.012782e+02
1.000000e+02, 9.910456e+01
1.000000e+02, 9.697503e+01
1.000000e+02, 9.488724e+01
1.000000e+02, 9.283906e+01
1.000000e+02, 9.082857e+01
1.000000e+02, 8.885396e+01
1.000000e+02, 8.691361e+01
1.000000e+02, 8.500598e+01
1.000000e+02, 8.312967e+01
1.000000e+02, 8.128337e+01
1.000000e+02, 7.946588e+01
1.000000e+02, 7.767604e+01
1.000000e+02, 7.591282e+01
1.000000e+02, 7.417520e+01
1.000000e+02, 7.246228e+01
1.000000e+02, 7.077317e+01
1.000000e+02, 6.910705e+01
1.000000e+02, 6.746315e+01
1.000000e+02, 6.584074e+01
1.000000e+02, 6.423914e+01
1.000000e+02, 6.265768e+01
1.000000e+02, 6.109577e+01
1.000000e+02, 5.955281e+01
1.000000e+02, 5.802824e+01
1.000000e+02, 5.652154e+01
1.000000e+02, 5.503222e+01
1.000000e+02, 5.355978e+01
1.000000e+02, 5.210379e+01
1.000000e+02, 5.066379e+01
1.000000e+02, 4.923939e+01
1.000000e+02, 4.783018e+01
1.000000e+02, 4.643579e+01
1.000000e+02, 4.505585e+01
1.000000e+02, 4.369002e+01
1.000000e+02, 4.233796e+01
1.000000e+02, 4.099936e+01
1.000000e+02, 3.967390e+01
1.000000e+02, 3.836131e+01
1.000000e+02, 3.706128e+01
1.000000e+02, 3.577356e+01
1.000000e+02, 3.449788e+01
1.000000e+02, 3.323398e+01
1.000000e+02, 3.198163e+01
1.000000e+02, 3.074059e+01
1.000000e+02, 2.951064e+01
1.000000e+02, 2.829156e+01
1.000000e+02, 2.708313e+01
1.000000e+02, 2.588516e+01
1.000000e+02, 2.469745e+01
1.000000e+02, 2.351980e+01
1.000000e+02, 2.235205e+01
1.000000e+02, 2.119400e+01
1.000000e+02, 2.004549e+01
1.000000e+02, 1.890634e+01
1.000000e+02, 1.777641e+01
1.000000e+02, 1.665553e+01
1.000000e+02, 1.554355e+01
1.000000e+02, 1.444032e+01
1.000000e+02, 1.334570e+01
1.000000e+02, 1.225955e+01
1.000000e+02, 1.118175e+01
1.000000e+02, 1.011214e+01
1.000000e+02, 9.050619e+00
1.000000e+02, 7.997052e+00
1.000000e+02, 6.951320e+00
1.000000e+02, 5.913307e+00
1.000000e+02, 4.882898e+00
1.000000e+02, 3.859984e+00
1.000000e+02, 2.844457e+00
1.000000e+02, 1.836210e+00
1.000000e+02, 8.351436e-01
1.000000e+02, 3.598412e+02
1.000000e+02, 3.588542e+02
1.000000e+02, 3.578740e+02
1.000000e+02, 3.569007e+02
1.000000e+02, 3.559341e+02
1.000000e+02, 3.549741e+02
1.000000e+02, 3.540206e+02
1.000000e+02, 3.530736e+02
1.000000e+02, 3.521330e+02
1.000000e+02, 3.511986e+02
1.000000e+02, 3.502704e+02
1.000000e+02, 3.493484e+02
1.000000e+02, 3.484324e+02
1.000000e+02, 3.475225e+02
1.000000e+02, 3.466184e+02
1.000000e+02, 3.457202e+02
1.000000e+02, 3.448277e+02
1.000000e+02, 3.439410e+02
1.000000e+02, 3.430599e+02
1.000000e+02, 3.421844e+02
1.000000e+02, 3.413144e+02
1.000000e+02, 3.404498e+02
1.000000e+02, 3.395907e+02
1.000000e+02, 3.387369e+02
1.000000e+02, 3.378884e+02
1.000000e+02, 3.370451e+02
1.000000e+02, 3.362070e+02
1.000000e+02, 3.353740e+02
1.000000e+02, 3.345460e+02
1.000000e+02, 3.337231e+02
1.000000e+02, 3.329051e+02
1.000000e+02, 3.320921e+02
1.000000e+02, 3.312839e+02
1.000000e+02, 3.304805e+02
1.000000e+02, 3.296819e+02
1.000000e+02, 3.288880e+02
1.000000e+02, 3.280987e+02
1.000000e+02, 3.273141e+02
1.000000e+02, 3.265341e+02
1.000000e+02, 3.257587e+02
1.000000e+02, 3.249877e+02
1.000000e+02, 3.242212e+02
1.000000e+02, 3.234591e+02
1.000000e+02, 3.227015e+02
1.000000e+02, 3.219481e+02
1.000000e+02, 3.211990e+02
1.000000e+02, 3.204543e+02
1.000000e+02, 3.197137e+02
1.000000e+02, 3.189773e+02
1.000000e+02, 3.182451e+02
1.000000e+02, 3.175170e+02
1.000000e+02, 3.167930e+02
1.000000e+02, 3.160731e+02
1.000000e+02, 3.153571e+02
1.000000e+02, 3.146452e+02
1.000000e+02, 3.139372e+02
1.000000e+02, 3.132331e+02
1.000000e+02, 3.125329e+02
1.000000e+02, 3.118366e+02
1.000000e+02, 3.111441e+02
1.000000e+02, 3.104554e+02
1.000000e+02, 3.097705e+02
1.000000e+02, 3.090893e+02
1.000000e+02, 3.084118e+02
1.000000e+02, 3.077380e+02
1.000000e+02, 3.070678e+02
1.000000e+02, 3.064013e+02
1.000000e+02, 3.057384e+02
1.000000e+02, 3.050790e+02
1.000000e+02, 3.044233e+02
1.000000e+02, 3.037710e+02
1.000000e+02, 3.031222e+02
1.000000e+02, 3.024769e+02
1.000000e+02, 3.018351e+02
1.000000e+02, 3.011966e+02
1.000000e+02, 3.005616e+02
1.000000e+02, 2.999300e+02
1.000000e+02, 2.993017e+02
1.000000e+02, 2.986767e+02
1.000000e+02, 2.980550e+02
1.000000e+02, 2.974367e+02
1.000000e+02, 2.968216e+02
1.000000e+02, 2.962097e+02
1.000000e+02, 2.956011e+02
1.000000e+02, 2.949956e+02
1.000000e+02, 2.943934e+02
1.000000e+02, 2.937943e+02
1.000000e+02, 2.931983e+02
1.000000e+02, 2.926055e+02
1.000000e+02, 2.920158e+02
1.000000e+02, 2.914291e+02
1.000000e+02, 2.908455e+02
1.000000e+02, 2.902650e+02
1.000000e+02, 2.896874e+02
1.000000e+02, 2.891129e+02
1.000000e+02, 2.885414e+02
1.000000e+02, 2.879729e+02
1.000000e+02, 2.874073e+02
1.000000e+02, 2.868446e+02
1.000000e+02, 2.862848e+02
1.000000e+02, 2.857280e+02
1.000000e+02, 2.851740e+02
1.000000e+02, 2.846230e+02
1.000000e+02, 2.840747e+02
1.000000e+02, 2.835293e+02
1.000000e+02, 2.829868e+02
1.000000e+02, 2.824470e+02
1.000000e+02, 2.819100e+02
1.000000e+02, 2.813758e+02
1.000000e+02, 2.808444e+02
1.000000e+02, 2.803157e+02
1.000000e+02, 2.797897e+02
1.000000e+02, 2.792664e+02
1.000000e+02, 2.787459e+02
1.000000e+02, 2.782280e+02
1.000000e+02, 2.777128e+02
1.000000e+02, 2.772003e+02
1.000000e+02, 2.766904e+02
1.000000e+02, 2.761832e+02
1.000000e+02, 2.756785e+02
1.000000e+02, 2.751765e+02
1.000000e+02, 2.746771e+02
1.000000e+02, 2.741802e+02
1.000000e+02, 2.736859e+02
1.000000e+02, 2.731942e+02
1.000000e+02, 2.727050e+02
1.000000e+02, 2.722183e+02
1.000000e+02, 2.717342e+02
1.000000e+02, 2.712525e+02
1.000000e+02, 2.707734e+02
1.000000e+02, 2.702967e+02
1.000000e+02, 2.698225e+02
1.000000e+02, 2.693508e+02
1.000000e+02, 2.688815e+02
1.000000e+02, 2.684147e+02
1.000000e+02, 2.679503e+02
1.000000e+02, 2.674883e+02
1.000000e+02, 2.670287e+02
1.000000e+02, 2.665715e+02
1.000000e+02, 2.661166e+02
1.000000e+02, 2.656642e+02
1.000000e+02, 2.652141e+02
1.000000e+02, 2.647663e+02
1.000000e+02, 2.643209e+02
1.000000e+02, 2.638779e+02
1.000000e+02, 2.634371e+02
1.000000e+02, 2.629987e+02
1.000000e+02, 2.625626e+02
1.000000e+02, 2.621287e+02
1.000000e+02, 2.616972e+02
1.000000e+02, 2.612679e+02
1.000000e+02, 2.608409e+02
1.000000e+02, 2.604161e+02
1.000000e+02, 2.599936e+02
1.000000e+02, 2.595733e+02
1.000000e+02, 2.591553e+02
1.000000e+02, 2.587394e+02
1.000000e+02, 2.583258e+02
1.000000e+02, 2.579144e+02
1.000000e+02, 2.575052e+02
1.000000e+02, 2.570981e+02
1.000000e+02, 2.566932e+02
1.000000e+02, 2.562906e+02
1.000000e+02, 2.558900e+02
1.000000e+02, 2.554916e+02
1.000000e+02, 2.550954e+02
1.000000e+02, 2.547013e+02
1.000000e+02, 2.543093e+02
1.000000e+02, 2.539195e+02
1.000000e+02, 2.535317e+02
1.000000e+02, 2.531461e+02
1.000000e+02, 2.527625e+02
1.000000e+02, 2.523811e+02
1.000000e+02, 2.520017e+02
1.000000e+02, 2.516244e+02
1.000000e+02, 2.512492e+02
1.000000e+02, 2.508761e+02
1.000000e+02, 2.505050e+02
1.000000e+02, 2.501359e+02
1.000000e+02, 2.497689e+02
1.000000e+02, 2.494039e+02
1.000000e+02, 2.490409e+02
1.000000e+02, 2.486800e+02
1.000000e+02, 2.483211e+02
1.000000e+02, 2.479642e+02
1.000000e+02, 2.476092e+02
1.000000e+02, 2.472563e+02
1.000000e+02, 2.469054e+02
1.000000e+02, 2.465564e+02
1.000000e+02, 2.462094e+02
1.000000e+02, 2.458644e+02
1.000000e+02, 2.455214e+02
1.000000e+02, 2.451803e+02
1.000000e+02, 2.448411e+02
1.000000e+02, 2.445039e+02
1.000000e+02, 2.441687e+02
1.000000e+02, 2.438353e+02
1.000000e+02, 2.435039e+02
1.000000e+02, 2.431744e+02
1.000000e+02, 2.428469e+02
1.000000e+02, 2.425212e+02
1.000000e+02, 2.421975e+02
1.000000e+02, 2.418756e+02
1.000000e+02, 2.415556e+02
1.000000e+02, 2.412376e+02
1.000000e+02, 2.409214e+02
1.000000e+02, 2.406070e+02
1.000000e+02, 2.402946e+02
1.000000e+02, 2.399840e+02
1.000000e+02, 2.396753e+02
1.000000e+02, 2.393684e+02
1.000000e+02, 2.390634e+02
1.000000e+02, 2.387602e+02
1.000000e+02, 2.384589e+02
1.000000e+02, 2.381594e+02
1.000000e+02, 2.378618e+02
1.000000e+02, 2.375659e+02
1.000000e+02, 2.372719e+02
1.000000e+02, 2.369797e+02
1.000000e+02, 2.366893e+02
1.000000e+02, 2.364008e+02
1.000000e+02, 2.361140e+02
1.000000e+02, 2.358290e+02
1.000000e+02, 2.355458e+02
1.000000e+02, 2.352644e+02
1.000000e+02, 2.349848e+02
1.000000e+02, 2.347070e+02
1.000000e+02, 2.344309e+02
1.000000e+02, 2.341567e+02
1.000000e+02, 2.338842e+02
1.000000e+02, 2.336134e+02
1.000000e+02, 2.333444e+02
1.000000e+02, 2.330772e+02
1.000000e+02, 2.328117e+02
1.000000e+02, 2.325480e+02
1.000000e+02, 2.322860e+02
1.000000e+02, 2.320257e+02
1.000000e+02, 2.317672e+02
1.000000e+02, 2.315104e+02
1.000000e+02, 2.312553e+02
1.000000e+02, 2.310020e+02
1.000000e+02, 2.307504e+02
1.000000e+02, 2.305005e+02
1.000000e+02, 2.302523e+02
1.000000e+02, 2.300058e+02
1.000000e+02, 2.297610e+02
1.000000e+02, 2.295179e+02
1.000000e+02, 2.292765e+02
1.000000e+02, 2.290369e+02
1.000000e+02, 2.287989e+02
1.000000e+02, 2.285626e+02
1.000000e+02, 2.283279e+02
1.000000e+02, 2.280950e+02
1.000000e+02, 2.278637e+02
1.000000e+02, 2.276341e+02
1.000000e+02, 2.274062e+02
1.000000e+02, 2.271799e+02
1.000000e+02, 2.269553e+02
1.000000e+02, 2.267324e+02
1.000000e+02, 2.265111e+02
1.000000e+02, 2.262915e+02
1.000000e+02, 2.260735e+02
1.000000e+02, 2.258572e+02
1.000000e+02, 2.256425e+02
1.000000e+02, 2.254295e+02
1.000000e+02, 2.252181e+02
1.000000e+02, 2.250083e+02
1.000000e+02, 2.248002e+02
1.000000e+02, 2.245937e+02
1.000000e+02, 2.243888e+02
1.000000e+02, 2.241856e+02
1.000000e+02, 2.239839e+02
1.000000e+02, 2.237839e+02
1.000000e+02, 2.235855e+02
1.000000e+02, 2.233888e+02
1.000000e+02, 2.231936e+02
1.000000e+02, 2.230000e+02
1.000000e+02, 2.228081e+02
1.000000e+02, 2.226177e+02
1.000000e+02, 2.224290e+02
1.000000e+02, 2.222418e+02
1.000000e+02, 2.220563e+02
1.000000e+02, 2.218723e+02
1.000000e+02, 2.216899e+02
1.000000e+02, 2.215091e+02
1.000000e+02, 2.213299e+02
1.000000e+02, 2.211523e+02
1.000000e+02, 2.209762e+02
1.000000e+02, 2.208018e+02
1.000000e+02, 2.206289e+02
1.000000e+02, 2.204576e+02
1.000000e+02, 2.202878e+02
1.000000e+02, 2.201197e+02
1.000000e+02, 2.199530e+02
1.000000e+02, 2.197880e+02
1.000000e+02, 2.196245e+02
1.000000e+02, 2.194626e+02
1.000000e+02, 2.193022e+02
1.000000e+02, 2.191434e+02
1.000000e+02, 2.189862e+02
1.000000e+02, 2.188305e+02
1.000000e+02, 2.186763e+02
1.000000e+02, 2.185237e+02
1.000000e+02, 2.183726e+02
1.000000e+02, 2.182231e+02
1.000000e+02, 2.180752e+02
1.000000e+02, 2.179287e+02
1.000000e+02, 2.177838e+02
1.000000e+02, 2.176405e+02
1.000000e+02, 2.174986e+02
1.000000e+02, 2.173584e+02
1.000000e+02, 2.172196e+02
1.000000e+02, 2.170824e+02
1.000000e+02, 2.169466e+02
1.000000e+02, 2.168125e+02
1.000000e+02, 2.166798e+02
1.000000e+02, 2.165487e+02
1.000000e+02, 2.164191e+02
1.000000e+02, 2.162910e+02
1.000000e+02, 2.161644e+02
1.000000e+02, 2.160393e+02
1.000000e+02, 2.159158e+02
1.000000e+02, 2.157937e+02
1.000000e+02, 2.156732e+02
1.000000e+02, 2.155542e+02
1.000000e+02, 2.154367e+02
1.000000e+02, 2.153207e+02
1.000000e+02, 2.152062e+02
1.000000e+02, 2.150932e+02
1.000000e+02, 2.149817e+02
1.000000e+02, 2.148717e+02
1.000000e+02, 2.147632e+02
1.000000e+02, 2.146562e+02
1.000000e+02, 2.145507e+02
1.000000e+02, 2.144467e+02
1.000000e+02, 2.143442e+02
1.000000e+02, 2.142432e+02
1.000000e+02, 2.141437e+02
1.000000e+02, 2.140457e+02
1.000000e+02, 2.139491e+02
1.000000e+02, 2.138541e+02
1.000000e+02, 2.137605e+02
1.000000e+02, 2.136684e+02
1.000000e+02, 2.135778e+02
1.000000e+02, 2.134887e+02
1.000000e+02, 2.134011e+02
1.000000e+02, 2.133149e+02
1.000000e+02, 2.132302e+02
1.000000e+02, 2.131470e+02
1.000000e+02, 2.130653e+02
1.000000e+02, 2.129851e+02
1.000000e+02, 2.129063e+02
1.000000e+02, 2.128290e+02
1.000000e+02, 2.127532e+02
1.000000e+02, 2.126789e+02
1.000000e+02, 2.126060e+02
1.000000e+02, 2.125346e+02
1.000000e+02, 2.124647e+02
1.000000e+02, 2.123962e+02
1.000000e+02, 2.123293e+02
1.000000e+02, 2.122637e+02
1.000000e+02, 2.121997e+02
1.000000e+02, 2.121371e+02
1.000000e+02, 2.120760e+02
1.000000e+02, 2.120163e+02
1.000000e+02, 2.119582e+02
1.000000e+02, 2.119014e+02
1.000000e+02, 2.118462e+02
1.000000e+02, 2.117924e+02
1.000000e+02, 2.117400e+02
1.000000e+02, 2.116892e+02
1.000000e+02, 2.116397e+02
1.000000e+02, 2.115918e+02
1.000000e+02, 2.115453e+02
1.000000e+02, 2.115002e+02
1.000000e+02, 2.114567e+02
1.000000e+02, 2.114145e+02
1.000000e+02, 2.113739e+02
1.000000e+02, 2.113347e+02
1.000000e+02, 2.112969e+02
1.000000e+02, 2.112606e+02
1.000000e+02, 2.112258e+02
1.000000e+02, 2.111924e+02
1.000000e+02, 2.111605e+02
1.000000e+02, 2.111300e+02
1.000000e+02, 2.111010e+02
1.000000e+02, 2.110734e+02
1.000000e+02, 2.110473e+02
1.000000e+02, 2.110226e+02
1.000000e+02, 2.109994e+02
1.000000e+02, 2.109776e+02
1.000000e+02, 2.109573e+02
1.000000e+02, 2.109385e+02
1.000000e+02, 2.109210e+02
1.000000e+02, 2.109051e+02
1.000000e+02, 2.108906e+02
1.000000e+02, 2.108775e+02
1.000000e+02, 2.108659e+02
1.000000e+02, 2.108558e+02
1.000000e+02, 2.108471e+02
1.000000e+02, 2.108398e+02
1.000000e+02, 2.108340e+02
1.000000e+02, 2.108297e+02
1.000000e+02, 2.108268e+02
1.000000e+02, 2.108253e+02
1.000000e+02, 2.108253e+02
1.000000e+02, 2.108268e+02
1.000000e+02, 2.108297e+02
1.000000e+02, 2.108340e+02
1.000000e+02, 2.108398e+02
1.000000e+02, 2.108471e+02
1.000000e+02, 2.108558e+02
1.000000e+02, 2.108659e+02
1.000000e+02, 2.108775e+02
1.000000e+02, 2.108906e+02
1.000000e+02, 2.109051e+02
1.000000e+02, 2.109210e+02
1.000000e+02, 2.109385e+02
1.000000e+02, 2.109573e+02
1.000000e+02, 2.109776e+02
1.000000e+02, 2.109994e+02
1.000000e+02, 2.110226e+02
1.000000e+02, 2.110473e+02
1.000000e+02, 2.110734e+02
1.000000e+02, 2.111010e+02
1.000000e+02, 2.111300e+02
1.000000e+02, 2.111605e+02
1.000000e+02, 2.111924e+02
1.000000e+02, 2.112258e+02
1.000000e+02, 2.112606e+02
1.000000e+02, 2.112969e+02
1.000000e+02, 2.113347e+02
1.000000e+02, 2.113739e+02
1.000000e+02, 2.114145e+02
1.000000e+02, 2.114567e+02
1.000000e+02, 2.115002e+02
1.000000e+02, 2.115453e+02
1.000000e+02, 2.115918e+02
1.000000e+02, 2.116397e+02
1.000000e+02, 2.116892e+02
1.000000e+02, 2.117400e+02
1.000000e+02, 2.117924e+02
1.000000e+02, 2.118462e+02
1.000000e+02, 2.119014e+02
1.000000e+02, 2.119582e+02
1.000000e+02, 2.120163e+02
1.000000e+02, 2.120760e+02
1.000000e+02, 2.121371e+02
1.000000e+02, 2.121997e+02
1.000000e+02, 2.122637e+02
1.000000e+02, 2.123293e+02
1.000000e+02, 2.123962e+02
1.000000e+02, 2.124647e+02
1.000000e+02, 2.125346e+02
1.000000e+02, 2.126060e+02
1.000000e+02, 2.126789e+02
1.000000e+02, 2.127532e+02
1.000000e+02, 2.128290e+02
1.000000e+02, 2.129063e+02
1.000000e+02, 2.129851e+02
1.000000e+02, 2.130653e+02
1.000000e+02, 2.131470e+02
1.000000e+02, 2.132302e+02
1.000000e+02, 2.133149e+02
1.000000e+02, 2.134011e+02
1.000000e+02, 2.134887e+02
1.000000e+02, 2.135778e+02
1.000000e+02, 2.136684e+02
1.000000e+02, 2.137605e+02
1.000000e+02, 2.138541e+02
1.000000e+02, 2.139491e+02
1.000000e+02, 2.140457e+02
1.000000e+02, 2.141437e+02
1.000000e+02, 2.142432e+02
1.000000e+02, 2.143442e+02
1.000000e+02, 2.144467e+02
1.000000e+02, 2.145507e+02
1.000000e+02, 2.146562e+02
1.000000e+02, 2.147632e+02
1.000000e+02, 2.148717e+02
1.000000e+02, 2.149817e+02
1.000000e+02, 2.150932e+02
1.000000e+02, 2.152062e+02
1.000000e+02, 2.153207e+02
1.000000e+02, 2.154367e+02
1.000000e+02, 2.155542e+02
1.000000e+02, 2.156732e+02
1.000000e+02, 2.157937e+02
1.000000e+02, 2.159158e+02
1.000000e+02, 2.160393e+02
1.000000e+02, 2.161644e+02
1.000000e+02, 2.162910e+02
1.000000e+02, 2.164191e+02
1.000000e+02, 2.165487e+02
1.000000e+02, 2.166798e+02
1.000000e+02, 2.168125e+02
1.000000e+02, 2.169466e+02
1.000000e+02, 2.170824e+02
1.000000e+02, 2.172196e+02
1.000000e+02, 2.173584e+02
1.000000e+02, 2.174986e+02
1.000000e+02, 2.176405e+02
1.000000e+02, 2.177838e+02
1.000000e+02, 2.179287e+02
1.000000e+02, 2.180752e+02
1.000000e+02, 2.182231e+02
1.000000e+02, 2.183727e+02
1.000000e+02, 2.185237e+02
1.000000e+02, 2.186763e+02
1.000000e+02, 2.188305e+02
1.000000e+02, 2.189862e+02
1.000000e+02, 2.191434e+02
1.000000e+02, 2.193022e+02
1.000000e+02, 2.194626e+02
1.000000e+02, 2.196245e+02
1.000000e+02, 2.197880e+02
1.000000e+02, 2.199530e+02
1.000000e+02, 2.201197e+02
1.000000e+02, 2.202878e+02
1.000000e+02, 2.204576e+02
1.000000e+02, 2.206289e+02
1.000000e+02, 2.208018e+02
1.000000e+02, 2.209762e+02
1.000000e+02, 2.211523e+02
1.000000e+02, 2.213299e+02
1.000000e+02, 2.215091e+02
1.000000e+02, 2.216899e+02
1.000000e+02, 2.218723e+02
1.000000e+02, 2.220563e+02
1.000000e+02, 2.222418e+02
1.000000e+02, 2.224290e+02
1.000000e+02, 2.226177e+02
1.000000e+02, 2.228081e+02
1.000000e+02, 2.230000e+02
1.000000e+02, 2.231936e+02
1.000000e+02, 2.233888e+02
1.000000e+02, 2.235855e+02
1.000000e+02, 2.237839e+02
1.000000e+02, 2.239839e+02
1.000000e+02, 2.241856e+02
1.000000e+02, 2.243888e+02
1.000000e+02, 2.245937e+02
1.000000e+02, 2.248002e+02
1.000000e+02, 2.250083e+02
1.000000e+02, 2.252181e+02
1.000000e+02, 2.254295e+02
1.000000e+02, 2.256425e+02
1.000000e+02, 2.258572e+02
1.000000e+02, 2.260735e+02
1.000000e+02, 2.262915e+02
1.000000e+02, 2.265111e+02
1.000000e+02, 2.267324e+02
1.000000e+02, 2.269553e+02
1.000000e+02, 2.271799e+02
1.000000e+02, 2.274062e+02
1.000000e+02, 2.276341e+02
1.000000e+02, 2.278637e+02
1.000000e+02, 2.280950e+02
1.000000e+02, 2.283279e+02
1.000000e+02, 2.285626e+02
1.000000e+02, 2.287989e+02
1.000000e+02, 2.290369e+02
1.000000e+02, 2.292766e+02
1.000000e+02, 2.295179e+02
1.000000e+02, 2.297610e+02
1.000000e+02, 2.300058e+02
1.000000e+02, 2.302523e+02
1.000000e+02, 2.305005e+02
1.000000e+02, 2.307504e+02
1.000000e+02, 2.310020e+02
1.000000e+02, 2.312553e+02
1.000000e+02, 2.315104e+02
1.000000e+02, 2.317672e+02
1.000000e+02, 2.320257e+02
1.000000e+02, 2.322860e+02
1.000000e+02, 2.325480e+02
1.000000e+02, 2.328117e+02
1.000000e+02, 2.330772e+02
1.000000e+02, 2.333444e+02
1.000000e+02, 2.336134e+02
1.000000e+02, 2.338842e+02
1.000000e+02, 2.341567e+02
1.000000e+02, 2.344309e+02
1.000000e+02, 2.347070e+02
1.000000e+02, 2.349848e+02
1.000000e+02, 2.352644e+02
1.000000e+02, 2.355458e+02
1.000000e+02, 2.358290e+02
1.000000e+02, 2.361140e+02
1.000000e+02, 2.364008e+02
1.000000e+02, 2.366893e+02
1.000000e+02, 2.369797e+02
1.000000e+02, 2.372719e+02
1.000000e+02, 2.375659e+02
1.000000e+02, 2.378618e+02
1.000000e+02, 2.381594e+02
1.000000e+02, 2.384589e+02
1.000000e+02, 2.387602e+02
1.000000e+02, 2.390634e+02
1.000000e+02, 2.393684e+02
1.000000e+02, 2.396753e+02
1.000000e+02, 2.399840e+02
1.000000e+02, 2.402946e+02
1.000000e+02, 2.406070e+02
1.000000e+02, 2.409214e+02
1.000000e+02, 2.412376e+02
1.000000e+02, 2.415556e+02
1.000000e+02, 2.418756e+02
1.000000e+02, 2.421975e+02
1.000000e+02, 2.425212e+02
1.000000e+02, 2.428469e+02
1.000000e+02, 2.431744e+02
1.000000e+02, 2.435039e+02
1.000000e+02, 2.438353e+02
1.000000e+02, 2.441687e+02
1.000000e+02, 2.445039e+02
1.000000e+02, 2.448411e+02
1.000000e+02, 2.451803e+02
1.000000e+02, 2.455214e+02
1.000000e+02, 2.458644e+02
1.000000e+02, 2.462094e+02
1.000000e+02, 2.465564e+02
1.000000e+02, 2.469054e+02
1.000000e+02, 2.472563e+02
1.000000e+02, 2.476092e+02
1.000000e+02, 2.479642e+02
1.000000e+02, 2.483211e+02
1.000000e+02, 2.486800e+02
1.000000e+02, 2.490409e+02
1.000000e+02, 2.494039e+02
1.000000e+02, 2.497689e+02
1.000000e+02, 2.501359e+02
1.000000e+02, 2.505050e+02
1.000000e+02, 2.508761e+02
1.000000e+02, 2.512492e+02
1.000000e+02, 2.516244e+02
1.000000e+02, 2.520017e+02
1.000000e+02, 2.523811e+02
1.000000e+02, 2.527625e+02
1.000000e+02, 2.531461e+02
1.000000e+02, 2.535317e+02
1.000000e+02, 2.539195e+02
1.000000e+02, 2.543093e+02
1.000000e+02, 2.547013e+02
1.000000e+02, 2.550954e+02
1.000000e+02, 2.554916e+02
1.000000e+02, 2.558900e+02
1.000000e+02, 2.562906e+02
1.000000e+02, 2.566932e+02
1.000000e+02, 2.570981e+02
1.000000e+02, 2.575052e+02
1.000000e+02, 2.579144e+02
1.000000e+02, 2.583258e+02
1.000000e+02, 2.587394e+02
1.000000e+02, 2.591553e+02
1.000000e+02, 2.595733e+02
1.000000e+02, 2.599936e+02
1.000000e+02, 2.604161e+02
1.000000e+02, 2.608409e+02
1.000000e+02, 2.612679e+02
1.000000e+02, 2.616972e+02
1.000000e+02, 2.621287e+02
1.000000e+02, 2.625626e+02
1.000000e+02, 2.629987e+02
1.000000e+02, 2.634371e+02
1.000000e+02, 2.638779e+02
1.000000e+02, 2.643209e+02
1.000000e+02, 2.647663e+02
1.000000e+02, 2.652141e+02
1.000000e+02, 2.656642e+02
1.000000e+02, 2.661166e+02
1.000000e+02, 2.665715e+02
1.000000e+02, 2.670287e+02
1.000000e+02, 2.674883e+02
1.000000e+02, 2.679503e+02
1.000000e+02, 2.684147e+02
1.000000e+02, 2.688815e+02
1.000000e+02, 2.693508e+02
1.000000e+02, 2.698226e+02
1.000000e+02, 2.702967e+02
1.000000e+02, 2.707734e+02
1.000000e+02, 2.712525e+02
1.000000e+02, 2.717342e+02
1.000000e+02, 2.722183e+02
1.000000e+02, 2.727050e+02
1.000000e+02, 2.731942e+02
1.000000e+02, 2.736859e+02
1.000000e+02, 2.741802e+02
1.000000e+02, 2.746771e+02
1.000000e+02, 2.751765e+02
1.000000e+02, 2.756785e+02
1.000000e+02, 2.761832e+02
1.000000e+02, 2.766904e+02
1.000000e+02, 2.772003e+02
1.000000e+02, 2.777128e+02
1.000000e+02, 2.782280e+02
1.000000e+02, 2.787459e+02
1.000000e+02, 2.792664e+02
1.000000e+02, 2.797897e+02
1.000000e+02, 2.803157e+02
1.000000e+02, 2.808444e+02
1.000000e+02, 2.813758e+02
1.000000e+02, 2.819100e+02
1.000000e+02, 2.824470e+02
1.000000e+02, 2.829868e+02
1.000000e+02, 2.835293e+02
1.000000e+02, 2.840747e+02
1.000000e+02, 2.846230e+02
1.000000e+02, 2.851741e+02
1.000000e+02, 2.857280e+02
1.000000e+02, 2.862848e+02
1.000000e+02, 2.868446e+02
1.000000e+02, 2.874073e+02
1.000000e+02, 2.879729e+02
1.000000e+02, 2.885414e+02
1.000000e+02, 2.891129e+02
1.000000e+02, 2.896875e+02
1.000000e+02, 2.902650e+02
1.000000e+02, 2.908455e+02
1.000000e+02, 2.914291e+02
1.000000e+02, 2.920158e+02
1.000000e+02, 2.926055e+02
1.000000e+02, 2.931983e+02
1.000000e+02, 2.937943e+02
1.000000e+02, 2.943934e+02
1.000000e+02, 2.949956e+02
1.000000e+02, 2.956011e+02
1.000000e+02, 2.962097e+02
1.000000e+02, 2.968216e+02
1.000000e+02, 2.974367e+02
1.000000e+02, 2.980550e+02
1.000000e+02, 2.986767e+02
1.000000e+02, 2.993017e+02
1.000000e+02, 2.999300e+02
1.000000e+02, 3.005616e+02
1.000000e+02, 3.011966e+02
1.000000e+02, 3.018351e+02
1.000000e+02, 3.024769e+02
1.000000e+02, 3.031222e+02
1.000000e+02, 3.037710e+02
1.000000e+02, 3.044233e+02
1.000000e+02, 3.050791e+02
1.000000e+02, 3.057384e+02
1.000000e+02, 3.064013e+02
1.000000e+02, 3.070678e+02
1.000000e+02, 3.077380e+02
1.000000e+02, 3.084118e+02
1.000000e+02, 3.090893e+02
1.000000e+02, 3.097705e+02
1.000000e+02, 3.104554e+02
1.000000e+02, 3.111441e+02
1.000000e+02, 3.118366e+02
1.000000e+02, 3.125329e+02
1.000000e+02, 3.132331e+02
1.000000e+02, 3.139372e+02
1.000000e+02, 3.146452e+02
1.000000e+02, 3.153571e+02
1.000000e+02, 3.160731e+02
1.000000e+02, 3.167930e+02
1.000000e+02, 3.175170e+02
1.000000e+02, 3.182451e+02
1.000000e+02, 3.189773e+02
1.000000e+02, 3.197137e+02
1.000000e+02, 3.204543e+02
1.000000e+02, 3.211990e+02
1.000000e+02, 3.219481e+02
1.000000e+02, 3.227015e+02
1.000000e+02, 3.234591e+02
1.000000e+02, 3.242212e+02
1.000000e+02, 3.249877e+02
1.000000e+02, 3.257587e+02
1.000000e+02, 3.265341e+02
1.000000e+02, 3.273141e+02
1.000000e+02, 3.280987e+02
1.000000e+02, 3.288880e+02
1.000000e+02, 3.296819e+02
1.000000e+02, 3.304805e+02
1.000000e+02, 3.312839e+02
1.000000e+02, 3.320921e+02
1.000000e+02, 3.329051e+02
1.000000e+02, 3.337231e+02
1.000000e+02, 3.345460e+02
1.000000e+02, 3.353740e+02
1.000000e+02, 3.362070e+02
1.000000e+02, 3.370451e+02
1.000000e+02, 3.378884e+02
1.000000e+02, 3.387369e+02
1.000000e+02, 3.395907e+02
1.000000e+02, 3.404499e+02
1.000000e+02, 3.413144e+02
1.000000e+02, 3.421844e+02
1.000000e+02, 3.430599e+02
1.000000e+02, 3.439410e+02
1.000000e+02, 3.448277e+02
1.000000e+02, 3.457202e+02
1.000000e+02, 3.466184e+02
1.000000e+02, 3.475225e+02
1.000000e+02, 3.484324e+02
1.000000e+02, 3.493484e+02
1.000000e+02, 3.502704e+02
1.000000e+02, 3.511986e+02
1.000000e+02, 3.521330e+02
1.000000e+02, 3.530736e+02
1.000000e+02, 3.540206e+02
1.000000e+02, 3.549741e+02
1.000000e+02, 3.559341e+02
1.000000e+02, 3.569007e+02
1.000000e+02, 3.578740e+02
1.000000e+02, 3.588542e+02
1.000000e+02, 3.598412e+02
1.000000e+02, 8.351469e-01
1.000000e+02, 1.836214e+00
1.000000e+02, 2.844460e+00
1.000000e+02, 3.859987e+00
1.000000e+02, 4.882902e+00
1.000000e+02, 5.913310e+00
1.000000e+02, 6.951323e+00
1.000000e+02, 7.997055e+00
1.000000e+02, 9.050623e+00
1.000000e+02, 1.011215e+01
1.000000e+02, 1.118175e+01
1.000000e+02, 1.225956e+01
1.000000e+02, 1.334570e+01
1.000000e+02, 1.444032e+01
1.000000e+02, 1.554355e+01
1.000000e+02, 1.665553e+01
1.000000e+02, 1.777641e+01
1.000000e+02, 1.890635e+01
1.000000e+02, 2.004549e+01
1.000000e+02, 2.119400e+01
1.000000e+02, 2.235205e+01
1.000000e+02, 2.351981e+01
1.000000e+02, 2.469745e+01
1.000000e+02, 2.588516e+01
1.000000e+02, 2.708313e+01
1.000000e+02, 2.829156e+01
1.000000e+02, 2.951064e+01
1.000000e+02, 3.074060e+01
1.000000e+02, 3.198163e+01
1.000000e+02, 3.323398e+01
1.000000e+02, 3.449788e+01
1.000000e+02, 3.577356e+01
1.000000e+02, 3.706129e+01
1.000000e+02, 3.836131e+01
1.000000e+02, 3.967391e+01
1.000000e+02, 4.099936e+01
1.000000e+02, 4.233796e+01
1.000000e+02, 4.369002e+01
1.000000e+02, 4.505585e+01
1.000000e+02, 4.643579e+01
1.000000e+02, 4.783019e+01
1.000000e+02, 4.923940e+01
1.000000e+02, 5.066380e+01
1.000000e+02, 5.210379e+01
1.000000e+02, 5.355979e+01
1.000000e+02, 5.503222e+01
1.000000e+02, 5.652155e+01
1.000000e+02, 5.802824e+01
1.000000e+02, 5.955281e+01
1.000000e+02, 6.109577e+01
1.000000e+02, 6.265769e+01
1.000000e+02, 6.423914e+01
1.000000e+02, 6.584074e+01
1.000000e+02, 6.746315e+01
1.000000e+02, 6.910705e+01
1.000000e+02, 7.077317e+01
1.000000e+02, 7.246228e+01
1.000000e+02, 7.417521e+01
1.000000e+02, 7.591282e+01
1.000000e+02, 7.767605e+01
1.000000e+02, 7.946588e+01
1.000000e+02, 8.128338e+01
1.000000e+02, 8.312967e+01
1.000000e+02, 8.500598e+01
1.000000e+02, 8.691361e+01
1.000000e+02, 8.885397e+01
1.000000e+02, 9.082857e+01
1.000000e+02, 9.283907e+01
1.000000e+02, 9.488724e+01
1.000000e+02, 9.697504e+01
1.000000e+02, 9.910457e+01
1.000000e+02, 1.012782e+02
1.000000e+02, 1.034984e+02
1.000000e+02, 1.057680e+02
1.000000e+02, 1.080901e+02
1.000000e+02, 1.104683e+02
1.000000e+02, 1.129063e+02
1.000000e+02, 1.154085e+02
1.000000e+02, 1.179798e+02
1.000000e+02, 1.206259e+02
1.000000e+02, 1.233530e+02
1.000000e+02, 1.261686e+02
1.000000e+02, 1.290813e+02
1.000000e+02, 1.321011e+02
1.000000e+02, 1.352400e+02
1.000000e+02, 1.385126e+02
1.000000e+02, 1.419364e+02
1.000000e+02, 1.455337e+02
1.000000e+02, 1.493323e+02
1.000000e+02, 1.533690e+02
1.000000e+02, 1.576933e+02
1.000000e+02, 1.623750e+02
1.000000e+02, 1.675180e+02
1.000000e+02, 1.732905e+02
1.000000e+02, 1.800000e+02
##END= 