##TITLE= /opt/topspin3.0/exp/stan/nmr/lists/wave/user/HypSec_trunc2.84_110
##JCAMP-DX= 5.00 Bruker JCAMP library
##DATA TYPE= Shape Data
##ORIGIN= Bruker BioSpin GmbH
##OWNER= <nmrsu>
##DATE= 15/02/24
##TIME= 16:15:04
##MINX= 1.164538e+01
##MAXX= 9.999960e+01
##MINY= 2.546774e-02
##MAXY= 3.585574e+02
##$SHAPE_EXMODE= Adiabatic
##$SHAPE_TOTROT= 1.800000e+02
##$SHAPE_BWFAC= 1.929340e+02
##$SHAPE_INTEGFAC= 2.356110e-02
##$SHAPE_MODE= 0
##NPOINTS= 1000
##XYPOINTS= (XY..XY)
1.000000e+02, 1.800000e+02
1.000000e+02, 1.760806e+02
1.000000e+02, 1.727085e+02
1.000000e+02, 1.697042e+02
1.000000e+02, 1.669694e+02
1.000000e+02, 1.644433e+02
1.000000e+02, 1.620852e+02
1.000000e+02, 1.598662e+02
1.000000e+02, 1.577648e+02
1.000000e+02, 1.557648e+02
1.000000e+02, 1.538531e+02
1.000000e+02, 1.520194e+02
1.000000e+02, 1.502554e+02
1.000000e+02, 1.485539e+02
1.000000e+02, 1.469092e+02
1.000000e+02, 1.453161e+02
1.000000e+02, 1.437704e+02
1.000000e+02, 1.422683e+02
1.000000e+02, 1.408066e+02
1.000000e+02, 1.393825e+02
1.000000e+02, 1.379932e+02
1.000000e+02, 1.366367e+02
1.000000e+02, 1.353109e+02
1.000000e+02, 1.340140e+02
1.000000e+02, 1.327442e+02
1.000000e+02, 1.315003e+02
1.000000e+02, 1.302807e+02
1.000000e+02, 1.290842e+02
1.000000e+02, 1.279098e+02
1.000000e+02, 1.267563e+02
1.000000e+02, 1.256228e+02
1.000000e+02, 1.245084e+02
1.000000e+02, 1.234124e+02
1.000000e+02, 1.223339e+02
1.000000e+02, 1.212721e+02
1.000000e+02, 1.202266e+02
1.000000e+02, 1.191966e+02
1.000000e+02, 1.181816e+02
1.000000e+02, 1.171809e+02
1.000000e+02, 1.161942e+02
1.000000e+02, 1.152209e+02
1.000000e+02, 1.142607e+02
1.000000e+02, 1.133129e+02
1.000000e+02, 1.123773e+02
1.000000e+02, 1.114535e+02
1.000000e+02, 1.105411e+02
1.000000e+02, 1.096398e+02
1.000000e+02, 1.087492e+02
1.000000e+02, 1.078690e+02
1.000000e+02, 1.069990e+02
1.000000e+02, 1.061389e+02
1.000000e+02, 1.052884e+02
1.000000e+02, 1.044472e+02
1.000000e+02, 1.036151e+02
1.000000e+02, 1.027919e+02
1.000000e+02, 1.019773e+02
1.000000e+02, 1.011712e+02
1.000000e+02, 1.003734e+02
1.000000e+02, 9.958356e+01
1.000000e+02, 9.880160e+01
1.000000e+02, 9.802733e+01
1.000000e+02, 9.726057e+01
1.000000e+02, 9.650114e+01
1.000000e+02, 9.574891e+01
1.000000e+02, 9.500371e+01
1.000000e+02, 9.426539e+01
1.000000e+02, 9.353382e+01
1.000000e+02, 9.280886e+01
1.000000e+02, 9.209037e+01
1.000000e+02, 9.137824e+01
1.000000e+02, 9.067232e+01
1.000000e+02, 8.997252e+01
1.000000e+02, 8.927871e+01
1.000000e+02, 8.859078e+01
1.000000e+02, 8.790862e+01
1.000000e+02, 8.723214e+01
1.000000e+02, 8.656122e+01
1.000000e+02, 8.589579e+01
1.000000e+02, 8.523572e+01
1.000000e+02, 8.458095e+01
1.000000e+02, 8.393138e+01
1.000000e+02, 8.328692e+01
1.000000e+02, 8.264749e+01
1.000000e+02, 8.201301e+01
1.000000e+02, 8.138340e+01
1.000000e+02, 8.075858e+01
1.000000e+02, 8.013848e+01
1.000000e+02, 7.952303e+01
1.000000e+02, 7.891216e+01
1.000000e+02, 7.830579e+01
1.000000e+02, 7.770387e+01
1.000000e+02, 7.710633e+01
1.000000e+02, 7.651310e+01
1.000000e+02, 7.592412e+01
1.000000e+02, 7.533934e+01
1.000000e+02, 7.475870e+01
1.000000e+02, 7.418213e+01
1.000000e+02, 7.360958e+01
1.000000e+02, 7.304101e+01
1.000000e+02, 7.247635e+01
1.000000e+02, 7.191556e+01
1.000000e+02, 7.135859e+01
1.000000e+02, 7.080538e+01
1.000000e+02, 7.025589e+01
1.000000e+02, 6.971007e+01
1.000000e+02, 6.916788e+01
1.000000e+02, 6.862927e+01
1.000000e+02, 6.809420e+01
1.000000e+02, 6.756263e+01
1.000000e+02, 6.703451e+01
1.000000e+02, 6.650980e+01
1.000000e+02, 6.598847e+01
1.000000e+02, 6.547048e+01
1.000000e+02, 6.495578e+01
1.000000e+02, 6.444434e+01
1.000000e+02, 6.393613e+01
1.000000e+02, 6.343110e+01
1.000000e+02, 6.292923e+01
1.000000e+02, 6.243047e+01
1.000000e+02, 6.193480e+01
1.000000e+02, 6.144218e+01
1.000000e+02, 6.095259e+01
1.000000e+02, 6.046598e+01
1.000000e+02, 5.998233e+01
1.000000e+02, 5.950160e+01
1.000000e+02, 5.902378e+01
1.000000e+02, 5.854882e+01
1.000000e+02, 5.807671e+01
1.000000e+02, 5.760740e+01
1.000000e+02, 5.714088e+01
1.000000e+02, 5.667712e+01
1.000000e+02, 5.621609e+01
1.000000e+02, 5.575776e+01
1.000000e+02, 5.530212e+01
1.000000e+02, 5.484913e+01
1.000000e+02, 5.439877e+01
1.000000e+02, 5.395101e+01
1.000000e+02, 5.350584e+01
1.000000e+02, 5.306322e+01
1.000000e+02, 5.262315e+01
1.000000e+02, 5.218558e+01
1.000000e+02, 5.175051e+01
1.000000e+02, 5.131791e+01
1.000000e+02, 5.088775e+01
1.000000e+02, 5.046002e+01
1.000000e+02, 5.003470e+01
1.000000e+02, 4.961177e+01
1.000000e+02, 4.919120e+01
1.000000e+02, 4.877298e+01
1.000000e+02, 4.835709e+01
1.000000e+02, 4.794351e+01
1.000000e+02, 4.753222e+01
1.000000e+02, 4.712320e+01
1.000000e+02, 4.671643e+01
1.000000e+02, 4.631190e+01
1.000000e+02, 4.590959e+01
1.000000e+02, 4.550948e+01
1.000000e+02, 4.511155e+01
1.000000e+02, 4.471579e+01
1.000000e+02, 4.432218e+01
1.000000e+02, 4.393071e+01
1.000000e+02, 4.354136e+01
1.000000e+02, 4.315411e+01
1.000000e+02, 4.276895e+01
1.000000e+02, 4.238586e+01
1.000000e+02, 4.200483e+01
1.000000e+02, 4.162585e+01
1.000000e+02, 4.124889e+01
1.000000e+02, 4.087395e+01
1.000000e+02, 4.050100e+01
1.000000e+02, 4.013005e+01
1.000000e+02, 3.976106e+01
1.000000e+02, 3.939404e+01
1.000000e+02, 3.902896e+01
1.000000e+02, 3.866582e+01
1.000000e+02, 3.830459e+01
1.000000e+02, 3.794528e+01
1.000000e+02, 3.758785e+01
1.000000e+02, 3.723231e+01
1.000000e+02, 3.687864e+01
1.000000e+02, 3.652683e+01
1.000000e+02, 3.617686e+01
1.000000e+02, 3.582873e+01
1.000000e+02, 3.548242e+01
1.000000e+02, 3.513792e+01
1.000000e+02, 3.479522e+01
1.000000e+02, 3.445431e+01
1.000000e+02, 3.411518e+01
1.000000e+02, 3.377782e+01
1.000000e+02, 3.344221e+01
1.000000e+02, 3.310835e+01
1.000000e+02, 3.277622e+01
1.000000e+02, 3.244582e+01
1.000000e+02, 3.211714e+01
1.000000e+02, 3.179016e+01
1.000000e+02, 3.146487e+01
1.000000e+02, 3.114128e+01
1.000000e+02, 3.081935e+01
1.000000e+02, 3.049910e+01
1.000000e+02, 3.018050e+01
1.000000e+02, 2.986355e+01
1.000000e+02, 2.954824e+01
1.000000e+02, 2.923456e+01
1.000000e+02, 2.892250e+01
1.000000e+02, 2.861205e+01
1.000000e+02, 2.830321e+01
1.000000e+02, 2.799596e+01
1.000000e+02, 2.769029e+01
1.000000e+02, 2.738621e+01
1.000000e+02, 2.708369e+01
1.000000e+02, 2.678274e+01
1.000000e+02, 2.648334e+01
1.000000e+02, 2.618549e+01
1.000000e+02, 2.588917e+01
1.000000e+02, 2.559438e+01
1.000000e+02, 2.530112e+01
1.000000e+02, 2.500937e+01
1.000000e+02, 2.471913e+01
1.000000e+02, 2.443038e+01
1.000000e+02, 2.414313e+01
1.000000e+02, 2.385737e+01
1.000000e+02, 2.357308e+01
1.000000e+02, 2.329026e+01
1.000000e+02, 2.300891e+01
1.000000e+02, 2.272902e+01
1.000000e+02, 2.245057e+01
1.000000e+02, 2.217357e+01
1.000000e+02, 2.189800e+01
1.000000e+02, 2.162387e+01
1.000000e+02, 2.135116e+01
1.000000e+02, 2.107986e+01
1.000000e+02, 2.080998e+01
1.000000e+02, 2.054150e+01
1.000000e+02, 2.027441e+01
1.000000e+02, 2.000872e+01
1.000000e+02, 1.974442e+01
1.000000e+02, 1.948149e+01
1.000000e+02, 1.921994e+01
1.000000e+02, 1.895976e+01
1.000000e+02, 1.870094e+01
1.000000e+02, 1.844347e+01
1.000000e+02, 1.818736e+01
1.000000e+02, 1.793259e+01
1.000000e+02, 1.767916e+01
1.000000e+02, 1.742706e+01
1.000000e+02, 1.717629e+01
1.000000e+02, 1.692684e+01
1.000000e+02, 1.667871e+01
1.000000e+02, 1.643190e+01
1.000000e+02, 1.618639e+01
1.000000e+02, 1.594218e+01
1.000000e+02, 1.569927e+01
1.000000e+02, 1.545765e+01
1.000000e+02, 1.521731e+01
1.000000e+02, 1.497826e+01
1.000000e+02, 1.474048e+01
1.000000e+02, 1.450398e+01
1.000000e+02, 1.426874e+01
1.000000e+02, 1.403476e+01
1.000000e+02, 1.380204e+01
1.000000e+02, 1.357058e+01
1.000000e+02, 1.334036e+01
1.000000e+02, 1.311138e+01
1.000000e+02, 1.288364e+01
1.000000e+02, 1.265714e+01
1.000000e+02, 1.243187e+01
1.000000e+02, 1.220782e+01
1.000000e+02, 1.198500e+01
1.000000e+02, 1.176339e+01
1.000000e+02, 1.154299e+01
1.000000e+02, 1.132380e+01
1.000000e+02, 1.110582e+01
1.000000e+02, 1.088903e+01
1.000000e+02, 1.067345e+01
1.000000e+02, 1.045905e+01
1.000000e+02, 1.024584e+01
1.000000e+02, 1.003382e+01
1.000000e+02, 9.822970e+00
1.000000e+02, 9.613302e+00
1.000000e+02, 9.404805e+00
1.000000e+02, 9.197476e+00
1.000000e+02, 8.991312e+00
1.000000e+02, 8.786309e+00
1.000000e+02, 8.582463e+00
1.000000e+02, 8.379771e+00
1.000000e+02, 8.178228e+00
1.000000e+02, 7.977832e+00
1.000000e+02, 7.778578e+00
1.000000e+02, 7.580463e+00
1.000000e+02, 7.383484e+00
1.000000e+02, 7.187637e+00
1.000000e+02, 6.992918e+00
1.000000e+02, 6.799326e+00
1.000000e+02, 6.606855e+00
1.000000e+02, 6.415502e+00
1.000000e+02, 6.225265e+00
1.000000e+02, 6.036140e+00
1.000000e+02, 5.848124e+00
1.000000e+02, 5.661214e+00
1.000000e+02, 5.475406e+00
1.000000e+02, 5.290698e+00
1.000000e+02, 5.107085e+00
1.000000e+02, 4.924566e+00
1.000000e+02, 4.743137e+00
1.000000e+02, 4.562796e+00
1.000000e+02, 4.383538e+00
1.000000e+02, 4.205361e+00
1.000000e+02, 4.028263e+00
1.000000e+02, 3.852240e+00
1.000000e+02, 3.677290e+00
1.000000e+02, 3.503409e+00
1.000000e+02, 3.330594e+00
1.000000e+02, 3.158844e+00
1.000000e+02, 2.988155e+00
1.000000e+02, 2.818525e+00
1.000000e+02, 2.649950e+00
1.000000e+02, 2.482429e+00
1.000000e+02, 2.315958e+00
1.000000e+02, 2.150534e+00
1.000000e+02, 1.986156e+00
1.000000e+02, 1.822820e+00
1.000000e+02, 1.660525e+00
1.000000e+02, 1.499267e+00
1.000000e+02, 1.339044e+00
1.000000e+02, 1.179853e+00
1.000000e+02, 1.021692e+00
1.000000e+02, 8.645593e-01
1.000000e+02, 7.084515e-01
1.000000e+02, 5.533664e-01
1.000000e+02, 3.993018e-01
1.000000e+02, 2.462552e-01
1.000000e+02, 9.422442e-02
1.000000e+02, 3.599432e+02
1.000000e+02, 3.597932e+02
1.000000e+02, 3.596442e+02
1.000000e+02, 3.594962e+02
1.000000e+02, 3.593492e+02
1.000000e+02, 3.592032e+02
1.000000e+02, 3.590583e+02
1.000000e+02, 3.589143e+02
1.000000e+02, 3.587713e+02
1.000000e+02, 3.586293e+02
1.000000e+02, 3.584883e+02
1.000000e+02, 3.583483e+02
1.000000e+02, 3.582092e+02
1.000000e+02, 3.580712e+02
1.000000e+02, 3.579341e+02
1.000000e+02, 3.577981e+02
1.000000e+02, 3.576630e+02
1.000000e+02, 3.575288e+02
1.000000e+02, 3.573957e+02
1.000000e+02, 3.572635e+02
1.000000e+02, 3.571323e+02
1.000000e+02, 3.570021e+02
1.000000e+02, 3.568728e+02
1.000000e+02, 3.567445e+02
1.000000e+02, 3.566172e+02
1.000000e+02, 3.564908e+02
1.000000e+02, 3.563654e+02
1.000000e+02, 3.562410e+02
1.000000e+02, 3.561175e+02
1.000000e+02, 3.559950e+02
1.000000e+02, 3.558734e+02
1.000000e+02, 3.557528e+02
1.000000e+02, 3.556331e+02
1.000000e+02, 3.555143e+02
1.000000e+02, 3.553966e+02
1.000000e+02, 3.552797e+02
1.000000e+02, 3.551638e+02
1.000000e+02, 3.550489e+02
1.000000e+02, 3.549349e+02
1.000000e+02, 3.548218e+02
1.000000e+02, 3.547097e+02
1.000000e+02, 3.545985e+02
1.000000e+02, 3.544882e+02
1.000000e+02, 3.543789e+02
1.000000e+02, 3.542705e+02
1.000000e+02, 3.541630e+02
1.000000e+02, 3.540565e+02
1.000000e+02, 3.539509e+02
1.000000e+02, 3.538462e+02
1.000000e+02, 3.537424e+02
1.000000e+02, 3.536396e+02
1.000000e+02, 3.535377e+02
1.000000e+02, 3.534367e+02
1.000000e+02, 3.533366e+02
1.000000e+02, 3.532374e+02
1.000000e+02, 3.531392e+02
1.000000e+02, 3.530419e+02
1.000000e+02, 3.529455e+02
1.000000e+02, 3.528500e+02
1.000000e+02, 3.527554e+02
1.000000e+02, 3.526617e+02
1.000000e+02, 3.525689e+02
1.000000e+02, 3.524771e+02
1.000000e+02, 3.523861e+02
1.000000e+02, 3.522961e+02
1.000000e+02, 3.522069e+02
1.000000e+02, 3.521187e+02
1.000000e+02, 3.520313e+02
1.000000e+02, 3.519449e+02
1.000000e+02, 3.518594e+02
1.000000e+02, 3.517747e+02
1.000000e+02, 3.516910e+02
1.000000e+02, 3.516081e+02
1.000000e+02, 3.515262e+02
1.000000e+02, 3.514451e+02
1.000000e+02, 3.513649e+02
1.000000e+02, 3.512857e+02
1.000000e+02, 3.512073e+02
1.000000e+02, 3.511298e+02
1.000000e+02, 3.510532e+02
1.000000e+02, 3.509775e+02
1.000000e+02, 3.509026e+02
1.000000e+02, 3.508287e+02
1.000000e+02, 3.507556e+02
1.000000e+02, 3.506835e+02
1.000000e+02, 3.506122e+02
1.000000e+02, 3.505418e+02
1.000000e+02, 3.504723e+02
1.000000e+02, 3.504036e+02
1.000000e+02, 3.503358e+02
1.000000e+02, 3.502690e+02
1.000000e+02, 3.502030e+02
1.000000e+02, 3.501378e+02
1.000000e+02, 3.500736e+02
1.000000e+02, 3.500102e+02
1.000000e+02, 3.499477e+02
1.000000e+02, 3.498861e+02
1.000000e+02, 3.498253e+02
1.000000e+02, 3.497654e+02
1.000000e+02, 3.497064e+02
1.000000e+02, 3.496483e+02
1.000000e+02, 3.495910e+02
1.000000e+02, 3.495346e+02
1.000000e+02, 3.494791e+02
1.000000e+02, 3.494244e+02
1.000000e+02, 3.493707e+02
1.000000e+02, 3.493177e+02
1.000000e+02, 3.492657e+02
1.000000e+02, 3.492145e+02
1.000000e+02, 3.491642e+02
1.000000e+02, 3.491147e+02
1.000000e+02, 3.490661e+02
1.000000e+02, 3.490184e+02
1.000000e+02, 3.489715e+02
1.000000e+02, 3.489255e+02
1.000000e+02, 3.488803e+02
1.000000e+02, 3.488360e+02
1.000000e+02, 3.487926e+02
1.000000e+02, 3.487501e+02
1.000000e+02, 3.487083e+02
1.000000e+02, 3.486675e+02
1.000000e+02, 3.486275e+02
1.000000e+02, 3.485884e+02
1.000000e+02, 3.485501e+02
1.000000e+02, 3.485127e+02
1.000000e+02, 3.484761e+02
1.000000e+02, 3.484404e+02
1.000000e+02, 3.484056e+02
1.000000e+02, 3.483716e+02
1.000000e+02, 3.483385e+02
1.000000e+02, 3.483062e+02
1.000000e+02, 3.482747e+02
1.000000e+02, 3.482442e+02
1.000000e+02, 3.482145e+02
1.000000e+02, 3.481856e+02
1.000000e+02, 3.481576e+02
1.000000e+02, 3.481304e+02
1.000000e+02, 3.481041e+02
1.000000e+02, 3.480786e+02
1.000000e+02, 3.480540e+02
1.000000e+02, 3.480303e+02
1.000000e+02, 3.480074e+02
1.000000e+02, 3.479853e+02
1.000000e+02, 3.479641e+02
1.000000e+02, 3.479438e+02
1.000000e+02, 3.479243e+02
1.000000e+02, 3.479056e+02
1.000000e+02, 3.478878e+02
1.000000e+02, 3.478709e+02
1.000000e+02, 3.478547e+02
1.000000e+02, 3.478395e+02
1.000000e+02, 3.478251e+02
1.000000e+02, 3.478115e+02
1.000000e+02, 3.477988e+02
1.000000e+02, 3.477869e+02
1.000000e+02, 3.477759e+02
1.000000e+02, 3.477658e+02
1.000000e+02, 3.477564e+02
1.000000e+02, 3.477480e+02
1.000000e+02, 3.477403e+02
1.000000e+02, 3.477336e+02
1.000000e+02, 3.477276e+02
1.000000e+02, 3.477226e+02
1.000000e+02, 3.477183e+02
1.000000e+02, 3.477149e+02
1.000000e+02, 3.477124e+02
1.000000e+02, 3.477107e+02
1.000000e+02, 3.477098e+02
1.000000e+02, 3.477098e+02
1.000000e+02, 3.477107e+02
1.000000e+02, 3.477124e+02
1.000000e+02, 3.477149e+02
1.000000e+02, 3.477183e+02
1.000000e+02, 3.477226e+02
1.000000e+02, 3.477276e+02
1.000000e+02, 3.477336e+02
1.000000e+02, 3.477403e+02
1.000000e+02, 3.477480e+02
1.000000e+02, 3.477564e+02
1.000000e+02, 3.477658e+02
1.000000e+02, 3.477759e+02
1.000000e+02, 3.477869e+02
1.000000e+02, 3.477988e+02
1.000000e+02, 3.478115e+02
1.000000e+02, 3.478251e+02
1.000000e+02, 3.478395e+02
1.000000e+02, 3.478547e+02
1.000000e+02, 3.478709e+02
1.000000e+02, 3.478878e+02
1.000000e+02, 3.479056e+02
1.000000e+02, 3.479243e+02
1.000000e+02, 3.479438e+02
1.000000e+02, 3.479641e+02
1.000000e+02, 3.479853e+02
1.000000e+02, 3.480074e+02
1.000000e+02, 3.480303e+02
1.000000e+02, 3.480540e+02
1.000000e+02, 3.480786e+02
1.000000e+02, 3.481041e+02
1.000000e+02, 3.481304e+02
1.000000e+02, 3.481576e+02
1.000000e+02, 3.481856e+02
1.000000e+02, 3.482145e+02
1.000000e+02, 3.482442e+02
1.000000e+02, 3.482747e+02
1.000000e+02, 3.483062e+02
1.000000e+02, 3.483385e+02
1.000000e+02, 3.483716e+02
1.000000e+02, 3.484056e+02
1.000000e+02, 3.484404e+02
1.000000e+02, 3.484761e+02
1.000000e+02, 3.485127e+02
1.000000e+02, 3.485501e+02
1.000000e+02, 3.485884e+02
1.000000e+02, 3.486275e+02
1.000000e+02, 3.486675e+02
1.000000e+02, 3.487083e+02
1.000000e+02, 3.487501e+02
1.000000e+02, 3.487926e+02
1.000000e+02, 3.488360e+02
1.000000e+02, 3.488803e+02
1.000000e+02, 3.489255e+02
1.000000e+02, 3.489715e+02
1.000000e+02, 3.490184e+02
1.000000e+02, 3.490661e+02
1.000000e+02, 3.491147e+02
1.000000e+02, 3.491642e+02
1.000000e+02, 3.492145e+02
1.000000e+02, 3.492657e+02
1.000000e+02, 3.493177e+02
1.000000e+02, 3.493707e+02
1.000000e+02, 3.494244e+02
1.000000e+02, 3.494791e+02
1.000000e+02, 3.495346e+02
1.000000e+02, 3.495910e+02
1.000000e+02, 3.496483e+02
1.000000e+02, 3.497064e+02
1.000000e+02, 3.497654e+02
1.000000e+02, 3.498253e+02
1.000000e+02, 3.498861e+02
1.000000e+02, 3.499477e+02
1.000000e+02, 3.500102e+02
1.000000e+02, 3.500736e+02
1.000000e+02, 3.501378e+02
1.000000e+02, 3.502030e+02
1.000000e+02, 3.502690e+02
1.000000e+02, 3.503358e+02
1.000000e+02, 3.504036e+02
1.000000e+02, 3.504723e+02
1.000000e+02, 3.505418e+02
1.000000e+02, 3.506122e+02
1.000000e+02, 3.506835e+02
1.000000e+02, 3.507556e+02
1.000000e+02, 3.508287e+02
1.000000e+02, 3.509026e+02
1.000000e+02, 3.509775e+02
1.000000e+02, 3.510532e+02
1.000000e+02, 3.511298e+02
1.000000e+02, 3.512073e+02
1.000000e+02, 3.512857e+02
1.000000e+02, 3.513649e+02
1.000000e+02, 3.514451e+02
1.000000e+02, 3.515262e+02
1.000000e+02, 3.516081e+02
1.000000e+02, 3.516910e+02
1.000000e+02, 3.517747e+02
1.000000e+02, 3.518594e+02
1.000000e+02, 3.519449e+02
1.000000e+02, 3.520313e+02
1.000000e+02, 3.521187e+02
1.000000e+02, 3.522069e+02
1.000000e+02, 3.522961e+02
1.000000e+02, 3.523861e+02
1.000000e+02, 3.524771e+02
1.000000e+02, 3.525689e+02
1.000000e+02, 3.526617e+02
1.000000e+02, 3.527554e+02
1.000000e+02, 3.528500e+02
1.000000e+02, 3.529455e+02
1.000000e+02, 3.530419e+02
1.000000e+02, 3.531392e+02
1.000000e+02, 3.532374e+02
1.000000e+02, 3.533366e+02
1.000000e+02, 3.534367e+02
1.000000e+02, 3.535377e+02
1.000000e+02, 3.536396e+02
1.000000e+02, 3.537424e+02
1.000000e+02, 3.538462e+02
1.000000e+02, 3.539509e+02
1.000000e+02, 3.540565e+02
1.000000e+02, 3.541630e+02
1.000000e+02, 3.542705e+02
1.000000e+02, 3.543789e+02
1.000000e+02, 3.544882e+02
1.000000e+02, 3.545985e+02
1.000000e+02, 3.547097e+02
1.000000e+02, 3.548218e+02
1.000000e+02, 3.549349e+02
1.000000e+02, 3.550489e+02
1.000000e+02, 3.551638e+02
1.000000e+02, 3.552797e+02
1.000000e+02, 3.553966e+02
1.000000e+02, 3.555143e+02
1.000000e+02, 3.556331e+02
1.000000e+02, 3.557528e+02
1.000000e+02, 3.558734e+02
1.000000e+02, 3.559950e+02
1.000000e+02, 3.561175e+02
1.000000e+02, 3.562410e+02
1.000000e+02, 3.563654e+02
1.000000e+02, 3.564908e+02
1.000000e+02, 3.566172e+02
1.000000e+02, 3.567445e+02
1.000000e+02, 3.568728e+02
1.000000e+02, 3.570021e+02
1.000000e+02, 3.571323e+02
1.000000e+02, 3.572635e+02
1.000000e+02, 3.573957e+02
1.000000e+02, 3.575288e+02
1.000000e+02, 3.576630e+02
1.000000e+02, 3.577981e+02
1.000000e+02, 3.579341e+02
1.000000e+02, 3.580712e+02
1.000000e+02, 3.582092e+02
1.000000e+02, 3.583483e+02
1.000000e+02, 3.584883e+02
1.000000e+02, 3.586293e+02
1.000000e+02, 3.587713e+02
1.000000e+02, 3.589143e+02
1.000000e+02, 3.590583e+02
1.000000e+02, 3.592032e+02
1.000000e+02, 3.593492e+02
1.000000e+02, 3.594962e+02
1.000000e+02, 3.596442e+02
1.000000e+02, 3.597932e+02
1.000000e+02, 3.599432e+02
1.000000e+02, 9.422513e-02
1.000000e+02, 2.462560e-01
1.000000e+02, 3.993025e-01
1.000000e+02, 5.533672e-01
1.000000e+02, 7.084522e-01
1.000000e+02, 8.645600e-01
1.000000e+02, 1.021693e+00
1.000000e+02, 1.179854e+00
1.000000e+02, 1.339044e+00
1.000000e+02, 1.499267e+00
1.000000e+02, 1.660525e+00
1.000000e+02, 1.822821e+00
1.000000e+02, 1.986157e+00
1.000000e+02, 2.150535e+00
1.000000e+02, 2.315958e+00
1.000000e+02, 2.482429e+00
1.000000e+02, 2.649951e+00
1.000000e+02, 2.818526e+00
1.000000e+02, 2.988156e+00
1.000000e+02, 3.158845e+00
1.000000e+02, 3.330595e+00
1.000000e+02, 3.503409e+00
1.000000e+02, 3.677290e+00
1.000000e+02, 3.852241e+00
1.000000e+02, 4.028264e+00
1.000000e+02, 4.205362e+00
1.000000e+02, 4.383539e+00
1.000000e+02, 4.562796e+00
1.000000e+02, 4.743138e+00
1.000000e+02, 4.924567e+00
1.000000e+02, 5.107086e+00
1.000000e+02, 5.290699e+00
1.000000e+02, 5.475407e+00
1.000000e+02, 5.661215e+00
1.000000e+02, 5.848125e+00
1.000000e+02, 6.036141e+00
1.000000e+02, 6.225266e+00
1.000000e+02, 6.415503e+00
1.000000e+02, 6.606855e+00
1.000000e+02, 6.799326e+00
1.000000e+02, 6.992919e+00
1.000000e+02, 7.187638e+00
1.000000e+02, 7.383485e+00
1.000000e+02, 7.580464e+00
1.000000e+02, 7.778579e+00
1.000000e+02, 7.977833e+00
1.000000e+02, 8.178229e+00
1.000000e+02, 8.379772e+00
1.000000e+02, 8.582464e+00
1.000000e+02, 8.786310e+00
1.000000e+02, 8.991313e+00
1.000000e+02, 9.197477e+00
1.000000e+02, 9.404806e+00
1.000000e+02, 9.613303e+00
1.000000e+02, 9.822971e+00
1.000000e+02, 1.003382e+01
1.000000e+02, 1.024584e+01
1.000000e+02, 1.045905e+01
1.000000e+02, 1.067345e+01
1.000000e+02, 1.088903e+01
1.000000e+02, 1.110582e+01
1.000000e+02, 1.132380e+01
1.000000e+02, 1.154299e+01
1.000000e+02, 1.176339e+01
1.000000e+02, 1.198500e+01
1.000000e+02, 1.220782e+01
1.000000e+02, 1.243187e+01
1.000000e+02, 1.265714e+01
1.000000e+02, 1.288365e+01
1.000000e+02, 1.311138e+01
1.000000e+02, 1.334036e+01
1.000000e+02, 1.357058e+01
1.000000e+02, 1.380204e+01
1.000000e+02, 1.403476e+01
1.000000e+02, 1.426874e+01
1.000000e+02, 1.450398e+01
1.000000e+02, 1.474048e+01
1.000000e+02, 1.497826e+01
1.000000e+02, 1.521731e+01
1.000000e+02, 1.545765e+01
1.000000e+02, 1.569927e+01
1.000000e+02, 1.594218e+01
1.000000e+02, 1.618639e+01
1.000000e+02, 1.643190e+01
1.000000e+02, 1.667872e+01
1.000000e+02, 1.692684e+01
1.000000e+02, 1.717629e+01
1.000000e+02, 1.742706e+01
1.000000e+02, 1.767916e+01
1.000000e+02, 1.793259e+01
1.000000e+02, 1.818736e+01
1.000000e+02, 1.844347e+01
1.000000e+02, 1.870094e+01
1.000000e+02, 1.895976e+01
1.000000e+02, 1.921994e+01
1.000000e+02, 1.948149e+01
1.000000e+02, 1.974442e+01
1.000000e+02, 2.000872e+01
1.000000e+02, 2.027441e+01
1.000000e+02, 2.054150e+01
1.000000e+02, 2.080998e+01
1.000000e+02, 2.107986e+01
1.000000e+02, 2.135116e+01
1.000000e+02, 2.162387e+01
1.000000e+02, 2.189800e+01
1.000000e+02, 2.217357e+01
1.000000e+02, 2.245057e+01
1.000000e+02, 2.272902e+01
1.000000e+02, 2.300891e+01
1.000000e+02, 2.329027e+01
1.000000e+02, 2.357308e+01
1.000000e+02, 2.385737e+01
1.000000e+02, 2.414314e+01
1.000000e+02, 2.443039e+01
1.000000e+02, 2.471913e+01
1.000000e+02, 2.500937e+01
1.000000e+02, 2.530112e+01
1.000000e+02, 2.559438e+01
1.000000e+02, 2.588917e+01
1.000000e+02, 2.618549e+01
1.000000e+02, 2.648334e+01
1.000000e+02, 2.678274e+01
1.000000e+02, 2.708370e+01
1.000000e+02, 2.738621e+01
1.000000e+02, 2.769030e+01
1.000000e+02, 2.799596e+01
1.000000e+02, 2.830321e+01
1.000000e+02, 2.861205e+01
1.000000e+02, 2.892250e+01
1.000000e+02, 2.923456e+01
1.000000e+02, 2.954824e+01
1.000000e+02, 2.986355e+01
1.000000e+02, 3.018050e+01
1.000000e+02, 3.049910e+01
1.000000e+02, 3.081936e+01
1.000000e+02, 3.114128e+01
1.000000e+02, 3.146488e+01
1.000000e+02, 3.179016e+01
1.000000e+02, 3.211714e+01
1.000000e+02, 3.244582e+01
1.000000e+02, 3.277622e+01
1.000000e+02, 3.310835e+01
1.000000e+02, 3.344221e+01
1.000000e+02, 3.377782e+01
1.000000e+02, 3.411518e+01
1.000000e+02, 3.445431e+01
1.000000e+02, 3.479522e+01
1.000000e+02, 3.513792e+01
1.000000e+02, 3.548242e+01
1.000000e+02, 3.582873e+01
1.000000e+02, 3.617686e+01
1.000000e+02, 3.652683e+01
1.000000e+02, 3.687864e+01
1.000000e+02, 3.723231e+01
1.000000e+02, 3.758785e+01
1.000000e+02, 3.794528e+01
1.000000e+02, 3.830459e+01
1.000000e+02, 3.866582e+01
1.000000e+02, 3.902896e+01
1.000000e+02, 3.939404e+01
1.000000e+02, 3.976107e+01
1.000000e+02, 4.013005e+01
1.000000e+02, 4.050101e+01
1.000000e+02, 4.087395e+01
1.000000e+02, 4.124889e+01
1.000000e+02, 4.162585e+01
1.000000e+02, 4.200483e+01
1.000000e+02, 4.238586e+01
1.000000e+02, 4.276895e+01
1.000000e+02, 4.315411e+01
1.000000e+02, 4.354136e+01
1.000000e+02, 4.393071e+01
1.000000e+02, 4.432218e+01
1.000000e+02, 4.471579e+01
1.000000e+02, 4.511155e+01
1.000000e+02, 4.550948e+01
1.000000e+02, 4.590959e+01
1.000000e+02, 4.631190e+01
1.000000e+02, 4.671643e+01
1.000000e+02, 4.712320e+01
1.000000e+02, 4.753222e+01
1.000000e+02, 4.794351e+01
1.000000e+02, 4.835709e+01
1.000000e+02, 4.877299e+01
1.000000e+02, 4.919121e+01
1.000000e+02, 4.961177e+01
1.000000e+02, 5.003471e+01
1.000000e+02, 5.046003e+01
1.000000e+02, 5.088775e+01
1.000000e+02, 5.131791e+01
1.000000e+02, 5.175051e+01
1.000000e+02, 5.218558e+01
1.000000e+02, 5.262315e+01
1.000000e+02, 5.306323e+01
1.000000e+02, 5.350584e+01
1.000000e+02, 5.395101e+01
1.000000e+02, 5.439877e+01
1.000000e+02, 5.484913e+01
1.000000e+02, 5.530212e+01
1.000000e+02, 5.575777e+01
1.000000e+02, 5.621609e+01
1.000000e+02, 5.667712e+01
1.000000e+02, 5.714088e+01
1.000000e+02, 5.760740e+01
1.000000e+02, 5.807671e+01
1.000000e+02, 5.854883e+01
1.000000e+02, 5.902378e+01
1.000000e+02, 5.950161e+01
1.000000e+02, 5.998233e+01
1.000000e+02, 6.046598e+01
1.000000e+02, 6.095259e+01
1.000000e+02, 6.144219e+01
1.000000e+02, 6.193480e+01
1.000000e+02, 6.243047e+01
1.000000e+02, 6.292923e+01
1.000000e+02, 6.343110e+01
1.000000e+02, 6.393613e+01
1.000000e+02, 6.444434e+01
1.000000e+02, 6.495578e+01
1.000000e+02, 6.547048e+01
1.000000e+02, 6.598847e+01
1.000000e+02, 6.650981e+01
1.000000e+02, 6.703451e+01
1.000000e+02, 6.756263e+01
1.000000e+02, 6.809420e+01
1.000000e+02, 6.862927e+01
1.000000e+02, 6.916788e+01
1.000000e+02, 6.971007e+01
1.000000e+02, 7.025589e+01
1.000000e+02, 7.080538e+01
1.000000e+02, 7.135859e+01
1.000000e+02, 7.191556e+01
1.000000e+02, 7.247636e+01
1.000000e+02, 7.304101e+01
1.000000e+02, 7.360959e+01
1.000000e+02, 7.418213e+01
1.000000e+02, 7.475870e+01
1.000000e+02, 7.533934e+01
1.000000e+02, 7.592412e+01
1.000000e+02, 7.651310e+01
1.000000e+02, 7.710633e+01
1.000000e+02, 7.770387e+01
1.000000e+02, 7.830579e+01
1.000000e+02, 7.891216e+01
1.000000e+02, 7.952303e+01
1.000000e+02, 8.013848e+01
1.000000e+02, 8.075858e+01
1.000000e+02, 8.138340e+01
1.000000e+02, 8.201301e+01
1.000000e+02, 8.264749e+01
1.000000e+02, 8.328692e+01
1.000000e+02, 8.393138e+01
1.000000e+02, 8.458095e+01
1.000000e+02, 8.523573e+01
1.000000e+02, 8.589579e+01
1.000000e+02, 8.656123e+01
1.000000e+02, 8.723214e+01
1.000000e+02, 8.790862e+01
1.000000e+02, 8.859078e+01
1.000000e+02, 8.927871e+01
1.000000e+02, 8.997252e+01
1.000000e+02, 9.067233e+01
1.000000e+02, 9.137824e+01
1.000000e+02, 9.209038e+01
1.000000e+02, 9.280886e+01
1.000000e+02, 9.353383e+01
1.000000e+02, 9.426540e+01
1.000000e+02, 9.500371e+01
1.000000e+02, 9.574891e+01
1.000000e+02, 9.650115e+01
1.000000e+02, 9.726057e+01
1.000000e+02, 9.802733e+01
1.000000e+02, 9.880161e+01
1.000000e+02, 9.958356e+01
1.000000e+02, 1.003734e+02
1.000000e+02, 1.011712e+02
1.000000e+02, 1.019773e+02
1.000000e+02, 1.027919e+02
1.000000e+02, 1.036151e+02
1.000000e+02, 1.044472e+02
1.000000e+02, 1.052884e+02
1.000000e+02, 1.061389e+02
1.000000e+02, 1.069990e+02
1.000000e+02, 1.078690e+02
1.000000e+02, 1.087492e+02
1.000000e+02, 1.096398e+02
1.000000e+02, 1.105411e+02
1.000000e+02, 1.114535e+02
1.000000e+02, 1.123773e+02
1.000000e+02, 1.133129e+02
1.000000e+02, 1.142607e+02
1.000000e+02, 1.152209e+02
1.000000e+02, 1.161942e+02
1.000000e+02, 1.171809e+02
1.000000e+02, 1.181816e+02
1.000000e+02, 1.191966e+02
1.000000e+02, 1.202266e+02
1.000000e+02, 1.212721e+02
1.000000e+02, 1.223339e+02
1.000000e+02, 1.234124e+02
1.000000e+02, 1.245084e+02
1.000000e+02, 1.256228e+02
1.000000e+02, 1.267563e+02
1.000000e+02, 1.279098e+02
1.000000e+02, 1.290842e+02
1.000000e+02, 1.302807e+02
1.000000e+02, 1.315003e+02
1.000000e+02, 1.327443e+02
1.000000e+02, 1.340140e+02
1.000000e+02, 1.353109e+02
1.000000e+02, 1.366367e+02
1.000000e+02, 1.379932e+02
1.000000e+02, 1.393825e+02
1.000000e+02, 1.408066e+02
1.000000e+02, 1.422683e+02
1.000000e+02, 1.437704e+02
1.000000e+02, 1.453161e+02
1.000000e+02, 1.469092e+02
1.000000e+02, 1.485539e+02
1.000000e+02, 1.502554e+02
1.000000e+02, 1.520194e+02
1.000000e+02, 1.538531e+02
1.000000e+02, 1.557648e+02
1.000000e+02, 1.577649e+02
1.000000e+02, 1.598662e+02
1.000000e+02, 1.620852e+02
1.000000e+02, 1.644433e+02
1.000000e+02, 1.669694e+02
1.000000e+02, 1.697042e+02
1.000000e+02, 1.727085e+02
1.000000e+02, 1.760806e+02
1.000000e+02, 1.800000e+02
##END= 