##TITLE= /opt/topspin3.0/exp/stan/nmr/lists/wave/user/HypSec_trunc2.84_110
##JCAMP-DX= 5.00 Bruker JCAMP library
##DATA TYPE= Shape Data
##ORIGIN= Bruker BioSpin GmbH
##OWNER= <nmrsu>
##DATE= 15/02/24
##TIME= 16:15:04
##MINX= 1.164538e+01
##MAXX= 9.999960e+01
##MINY= 2.546774e-02
##MAXY= 3.585574e+02
##$SHAPE_EXMODE= Adiabatic
##$SHAPE_TOTROT= 1.800000e+02
##$SHAPE_BWFAC= 1.929340e+02
##$SHAPE_INTEGFAC= 2.356110e-02
##$SHAPE_MODE= 0
##NPOINTS= 1000
##XYPOINTS= (XY..XY)
1.000000e+02, 1.800000e+02
1.000000e+02, 1.741541e+02
1.000000e+02, 1.691246e+02
1.000000e+02, 1.646435e+02
1.000000e+02, 1.605645e+02
1.000000e+02, 1.567968e+02
1.000000e+02, 1.532796e+02
1.000000e+02, 1.499699e+02
1.000000e+02, 1.468357e+02
1.000000e+02, 1.438525e+02
1.000000e+02, 1.410012e+02
1.000000e+02, 1.382663e+02
1.000000e+02, 1.356352e+02
1.000000e+02, 1.330974e+02
1.000000e+02, 1.306442e+02
1.000000e+02, 1.282681e+02
1.000000e+02, 1.259626e+02
1.000000e+02, 1.237223e+02
1.000000e+02, 1.215421e+02
1.000000e+02, 1.194179e+02
1.000000e+02, 1.173458e+02
1.000000e+02, 1.153226e+02
1.000000e+02, 1.133451e+02
1.000000e+02, 1.114107e+02
1.000000e+02, 1.095168e+02
1.000000e+02, 1.076614e+02
1.000000e+02, 1.058423e+02
1.000000e+02, 1.040578e+02
1.000000e+02, 1.023061e+02
1.000000e+02, 1.005856e+02
1.000000e+02, 9.889502e+01
1.000000e+02, 9.723293e+01
1.000000e+02, 9.559813e+01
1.000000e+02, 9.398947e+01
1.000000e+02, 9.240591e+01
1.000000e+02, 9.084645e+01
1.000000e+02, 8.931018e+01
1.000000e+02, 8.779622e+01
1.000000e+02, 8.630377e+01
1.000000e+02, 8.483207e+01
1.000000e+02, 8.338040e+01
1.000000e+02, 8.194809e+01
1.000000e+02, 8.053451e+01
1.000000e+02, 7.913905e+01
1.000000e+02, 7.776115e+01
1.000000e+02, 7.640027e+01
1.000000e+02, 7.505591e+01
1.000000e+02, 7.372758e+01
1.000000e+02, 7.241481e+01
1.000000e+02, 7.111718e+01
1.000000e+02, 6.983427e+01
1.000000e+02, 6.856568e+01
1.000000e+02, 6.731103e+01
1.000000e+02, 6.606997e+01
1.000000e+02, 6.484214e+01
1.000000e+02, 6.362722e+01
1.000000e+02, 6.242490e+01
1.000000e+02, 6.123487e+01
1.000000e+02, 6.005684e+01
1.000000e+02, 5.889053e+01
1.000000e+02, 5.773568e+01
1.000000e+02, 5.659203e+01
1.000000e+02, 5.545933e+01
1.000000e+02, 5.433736e+01
1.000000e+02, 5.322587e+01
1.000000e+02, 5.212466e+01
1.000000e+02, 5.103350e+01
1.000000e+02, 4.995220e+01
1.000000e+02, 4.888056e+01
1.000000e+02, 4.781838e+01
1.000000e+02, 4.676550e+01
1.000000e+02, 4.572172e+01
1.000000e+02, 4.468688e+01
1.000000e+02, 4.366082e+01
1.000000e+02, 4.264337e+01
1.000000e+02, 4.163438e+01
1.000000e+02, 4.063369e+01
1.000000e+02, 3.964117e+01
1.000000e+02, 3.865667e+01
1.000000e+02, 3.768006e+01
1.000000e+02, 3.671121e+01
1.000000e+02, 3.574998e+01
1.000000e+02, 3.479625e+01
1.000000e+02, 3.384991e+01
1.000000e+02, 3.291083e+01
1.000000e+02, 3.197890e+01
1.000000e+02, 3.105401e+01
1.000000e+02, 3.013605e+01
1.000000e+02, 2.922491e+01
1.000000e+02, 2.832050e+01
1.000000e+02, 2.742272e+01
1.000000e+02, 2.653147e+01
1.000000e+02, 2.564666e+01
1.000000e+02, 2.476818e+01
1.000000e+02, 2.389597e+01
1.000000e+02, 2.302992e+01
1.000000e+02, 2.216995e+01
1.000000e+02, 2.131599e+01
1.000000e+02, 2.046795e+01
1.000000e+02, 1.962575e+01
1.000000e+02, 1.878931e+01
1.000000e+02, 1.795857e+01
1.000000e+02, 1.713345e+01
1.000000e+02, 1.631387e+01
1.000000e+02, 1.549977e+01
1.000000e+02, 1.469108e+01
1.000000e+02, 1.388773e+01
1.000000e+02, 1.308966e+01
1.000000e+02, 1.229680e+01
1.000000e+02, 1.150910e+01
1.000000e+02, 1.072649e+01
1.000000e+02, 9.948908e+00
1.000000e+02, 9.176304e+00
1.000000e+02, 8.408619e+00
1.000000e+02, 7.645796e+00
1.000000e+02, 6.887781e+00
1.000000e+02, 6.134521e+00
1.000000e+02, 5.385963e+00
1.000000e+02, 4.642058e+00
1.000000e+02, 3.902754e+00
1.000000e+02, 3.168003e+00
1.000000e+02, 2.437756e+00
1.000000e+02, 1.711968e+00
1.000000e+02, 9.905907e-01
1.000000e+02, 2.735802e-01
1.000000e+02, 3.595609e+02
1.000000e+02, 3.588525e+02
1.000000e+02, 3.581483e+02
1.000000e+02, 3.574483e+02
1.000000e+02, 3.567525e+02
1.000000e+02, 3.560608e+02
1.000000e+02, 3.553732e+02
1.000000e+02, 3.546895e+02
1.000000e+02, 3.540099e+02
1.000000e+02, 3.533343e+02
1.000000e+02, 3.526626e+02
1.000000e+02, 3.519947e+02
1.000000e+02, 3.513307e+02
1.000000e+02, 3.506706e+02
1.000000e+02, 3.500142e+02
1.000000e+02, 3.493615e+02
1.000000e+02, 3.487126e+02
1.000000e+02, 3.480674e+02
1.000000e+02, 3.474258e+02
1.000000e+02, 3.467878e+02
1.000000e+02, 3.461535e+02
1.000000e+02, 3.455226e+02
1.000000e+02, 3.448954e+02
1.000000e+02, 3.442716e+02
1.000000e+02, 3.436513e+02
1.000000e+02, 3.430344e+02
1.000000e+02, 3.424209e+02
1.000000e+02, 3.418109e+02
1.000000e+02, 3.412042e+02
1.000000e+02, 3.406008e+02
1.000000e+02, 3.400007e+02
1.000000e+02, 3.394040e+02
1.000000e+02, 3.388104e+02
1.000000e+02, 3.382202e+02
1.000000e+02, 3.376331e+02
1.000000e+02, 3.370492e+02
1.000000e+02, 3.364685e+02
1.000000e+02, 3.358909e+02
1.000000e+02, 3.353164e+02
1.000000e+02, 3.347450e+02
1.000000e+02, 3.341767e+02
1.000000e+02, 3.336114e+02
1.000000e+02, 3.330492e+02
1.000000e+02, 3.324900e+02
1.000000e+02, 3.319337e+02
1.000000e+02, 3.313804e+02
1.000000e+02, 3.308301e+02
1.000000e+02, 3.302826e+02
1.000000e+02, 3.297381e+02
1.000000e+02, 3.291965e+02
1.000000e+02, 3.286577e+02
1.000000e+02, 3.281218e+02
1.000000e+02, 3.275887e+02
1.000000e+02, 3.270584e+02
1.000000e+02, 3.265309e+02
1.000000e+02, 3.260061e+02
1.000000e+02, 3.254841e+02
1.000000e+02, 3.249649e+02
1.000000e+02, 3.244484e+02
1.000000e+02, 3.239345e+02
1.000000e+02, 3.234234e+02
1.000000e+02, 3.229149e+02
1.000000e+02, 3.224091e+02
1.000000e+02, 3.219059e+02
1.000000e+02, 3.214053e+02
1.000000e+02, 3.209074e+02
1.000000e+02, 3.204120e+02
1.000000e+02, 3.199192e+02
1.000000e+02, 3.194290e+02
1.000000e+02, 3.189413e+02
1.000000e+02, 3.184561e+02
1.000000e+02, 3.179734e+02
1.000000e+02, 3.174933e+02
1.000000e+02, 3.170156e+02
1.000000e+02, 3.165404e+02
1.000000e+02, 3.160677e+02
1.000000e+02, 3.155974e+02
1.000000e+02, 3.151295e+02
1.000000e+02, 3.146641e+02
1.000000e+02, 3.142010e+02
1.000000e+02, 3.137404e+02
1.000000e+02, 3.132821e+02
1.000000e+02, 3.128262e+02
1.000000e+02, 3.123727e+02
1.000000e+02, 3.119214e+02
1.000000e+02, 3.114726e+02
1.000000e+02, 3.110260e+02
1.000000e+02, 3.105817e+02
1.000000e+02, 3.101398e+02
1.000000e+02, 3.097001e+02
1.000000e+02, 3.092627e+02
1.000000e+02, 3.088275e+02
1.000000e+02, 3.083946e+02
1.000000e+02, 3.079640e+02
1.000000e+02, 3.075355e+02
1.000000e+02, 3.071093e+02
1.000000e+02, 3.066853e+02
1.000000e+02, 3.062634e+02
1.000000e+02, 3.058438e+02
1.000000e+02, 3.054263e+02
1.000000e+02, 3.050110e+02
1.000000e+02, 3.045979e+02
1.000000e+02, 3.041869e+02
1.000000e+02, 3.037780e+02
1.000000e+02, 3.033712e+02
1.000000e+02, 3.029666e+02
1.000000e+02, 3.025640e+02
1.000000e+02, 3.021636e+02
1.000000e+02, 3.017652e+02
1.000000e+02, 3.013689e+02
1.000000e+02, 3.009747e+02
1.000000e+02, 3.005826e+02
1.000000e+02, 3.001925e+02
1.000000e+02, 2.998044e+02
1.000000e+02, 2.994183e+02
1.000000e+02, 2.990343e+02
1.000000e+02, 2.986523e+02
1.000000e+02, 2.982723e+02
1.000000e+02, 2.978943e+02
1.000000e+02, 2.975183e+02
1.000000e+02, 2.971443e+02
1.000000e+02, 2.967722e+02
1.000000e+02, 2.964021e+02
1.000000e+02, 2.960340e+02
1.000000e+02, 2.956678e+02
1.000000e+02, 2.953036e+02
1.000000e+02, 2.949413e+02
1.000000e+02, 2.945809e+02
1.000000e+02, 2.942224e+02
1.000000e+02, 2.938659e+02
1.000000e+02, 2.935112e+02
1.000000e+02, 2.931585e+02
1.000000e+02, 2.928076e+02
1.000000e+02, 2.924586e+02
1.000000e+02, 2.921115e+02
1.000000e+02, 2.917663e+02
1.000000e+02, 2.914229e+02
1.000000e+02, 2.910814e+02
1.000000e+02, 2.907417e+02
1.000000e+02, 2.904039e+02
1.000000e+02, 2.900679e+02
1.000000e+02, 2.897337e+02
1.000000e+02, 2.894014e+02
1.000000e+02, 2.890708e+02
1.000000e+02, 2.887421e+02
1.000000e+02, 2.884152e+02
1.000000e+02, 2.880900e+02
1.000000e+02, 2.877667e+02
1.000000e+02, 2.874451e+02
1.000000e+02, 2.871254e+02
1.000000e+02, 2.868074e+02
1.000000e+02, 2.864911e+02
1.000000e+02, 2.861766e+02
1.000000e+02, 2.858639e+02
1.000000e+02, 2.855529e+02
1.000000e+02, 2.852437e+02
1.000000e+02, 2.849362e+02
1.000000e+02, 2.846304e+02
1.000000e+02, 2.843264e+02
1.000000e+02, 2.840241e+02
1.000000e+02, 2.837235e+02
1.000000e+02, 2.834246e+02
1.000000e+02, 2.831274e+02
1.000000e+02, 2.828319e+02
1.000000e+02, 2.825381e+02
1.000000e+02, 2.822460e+02
1.000000e+02, 2.819555e+02
1.000000e+02, 2.816668e+02
1.000000e+02, 2.813797e+02
1.000000e+02, 2.810943e+02
1.000000e+02, 2.808106e+02
1.000000e+02, 2.805285e+02
1.000000e+02, 2.802480e+02
1.000000e+02, 2.799693e+02
1.000000e+02, 2.796921e+02
1.000000e+02, 2.794166e+02
1.000000e+02, 2.791428e+02
1.000000e+02, 2.788705e+02
1.000000e+02, 2.785999e+02
1.000000e+02, 2.783309e+02
1.000000e+02, 2.780636e+02
1.000000e+02, 2.777978e+02
1.000000e+02, 2.775337e+02
1.000000e+02, 2.772711e+02
1.000000e+02, 2.770102e+02
1.000000e+02, 2.767508e+02
1.000000e+02, 2.764931e+02
1.000000e+02, 2.762369e+02
1.000000e+02, 2.759823e+02
1.000000e+02, 2.757293e+02
1.000000e+02, 2.754779e+02
1.000000e+02, 2.752280e+02
1.000000e+02, 2.749797e+02
1.000000e+02, 2.747330e+02
1.000000e+02, 2.744878e+02
1.000000e+02, 2.742442e+02
1.000000e+02, 2.740021e+02
1.000000e+02, 2.737616e+02
1.000000e+02, 2.735226e+02
1.000000e+02, 2.732852e+02
1.000000e+02, 2.730493e+02
1.000000e+02, 2.728149e+02
1.000000e+02, 2.725821e+02
1.000000e+02, 2.723508e+02
1.000000e+02, 2.721210e+02
1.000000e+02, 2.718927e+02
1.000000e+02, 2.716660e+02
1.000000e+02, 2.714407e+02
1.000000e+02, 2.712170e+02
1.000000e+02, 2.709947e+02
1.000000e+02, 2.707740e+02
1.000000e+02, 2.705548e+02
1.000000e+02, 2.703370e+02
1.000000e+02, 2.701208e+02
1.000000e+02, 2.699060e+02
1.000000e+02, 2.696928e+02
1.000000e+02, 2.694810e+02
1.000000e+02, 2.692707e+02
1.000000e+02, 2.690618e+02
1.000000e+02, 2.688545e+02
1.000000e+02, 2.686486e+02
1.000000e+02, 2.684441e+02
1.000000e+02, 2.682412e+02
1.000000e+02, 2.680397e+02
1.000000e+02, 2.678396e+02
1.000000e+02, 2.676410e+02
1.000000e+02, 2.674439e+02
1.000000e+02, 2.672482e+02
1.000000e+02, 2.670540e+02
1.000000e+02, 2.668612e+02
1.000000e+02, 2.666698e+02
1.000000e+02, 2.664799e+02
1.000000e+02, 2.662914e+02
1.000000e+02, 2.661044e+02
1.000000e+02, 2.659188e+02
1.000000e+02, 2.657346e+02
1.000000e+02, 2.655518e+02
1.000000e+02, 2.653705e+02
1.000000e+02, 2.651905e+02
1.000000e+02, 2.650120e+02
1.000000e+02, 2.648350e+02
1.000000e+02, 2.646593e+02
1.000000e+02, 2.644850e+02
1.000000e+02, 2.643122e+02
1.000000e+02, 2.641407e+02
1.000000e+02, 2.639707e+02
1.000000e+02, 2.638020e+02
1.000000e+02, 2.636348e+02
1.000000e+02, 2.634689e+02
1.000000e+02, 2.633044e+02
1.000000e+02, 2.631414e+02
1.000000e+02, 2.629797e+02
1.000000e+02, 2.628194e+02
1.000000e+02, 2.626605e+02
1.000000e+02, 2.625030e+02
1.000000e+02, 2.623469e+02
1.000000e+02, 2.621921e+02
1.000000e+02, 2.620387e+02
1.000000e+02, 2.618867e+02
1.000000e+02, 2.617361e+02
1.000000e+02, 2.615868e+02
1.000000e+02, 2.614389e+02
1.000000e+02, 2.612924e+02
1.000000e+02, 2.611472e+02
1.000000e+02, 2.610034e+02
1.000000e+02, 2.608610e+02
1.000000e+02, 2.607199e+02
1.000000e+02, 2.605802e+02
1.000000e+02, 2.604418e+02
1.000000e+02, 2.603048e+02
1.000000e+02, 2.601691e+02
1.000000e+02, 2.600348e+02
1.000000e+02, 2.599018e+02
1.000000e+02, 2.597702e+02
1.000000e+02, 2.596400e+02
1.000000e+02, 2.595110e+02
1.000000e+02, 2.593834e+02
1.000000e+02, 2.592572e+02
1.000000e+02, 2.591323e+02
1.000000e+02, 2.590087e+02
1.000000e+02, 2.588865e+02
1.000000e+02, 2.587656e+02
1.000000e+02, 2.586460e+02
1.000000e+02, 2.585278e+02
1.000000e+02, 2.584109e+02
1.000000e+02, 2.582953e+02
1.000000e+02, 2.581810e+02
1.000000e+02, 2.580681e+02
1.000000e+02, 2.579565e+02
1.000000e+02, 2.578462e+02
1.000000e+02, 2.577372e+02
1.000000e+02, 2.576296e+02
1.000000e+02, 2.575233e+02
1.000000e+02, 2.574182e+02
1.000000e+02, 2.573145e+02
1.000000e+02, 2.572122e+02
1.000000e+02, 2.571111e+02
1.000000e+02, 2.570113e+02
1.000000e+02, 2.569129e+02
1.000000e+02, 2.568157e+02
1.000000e+02, 2.567199e+02
1.000000e+02, 2.566254e+02
1.000000e+02, 2.565322e+02
1.000000e+02, 2.564402e+02
1.000000e+02, 2.563496e+02
1.000000e+02, 2.562603e+02
1.000000e+02, 2.561723e+02
1.000000e+02, 2.560856e+02
1.000000e+02, 2.560002e+02
1.000000e+02, 2.559161e+02
1.000000e+02, 2.558332e+02
1.000000e+02, 2.557517e+02
1.000000e+02, 2.556715e+02
1.000000e+02, 2.555925e+02
1.000000e+02, 2.555149e+02
1.000000e+02, 2.554385e+02
1.000000e+02, 2.553635e+02
1.000000e+02, 2.552897e+02
1.000000e+02, 2.552172e+02
1.000000e+02, 2.551460e+02
1.000000e+02, 2.550761e+02
1.000000e+02, 2.550075e+02
1.000000e+02, 2.549402e+02
1.000000e+02, 2.548741e+02
1.000000e+02, 2.548093e+02
1.000000e+02, 2.547458e+02
1.000000e+02, 2.546836e+02
1.000000e+02, 2.546227e+02
1.000000e+02, 2.545631e+02
1.000000e+02, 2.545047e+02
1.000000e+02, 2.544476e+02
1.000000e+02, 2.543918e+02
1.000000e+02, 2.543373e+02
1.000000e+02, 2.542840e+02
1.000000e+02, 2.542321e+02
1.000000e+02, 2.541814e+02
1.000000e+02, 2.541319e+02
1.000000e+02, 2.540838e+02
1.000000e+02, 2.540369e+02
1.000000e+02, 2.539913e+02
1.000000e+02, 2.539470e+02
1.000000e+02, 2.539039e+02
1.000000e+02, 2.538621e+02
1.000000e+02, 2.538216e+02
1.000000e+02, 2.537824e+02
1.000000e+02, 2.537444e+02
1.000000e+02, 2.537077e+02
1.000000e+02, 2.536723e+02
1.000000e+02, 2.536381e+02
1.000000e+02, 2.536052e+02
1.000000e+02, 2.535736e+02
1.000000e+02, 2.535432e+02
1.000000e+02, 2.535142e+02
1.000000e+02, 2.534863e+02
1.000000e+02, 2.534598e+02
1.000000e+02, 2.534345e+02
1.000000e+02, 2.534105e+02
1.000000e+02, 2.533877e+02
1.000000e+02, 2.533662e+02
1.000000e+02, 2.533460e+02
1.000000e+02, 2.533270e+02
1.000000e+02, 2.533093e+02
1.000000e+02, 2.532929e+02
1.000000e+02, 2.532777e+02
1.000000e+02, 2.532638e+02
1.000000e+02, 2.532512e+02
1.000000e+02, 2.532398e+02
1.000000e+02, 2.532297e+02
1.000000e+02, 2.532209e+02
1.000000e+02, 2.532133e+02
1.000000e+02, 2.532070e+02
1.000000e+02, 2.532019e+02
1.000000e+02, 2.531981e+02
1.000000e+02, 2.531956e+02
1.000000e+02, 2.531943e+02
1.000000e+02, 2.531943e+02
1.000000e+02, 2.531956e+02
1.000000e+02, 2.531981e+02
1.000000e+02, 2.532019e+02
1.000000e+02, 2.532070e+02
1.000000e+02, 2.532133e+02
1.000000e+02, 2.532209e+02
1.000000e+02, 2.532297e+02
1.000000e+02, 2.532398e+02
1.000000e+02, 2.532512e+02
1.000000e+02, 2.532638e+02
1.000000e+02, 2.532777e+02
1.000000e+02, 2.532929e+02
1.000000e+02, 2.533093e+02
1.000000e+02, 2.533270e+02
1.000000e+02, 2.533460e+02
1.000000e+02, 2.533662e+02
1.000000e+02, 2.533877e+02
1.000000e+02, 2.534105e+02
1.000000e+02, 2.534345e+02
1.000000e+02, 2.534598e+02
1.000000e+02, 2.534863e+02
1.000000e+02, 2.535142e+02
1.000000e+02, 2.535432e+02
1.000000e+02, 2.535736e+02
1.000000e+02, 2.536052e+02
1.000000e+02, 2.536381e+02
1.000000e+02, 2.536723e+02
1.000000e+02, 2.537077e+02
1.000000e+02, 2.537444e+02
1.000000e+02, 2.537824e+02
1.000000e+02, 2.538216e+02
1.000000e+02, 2.538621e+02
1.000000e+02, 2.539039e+02
1.000000e+02, 2.539470e+02
1.000000e+02, 2.539913e+02
1.000000e+02, 2.540369e+02
1.000000e+02, 2.540838e+02
1.000000e+02, 2.541319e+02
1.000000e+02, 2.541814e+02
1.000000e+02, 2.542321e+02
1.000000e+02, 2.542840e+02
1.000000e+02, 2.543373e+02
1.000000e+02, 2.543918e+02
1.000000e+02, 2.544476e+02
1.000000e+02, 2.545047e+02
1.000000e+02, 2.545631e+02
1.000000e+02, 2.546227e+02
1.000000e+02, 2.546836e+02
1.000000e+02, 2.547458e+02
1.000000e+02, 2.548093e+02
1.000000e+02, 2.548741e+02
1.000000e+02, 2.549402e+02
1.000000e+02, 2.550075e+02
1.000000e+02, 2.550761e+02
1.000000e+02, 2.551460e+02
1.000000e+02, 2.552172e+02
1.000000e+02, 2.552897e+02
1.000000e+02, 2.553635e+02
1.000000e+02, 2.554385e+02
1.000000e+02, 2.555149e+02
1.000000e+02, 2.555925e+02
1.000000e+02, 2.556715e+02
1.000000e+02, 2.557517e+02
1.000000e+02, 2.558332e+02
1.000000e+02, 2.559161e+02
1.000000e+02, 2.560002e+02
1.000000e+02, 2.560856e+02
1.000000e+02, 2.561723e+02
1.000000e+02, 2.562603e+02
1.000000e+02, 2.563496e+02
1.000000e+02, 2.564402e+02
1.000000e+02, 2.565322e+02
1.000000e+02, 2.566254e+02
1.000000e+02, 2.567199e+02
1.000000e+02, 2.568157e+02
1.000000e+02, 2.569129e+02
1.000000e+02, 2.570113e+02
1.000000e+02, 2.571111e+02
1.000000e+02, 2.572122e+02
1.000000e+02, 2.573145e+02
1.000000e+02, 2.574182e+02
1.000000e+02, 2.575233e+02
1.000000e+02, 2.576296e+02
1.000000e+02, 2.577372e+02
1.000000e+02, 2.578462e+02
1.000000e+02, 2.579565e+02
1.000000e+02, 2.580681e+02
1.000000e+02, 2.581810e+02
1.000000e+02, 2.582953e+02
1.000000e+02, 2.584109e+02
1.000000e+02, 2.585278e+02
1.000000e+02, 2.586460e+02
1.000000e+02, 2.587656e+02
1.000000e+02, 2.588865e+02
1.000000e+02, 2.590087e+02
1.000000e+02, 2.591323e+02
1.000000e+02, 2.592572e+02
1.000000e+02, 2.593834e+02
1.000000e+02, 2.595110e+02
1.000000e+02, 2.596400e+02
1.000000e+02, 2.597702e+02
1.000000e+02, 2.599018e+02
1.000000e+02, 2.600348e+02
1.000000e+02, 2.601691e+02
1.000000e+02, 2.603048e+02
1.000000e+02, 2.604418e+02
1.000000e+02, 2.605802e+02
1.000000e+02, 2.607199e+02
1.000000e+02, 2.608610e+02
1.000000e+02, 2.610034e+02
1.000000e+02, 2.611472e+02
1.000000e+02, 2.612924e+02
1.000000e+02, 2.614389e+02
1.000000e+02, 2.615868e+02
1.000000e+02, 2.617361e+02
1.000000e+02, 2.618867e+02
1.000000e+02, 2.620387e+02
1.000000e+02, 2.621921e+02
1.000000e+02, 2.623469e+02
1.000000e+02, 2.625030e+02
1.000000e+02, 2.626605e+02
1.000000e+02, 2.628194e+02
1.000000e+02, 2.629797e+02
1.000000e+02, 2.631414e+02
1.000000e+02, 2.633044e+02
1.000000e+02, 2.634689e+02
1.000000e+02, 2.636348e+02
1.000000e+02, 2.638020e+02
1.000000e+02, 2.639707e+02
1.000000e+02, 2.641407e+02
1.000000e+02, 2.643122e+02
1.000000e+02, 2.644850e+02
1.000000e+02, 2.646593e+02
1.000000e+02, 2.648350e+02
1.000000e+02, 2.650120e+02
1.000000e+02, 2.651905e+02
1.000000e+02, 2.653705e+02
1.000000e+02, 2.655518e+02
1.000000e+02, 2.657346e+02
1.000000e+02, 2.659188e+02
1.000000e+02, 2.661044e+02
1.000000e+02, 2.662914e+02
1.000000e+02, 2.664799e+02
1.000000e+02, 2.666698e+02
1.000000e+02, 2.668612e+02
1.000000e+02, 2.670540e+02
1.000000e+02, 2.672482e+02
1.000000e+02, 2.674439e+02
1.000000e+02, 2.676410e+02
1.000000e+02, 2.678396e+02
1.000000e+02, 2.680397e+02
1.000000e+02, 2.682412e+02
1.000000e+02, 2.684441e+02
1.000000e+02, 2.686486e+02
1.000000e+02, 2.688545e+02
1.000000e+02, 2.690618e+02
1.000000e+02, 2.692707e+02
1.000000e+02, 2.694810e+02
1.000000e+02, 2.696928e+02
1.000000e+02, 2.699060e+02
1.000000e+02, 2.701208e+02
1.000000e+02, 2.703370e+02
1.000000e+02, 2.705548e+02
1.000000e+02, 2.707740e+02
1.000000e+02, 2.709947e+02
1.000000e+02, 2.712170e+02
1.000000e+02, 2.714407e+02
1.000000e+02, 2.716660e+02
1.000000e+02, 2.718927e+02
1.000000e+02, 2.721210e+02
1.000000e+02, 2.723508e+02
1.000000e+02, 2.725821e+02
1.000000e+02, 2.728149e+02
1.000000e+02, 2.730493e+02
1.000000e+02, 2.732852e+02
1.000000e+02, 2.735226e+02
1.000000e+02, 2.737616e+02
1.000000e+02, 2.740021e+02
1.000000e+02, 2.742442e+02
1.000000e+02, 2.744878e+02
1.000000e+02, 2.747330e+02
1.000000e+02, 2.749797e+02
1.000000e+02, 2.752280e+02
1.000000e+02, 2.754779e+02
1.000000e+02, 2.757293e+02
1.000000e+02, 2.759823e+02
1.000000e+02, 2.762369e+02
1.000000e+02, 2.764931e+02
1.000000e+02, 2.767508e+02
1.000000e+02, 2.770102e+02
1.000000e+02, 2.772711e+02
1.000000e+02, 2.775337e+02
1.000000e+02, 2.777978e+02
1.000000e+02, 2.780636e+02
1.000000e+02, 2.783310e+02
1.000000e+02, 2.785999e+02
1.000000e+02, 2.788705e+02
1.000000e+02, 2.791428e+02
1.000000e+02, 2.794166e+02
1.000000e+02, 2.796921e+02
1.000000e+02, 2.799693e+02
1.000000e+02, 2.802481e+02
1.000000e+02, 2.805285e+02
1.000000e+02, 2.808106e+02
1.000000e+02, 2.810943e+02
1.000000e+02, 2.813797e+02
1.000000e+02, 2.816668e+02
1.000000e+02, 2.819555e+02
1.000000e+02, 2.822460e+02
1.000000e+02, 2.825381e+02
1.000000e+02, 2.828319e+02
1.000000e+02, 2.831274e+02
1.000000e+02, 2.834246e+02
1.000000e+02, 2.837235e+02
1.000000e+02, 2.840241e+02
1.000000e+02, 2.843264e+02
1.000000e+02, 2.846304e+02
1.000000e+02, 2.849362e+02
1.000000e+02, 2.852437e+02
1.000000e+02, 2.855529e+02
1.000000e+02, 2.858639e+02
1.000000e+02, 2.861766e+02
1.000000e+02, 2.864911e+02
1.000000e+02, 2.868074e+02
1.000000e+02, 2.871254e+02
1.000000e+02, 2.874451e+02
1.000000e+02, 2.877667e+02
1.000000e+02, 2.880900e+02
1.000000e+02, 2.884152e+02
1.000000e+02, 2.887421e+02
1.000000e+02, 2.890708e+02
1.000000e+02, 2.894014e+02
1.000000e+02, 2.897337e+02
1.000000e+02, 2.900679e+02
1.000000e+02, 2.904039e+02
1.000000e+02, 2.907417e+02
1.000000e+02, 2.910814e+02
1.000000e+02, 2.914229e+02
1.000000e+02, 2.917663e+02
1.000000e+02, 2.921115e+02
1.000000e+02, 2.924586e+02
1.000000e+02, 2.928076e+02
1.000000e+02, 2.931585e+02
1.000000e+02, 2.935112e+02
1.000000e+02, 2.938659e+02
1.000000e+02, 2.942224e+02
1.000000e+02, 2.945809e+02
1.000000e+02, 2.949413e+02
1.000000e+02, 2.953036e+02
1.000000e+02, 2.956678e+02
1.000000e+02, 2.960340e+02
1.000000e+02, 2.964022e+02
1.000000e+02, 2.967722e+02
1.000000e+02, 2.971443e+02
1.000000e+02, 2.975183e+02
1.000000e+02, 2.978943e+02
1.000000e+02, 2.982723e+02
1.000000e+02, 2.986523e+02
1.000000e+02, 2.990343e+02
1.000000e+02, 2.994183e+02
1.000000e+02, 2.998044e+02
1.000000e+02, 3.001925e+02
1.000000e+02, 3.005826e+02
1.000000e+02, 3.009747e+02
1.000000e+02, 3.013689e+02
1.000000e+02, 3.017652e+02
1.000000e+02, 3.021636e+02
1.000000e+02, 3.025640e+02
1.000000e+02, 3.029666e+02
1.000000e+02, 3.033712e+02
1.000000e+02, 3.037780e+02
1.000000e+02, 3.041869e+02
1.000000e+02, 3.045979e+02
1.000000e+02, 3.050110e+02
1.000000e+02, 3.054263e+02
1.000000e+02, 3.058438e+02
1.000000e+02, 3.062634e+02
1.000000e+02, 3.066853e+02
1.000000e+02, 3.071093e+02
1.000000e+02, 3.075355e+02
1.000000e+02, 3.079640e+02
1.000000e+02, 3.083946e+02
1.000000e+02, 3.088275e+02
1.000000e+02, 3.092627e+02
1.000000e+02, 3.097001e+02
1.000000e+02, 3.101398e+02
1.000000e+02, 3.105817e+02
1.000000e+02, 3.110260e+02
1.000000e+02, 3.114726e+02
1.000000e+02, 3.119214e+02
1.000000e+02, 3.123727e+02
1.000000e+02, 3.128262e+02
1.000000e+02, 3.132821e+02
1.000000e+02, 3.137404e+02
1.000000e+02, 3.142010e+02
1.000000e+02, 3.146641e+02
1.000000e+02, 3.151295e+02
1.000000e+02, 3.155974e+02
1.000000e+02, 3.160677e+02
1.000000e+02, 3.165404e+02
1.000000e+02, 3.170156e+02
1.000000e+02, 3.174933e+02
1.000000e+02, 3.179734e+02
1.000000e+02, 3.184561e+02
1.000000e+02, 3.189413e+02
1.000000e+02, 3.194290e+02
1.000000e+02, 3.199192e+02
1.000000e+02, 3.204120e+02
1.000000e+02, 3.209074e+02
1.000000e+02, 3.214053e+02
1.000000e+02, 3.219059e+02
1.000000e+02, 3.224091e+02
1.000000e+02, 3.229149e+02
1.000000e+02, 3.234234e+02
1.000000e+02, 3.239345e+02
1.000000e+02, 3.244484e+02
1.000000e+02, 3.249649e+02
1.000000e+02, 3.254841e+02
1.000000e+02, 3.260061e+02
1.000000e+02, 3.265309e+02
1.000000e+02, 3.270584e+02
1.000000e+02, 3.275887e+02
1.000000e+02, 3.281218e+02
1.000000e+02, 3.286577e+02
1.000000e+02, 3.291965e+02
1.000000e+02, 3.297381e+02
1.000000e+02, 3.302826e+02
1.000000e+02, 3.308301e+02
1.000000e+02, 3.313804e+02
1.000000e+02, 3.319337e+02
1.000000e+02, 3.324900e+02
1.000000e+02, 3.330492e+02
1.000000e+02, 3.336114e+02
1.000000e+02, 3.341767e+02
1.000000e+02, 3.347450e+02
1.000000e+02, 3.353164e+02
1.000000e+02, 3.358909e+02
1.000000e+02, 3.364685e+02
1.000000e+02, 3.370492e+02
1.000000e+02, 3.376331e+02
1.000000e+02, 3.382202e+02
1.000000e+02, 3.388104e+02
1.000000e+02, 3.394040e+02
1.000000e+02, 3.400007e+02
1.000000e+02, 3.406008e+02
1.000000e+02, 3.412042e+02
1.000000e+02, 3.418109e+02
1.000000e+02, 3.424209e+02
1.000000e+02, 3.430344e+02
1.000000e+02, 3.436513e+02
1.000000e+02, 3.442716e+02
1.000000e+02, 3.448954e+02
1.000000e+02, 3.455226e+02
1.000000e+02, 3.461535e+02
1.000000e+02, 3.467878e+02
1.000000e+02, 3.474258e+02
1.000000e+02, 3.480674e+02
1.000000e+02, 3.487126e+02
1.000000e+02, 3.493615e+02
1.000000e+02, 3.500142e+02
1.000000e+02, 3.506706e+02
1.000000e+02, 3.513307e+02
1.000000e+02, 3.519947e+02
1.000000e+02, 3.526626e+02
1.000000e+02, 3.533343e+02
1.000000e+02, 3.540099e+02
1.000000e+02, 3.546896e+02
1.000000e+02, 3.553732e+02
1.000000e+02, 3.560608e+02
1.000000e+02, 3.567525e+02
1.000000e+02, 3.574483e+02
1.000000e+02, 3.581483e+02
1.000000e+02, 3.588525e+02
1.000000e+02, 3.595609e+02
1.000000e+02, 2.735828e-01
1.000000e+02, 9.905933e-01
1.000000e+02, 1.711970e+00
1.000000e+02, 2.437759e+00
1.000000e+02, 3.168005e+00
1.000000e+02, 3.902756e+00
1.000000e+02, 4.642060e+00
1.000000e+02, 5.385966e+00
1.000000e+02, 6.134523e+00
1.000000e+02, 6.887783e+00
1.000000e+02, 7.645798e+00
1.000000e+02, 8.408621e+00
1.000000e+02, 9.176307e+00
1.000000e+02, 9.948911e+00
1.000000e+02, 1.072649e+01
1.000000e+02, 1.150910e+01
1.000000e+02, 1.229680e+01
1.000000e+02, 1.308966e+01
1.000000e+02, 1.388773e+01
1.000000e+02, 1.469108e+01
1.000000e+02, 1.549977e+01
1.000000e+02, 1.631387e+01
1.000000e+02, 1.713345e+01
1.000000e+02, 1.795857e+01
1.000000e+02, 1.878932e+01
1.000000e+02, 1.962575e+01
1.000000e+02, 2.046795e+01
1.000000e+02, 2.131599e+01
1.000000e+02, 2.216996e+01
1.000000e+02, 2.302992e+01
1.000000e+02, 2.389597e+01
1.000000e+02, 2.476819e+01
1.000000e+02, 2.564666e+01
1.000000e+02, 2.653147e+01
1.000000e+02, 2.742273e+01
1.000000e+02, 2.832051e+01
1.000000e+02, 2.922492e+01
1.000000e+02, 3.013605e+01
1.000000e+02, 3.105401e+01
1.000000e+02, 3.197890e+01
1.000000e+02, 3.291083e+01
1.000000e+02, 3.384991e+01
1.000000e+02, 3.479626e+01
1.000000e+02, 3.574998e+01
1.000000e+02, 3.671121e+01
1.000000e+02, 3.768007e+01
1.000000e+02, 3.865668e+01
1.000000e+02, 3.964117e+01
1.000000e+02, 4.063369e+01
1.000000e+02, 4.163438e+01
1.000000e+02, 4.264337e+01
1.000000e+02, 4.366082e+01
1.000000e+02, 4.468689e+01
1.000000e+02, 4.572173e+01
1.000000e+02, 4.676550e+01
1.000000e+02, 4.781839e+01
1.000000e+02, 4.888056e+01
1.000000e+02, 4.995220e+01
1.000000e+02, 5.103350e+01
1.000000e+02, 5.212466e+01
1.000000e+02, 5.322588e+01
1.000000e+02, 5.433736e+01
1.000000e+02, 5.545934e+01
1.000000e+02, 5.659203e+01
1.000000e+02, 5.773568e+01
1.000000e+02, 5.889053e+01
1.000000e+02, 6.005684e+01
1.000000e+02, 6.123487e+01
1.000000e+02, 6.242490e+01
1.000000e+02, 6.362723e+01
1.000000e+02, 6.484214e+01
1.000000e+02, 6.606997e+01
1.000000e+02, 6.731103e+01
1.000000e+02, 6.856568e+01
1.000000e+02, 6.983427e+01
1.000000e+02, 7.111718e+01
1.000000e+02, 7.241481e+01
1.000000e+02, 7.372758e+01
1.000000e+02, 7.505591e+01
1.000000e+02, 7.640028e+01
1.000000e+02, 7.776115e+01
1.000000e+02, 7.913905e+01
1.000000e+02, 8.053451e+01
1.000000e+02, 8.194809e+01
1.000000e+02, 8.338040e+01
1.000000e+02, 8.483207e+01
1.000000e+02, 8.630377e+01
1.000000e+02, 8.779622e+01
1.000000e+02, 8.931018e+01
1.000000e+02, 9.084646e+01
1.000000e+02, 9.240592e+01
1.000000e+02, 9.398948e+01
1.000000e+02, 9.559813e+01
1.000000e+02, 9.723293e+01
1.000000e+02, 9.889503e+01
1.000000e+02, 1.005856e+02
1.000000e+02, 1.023061e+02
1.000000e+02, 1.040578e+02
1.000000e+02, 1.058424e+02
1.000000e+02, 1.076614e+02
1.000000e+02, 1.095168e+02
1.000000e+02, 1.114107e+02
1.000000e+02, 1.133451e+02
1.000000e+02, 1.153226e+02
1.000000e+02, 1.173458e+02
1.000000e+02, 1.194179e+02
1.000000e+02, 1.215421e+02
1.000000e+02, 1.237223e+02
1.000000e+02, 1.259626e+02
1.000000e+02, 1.282681e+02
1.000000e+02, 1.306442e+02
1.000000e+02, 1.330974e+02
1.000000e+02, 1.356352e+02
1.000000e+02, 1.382663e+02
1.000000e+02, 1.410012e+02
1.000000e+02, 1.438525e+02
1.000000e+02, 1.468357e+02
1.000000e+02, 1.499699e+02
1.000000e+02, 1.532796e+02
1.000000e+02, 1.567968e+02
1.000000e+02, 1.605645e+02
1.000000e+02, 1.646436e+02
1.000000e+02, 1.691246e+02
1.000000e+02, 1.741541e+02
1.000000e+02, 1.800000e+02
##END= 