##TITLE= /opt/topspin3.0/exp/stan/nmr/lists/wave/user/HypSec_trunc2.84_110
##JCAMP-DX= 5.00 Bruker JCAMP library
##DATA TYPE= Shape Data
##ORIGIN= Bruker BioSpin GmbH
##OWNER= <nmrsu>
##DATE= 15/02/24
##TIME= 16:15:04
##MINX= 1.164538e+01
##MAXX= 9.999960e+01
##MINY= 2.546774e-02
##MAXY= 3.585574e+02
##$SHAPE_EXMODE= Adiabatic
##$SHAPE_TOTROT= 1.800000e+02
##$SHAPE_BWFAC= 1.929340e+02
##$SHAPE_INTEGFAC= 2.356110e-02
##$SHAPE_MODE= 0
##NPOINTS= 1000
##XYPOINTS= (XY..XY)
1.000000e+02, 1.800000e+02
1.000000e+02, 1.775420e+02
1.000000e+02, 1.754274e+02
1.000000e+02, 1.735433e+02
1.000000e+02, 1.718283e+02
1.000000e+02, 1.702441e+02
1.000000e+02, 1.687653e+02
1.000000e+02, 1.673737e+02
1.000000e+02, 1.660559e+02
1.000000e+02, 1.648016e+02
1.000000e+02, 1.636028e+02
1.000000e+02, 1.624529e+02
1.000000e+02, 1.613466e+02
1.000000e+02, 1.602796e+02
1.000000e+02, 1.592481e+02
1.000000e+02, 1.582491e+02
1.000000e+02, 1.572797e+02
1.000000e+02, 1.563378e+02
1.000000e+02, 1.554211e+02
1.000000e+02, 1.545280e+02
1.000000e+02, 1.536568e+02
1.000000e+02, 1.528061e+02
1.000000e+02, 1.519746e+02
1.000000e+02, 1.511613e+02
1.000000e+02, 1.503650e+02
1.000000e+02, 1.495849e+02
1.000000e+02, 1.488201e+02
1.000000e+02, 1.480698e+02
1.000000e+02, 1.473332e+02
1.000000e+02, 1.466099e+02
1.000000e+02, 1.458990e+02
1.000000e+02, 1.452002e+02
1.000000e+02, 1.445128e+02
1.000000e+02, 1.438365e+02
1.000000e+02, 1.431707e+02
1.000000e+02, 1.425150e+02
1.000000e+02, 1.418691e+02
1.000000e+02, 1.412325e+02
1.000000e+02, 1.406050e+02
1.000000e+02, 1.399862e+02
1.000000e+02, 1.393758e+02
1.000000e+02, 1.387736e+02
1.000000e+02, 1.381793e+02
1.000000e+02, 1.375926e+02
1.000000e+02, 1.370132e+02
1.000000e+02, 1.364410e+02
1.000000e+02, 1.358758e+02
1.000000e+02, 1.353173e+02
1.000000e+02, 1.347653e+02
1.000000e+02, 1.342197e+02
1.000000e+02, 1.336803e+02
1.000000e+02, 1.331469e+02
1.000000e+02, 1.326194e+02
1.000000e+02, 1.320976e+02
1.000000e+02, 1.315814e+02
1.000000e+02, 1.310705e+02
1.000000e+02, 1.305650e+02
1.000000e+02, 1.300647e+02
1.000000e+02, 1.295694e+02
1.000000e+02, 1.290790e+02
1.000000e+02, 1.285934e+02
1.000000e+02, 1.281126e+02
1.000000e+02, 1.276363e+02
1.000000e+02, 1.271646e+02
1.000000e+02, 1.266972e+02
1.000000e+02, 1.262342e+02
1.000000e+02, 1.257754e+02
1.000000e+02, 1.253208e+02
1.000000e+02, 1.248702e+02
1.000000e+02, 1.244236e+02
1.000000e+02, 1.239809e+02
1.000000e+02, 1.235421e+02
1.000000e+02, 1.231070e+02
1.000000e+02, 1.226756e+02
1.000000e+02, 1.222478e+02
1.000000e+02, 1.218235e+02
1.000000e+02, 1.214028e+02
1.000000e+02, 1.209855e+02
1.000000e+02, 1.205716e+02
1.000000e+02, 1.201609e+02
1.000000e+02, 1.197536e+02
1.000000e+02, 1.193494e+02
1.000000e+02, 1.189484e+02
1.000000e+02, 1.185505e+02
1.000000e+02, 1.181557e+02
1.000000e+02, 1.177639e+02
1.000000e+02, 1.173750e+02
1.000000e+02, 1.169890e+02
1.000000e+02, 1.166059e+02
1.000000e+02, 1.162257e+02
1.000000e+02, 1.158482e+02
1.000000e+02, 1.154735e+02
1.000000e+02, 1.151014e+02
1.000000e+02, 1.147321e+02
1.000000e+02, 1.143653e+02
1.000000e+02, 1.140012e+02
1.000000e+02, 1.136396e+02
1.000000e+02, 1.132806e+02
1.000000e+02, 1.129240e+02
1.000000e+02, 1.125699e+02
1.000000e+02, 1.122182e+02
1.000000e+02, 1.118689e+02
1.000000e+02, 1.115220e+02
1.000000e+02, 1.111774e+02
1.000000e+02, 1.108351e+02
1.000000e+02, 1.104951e+02
1.000000e+02, 1.101573e+02
1.000000e+02, 1.098218e+02
1.000000e+02, 1.094884e+02
1.000000e+02, 1.091572e+02
1.000000e+02, 1.088282e+02
1.000000e+02, 1.085012e+02
1.000000e+02, 1.081764e+02
1.000000e+02, 1.078536e+02
1.000000e+02, 1.075329e+02
1.000000e+02, 1.072142e+02
1.000000e+02, 1.068975e+02
1.000000e+02, 1.065827e+02
1.000000e+02, 1.062700e+02
1.000000e+02, 1.059591e+02
1.000000e+02, 1.056502e+02
1.000000e+02, 1.053431e+02
1.000000e+02, 1.050380e+02
1.000000e+02, 1.047347e+02
1.000000e+02, 1.044332e+02
1.000000e+02, 1.041336e+02
1.000000e+02, 1.038357e+02
1.000000e+02, 1.035396e+02
1.000000e+02, 1.032453e+02
1.000000e+02, 1.029528e+02
1.000000e+02, 1.026619e+02
1.000000e+02, 1.023728e+02
1.000000e+02, 1.020854e+02
1.000000e+02, 1.017996e+02
1.000000e+02, 1.015156e+02
1.000000e+02, 1.012331e+02
1.000000e+02, 1.009523e+02
1.000000e+02, 1.006732e+02
1.000000e+02, 1.003956e+02
1.000000e+02, 1.001196e+02
1.000000e+02, 9.984520e+01
1.000000e+02, 9.957235e+01
1.000000e+02, 9.930106e+01
1.000000e+02, 9.903130e+01
1.000000e+02, 9.876307e+01
1.000000e+02, 9.849634e+01
1.000000e+02, 9.823111e+01
1.000000e+02, 9.796737e+01
1.000000e+02, 9.770509e+01
1.000000e+02, 9.744428e+01
1.000000e+02, 9.718491e+01
1.000000e+02, 9.692698e+01
1.000000e+02, 9.667048e+01
1.000000e+02, 9.641539e+01
1.000000e+02, 9.616170e+01
1.000000e+02, 9.590940e+01
1.000000e+02, 9.565848e+01
1.000000e+02, 9.540894e+01
1.000000e+02, 9.516075e+01
1.000000e+02, 9.491391e+01
1.000000e+02, 9.466841e+01
1.000000e+02, 9.442424e+01
1.000000e+02, 9.418139e+01
1.000000e+02, 9.393985e+01
1.000000e+02, 9.369961e+01
1.000000e+02, 9.346066e+01
1.000000e+02, 9.322299e+01
1.000000e+02, 9.298659e+01
1.000000e+02, 9.275146e+01
1.000000e+02, 9.251758e+01
1.000000e+02, 9.228495e+01
1.000000e+02, 9.205355e+01
1.000000e+02, 9.182338e+01
1.000000e+02, 9.159443e+01
1.000000e+02, 9.136670e+01
1.000000e+02, 9.114017e+01
1.000000e+02, 9.091483e+01
1.000000e+02, 9.069069e+01
1.000000e+02, 9.046772e+01
1.000000e+02, 9.024593e+01
1.000000e+02, 9.002530e+01
1.000000e+02, 8.980583e+01
1.000000e+02, 8.958751e+01
1.000000e+02, 8.937033e+01
1.000000e+02, 8.915429e+01
1.000000e+02, 8.893938e+01
1.000000e+02, 8.872559e+01
1.000000e+02, 8.851291e+01
1.000000e+02, 8.830134e+01
1.000000e+02, 8.809088e+01
1.000000e+02, 8.788151e+01
1.000000e+02, 8.767322e+01
1.000000e+02, 8.746602e+01
1.000000e+02, 8.725990e+01
1.000000e+02, 8.705485e+01
1.000000e+02, 8.685085e+01
1.000000e+02, 8.664792e+01
1.000000e+02, 8.644604e+01
1.000000e+02, 8.624520e+01
1.000000e+02, 8.604540e+01
1.000000e+02, 8.584663e+01
1.000000e+02, 8.564890e+01
1.000000e+02, 8.545218e+01
1.000000e+02, 8.525648e+01
1.000000e+02, 8.506179e+01
1.000000e+02, 8.486811e+01
1.000000e+02, 8.467543e+01
1.000000e+02, 8.448374e+01
1.000000e+02, 8.429305e+01
1.000000e+02, 8.410333e+01
1.000000e+02, 8.391460e+01
1.000000e+02, 8.372684e+01
1.000000e+02, 8.354005e+01
1.000000e+02, 8.335423e+01
1.000000e+02, 8.316936e+01
1.000000e+02, 8.298545e+01
1.000000e+02, 8.280249e+01
1.000000e+02, 8.262047e+01
1.000000e+02, 8.243939e+01
1.000000e+02, 8.225925e+01
1.000000e+02, 8.208004e+01
1.000000e+02, 8.190176e+01
1.000000e+02, 8.172440e+01
1.000000e+02, 8.154796e+01
1.000000e+02, 8.137243e+01
1.000000e+02, 8.119782e+01
1.000000e+02, 8.102410e+01
1.000000e+02, 8.085129e+01
1.000000e+02, 8.067937e+01
1.000000e+02, 8.050835e+01
1.000000e+02, 8.033822e+01
1.000000e+02, 8.016897e+01
1.000000e+02, 8.000060e+01
1.000000e+02, 7.983311e+01
1.000000e+02, 7.966649e+01
1.000000e+02, 7.950074e+01
1.000000e+02, 7.933585e+01
1.000000e+02, 7.917183e+01
1.000000e+02, 7.900866e+01
1.000000e+02, 7.884635e+01
1.000000e+02, 7.868489e+01
1.000000e+02, 7.852427e+01
1.000000e+02, 7.836450e+01
1.000000e+02, 7.820557e+01
1.000000e+02, 7.804748e+01
1.000000e+02, 7.789022e+01
1.000000e+02, 7.773378e+01
1.000000e+02, 7.757818e+01
1.000000e+02, 7.742339e+01
1.000000e+02, 7.726943e+01
1.000000e+02, 7.711628e+01
1.000000e+02, 7.696395e+01
1.000000e+02, 7.681242e+01
1.000000e+02, 7.666170e+01
1.000000e+02, 7.651179e+01
1.000000e+02, 7.636267e+01
1.000000e+02, 7.621436e+01
1.000000e+02, 7.606684e+01
1.000000e+02, 7.592010e+01
1.000000e+02, 7.577416e+01
1.000000e+02, 7.562900e+01
1.000000e+02, 7.548463e+01
1.000000e+02, 7.534104e+01
1.000000e+02, 7.519822e+01
1.000000e+02, 7.505617e+01
1.000000e+02, 7.491490e+01
1.000000e+02, 7.477440e+01
1.000000e+02, 7.463466e+01
1.000000e+02, 7.449568e+01
1.000000e+02, 7.435747e+01
1.000000e+02, 7.422001e+01
1.000000e+02, 7.408331e+01
1.000000e+02, 7.394736e+01
1.000000e+02, 7.381216e+01
1.000000e+02, 7.367771e+01
1.000000e+02, 7.354400e+01
1.000000e+02, 7.341104e+01
1.000000e+02, 7.327881e+01
1.000000e+02, 7.314732e+01
1.000000e+02, 7.301657e+01
1.000000e+02, 7.288655e+01
1.000000e+02, 7.275726e+01
1.000000e+02, 7.262870e+01
1.000000e+02, 7.250087e+01
1.000000e+02, 7.237375e+01
1.000000e+02, 7.224736e+01
1.000000e+02, 7.212169e+01
1.000000e+02, 7.199674e+01
1.000000e+02, 7.187249e+01
1.000000e+02, 7.174896e+01
1.000000e+02, 7.162615e+01
1.000000e+02, 7.150403e+01
1.000000e+02, 7.138263e+01
1.000000e+02, 7.126193e+01
1.000000e+02, 7.114193e+01
1.000000e+02, 7.102262e+01
1.000000e+02, 7.090402e+01
1.000000e+02, 7.078611e+01
1.000000e+02, 7.066890e+01
1.000000e+02, 7.055237e+01
1.000000e+02, 7.043654e+01
1.000000e+02, 7.032139e+01
1.000000e+02, 7.020693e+01
1.000000e+02, 7.009315e+01
1.000000e+02, 6.998006e+01
1.000000e+02, 6.986764e+01
1.000000e+02, 6.975590e+01
1.000000e+02, 6.964484e+01
1.000000e+02, 6.953446e+01
1.000000e+02, 6.942474e+01
1.000000e+02, 6.931570e+01
1.000000e+02, 6.920732e+01
1.000000e+02, 6.909961e+01
1.000000e+02, 6.899257e+01
1.000000e+02, 6.888619e+01
1.000000e+02, 6.878048e+01
1.000000e+02, 6.867542e+01
1.000000e+02, 6.857102e+01
1.000000e+02, 6.846728e+01
1.000000e+02, 6.836420e+01
1.000000e+02, 6.826177e+01
1.000000e+02, 6.815999e+01
1.000000e+02, 6.805886e+01
1.000000e+02, 6.795838e+01
1.000000e+02, 6.785855e+01
1.000000e+02, 6.775937e+01
1.000000e+02, 6.766083e+01
1.000000e+02, 6.756293e+01
1.000000e+02, 6.746567e+01
1.000000e+02, 6.736905e+01
1.000000e+02, 6.727308e+01
1.000000e+02, 6.717773e+01
1.000000e+02, 6.708303e+01
1.000000e+02, 6.698896e+01
1.000000e+02, 6.689552e+01
1.000000e+02, 6.680271e+01
1.000000e+02, 6.671053e+01
1.000000e+02, 6.661898e+01
1.000000e+02, 6.652806e+01
1.000000e+02, 6.643776e+01
1.000000e+02, 6.634809e+01
1.000000e+02, 6.625904e+01
1.000000e+02, 6.617062e+01
1.000000e+02, 6.608281e+01
1.000000e+02, 6.599562e+01
1.000000e+02, 6.590905e+01
1.000000e+02, 6.582310e+01
1.000000e+02, 6.573777e+01
1.000000e+02, 6.565304e+01
1.000000e+02, 6.556893e+01
1.000000e+02, 6.548544e+01
1.000000e+02, 6.540255e+01
1.000000e+02, 6.532027e+01
1.000000e+02, 6.523860e+01
1.000000e+02, 6.515754e+01
1.000000e+02, 6.507708e+01
1.000000e+02, 6.499723e+01
1.000000e+02, 6.491799e+01
1.000000e+02, 6.483934e+01
1.000000e+02, 6.476130e+01
1.000000e+02, 6.468385e+01
1.000000e+02, 6.460701e+01
1.000000e+02, 6.453076e+01
1.000000e+02, 6.445511e+01
1.000000e+02, 6.438006e+01
1.000000e+02, 6.430560e+01
1.000000e+02, 6.423174e+01
1.000000e+02, 6.415847e+01
1.000000e+02, 6.408579e+01
1.000000e+02, 6.401370e+01
1.000000e+02, 6.394221e+01
1.000000e+02, 6.387130e+01
1.000000e+02, 6.380098e+01
1.000000e+02, 6.373124e+01
1.000000e+02, 6.366210e+01
1.000000e+02, 6.359354e+01
1.000000e+02, 6.352556e+01
1.000000e+02, 6.345816e+01
1.000000e+02, 6.339135e+01
1.000000e+02, 6.332512e+01
1.000000e+02, 6.325947e+01
1.000000e+02, 6.319440e+01
1.000000e+02, 6.312991e+01
1.000000e+02, 6.306600e+01
1.000000e+02, 6.300266e+01
1.000000e+02, 6.293990e+01
1.000000e+02, 6.287772e+01
1.000000e+02, 6.281611e+01
1.000000e+02, 6.275508e+01
1.000000e+02, 6.269461e+01
1.000000e+02, 6.263473e+01
1.000000e+02, 6.257541e+01
1.000000e+02, 6.251666e+01
1.000000e+02, 6.245848e+01
1.000000e+02, 6.240087e+01
1.000000e+02, 6.234383e+01
1.000000e+02, 6.228736e+01
1.000000e+02, 6.223146e+01
1.000000e+02, 6.217612e+01
1.000000e+02, 6.212135e+01
1.000000e+02, 6.206714e+01
1.000000e+02, 6.201349e+01
1.000000e+02, 6.196041e+01
1.000000e+02, 6.190789e+01
1.000000e+02, 6.185594e+01
1.000000e+02, 6.180454e+01
1.000000e+02, 6.175371e+01
1.000000e+02, 6.170344e+01
1.000000e+02, 6.165372e+01
1.000000e+02, 6.160457e+01
1.000000e+02, 6.155597e+01
1.000000e+02, 6.150793e+01
1.000000e+02, 6.146045e+01
1.000000e+02, 6.141352e+01
1.000000e+02, 6.136715e+01
1.000000e+02, 6.132134e+01
1.000000e+02, 6.127608e+01
1.000000e+02, 6.123137e+01
1.000000e+02, 6.118722e+01
1.000000e+02, 6.114362e+01
1.000000e+02, 6.110057e+01
1.000000e+02, 6.105807e+01
1.000000e+02, 6.101613e+01
1.000000e+02, 6.097474e+01
1.000000e+02, 6.093389e+01
1.000000e+02, 6.089360e+01
1.000000e+02, 6.085385e+01
1.000000e+02, 6.081466e+01
1.000000e+02, 6.077601e+01
1.000000e+02, 6.073791e+01
1.000000e+02, 6.070036e+01
1.000000e+02, 6.066335e+01
1.000000e+02, 6.062690e+01
1.000000e+02, 6.059098e+01
1.000000e+02, 6.055561e+01
1.000000e+02, 6.052079e+01
1.000000e+02, 6.048651e+01
1.000000e+02, 6.045278e+01
1.000000e+02, 6.041959e+01
1.000000e+02, 6.038695e+01
1.000000e+02, 6.035484e+01
1.000000e+02, 6.032328e+01
1.000000e+02, 6.029226e+01
1.000000e+02, 6.026179e+01
1.000000e+02, 6.023185e+01
1.000000e+02, 6.020246e+01
1.000000e+02, 6.017360e+01
1.000000e+02, 6.014529e+01
1.000000e+02, 6.011752e+01
1.000000e+02, 6.009029e+01
1.000000e+02, 6.006359e+01
1.000000e+02, 6.003744e+01
1.000000e+02, 6.001182e+01
1.000000e+02, 5.998674e+01
1.000000e+02, 5.996220e+01
1.000000e+02, 5.993820e+01
1.000000e+02, 5.991474e+01
1.000000e+02, 5.989181e+01
1.000000e+02, 5.986942e+01
1.000000e+02, 5.984757e+01
1.000000e+02, 5.982625e+01
1.000000e+02, 5.980547e+01
1.000000e+02, 5.978523e+01
1.000000e+02, 5.976552e+01
1.000000e+02, 5.974635e+01
1.000000e+02, 5.972771e+01
1.000000e+02, 5.970961e+01
1.000000e+02, 5.969204e+01
1.000000e+02, 5.967500e+01
1.000000e+02, 5.965850e+01
1.000000e+02, 5.964254e+01
1.000000e+02, 5.962711e+01
1.000000e+02, 5.961221e+01
1.000000e+02, 5.959785e+01
1.000000e+02, 5.958402e+01
1.000000e+02, 5.957072e+01
1.000000e+02, 5.955796e+01
1.000000e+02, 5.954573e+01
1.000000e+02, 5.953403e+01
1.000000e+02, 5.952286e+01
1.000000e+02, 5.951223e+01
1.000000e+02, 5.950213e+01
1.000000e+02, 5.949256e+01
1.000000e+02, 5.948352e+01
1.000000e+02, 5.947502e+01
1.000000e+02, 5.946705e+01
1.000000e+02, 5.945961e+01
1.000000e+02, 5.945270e+01
1.000000e+02, 5.944632e+01
1.000000e+02, 5.944048e+01
1.000000e+02, 5.943517e+01
1.000000e+02, 5.943038e+01
1.000000e+02, 5.942613e+01
1.000000e+02, 5.942242e+01
1.000000e+02, 5.941923e+01
1.000000e+02, 5.941657e+01
1.000000e+02, 5.941445e+01
1.000000e+02, 5.941285e+01
1.000000e+02, 5.941179e+01
1.000000e+02, 5.941126e+01
1.000000e+02, 5.941126e+01
1.000000e+02, 5.941179e+01
1.000000e+02, 5.941285e+01
1.000000e+02, 5.941445e+01
1.000000e+02, 5.941657e+01
1.000000e+02, 5.941923e+01
1.000000e+02, 5.942242e+01
1.000000e+02, 5.942613e+01
1.000000e+02, 5.943038e+01
1.000000e+02, 5.943517e+01
1.000000e+02, 5.944048e+01
1.000000e+02, 5.944632e+01
1.000000e+02, 5.945270e+01
1.000000e+02, 5.945961e+01
1.000000e+02, 5.946705e+01
1.000000e+02, 5.947502e+01
1.000000e+02, 5.948352e+01
1.000000e+02, 5.949256e+01
1.000000e+02, 5.950213e+01
1.000000e+02, 5.951223e+01
1.000000e+02, 5.952286e+01
1.000000e+02, 5.953403e+01
1.000000e+02, 5.954573e+01
1.000000e+02, 5.955796e+01
1.000000e+02, 5.957072e+01
1.000000e+02, 5.958402e+01
1.000000e+02, 5.959785e+01
1.000000e+02, 5.961221e+01
1.000000e+02, 5.962711e+01
1.000000e+02, 5.964254e+01
1.000000e+02, 5.965850e+01
1.000000e+02, 5.967500e+01
1.000000e+02, 5.969204e+01
1.000000e+02, 5.970961e+01
1.000000e+02, 5.972771e+01
1.000000e+02, 5.974635e+01
1.000000e+02, 5.976552e+01
1.000000e+02, 5.978523e+01
1.000000e+02, 5.980547e+01
1.000000e+02, 5.982625e+01
1.000000e+02, 5.984757e+01
1.000000e+02, 5.986942e+01
1.000000e+02, 5.989181e+01
1.000000e+02, 5.991474e+01
1.000000e+02, 5.993820e+01
1.000000e+02, 5.996220e+01
1.000000e+02, 5.998674e+01
1.000000e+02, 6.001182e+01
1.000000e+02, 6.003744e+01
1.000000e+02, 6.006359e+01
1.000000e+02, 6.009029e+01
1.000000e+02, 6.011752e+01
1.000000e+02, 6.014529e+01
1.000000e+02, 6.017360e+01
1.000000e+02, 6.020246e+01
1.000000e+02, 6.023185e+01
1.000000e+02, 6.026179e+01
1.000000e+02, 6.029226e+01
1.000000e+02, 6.032328e+01
1.000000e+02, 6.035484e+01
1.000000e+02, 6.038695e+01
1.000000e+02, 6.041959e+01
1.000000e+02, 6.045278e+01
1.000000e+02, 6.048651e+01
1.000000e+02, 6.052079e+01
1.000000e+02, 6.055561e+01
1.000000e+02, 6.059098e+01
1.000000e+02, 6.062690e+01
1.000000e+02, 6.066335e+01
1.000000e+02, 6.070036e+01
1.000000e+02, 6.073791e+01
1.000000e+02, 6.077601e+01
1.000000e+02, 6.081466e+01
1.000000e+02, 6.085385e+01
1.000000e+02, 6.089360e+01
1.000000e+02, 6.093389e+01
1.000000e+02, 6.097474e+01
1.000000e+02, 6.101613e+01
1.000000e+02, 6.105807e+01
1.000000e+02, 6.110057e+01
1.000000e+02, 6.114362e+01
1.000000e+02, 6.118722e+01
1.000000e+02, 6.123137e+01
1.000000e+02, 6.127608e+01
1.000000e+02, 6.132134e+01
1.000000e+02, 6.136715e+01
1.000000e+02, 6.141352e+01
1.000000e+02, 6.146045e+01
1.000000e+02, 6.150793e+01
1.000000e+02, 6.155597e+01
1.000000e+02, 6.160457e+01
1.000000e+02, 6.165372e+01
1.000000e+02, 6.170344e+01
1.000000e+02, 6.175371e+01
1.000000e+02, 6.180454e+01
1.000000e+02, 6.185594e+01
1.000000e+02, 6.190790e+01
1.000000e+02, 6.196041e+01
1.000000e+02, 6.201349e+01
1.000000e+02, 6.206714e+01
1.000000e+02, 6.212135e+01
1.000000e+02, 6.217612e+01
1.000000e+02, 6.223146e+01
1.000000e+02, 6.228736e+01
1.000000e+02, 6.234384e+01
1.000000e+02, 6.240087e+01
1.000000e+02, 6.245848e+01
1.000000e+02, 6.251666e+01
1.000000e+02, 6.257541e+01
1.000000e+02, 6.263473e+01
1.000000e+02, 6.269462e+01
1.000000e+02, 6.275508e+01
1.000000e+02, 6.281611e+01
1.000000e+02, 6.287772e+01
1.000000e+02, 6.293990e+01
1.000000e+02, 6.300266e+01
1.000000e+02, 6.306600e+01
1.000000e+02, 6.312991e+01
1.000000e+02, 6.319440e+01
1.000000e+02, 6.325947e+01
1.000000e+02, 6.332512e+01
1.000000e+02, 6.339135e+01
1.000000e+02, 6.345816e+01
1.000000e+02, 6.352556e+01
1.000000e+02, 6.359354e+01
1.000000e+02, 6.366210e+01
1.000000e+02, 6.373125e+01
1.000000e+02, 6.380098e+01
1.000000e+02, 6.387130e+01
1.000000e+02, 6.394221e+01
1.000000e+02, 6.401371e+01
1.000000e+02, 6.408579e+01
1.000000e+02, 6.415847e+01
1.000000e+02, 6.423174e+01
1.000000e+02, 6.430561e+01
1.000000e+02, 6.438006e+01
1.000000e+02, 6.445512e+01
1.000000e+02, 6.453076e+01
1.000000e+02, 6.460701e+01
1.000000e+02, 6.468385e+01
1.000000e+02, 6.476130e+01
1.000000e+02, 6.483934e+01
1.000000e+02, 6.491799e+01
1.000000e+02, 6.499723e+01
1.000000e+02, 6.507708e+01
1.000000e+02, 6.515754e+01
1.000000e+02, 6.523860e+01
1.000000e+02, 6.532027e+01
1.000000e+02, 6.540255e+01
1.000000e+02, 6.548544e+01
1.000000e+02, 6.556893e+01
1.000000e+02, 6.565304e+01
1.000000e+02, 6.573777e+01
1.000000e+02, 6.582310e+01
1.000000e+02, 6.590906e+01
1.000000e+02, 6.599562e+01
1.000000e+02, 6.608281e+01
1.000000e+02, 6.617062e+01
1.000000e+02, 6.625904e+01
1.000000e+02, 6.634809e+01
1.000000e+02, 6.643776e+01
1.000000e+02, 6.652806e+01
1.000000e+02, 6.661898e+01
1.000000e+02, 6.671053e+01
1.000000e+02, 6.680271e+01
1.000000e+02, 6.689552e+01
1.000000e+02, 6.698896e+01
1.000000e+02, 6.708303e+01
1.000000e+02, 6.717773e+01
1.000000e+02, 6.727308e+01
1.000000e+02, 6.736905e+01
1.000000e+02, 6.746567e+01
1.000000e+02, 6.756293e+01
1.000000e+02, 6.766083e+01
1.000000e+02, 6.775937e+01
1.000000e+02, 6.785855e+01
1.000000e+02, 6.795838e+01
1.000000e+02, 6.805886e+01
1.000000e+02, 6.815999e+01
1.000000e+02, 6.826177e+01
1.000000e+02, 6.836420e+01
1.000000e+02, 6.846728e+01
1.000000e+02, 6.857102e+01
1.000000e+02, 6.867542e+01
1.000000e+02, 6.878048e+01
1.000000e+02, 6.888619e+01
1.000000e+02, 6.899257e+01
1.000000e+02, 6.909961e+01
1.000000e+02, 6.920732e+01
1.000000e+02, 6.931570e+01
1.000000e+02, 6.942474e+01
1.000000e+02, 6.953446e+01
1.000000e+02, 6.964484e+01
1.000000e+02, 6.975591e+01
1.000000e+02, 6.986764e+01
1.000000e+02, 6.998006e+01
1.000000e+02, 7.009315e+01
1.000000e+02, 7.020693e+01
1.000000e+02, 7.032139e+01
1.000000e+02, 7.043654e+01
1.000000e+02, 7.055237e+01
1.000000e+02, 7.066890e+01
1.000000e+02, 7.078611e+01
1.000000e+02, 7.090402e+01
1.000000e+02, 7.102262e+01
1.000000e+02, 7.114193e+01
1.000000e+02, 7.126193e+01
1.000000e+02, 7.138263e+01
1.000000e+02, 7.150403e+01
1.000000e+02, 7.162615e+01
1.000000e+02, 7.174896e+01
1.000000e+02, 7.187249e+01
1.000000e+02, 7.199674e+01
1.000000e+02, 7.212169e+01
1.000000e+02, 7.224736e+01
1.000000e+02, 7.237376e+01
1.000000e+02, 7.250087e+01
1.000000e+02, 7.262870e+01
1.000000e+02, 7.275726e+01
1.000000e+02, 7.288655e+01
1.000000e+02, 7.301657e+01
1.000000e+02, 7.314733e+01
1.000000e+02, 7.327881e+01
1.000000e+02, 7.341104e+01
1.000000e+02, 7.354400e+01
1.000000e+02, 7.367771e+01
1.000000e+02, 7.381216e+01
1.000000e+02, 7.394736e+01
1.000000e+02, 7.408331e+01
1.000000e+02, 7.422001e+01
1.000000e+02, 7.435747e+01
1.000000e+02, 7.449568e+01
1.000000e+02, 7.463466e+01
1.000000e+02, 7.477440e+01
1.000000e+02, 7.491490e+01
1.000000e+02, 7.505617e+01
1.000000e+02, 7.519822e+01
1.000000e+02, 7.534104e+01
1.000000e+02, 7.548463e+01
1.000000e+02, 7.562901e+01
1.000000e+02, 7.577416e+01
1.000000e+02, 7.592011e+01
1.000000e+02, 7.606684e+01
1.000000e+02, 7.621436e+01
1.000000e+02, 7.636268e+01
1.000000e+02, 7.651179e+01
1.000000e+02, 7.666170e+01
1.000000e+02, 7.681242e+01
1.000000e+02, 7.696395e+01
1.000000e+02, 7.711628e+01
1.000000e+02, 7.726943e+01
1.000000e+02, 7.742339e+01
1.000000e+02, 7.757818e+01
1.000000e+02, 7.773378e+01
1.000000e+02, 7.789022e+01
1.000000e+02, 7.804748e+01
1.000000e+02, 7.820557e+01
1.000000e+02, 7.836450e+01
1.000000e+02, 7.852428e+01
1.000000e+02, 7.868489e+01
1.000000e+02, 7.884635e+01
1.000000e+02, 7.900866e+01
1.000000e+02, 7.917183e+01
1.000000e+02, 7.933585e+01
1.000000e+02, 7.950074e+01
1.000000e+02, 7.966649e+01
1.000000e+02, 7.983311e+01
1.000000e+02, 8.000060e+01
1.000000e+02, 8.016897e+01
1.000000e+02, 8.033822e+01
1.000000e+02, 8.050835e+01
1.000000e+02, 8.067938e+01
1.000000e+02, 8.085129e+01
1.000000e+02, 8.102410e+01
1.000000e+02, 8.119782e+01
1.000000e+02, 8.137243e+01
1.000000e+02, 8.154796e+01
1.000000e+02, 8.172440e+01
1.000000e+02, 8.190176e+01
1.000000e+02, 8.208005e+01
1.000000e+02, 8.225925e+01
1.000000e+02, 8.243939e+01
1.000000e+02, 8.262047e+01
1.000000e+02, 8.280249e+01
1.000000e+02, 8.298545e+01
1.000000e+02, 8.316936e+01
1.000000e+02, 8.335423e+01
1.000000e+02, 8.354005e+01
1.000000e+02, 8.372684e+01
1.000000e+02, 8.391460e+01
1.000000e+02, 8.410333e+01
1.000000e+02, 8.429305e+01
1.000000e+02, 8.448374e+01
1.000000e+02, 8.467543e+01
1.000000e+02, 8.486811e+01
1.000000e+02, 8.506180e+01
1.000000e+02, 8.525648e+01
1.000000e+02, 8.545218e+01
1.000000e+02, 8.564890e+01
1.000000e+02, 8.584663e+01
1.000000e+02, 8.604540e+01
1.000000e+02, 8.624520e+01
1.000000e+02, 8.644604e+01
1.000000e+02, 8.664792e+01
1.000000e+02, 8.685085e+01
1.000000e+02, 8.705485e+01
1.000000e+02, 8.725990e+01
1.000000e+02, 8.746603e+01
1.000000e+02, 8.767323e+01
1.000000e+02, 8.788151e+01
1.000000e+02, 8.809088e+01
1.000000e+02, 8.830134e+01
1.000000e+02, 8.851291e+01
1.000000e+02, 8.872559e+01
1.000000e+02, 8.893938e+01
1.000000e+02, 8.915429e+01
1.000000e+02, 8.937033e+01
1.000000e+02, 8.958751e+01
1.000000e+02, 8.980583e+01
1.000000e+02, 9.002530e+01
1.000000e+02, 9.024593e+01
1.000000e+02, 9.046772e+01
1.000000e+02, 9.069069e+01
1.000000e+02, 9.091483e+01
1.000000e+02, 9.114017e+01
1.000000e+02, 9.136670e+01
1.000000e+02, 9.159444e+01
1.000000e+02, 9.182338e+01
1.000000e+02, 9.205355e+01
1.000000e+02, 9.228495e+01
1.000000e+02, 9.251758e+01
1.000000e+02, 9.275146e+01
1.000000e+02, 9.298659e+01
1.000000e+02, 9.322299e+01
1.000000e+02, 9.346066e+01
1.000000e+02, 9.369961e+01
1.000000e+02, 9.393985e+01
1.000000e+02, 9.418139e+01
1.000000e+02, 9.442424e+01
1.000000e+02, 9.466841e+01
1.000000e+02, 9.491391e+01
1.000000e+02, 9.516075e+01
1.000000e+02, 9.540894e+01
1.000000e+02, 9.565849e+01
1.000000e+02, 9.590940e+01
1.000000e+02, 9.616170e+01
1.000000e+02, 9.641539e+01
1.000000e+02, 9.667048e+01
1.000000e+02, 9.692698e+01
1.000000e+02, 9.718491e+01
1.000000e+02, 9.744428e+01
1.000000e+02, 9.770509e+01
1.000000e+02, 9.796737e+01
1.000000e+02, 9.823111e+01
1.000000e+02, 9.849634e+01
1.000000e+02, 9.876307e+01
1.000000e+02, 9.903130e+01
1.000000e+02, 9.930106e+01
1.000000e+02, 9.957235e+01
1.000000e+02, 9.984520e+01
1.000000e+02, 1.001196e+02
1.000000e+02, 1.003956e+02
1.000000e+02, 1.006732e+02
1.000000e+02, 1.009523e+02
1.000000e+02, 1.012331e+02
1.000000e+02, 1.015156e+02
1.000000e+02, 1.017996e+02
1.000000e+02, 1.020854e+02
1.000000e+02, 1.023728e+02
1.000000e+02, 1.026619e+02
1.000000e+02, 1.029528e+02
1.000000e+02, 1.032453e+02
1.000000e+02, 1.035396e+02
1.000000e+02, 1.038357e+02
1.000000e+02, 1.041336e+02
1.000000e+02, 1.044332e+02
1.000000e+02, 1.047347e+02
1.000000e+02, 1.050380e+02
1.000000e+02, 1.053431e+02
1.000000e+02, 1.056502e+02
1.000000e+02, 1.059591e+02
1.000000e+02, 1.062700e+02
1.000000e+02, 1.065827e+02
1.000000e+02, 1.068975e+02
1.000000e+02, 1.072142e+02
1.000000e+02, 1.075329e+02
1.000000e+02, 1.078536e+02
1.000000e+02, 1.081764e+02
1.000000e+02, 1.085012e+02
1.000000e+02, 1.088282e+02
1.000000e+02, 1.091572e+02
1.000000e+02, 1.094884e+02
1.000000e+02, 1.098218e+02
1.000000e+02, 1.101573e+02
1.000000e+02, 1.104951e+02
1.000000e+02, 1.108351e+02
1.000000e+02, 1.111774e+02
1.000000e+02, 1.115220e+02
1.000000e+02, 1.118689e+02
1.000000e+02, 1.122182e+02
1.000000e+02, 1.125699e+02
1.000000e+02, 1.129240e+02
1.000000e+02, 1.132806e+02
1.000000e+02, 1.136396e+02
1.000000e+02, 1.140012e+02
1.000000e+02, 1.143654e+02
1.000000e+02, 1.147321e+02
1.000000e+02, 1.151014e+02
1.000000e+02, 1.154735e+02
1.000000e+02, 1.158482e+02
1.000000e+02, 1.162257e+02
1.000000e+02, 1.166059e+02
1.000000e+02, 1.169890e+02
1.000000e+02, 1.173750e+02
1.000000e+02, 1.177639e+02
1.000000e+02, 1.181557e+02
1.000000e+02, 1.185505e+02
1.000000e+02, 1.189484e+02
1.000000e+02, 1.193494e+02
1.000000e+02, 1.197536e+02
1.000000e+02, 1.201609e+02
1.000000e+02, 1.205716e+02
1.000000e+02, 1.209855e+02
1.000000e+02, 1.214028e+02
1.000000e+02, 1.218235e+02
1.000000e+02, 1.222478e+02
1.000000e+02, 1.226756e+02
1.000000e+02, 1.231070e+02
1.000000e+02, 1.235421e+02
1.000000e+02, 1.239809e+02
1.000000e+02, 1.244236e+02
1.000000e+02, 1.248702e+02
1.000000e+02, 1.253208e+02
1.000000e+02, 1.257755e+02
1.000000e+02, 1.262342e+02
1.000000e+02, 1.266972e+02
1.000000e+02, 1.271646e+02
1.000000e+02, 1.276363e+02
1.000000e+02, 1.281126e+02
1.000000e+02, 1.285934e+02
1.000000e+02, 1.290790e+02
1.000000e+02, 1.295694e+02
1.000000e+02, 1.300647e+02
1.000000e+02, 1.305650e+02
1.000000e+02, 1.310705e+02
1.000000e+02, 1.315814e+02
1.000000e+02, 1.320976e+02
1.000000e+02, 1.326194e+02
1.000000e+02, 1.331469e+02
1.000000e+02, 1.336803e+02
1.000000e+02, 1.342197e+02
1.000000e+02, 1.347653e+02
1.000000e+02, 1.353173e+02
1.000000e+02, 1.358758e+02
1.000000e+02, 1.364410e+02
1.000000e+02, 1.370132e+02
1.000000e+02, 1.375926e+02
1.000000e+02, 1.381793e+02
1.000000e+02, 1.387736e+02
1.000000e+02, 1.393758e+02
1.000000e+02, 1.399862e+02
1.000000e+02, 1.406050e+02
1.000000e+02, 1.412325e+02
1.000000e+02, 1.418691e+02
1.000000e+02, 1.425150e+02
1.000000e+02, 1.431707e+02
1.000000e+02, 1.438365e+02
1.000000e+02, 1.445129e+02
1.000000e+02, 1.452002e+02
1.000000e+02, 1.458990e+02
1.000000e+02, 1.466099e+02
1.000000e+02, 1.473332e+02
1.000000e+02, 1.480698e+02
1.000000e+02, 1.488201e+02
1.000000e+02, 1.495849e+02
1.000000e+02, 1.503650e+02
1.000000e+02, 1.511613e+02
1.000000e+02, 1.519746e+02
1.000000e+02, 1.528061e+02
1.000000e+02, 1.536568e+02
1.000000e+02, 1.545280e+02
1.000000e+02, 1.554211e+02
1.000000e+02, 1.563378e+02
1.000000e+02, 1.572797e+02
1.000000e+02, 1.582491e+02
1.000000e+02, 1.592481e+02
1.000000e+02, 1.602796e+02
1.000000e+02, 1.613466e+02
1.000000e+02, 1.624529e+02
1.000000e+02, 1.636028e+02
1.000000e+02, 1.648016e+02
1.000000e+02, 1.660559e+02
1.000000e+02, 1.673737e+02
1.000000e+02, 1.687653e+02
1.000000e+02, 1.702441e+02
1.000000e+02, 1.718283e+02
1.000000e+02, 1.735433e+02
1.000000e+02, 1.754274e+02
1.000000e+02, 1.775421e+02
1.000000e+02, 1.800000e+02
##END= 