##TITLE= /opt/topspin3.0/exp/stan/nmr/lists/wave/user/HypSec_trunc2.84_110
##JCAMP-DX= 5.00 Bruker JCAMP library
##DATA TYPE= Shape Data
##ORIGIN= Bruker BioSpin GmbH
##OWNER= <nmrsu>
##DATE= 15/02/24
##TIME= 16:15:04
##MINX= 1.164538e+01
##MAXX= 9.999960e+01
##MINY= 2.546774e-02
##MAXY= 3.585574e+02
##$SHAPE_EXMODE= Adiabatic
##$SHAPE_TOTROT= 1.800000e+02
##$SHAPE_BWFAC= 1.929340e+02
##$SHAPE_INTEGFAC= 2.356110e-02
##$SHAPE_MODE= 0
##NPOINTS= 1000
##XYPOINTS= (XY..XY)
1.000000e+02, 1.800000e+02
1.000000e+02, 1.720283e+02
1.000000e+02, 1.651699e+02
1.000000e+02, 1.590594e+02
1.000000e+02, 1.534970e+02
1.000000e+02, 1.483592e+02
1.000000e+02, 1.435631e+02
1.000000e+02, 1.390499e+02
1.000000e+02, 1.347760e+02
1.000000e+02, 1.307080e+02
1.000000e+02, 1.268198e+02
1.000000e+02, 1.230904e+02
1.000000e+02, 1.195025e+02
1.000000e+02, 1.160419e+02
1.000000e+02, 1.126966e+02
1.000000e+02, 1.094565e+02
1.000000e+02, 1.063127e+02
1.000000e+02, 1.032576e+02
1.000000e+02, 1.002847e+02
1.000000e+02, 9.738803e+01
1.000000e+02, 9.456251e+01
1.000000e+02, 9.180352e+01
1.000000e+02, 8.910695e+01
1.000000e+02, 8.646909e+01
1.000000e+02, 8.388661e+01
1.000000e+02, 8.135647e+01
1.000000e+02, 7.887593e+01
1.000000e+02, 7.644245e+01
1.000000e+02, 7.405374e+01
1.000000e+02, 7.170768e+01
1.000000e+02, 6.940230e+01
1.000000e+02, 6.713581e+01
1.000000e+02, 6.490654e+01
1.000000e+02, 6.271292e+01
1.000000e+02, 6.055352e+01
1.000000e+02, 5.842698e+01
1.000000e+02, 5.633206e+01
1.000000e+02, 5.426757e+01
1.000000e+02, 5.223241e+01
1.000000e+02, 5.022554e+01
1.000000e+02, 4.824600e+01
1.000000e+02, 4.629285e+01
1.000000e+02, 4.436523e+01
1.000000e+02, 4.246234e+01
1.000000e+02, 4.058339e+01
1.000000e+02, 3.872765e+01
1.000000e+02, 3.689442e+01
1.000000e+02, 3.508306e+01
1.000000e+02, 3.329292e+01
1.000000e+02, 3.152343e+01
1.000000e+02, 2.977400e+01
1.000000e+02, 2.804410e+01
1.000000e+02, 2.633322e+01
1.000000e+02, 2.464086e+01
1.000000e+02, 2.296655e+01
1.000000e+02, 2.130985e+01
1.000000e+02, 1.967032e+01
1.000000e+02, 1.804755e+01
1.000000e+02, 1.644114e+01
1.000000e+02, 1.485072e+01
1.000000e+02, 1.327593e+01
1.000000e+02, 1.171640e+01
1.000000e+02, 1.017182e+01
1.000000e+02, 8.641852e+00
1.000000e+02, 7.126189e+00
1.000000e+02, 5.624531e+00
1.000000e+02, 4.136590e+00
1.000000e+02, 2.662089e+00
1.000000e+02, 1.200760e+00
1.000000e+02, 3.597523e+02
1.000000e+02, 3.583166e+02
1.000000e+02, 3.568933e+02
1.000000e+02, 3.554821e+02
1.000000e+02, 3.540829e+02
1.000000e+02, 3.526955e+02
1.000000e+02, 3.513196e+02
1.000000e+02, 3.499550e+02
1.000000e+02, 3.486016e+02
1.000000e+02, 3.472591e+02
1.000000e+02, 3.459274e+02
1.000000e+02, 3.446062e+02
1.000000e+02, 3.432954e+02
1.000000e+02, 3.419949e+02
1.000000e+02, 3.407044e+02
1.000000e+02, 3.394239e+02
1.000000e+02, 3.381530e+02
1.000000e+02, 3.368918e+02
1.000000e+02, 3.356401e+02
1.000000e+02, 3.343976e+02
1.000000e+02, 3.331643e+02
1.000000e+02, 3.319401e+02
1.000000e+02, 3.307247e+02
1.000000e+02, 3.295182e+02
1.000000e+02, 3.283202e+02
1.000000e+02, 3.271309e+02
1.000000e+02, 3.259499e+02
1.000000e+02, 3.247772e+02
1.000000e+02, 3.236127e+02
1.000000e+02, 3.224563e+02
1.000000e+02, 3.213078e+02
1.000000e+02, 3.201672e+02
1.000000e+02, 3.190344e+02
1.000000e+02, 3.179092e+02
1.000000e+02, 3.167916e+02
1.000000e+02, 3.156815e+02
1.000000e+02, 3.145787e+02
1.000000e+02, 3.134833e+02
1.000000e+02, 3.123950e+02
1.000000e+02, 3.113138e+02
1.000000e+02, 3.102397e+02
1.000000e+02, 3.091725e+02
1.000000e+02, 3.081121e+02
1.000000e+02, 3.070586e+02
1.000000e+02, 3.060118e+02
1.000000e+02, 3.049715e+02
1.000000e+02, 3.039379e+02
1.000000e+02, 3.029107e+02
1.000000e+02, 3.018899e+02
1.000000e+02, 3.008755e+02
1.000000e+02, 2.998674e+02
1.000000e+02, 2.988655e+02
1.000000e+02, 2.978697e+02
1.000000e+02, 2.968800e+02
1.000000e+02, 2.958963e+02
1.000000e+02, 2.949185e+02
1.000000e+02, 2.939467e+02
1.000000e+02, 2.929807e+02
1.000000e+02, 2.920204e+02
1.000000e+02, 2.910659e+02
1.000000e+02, 2.901171e+02
1.000000e+02, 2.891738e+02
1.000000e+02, 2.882361e+02
1.000000e+02, 2.873039e+02
1.000000e+02, 2.863772e+02
1.000000e+02, 2.854559e+02
1.000000e+02, 2.845399e+02
1.000000e+02, 2.836292e+02
1.000000e+02, 2.827237e+02
1.000000e+02, 2.818235e+02
1.000000e+02, 2.809284e+02
1.000000e+02, 2.800385e+02
1.000000e+02, 2.791536e+02
1.000000e+02, 2.782737e+02
1.000000e+02, 2.773988e+02
1.000000e+02, 2.765289e+02
1.000000e+02, 2.756638e+02
1.000000e+02, 2.748036e+02
1.000000e+02, 2.739482e+02
1.000000e+02, 2.730976e+02
1.000000e+02, 2.722517e+02
1.000000e+02, 2.714105e+02
1.000000e+02, 2.705740e+02
1.000000e+02, 2.697421e+02
1.000000e+02, 2.689148e+02
1.000000e+02, 2.680920e+02
1.000000e+02, 2.672737e+02
1.000000e+02, 2.664599e+02
1.000000e+02, 2.656506e+02
1.000000e+02, 2.648457e+02
1.000000e+02, 2.640451e+02
1.000000e+02, 2.632489e+02
1.000000e+02, 2.624570e+02
1.000000e+02, 2.616694e+02
1.000000e+02, 2.608860e+02
1.000000e+02, 2.601068e+02
1.000000e+02, 2.593319e+02
1.000000e+02, 2.585610e+02
1.000000e+02, 2.577944e+02
1.000000e+02, 2.570318e+02
1.000000e+02, 2.562732e+02
1.000000e+02, 2.555187e+02
1.000000e+02, 2.547683e+02
1.000000e+02, 2.540218e+02
1.000000e+02, 2.532792e+02
1.000000e+02, 2.525406e+02
1.000000e+02, 2.518060e+02
1.000000e+02, 2.510751e+02
1.000000e+02, 2.503482e+02
1.000000e+02, 2.496250e+02
1.000000e+02, 2.489057e+02
1.000000e+02, 2.481902e+02
1.000000e+02, 2.474784e+02
1.000000e+02, 2.467703e+02
1.000000e+02, 2.460659e+02
1.000000e+02, 2.453653e+02
1.000000e+02, 2.446682e+02
1.000000e+02, 2.439749e+02
1.000000e+02, 2.432851e+02
1.000000e+02, 2.425989e+02
1.000000e+02, 2.419164e+02
1.000000e+02, 2.412373e+02
1.000000e+02, 2.405618e+02
1.000000e+02, 2.398898e+02
1.000000e+02, 2.392213e+02
1.000000e+02, 2.385563e+02
1.000000e+02, 2.378947e+02
1.000000e+02, 2.372365e+02
1.000000e+02, 2.365817e+02
1.000000e+02, 2.359304e+02
1.000000e+02, 2.352824e+02
1.000000e+02, 2.346377e+02
1.000000e+02, 2.339964e+02
1.000000e+02, 2.333584e+02
1.000000e+02, 2.327237e+02
1.000000e+02, 2.320923e+02
1.000000e+02, 2.314641e+02
1.000000e+02, 2.308392e+02
1.000000e+02, 2.302175e+02
1.000000e+02, 2.295991e+02
1.000000e+02, 2.289838e+02
1.000000e+02, 2.283717e+02
1.000000e+02, 2.277627e+02
1.000000e+02, 2.271569e+02
1.000000e+02, 2.265542e+02
1.000000e+02, 2.259547e+02
1.000000e+02, 2.253582e+02
1.000000e+02, 2.247648e+02
1.000000e+02, 2.241745e+02
1.000000e+02, 2.235872e+02
1.000000e+02, 2.230030e+02
1.000000e+02, 2.224218e+02
1.000000e+02, 2.218436e+02
1.000000e+02, 2.212683e+02
1.000000e+02, 2.206961e+02
1.000000e+02, 2.201268e+02
1.000000e+02, 2.195605e+02
1.000000e+02, 2.189971e+02
1.000000e+02, 2.184366e+02
1.000000e+02, 2.178791e+02
1.000000e+02, 2.173244e+02
1.000000e+02, 2.167726e+02
1.000000e+02, 2.162237e+02
1.000000e+02, 2.156776e+02
1.000000e+02, 2.151344e+02
1.000000e+02, 2.145940e+02
1.000000e+02, 2.140564e+02
1.000000e+02, 2.135217e+02
1.000000e+02, 2.129897e+02
1.000000e+02, 2.124605e+02
1.000000e+02, 2.119341e+02
1.000000e+02, 2.114105e+02
1.000000e+02, 2.108895e+02
1.000000e+02, 2.103714e+02
1.000000e+02, 2.098559e+02
1.000000e+02, 2.093432e+02
1.000000e+02, 2.088331e+02
1.000000e+02, 2.083258e+02
1.000000e+02, 2.078211e+02
1.000000e+02, 2.073191e+02
1.000000e+02, 2.068198e+02
1.000000e+02, 2.063231e+02
1.000000e+02, 2.058290e+02
1.000000e+02, 2.053376e+02
1.000000e+02, 2.048488e+02
1.000000e+02, 2.043626e+02
1.000000e+02, 2.038789e+02
1.000000e+02, 2.033979e+02
1.000000e+02, 2.029195e+02
1.000000e+02, 2.024436e+02
1.000000e+02, 2.019703e+02
1.000000e+02, 2.014995e+02
1.000000e+02, 2.010312e+02
1.000000e+02, 2.005655e+02
1.000000e+02, 2.001023e+02
1.000000e+02, 1.996416e+02
1.000000e+02, 1.991835e+02
1.000000e+02, 1.987278e+02
1.000000e+02, 1.982746e+02
1.000000e+02, 1.978238e+02
1.000000e+02, 1.973756e+02
1.000000e+02, 1.969298e+02
1.000000e+02, 1.964864e+02
1.000000e+02, 1.960455e+02
1.000000e+02, 1.956070e+02
1.000000e+02, 1.951709e+02
1.000000e+02, 1.947373e+02
1.000000e+02, 1.943061e+02
1.000000e+02, 1.938772e+02
1.000000e+02, 1.934508e+02
1.000000e+02, 1.930267e+02
1.000000e+02, 1.926050e+02
1.000000e+02, 1.921857e+02
1.000000e+02, 1.917688e+02
1.000000e+02, 1.913542e+02
1.000000e+02, 1.909419e+02
1.000000e+02, 1.905320e+02
1.000000e+02, 1.901244e+02
1.000000e+02, 1.897191e+02
1.000000e+02, 1.893162e+02
1.000000e+02, 1.889156e+02
1.000000e+02, 1.885172e+02
1.000000e+02, 1.881212e+02
1.000000e+02, 1.877274e+02
1.000000e+02, 1.873360e+02
1.000000e+02, 1.869468e+02
1.000000e+02, 1.865599e+02
1.000000e+02, 1.861752e+02
1.000000e+02, 1.857928e+02
1.000000e+02, 1.854126e+02
1.000000e+02, 1.850347e+02
1.000000e+02, 1.846590e+02
1.000000e+02, 1.842856e+02
1.000000e+02, 1.839144e+02
1.000000e+02, 1.835454e+02
1.000000e+02, 1.831786e+02
1.000000e+02, 1.828140e+02
1.000000e+02, 1.824516e+02
1.000000e+02, 1.820914e+02
1.000000e+02, 1.817334e+02
1.000000e+02, 1.813775e+02
1.000000e+02, 1.810239e+02
1.000000e+02, 1.806724e+02
1.000000e+02, 1.803231e+02
1.000000e+02, 1.799759e+02
1.000000e+02, 1.796309e+02
1.000000e+02, 1.792880e+02
1.000000e+02, 1.789473e+02
1.000000e+02, 1.786087e+02
1.000000e+02, 1.782723e+02
1.000000e+02, 1.779379e+02
1.000000e+02, 1.776057e+02
1.000000e+02, 1.772756e+02
1.000000e+02, 1.769477e+02
1.000000e+02, 1.766218e+02
1.000000e+02, 1.762980e+02
1.000000e+02, 1.759763e+02
1.000000e+02, 1.756567e+02
1.000000e+02, 1.753392e+02
1.000000e+02, 1.750238e+02
1.000000e+02, 1.747104e+02
1.000000e+02, 1.743992e+02
1.000000e+02, 1.740899e+02
1.000000e+02, 1.737828e+02
1.000000e+02, 1.734777e+02
1.000000e+02, 1.731747e+02
1.000000e+02, 1.728737e+02
1.000000e+02, 1.725747e+02
1.000000e+02, 1.722778e+02
1.000000e+02, 1.719829e+02
1.000000e+02, 1.716900e+02
1.000000e+02, 1.713992e+02
1.000000e+02, 1.711104e+02
1.000000e+02, 1.708236e+02
1.000000e+02, 1.705388e+02
1.000000e+02, 1.702561e+02
1.000000e+02, 1.699753e+02
1.000000e+02, 1.696965e+02
1.000000e+02, 1.694198e+02
1.000000e+02, 1.691450e+02
1.000000e+02, 1.688722e+02
1.000000e+02, 1.686014e+02
1.000000e+02, 1.683326e+02
1.000000e+02, 1.680657e+02
1.000000e+02, 1.678009e+02
1.000000e+02, 1.675380e+02
1.000000e+02, 1.672770e+02
1.000000e+02, 1.670181e+02
1.000000e+02, 1.667610e+02
1.000000e+02, 1.665060e+02
1.000000e+02, 1.662529e+02
1.000000e+02, 1.660017e+02
1.000000e+02, 1.657525e+02
1.000000e+02, 1.655052e+02
1.000000e+02, 1.652598e+02
1.000000e+02, 1.650164e+02
1.000000e+02, 1.647749e+02
1.000000e+02, 1.645354e+02
1.000000e+02, 1.642977e+02
1.000000e+02, 1.640620e+02
1.000000e+02, 1.638282e+02
1.000000e+02, 1.635963e+02
1.000000e+02, 1.633664e+02
1.000000e+02, 1.631383e+02
1.000000e+02, 1.629121e+02
1.000000e+02, 1.626879e+02
1.000000e+02, 1.624655e+02
1.000000e+02, 1.622451e+02
1.000000e+02, 1.620265e+02
1.000000e+02, 1.618098e+02
1.000000e+02, 1.615950e+02
1.000000e+02, 1.613821e+02
1.000000e+02, 1.611710e+02
1.000000e+02, 1.609619e+02
1.000000e+02, 1.607546e+02
1.000000e+02, 1.605492e+02
1.000000e+02, 1.603456e+02
1.000000e+02, 1.601440e+02
1.000000e+02, 1.599441e+02
1.000000e+02, 1.597462e+02
1.000000e+02, 1.595501e+02
1.000000e+02, 1.593559e+02
1.000000e+02, 1.591635e+02
1.000000e+02, 1.589730e+02
1.000000e+02, 1.587843e+02
1.000000e+02, 1.585974e+02
1.000000e+02, 1.584124e+02
1.000000e+02, 1.582293e+02
1.000000e+02, 1.580480e+02
1.000000e+02, 1.578685e+02
1.000000e+02, 1.576909e+02
1.000000e+02, 1.575150e+02
1.000000e+02, 1.573411e+02
1.000000e+02, 1.571689e+02
1.000000e+02, 1.569986e+02
1.000000e+02, 1.568301e+02
1.000000e+02, 1.566634e+02
1.000000e+02, 1.564985e+02
1.000000e+02, 1.563355e+02
1.000000e+02, 1.561742e+02
1.000000e+02, 1.560148e+02
1.000000e+02, 1.558572e+02
1.000000e+02, 1.557014e+02
1.000000e+02, 1.555474e+02
1.000000e+02, 1.553952e+02
1.000000e+02, 1.552448e+02
1.000000e+02, 1.550962e+02
1.000000e+02, 1.549494e+02
1.000000e+02, 1.548044e+02
1.000000e+02, 1.546612e+02
1.000000e+02, 1.545198e+02
1.000000e+02, 1.543802e+02
1.000000e+02, 1.542424e+02
1.000000e+02, 1.541064e+02
1.000000e+02, 1.539721e+02
1.000000e+02, 1.538396e+02
1.000000e+02, 1.537090e+02
1.000000e+02, 1.535801e+02
1.000000e+02, 1.534529e+02
1.000000e+02, 1.533276e+02
1.000000e+02, 1.532040e+02
1.000000e+02, 1.530822e+02
1.000000e+02, 1.529622e+02
1.000000e+02, 1.528440e+02
1.000000e+02, 1.527275e+02
1.000000e+02, 1.526128e+02
1.000000e+02, 1.524999e+02
1.000000e+02, 1.523887e+02
1.000000e+02, 1.522793e+02
1.000000e+02, 1.521716e+02
1.000000e+02, 1.520658e+02
1.000000e+02, 1.519616e+02
1.000000e+02, 1.518593e+02
1.000000e+02, 1.517587e+02
1.000000e+02, 1.516598e+02
1.000000e+02, 1.515628e+02
1.000000e+02, 1.514674e+02
1.000000e+02, 1.513739e+02
1.000000e+02, 1.512820e+02
1.000000e+02, 1.511920e+02
1.000000e+02, 1.511036e+02
1.000000e+02, 1.510171e+02
1.000000e+02, 1.509322e+02
1.000000e+02, 1.508492e+02
1.000000e+02, 1.507678e+02
1.000000e+02, 1.506882e+02
1.000000e+02, 1.506104e+02
1.000000e+02, 1.505343e+02
1.000000e+02, 1.504599e+02
1.000000e+02, 1.503873e+02
1.000000e+02, 1.503164e+02
1.000000e+02, 1.502473e+02
1.000000e+02, 1.501799e+02
1.000000e+02, 1.501143e+02
1.000000e+02, 1.500503e+02
1.000000e+02, 1.499882e+02
1.000000e+02, 1.499277e+02
1.000000e+02, 1.498690e+02
1.000000e+02, 1.498120e+02
1.000000e+02, 1.497568e+02
1.000000e+02, 1.497033e+02
1.000000e+02, 1.496515e+02
1.000000e+02, 1.496014e+02
1.000000e+02, 1.495531e+02
1.000000e+02, 1.495065e+02
1.000000e+02, 1.494617e+02
1.000000e+02, 1.494186e+02
1.000000e+02, 1.493772e+02
1.000000e+02, 1.493375e+02
1.000000e+02, 1.492995e+02
1.000000e+02, 1.492633e+02
1.000000e+02, 1.492289e+02
1.000000e+02, 1.491961e+02
1.000000e+02, 1.491651e+02
1.000000e+02, 1.491358e+02
1.000000e+02, 1.491082e+02
1.000000e+02, 1.490823e+02
1.000000e+02, 1.490582e+02
1.000000e+02, 1.490358e+02
1.000000e+02, 1.490151e+02
1.000000e+02, 1.489962e+02
1.000000e+02, 1.489789e+02
1.000000e+02, 1.489634e+02
1.000000e+02, 1.489496e+02
1.000000e+02, 1.489376e+02
1.000000e+02, 1.489272e+02
1.000000e+02, 1.489186e+02
1.000000e+02, 1.489117e+02
1.000000e+02, 1.489066e+02
1.000000e+02, 1.489031e+02
1.000000e+02, 1.489014e+02
1.000000e+02, 1.489014e+02
1.000000e+02, 1.489031e+02
1.000000e+02, 1.489066e+02
1.000000e+02, 1.489117e+02
1.000000e+02, 1.489186e+02
1.000000e+02, 1.489272e+02
1.000000e+02, 1.489376e+02
1.000000e+02, 1.489496e+02
1.000000e+02, 1.489634e+02
1.000000e+02, 1.489789e+02
1.000000e+02, 1.489962e+02
1.000000e+02, 1.490151e+02
1.000000e+02, 1.490358e+02
1.000000e+02, 1.490582e+02
1.000000e+02, 1.490823e+02
1.000000e+02, 1.491082e+02
1.000000e+02, 1.491358e+02
1.000000e+02, 1.491651e+02
1.000000e+02, 1.491961e+02
1.000000e+02, 1.492289e+02
1.000000e+02, 1.492633e+02
1.000000e+02, 1.492995e+02
1.000000e+02, 1.493375e+02
1.000000e+02, 1.493772e+02
1.000000e+02, 1.494186e+02
1.000000e+02, 1.494617e+02
1.000000e+02, 1.495065e+02
1.000000e+02, 1.495531e+02
1.000000e+02, 1.496014e+02
1.000000e+02, 1.496515e+02
1.000000e+02, 1.497033e+02
1.000000e+02, 1.497568e+02
1.000000e+02, 1.498120e+02
1.000000e+02, 1.498690e+02
1.000000e+02, 1.499277e+02
1.000000e+02, 1.499882e+02
1.000000e+02, 1.500503e+02
1.000000e+02, 1.501143e+02
1.000000e+02, 1.501799e+02
1.000000e+02, 1.502473e+02
1.000000e+02, 1.503164e+02
1.000000e+02, 1.503873e+02
1.000000e+02, 1.504599e+02
1.000000e+02, 1.505343e+02
1.000000e+02, 1.506104e+02
1.000000e+02, 1.506882e+02
1.000000e+02, 1.507678e+02
1.000000e+02, 1.508492e+02
1.000000e+02, 1.509322e+02
1.000000e+02, 1.510171e+02
1.000000e+02, 1.511036e+02
1.000000e+02, 1.511920e+02
1.000000e+02, 1.512820e+02
1.000000e+02, 1.513739e+02
1.000000e+02, 1.514674e+02
1.000000e+02, 1.515628e+02
1.000000e+02, 1.516598e+02
1.000000e+02, 1.517587e+02
1.000000e+02, 1.518593e+02
1.000000e+02, 1.519617e+02
1.000000e+02, 1.520658e+02
1.000000e+02, 1.521716e+02
1.000000e+02, 1.522793e+02
1.000000e+02, 1.523887e+02
1.000000e+02, 1.524999e+02
1.000000e+02, 1.526128e+02
1.000000e+02, 1.527275e+02
1.000000e+02, 1.528440e+02
1.000000e+02, 1.529622e+02
1.000000e+02, 1.530822e+02
1.000000e+02, 1.532040e+02
1.000000e+02, 1.533276e+02
1.000000e+02, 1.534529e+02
1.000000e+02, 1.535801e+02
1.000000e+02, 1.537090e+02
1.000000e+02, 1.538397e+02
1.000000e+02, 1.539721e+02
1.000000e+02, 1.541064e+02
1.000000e+02, 1.542424e+02
1.000000e+02, 1.543802e+02
1.000000e+02, 1.545198e+02
1.000000e+02, 1.546612e+02
1.000000e+02, 1.548044e+02
1.000000e+02, 1.549494e+02
1.000000e+02, 1.550962e+02
1.000000e+02, 1.552448e+02
1.000000e+02, 1.553952e+02
1.000000e+02, 1.555474e+02
1.000000e+02, 1.557014e+02
1.000000e+02, 1.558572e+02
1.000000e+02, 1.560148e+02
1.000000e+02, 1.561742e+02
1.000000e+02, 1.563355e+02
1.000000e+02, 1.564985e+02
1.000000e+02, 1.566634e+02
1.000000e+02, 1.568301e+02
1.000000e+02, 1.569986e+02
1.000000e+02, 1.571689e+02
1.000000e+02, 1.573411e+02
1.000000e+02, 1.575150e+02
1.000000e+02, 1.576909e+02
1.000000e+02, 1.578685e+02
1.000000e+02, 1.580480e+02
1.000000e+02, 1.582293e+02
1.000000e+02, 1.584124e+02
1.000000e+02, 1.585974e+02
1.000000e+02, 1.587843e+02
1.000000e+02, 1.589730e+02
1.000000e+02, 1.591635e+02
1.000000e+02, 1.593559e+02
1.000000e+02, 1.595501e+02
1.000000e+02, 1.597462e+02
1.000000e+02, 1.599441e+02
1.000000e+02, 1.601440e+02
1.000000e+02, 1.603456e+02
1.000000e+02, 1.605492e+02
1.000000e+02, 1.607546e+02
1.000000e+02, 1.609619e+02
1.000000e+02, 1.611710e+02
1.000000e+02, 1.613821e+02
1.000000e+02, 1.615950e+02
1.000000e+02, 1.618098e+02
1.000000e+02, 1.620265e+02
1.000000e+02, 1.622451e+02
1.000000e+02, 1.624655e+02
1.000000e+02, 1.626879e+02
1.000000e+02, 1.629121e+02
1.000000e+02, 1.631383e+02
1.000000e+02, 1.633664e+02
1.000000e+02, 1.635963e+02
1.000000e+02, 1.638282e+02
1.000000e+02, 1.640620e+02
1.000000e+02, 1.642977e+02
1.000000e+02, 1.645354e+02
1.000000e+02, 1.647749e+02
1.000000e+02, 1.650164e+02
1.000000e+02, 1.652598e+02
1.000000e+02, 1.655052e+02
1.000000e+02, 1.657525e+02
1.000000e+02, 1.660017e+02
1.000000e+02, 1.662529e+02
1.000000e+02, 1.665060e+02
1.000000e+02, 1.667610e+02
1.000000e+02, 1.670181e+02
1.000000e+02, 1.672770e+02
1.000000e+02, 1.675380e+02
1.000000e+02, 1.678009e+02
1.000000e+02, 1.680657e+02
1.000000e+02, 1.683326e+02
1.000000e+02, 1.686014e+02
1.000000e+02, 1.688722e+02
1.000000e+02, 1.691450e+02
1.000000e+02, 1.694198e+02
1.000000e+02, 1.696966e+02
1.000000e+02, 1.699753e+02
1.000000e+02, 1.702561e+02
1.000000e+02, 1.705388e+02
1.000000e+02, 1.708236e+02
1.000000e+02, 1.711104e+02
1.000000e+02, 1.713992e+02
1.000000e+02, 1.716900e+02
1.000000e+02, 1.719829e+02
1.000000e+02, 1.722778e+02
1.000000e+02, 1.725747e+02
1.000000e+02, 1.728737e+02
1.000000e+02, 1.731747e+02
1.000000e+02, 1.734777e+02
1.000000e+02, 1.737828e+02
1.000000e+02, 1.740899e+02
1.000000e+02, 1.743992e+02
1.000000e+02, 1.747104e+02
1.000000e+02, 1.750238e+02
1.000000e+02, 1.753392e+02
1.000000e+02, 1.756567e+02
1.000000e+02, 1.759763e+02
1.000000e+02, 1.762980e+02
1.000000e+02, 1.766218e+02
1.000000e+02, 1.769477e+02
1.000000e+02, 1.772756e+02
1.000000e+02, 1.776057e+02
1.000000e+02, 1.779379e+02
1.000000e+02, 1.782723e+02
1.000000e+02, 1.786087e+02
1.000000e+02, 1.789473e+02
1.000000e+02, 1.792880e+02
1.000000e+02, 1.796309e+02
1.000000e+02, 1.799759e+02
1.000000e+02, 1.803231e+02
1.000000e+02, 1.806724e+02
1.000000e+02, 1.810239e+02
1.000000e+02, 1.813775e+02
1.000000e+02, 1.817334e+02
1.000000e+02, 1.820914e+02
1.000000e+02, 1.824516e+02
1.000000e+02, 1.828140e+02
1.000000e+02, 1.831786e+02
1.000000e+02, 1.835454e+02
1.000000e+02, 1.839144e+02
1.000000e+02, 1.842856e+02
1.000000e+02, 1.846590e+02
1.000000e+02, 1.850347e+02
1.000000e+02, 1.854126e+02
1.000000e+02, 1.857928e+02
1.000000e+02, 1.861752e+02
1.000000e+02, 1.865599e+02
1.000000e+02, 1.869468e+02
1.000000e+02, 1.873360e+02
1.000000e+02, 1.877274e+02
1.000000e+02, 1.881212e+02
1.000000e+02, 1.885172e+02
1.000000e+02, 1.889156e+02
1.000000e+02, 1.893162e+02
1.000000e+02, 1.897191e+02
1.000000e+02, 1.901244e+02
1.000000e+02, 1.905320e+02
1.000000e+02, 1.909419e+02
1.000000e+02, 1.913542e+02
1.000000e+02, 1.917688e+02
1.000000e+02, 1.921857e+02
1.000000e+02, 1.926050e+02
1.000000e+02, 1.930267e+02
1.000000e+02, 1.934508e+02
1.000000e+02, 1.938772e+02
1.000000e+02, 1.943061e+02
1.000000e+02, 1.947373e+02
1.000000e+02, 1.951709e+02
1.000000e+02, 1.956070e+02
1.000000e+02, 1.960455e+02
1.000000e+02, 1.964864e+02
1.000000e+02, 1.969298e+02
1.000000e+02, 1.973756e+02
1.000000e+02, 1.978238e+02
1.000000e+02, 1.982746e+02
1.000000e+02, 1.987278e+02
1.000000e+02, 1.991835e+02
1.000000e+02, 1.996416e+02
1.000000e+02, 2.001023e+02
1.000000e+02, 2.005655e+02
1.000000e+02, 2.010312e+02
1.000000e+02, 2.014995e+02
1.000000e+02, 2.019703e+02
1.000000e+02, 2.024436e+02
1.000000e+02, 2.029195e+02
1.000000e+02, 2.033979e+02
1.000000e+02, 2.038789e+02
1.000000e+02, 2.043626e+02
1.000000e+02, 2.048488e+02
1.000000e+02, 2.053376e+02
1.000000e+02, 2.058290e+02
1.000000e+02, 2.063231e+02
1.000000e+02, 2.068198e+02
1.000000e+02, 2.073191e+02
1.000000e+02, 2.078211e+02
1.000000e+02, 2.083258e+02
1.000000e+02, 2.088331e+02
1.000000e+02, 2.093432e+02
1.000000e+02, 2.098559e+02
1.000000e+02, 2.103714e+02
1.000000e+02, 2.108895e+02
1.000000e+02, 2.114105e+02
1.000000e+02, 2.119341e+02
1.000000e+02, 2.124605e+02
1.000000e+02, 2.129897e+02
1.000000e+02, 2.135217e+02
1.000000e+02, 2.140564e+02
1.000000e+02, 2.145940e+02
1.000000e+02, 2.151344e+02
1.000000e+02, 2.156776e+02
1.000000e+02, 2.162237e+02
1.000000e+02, 2.167726e+02
1.000000e+02, 2.173244e+02
1.000000e+02, 2.178791e+02
1.000000e+02, 2.184366e+02
1.000000e+02, 2.189971e+02
1.000000e+02, 2.195605e+02
1.000000e+02, 2.201268e+02
1.000000e+02, 2.206961e+02
1.000000e+02, 2.212683e+02
1.000000e+02, 2.218436e+02
1.000000e+02, 2.224218e+02
1.000000e+02, 2.230030e+02
1.000000e+02, 2.235872e+02
1.000000e+02, 2.241745e+02
1.000000e+02, 2.247648e+02
1.000000e+02, 2.253582e+02
1.000000e+02, 2.259547e+02
1.000000e+02, 2.265542e+02
1.000000e+02, 2.271569e+02
1.000000e+02, 2.277627e+02
1.000000e+02, 2.283717e+02
1.000000e+02, 2.289838e+02
1.000000e+02, 2.295991e+02
1.000000e+02, 2.302175e+02
1.000000e+02, 2.308392e+02
1.000000e+02, 2.314642e+02
1.000000e+02, 2.320923e+02
1.000000e+02, 2.327237e+02
1.000000e+02, 2.333584e+02
1.000000e+02, 2.339964e+02
1.000000e+02, 2.346377e+02
1.000000e+02, 2.352824e+02
1.000000e+02, 2.359304e+02
1.000000e+02, 2.365817e+02
1.000000e+02, 2.372365e+02
1.000000e+02, 2.378947e+02
1.000000e+02, 2.385563e+02
1.000000e+02, 2.392213e+02
1.000000e+02, 2.398898e+02
1.000000e+02, 2.405618e+02
1.000000e+02, 2.412373e+02
1.000000e+02, 2.419164e+02
1.000000e+02, 2.425990e+02
1.000000e+02, 2.432851e+02
1.000000e+02, 2.439749e+02
1.000000e+02, 2.446682e+02
1.000000e+02, 2.453653e+02
1.000000e+02, 2.460659e+02
1.000000e+02, 2.467703e+02
1.000000e+02, 2.474784e+02
1.000000e+02, 2.481902e+02
1.000000e+02, 2.489057e+02
1.000000e+02, 2.496250e+02
1.000000e+02, 2.503482e+02
1.000000e+02, 2.510751e+02
1.000000e+02, 2.518060e+02
1.000000e+02, 2.525407e+02
1.000000e+02, 2.532793e+02
1.000000e+02, 2.540218e+02
1.000000e+02, 2.547683e+02
1.000000e+02, 2.555187e+02
1.000000e+02, 2.562732e+02
1.000000e+02, 2.570318e+02
1.000000e+02, 2.577944e+02
1.000000e+02, 2.585610e+02
1.000000e+02, 2.593319e+02
1.000000e+02, 2.601068e+02
1.000000e+02, 2.608860e+02
1.000000e+02, 2.616694e+02
1.000000e+02, 2.624570e+02
1.000000e+02, 2.632489e+02
1.000000e+02, 2.640451e+02
1.000000e+02, 2.648457e+02
1.000000e+02, 2.656506e+02
1.000000e+02, 2.664600e+02
1.000000e+02, 2.672737e+02
1.000000e+02, 2.680920e+02
1.000000e+02, 2.689148e+02
1.000000e+02, 2.697421e+02
1.000000e+02, 2.705740e+02
1.000000e+02, 2.714105e+02
1.000000e+02, 2.722517e+02
1.000000e+02, 2.730976e+02
1.000000e+02, 2.739482e+02
1.000000e+02, 2.748036e+02
1.000000e+02, 2.756638e+02
1.000000e+02, 2.765289e+02
1.000000e+02, 2.773988e+02
1.000000e+02, 2.782737e+02
1.000000e+02, 2.791536e+02
1.000000e+02, 2.800385e+02
1.000000e+02, 2.809284e+02
1.000000e+02, 2.818235e+02
1.000000e+02, 2.827237e+02
1.000000e+02, 2.836292e+02
1.000000e+02, 2.845399e+02
1.000000e+02, 2.854559e+02
1.000000e+02, 2.863772e+02
1.000000e+02, 2.873039e+02
1.000000e+02, 2.882361e+02
1.000000e+02, 2.891738e+02
1.000000e+02, 2.901171e+02
1.000000e+02, 2.910659e+02
1.000000e+02, 2.920204e+02
1.000000e+02, 2.929807e+02
1.000000e+02, 2.939467e+02
1.000000e+02, 2.949185e+02
1.000000e+02, 2.958963e+02
1.000000e+02, 2.968800e+02
1.000000e+02, 2.978697e+02
1.000000e+02, 2.988655e+02
1.000000e+02, 2.998674e+02
1.000000e+02, 3.008755e+02
1.000000e+02, 3.018900e+02
1.000000e+02, 3.029107e+02
1.000000e+02, 3.039379e+02
1.000000e+02, 3.049715e+02
1.000000e+02, 3.060118e+02
1.000000e+02, 3.070586e+02
1.000000e+02, 3.081122e+02
1.000000e+02, 3.091725e+02
1.000000e+02, 3.102397e+02
1.000000e+02, 3.113138e+02
1.000000e+02, 3.123950e+02
1.000000e+02, 3.134833e+02
1.000000e+02, 3.145787e+02
1.000000e+02, 3.156815e+02
1.000000e+02, 3.167916e+02
1.000000e+02, 3.179092e+02
1.000000e+02, 3.190344e+02
1.000000e+02, 3.201673e+02
1.000000e+02, 3.213078e+02
1.000000e+02, 3.224563e+02
1.000000e+02, 3.236127e+02
1.000000e+02, 3.247772e+02
1.000000e+02, 3.259499e+02
1.000000e+02, 3.271309e+02
1.000000e+02, 3.283203e+02
1.000000e+02, 3.295182e+02
1.000000e+02, 3.307247e+02
1.000000e+02, 3.319401e+02
1.000000e+02, 3.331643e+02
1.000000e+02, 3.343976e+02
1.000000e+02, 3.356401e+02
1.000000e+02, 3.368918e+02
1.000000e+02, 3.381530e+02
1.000000e+02, 3.394239e+02
1.000000e+02, 3.407044e+02
1.000000e+02, 3.419949e+02
1.000000e+02, 3.432954e+02
1.000000e+02, 3.446062e+02
1.000000e+02, 3.459274e+02
1.000000e+02, 3.472591e+02
1.000000e+02, 3.486016e+02
1.000000e+02, 3.499550e+02
1.000000e+02, 3.513196e+02
1.000000e+02, 3.526955e+02
1.000000e+02, 3.540829e+02
1.000000e+02, 3.554821e+02
1.000000e+02, 3.568933e+02
1.000000e+02, 3.583166e+02
1.000000e+02, 3.597523e+02
1.000000e+02, 1.200764e+00
1.000000e+02, 2.662094e+00
1.000000e+02, 4.136595e+00
1.000000e+02, 5.624535e+00
1.000000e+02, 7.126193e+00
1.000000e+02, 8.641857e+00
1.000000e+02, 1.017182e+01
1.000000e+02, 1.171641e+01
1.000000e+02, 1.327593e+01
1.000000e+02, 1.485073e+01
1.000000e+02, 1.644114e+01
1.000000e+02, 1.804755e+01
1.000000e+02, 1.967032e+01
1.000000e+02, 2.130985e+01
1.000000e+02, 2.296656e+01
1.000000e+02, 2.464087e+01
1.000000e+02, 2.633323e+01
1.000000e+02, 2.804411e+01
1.000000e+02, 2.977401e+01
1.000000e+02, 3.152343e+01
1.000000e+02, 3.329293e+01
1.000000e+02, 3.508306e+01
1.000000e+02, 3.689443e+01
1.000000e+02, 3.872765e+01
1.000000e+02, 4.058339e+01
1.000000e+02, 4.246234e+01
1.000000e+02, 4.436524e+01
1.000000e+02, 4.629285e+01
1.000000e+02, 4.824600e+01
1.000000e+02, 5.022555e+01
1.000000e+02, 5.223241e+01
1.000000e+02, 5.426758e+01
1.000000e+02, 5.633206e+01
1.000000e+02, 5.842699e+01
1.000000e+02, 6.055352e+01
1.000000e+02, 6.271292e+01
1.000000e+02, 6.490654e+01
1.000000e+02, 6.713582e+01
1.000000e+02, 6.940231e+01
1.000000e+02, 7.170768e+01
1.000000e+02, 7.405375e+01
1.000000e+02, 7.644246e+01
1.000000e+02, 7.887593e+01
1.000000e+02, 8.135648e+01
1.000000e+02, 8.388661e+01
1.000000e+02, 8.646909e+01
1.000000e+02, 8.910695e+01
1.000000e+02, 9.180353e+01
1.000000e+02, 9.456252e+01
1.000000e+02, 9.738804e+01
1.000000e+02, 1.002847e+02
1.000000e+02, 1.032576e+02
1.000000e+02, 1.063127e+02
1.000000e+02, 1.094565e+02
1.000000e+02, 1.126966e+02
1.000000e+02, 1.160419e+02
1.000000e+02, 1.195025e+02
1.000000e+02, 1.230904e+02
1.000000e+02, 1.268198e+02
1.000000e+02, 1.307080e+02
1.000000e+02, 1.347760e+02
1.000000e+02, 1.390499e+02
1.000000e+02, 1.435631e+02
1.000000e+02, 1.483592e+02
1.000000e+02, 1.534970e+02
1.000000e+02, 1.590594e+02
1.000000e+02, 1.651699e+02
1.000000e+02, 1.720283e+02
1.000000e+02, 1.800000e+02
##END= 