##TITLE= /opt/topspin3.0/exp/stan/nmr/lists/wave/user/HypSec_trunc2.84_110
##JCAMP-DX= 5.00 Bruker JCAMP library
##DATA TYPE= Shape Data
##ORIGIN= Bruker BioSpin GmbH
##OWNER= <nmrsu>
##DATE= 15/02/24
##TIME= 16:15:04
##MINX= 1.164538e+01
##MAXX= 9.999960e+01
##MINY= 2.546774e-02
##MAXY= 3.585574e+02
##$SHAPE_EXMODE= Adiabatic
##$SHAPE_TOTROT= 1.800000e+02
##$SHAPE_BWFAC= 1.929340e+02
##$SHAPE_INTEGFAC= 2.356110e-02
##$SHAPE_MODE= 0
##NPOINTS= 1000
##XYPOINTS= (XY..XY)
1.000000e+02, 1.800000e+02
1.000000e+02, 1.741873e+02
1.000000e+02, 1.691864e+02
1.000000e+02, 1.647308e+02
1.000000e+02, 1.606749e+02
1.000000e+02, 1.569286e+02
1.000000e+02, 1.534315e+02
1.000000e+02, 1.501406e+02
1.000000e+02, 1.470241e+02
1.000000e+02, 1.440579e+02
1.000000e+02, 1.412228e+02
1.000000e+02, 1.385034e+02
1.000000e+02, 1.358872e+02
1.000000e+02, 1.333639e+02
1.000000e+02, 1.309246e+02
1.000000e+02, 1.285620e+02
1.000000e+02, 1.262697e+02
1.000000e+02, 1.240420e+02
1.000000e+02, 1.218742e+02
1.000000e+02, 1.197621e+02
1.000000e+02, 1.177018e+02
1.000000e+02, 1.156901e+02
1.000000e+02, 1.137238e+02
1.000000e+02, 1.118004e+02
1.000000e+02, 1.099173e+02
1.000000e+02, 1.080724e+02
1.000000e+02, 1.062637e+02
1.000000e+02, 1.044893e+02
1.000000e+02, 1.027475e+02
1.000000e+02, 1.010368e+02
1.000000e+02, 9.935585e+01
1.000000e+02, 9.770320e+01
1.000000e+02, 9.607768e+01
1.000000e+02, 9.447817e+01
1.000000e+02, 9.290361e+01
1.000000e+02, 9.135301e+01
1.000000e+02, 8.982546e+01
1.000000e+02, 8.832010e+01
1.000000e+02, 8.683613e+01
1.000000e+02, 8.537279e+01
1.000000e+02, 8.392937e+01
1.000000e+02, 8.250520e+01
1.000000e+02, 8.109965e+01
1.000000e+02, 7.971212e+01
1.000000e+02, 7.834205e+01
1.000000e+02, 7.698891e+01
1.000000e+02, 7.565218e+01
1.000000e+02, 7.433140e+01
1.000000e+02, 7.302609e+01
1.000000e+02, 7.173583e+01
1.000000e+02, 7.046021e+01
1.000000e+02, 6.919883e+01
1.000000e+02, 6.795131e+01
1.000000e+02, 6.671729e+01
1.000000e+02, 6.549645e+01
1.000000e+02, 6.428843e+01
1.000000e+02, 6.309294e+01
1.000000e+02, 6.190967e+01
1.000000e+02, 6.073833e+01
1.000000e+02, 5.957865e+01
1.000000e+02, 5.843036e+01
1.000000e+02, 5.729321e+01
1.000000e+02, 5.616695e+01
1.000000e+02, 5.505135e+01
1.000000e+02, 5.394618e+01
1.000000e+02, 5.285122e+01
1.000000e+02, 5.176626e+01
1.000000e+02, 5.069111e+01
1.000000e+02, 4.962555e+01
1.000000e+02, 4.856942e+01
1.000000e+02, 4.752251e+01
1.000000e+02, 4.648467e+01
1.000000e+02, 4.545571e+01
1.000000e+02, 4.443547e+01
1.000000e+02, 4.342380e+01
1.000000e+02, 4.242054e+01
1.000000e+02, 4.142555e+01
1.000000e+02, 4.043866e+01
1.000000e+02, 3.945976e+01
1.000000e+02, 3.848870e+01
1.000000e+02, 3.752535e+01
1.000000e+02, 3.656958e+01
1.000000e+02, 3.562128e+01
1.000000e+02, 3.468031e+01
1.000000e+02, 3.374656e+01
1.000000e+02, 3.281993e+01
1.000000e+02, 3.190029e+01
1.000000e+02, 3.098754e+01
1.000000e+02, 3.008159e+01
1.000000e+02, 2.918232e+01
1.000000e+02, 2.828964e+01
1.000000e+02, 2.740345e+01
1.000000e+02, 2.652366e+01
1.000000e+02, 2.565018e+01
1.000000e+02, 2.478292e+01
1.000000e+02, 2.392179e+01
1.000000e+02, 2.306672e+01
1.000000e+02, 2.221760e+01
1.000000e+02, 2.137438e+01
1.000000e+02, 2.053697e+01
1.000000e+02, 1.970528e+01
1.000000e+02, 1.887926e+01
1.000000e+02, 1.805882e+01
1.000000e+02, 1.724390e+01
1.000000e+02, 1.643443e+01
1.000000e+02, 1.563033e+01
1.000000e+02, 1.483155e+01
1.000000e+02, 1.403801e+01
1.000000e+02, 1.324966e+01
1.000000e+02, 1.246643e+01
1.000000e+02, 1.168827e+01
1.000000e+02, 1.091511e+01
1.000000e+02, 1.014689e+01
1.000000e+02, 9.383570e+00
1.000000e+02, 8.625081e+00
1.000000e+02, 7.871373e+00
1.000000e+02, 7.122393e+00
1.000000e+02, 6.378088e+00
1.000000e+02, 5.638410e+00
1.000000e+02, 4.903306e+00
1.000000e+02, 4.172730e+00
1.000000e+02, 3.446633e+00
1.000000e+02, 2.724968e+00
1.000000e+02, 2.007690e+00
1.000000e+02, 1.294753e+00
1.000000e+02, 5.861140e-01
1.000000e+02, 3.598817e+02
1.000000e+02, 3.591816e+02
1.000000e+02, 3.584856e+02
1.000000e+02, 3.577937e+02
1.000000e+02, 3.571059e+02
1.000000e+02, 3.564222e+02
1.000000e+02, 3.557424e+02
1.000000e+02, 3.550667e+02
1.000000e+02, 3.543949e+02
1.000000e+02, 3.537270e+02
1.000000e+02, 3.530629e+02
1.000000e+02, 3.524027e+02
1.000000e+02, 3.517463e+02
1.000000e+02, 3.510936e+02
1.000000e+02, 3.504447e+02
1.000000e+02, 3.497995e+02
1.000000e+02, 3.491579e+02
1.000000e+02, 3.485200e+02
1.000000e+02, 3.478856e+02
1.000000e+02, 3.472549e+02
1.000000e+02, 3.466276e+02
1.000000e+02, 3.460039e+02
1.000000e+02, 3.453837e+02
1.000000e+02, 3.447669e+02
1.000000e+02, 3.441535e+02
1.000000e+02, 3.435435e+02
1.000000e+02, 3.429369e+02
1.000000e+02, 3.423337e+02
1.000000e+02, 3.417337e+02
1.000000e+02, 3.411371e+02
1.000000e+02, 3.405437e+02
1.000000e+02, 3.399536e+02
1.000000e+02, 3.393666e+02
1.000000e+02, 3.387829e+02
1.000000e+02, 3.382023e+02
1.000000e+02, 3.376249e+02
1.000000e+02, 3.370506e+02
1.000000e+02, 3.364794e+02
1.000000e+02, 3.359112e+02
1.000000e+02, 3.353462e+02
1.000000e+02, 3.347841e+02
1.000000e+02, 3.342250e+02
1.000000e+02, 3.336690e+02
1.000000e+02, 3.331159e+02
1.000000e+02, 3.325657e+02
1.000000e+02, 3.320185e+02
1.000000e+02, 3.314742e+02
1.000000e+02, 3.309328e+02
1.000000e+02, 3.303942e+02
1.000000e+02, 3.298585e+02
1.000000e+02, 3.293256e+02
1.000000e+02, 3.287955e+02
1.000000e+02, 3.282683e+02
1.000000e+02, 3.277437e+02
1.000000e+02, 3.272220e+02
1.000000e+02, 3.267030e+02
1.000000e+02, 3.261867e+02
1.000000e+02, 3.256731e+02
1.000000e+02, 3.251622e+02
1.000000e+02, 3.246539e+02
1.000000e+02, 3.241483e+02
1.000000e+02, 3.236454e+02
1.000000e+02, 3.231451e+02
1.000000e+02, 3.226473e+02
1.000000e+02, 3.221522e+02
1.000000e+02, 3.216597e+02
1.000000e+02, 3.211697e+02
1.000000e+02, 3.206822e+02
1.000000e+02, 3.201973e+02
1.000000e+02, 3.197149e+02
1.000000e+02, 3.192349e+02
1.000000e+02, 3.187575e+02
1.000000e+02, 3.182826e+02
1.000000e+02, 3.178101e+02
1.000000e+02, 3.173400e+02
1.000000e+02, 3.168724e+02
1.000000e+02, 3.164072e+02
1.000000e+02, 3.159444e+02
1.000000e+02, 3.154840e+02
1.000000e+02, 3.150259e+02
1.000000e+02, 3.145703e+02
1.000000e+02, 3.141170e+02
1.000000e+02, 3.136660e+02
1.000000e+02, 3.132173e+02
1.000000e+02, 3.127710e+02
1.000000e+02, 3.123270e+02
1.000000e+02, 3.118853e+02
1.000000e+02, 3.114458e+02
1.000000e+02, 3.110086e+02
1.000000e+02, 3.105737e+02
1.000000e+02, 3.101410e+02
1.000000e+02, 3.097106e+02
1.000000e+02, 3.092823e+02
1.000000e+02, 3.088563e+02
1.000000e+02, 3.084325e+02
1.000000e+02, 3.080109e+02
1.000000e+02, 3.075915e+02
1.000000e+02, 3.071742e+02
1.000000e+02, 3.067591e+02
1.000000e+02, 3.063462e+02
1.000000e+02, 3.059354e+02
1.000000e+02, 3.055267e+02
1.000000e+02, 3.051201e+02
1.000000e+02, 3.047157e+02
1.000000e+02, 3.043134e+02
1.000000e+02, 3.039131e+02
1.000000e+02, 3.035149e+02
1.000000e+02, 3.031188e+02
1.000000e+02, 3.027248e+02
1.000000e+02, 3.023328e+02
1.000000e+02, 3.019429e+02
1.000000e+02, 3.015550e+02
1.000000e+02, 3.011691e+02
1.000000e+02, 3.007853e+02
1.000000e+02, 3.004035e+02
1.000000e+02, 3.000236e+02
1.000000e+02, 2.996458e+02
1.000000e+02, 2.992699e+02
1.000000e+02, 2.988961e+02
1.000000e+02, 2.985242e+02
1.000000e+02, 2.981542e+02
1.000000e+02, 2.977862e+02
1.000000e+02, 2.974202e+02
1.000000e+02, 2.970561e+02
1.000000e+02, 2.966939e+02
1.000000e+02, 2.963337e+02
1.000000e+02, 2.959753e+02
1.000000e+02, 2.956189e+02
1.000000e+02, 2.952644e+02
1.000000e+02, 2.949117e+02
1.000000e+02, 2.945610e+02
1.000000e+02, 2.942121e+02
1.000000e+02, 2.938651e+02
1.000000e+02, 2.935200e+02
1.000000e+02, 2.931767e+02
1.000000e+02, 2.928353e+02
1.000000e+02, 2.924957e+02
1.000000e+02, 2.921579e+02
1.000000e+02, 2.918220e+02
1.000000e+02, 2.914879e+02
1.000000e+02, 2.911557e+02
1.000000e+02, 2.908252e+02
1.000000e+02, 2.904965e+02
1.000000e+02, 2.901697e+02
1.000000e+02, 2.898446e+02
1.000000e+02, 2.895213e+02
1.000000e+02, 2.891998e+02
1.000000e+02, 2.888801e+02
1.000000e+02, 2.885621e+02
1.000000e+02, 2.882459e+02
1.000000e+02, 2.879315e+02
1.000000e+02, 2.876188e+02
1.000000e+02, 2.873079e+02
1.000000e+02, 2.869987e+02
1.000000e+02, 2.866912e+02
1.000000e+02, 2.863854e+02
1.000000e+02, 2.860814e+02
1.000000e+02, 2.857791e+02
1.000000e+02, 2.854785e+02
1.000000e+02, 2.851796e+02
1.000000e+02, 2.848824e+02
1.000000e+02, 2.845869e+02
1.000000e+02, 2.842931e+02
1.000000e+02, 2.840009e+02
1.000000e+02, 2.837105e+02
1.000000e+02, 2.834217e+02
1.000000e+02, 2.831346e+02
1.000000e+02, 2.828491e+02
1.000000e+02, 2.825654e+02
1.000000e+02, 2.822832e+02
1.000000e+02, 2.820028e+02
1.000000e+02, 2.817239e+02
1.000000e+02, 2.814467e+02
1.000000e+02, 2.811712e+02
1.000000e+02, 2.808972e+02
1.000000e+02, 2.806249e+02
1.000000e+02, 2.803542e+02
1.000000e+02, 2.800852e+02
1.000000e+02, 2.798177e+02
1.000000e+02, 2.795519e+02
1.000000e+02, 2.792876e+02
1.000000e+02, 2.790250e+02
1.000000e+02, 2.787639e+02
1.000000e+02, 2.785045e+02
1.000000e+02, 2.782466e+02
1.000000e+02, 2.779903e+02
1.000000e+02, 2.777356e+02
1.000000e+02, 2.774824e+02
1.000000e+02, 2.772309e+02
1.000000e+02, 2.769809e+02
1.000000e+02, 2.767324e+02
1.000000e+02, 2.764855e+02
1.000000e+02, 2.762402e+02
1.000000e+02, 2.759964e+02
1.000000e+02, 2.757542e+02
1.000000e+02, 2.755135e+02
1.000000e+02, 2.752743e+02
1.000000e+02, 2.750367e+02
1.000000e+02, 2.748006e+02
1.000000e+02, 2.745661e+02
1.000000e+02, 2.743330e+02
1.000000e+02, 2.741015e+02
1.000000e+02, 2.738715e+02
1.000000e+02, 2.736430e+02
1.000000e+02, 2.734161e+02
1.000000e+02, 2.731906e+02
1.000000e+02, 2.729666e+02
1.000000e+02, 2.727442e+02
1.000000e+02, 2.725232e+02
1.000000e+02, 2.723037e+02
1.000000e+02, 2.720857e+02
1.000000e+02, 2.718692e+02
1.000000e+02, 2.716542e+02
1.000000e+02, 2.714407e+02
1.000000e+02, 2.712286e+02
1.000000e+02, 2.710180e+02
1.000000e+02, 2.708089e+02
1.000000e+02, 2.706012e+02
1.000000e+02, 2.703951e+02
1.000000e+02, 2.701903e+02
1.000000e+02, 2.699871e+02
1.000000e+02, 2.697853e+02
1.000000e+02, 2.695849e+02
1.000000e+02, 2.693860e+02
1.000000e+02, 2.691885e+02
1.000000e+02, 2.689925e+02
1.000000e+02, 2.687979e+02
1.000000e+02, 2.686048e+02
1.000000e+02, 2.684131e+02
1.000000e+02, 2.682228e+02
1.000000e+02, 2.680340e+02
1.000000e+02, 2.678466e+02
1.000000e+02, 2.676606e+02
1.000000e+02, 2.674760e+02
1.000000e+02, 2.672929e+02
1.000000e+02, 2.671112e+02
1.000000e+02, 2.669309e+02
1.000000e+02, 2.667520e+02
1.000000e+02, 2.665745e+02
1.000000e+02, 2.663984e+02
1.000000e+02, 2.662237e+02
1.000000e+02, 2.660504e+02
1.000000e+02, 2.658786e+02
1.000000e+02, 2.657081e+02
1.000000e+02, 2.655390e+02
1.000000e+02, 2.653713e+02
1.000000e+02, 2.652050e+02
1.000000e+02, 2.650401e+02
1.000000e+02, 2.648766e+02
1.000000e+02, 2.647144e+02
1.000000e+02, 2.645537e+02
1.000000e+02, 2.643943e+02
1.000000e+02, 2.642363e+02
1.000000e+02, 2.640797e+02
1.000000e+02, 2.639244e+02
1.000000e+02, 2.637705e+02
1.000000e+02, 2.636180e+02
1.000000e+02, 2.634669e+02
1.000000e+02, 2.633171e+02
1.000000e+02, 2.631687e+02
1.000000e+02, 2.630216e+02
1.000000e+02, 2.628759e+02
1.000000e+02, 2.627316e+02
1.000000e+02, 2.625886e+02
1.000000e+02, 2.624470e+02
1.000000e+02, 2.623067e+02
1.000000e+02, 2.621678e+02
1.000000e+02, 2.620302e+02
1.000000e+02, 2.618940e+02
1.000000e+02, 2.617591e+02
1.000000e+02, 2.616255e+02
1.000000e+02, 2.614933e+02
1.000000e+02, 2.613624e+02
1.000000e+02, 2.612329e+02
1.000000e+02, 2.611047e+02
1.000000e+02, 2.609779e+02
1.000000e+02, 2.608523e+02
1.000000e+02, 2.607281e+02
1.000000e+02, 2.606053e+02
1.000000e+02, 2.604837e+02
1.000000e+02, 2.603635e+02
1.000000e+02, 2.602446e+02
1.000000e+02, 2.601270e+02
1.000000e+02, 2.600108e+02
1.000000e+02, 2.598959e+02
1.000000e+02, 2.597823e+02
1.000000e+02, 2.596700e+02
1.000000e+02, 2.595590e+02
1.000000e+02, 2.594493e+02
1.000000e+02, 2.593410e+02
1.000000e+02, 2.592340e+02
1.000000e+02, 2.591282e+02
1.000000e+02, 2.590238e+02
1.000000e+02, 2.589207e+02
1.000000e+02, 2.588189e+02
1.000000e+02, 2.587184e+02
1.000000e+02, 2.586192e+02
1.000000e+02, 2.585213e+02
1.000000e+02, 2.584247e+02
1.000000e+02, 2.583295e+02
1.000000e+02, 2.582355e+02
1.000000e+02, 2.581428e+02
1.000000e+02, 2.580514e+02
1.000000e+02, 2.579613e+02
1.000000e+02, 2.578725e+02
1.000000e+02, 2.577850e+02
1.000000e+02, 2.576987e+02
1.000000e+02, 2.576138e+02
1.000000e+02, 2.575302e+02
1.000000e+02, 2.574478e+02
1.000000e+02, 2.573668e+02
1.000000e+02, 2.572870e+02
1.000000e+02, 2.572085e+02
1.000000e+02, 2.571313e+02
1.000000e+02, 2.570554e+02
1.000000e+02, 2.569807e+02
1.000000e+02, 2.569074e+02
1.000000e+02, 2.568353e+02
1.000000e+02, 2.567645e+02
1.000000e+02, 2.566950e+02
1.000000e+02, 2.566268e+02
1.000000e+02, 2.565598e+02
1.000000e+02, 2.564941e+02
1.000000e+02, 2.564297e+02
1.000000e+02, 2.563666e+02
1.000000e+02, 2.563047e+02
1.000000e+02, 2.562442e+02
1.000000e+02, 2.561849e+02
1.000000e+02, 2.561268e+02
1.000000e+02, 2.560701e+02
1.000000e+02, 2.560146e+02
1.000000e+02, 2.559604e+02
1.000000e+02, 2.559074e+02
1.000000e+02, 2.558557e+02
1.000000e+02, 2.558053e+02
1.000000e+02, 2.557562e+02
1.000000e+02, 2.557083e+02
1.000000e+02, 2.556617e+02
1.000000e+02, 2.556164e+02
1.000000e+02, 2.555723e+02
1.000000e+02, 2.555295e+02
1.000000e+02, 2.554879e+02
1.000000e+02, 2.554476e+02
1.000000e+02, 2.554086e+02
1.000000e+02, 2.553709e+02
1.000000e+02, 2.553344e+02
1.000000e+02, 2.552991e+02
1.000000e+02, 2.552652e+02
1.000000e+02, 2.552325e+02
1.000000e+02, 2.552010e+02
1.000000e+02, 2.551708e+02
1.000000e+02, 2.551419e+02
1.000000e+02, 2.551143e+02
1.000000e+02, 2.550878e+02
1.000000e+02, 2.550627e+02
1.000000e+02, 2.550388e+02
1.000000e+02, 2.550162e+02
1.000000e+02, 2.549948e+02
1.000000e+02, 2.549747e+02
1.000000e+02, 2.549559e+02
1.000000e+02, 2.549383e+02
1.000000e+02, 2.549219e+02
1.000000e+02, 2.549068e+02
1.000000e+02, 2.548930e+02
1.000000e+02, 2.548805e+02
1.000000e+02, 2.548692e+02
1.000000e+02, 2.548591e+02
1.000000e+02, 2.548503e+02
1.000000e+02, 2.548428e+02
1.000000e+02, 2.548365e+02
1.000000e+02, 2.548315e+02
1.000000e+02, 2.548277e+02
1.000000e+02, 2.548252e+02
1.000000e+02, 2.548239e+02
1.000000e+02, 2.548239e+02
1.000000e+02, 2.548252e+02
1.000000e+02, 2.548277e+02
1.000000e+02, 2.548315e+02
1.000000e+02, 2.548365e+02
1.000000e+02, 2.548428e+02
1.000000e+02, 2.548503e+02
1.000000e+02, 2.548591e+02
1.000000e+02, 2.548692e+02
1.000000e+02, 2.548805e+02
1.000000e+02, 2.548930e+02
1.000000e+02, 2.549068e+02
1.000000e+02, 2.549219e+02
1.000000e+02, 2.549383e+02
1.000000e+02, 2.549559e+02
1.000000e+02, 2.549747e+02
1.000000e+02, 2.549948e+02
1.000000e+02, 2.550162e+02
1.000000e+02, 2.550388e+02
1.000000e+02, 2.550627e+02
1.000000e+02, 2.550878e+02
1.000000e+02, 2.551143e+02
1.000000e+02, 2.551419e+02
1.000000e+02, 2.551708e+02
1.000000e+02, 2.552010e+02
1.000000e+02, 2.552325e+02
1.000000e+02, 2.552652e+02
1.000000e+02, 2.552991e+02
1.000000e+02, 2.553344e+02
1.000000e+02, 2.553709e+02
1.000000e+02, 2.554086e+02
1.000000e+02, 2.554476e+02
1.000000e+02, 2.554879e+02
1.000000e+02, 2.555295e+02
1.000000e+02, 2.555723e+02
1.000000e+02, 2.556164e+02
1.000000e+02, 2.556617e+02
1.000000e+02, 2.557083e+02
1.000000e+02, 2.557562e+02
1.000000e+02, 2.558053e+02
1.000000e+02, 2.558557e+02
1.000000e+02, 2.559074e+02
1.000000e+02, 2.559604e+02
1.000000e+02, 2.560146e+02
1.000000e+02, 2.560701e+02
1.000000e+02, 2.561268e+02
1.000000e+02, 2.561849e+02
1.000000e+02, 2.562442e+02
1.000000e+02, 2.563048e+02
1.000000e+02, 2.563666e+02
1.000000e+02, 2.564297e+02
1.000000e+02, 2.564941e+02
1.000000e+02, 2.565598e+02
1.000000e+02, 2.566268e+02
1.000000e+02, 2.566950e+02
1.000000e+02, 2.567645e+02
1.000000e+02, 2.568353e+02
1.000000e+02, 2.569074e+02
1.000000e+02, 2.569807e+02
1.000000e+02, 2.570554e+02
1.000000e+02, 2.571313e+02
1.000000e+02, 2.572085e+02
1.000000e+02, 2.572870e+02
1.000000e+02, 2.573668e+02
1.000000e+02, 2.574478e+02
1.000000e+02, 2.575302e+02
1.000000e+02, 2.576138e+02
1.000000e+02, 2.576987e+02
1.000000e+02, 2.577850e+02
1.000000e+02, 2.578725e+02
1.000000e+02, 2.579613e+02
1.000000e+02, 2.580514e+02
1.000000e+02, 2.581428e+02
1.000000e+02, 2.582355e+02
1.000000e+02, 2.583295e+02
1.000000e+02, 2.584247e+02
1.000000e+02, 2.585213e+02
1.000000e+02, 2.586192e+02
1.000000e+02, 2.587184e+02
1.000000e+02, 2.588189e+02
1.000000e+02, 2.589207e+02
1.000000e+02, 2.590238e+02
1.000000e+02, 2.591282e+02
1.000000e+02, 2.592340e+02
1.000000e+02, 2.593410e+02
1.000000e+02, 2.594493e+02
1.000000e+02, 2.595590e+02
1.000000e+02, 2.596700e+02
1.000000e+02, 2.597823e+02
1.000000e+02, 2.598959e+02
1.000000e+02, 2.600108e+02
1.000000e+02, 2.601270e+02
1.000000e+02, 2.602446e+02
1.000000e+02, 2.603635e+02
1.000000e+02, 2.604837e+02
1.000000e+02, 2.606053e+02
1.000000e+02, 2.607281e+02
1.000000e+02, 2.608523e+02
1.000000e+02, 2.609779e+02
1.000000e+02, 2.611047e+02
1.000000e+02, 2.612329e+02
1.000000e+02, 2.613624e+02
1.000000e+02, 2.614933e+02
1.000000e+02, 2.616255e+02
1.000000e+02, 2.617591e+02
1.000000e+02, 2.618940e+02
1.000000e+02, 2.620302e+02
1.000000e+02, 2.621678e+02
1.000000e+02, 2.623067e+02
1.000000e+02, 2.624470e+02
1.000000e+02, 2.625886e+02
1.000000e+02, 2.627316e+02
1.000000e+02, 2.628759e+02
1.000000e+02, 2.630216e+02
1.000000e+02, 2.631687e+02
1.000000e+02, 2.633171e+02
1.000000e+02, 2.634669e+02
1.000000e+02, 2.636180e+02
1.000000e+02, 2.637705e+02
1.000000e+02, 2.639244e+02
1.000000e+02, 2.640797e+02
1.000000e+02, 2.642363e+02
1.000000e+02, 2.643943e+02
1.000000e+02, 2.645537e+02
1.000000e+02, 2.647144e+02
1.000000e+02, 2.648766e+02
1.000000e+02, 2.650401e+02
1.000000e+02, 2.652050e+02
1.000000e+02, 2.653713e+02
1.000000e+02, 2.655390e+02
1.000000e+02, 2.657081e+02
1.000000e+02, 2.658786e+02
1.000000e+02, 2.660504e+02
1.000000e+02, 2.662237e+02
1.000000e+02, 2.663984e+02
1.000000e+02, 2.665745e+02
1.000000e+02, 2.667520e+02
1.000000e+02, 2.669309e+02
1.000000e+02, 2.671112e+02
1.000000e+02, 2.672929e+02
1.000000e+02, 2.674760e+02
1.000000e+02, 2.676606e+02
1.000000e+02, 2.678466e+02
1.000000e+02, 2.680340e+02
1.000000e+02, 2.682228e+02
1.000000e+02, 2.684131e+02
1.000000e+02, 2.686048e+02
1.000000e+02, 2.687979e+02
1.000000e+02, 2.689925e+02
1.000000e+02, 2.691885e+02
1.000000e+02, 2.693860e+02
1.000000e+02, 2.695849e+02
1.000000e+02, 2.697853e+02
1.000000e+02, 2.699871e+02
1.000000e+02, 2.701903e+02
1.000000e+02, 2.703951e+02
1.000000e+02, 2.706012e+02
1.000000e+02, 2.708089e+02
1.000000e+02, 2.710180e+02
1.000000e+02, 2.712286e+02
1.000000e+02, 2.714407e+02
1.000000e+02, 2.716542e+02
1.000000e+02, 2.718692e+02
1.000000e+02, 2.720857e+02
1.000000e+02, 2.723037e+02
1.000000e+02, 2.725232e+02
1.000000e+02, 2.727442e+02
1.000000e+02, 2.729666e+02
1.000000e+02, 2.731906e+02
1.000000e+02, 2.734161e+02
1.000000e+02, 2.736430e+02
1.000000e+02, 2.738715e+02
1.000000e+02, 2.741015e+02
1.000000e+02, 2.743330e+02
1.000000e+02, 2.745661e+02
1.000000e+02, 2.748006e+02
1.000000e+02, 2.750367e+02
1.000000e+02, 2.752743e+02
1.000000e+02, 2.755135e+02
1.000000e+02, 2.757542e+02
1.000000e+02, 2.759964e+02
1.000000e+02, 2.762402e+02
1.000000e+02, 2.764855e+02
1.000000e+02, 2.767324e+02
1.000000e+02, 2.769809e+02
1.000000e+02, 2.772309e+02
1.000000e+02, 2.774824e+02
1.000000e+02, 2.777356e+02
1.000000e+02, 2.779903e+02
1.000000e+02, 2.782466e+02
1.000000e+02, 2.785045e+02
1.000000e+02, 2.787639e+02
1.000000e+02, 2.790250e+02
1.000000e+02, 2.792876e+02
1.000000e+02, 2.795519e+02
1.000000e+02, 2.798177e+02
1.000000e+02, 2.800852e+02
1.000000e+02, 2.803542e+02
1.000000e+02, 2.806249e+02
1.000000e+02, 2.808972e+02
1.000000e+02, 2.811712e+02
1.000000e+02, 2.814467e+02
1.000000e+02, 2.817239e+02
1.000000e+02, 2.820028e+02
1.000000e+02, 2.822832e+02
1.000000e+02, 2.825654e+02
1.000000e+02, 2.828491e+02
1.000000e+02, 2.831346e+02
1.000000e+02, 2.834217e+02
1.000000e+02, 2.837105e+02
1.000000e+02, 2.840009e+02
1.000000e+02, 2.842931e+02
1.000000e+02, 2.845869e+02
1.000000e+02, 2.848824e+02
1.000000e+02, 2.851796e+02
1.000000e+02, 2.854785e+02
1.000000e+02, 2.857791e+02
1.000000e+02, 2.860814e+02
1.000000e+02, 2.863854e+02
1.000000e+02, 2.866912e+02
1.000000e+02, 2.869987e+02
1.000000e+02, 2.873079e+02
1.000000e+02, 2.876188e+02
1.000000e+02, 2.879315e+02
1.000000e+02, 2.882460e+02
1.000000e+02, 2.885622e+02
1.000000e+02, 2.888801e+02
1.000000e+02, 2.891998e+02
1.000000e+02, 2.895213e+02
1.000000e+02, 2.898446e+02
1.000000e+02, 2.901697e+02
1.000000e+02, 2.904966e+02
1.000000e+02, 2.908252e+02
1.000000e+02, 2.911557e+02
1.000000e+02, 2.914879e+02
1.000000e+02, 2.918220e+02
1.000000e+02, 2.921579e+02
1.000000e+02, 2.924957e+02
1.000000e+02, 2.928353e+02
1.000000e+02, 2.931767e+02
1.000000e+02, 2.935200e+02
1.000000e+02, 2.938651e+02
1.000000e+02, 2.942121e+02
1.000000e+02, 2.945610e+02
1.000000e+02, 2.949117e+02
1.000000e+02, 2.952644e+02
1.000000e+02, 2.956189e+02
1.000000e+02, 2.959753e+02
1.000000e+02, 2.963337e+02
1.000000e+02, 2.966939e+02
1.000000e+02, 2.970561e+02
1.000000e+02, 2.974202e+02
1.000000e+02, 2.977862e+02
1.000000e+02, 2.981542e+02
1.000000e+02, 2.985242e+02
1.000000e+02, 2.988961e+02
1.000000e+02, 2.992699e+02
1.000000e+02, 2.996458e+02
1.000000e+02, 3.000236e+02
1.000000e+02, 3.004035e+02
1.000000e+02, 3.007853e+02
1.000000e+02, 3.011691e+02
1.000000e+02, 3.015550e+02
1.000000e+02, 3.019429e+02
1.000000e+02, 3.023328e+02
1.000000e+02, 3.027248e+02
1.000000e+02, 3.031188e+02
1.000000e+02, 3.035149e+02
1.000000e+02, 3.039131e+02
1.000000e+02, 3.043134e+02
1.000000e+02, 3.047157e+02
1.000000e+02, 3.051201e+02
1.000000e+02, 3.055267e+02
1.000000e+02, 3.059354e+02
1.000000e+02, 3.063462e+02
1.000000e+02, 3.067591e+02
1.000000e+02, 3.071742e+02
1.000000e+02, 3.075915e+02
1.000000e+02, 3.080109e+02
1.000000e+02, 3.084325e+02
1.000000e+02, 3.088563e+02
1.000000e+02, 3.092824e+02
1.000000e+02, 3.097106e+02
1.000000e+02, 3.101410e+02
1.000000e+02, 3.105737e+02
1.000000e+02, 3.110086e+02
1.000000e+02, 3.114458e+02
1.000000e+02, 3.118853e+02
1.000000e+02, 3.123270e+02
1.000000e+02, 3.127710e+02
1.000000e+02, 3.132173e+02
1.000000e+02, 3.136660e+02
1.000000e+02, 3.141170e+02
1.000000e+02, 3.145703e+02
1.000000e+02, 3.150259e+02
1.000000e+02, 3.154840e+02
1.000000e+02, 3.159444e+02
1.000000e+02, 3.164072e+02
1.000000e+02, 3.168724e+02
1.000000e+02, 3.173400e+02
1.000000e+02, 3.178101e+02
1.000000e+02, 3.182826e+02
1.000000e+02, 3.187575e+02
1.000000e+02, 3.192349e+02
1.000000e+02, 3.197149e+02
1.000000e+02, 3.201973e+02
1.000000e+02, 3.206822e+02
1.000000e+02, 3.211697e+02
1.000000e+02, 3.216597e+02
1.000000e+02, 3.221522e+02
1.000000e+02, 3.226473e+02
1.000000e+02, 3.231451e+02
1.000000e+02, 3.236454e+02
1.000000e+02, 3.241483e+02
1.000000e+02, 3.246539e+02
1.000000e+02, 3.251622e+02
1.000000e+02, 3.256731e+02
1.000000e+02, 3.261867e+02
1.000000e+02, 3.267030e+02
1.000000e+02, 3.272220e+02
1.000000e+02, 3.277437e+02
1.000000e+02, 3.282683e+02
1.000000e+02, 3.287955e+02
1.000000e+02, 3.293256e+02
1.000000e+02, 3.298585e+02
1.000000e+02, 3.303942e+02
1.000000e+02, 3.309328e+02
1.000000e+02, 3.314742e+02
1.000000e+02, 3.320185e+02
1.000000e+02, 3.325658e+02
1.000000e+02, 3.331159e+02
1.000000e+02, 3.336690e+02
1.000000e+02, 3.342250e+02
1.000000e+02, 3.347841e+02
1.000000e+02, 3.353462e+02
1.000000e+02, 3.359112e+02
1.000000e+02, 3.364794e+02
1.000000e+02, 3.370506e+02
1.000000e+02, 3.376249e+02
1.000000e+02, 3.382023e+02
1.000000e+02, 3.387829e+02
1.000000e+02, 3.393666e+02
1.000000e+02, 3.399536e+02
1.000000e+02, 3.405437e+02
1.000000e+02, 3.411371e+02
1.000000e+02, 3.417337e+02
1.000000e+02, 3.423337e+02
1.000000e+02, 3.429369e+02
1.000000e+02, 3.435435e+02
1.000000e+02, 3.441535e+02
1.000000e+02, 3.447669e+02
1.000000e+02, 3.453837e+02
1.000000e+02, 3.460039e+02
1.000000e+02, 3.466276e+02
1.000000e+02, 3.472549e+02
1.000000e+02, 3.478856e+02
1.000000e+02, 3.485200e+02
1.000000e+02, 3.491579e+02
1.000000e+02, 3.497995e+02
1.000000e+02, 3.504447e+02
1.000000e+02, 3.510937e+02
1.000000e+02, 3.517463e+02
1.000000e+02, 3.524027e+02
1.000000e+02, 3.530629e+02
1.000000e+02, 3.537270e+02
1.000000e+02, 3.543949e+02
1.000000e+02, 3.550667e+02
1.000000e+02, 3.557425e+02
1.000000e+02, 3.564222e+02
1.000000e+02, 3.571059e+02
1.000000e+02, 3.577937e+02
1.000000e+02, 3.584856e+02
1.000000e+02, 3.591816e+02
1.000000e+02, 3.598817e+02
1.000000e+02, 5.861166e-01
1.000000e+02, 1.294756e+00
1.000000e+02, 2.007692e+00
1.000000e+02, 2.724970e+00
1.000000e+02, 3.446635e+00
1.000000e+02, 4.172733e+00
1.000000e+02, 4.903309e+00
1.000000e+02, 5.638412e+00
1.000000e+02, 6.378091e+00
1.000000e+02, 7.122395e+00
1.000000e+02, 7.871376e+00
1.000000e+02, 8.625084e+00
1.000000e+02, 9.383572e+00
1.000000e+02, 1.014690e+01
1.000000e+02, 1.091511e+01
1.000000e+02, 1.168827e+01
1.000000e+02, 1.246643e+01
1.000000e+02, 1.324966e+01
1.000000e+02, 1.403801e+01
1.000000e+02, 1.483155e+01
1.000000e+02, 1.563033e+01
1.000000e+02, 1.643443e+01
1.000000e+02, 1.724391e+01
1.000000e+02, 1.805883e+01
1.000000e+02, 1.887926e+01
1.000000e+02, 1.970529e+01
1.000000e+02, 2.053697e+01
1.000000e+02, 2.137438e+01
1.000000e+02, 2.221761e+01
1.000000e+02, 2.306672e+01
1.000000e+02, 2.392180e+01
1.000000e+02, 2.478292e+01
1.000000e+02, 2.565019e+01
1.000000e+02, 2.652367e+01
1.000000e+02, 2.740345e+01
1.000000e+02, 2.828964e+01
1.000000e+02, 2.918232e+01
1.000000e+02, 3.008159e+01
1.000000e+02, 3.098755e+01
1.000000e+02, 3.190029e+01
1.000000e+02, 3.281993e+01
1.000000e+02, 3.374656e+01
1.000000e+02, 3.468031e+01
1.000000e+02, 3.562128e+01
1.000000e+02, 3.656959e+01
1.000000e+02, 3.752535e+01
1.000000e+02, 3.848870e+01
1.000000e+02, 3.945976e+01
1.000000e+02, 4.043867e+01
1.000000e+02, 4.142555e+01
1.000000e+02, 4.242055e+01
1.000000e+02, 4.342381e+01
1.000000e+02, 4.443548e+01
1.000000e+02, 4.545571e+01
1.000000e+02, 4.648467e+01
1.000000e+02, 4.752252e+01
1.000000e+02, 4.856942e+01
1.000000e+02, 4.962556e+01
1.000000e+02, 5.069111e+01
1.000000e+02, 5.176627e+01
1.000000e+02, 5.285122e+01
1.000000e+02, 5.394618e+01
1.000000e+02, 5.505135e+01
1.000000e+02, 5.616696e+01
1.000000e+02, 5.729321e+01
1.000000e+02, 5.843037e+01
1.000000e+02, 5.957865e+01
1.000000e+02, 6.073833e+01
1.000000e+02, 6.190967e+01
1.000000e+02, 6.309294e+01
1.000000e+02, 6.428843e+01
1.000000e+02, 6.549645e+01
1.000000e+02, 6.671730e+01
1.000000e+02, 6.795131e+01
1.000000e+02, 6.919883e+01
1.000000e+02, 7.046021e+01
1.000000e+02, 7.173584e+01
1.000000e+02, 7.302609e+01
1.000000e+02, 7.433140e+01
1.000000e+02, 7.565219e+01
1.000000e+02, 7.698891e+01
1.000000e+02, 7.834206e+01
1.000000e+02, 7.971213e+01
1.000000e+02, 8.109965e+01
1.000000e+02, 8.250520e+01
1.000000e+02, 8.392937e+01
1.000000e+02, 8.537280e+01
1.000000e+02, 8.683614e+01
1.000000e+02, 8.832011e+01
1.000000e+02, 8.982546e+01
1.000000e+02, 9.135301e+01
1.000000e+02, 9.290361e+01
1.000000e+02, 9.447817e+01
1.000000e+02, 9.607769e+01
1.000000e+02, 9.770320e+01
1.000000e+02, 9.935585e+01
1.000000e+02, 1.010369e+02
1.000000e+02, 1.027475e+02
1.000000e+02, 1.044893e+02
1.000000e+02, 1.062637e+02
1.000000e+02, 1.080724e+02
1.000000e+02, 1.099173e+02
1.000000e+02, 1.118004e+02
1.000000e+02, 1.137238e+02
1.000000e+02, 1.156901e+02
1.000000e+02, 1.177018e+02
1.000000e+02, 1.197621e+02
1.000000e+02, 1.218742e+02
1.000000e+02, 1.240420e+02
1.000000e+02, 1.262697e+02
1.000000e+02, 1.285620e+02
1.000000e+02, 1.309246e+02
1.000000e+02, 1.333639e+02
1.000000e+02, 1.358872e+02
1.000000e+02, 1.385034e+02
1.000000e+02, 1.412228e+02
1.000000e+02, 1.440579e+02
1.000000e+02, 1.470241e+02
1.000000e+02, 1.501406e+02
1.000000e+02, 1.534315e+02
1.000000e+02, 1.569286e+02
1.000000e+02, 1.606749e+02
1.000000e+02, 1.647308e+02
1.000000e+02, 1.691864e+02
1.000000e+02, 1.741873e+02
1.000000e+02, 1.800000e+02
##END= 