##TITLE= /opt/topspin3.0/exp/stan/nmr/lists/wave/user/HypSec_trunc2.84_110
##JCAMP-DX= 5.00 Bruker JCAMP library
##DATA TYPE= Shape Data
##ORIGIN= Bruker BioSpin GmbH
##OWNER= <nmrsu>
##DATE= 15/02/24
##TIME= 16:15:04
##MINX= 1.164538e+01
##MAXX= 9.999960e+01
##MINY= 2.546774e-02
##MAXY= 3.585574e+02
##$SHAPE_EXMODE= Adiabatic
##$SHAPE_TOTROT= 1.800000e+02
##$SHAPE_BWFAC= 1.929340e+02
##$SHAPE_INTEGFAC= 2.356110e-02
##$SHAPE_MODE= 0
##NPOINTS= 500
##XYPOINTS= (XY..XY)
1.000000e+02, 1.800000e+02
1.000000e+02, 1.783030e+02
1.000000e+02, 1.769804e+02
1.000000e+02, 1.758583e+02
1.000000e+02, 1.748670e+02
1.000000e+02, 1.739701e+02
1.000000e+02, 1.731456e+02
1.000000e+02, 1.723789e+02
1.000000e+02, 1.716598e+02
1.000000e+02, 1.709810e+02
1.000000e+02, 1.703366e+02
1.000000e+02, 1.697223e+02
1.000000e+02, 1.691345e+02
1.000000e+02, 1.685704e+02
1.000000e+02, 1.680275e+02
1.000000e+02, 1.675039e+02
1.000000e+02, 1.669977e+02
1.000000e+02, 1.665077e+02
1.000000e+02, 1.660325e+02
1.000000e+02, 1.655710e+02
1.000000e+02, 1.651223e+02
1.000000e+02, 1.646855e+02
1.000000e+02, 1.642598e+02
1.000000e+02, 1.638445e+02
1.000000e+02, 1.634391e+02
1.000000e+02, 1.630431e+02
1.000000e+02, 1.626558e+02
1.000000e+02, 1.622768e+02
1.000000e+02, 1.619058e+02
1.000000e+02, 1.615424e+02
1.000000e+02, 1.611861e+02
1.000000e+02, 1.608367e+02
1.000000e+02, 1.604939e+02
1.000000e+02, 1.601575e+02
1.000000e+02, 1.598270e+02
1.000000e+02, 1.595024e+02
1.000000e+02, 1.591834e+02
1.000000e+02, 1.588698e+02
1.000000e+02, 1.585614e+02
1.000000e+02, 1.582579e+02
1.000000e+02, 1.579594e+02
1.000000e+02, 1.576655e+02
1.000000e+02, 1.573761e+02
1.000000e+02, 1.570912e+02
1.000000e+02, 1.568104e+02
1.000000e+02, 1.565339e+02
1.000000e+02, 1.562613e+02
1.000000e+02, 1.559926e+02
1.000000e+02, 1.557278e+02
1.000000e+02, 1.554666e+02
1.000000e+02, 1.552090e+02
1.000000e+02, 1.549548e+02
1.000000e+02, 1.547041e+02
1.000000e+02, 1.544568e+02
1.000000e+02, 1.542126e+02
1.000000e+02, 1.539716e+02
1.000000e+02, 1.537338e+02
1.000000e+02, 1.534989e+02
1.000000e+02, 1.532670e+02
1.000000e+02, 1.530380e+02
1.000000e+02, 1.528118e+02
1.000000e+02, 1.525883e+02
1.000000e+02, 1.523676e+02
1.000000e+02, 1.521495e+02
1.000000e+02, 1.519341e+02
1.000000e+02, 1.517212e+02
1.000000e+02, 1.515108e+02
1.000000e+02, 1.513028e+02
1.000000e+02, 1.510972e+02
1.000000e+02, 1.508941e+02
1.000000e+02, 1.506932e+02
1.000000e+02, 1.504946e+02
1.000000e+02, 1.502983e+02
1.000000e+02, 1.501042e+02
1.000000e+02, 1.499122e+02
1.000000e+02, 1.497224e+02
1.000000e+02, 1.495346e+02
1.000000e+02, 1.493490e+02
1.000000e+02, 1.491653e+02
1.000000e+02, 1.489837e+02
1.000000e+02, 1.488040e+02
1.000000e+02, 1.486263e+02
1.000000e+02, 1.484505e+02
1.000000e+02, 1.482766e+02
1.000000e+02, 1.481045e+02
1.000000e+02, 1.479343e+02
1.000000e+02, 1.477659e+02
1.000000e+02, 1.475992e+02
1.000000e+02, 1.474343e+02
1.000000e+02, 1.472712e+02
1.000000e+02, 1.471098e+02
1.000000e+02, 1.469500e+02
1.000000e+02, 1.467919e+02
1.000000e+02, 1.466355e+02
1.000000e+02, 1.464807e+02
1.000000e+02, 1.463275e+02
1.000000e+02, 1.461759e+02
1.000000e+02, 1.460259e+02
1.000000e+02, 1.458774e+02
1.000000e+02, 1.457305e+02
1.000000e+02, 1.455851e+02
1.000000e+02, 1.454412e+02
1.000000e+02, 1.452987e+02
1.000000e+02, 1.451578e+02
1.000000e+02, 1.450183e+02
1.000000e+02, 1.448802e+02
1.000000e+02, 1.447435e+02
1.000000e+02, 1.446083e+02
1.000000e+02, 1.444745e+02
1.000000e+02, 1.443420e+02
1.000000e+02, 1.442109e+02
1.000000e+02, 1.440812e+02
1.000000e+02, 1.439528e+02
1.000000e+02, 1.438257e+02
1.000000e+02, 1.436999e+02
1.000000e+02, 1.435755e+02
1.000000e+02, 1.434523e+02
1.000000e+02, 1.433304e+02
1.000000e+02, 1.432098e+02
1.000000e+02, 1.430905e+02
1.000000e+02, 1.429724e+02
1.000000e+02, 1.428555e+02
1.000000e+02, 1.427399e+02
1.000000e+02, 1.426254e+02
1.000000e+02, 1.425122e+02
1.000000e+02, 1.424002e+02
1.000000e+02, 1.422894e+02
1.000000e+02, 1.421797e+02
1.000000e+02, 1.420712e+02
1.000000e+02, 1.419639e+02
1.000000e+02, 1.418577e+02
1.000000e+02, 1.417527e+02
1.000000e+02, 1.416488e+02
1.000000e+02, 1.415461e+02
1.000000e+02, 1.414444e+02
1.000000e+02, 1.413439e+02
1.000000e+02, 1.412444e+02
1.000000e+02, 1.411461e+02
1.000000e+02, 1.410489e+02
1.000000e+02, 1.409527e+02
1.000000e+02, 1.408576e+02
1.000000e+02, 1.407636e+02
1.000000e+02, 1.406706e+02
1.000000e+02, 1.405787e+02
1.000000e+02, 1.404878e+02
1.000000e+02, 1.403980e+02
1.000000e+02, 1.403092e+02
1.000000e+02, 1.402215e+02
1.000000e+02, 1.401347e+02
1.000000e+02, 1.400490e+02
1.000000e+02, 1.399643e+02
1.000000e+02, 1.398806e+02
1.000000e+02, 1.397979e+02
1.000000e+02, 1.397161e+02
1.000000e+02, 1.396354e+02
1.000000e+02, 1.395557e+02
1.000000e+02, 1.394769e+02
1.000000e+02, 1.393991e+02
1.000000e+02, 1.393223e+02
1.000000e+02, 1.392464e+02
1.000000e+02, 1.391715e+02
1.000000e+02, 1.390976e+02
1.000000e+02, 1.390245e+02
1.000000e+02, 1.389525e+02
1.000000e+02, 1.388814e+02
1.000000e+02, 1.388112e+02
1.000000e+02, 1.387419e+02
1.000000e+02, 1.386736e+02
1.000000e+02, 1.386062e+02
1.000000e+02, 1.385397e+02
1.000000e+02, 1.384741e+02
1.000000e+02, 1.384094e+02
1.000000e+02, 1.383457e+02
1.000000e+02, 1.382828e+02
1.000000e+02, 1.382209e+02
1.000000e+02, 1.381598e+02
1.000000e+02, 1.380997e+02
1.000000e+02, 1.380404e+02
1.000000e+02, 1.379820e+02
1.000000e+02, 1.379245e+02
1.000000e+02, 1.378678e+02
1.000000e+02, 1.378121e+02
1.000000e+02, 1.377572e+02
1.000000e+02, 1.377032e+02
1.000000e+02, 1.376500e+02
1.000000e+02, 1.375978e+02
1.000000e+02, 1.375463e+02
1.000000e+02, 1.374958e+02
1.000000e+02, 1.374461e+02
1.000000e+02, 1.373972e+02
1.000000e+02, 1.373492e+02
1.000000e+02, 1.373020e+02
1.000000e+02, 1.372557e+02
1.000000e+02, 1.372103e+02
1.000000e+02, 1.371656e+02
1.000000e+02, 1.371218e+02
1.000000e+02, 1.370789e+02
1.000000e+02, 1.370368e+02
1.000000e+02, 1.369955e+02
1.000000e+02, 1.369550e+02
1.000000e+02, 1.369154e+02
1.000000e+02, 1.368765e+02
1.000000e+02, 1.368386e+02
1.000000e+02, 1.368014e+02
1.000000e+02, 1.367650e+02
1.000000e+02, 1.367295e+02
1.000000e+02, 1.366948e+02
1.000000e+02, 1.366609e+02
1.000000e+02, 1.366278e+02
1.000000e+02, 1.365955e+02
1.000000e+02, 1.365640e+02
1.000000e+02, 1.365333e+02
1.000000e+02, 1.365035e+02
1.000000e+02, 1.364744e+02
1.000000e+02, 1.364462e+02
1.000000e+02, 1.364187e+02
1.000000e+02, 1.363920e+02
1.000000e+02, 1.363662e+02
1.000000e+02, 1.363411e+02
1.000000e+02, 1.363168e+02
1.000000e+02, 1.362934e+02
1.000000e+02, 1.362707e+02
1.000000e+02, 1.362488e+02
1.000000e+02, 1.362277e+02
1.000000e+02, 1.362074e+02
1.000000e+02, 1.361879e+02
1.000000e+02, 1.361691e+02
1.000000e+02, 1.361512e+02
1.000000e+02, 1.361340e+02
1.000000e+02, 1.361177e+02
1.000000e+02, 1.361021e+02
1.000000e+02, 1.360873e+02
1.000000e+02, 1.360733e+02
1.000000e+02, 1.360600e+02
1.000000e+02, 1.360476e+02
1.000000e+02, 1.360359e+02
1.000000e+02, 1.360250e+02
1.000000e+02, 1.360149e+02
1.000000e+02, 1.360056e+02
1.000000e+02, 1.359970e+02
1.000000e+02, 1.359892e+02
1.000000e+02, 1.359822e+02
1.000000e+02, 1.359760e+02
1.000000e+02, 1.359706e+02
1.000000e+02, 1.359659e+02
1.000000e+02, 1.359620e+02
1.000000e+02, 1.359589e+02
1.000000e+02, 1.359566e+02
1.000000e+02, 1.359550e+02
1.000000e+02, 1.359543e+02
1.000000e+02, 1.359543e+02
1.000000e+02, 1.359550e+02
1.000000e+02, 1.359566e+02
1.000000e+02, 1.359589e+02
1.000000e+02, 1.359620e+02
1.000000e+02, 1.359659e+02
1.000000e+02, 1.359706e+02
1.000000e+02, 1.359760e+02
1.000000e+02, 1.359822e+02
1.000000e+02, 1.359892e+02
1.000000e+02, 1.359970e+02
1.000000e+02, 1.360056e+02
1.000000e+02, 1.360149e+02
1.000000e+02, 1.360250e+02
1.000000e+02, 1.360359e+02
1.000000e+02, 1.360476e+02
1.000000e+02, 1.360600e+02
1.000000e+02, 1.360733e+02
1.000000e+02, 1.360873e+02
1.000000e+02, 1.361021e+02
1.000000e+02, 1.361177e+02
1.000000e+02, 1.361340e+02
1.000000e+02, 1.361512e+02
1.000000e+02, 1.361691e+02
1.000000e+02, 1.361879e+02
1.000000e+02, 1.362074e+02
1.000000e+02, 1.362277e+02
1.000000e+02, 1.362488e+02
1.000000e+02, 1.362707e+02
1.000000e+02, 1.362934e+02
1.000000e+02, 1.363168e+02
1.000000e+02, 1.363411e+02
1.000000e+02, 1.363662e+02
1.000000e+02, 1.363920e+02
1.000000e+02, 1.364187e+02
1.000000e+02, 1.364462e+02
1.000000e+02, 1.364744e+02
1.000000e+02, 1.365035e+02
1.000000e+02, 1.365333e+02
1.000000e+02, 1.365640e+02
1.000000e+02, 1.365955e+02
1.000000e+02, 1.366278e+02
1.000000e+02, 1.366609e+02
1.000000e+02, 1.366948e+02
1.000000e+02, 1.367295e+02
1.000000e+02, 1.367650e+02
1.000000e+02, 1.368014e+02
1.000000e+02, 1.368386e+02
1.000000e+02, 1.368765e+02
1.000000e+02, 1.369154e+02
1.000000e+02, 1.369550e+02
1.000000e+02, 1.369955e+02
1.000000e+02, 1.370368e+02
1.000000e+02, 1.370789e+02
1.000000e+02, 1.371218e+02
1.000000e+02, 1.371656e+02
1.000000e+02, 1.372103e+02
1.000000e+02, 1.372557e+02
1.000000e+02, 1.373020e+02
1.000000e+02, 1.373492e+02
1.000000e+02, 1.373972e+02
1.000000e+02, 1.374461e+02
1.000000e+02, 1.374958e+02
1.000000e+02, 1.375463e+02
1.000000e+02, 1.375978e+02
1.000000e+02, 1.376500e+02
1.000000e+02, 1.377032e+02
1.000000e+02, 1.377572e+02
1.000000e+02, 1.378121e+02
1.000000e+02, 1.378678e+02
1.000000e+02, 1.379245e+02
1.000000e+02, 1.379820e+02
1.000000e+02, 1.380404e+02
1.000000e+02, 1.380997e+02
1.000000e+02, 1.381598e+02
1.000000e+02, 1.382209e+02
1.000000e+02, 1.382828e+02
1.000000e+02, 1.383457e+02
1.000000e+02, 1.384094e+02
1.000000e+02, 1.384741e+02
1.000000e+02, 1.385397e+02
1.000000e+02, 1.386062e+02
1.000000e+02, 1.386736e+02
1.000000e+02, 1.387419e+02
1.000000e+02, 1.388112e+02
1.000000e+02, 1.388814e+02
1.000000e+02, 1.389525e+02
1.000000e+02, 1.390245e+02
1.000000e+02, 1.390976e+02
1.000000e+02, 1.391715e+02
1.000000e+02, 1.392464e+02
1.000000e+02, 1.393223e+02
1.000000e+02, 1.393991e+02
1.000000e+02, 1.394769e+02
1.000000e+02, 1.395557e+02
1.000000e+02, 1.396354e+02
1.000000e+02, 1.397161e+02
1.000000e+02, 1.397979e+02
1.000000e+02, 1.398806e+02
1.000000e+02, 1.399643e+02
1.000000e+02, 1.400490e+02
1.000000e+02, 1.401347e+02
1.000000e+02, 1.402215e+02
1.000000e+02, 1.403092e+02
1.000000e+02, 1.403980e+02
1.000000e+02, 1.404878e+02
1.000000e+02, 1.405787e+02
1.000000e+02, 1.406706e+02
1.000000e+02, 1.407636e+02
1.000000e+02, 1.408576e+02
1.000000e+02, 1.409527e+02
1.000000e+02, 1.410489e+02
1.000000e+02, 1.411461e+02
1.000000e+02, 1.412444e+02
1.000000e+02, 1.413439e+02
1.000000e+02, 1.414444e+02
1.000000e+02, 1.415461e+02
1.000000e+02, 1.416488e+02
1.000000e+02, 1.417527e+02
1.000000e+02, 1.418577e+02
1.000000e+02, 1.419639e+02
1.000000e+02, 1.420712e+02
1.000000e+02, 1.421797e+02
1.000000e+02, 1.422894e+02
1.000000e+02, 1.424002e+02
1.000000e+02, 1.425122e+02
1.000000e+02, 1.426254e+02
1.000000e+02, 1.427399e+02
1.000000e+02, 1.428555e+02
1.000000e+02, 1.429724e+02
1.000000e+02, 1.430905e+02
1.000000e+02, 1.432098e+02
1.000000e+02, 1.433304e+02
1.000000e+02, 1.434523e+02
1.000000e+02, 1.435755e+02
1.000000e+02, 1.436999e+02
1.000000e+02, 1.438257e+02
1.000000e+02, 1.439528e+02
1.000000e+02, 1.440812e+02
1.000000e+02, 1.442109e+02
1.000000e+02, 1.443420e+02
1.000000e+02, 1.444745e+02
1.000000e+02, 1.446083e+02
1.000000e+02, 1.447435e+02
1.000000e+02, 1.448802e+02
1.000000e+02, 1.450183e+02
1.000000e+02, 1.451578e+02
1.000000e+02, 1.452987e+02
1.000000e+02, 1.454412e+02
1.000000e+02, 1.455851e+02
1.000000e+02, 1.457305e+02
1.000000e+02, 1.458774e+02
1.000000e+02, 1.460259e+02
1.000000e+02, 1.461759e+02
1.000000e+02, 1.463275e+02
1.000000e+02, 1.464807e+02
1.000000e+02, 1.466355e+02
1.000000e+02, 1.467919e+02
1.000000e+02, 1.469500e+02
1.000000e+02, 1.471098e+02
1.000000e+02, 1.472712e+02
1.000000e+02, 1.474343e+02
1.000000e+02, 1.475992e+02
1.000000e+02, 1.477659e+02
1.000000e+02, 1.479343e+02
1.000000e+02, 1.481045e+02
1.000000e+02, 1.482766e+02
1.000000e+02, 1.484505e+02
1.000000e+02, 1.486263e+02
1.000000e+02, 1.488040e+02
1.000000e+02, 1.489837e+02
1.000000e+02, 1.491653e+02
1.000000e+02, 1.493490e+02
1.000000e+02, 1.495346e+02
1.000000e+02, 1.497224e+02
1.000000e+02, 1.499122e+02
1.000000e+02, 1.501042e+02
1.000000e+02, 1.502983e+02
1.000000e+02, 1.504946e+02
1.000000e+02, 1.506932e+02
1.000000e+02, 1.508941e+02
1.000000e+02, 1.510972e+02
1.000000e+02, 1.513028e+02
1.000000e+02, 1.515108e+02
1.000000e+02, 1.517212e+02
1.000000e+02, 1.519341e+02
1.000000e+02, 1.521495e+02
1.000000e+02, 1.523676e+02
1.000000e+02, 1.525883e+02
1.000000e+02, 1.528118e+02
1.000000e+02, 1.530380e+02
1.000000e+02, 1.532670e+02
1.000000e+02, 1.534989e+02
1.000000e+02, 1.537338e+02
1.000000e+02, 1.539716e+02
1.000000e+02, 1.542126e+02
1.000000e+02, 1.544568e+02
1.000000e+02, 1.547041e+02
1.000000e+02, 1.549548e+02
1.000000e+02, 1.552090e+02
1.000000e+02, 1.554666e+02
1.000000e+02, 1.557278e+02
1.000000e+02, 1.559926e+02
1.000000e+02, 1.562613e+02
1.000000e+02, 1.565339e+02
1.000000e+02, 1.568104e+02
1.000000e+02, 1.570912e+02
1.000000e+02, 1.573761e+02
1.000000e+02, 1.576655e+02
1.000000e+02, 1.579594e+02
1.000000e+02, 1.582579e+02
1.000000e+02, 1.585614e+02
1.000000e+02, 1.588698e+02
1.000000e+02, 1.591834e+02
1.000000e+02, 1.595024e+02
1.000000e+02, 1.598270e+02
1.000000e+02, 1.601575e+02
1.000000e+02, 1.604939e+02
1.000000e+02, 1.608367e+02
1.000000e+02, 1.611861e+02
1.000000e+02, 1.615424e+02
1.000000e+02, 1.619058e+02
1.000000e+02, 1.622768e+02
1.000000e+02, 1.626558e+02
1.000000e+02, 1.630431e+02
1.000000e+02, 1.634391e+02
1.000000e+02, 1.638445e+02
1.000000e+02, 1.642598e+02
1.000000e+02, 1.646855e+02
1.000000e+02, 1.651223e+02
1.000000e+02, 1.655710e+02
1.000000e+02, 1.660325e+02
1.000000e+02, 1.665077e+02
1.000000e+02, 1.669978e+02
1.000000e+02, 1.675039e+02
1.000000e+02, 1.680275e+02
1.000000e+02, 1.685704e+02
1.000000e+02, 1.691345e+02
1.000000e+02, 1.697223e+02
1.000000e+02, 1.703366e+02
1.000000e+02, 1.709810e+02
1.000000e+02, 1.716598e+02
1.000000e+02, 1.723789e+02
1.000000e+02, 1.731456e+02
1.000000e+02, 1.739701e+02
1.000000e+02, 1.748670e+02
1.000000e+02, 1.758583e+02
1.000000e+02, 1.769804e+02
1.000000e+02, 1.783030e+02
1.000000e+02, 1.800000e+02
##END= 