##TITLE= /opt/topspin3.0/exp/stan/nmr/lists/wave/user/HypSec_trunc2.84_110
##JCAMP-DX= 5.00 Bruker JCAMP library
##DATA TYPE= Shape Data
##ORIGIN= Bruker BioSpin GmbH
##OWNER= <nmrsu>
##DATE= 15/02/24
##TIME= 16:15:04
##MINX= 1.164538e+01
##MAXX= 9.999960e+01
##MINY= 2.546774e-02
##MAXY= 3.585574e+02
##$SHAPE_EXMODE= Adiabatic
##$SHAPE_TOTROT= 1.800000e+02
##$SHAPE_BWFAC= 1.929340e+02
##$SHAPE_INTEGFAC= 2.356110e-02
##$SHAPE_MODE= 0
##NPOINTS= 1000
##XYPOINTS= (XY..XY)
1.000000e+02, 1.800000e+02
1.000000e+02, 1.755491e+02
1.000000e+02, 1.717199e+02
1.000000e+02, 1.683082e+02
1.000000e+02, 1.652025e+02
1.000000e+02, 1.623339e+02
1.000000e+02, 1.596561e+02
1.000000e+02, 1.571362e+02
1.000000e+02, 1.547499e+02
1.000000e+02, 1.524786e+02
1.000000e+02, 1.503077e+02
1.000000e+02, 1.482255e+02
1.000000e+02, 1.462222e+02
1.000000e+02, 1.442901e+02
1.000000e+02, 1.424223e+02
1.000000e+02, 1.406132e+02
1.000000e+02, 1.388579e+02
1.000000e+02, 1.371522e+02
1.000000e+02, 1.354923e+02
1.000000e+02, 1.338750e+02
1.000000e+02, 1.322974e+02
1.000000e+02, 1.307570e+02
1.000000e+02, 1.292514e+02
1.000000e+02, 1.277786e+02
1.000000e+02, 1.263367e+02
1.000000e+02, 1.249240e+02
1.000000e+02, 1.235391e+02
1.000000e+02, 1.221804e+02
1.000000e+02, 1.208467e+02
1.000000e+02, 1.195368e+02
1.000000e+02, 1.182496e+02
1.000000e+02, 1.169842e+02
1.000000e+02, 1.157395e+02
1.000000e+02, 1.145147e+02
1.000000e+02, 1.133090e+02
1.000000e+02, 1.121217e+02
1.000000e+02, 1.109521e+02
1.000000e+02, 1.097994e+02
1.000000e+02, 1.086631e+02
1.000000e+02, 1.075426e+02
1.000000e+02, 1.064373e+02
1.000000e+02, 1.053468e+02
1.000000e+02, 1.042706e+02
1.000000e+02, 1.032081e+02
1.000000e+02, 1.021591e+02
1.000000e+02, 1.011229e+02
1.000000e+02, 1.000994e+02
1.000000e+02, 9.908804e+01
1.000000e+02, 9.808855e+01
1.000000e+02, 9.710058e+01
1.000000e+02, 9.612382e+01
1.000000e+02, 9.515796e+01
1.000000e+02, 9.420272e+01
1.000000e+02, 9.325781e+01
1.000000e+02, 9.232299e+01
1.000000e+02, 9.139800e+01
1.000000e+02, 9.048259e+01
1.000000e+02, 8.957655e+01
1.000000e+02, 8.867964e+01
1.000000e+02, 8.779165e+01
1.000000e+02, 8.691239e+01
1.000000e+02, 8.604166e+01
1.000000e+02, 8.517927e+01
1.000000e+02, 8.432503e+01
1.000000e+02, 8.347879e+01
1.000000e+02, 8.264036e+01
1.000000e+02, 8.180960e+01
1.000000e+02, 8.098633e+01
1.000000e+02, 8.017042e+01
1.000000e+02, 7.936172e+01
1.000000e+02, 7.856010e+01
1.000000e+02, 7.776540e+01
1.000000e+02, 7.697751e+01
1.000000e+02, 7.619631e+01
1.000000e+02, 7.542166e+01
1.000000e+02, 7.465344e+01
1.000000e+02, 7.389156e+01
1.000000e+02, 7.313589e+01
1.000000e+02, 7.238633e+01
1.000000e+02, 7.164278e+01
1.000000e+02, 7.090513e+01
1.000000e+02, 7.017328e+01
1.000000e+02, 6.944715e+01
1.000000e+02, 6.872664e+01
1.000000e+02, 6.801165e+01
1.000000e+02, 6.730211e+01
1.000000e+02, 6.659794e+01
1.000000e+02, 6.589903e+01
1.000000e+02, 6.520533e+01
1.000000e+02, 6.451675e+01
1.000000e+02, 6.383321e+01
1.000000e+02, 6.315464e+01
1.000000e+02, 6.248098e+01
1.000000e+02, 6.181214e+01
1.000000e+02, 6.114807e+01
1.000000e+02, 6.048869e+01
1.000000e+02, 5.983394e+01
1.000000e+02, 5.918377e+01
1.000000e+02, 5.853810e+01
1.000000e+02, 5.789688e+01
1.000000e+02, 5.726005e+01
1.000000e+02, 5.662755e+01
1.000000e+02, 5.599933e+01
1.000000e+02, 5.537533e+01
1.000000e+02, 5.475550e+01
1.000000e+02, 5.413980e+01
1.000000e+02, 5.352816e+01
1.000000e+02, 5.292053e+01
1.000000e+02, 5.231688e+01
1.000000e+02, 5.171715e+01
1.000000e+02, 5.112130e+01
1.000000e+02, 5.052928e+01
1.000000e+02, 4.994105e+01
1.000000e+02, 4.935656e+01
1.000000e+02, 4.877578e+01
1.000000e+02, 4.819865e+01
1.000000e+02, 4.762515e+01
1.000000e+02, 4.705522e+01
1.000000e+02, 4.648884e+01
1.000000e+02, 4.592596e+01
1.000000e+02, 4.536655e+01
1.000000e+02, 4.481056e+01
1.000000e+02, 4.425798e+01
1.000000e+02, 4.370875e+01
1.000000e+02, 4.316284e+01
1.000000e+02, 4.262022e+01
1.000000e+02, 4.208087e+01
1.000000e+02, 4.154474e+01
1.000000e+02, 4.101180e+01
1.000000e+02, 4.048202e+01
1.000000e+02, 3.995537e+01
1.000000e+02, 3.943183e+01
1.000000e+02, 3.891136e+01
1.000000e+02, 3.839393e+01
1.000000e+02, 3.787952e+01
1.000000e+02, 3.736809e+01
1.000000e+02, 3.685962e+01
1.000000e+02, 3.635409e+01
1.000000e+02, 3.585146e+01
1.000000e+02, 3.535171e+01
1.000000e+02, 3.485481e+01
1.000000e+02, 3.436075e+01
1.000000e+02, 3.386949e+01
1.000000e+02, 3.338101e+01
1.000000e+02, 3.289528e+01
1.000000e+02, 3.241229e+01
1.000000e+02, 3.193201e+01
1.000000e+02, 3.145442e+01
1.000000e+02, 3.097949e+01
1.000000e+02, 3.050721e+01
1.000000e+02, 3.003754e+01
1.000000e+02, 2.957048e+01
1.000000e+02, 2.910600e+01
1.000000e+02, 2.864408e+01
1.000000e+02, 2.818470e+01
1.000000e+02, 2.772783e+01
1.000000e+02, 2.727347e+01
1.000000e+02, 2.682159e+01
1.000000e+02, 2.637217e+01
1.000000e+02, 2.592519e+01
1.000000e+02, 2.548064e+01
1.000000e+02, 2.503849e+01
1.000000e+02, 2.459874e+01
1.000000e+02, 2.416135e+01
1.000000e+02, 2.372632e+01
1.000000e+02, 2.329362e+01
1.000000e+02, 2.286325e+01
1.000000e+02, 2.243518e+01
1.000000e+02, 2.200940e+01
1.000000e+02, 2.158589e+01
1.000000e+02, 2.116463e+01
1.000000e+02, 2.074562e+01
1.000000e+02, 2.032883e+01
1.000000e+02, 1.991425e+01
1.000000e+02, 1.950186e+01
1.000000e+02, 1.909166e+01
1.000000e+02, 1.868362e+01
1.000000e+02, 1.827773e+01
1.000000e+02, 1.787398e+01
1.000000e+02, 1.747235e+01
1.000000e+02, 1.707284e+01
1.000000e+02, 1.667542e+01
1.000000e+02, 1.628008e+01
1.000000e+02, 1.588681e+01
1.000000e+02, 1.549560e+01
1.000000e+02, 1.510644e+01
1.000000e+02, 1.471930e+01
1.000000e+02, 1.433419e+01
1.000000e+02, 1.395108e+01
1.000000e+02, 1.356997e+01
1.000000e+02, 1.319084e+01
1.000000e+02, 1.281368e+01
1.000000e+02, 1.243848e+01
1.000000e+02, 1.206522e+01
1.000000e+02, 1.169391e+01
1.000000e+02, 1.132452e+01
1.000000e+02, 1.095704e+01
1.000000e+02, 1.059147e+01
1.000000e+02, 1.022779e+01
1.000000e+02, 9.865993e+00
1.000000e+02, 9.506067e+00
1.000000e+02, 9.148001e+00
1.000000e+02, 8.791787e+00
1.000000e+02, 8.437414e+00
1.000000e+02, 8.084871e+00
1.000000e+02, 7.734150e+00
1.000000e+02, 7.385239e+00
1.000000e+02, 7.038131e+00
1.000000e+02, 6.692814e+00
1.000000e+02, 6.349280e+00
1.000000e+02, 6.007519e+00
1.000000e+02, 5.667523e+00
1.000000e+02, 5.329282e+00
1.000000e+02, 4.992787e+00
1.000000e+02, 4.658029e+00
1.000000e+02, 4.325000e+00
1.000000e+02, 3.993691e+00
1.000000e+02, 3.664094e+00
1.000000e+02, 3.336199e+00
1.000000e+02, 3.010000e+00
1.000000e+02, 2.685487e+00
1.000000e+02, 2.362652e+00
1.000000e+02, 2.041487e+00
1.000000e+02, 1.721985e+00
1.000000e+02, 1.404138e+00
1.000000e+02, 1.087937e+00
1.000000e+02, 7.733747e-01
1.000000e+02, 4.604442e-01
1.000000e+02, 1.491377e-01
1.000000e+02, 3.598394e+02
1.000000e+02, 3.595314e+02
1.000000e+02, 3.592249e+02
1.000000e+02, 3.589200e+02
1.000000e+02, 3.586167e+02
1.000000e+02, 3.583150e+02
1.000000e+02, 3.580148e+02
1.000000e+02, 3.577163e+02
1.000000e+02, 3.574193e+02
1.000000e+02, 3.571238e+02
1.000000e+02, 3.568299e+02
1.000000e+02, 3.565375e+02
1.000000e+02, 3.562467e+02
1.000000e+02, 3.559573e+02
1.000000e+02, 3.556696e+02
1.000000e+02, 3.553833e+02
1.000000e+02, 3.550985e+02
1.000000e+02, 3.548152e+02
1.000000e+02, 3.545335e+02
1.000000e+02, 3.542532e+02
1.000000e+02, 3.539744e+02
1.000000e+02, 3.536970e+02
1.000000e+02, 3.534212e+02
1.000000e+02, 3.531468e+02
1.000000e+02, 3.528739e+02
1.000000e+02, 3.526024e+02
1.000000e+02, 3.523324e+02
1.000000e+02, 3.520638e+02
1.000000e+02, 3.517967e+02
1.000000e+02, 3.515310e+02
1.000000e+02, 3.512667e+02
1.000000e+02, 3.510039e+02
1.000000e+02, 3.507424e+02
1.000000e+02, 3.504824e+02
1.000000e+02, 3.502238e+02
1.000000e+02, 3.499666e+02
1.000000e+02, 3.497108e+02
1.000000e+02, 3.494563e+02
1.000000e+02, 3.492033e+02
1.000000e+02, 3.489516e+02
1.000000e+02, 3.487014e+02
1.000000e+02, 3.484525e+02
1.000000e+02, 3.482049e+02
1.000000e+02, 3.479587e+02
1.000000e+02, 3.477139e+02
1.000000e+02, 3.474704e+02
1.000000e+02, 3.472283e+02
1.000000e+02, 3.469876e+02
1.000000e+02, 3.467481e+02
1.000000e+02, 3.465100e+02
1.000000e+02, 3.462733e+02
1.000000e+02, 3.460378e+02
1.000000e+02, 3.458037e+02
1.000000e+02, 3.455709e+02
1.000000e+02, 3.453394e+02
1.000000e+02, 3.451092e+02
1.000000e+02, 3.448804e+02
1.000000e+02, 3.446528e+02
1.000000e+02, 3.444265e+02
1.000000e+02, 3.442015e+02
1.000000e+02, 3.439779e+02
1.000000e+02, 3.437555e+02
1.000000e+02, 3.435343e+02
1.000000e+02, 3.433145e+02
1.000000e+02, 3.430959e+02
1.000000e+02, 3.428786e+02
1.000000e+02, 3.426626e+02
1.000000e+02, 3.424478e+02
1.000000e+02, 3.422343e+02
1.000000e+02, 3.420221e+02
1.000000e+02, 3.418111e+02
1.000000e+02, 3.416013e+02
1.000000e+02, 3.413928e+02
1.000000e+02, 3.411855e+02
1.000000e+02, 3.409795e+02
1.000000e+02, 3.407747e+02
1.000000e+02, 3.405711e+02
1.000000e+02, 3.403688e+02
1.000000e+02, 3.401677e+02
1.000000e+02, 3.399678e+02
1.000000e+02, 3.397691e+02
1.000000e+02, 3.395717e+02
1.000000e+02, 3.393754e+02
1.000000e+02, 3.391804e+02
1.000000e+02, 3.389865e+02
1.000000e+02, 3.387939e+02
1.000000e+02, 3.386025e+02
1.000000e+02, 3.384122e+02
1.000000e+02, 3.382232e+02
1.000000e+02, 3.380354e+02
1.000000e+02, 3.378487e+02
1.000000e+02, 3.376632e+02
1.000000e+02, 3.374789e+02
1.000000e+02, 3.372958e+02
1.000000e+02, 3.371138e+02
1.000000e+02, 3.369331e+02
1.000000e+02, 3.367534e+02
1.000000e+02, 3.365750e+02
1.000000e+02, 3.363977e+02
1.000000e+02, 3.362216e+02
1.000000e+02, 3.360467e+02
1.000000e+02, 3.358729e+02
1.000000e+02, 3.357002e+02
1.000000e+02, 3.355287e+02
1.000000e+02, 3.353584e+02
1.000000e+02, 3.351892e+02
1.000000e+02, 3.350211e+02
1.000000e+02, 3.348542e+02
1.000000e+02, 3.346884e+02
1.000000e+02, 3.345238e+02
1.000000e+02, 3.343603e+02
1.000000e+02, 3.341979e+02
1.000000e+02, 3.340366e+02
1.000000e+02, 3.338765e+02
1.000000e+02, 3.337175e+02
1.000000e+02, 3.335596e+02
1.000000e+02, 3.334029e+02
1.000000e+02, 3.332472e+02
1.000000e+02, 3.330927e+02
1.000000e+02, 3.329393e+02
1.000000e+02, 3.327870e+02
1.000000e+02, 3.326358e+02
1.000000e+02, 3.324857e+02
1.000000e+02, 3.323367e+02
1.000000e+02, 3.321888e+02
1.000000e+02, 3.320420e+02
1.000000e+02, 3.318963e+02
1.000000e+02, 3.317517e+02
1.000000e+02, 3.316082e+02
1.000000e+02, 3.314658e+02
1.000000e+02, 3.313245e+02
1.000000e+02, 3.311843e+02
1.000000e+02, 3.310451e+02
1.000000e+02, 3.309071e+02
1.000000e+02, 3.307701e+02
1.000000e+02, 3.306342e+02
1.000000e+02, 3.304993e+02
1.000000e+02, 3.303656e+02
1.000000e+02, 3.302329e+02
1.000000e+02, 3.301013e+02
1.000000e+02, 3.299708e+02
1.000000e+02, 3.298413e+02
1.000000e+02, 3.297129e+02
1.000000e+02, 3.295856e+02
1.000000e+02, 3.294593e+02
1.000000e+02, 3.293341e+02
1.000000e+02, 3.292099e+02
1.000000e+02, 3.290868e+02
1.000000e+02, 3.289648e+02
1.000000e+02, 3.288438e+02
1.000000e+02, 3.287239e+02
1.000000e+02, 3.286050e+02
1.000000e+02, 3.284872e+02
1.000000e+02, 3.283704e+02
1.000000e+02, 3.282546e+02
1.000000e+02, 3.281400e+02
1.000000e+02, 3.280263e+02
1.000000e+02, 3.279137e+02
1.000000e+02, 3.278021e+02
1.000000e+02, 3.276916e+02
1.000000e+02, 3.275821e+02
1.000000e+02, 3.274737e+02
1.000000e+02, 3.273663e+02
1.000000e+02, 3.272599e+02
1.000000e+02, 3.271545e+02
1.000000e+02, 3.270502e+02
1.000000e+02, 3.269469e+02
1.000000e+02, 3.268447e+02
1.000000e+02, 3.267435e+02
1.000000e+02, 3.266432e+02
1.000000e+02, 3.265441e+02
1.000000e+02, 3.264459e+02
1.000000e+02, 3.263488e+02
1.000000e+02, 3.262526e+02
1.000000e+02, 3.261575e+02
1.000000e+02, 3.260635e+02
1.000000e+02, 3.259704e+02
1.000000e+02, 3.258783e+02
1.000000e+02, 3.257873e+02
1.000000e+02, 3.256973e+02
1.000000e+02, 3.256083e+02
1.000000e+02, 3.255203e+02
1.000000e+02, 3.254333e+02
1.000000e+02, 3.253473e+02
1.000000e+02, 3.252623e+02
1.000000e+02, 3.251784e+02
1.000000e+02, 3.250954e+02
1.000000e+02, 3.250134e+02
1.000000e+02, 3.249325e+02
1.000000e+02, 3.248525e+02
1.000000e+02, 3.247736e+02
1.000000e+02, 3.246956e+02
1.000000e+02, 3.246187e+02
1.000000e+02, 3.245427e+02
1.000000e+02, 3.244678e+02
1.000000e+02, 3.243938e+02
1.000000e+02, 3.243208e+02
1.000000e+02, 3.242489e+02
1.000000e+02, 3.241779e+02
1.000000e+02, 3.241079e+02
1.000000e+02, 3.240389e+02
1.000000e+02, 3.239709e+02
1.000000e+02, 3.239039e+02
1.000000e+02, 3.238379e+02
1.000000e+02, 3.237729e+02
1.000000e+02, 3.237088e+02
1.000000e+02, 3.236458e+02
1.000000e+02, 3.235837e+02
1.000000e+02, 3.235226e+02
1.000000e+02, 3.234625e+02
1.000000e+02, 3.234034e+02
1.000000e+02, 3.233453e+02
1.000000e+02, 3.232881e+02
1.000000e+02, 3.232319e+02
1.000000e+02, 3.231767e+02
1.000000e+02, 3.231225e+02
1.000000e+02, 3.230693e+02
1.000000e+02, 3.230171e+02
1.000000e+02, 3.229658e+02
1.000000e+02, 3.229155e+02
1.000000e+02, 3.228662e+02
1.000000e+02, 3.228179e+02
1.000000e+02, 3.227705e+02
1.000000e+02, 3.227241e+02
1.000000e+02, 3.226787e+02
1.000000e+02, 3.226343e+02
1.000000e+02, 3.225908e+02
1.000000e+02, 3.225483e+02
1.000000e+02, 3.225068e+02
1.000000e+02, 3.224663e+02
1.000000e+02, 3.224267e+02
1.000000e+02, 3.223881e+02
1.000000e+02, 3.223505e+02
1.000000e+02, 3.223138e+02
1.000000e+02, 3.222781e+02
1.000000e+02, 3.222434e+02
1.000000e+02, 3.222096e+02
1.000000e+02, 3.221769e+02
1.000000e+02, 3.221450e+02
1.000000e+02, 3.221142e+02
1.000000e+02, 3.220843e+02
1.000000e+02, 3.220554e+02
1.000000e+02, 3.220275e+02
1.000000e+02, 3.220005e+02
1.000000e+02, 3.219745e+02
1.000000e+02, 3.219494e+02
1.000000e+02, 3.219254e+02
1.000000e+02, 3.219022e+02
1.000000e+02, 3.218801e+02
1.000000e+02, 3.218589e+02
1.000000e+02, 3.218387e+02
1.000000e+02, 3.218194e+02
1.000000e+02, 3.218012e+02
1.000000e+02, 3.217838e+02
1.000000e+02, 3.217675e+02
1.000000e+02, 3.217521e+02
1.000000e+02, 3.217376e+02
1.000000e+02, 3.217242e+02
1.000000e+02, 3.217116e+02
1.000000e+02, 3.217001e+02
1.000000e+02, 3.216895e+02
1.000000e+02, 3.216799e+02
1.000000e+02, 3.216712e+02
1.000000e+02, 3.216635e+02
1.000000e+02, 3.216568e+02
1.000000e+02, 3.216510e+02
1.000000e+02, 3.216462e+02
1.000000e+02, 3.216424e+02
1.000000e+02, 3.216395e+02
1.000000e+02, 3.216376e+02
1.000000e+02, 3.216366e+02
1.000000e+02, 3.216366e+02
1.000000e+02, 3.216376e+02
1.000000e+02, 3.216395e+02
1.000000e+02, 3.216424e+02
1.000000e+02, 3.216462e+02
1.000000e+02, 3.216510e+02
1.000000e+02, 3.216568e+02
1.000000e+02, 3.216635e+02
1.000000e+02, 3.216712e+02
1.000000e+02, 3.216799e+02
1.000000e+02, 3.216895e+02
1.000000e+02, 3.217001e+02
1.000000e+02, 3.217116e+02
1.000000e+02, 3.217242e+02
1.000000e+02, 3.217376e+02
1.000000e+02, 3.217521e+02
1.000000e+02, 3.217675e+02
1.000000e+02, 3.217838e+02
1.000000e+02, 3.218012e+02
1.000000e+02, 3.218194e+02
1.000000e+02, 3.218387e+02
1.000000e+02, 3.218589e+02
1.000000e+02, 3.218801e+02
1.000000e+02, 3.219022e+02
1.000000e+02, 3.219254e+02
1.000000e+02, 3.219494e+02
1.000000e+02, 3.219745e+02
1.000000e+02, 3.220005e+02
1.000000e+02, 3.220275e+02
1.000000e+02, 3.220554e+02
1.000000e+02, 3.220843e+02
1.000000e+02, 3.221142e+02
1.000000e+02, 3.221450e+02
1.000000e+02, 3.221769e+02
1.000000e+02, 3.222096e+02
1.000000e+02, 3.222434e+02
1.000000e+02, 3.222781e+02
1.000000e+02, 3.223138e+02
1.000000e+02, 3.223505e+02
1.000000e+02, 3.223881e+02
1.000000e+02, 3.224267e+02
1.000000e+02, 3.224663e+02
1.000000e+02, 3.225068e+02
1.000000e+02, 3.225483e+02
1.000000e+02, 3.225908e+02
1.000000e+02, 3.226343e+02
1.000000e+02, 3.226787e+02
1.000000e+02, 3.227241e+02
1.000000e+02, 3.227705e+02
1.000000e+02, 3.228179e+02
1.000000e+02, 3.228662e+02
1.000000e+02, 3.229155e+02
1.000000e+02, 3.229658e+02
1.000000e+02, 3.230171e+02
1.000000e+02, 3.230693e+02
1.000000e+02, 3.231225e+02
1.000000e+02, 3.231767e+02
1.000000e+02, 3.232319e+02
1.000000e+02, 3.232881e+02
1.000000e+02, 3.233453e+02
1.000000e+02, 3.234034e+02
1.000000e+02, 3.234625e+02
1.000000e+02, 3.235226e+02
1.000000e+02, 3.235837e+02
1.000000e+02, 3.236458e+02
1.000000e+02, 3.237088e+02
1.000000e+02, 3.237729e+02
1.000000e+02, 3.238379e+02
1.000000e+02, 3.239039e+02
1.000000e+02, 3.239709e+02
1.000000e+02, 3.240389e+02
1.000000e+02, 3.241079e+02
1.000000e+02, 3.241779e+02
1.000000e+02, 3.242489e+02
1.000000e+02, 3.243208e+02
1.000000e+02, 3.243938e+02
1.000000e+02, 3.244678e+02
1.000000e+02, 3.245427e+02
1.000000e+02, 3.246187e+02
1.000000e+02, 3.246956e+02
1.000000e+02, 3.247736e+02
1.000000e+02, 3.248525e+02
1.000000e+02, 3.249325e+02
1.000000e+02, 3.250134e+02
1.000000e+02, 3.250954e+02
1.000000e+02, 3.251784e+02
1.000000e+02, 3.252623e+02
1.000000e+02, 3.253473e+02
1.000000e+02, 3.254333e+02
1.000000e+02, 3.255203e+02
1.000000e+02, 3.256083e+02
1.000000e+02, 3.256973e+02
1.000000e+02, 3.257873e+02
1.000000e+02, 3.258783e+02
1.000000e+02, 3.259704e+02
1.000000e+02, 3.260635e+02
1.000000e+02, 3.261575e+02
1.000000e+02, 3.262526e+02
1.000000e+02, 3.263488e+02
1.000000e+02, 3.264459e+02
1.000000e+02, 3.265441e+02
1.000000e+02, 3.266432e+02
1.000000e+02, 3.267435e+02
1.000000e+02, 3.268447e+02
1.000000e+02, 3.269469e+02
1.000000e+02, 3.270502e+02
1.000000e+02, 3.271546e+02
1.000000e+02, 3.272599e+02
1.000000e+02, 3.273663e+02
1.000000e+02, 3.274737e+02
1.000000e+02, 3.275821e+02
1.000000e+02, 3.276916e+02
1.000000e+02, 3.278021e+02
1.000000e+02, 3.279137e+02
1.000000e+02, 3.280263e+02
1.000000e+02, 3.281400e+02
1.000000e+02, 3.282546e+02
1.000000e+02, 3.283704e+02
1.000000e+02, 3.284872e+02
1.000000e+02, 3.286050e+02
1.000000e+02, 3.287239e+02
1.000000e+02, 3.288438e+02
1.000000e+02, 3.289648e+02
1.000000e+02, 3.290868e+02
1.000000e+02, 3.292099e+02
1.000000e+02, 3.293341e+02
1.000000e+02, 3.294593e+02
1.000000e+02, 3.295856e+02
1.000000e+02, 3.297129e+02
1.000000e+02, 3.298413e+02
1.000000e+02, 3.299708e+02
1.000000e+02, 3.301013e+02
1.000000e+02, 3.302329e+02
1.000000e+02, 3.303656e+02
1.000000e+02, 3.304993e+02
1.000000e+02, 3.306342e+02
1.000000e+02, 3.307701e+02
1.000000e+02, 3.309071e+02
1.000000e+02, 3.310451e+02
1.000000e+02, 3.311843e+02
1.000000e+02, 3.313245e+02
1.000000e+02, 3.314658e+02
1.000000e+02, 3.316082e+02
1.000000e+02, 3.317517e+02
1.000000e+02, 3.318963e+02
1.000000e+02, 3.320420e+02
1.000000e+02, 3.321888e+02
1.000000e+02, 3.323367e+02
1.000000e+02, 3.324857e+02
1.000000e+02, 3.326358e+02
1.000000e+02, 3.327870e+02
1.000000e+02, 3.329393e+02
1.000000e+02, 3.330927e+02
1.000000e+02, 3.332472e+02
1.000000e+02, 3.334029e+02
1.000000e+02, 3.335596e+02
1.000000e+02, 3.337175e+02
1.000000e+02, 3.338765e+02
1.000000e+02, 3.340366e+02
1.000000e+02, 3.341979e+02
1.000000e+02, 3.343603e+02
1.000000e+02, 3.345238e+02
1.000000e+02, 3.346884e+02
1.000000e+02, 3.348542e+02
1.000000e+02, 3.350211e+02
1.000000e+02, 3.351892e+02
1.000000e+02, 3.353584e+02
1.000000e+02, 3.355287e+02
1.000000e+02, 3.357002e+02
1.000000e+02, 3.358729e+02
1.000000e+02, 3.360467e+02
1.000000e+02, 3.362216e+02
1.000000e+02, 3.363977e+02
1.000000e+02, 3.365750e+02
1.000000e+02, 3.367534e+02
1.000000e+02, 3.369331e+02
1.000000e+02, 3.371138e+02
1.000000e+02, 3.372958e+02
1.000000e+02, 3.374789e+02
1.000000e+02, 3.376632e+02
1.000000e+02, 3.378487e+02
1.000000e+02, 3.380354e+02
1.000000e+02, 3.382232e+02
1.000000e+02, 3.384123e+02
1.000000e+02, 3.386025e+02
1.000000e+02, 3.387939e+02
1.000000e+02, 3.389866e+02
1.000000e+02, 3.391804e+02
1.000000e+02, 3.393754e+02
1.000000e+02, 3.395717e+02
1.000000e+02, 3.397691e+02
1.000000e+02, 3.399678e+02
1.000000e+02, 3.401677e+02
1.000000e+02, 3.403688e+02
1.000000e+02, 3.405711e+02
1.000000e+02, 3.407747e+02
1.000000e+02, 3.409795e+02
1.000000e+02, 3.411855e+02
1.000000e+02, 3.413928e+02
1.000000e+02, 3.416013e+02
1.000000e+02, 3.418111e+02
1.000000e+02, 3.420221e+02
1.000000e+02, 3.422343e+02
1.000000e+02, 3.424478e+02
1.000000e+02, 3.426626e+02
1.000000e+02, 3.428786e+02
1.000000e+02, 3.430959e+02
1.000000e+02, 3.433145e+02
1.000000e+02, 3.435343e+02
1.000000e+02, 3.437555e+02
1.000000e+02, 3.439779e+02
1.000000e+02, 3.442015e+02
1.000000e+02, 3.444265e+02
1.000000e+02, 3.446528e+02
1.000000e+02, 3.448804e+02
1.000000e+02, 3.451092e+02
1.000000e+02, 3.453394e+02
1.000000e+02, 3.455709e+02
1.000000e+02, 3.458037e+02
1.000000e+02, 3.460378e+02
1.000000e+02, 3.462733e+02
1.000000e+02, 3.465100e+02
1.000000e+02, 3.467481e+02
1.000000e+02, 3.469876e+02
1.000000e+02, 3.472283e+02
1.000000e+02, 3.474704e+02
1.000000e+02, 3.477139e+02
1.000000e+02, 3.479587e+02
1.000000e+02, 3.482049e+02
1.000000e+02, 3.484525e+02
1.000000e+02, 3.487014e+02
1.000000e+02, 3.489516e+02
1.000000e+02, 3.492033e+02
1.000000e+02, 3.494563e+02
1.000000e+02, 3.497108e+02
1.000000e+02, 3.499666e+02
1.000000e+02, 3.502238e+02
1.000000e+02, 3.504824e+02
1.000000e+02, 3.507424e+02
1.000000e+02, 3.510039e+02
1.000000e+02, 3.512667e+02
1.000000e+02, 3.515310e+02
1.000000e+02, 3.517967e+02
1.000000e+02, 3.520638e+02
1.000000e+02, 3.523324e+02
1.000000e+02, 3.526024e+02
1.000000e+02, 3.528739e+02
1.000000e+02, 3.531468e+02
1.000000e+02, 3.534212e+02
1.000000e+02, 3.536971e+02
1.000000e+02, 3.539744e+02
1.000000e+02, 3.542532e+02
1.000000e+02, 3.545335e+02
1.000000e+02, 3.548152e+02
1.000000e+02, 3.550985e+02
1.000000e+02, 3.553833e+02
1.000000e+02, 3.556696e+02
1.000000e+02, 3.559573e+02
1.000000e+02, 3.562467e+02
1.000000e+02, 3.565375e+02
1.000000e+02, 3.568299e+02
1.000000e+02, 3.571238e+02
1.000000e+02, 3.574193e+02
1.000000e+02, 3.577163e+02
1.000000e+02, 3.580148e+02
1.000000e+02, 3.583150e+02
1.000000e+02, 3.586167e+02
1.000000e+02, 3.589200e+02
1.000000e+02, 3.592249e+02
1.000000e+02, 3.595314e+02
1.000000e+02, 3.598394e+02
1.000000e+02, 1.491390e-01
1.000000e+02, 4.604456e-01
1.000000e+02, 7.733761e-01
1.000000e+02, 1.087938e+00
1.000000e+02, 1.404139e+00
1.000000e+02, 1.721987e+00
1.000000e+02, 2.041489e+00
1.000000e+02, 2.362653e+00
1.000000e+02, 2.685488e+00
1.000000e+02, 3.010001e+00
1.000000e+02, 3.336201e+00
1.000000e+02, 3.664095e+00
1.000000e+02, 3.993693e+00
1.000000e+02, 4.325001e+00
1.000000e+02, 4.658030e+00
1.000000e+02, 4.992788e+00
1.000000e+02, 5.329283e+00
1.000000e+02, 5.667524e+00
1.000000e+02, 6.007521e+00
1.000000e+02, 6.349281e+00
1.000000e+02, 6.692815e+00
1.000000e+02, 7.038132e+00
1.000000e+02, 7.385241e+00
1.000000e+02, 7.734151e+00
1.000000e+02, 8.084873e+00
1.000000e+02, 8.437415e+00
1.000000e+02, 8.791789e+00
1.000000e+02, 9.148003e+00
1.000000e+02, 9.506068e+00
1.000000e+02, 9.865994e+00
1.000000e+02, 1.022779e+01
1.000000e+02, 1.059147e+01
1.000000e+02, 1.095704e+01
1.000000e+02, 1.132452e+01
1.000000e+02, 1.169391e+01
1.000000e+02, 1.206523e+01
1.000000e+02, 1.243848e+01
1.000000e+02, 1.281368e+01
1.000000e+02, 1.319084e+01
1.000000e+02, 1.356997e+01
1.000000e+02, 1.395108e+01
1.000000e+02, 1.433419e+01
1.000000e+02, 1.471930e+01
1.000000e+02, 1.510644e+01
1.000000e+02, 1.549560e+01
1.000000e+02, 1.588681e+01
1.000000e+02, 1.628008e+01
1.000000e+02, 1.667542e+01
1.000000e+02, 1.707284e+01
1.000000e+02, 1.747236e+01
1.000000e+02, 1.787398e+01
1.000000e+02, 1.827773e+01
1.000000e+02, 1.868362e+01
1.000000e+02, 1.909166e+01
1.000000e+02, 1.950186e+01
1.000000e+02, 1.991425e+01
1.000000e+02, 2.032883e+01
1.000000e+02, 2.074562e+01
1.000000e+02, 2.116463e+01
1.000000e+02, 2.158589e+01
1.000000e+02, 2.200940e+01
1.000000e+02, 2.243518e+01
1.000000e+02, 2.286325e+01
1.000000e+02, 2.329363e+01
1.000000e+02, 2.372632e+01
1.000000e+02, 2.416135e+01
1.000000e+02, 2.459874e+01
1.000000e+02, 2.503849e+01
1.000000e+02, 2.548064e+01
1.000000e+02, 2.592519e+01
1.000000e+02, 2.637217e+01
1.000000e+02, 2.682159e+01
1.000000e+02, 2.727347e+01
1.000000e+02, 2.772784e+01
1.000000e+02, 2.818470e+01
1.000000e+02, 2.864408e+01
1.000000e+02, 2.910600e+01
1.000000e+02, 2.957049e+01
1.000000e+02, 3.003755e+01
1.000000e+02, 3.050721e+01
1.000000e+02, 3.097949e+01
1.000000e+02, 3.145442e+01
1.000000e+02, 3.193201e+01
1.000000e+02, 3.241229e+01
1.000000e+02, 3.289528e+01
1.000000e+02, 3.338101e+01
1.000000e+02, 3.386949e+01
1.000000e+02, 3.436075e+01
1.000000e+02, 3.485482e+01
1.000000e+02, 3.535171e+01
1.000000e+02, 3.585146e+01
1.000000e+02, 3.635409e+01
1.000000e+02, 3.685962e+01
1.000000e+02, 3.736809e+01
1.000000e+02, 3.787952e+01
1.000000e+02, 3.839393e+01
1.000000e+02, 3.891136e+01
1.000000e+02, 3.943183e+01
1.000000e+02, 3.995538e+01
1.000000e+02, 4.048202e+01
1.000000e+02, 4.101180e+01
1.000000e+02, 4.154474e+01
1.000000e+02, 4.208087e+01
1.000000e+02, 4.262023e+01
1.000000e+02, 4.316284e+01
1.000000e+02, 4.370875e+01
1.000000e+02, 4.425798e+01
1.000000e+02, 4.481057e+01
1.000000e+02, 4.536655e+01
1.000000e+02, 4.592596e+01
1.000000e+02, 4.648884e+01
1.000000e+02, 4.705522e+01
1.000000e+02, 4.762515e+01
1.000000e+02, 4.819865e+01
1.000000e+02, 4.877578e+01
1.000000e+02, 4.935656e+01
1.000000e+02, 4.994105e+01
1.000000e+02, 5.052928e+01
1.000000e+02, 5.112130e+01
1.000000e+02, 5.171716e+01
1.000000e+02, 5.231688e+01
1.000000e+02, 5.292054e+01
1.000000e+02, 5.352816e+01
1.000000e+02, 5.413980e+01
1.000000e+02, 5.475551e+01
1.000000e+02, 5.537533e+01
1.000000e+02, 5.599933e+01
1.000000e+02, 5.662755e+01
1.000000e+02, 5.726005e+01
1.000000e+02, 5.789688e+01
1.000000e+02, 5.853810e+01
1.000000e+02, 5.918377e+01
1.000000e+02, 5.983394e+01
1.000000e+02, 6.048869e+01
1.000000e+02, 6.114807e+01
1.000000e+02, 6.181214e+01
1.000000e+02, 6.248098e+01
1.000000e+02, 6.315465e+01
1.000000e+02, 6.383321e+01
1.000000e+02, 6.451675e+01
1.000000e+02, 6.520533e+01
1.000000e+02, 6.589904e+01
1.000000e+02, 6.659794e+01
1.000000e+02, 6.730212e+01
1.000000e+02, 6.801166e+01
1.000000e+02, 6.872664e+01
1.000000e+02, 6.944715e+01
1.000000e+02, 7.017328e+01
1.000000e+02, 7.090513e+01
1.000000e+02, 7.164278e+01
1.000000e+02, 7.238633e+01
1.000000e+02, 7.313589e+01
1.000000e+02, 7.389156e+01
1.000000e+02, 7.465345e+01
1.000000e+02, 7.542166e+01
1.000000e+02, 7.619631e+01
1.000000e+02, 7.697752e+01
1.000000e+02, 7.776540e+01
1.000000e+02, 7.856010e+01
1.000000e+02, 7.936173e+01
1.000000e+02, 8.017043e+01
1.000000e+02, 8.098634e+01
1.000000e+02, 8.180960e+01
1.000000e+02, 8.264037e+01
1.000000e+02, 8.347879e+01
1.000000e+02, 8.432504e+01
1.000000e+02, 8.517927e+01
1.000000e+02, 8.604166e+01
1.000000e+02, 8.691239e+01
1.000000e+02, 8.779166e+01
1.000000e+02, 8.867964e+01
1.000000e+02, 8.957655e+01
1.000000e+02, 9.048260e+01
1.000000e+02, 9.139800e+01
1.000000e+02, 9.232300e+01
1.000000e+02, 9.325782e+01
1.000000e+02, 9.420272e+01
1.000000e+02, 9.515796e+01
1.000000e+02, 9.612382e+01
1.000000e+02, 9.710058e+01
1.000000e+02, 9.808855e+01
1.000000e+02, 9.908804e+01
1.000000e+02, 1.000994e+02
1.000000e+02, 1.011229e+02
1.000000e+02, 1.021591e+02
1.000000e+02, 1.032081e+02
1.000000e+02, 1.042706e+02
1.000000e+02, 1.053468e+02
1.000000e+02, 1.064373e+02
1.000000e+02, 1.075426e+02
1.000000e+02, 1.086631e+02
1.000000e+02, 1.097994e+02
1.000000e+02, 1.109521e+02
1.000000e+02, 1.121217e+02
1.000000e+02, 1.133090e+02
1.000000e+02, 1.145147e+02
1.000000e+02, 1.157395e+02
1.000000e+02, 1.169842e+02
1.000000e+02, 1.182496e+02
1.000000e+02, 1.195368e+02
1.000000e+02, 1.208467e+02
1.000000e+02, 1.221804e+02
1.000000e+02, 1.235391e+02
1.000000e+02, 1.249240e+02
1.000000e+02, 1.263367e+02
1.000000e+02, 1.277786e+02
1.000000e+02, 1.292514e+02
1.000000e+02, 1.307570e+02
1.000000e+02, 1.322974e+02
1.000000e+02, 1.338750e+02
1.000000e+02, 1.354923e+02
1.000000e+02, 1.371522e+02
1.000000e+02, 1.388579e+02
1.000000e+02, 1.406132e+02
1.000000e+02, 1.424223e+02
1.000000e+02, 1.442901e+02
1.000000e+02, 1.462222e+02
1.000000e+02, 1.482255e+02
1.000000e+02, 1.503077e+02
1.000000e+02, 1.524786e+02
1.000000e+02, 1.547499e+02
1.000000e+02, 1.571362e+02
1.000000e+02, 1.596561e+02
1.000000e+02, 1.623339e+02
1.000000e+02, 1.652025e+02
1.000000e+02, 1.683082e+02
1.000000e+02, 1.717199e+02
1.000000e+02, 1.755491e+02
1.000000e+02, 1.800000e+02
##END= 