##TITLE= /opt/topspin3.0/exp/stan/nmr/lists/wave/user/HypSec_trunc2.84_110
##JCAMP-DX= 5.00 Bruker JCAMP library
##DATA TYPE= Shape Data
##ORIGIN= Bruker BioSpin GmbH
##OWNER= <nmrsu>
##DATE= 15/02/24
##TIME= 16:15:04
##MINX= 1.164538e+01
##MAXX= 9.999960e+01
##MINY= 2.546774e-02
##MAXY= 3.585574e+02
##$SHAPE_EXMODE= Adiabatic
##$SHAPE_TOTROT= 1.800000e+02
##$SHAPE_BWFAC= 1.929340e+02
##$SHAPE_INTEGFAC= 2.356110e-02
##$SHAPE_MODE= 0
##NPOINTS= 500
##XYPOINTS= (XY..XY)
1.000000e+02, 1.800000e+02
1.000000e+02, 1.770460e+02
1.000000e+02, 1.747437e+02
1.000000e+02, 1.727904e+02
1.000000e+02, 1.710648e+02
1.000000e+02, 1.695035e+02
1.000000e+02, 1.680682e+02
1.000000e+02, 1.667336e+02
1.000000e+02, 1.654819e+02
1.000000e+02, 1.643002e+02
1.000000e+02, 1.631785e+02
1.000000e+02, 1.621092e+02
1.000000e+02, 1.610860e+02
1.000000e+02, 1.601040e+02
1.000000e+02, 1.591590e+02
1.000000e+02, 1.582475e+02
1.000000e+02, 1.573665e+02
1.000000e+02, 1.565134e+02
1.000000e+02, 1.556862e+02
1.000000e+02, 1.548829e+02
1.000000e+02, 1.541018e+02
1.000000e+02, 1.533413e+02
1.000000e+02, 1.526003e+02
1.000000e+02, 1.518775e+02
1.000000e+02, 1.511718e+02
1.000000e+02, 1.504824e+02
1.000000e+02, 1.498082e+02
1.000000e+02, 1.491486e+02
1.000000e+02, 1.485027e+02
1.000000e+02, 1.478700e+02
1.000000e+02, 1.472499e+02
1.000000e+02, 1.466417e+02
1.000000e+02, 1.460450e+02
1.000000e+02, 1.454593e+02
1.000000e+02, 1.448841e+02
1.000000e+02, 1.443190e+02
1.000000e+02, 1.437637e+02
1.000000e+02, 1.432178e+02
1.000000e+02, 1.426809e+02
1.000000e+02, 1.421527e+02
1.000000e+02, 1.416330e+02
1.000000e+02, 1.411214e+02
1.000000e+02, 1.406177e+02
1.000000e+02, 1.401216e+02
1.000000e+02, 1.396330e+02
1.000000e+02, 1.391516e+02
1.000000e+02, 1.386771e+02
1.000000e+02, 1.382094e+02
1.000000e+02, 1.377483e+02
1.000000e+02, 1.372937e+02
1.000000e+02, 1.368452e+02
1.000000e+02, 1.364029e+02
1.000000e+02, 1.359665e+02
1.000000e+02, 1.355358e+02
1.000000e+02, 1.351109e+02
1.000000e+02, 1.346914e+02
1.000000e+02, 1.342773e+02
1.000000e+02, 1.338685e+02
1.000000e+02, 1.334648e+02
1.000000e+02, 1.330661e+02
1.000000e+02, 1.326723e+02
1.000000e+02, 1.322834e+02
1.000000e+02, 1.318992e+02
1.000000e+02, 1.315196e+02
1.000000e+02, 1.311445e+02
1.000000e+02, 1.307739e+02
1.000000e+02, 1.304076e+02
1.000000e+02, 1.300456e+02
1.000000e+02, 1.296878e+02
1.000000e+02, 1.293341e+02
1.000000e+02, 1.289845e+02
1.000000e+02, 1.286388e+02
1.000000e+02, 1.282970e+02
1.000000e+02, 1.279591e+02
1.000000e+02, 1.276249e+02
1.000000e+02, 1.272945e+02
1.000000e+02, 1.269677e+02
1.000000e+02, 1.266445e+02
1.000000e+02, 1.263248e+02
1.000000e+02, 1.260087e+02
1.000000e+02, 1.256959e+02
1.000000e+02, 1.253866e+02
1.000000e+02, 1.250805e+02
1.000000e+02, 1.247778e+02
1.000000e+02, 1.244782e+02
1.000000e+02, 1.241819e+02
1.000000e+02, 1.238887e+02
1.000000e+02, 1.235987e+02
1.000000e+02, 1.233116e+02
1.000000e+02, 1.230276e+02
1.000000e+02, 1.227466e+02
1.000000e+02, 1.224685e+02
1.000000e+02, 1.221934e+02
1.000000e+02, 1.219211e+02
1.000000e+02, 1.216516e+02
1.000000e+02, 1.213850e+02
1.000000e+02, 1.211211e+02
1.000000e+02, 1.208599e+02
1.000000e+02, 1.206015e+02
1.000000e+02, 1.203457e+02
1.000000e+02, 1.200926e+02
1.000000e+02, 1.198420e+02
1.000000e+02, 1.195941e+02
1.000000e+02, 1.193487e+02
1.000000e+02, 1.191059e+02
1.000000e+02, 1.188655e+02
1.000000e+02, 1.186277e+02
1.000000e+02, 1.183922e+02
1.000000e+02, 1.181592e+02
1.000000e+02, 1.179287e+02
1.000000e+02, 1.177005e+02
1.000000e+02, 1.174746e+02
1.000000e+02, 1.172511e+02
1.000000e+02, 1.170299e+02
1.000000e+02, 1.168110e+02
1.000000e+02, 1.165943e+02
1.000000e+02, 1.163800e+02
1.000000e+02, 1.161678e+02
1.000000e+02, 1.159578e+02
1.000000e+02, 1.157501e+02
1.000000e+02, 1.155445e+02
1.000000e+02, 1.153411e+02
1.000000e+02, 1.151398e+02
1.000000e+02, 1.149406e+02
1.000000e+02, 1.147435e+02
1.000000e+02, 1.145485e+02
1.000000e+02, 1.143556e+02
1.000000e+02, 1.141647e+02
1.000000e+02, 1.139759e+02
1.000000e+02, 1.137890e+02
1.000000e+02, 1.136042e+02
1.000000e+02, 1.134214e+02
1.000000e+02, 1.132406e+02
1.000000e+02, 1.130617e+02
1.000000e+02, 1.128847e+02
1.000000e+02, 1.127097e+02
1.000000e+02, 1.125366e+02
1.000000e+02, 1.123655e+02
1.000000e+02, 1.121962e+02
1.000000e+02, 1.120288e+02
1.000000e+02, 1.118632e+02
1.000000e+02, 1.116996e+02
1.000000e+02, 1.115377e+02
1.000000e+02, 1.113777e+02
1.000000e+02, 1.112196e+02
1.000000e+02, 1.110632e+02
1.000000e+02, 1.109086e+02
1.000000e+02, 1.107559e+02
1.000000e+02, 1.106049e+02
1.000000e+02, 1.104557e+02
1.000000e+02, 1.103082e+02
1.000000e+02, 1.101625e+02
1.000000e+02, 1.100185e+02
1.000000e+02, 1.098763e+02
1.000000e+02, 1.097357e+02
1.000000e+02, 1.095969e+02
1.000000e+02, 1.094598e+02
1.000000e+02, 1.093244e+02
1.000000e+02, 1.091906e+02
1.000000e+02, 1.090586e+02
1.000000e+02, 1.089282e+02
1.000000e+02, 1.087994e+02
1.000000e+02, 1.086724e+02
1.000000e+02, 1.085469e+02
1.000000e+02, 1.084231e+02
1.000000e+02, 1.083009e+02
1.000000e+02, 1.081804e+02
1.000000e+02, 1.080614e+02
1.000000e+02, 1.079441e+02
1.000000e+02, 1.078283e+02
1.000000e+02, 1.077142e+02
1.000000e+02, 1.076016e+02
1.000000e+02, 1.074906e+02
1.000000e+02, 1.073812e+02
1.000000e+02, 1.072734e+02
1.000000e+02, 1.071671e+02
1.000000e+02, 1.070624e+02
1.000000e+02, 1.069592e+02
1.000000e+02, 1.068575e+02
1.000000e+02, 1.067574e+02
1.000000e+02, 1.066588e+02
1.000000e+02, 1.065618e+02
1.000000e+02, 1.064662e+02
1.000000e+02, 1.063722e+02
1.000000e+02, 1.062797e+02
1.000000e+02, 1.061887e+02
1.000000e+02, 1.060992e+02
1.000000e+02, 1.060112e+02
1.000000e+02, 1.059246e+02
1.000000e+02, 1.058396e+02
1.000000e+02, 1.057560e+02
1.000000e+02, 1.056739e+02
1.000000e+02, 1.055933e+02
1.000000e+02, 1.055142e+02
1.000000e+02, 1.054365e+02
1.000000e+02, 1.053602e+02
1.000000e+02, 1.052855e+02
1.000000e+02, 1.052121e+02
1.000000e+02, 1.051402e+02
1.000000e+02, 1.050698e+02
1.000000e+02, 1.050008e+02
1.000000e+02, 1.049332e+02
1.000000e+02, 1.048671e+02
1.000000e+02, 1.048024e+02
1.000000e+02, 1.047391e+02
1.000000e+02, 1.046773e+02
1.000000e+02, 1.046168e+02
1.000000e+02, 1.045578e+02
1.000000e+02, 1.045002e+02
1.000000e+02, 1.044440e+02
1.000000e+02, 1.043892e+02
1.000000e+02, 1.043358e+02
1.000000e+02, 1.042838e+02
1.000000e+02, 1.042332e+02
1.000000e+02, 1.041840e+02
1.000000e+02, 1.041362e+02
1.000000e+02, 1.040898e+02
1.000000e+02, 1.040448e+02
1.000000e+02, 1.040012e+02
1.000000e+02, 1.039589e+02
1.000000e+02, 1.039181e+02
1.000000e+02, 1.038786e+02
1.000000e+02, 1.038405e+02
1.000000e+02, 1.038038e+02
1.000000e+02, 1.037684e+02
1.000000e+02, 1.037344e+02
1.000000e+02, 1.037018e+02
1.000000e+02, 1.036706e+02
1.000000e+02, 1.036407e+02
1.000000e+02, 1.036122e+02
1.000000e+02, 1.035851e+02
1.000000e+02, 1.035593e+02
1.000000e+02, 1.035349e+02
1.000000e+02, 1.035119e+02
1.000000e+02, 1.034902e+02
1.000000e+02, 1.034699e+02
1.000000e+02, 1.034509e+02
1.000000e+02, 1.034333e+02
1.000000e+02, 1.034171e+02
1.000000e+02, 1.034022e+02
1.000000e+02, 1.033887e+02
1.000000e+02, 1.033765e+02
1.000000e+02, 1.033657e+02
1.000000e+02, 1.033562e+02
1.000000e+02, 1.033481e+02
1.000000e+02, 1.033413e+02
1.000000e+02, 1.033359e+02
1.000000e+02, 1.033318e+02
1.000000e+02, 1.033291e+02
1.000000e+02, 1.033278e+02
1.000000e+02, 1.033278e+02
1.000000e+02, 1.033291e+02
1.000000e+02, 1.033318e+02
1.000000e+02, 1.033359e+02
1.000000e+02, 1.033413e+02
1.000000e+02, 1.033481e+02
1.000000e+02, 1.033562e+02
1.000000e+02, 1.033657e+02
1.000000e+02, 1.033765e+02
1.000000e+02, 1.033887e+02
1.000000e+02, 1.034022e+02
1.000000e+02, 1.034171e+02
1.000000e+02, 1.034333e+02
1.000000e+02, 1.034509e+02
1.000000e+02, 1.034699e+02
1.000000e+02, 1.034902e+02
1.000000e+02, 1.035119e+02
1.000000e+02, 1.035349e+02
1.000000e+02, 1.035593e+02
1.000000e+02, 1.035851e+02
1.000000e+02, 1.036122e+02
1.000000e+02, 1.036407e+02
1.000000e+02, 1.036706e+02
1.000000e+02, 1.037018e+02
1.000000e+02, 1.037344e+02
1.000000e+02, 1.037684e+02
1.000000e+02, 1.038038e+02
1.000000e+02, 1.038405e+02
1.000000e+02, 1.038786e+02
1.000000e+02, 1.039181e+02
1.000000e+02, 1.039589e+02
1.000000e+02, 1.040012e+02
1.000000e+02, 1.040448e+02
1.000000e+02, 1.040898e+02
1.000000e+02, 1.041362e+02
1.000000e+02, 1.041840e+02
1.000000e+02, 1.042332e+02
1.000000e+02, 1.042838e+02
1.000000e+02, 1.043358e+02
1.000000e+02, 1.043892e+02
1.000000e+02, 1.044440e+02
1.000000e+02, 1.045002e+02
1.000000e+02, 1.045578e+02
1.000000e+02, 1.046168e+02
1.000000e+02, 1.046773e+02
1.000000e+02, 1.047391e+02
1.000000e+02, 1.048024e+02
1.000000e+02, 1.048671e+02
1.000000e+02, 1.049332e+02
1.000000e+02, 1.050008e+02
1.000000e+02, 1.050698e+02
1.000000e+02, 1.051403e+02
1.000000e+02, 1.052121e+02
1.000000e+02, 1.052855e+02
1.000000e+02, 1.053602e+02
1.000000e+02, 1.054365e+02
1.000000e+02, 1.055142e+02
1.000000e+02, 1.055933e+02
1.000000e+02, 1.056739e+02
1.000000e+02, 1.057560e+02
1.000000e+02, 1.058396e+02
1.000000e+02, 1.059246e+02
1.000000e+02, 1.060112e+02
1.000000e+02, 1.060992e+02
1.000000e+02, 1.061887e+02
1.000000e+02, 1.062797e+02
1.000000e+02, 1.063722e+02
1.000000e+02, 1.064662e+02
1.000000e+02, 1.065618e+02
1.000000e+02, 1.066588e+02
1.000000e+02, 1.067574e+02
1.000000e+02, 1.068575e+02
1.000000e+02, 1.069592e+02
1.000000e+02, 1.070624e+02
1.000000e+02, 1.071671e+02
1.000000e+02, 1.072734e+02
1.000000e+02, 1.073812e+02
1.000000e+02, 1.074906e+02
1.000000e+02, 1.076016e+02
1.000000e+02, 1.077142e+02
1.000000e+02, 1.078283e+02
1.000000e+02, 1.079441e+02
1.000000e+02, 1.080614e+02
1.000000e+02, 1.081804e+02
1.000000e+02, 1.083009e+02
1.000000e+02, 1.084231e+02
1.000000e+02, 1.085469e+02
1.000000e+02, 1.086724e+02
1.000000e+02, 1.087994e+02
1.000000e+02, 1.089282e+02
1.000000e+02, 1.090586e+02
1.000000e+02, 1.091906e+02
1.000000e+02, 1.093244e+02
1.000000e+02, 1.094598e+02
1.000000e+02, 1.095969e+02
1.000000e+02, 1.097357e+02
1.000000e+02, 1.098763e+02
1.000000e+02, 1.100185e+02
1.000000e+02, 1.101625e+02
1.000000e+02, 1.103082e+02
1.000000e+02, 1.104557e+02
1.000000e+02, 1.106049e+02
1.000000e+02, 1.107559e+02
1.000000e+02, 1.109087e+02
1.000000e+02, 1.110632e+02
1.000000e+02, 1.112196e+02
1.000000e+02, 1.113777e+02
1.000000e+02, 1.115377e+02
1.000000e+02, 1.116996e+02
1.000000e+02, 1.118632e+02
1.000000e+02, 1.120288e+02
1.000000e+02, 1.121962e+02
1.000000e+02, 1.123655e+02
1.000000e+02, 1.125366e+02
1.000000e+02, 1.127097e+02
1.000000e+02, 1.128847e+02
1.000000e+02, 1.130617e+02
1.000000e+02, 1.132406e+02
1.000000e+02, 1.134214e+02
1.000000e+02, 1.136042e+02
1.000000e+02, 1.137890e+02
1.000000e+02, 1.139759e+02
1.000000e+02, 1.141647e+02
1.000000e+02, 1.143556e+02
1.000000e+02, 1.145485e+02
1.000000e+02, 1.147435e+02
1.000000e+02, 1.149406e+02
1.000000e+02, 1.151398e+02
1.000000e+02, 1.153411e+02
1.000000e+02, 1.155445e+02
1.000000e+02, 1.157501e+02
1.000000e+02, 1.159578e+02
1.000000e+02, 1.161678e+02
1.000000e+02, 1.163800e+02
1.000000e+02, 1.165943e+02
1.000000e+02, 1.168110e+02
1.000000e+02, 1.170299e+02
1.000000e+02, 1.172511e+02
1.000000e+02, 1.174746e+02
1.000000e+02, 1.177005e+02
1.000000e+02, 1.179287e+02
1.000000e+02, 1.181592e+02
1.000000e+02, 1.183922e+02
1.000000e+02, 1.186277e+02
1.000000e+02, 1.188655e+02
1.000000e+02, 1.191059e+02
1.000000e+02, 1.193487e+02
1.000000e+02, 1.195941e+02
1.000000e+02, 1.198420e+02
1.000000e+02, 1.200926e+02
1.000000e+02, 1.203457e+02
1.000000e+02, 1.206015e+02
1.000000e+02, 1.208599e+02
1.000000e+02, 1.211211e+02
1.000000e+02, 1.213850e+02
1.000000e+02, 1.216516e+02
1.000000e+02, 1.219211e+02
1.000000e+02, 1.221934e+02
1.000000e+02, 1.224685e+02
1.000000e+02, 1.227466e+02
1.000000e+02, 1.230276e+02
1.000000e+02, 1.233116e+02
1.000000e+02, 1.235987e+02
1.000000e+02, 1.238887e+02
1.000000e+02, 1.241819e+02
1.000000e+02, 1.244782e+02
1.000000e+02, 1.247778e+02
1.000000e+02, 1.250805e+02
1.000000e+02, 1.253866e+02
1.000000e+02, 1.256959e+02
1.000000e+02, 1.260087e+02
1.000000e+02, 1.263249e+02
1.000000e+02, 1.266445e+02
1.000000e+02, 1.269677e+02
1.000000e+02, 1.272945e+02
1.000000e+02, 1.276249e+02
1.000000e+02, 1.279591e+02
1.000000e+02, 1.282970e+02
1.000000e+02, 1.286388e+02
1.000000e+02, 1.289845e+02
1.000000e+02, 1.293341e+02
1.000000e+02, 1.296878e+02
1.000000e+02, 1.300456e+02
1.000000e+02, 1.304076e+02
1.000000e+02, 1.307739e+02
1.000000e+02, 1.311445e+02
1.000000e+02, 1.315196e+02
1.000000e+02, 1.318992e+02
1.000000e+02, 1.322834e+02
1.000000e+02, 1.326723e+02
1.000000e+02, 1.330661e+02
1.000000e+02, 1.334648e+02
1.000000e+02, 1.338685e+02
1.000000e+02, 1.342773e+02
1.000000e+02, 1.346914e+02
1.000000e+02, 1.351109e+02
1.000000e+02, 1.355358e+02
1.000000e+02, 1.359665e+02
1.000000e+02, 1.364029e+02
1.000000e+02, 1.368452e+02
1.000000e+02, 1.372937e+02
1.000000e+02, 1.377483e+02
1.000000e+02, 1.382094e+02
1.000000e+02, 1.386771e+02
1.000000e+02, 1.391516e+02
1.000000e+02, 1.396330e+02
1.000000e+02, 1.401216e+02
1.000000e+02, 1.406177e+02
1.000000e+02, 1.411214e+02
1.000000e+02, 1.416330e+02
1.000000e+02, 1.421527e+02
1.000000e+02, 1.426809e+02
1.000000e+02, 1.432178e+02
1.000000e+02, 1.437637e+02
1.000000e+02, 1.443190e+02
1.000000e+02, 1.448841e+02
1.000000e+02, 1.454593e+02
1.000000e+02, 1.460450e+02
1.000000e+02, 1.466417e+02
1.000000e+02, 1.472499e+02
1.000000e+02, 1.478700e+02
1.000000e+02, 1.485027e+02
1.000000e+02, 1.491486e+02
1.000000e+02, 1.498082e+02
1.000000e+02, 1.504824e+02
1.000000e+02, 1.511718e+02
1.000000e+02, 1.518775e+02
1.000000e+02, 1.526003e+02
1.000000e+02, 1.533413e+02
1.000000e+02, 1.541018e+02
1.000000e+02, 1.548829e+02
1.000000e+02, 1.556862e+02
1.000000e+02, 1.565134e+02
1.000000e+02, 1.573665e+02
1.000000e+02, 1.582475e+02
1.000000e+02, 1.591590e+02
1.000000e+02, 1.601040e+02
1.000000e+02, 1.610860e+02
1.000000e+02, 1.621092e+02
1.000000e+02, 1.631785e+02
1.000000e+02, 1.643002e+02
1.000000e+02, 1.654819e+02
1.000000e+02, 1.667336e+02
1.000000e+02, 1.680682e+02
1.000000e+02, 1.695035e+02
1.000000e+02, 1.710648e+02
1.000000e+02, 1.727904e+02
1.000000e+02, 1.747437e+02
1.000000e+02, 1.770460e+02
1.000000e+02, 1.800000e+02
##END= 