##TITLE= /opt/topspin3.0/exp/stan/nmr/lists/wave/user/HypSec_trunc2.84_110
##JCAMP-DX= 5.00 Bruker JCAMP library
##DATA TYPE= Shape Data
##ORIGIN= Bruker BioSpin GmbH
##OWNER= <nmrsu>
##DATE= 15/02/24
##TIME= 16:15:04
##MINX= 1.164538e+01
##MAXX= 9.999960e+01
##MINY= 2.546774e-02
##MAXY= 3.585574e+02
##$SHAPE_EXMODE= Adiabatic
##$SHAPE_TOTROT= 1.800000e+02
##$SHAPE_BWFAC= 1.929340e+02
##$SHAPE_INTEGFAC= 2.356110e-02
##$SHAPE_MODE= 0
##NPOINTS= 1000
##XYPOINTS= (XY..XY)
1.000000e+02, 1.800000e+02
1.000000e+02, 1.780735e+02
1.000000e+02, 1.764161e+02
1.000000e+02, 1.749394e+02
1.000000e+02, 1.735951e+02
1.000000e+02, 1.723535e+02
1.000000e+02, 1.711944e+02
1.000000e+02, 1.701037e+02
1.000000e+02, 1.690709e+02
1.000000e+02, 1.680878e+02
1.000000e+02, 1.671481e+02
1.000000e+02, 1.662468e+02
1.000000e+02, 1.653798e+02
1.000000e+02, 1.645435e+02
1.000000e+02, 1.637350e+02
1.000000e+02, 1.629520e+02
1.000000e+02, 1.621922e+02
1.000000e+02, 1.614539e+02
1.000000e+02, 1.607355e+02
1.000000e+02, 1.600354e+02
1.000000e+02, 1.593526e+02
1.000000e+02, 1.586859e+02
1.000000e+02, 1.580342e+02
1.000000e+02, 1.573967e+02
1.000000e+02, 1.567726e+02
1.000000e+02, 1.561611e+02
1.000000e+02, 1.555617e+02
1.000000e+02, 1.549736e+02
1.000000e+02, 1.543963e+02
1.000000e+02, 1.538294e+02
1.000000e+02, 1.532722e+02
1.000000e+02, 1.527245e+02
1.000000e+02, 1.521857e+02
1.000000e+02, 1.516556e+02
1.000000e+02, 1.511338e+02
1.000000e+02, 1.506199e+02
1.000000e+02, 1.501136e+02
1.000000e+02, 1.496147e+02
1.000000e+02, 1.491228e+02
1.000000e+02, 1.486378e+02
1.000000e+02, 1.481594e+02
1.000000e+02, 1.476874e+02
1.000000e+02, 1.472216e+02
1.000000e+02, 1.467617e+02
1.000000e+02, 1.463077e+02
1.000000e+02, 1.458592e+02
1.000000e+02, 1.454162e+02
1.000000e+02, 1.449784e+02
1.000000e+02, 1.445458e+02
1.000000e+02, 1.441182e+02
1.000000e+02, 1.436954e+02
1.000000e+02, 1.432773e+02
1.000000e+02, 1.428639e+02
1.000000e+02, 1.424549e+02
1.000000e+02, 1.420503e+02
1.000000e+02, 1.416499e+02
1.000000e+02, 1.412537e+02
1.000000e+02, 1.408615e+02
1.000000e+02, 1.404733e+02
1.000000e+02, 1.400889e+02
1.000000e+02, 1.397083e+02
1.000000e+02, 1.393315e+02
1.000000e+02, 1.389582e+02
1.000000e+02, 1.385884e+02
1.000000e+02, 1.382222e+02
1.000000e+02, 1.378593e+02
1.000000e+02, 1.374997e+02
1.000000e+02, 1.371433e+02
1.000000e+02, 1.367902e+02
1.000000e+02, 1.364401e+02
1.000000e+02, 1.360932e+02
1.000000e+02, 1.357492e+02
1.000000e+02, 1.354082e+02
1.000000e+02, 1.350700e+02
1.000000e+02, 1.347347e+02
1.000000e+02, 1.344022e+02
1.000000e+02, 1.340725e+02
1.000000e+02, 1.337454e+02
1.000000e+02, 1.334209e+02
1.000000e+02, 1.330991e+02
1.000000e+02, 1.327798e+02
1.000000e+02, 1.324631e+02
1.000000e+02, 1.321488e+02
1.000000e+02, 1.318369e+02
1.000000e+02, 1.315274e+02
1.000000e+02, 1.312203e+02
1.000000e+02, 1.309155e+02
1.000000e+02, 1.306130e+02
1.000000e+02, 1.303128e+02
1.000000e+02, 1.300147e+02
1.000000e+02, 1.297189e+02
1.000000e+02, 1.294251e+02
1.000000e+02, 1.291336e+02
1.000000e+02, 1.288441e+02
1.000000e+02, 1.285566e+02
1.000000e+02, 1.282712e+02
1.000000e+02, 1.279878e+02
1.000000e+02, 1.277064e+02
1.000000e+02, 1.274269e+02
1.000000e+02, 1.271494e+02
1.000000e+02, 1.268738e+02
1.000000e+02, 1.266000e+02
1.000000e+02, 1.263281e+02
1.000000e+02, 1.260580e+02
1.000000e+02, 1.257897e+02
1.000000e+02, 1.255232e+02
1.000000e+02, 1.252585e+02
1.000000e+02, 1.249955e+02
1.000000e+02, 1.247342e+02
1.000000e+02, 1.244746e+02
1.000000e+02, 1.242167e+02
1.000000e+02, 1.239604e+02
1.000000e+02, 1.237058e+02
1.000000e+02, 1.234528e+02
1.000000e+02, 1.232015e+02
1.000000e+02, 1.229517e+02
1.000000e+02, 1.227034e+02
1.000000e+02, 1.224567e+02
1.000000e+02, 1.222116e+02
1.000000e+02, 1.219680e+02
1.000000e+02, 1.217258e+02
1.000000e+02, 1.214852e+02
1.000000e+02, 1.212460e+02
1.000000e+02, 1.210083e+02
1.000000e+02, 1.207720e+02
1.000000e+02, 1.205371e+02
1.000000e+02, 1.203037e+02
1.000000e+02, 1.200716e+02
1.000000e+02, 1.198409e+02
1.000000e+02, 1.196116e+02
1.000000e+02, 1.193837e+02
1.000000e+02, 1.191571e+02
1.000000e+02, 1.189318e+02
1.000000e+02, 1.187078e+02
1.000000e+02, 1.184852e+02
1.000000e+02, 1.182638e+02
1.000000e+02, 1.180437e+02
1.000000e+02, 1.178249e+02
1.000000e+02, 1.176073e+02
1.000000e+02, 1.173910e+02
1.000000e+02, 1.171760e+02
1.000000e+02, 1.169621e+02
1.000000e+02, 1.167495e+02
1.000000e+02, 1.165380e+02
1.000000e+02, 1.163278e+02
1.000000e+02, 1.161188e+02
1.000000e+02, 1.159109e+02
1.000000e+02, 1.157042e+02
1.000000e+02, 1.154986e+02
1.000000e+02, 1.152942e+02
1.000000e+02, 1.150909e+02
1.000000e+02, 1.148887e+02
1.000000e+02, 1.146877e+02
1.000000e+02, 1.144877e+02
1.000000e+02, 1.142889e+02
1.000000e+02, 1.140912e+02
1.000000e+02, 1.138945e+02
1.000000e+02, 1.136989e+02
1.000000e+02, 1.135044e+02
1.000000e+02, 1.133109e+02
1.000000e+02, 1.131185e+02
1.000000e+02, 1.129271e+02
1.000000e+02, 1.127368e+02
1.000000e+02, 1.125474e+02
1.000000e+02, 1.123592e+02
1.000000e+02, 1.121719e+02
1.000000e+02, 1.119856e+02
1.000000e+02, 1.118003e+02
1.000000e+02, 1.116160e+02
1.000000e+02, 1.114327e+02
1.000000e+02, 1.112504e+02
1.000000e+02, 1.110690e+02
1.000000e+02, 1.108886e+02
1.000000e+02, 1.107092e+02
1.000000e+02, 1.105307e+02
1.000000e+02, 1.103531e+02
1.000000e+02, 1.101765e+02
1.000000e+02, 1.100008e+02
1.000000e+02, 1.098261e+02
1.000000e+02, 1.096522e+02
1.000000e+02, 1.094793e+02
1.000000e+02, 1.093073e+02
1.000000e+02, 1.091362e+02
1.000000e+02, 1.089659e+02
1.000000e+02, 1.087966e+02
1.000000e+02, 1.086282e+02
1.000000e+02, 1.084606e+02
1.000000e+02, 1.082939e+02
1.000000e+02, 1.081281e+02
1.000000e+02, 1.079631e+02
1.000000e+02, 1.077990e+02
1.000000e+02, 1.076358e+02
1.000000e+02, 1.074734e+02
1.000000e+02, 1.073118e+02
1.000000e+02, 1.071511e+02
1.000000e+02, 1.069912e+02
1.000000e+02, 1.068322e+02
1.000000e+02, 1.066739e+02
1.000000e+02, 1.065165e+02
1.000000e+02, 1.063599e+02
1.000000e+02, 1.062041e+02
1.000000e+02, 1.060491e+02
1.000000e+02, 1.058950e+02
1.000000e+02, 1.057416e+02
1.000000e+02, 1.055890e+02
1.000000e+02, 1.054372e+02
1.000000e+02, 1.052861e+02
1.000000e+02, 1.051359e+02
1.000000e+02, 1.049864e+02
1.000000e+02, 1.048377e+02
1.000000e+02, 1.046898e+02
1.000000e+02, 1.045427e+02
1.000000e+02, 1.043963e+02
1.000000e+02, 1.042506e+02
1.000000e+02, 1.041057e+02
1.000000e+02, 1.039616e+02
1.000000e+02, 1.038182e+02
1.000000e+02, 1.036755e+02
1.000000e+02, 1.035336e+02
1.000000e+02, 1.033924e+02
1.000000e+02, 1.032519e+02
1.000000e+02, 1.031122e+02
1.000000e+02, 1.029732e+02
1.000000e+02, 1.028349e+02
1.000000e+02, 1.026973e+02
1.000000e+02, 1.025605e+02
1.000000e+02, 1.024243e+02
1.000000e+02, 1.022888e+02
1.000000e+02, 1.021541e+02
1.000000e+02, 1.020201e+02
1.000000e+02, 1.018867e+02
1.000000e+02, 1.017541e+02
1.000000e+02, 1.016221e+02
1.000000e+02, 1.014908e+02
1.000000e+02, 1.013602e+02
1.000000e+02, 1.012303e+02
1.000000e+02, 1.011011e+02
1.000000e+02, 1.009725e+02
1.000000e+02, 1.008446e+02
1.000000e+02, 1.007174e+02
1.000000e+02, 1.005909e+02
1.000000e+02, 1.004650e+02
1.000000e+02, 1.003397e+02
1.000000e+02, 1.002152e+02
1.000000e+02, 1.000913e+02
1.000000e+02, 9.996801e+01
1.000000e+02, 9.984540e+01
1.000000e+02, 9.972344e+01
1.000000e+02, 9.960212e+01
1.000000e+02, 9.948144e+01
1.000000e+02, 9.936141e+01
1.000000e+02, 9.924201e+01
1.000000e+02, 9.912325e+01
1.000000e+02, 9.900512e+01
1.000000e+02, 9.888762e+01
1.000000e+02, 9.877074e+01
1.000000e+02, 9.865450e+01
1.000000e+02, 9.853887e+01
1.000000e+02, 9.842387e+01
1.000000e+02, 9.830948e+01
1.000000e+02, 9.819571e+01
1.000000e+02, 9.808255e+01
1.000000e+02, 9.797000e+01
1.000000e+02, 9.785806e+01
1.000000e+02, 9.774673e+01
1.000000e+02, 9.763600e+01
1.000000e+02, 9.752588e+01
1.000000e+02, 9.741635e+01
1.000000e+02, 9.730743e+01
1.000000e+02, 9.719910e+01
1.000000e+02, 9.709136e+01
1.000000e+02, 9.698422e+01
1.000000e+02, 9.687766e+01
1.000000e+02, 9.677169e+01
1.000000e+02, 9.666631e+01
1.000000e+02, 9.656151e+01
1.000000e+02, 9.645730e+01
1.000000e+02, 9.635366e+01
1.000000e+02, 9.625061e+01
1.000000e+02, 9.614812e+01
1.000000e+02, 9.604622e+01
1.000000e+02, 9.594488e+01
1.000000e+02, 9.584412e+01
1.000000e+02, 9.574392e+01
1.000000e+02, 9.564429e+01
1.000000e+02, 9.554523e+01
1.000000e+02, 9.544673e+01
1.000000e+02, 9.534879e+01
1.000000e+02, 9.525141e+01
1.000000e+02, 9.515459e+01
1.000000e+02, 9.505833e+01
1.000000e+02, 9.496262e+01
1.000000e+02, 9.486747e+01
1.000000e+02, 9.477286e+01
1.000000e+02, 9.467881e+01
1.000000e+02, 9.458530e+01
1.000000e+02, 9.449234e+01
1.000000e+02, 9.439993e+01
1.000000e+02, 9.430805e+01
1.000000e+02, 9.421673e+01
1.000000e+02, 9.412594e+01
1.000000e+02, 9.403569e+01
1.000000e+02, 9.394597e+01
1.000000e+02, 9.385680e+01
1.000000e+02, 9.376815e+01
1.000000e+02, 9.368004e+01
1.000000e+02, 9.359247e+01
1.000000e+02, 9.350542e+01
1.000000e+02, 9.341890e+01
1.000000e+02, 9.333291e+01
1.000000e+02, 9.324744e+01
1.000000e+02, 9.316250e+01
1.000000e+02, 9.307808e+01
1.000000e+02, 9.299418e+01
1.000000e+02, 9.291080e+01
1.000000e+02, 9.282794e+01
1.000000e+02, 9.274560e+01
1.000000e+02, 9.266378e+01
1.000000e+02, 9.258247e+01
1.000000e+02, 9.250167e+01
1.000000e+02, 9.242139e+01
1.000000e+02, 9.234161e+01
1.000000e+02, 9.226235e+01
1.000000e+02, 9.218360e+01
1.000000e+02, 9.210535e+01
1.000000e+02, 9.202761e+01
1.000000e+02, 9.195038e+01
1.000000e+02, 9.187365e+01
1.000000e+02, 9.179742e+01
1.000000e+02, 9.172169e+01
1.000000e+02, 9.164646e+01
1.000000e+02, 9.157174e+01
1.000000e+02, 9.149751e+01
1.000000e+02, 9.142378e+01
1.000000e+02, 9.135054e+01
1.000000e+02, 9.127780e+01
1.000000e+02, 9.120555e+01
1.000000e+02, 9.113380e+01
1.000000e+02, 9.106253e+01
1.000000e+02, 9.099176e+01
1.000000e+02, 9.092148e+01
1.000000e+02, 9.085168e+01
1.000000e+02, 9.078238e+01
1.000000e+02, 9.071355e+01
1.000000e+02, 9.064522e+01
1.000000e+02, 9.057737e+01
1.000000e+02, 9.051000e+01
1.000000e+02, 9.044311e+01
1.000000e+02, 9.037671e+01
1.000000e+02, 9.031079e+01
1.000000e+02, 9.024534e+01
1.000000e+02, 9.018038e+01
1.000000e+02, 9.011589e+01
1.000000e+02, 9.005188e+01
1.000000e+02, 8.998834e+01
1.000000e+02, 8.992528e+01
1.000000e+02, 8.986270e+01
1.000000e+02, 8.980058e+01
1.000000e+02, 8.973894e+01
1.000000e+02, 8.967777e+01
1.000000e+02, 8.961707e+01
1.000000e+02, 8.955685e+01
1.000000e+02, 8.949708e+01
1.000000e+02, 8.943779e+01
1.000000e+02, 8.937897e+01
1.000000e+02, 8.932061e+01
1.000000e+02, 8.926272e+01
1.000000e+02, 8.920529e+01
1.000000e+02, 8.914832e+01
1.000000e+02, 8.909182e+01
1.000000e+02, 8.903578e+01
1.000000e+02, 8.898021e+01
1.000000e+02, 8.892509e+01
1.000000e+02, 8.887044e+01
1.000000e+02, 8.881624e+01
1.000000e+02, 8.876250e+01
1.000000e+02, 8.870922e+01
1.000000e+02, 8.865640e+01
1.000000e+02, 8.860403e+01
1.000000e+02, 8.855212e+01
1.000000e+02, 8.850067e+01
1.000000e+02, 8.844967e+01
1.000000e+02, 8.839912e+01
1.000000e+02, 8.834903e+01
1.000000e+02, 8.829938e+01
1.000000e+02, 8.825020e+01
1.000000e+02, 8.820146e+01
1.000000e+02, 8.815317e+01
1.000000e+02, 8.810533e+01
1.000000e+02, 8.805794e+01
1.000000e+02, 8.801100e+01
1.000000e+02, 8.796451e+01
1.000000e+02, 8.791846e+01
1.000000e+02, 8.787286e+01
1.000000e+02, 8.782771e+01
1.000000e+02, 8.778301e+01
1.000000e+02, 8.773874e+01
1.000000e+02, 8.769493e+01
1.000000e+02, 8.765155e+01
1.000000e+02, 8.760862e+01
1.000000e+02, 8.756613e+01
1.000000e+02, 8.752409e+01
1.000000e+02, 8.748249e+01
1.000000e+02, 8.744132e+01
1.000000e+02, 8.740060e+01
1.000000e+02, 8.736032e+01
1.000000e+02, 8.732048e+01
1.000000e+02, 8.728107e+01
1.000000e+02, 8.724211e+01
1.000000e+02, 8.720358e+01
1.000000e+02, 8.716549e+01
1.000000e+02, 8.712784e+01
1.000000e+02, 8.709062e+01
1.000000e+02, 8.705384e+01
1.000000e+02, 8.701750e+01
1.000000e+02, 8.698159e+01
1.000000e+02, 8.694611e+01
1.000000e+02, 8.691107e+01
1.000000e+02, 8.687647e+01
1.000000e+02, 8.684229e+01
1.000000e+02, 8.680855e+01
1.000000e+02, 8.677525e+01
1.000000e+02, 8.674237e+01
1.000000e+02, 8.670993e+01
1.000000e+02, 8.667792e+01
1.000000e+02, 8.664633e+01
1.000000e+02, 8.661518e+01
1.000000e+02, 8.658446e+01
1.000000e+02, 8.655417e+01
1.000000e+02, 8.652431e+01
1.000000e+02, 8.649488e+01
1.000000e+02, 8.646587e+01
1.000000e+02, 8.643730e+01
1.000000e+02, 8.640915e+01
1.000000e+02, 8.638143e+01
1.000000e+02, 8.635413e+01
1.000000e+02, 8.632727e+01
1.000000e+02, 8.630083e+01
1.000000e+02, 8.627481e+01
1.000000e+02, 8.624923e+01
1.000000e+02, 8.622407e+01
1.000000e+02, 8.619933e+01
1.000000e+02, 8.617502e+01
1.000000e+02, 8.615113e+01
1.000000e+02, 8.612767e+01
1.000000e+02, 8.610463e+01
1.000000e+02, 8.608201e+01
1.000000e+02, 8.605982e+01
1.000000e+02, 8.603806e+01
1.000000e+02, 8.601671e+01
1.000000e+02, 8.599579e+01
1.000000e+02, 8.597529e+01
1.000000e+02, 8.595521e+01
1.000000e+02, 8.593556e+01
1.000000e+02, 8.591632e+01
1.000000e+02, 8.589751e+01
1.000000e+02, 8.587912e+01
1.000000e+02, 8.586115e+01
1.000000e+02, 8.584360e+01
1.000000e+02, 8.582647e+01
1.000000e+02, 8.580977e+01
1.000000e+02, 8.579348e+01
1.000000e+02, 8.577761e+01
1.000000e+02, 8.576216e+01
1.000000e+02, 8.574714e+01
1.000000e+02, 8.573253e+01
1.000000e+02, 8.571834e+01
1.000000e+02, 8.570457e+01
1.000000e+02, 8.569122e+01
1.000000e+02, 8.567829e+01
1.000000e+02, 8.566577e+01
1.000000e+02, 8.565368e+01
1.000000e+02, 8.564200e+01
1.000000e+02, 8.563075e+01
1.000000e+02, 8.561991e+01
1.000000e+02, 8.560948e+01
1.000000e+02, 8.559948e+01
1.000000e+02, 8.558989e+01
1.000000e+02, 8.558072e+01
1.000000e+02, 8.557197e+01
1.000000e+02, 8.556364e+01
1.000000e+02, 8.555572e+01
1.000000e+02, 8.554822e+01
1.000000e+02, 8.554114e+01
1.000000e+02, 8.553448e+01
1.000000e+02, 8.552823e+01
1.000000e+02, 8.552240e+01
1.000000e+02, 8.551698e+01
1.000000e+02, 8.551198e+01
1.000000e+02, 8.550740e+01
1.000000e+02, 8.550324e+01
1.000000e+02, 8.549949e+01
1.000000e+02, 8.549616e+01
1.000000e+02, 8.549324e+01
1.000000e+02, 8.549075e+01
1.000000e+02, 8.548866e+01
1.000000e+02, 8.548700e+01
1.000000e+02, 8.548575e+01
1.000000e+02, 8.548492e+01
1.000000e+02, 8.548450e+01
1.000000e+02, 8.548450e+01
1.000000e+02, 8.548492e+01
1.000000e+02, 8.548575e+01
1.000000e+02, 8.548700e+01
1.000000e+02, 8.548866e+01
1.000000e+02, 8.549075e+01
1.000000e+02, 8.549324e+01
1.000000e+02, 8.549616e+01
1.000000e+02, 8.549949e+01
1.000000e+02, 8.550324e+01
1.000000e+02, 8.550740e+01
1.000000e+02, 8.551198e+01
1.000000e+02, 8.551698e+01
1.000000e+02, 8.552240e+01
1.000000e+02, 8.552823e+01
1.000000e+02, 8.553448e+01
1.000000e+02, 8.554114e+01
1.000000e+02, 8.554822e+01
1.000000e+02, 8.555572e+01
1.000000e+02, 8.556364e+01
1.000000e+02, 8.557197e+01
1.000000e+02, 8.558072e+01
1.000000e+02, 8.558989e+01
1.000000e+02, 8.559948e+01
1.000000e+02, 8.560948e+01
1.000000e+02, 8.561991e+01
1.000000e+02, 8.563075e+01
1.000000e+02, 8.564200e+01
1.000000e+02, 8.565368e+01
1.000000e+02, 8.566577e+01
1.000000e+02, 8.567829e+01
1.000000e+02, 8.569122e+01
1.000000e+02, 8.570457e+01
1.000000e+02, 8.571834e+01
1.000000e+02, 8.573253e+01
1.000000e+02, 8.574714e+01
1.000000e+02, 8.576216e+01
1.000000e+02, 8.577761e+01
1.000000e+02, 8.579348e+01
1.000000e+02, 8.580977e+01
1.000000e+02, 8.582647e+01
1.000000e+02, 8.584360e+01
1.000000e+02, 8.586115e+01
1.000000e+02, 8.587912e+01
1.000000e+02, 8.589751e+01
1.000000e+02, 8.591632e+01
1.000000e+02, 8.593556e+01
1.000000e+02, 8.595521e+01
1.000000e+02, 8.597529e+01
1.000000e+02, 8.599579e+01
1.000000e+02, 8.601671e+01
1.000000e+02, 8.603806e+01
1.000000e+02, 8.605982e+01
1.000000e+02, 8.608201e+01
1.000000e+02, 8.610463e+01
1.000000e+02, 8.612767e+01
1.000000e+02, 8.615113e+01
1.000000e+02, 8.617502e+01
1.000000e+02, 8.619933e+01
1.000000e+02, 8.622407e+01
1.000000e+02, 8.624923e+01
1.000000e+02, 8.627482e+01
1.000000e+02, 8.630083e+01
1.000000e+02, 8.632727e+01
1.000000e+02, 8.635413e+01
1.000000e+02, 8.638143e+01
1.000000e+02, 8.640915e+01
1.000000e+02, 8.643730e+01
1.000000e+02, 8.646587e+01
1.000000e+02, 8.649488e+01
1.000000e+02, 8.652431e+01
1.000000e+02, 8.655417e+01
1.000000e+02, 8.658446e+01
1.000000e+02, 8.661518e+01
1.000000e+02, 8.664633e+01
1.000000e+02, 8.667792e+01
1.000000e+02, 8.670993e+01
1.000000e+02, 8.674237e+01
1.000000e+02, 8.677525e+01
1.000000e+02, 8.680855e+01
1.000000e+02, 8.684229e+01
1.000000e+02, 8.687647e+01
1.000000e+02, 8.691107e+01
1.000000e+02, 8.694611e+01
1.000000e+02, 8.698159e+01
1.000000e+02, 8.701750e+01
1.000000e+02, 8.705384e+01
1.000000e+02, 8.709062e+01
1.000000e+02, 8.712784e+01
1.000000e+02, 8.716549e+01
1.000000e+02, 8.720358e+01
1.000000e+02, 8.724211e+01
1.000000e+02, 8.728107e+01
1.000000e+02, 8.732048e+01
1.000000e+02, 8.736032e+01
1.000000e+02, 8.740060e+01
1.000000e+02, 8.744132e+01
1.000000e+02, 8.748249e+01
1.000000e+02, 8.752409e+01
1.000000e+02, 8.756614e+01
1.000000e+02, 8.760862e+01
1.000000e+02, 8.765155e+01
1.000000e+02, 8.769493e+01
1.000000e+02, 8.773874e+01
1.000000e+02, 8.778301e+01
1.000000e+02, 8.782771e+01
1.000000e+02, 8.787286e+01
1.000000e+02, 8.791846e+01
1.000000e+02, 8.796451e+01
1.000000e+02, 8.801100e+01
1.000000e+02, 8.805794e+01
1.000000e+02, 8.810533e+01
1.000000e+02, 8.815317e+01
1.000000e+02, 8.820146e+01
1.000000e+02, 8.825020e+01
1.000000e+02, 8.829939e+01
1.000000e+02, 8.834903e+01
1.000000e+02, 8.839912e+01
1.000000e+02, 8.844967e+01
1.000000e+02, 8.850067e+01
1.000000e+02, 8.855212e+01
1.000000e+02, 8.860403e+01
1.000000e+02, 8.865640e+01
1.000000e+02, 8.870922e+01
1.000000e+02, 8.876250e+01
1.000000e+02, 8.881624e+01
1.000000e+02, 8.887044e+01
1.000000e+02, 8.892509e+01
1.000000e+02, 8.898021e+01
1.000000e+02, 8.903578e+01
1.000000e+02, 8.909182e+01
1.000000e+02, 8.914832e+01
1.000000e+02, 8.920529e+01
1.000000e+02, 8.926272e+01
1.000000e+02, 8.932061e+01
1.000000e+02, 8.937897e+01
1.000000e+02, 8.943779e+01
1.000000e+02, 8.949709e+01
1.000000e+02, 8.955685e+01
1.000000e+02, 8.961707e+01
1.000000e+02, 8.967777e+01
1.000000e+02, 8.973894e+01
1.000000e+02, 8.980058e+01
1.000000e+02, 8.986270e+01
1.000000e+02, 8.992528e+01
1.000000e+02, 8.998834e+01
1.000000e+02, 9.005188e+01
1.000000e+02, 9.011589e+01
1.000000e+02, 9.018038e+01
1.000000e+02, 9.024534e+01
1.000000e+02, 9.031079e+01
1.000000e+02, 9.037671e+01
1.000000e+02, 9.044311e+01
1.000000e+02, 9.051000e+01
1.000000e+02, 9.057737e+01
1.000000e+02, 9.064522e+01
1.000000e+02, 9.071355e+01
1.000000e+02, 9.078238e+01
1.000000e+02, 9.085168e+01
1.000000e+02, 9.092148e+01
1.000000e+02, 9.099176e+01
1.000000e+02, 9.106253e+01
1.000000e+02, 9.113380e+01
1.000000e+02, 9.120555e+01
1.000000e+02, 9.127780e+01
1.000000e+02, 9.135054e+01
1.000000e+02, 9.142378e+01
1.000000e+02, 9.149751e+01
1.000000e+02, 9.157174e+01
1.000000e+02, 9.164646e+01
1.000000e+02, 9.172169e+01
1.000000e+02, 9.179742e+01
1.000000e+02, 9.187365e+01
1.000000e+02, 9.195038e+01
1.000000e+02, 9.202761e+01
1.000000e+02, 9.210535e+01
1.000000e+02, 9.218360e+01
1.000000e+02, 9.226235e+01
1.000000e+02, 9.234161e+01
1.000000e+02, 9.242139e+01
1.000000e+02, 9.250167e+01
1.000000e+02, 9.258247e+01
1.000000e+02, 9.266378e+01
1.000000e+02, 9.274560e+01
1.000000e+02, 9.282794e+01
1.000000e+02, 9.291080e+01
1.000000e+02, 9.299418e+01
1.000000e+02, 9.307808e+01
1.000000e+02, 9.316250e+01
1.000000e+02, 9.324744e+01
1.000000e+02, 9.333291e+01
1.000000e+02, 9.341890e+01
1.000000e+02, 9.350542e+01
1.000000e+02, 9.359247e+01
1.000000e+02, 9.368004e+01
1.000000e+02, 9.376815e+01
1.000000e+02, 9.385680e+01
1.000000e+02, 9.394597e+01
1.000000e+02, 9.403569e+01
1.000000e+02, 9.412594e+01
1.000000e+02, 9.421673e+01
1.000000e+02, 9.430805e+01
1.000000e+02, 9.439993e+01
1.000000e+02, 9.449234e+01
1.000000e+02, 9.458530e+01
1.000000e+02, 9.467881e+01
1.000000e+02, 9.477286e+01
1.000000e+02, 9.486747e+01
1.000000e+02, 9.496262e+01
1.000000e+02, 9.505833e+01
1.000000e+02, 9.515459e+01
1.000000e+02, 9.525141e+01
1.000000e+02, 9.534879e+01
1.000000e+02, 9.544673e+01
1.000000e+02, 9.554523e+01
1.000000e+02, 9.564429e+01
1.000000e+02, 9.574392e+01
1.000000e+02, 9.584412e+01
1.000000e+02, 9.594488e+01
1.000000e+02, 9.604622e+01
1.000000e+02, 9.614812e+01
1.000000e+02, 9.625061e+01
1.000000e+02, 9.635366e+01
1.000000e+02, 9.645730e+01
1.000000e+02, 9.656152e+01
1.000000e+02, 9.666631e+01
1.000000e+02, 9.677169e+01
1.000000e+02, 9.687766e+01
1.000000e+02, 9.698422e+01
1.000000e+02, 9.709136e+01
1.000000e+02, 9.719910e+01
1.000000e+02, 9.730743e+01
1.000000e+02, 9.741635e+01
1.000000e+02, 9.752588e+01
1.000000e+02, 9.763600e+01
1.000000e+02, 9.774673e+01
1.000000e+02, 9.785806e+01
1.000000e+02, 9.797000e+01
1.000000e+02, 9.808255e+01
1.000000e+02, 9.819571e+01
1.000000e+02, 9.830948e+01
1.000000e+02, 9.842387e+01
1.000000e+02, 9.853887e+01
1.000000e+02, 9.865450e+01
1.000000e+02, 9.877075e+01
1.000000e+02, 9.888762e+01
1.000000e+02, 9.900512e+01
1.000000e+02, 9.912325e+01
1.000000e+02, 9.924201e+01
1.000000e+02, 9.936141e+01
1.000000e+02, 9.948144e+01
1.000000e+02, 9.960212e+01
1.000000e+02, 9.972344e+01
1.000000e+02, 9.984540e+01
1.000000e+02, 9.996801e+01
1.000000e+02, 1.000913e+02
1.000000e+02, 1.002152e+02
1.000000e+02, 1.003397e+02
1.000000e+02, 1.004650e+02
1.000000e+02, 1.005909e+02
1.000000e+02, 1.007174e+02
1.000000e+02, 1.008446e+02
1.000000e+02, 1.009725e+02
1.000000e+02, 1.011011e+02
1.000000e+02, 1.012303e+02
1.000000e+02, 1.013602e+02
1.000000e+02, 1.014908e+02
1.000000e+02, 1.016221e+02
1.000000e+02, 1.017541e+02
1.000000e+02, 1.018867e+02
1.000000e+02, 1.020201e+02
1.000000e+02, 1.021541e+02
1.000000e+02, 1.022888e+02
1.000000e+02, 1.024243e+02
1.000000e+02, 1.025605e+02
1.000000e+02, 1.026973e+02
1.000000e+02, 1.028349e+02
1.000000e+02, 1.029732e+02
1.000000e+02, 1.031122e+02
1.000000e+02, 1.032519e+02
1.000000e+02, 1.033924e+02
1.000000e+02, 1.035336e+02
1.000000e+02, 1.036755e+02
1.000000e+02, 1.038182e+02
1.000000e+02, 1.039616e+02
1.000000e+02, 1.041057e+02
1.000000e+02, 1.042506e+02
1.000000e+02, 1.043963e+02
1.000000e+02, 1.045427e+02
1.000000e+02, 1.046898e+02
1.000000e+02, 1.048377e+02
1.000000e+02, 1.049864e+02
1.000000e+02, 1.051359e+02
1.000000e+02, 1.052861e+02
1.000000e+02, 1.054372e+02
1.000000e+02, 1.055890e+02
1.000000e+02, 1.057416e+02
1.000000e+02, 1.058950e+02
1.000000e+02, 1.060491e+02
1.000000e+02, 1.062041e+02
1.000000e+02, 1.063599e+02
1.000000e+02, 1.065165e+02
1.000000e+02, 1.066739e+02
1.000000e+02, 1.068322e+02
1.000000e+02, 1.069912e+02
1.000000e+02, 1.071511e+02
1.000000e+02, 1.073118e+02
1.000000e+02, 1.074734e+02
1.000000e+02, 1.076358e+02
1.000000e+02, 1.077990e+02
1.000000e+02, 1.079631e+02
1.000000e+02, 1.081281e+02
1.000000e+02, 1.082939e+02
1.000000e+02, 1.084606e+02
1.000000e+02, 1.086282e+02
1.000000e+02, 1.087966e+02
1.000000e+02, 1.089659e+02
1.000000e+02, 1.091362e+02
1.000000e+02, 1.093073e+02
1.000000e+02, 1.094793e+02
1.000000e+02, 1.096522e+02
1.000000e+02, 1.098261e+02
1.000000e+02, 1.100008e+02
1.000000e+02, 1.101765e+02
1.000000e+02, 1.103531e+02
1.000000e+02, 1.105307e+02
1.000000e+02, 1.107092e+02
1.000000e+02, 1.108886e+02
1.000000e+02, 1.110690e+02
1.000000e+02, 1.112504e+02
1.000000e+02, 1.114327e+02
1.000000e+02, 1.116160e+02
1.000000e+02, 1.118003e+02
1.000000e+02, 1.119856e+02
1.000000e+02, 1.121719e+02
1.000000e+02, 1.123592e+02
1.000000e+02, 1.125475e+02
1.000000e+02, 1.127368e+02
1.000000e+02, 1.129271e+02
1.000000e+02, 1.131185e+02
1.000000e+02, 1.133109e+02
1.000000e+02, 1.135044e+02
1.000000e+02, 1.136989e+02
1.000000e+02, 1.138945e+02
1.000000e+02, 1.140912e+02
1.000000e+02, 1.142889e+02
1.000000e+02, 1.144877e+02
1.000000e+02, 1.146877e+02
1.000000e+02, 1.148887e+02
1.000000e+02, 1.150909e+02
1.000000e+02, 1.152942e+02
1.000000e+02, 1.154986e+02
1.000000e+02, 1.157042e+02
1.000000e+02, 1.159109e+02
1.000000e+02, 1.161188e+02
1.000000e+02, 1.163278e+02
1.000000e+02, 1.165380e+02
1.000000e+02, 1.167495e+02
1.000000e+02, 1.169621e+02
1.000000e+02, 1.171760e+02
1.000000e+02, 1.173910e+02
1.000000e+02, 1.176073e+02
1.000000e+02, 1.178249e+02
1.000000e+02, 1.180437e+02
1.000000e+02, 1.182638e+02
1.000000e+02, 1.184852e+02
1.000000e+02, 1.187078e+02
1.000000e+02, 1.189318e+02
1.000000e+02, 1.191571e+02
1.000000e+02, 1.193837e+02
1.000000e+02, 1.196116e+02
1.000000e+02, 1.198409e+02
1.000000e+02, 1.200716e+02
1.000000e+02, 1.203037e+02
1.000000e+02, 1.205371e+02
1.000000e+02, 1.207720e+02
1.000000e+02, 1.210083e+02
1.000000e+02, 1.212460e+02
1.000000e+02, 1.214852e+02
1.000000e+02, 1.217258e+02
1.000000e+02, 1.219680e+02
1.000000e+02, 1.222116e+02
1.000000e+02, 1.224567e+02
1.000000e+02, 1.227034e+02
1.000000e+02, 1.229517e+02
1.000000e+02, 1.232015e+02
1.000000e+02, 1.234528e+02
1.000000e+02, 1.237058e+02
1.000000e+02, 1.239604e+02
1.000000e+02, 1.242167e+02
1.000000e+02, 1.244746e+02
1.000000e+02, 1.247342e+02
1.000000e+02, 1.249955e+02
1.000000e+02, 1.252585e+02
1.000000e+02, 1.255232e+02
1.000000e+02, 1.257897e+02
1.000000e+02, 1.260580e+02
1.000000e+02, 1.263281e+02
1.000000e+02, 1.266000e+02
1.000000e+02, 1.268738e+02
1.000000e+02, 1.271494e+02
1.000000e+02, 1.274269e+02
1.000000e+02, 1.277064e+02
1.000000e+02, 1.279878e+02
1.000000e+02, 1.282712e+02
1.000000e+02, 1.285566e+02
1.000000e+02, 1.288441e+02
1.000000e+02, 1.291336e+02
1.000000e+02, 1.294251e+02
1.000000e+02, 1.297189e+02
1.000000e+02, 1.300147e+02
1.000000e+02, 1.303128e+02
1.000000e+02, 1.306130e+02
1.000000e+02, 1.309155e+02
1.000000e+02, 1.312203e+02
1.000000e+02, 1.315274e+02
1.000000e+02, 1.318369e+02
1.000000e+02, 1.321488e+02
1.000000e+02, 1.324631e+02
1.000000e+02, 1.327798e+02
1.000000e+02, 1.330991e+02
1.000000e+02, 1.334210e+02
1.000000e+02, 1.337454e+02
1.000000e+02, 1.340725e+02
1.000000e+02, 1.344022e+02
1.000000e+02, 1.347347e+02
1.000000e+02, 1.350700e+02
1.000000e+02, 1.354082e+02
1.000000e+02, 1.357492e+02
1.000000e+02, 1.360932e+02
1.000000e+02, 1.364402e+02
1.000000e+02, 1.367902e+02
1.000000e+02, 1.371433e+02
1.000000e+02, 1.374997e+02
1.000000e+02, 1.378593e+02
1.000000e+02, 1.382222e+02
1.000000e+02, 1.385884e+02
1.000000e+02, 1.389582e+02
1.000000e+02, 1.393315e+02
1.000000e+02, 1.397083e+02
1.000000e+02, 1.400889e+02
1.000000e+02, 1.404733e+02
1.000000e+02, 1.408615e+02
1.000000e+02, 1.412537e+02
1.000000e+02, 1.416499e+02
1.000000e+02, 1.420503e+02
1.000000e+02, 1.424549e+02
1.000000e+02, 1.428639e+02
1.000000e+02, 1.432773e+02
1.000000e+02, 1.436954e+02
1.000000e+02, 1.441182e+02
1.000000e+02, 1.445458e+02
1.000000e+02, 1.449784e+02
1.000000e+02, 1.454162e+02
1.000000e+02, 1.458592e+02
1.000000e+02, 1.463077e+02
1.000000e+02, 1.467617e+02
1.000000e+02, 1.472216e+02
1.000000e+02, 1.476874e+02
1.000000e+02, 1.481594e+02
1.000000e+02, 1.486378e+02
1.000000e+02, 1.491228e+02
1.000000e+02, 1.496147e+02
1.000000e+02, 1.501136e+02
1.000000e+02, 1.506199e+02
1.000000e+02, 1.511338e+02
1.000000e+02, 1.516556e+02
1.000000e+02, 1.521857e+02
1.000000e+02, 1.527245e+02
1.000000e+02, 1.532722e+02
1.000000e+02, 1.538294e+02
1.000000e+02, 1.543963e+02
1.000000e+02, 1.549736e+02
1.000000e+02, 1.555617e+02
1.000000e+02, 1.561611e+02
1.000000e+02, 1.567726e+02
1.000000e+02, 1.573967e+02
1.000000e+02, 1.580342e+02
1.000000e+02, 1.586859e+02
1.000000e+02, 1.593526e+02
1.000000e+02, 1.600354e+02
1.000000e+02, 1.607355e+02
1.000000e+02, 1.614539e+02
1.000000e+02, 1.621922e+02
1.000000e+02, 1.629520e+02
1.000000e+02, 1.637350e+02
1.000000e+02, 1.645435e+02
1.000000e+02, 1.653798e+02
1.000000e+02, 1.662468e+02
1.000000e+02, 1.671481e+02
1.000000e+02, 1.680878e+02
1.000000e+02, 1.690709e+02
1.000000e+02, 1.701037e+02
1.000000e+02, 1.711944e+02
1.000000e+02, 1.723535e+02
1.000000e+02, 1.735951e+02
1.000000e+02, 1.749394e+02
1.000000e+02, 1.764161e+02
1.000000e+02, 1.780735e+02
1.000000e+02, 1.800000e+02
##END= 