##TITLE= /opt/topspin3.0/exp/stan/nmr/lists/wave/user/HypSec_trunc2.84_110
##JCAMP-DX= 5.00 Bruker JCAMP library
##DATA TYPE= Shape Data
##ORIGIN= Bruker BioSpin GmbH
##OWNER= <nmrsu>
##DATE= 15/02/24
##TIME= 16:15:04
##MINX= 1.164538e+01
##MAXX= 9.999960e+01
##MINY= 2.546774e-02
##MAXY= 3.585574e+02
##$SHAPE_EXMODE= Adiabatic
##$SHAPE_TOTROT= 1.800000e+02
##$SHAPE_BWFAC= 1.929340e+02
##$SHAPE_INTEGFAC= 2.356110e-02
##$SHAPE_MODE= 0
##NPOINTS= 500
##XYPOINTS= (XY..XY)
1.000000e+02, 1.800000e+02
1.000000e+02, 1.774860e+02
1.000000e+02, 1.755266e+02
1.000000e+02, 1.738642e+02
1.000000e+02, 1.723956e+02
1.000000e+02, 1.710668e+02
1.000000e+02, 1.698453e+02
1.000000e+02, 1.687094e+02
1.000000e+02, 1.676442e+02
1.000000e+02, 1.666384e+02
1.000000e+02, 1.656838e+02
1.000000e+02, 1.647738e+02
1.000000e+02, 1.639030e+02
1.000000e+02, 1.630673e+02
1.000000e+02, 1.622630e+02
1.000000e+02, 1.614872e+02
1.000000e+02, 1.607374e+02
1.000000e+02, 1.600114e+02
1.000000e+02, 1.593074e+02
1.000000e+02, 1.586237e+02
1.000000e+02, 1.579589e+02
1.000000e+02, 1.573118e+02
1.000000e+02, 1.566811e+02
1.000000e+02, 1.560660e+02
1.000000e+02, 1.554654e+02
1.000000e+02, 1.548786e+02
1.000000e+02, 1.543048e+02
1.000000e+02, 1.537435e+02
1.000000e+02, 1.531938e+02
1.000000e+02, 1.526554e+02
1.000000e+02, 1.521276e+02
1.000000e+02, 1.516100e+02
1.000000e+02, 1.511021e+02
1.000000e+02, 1.506036e+02
1.000000e+02, 1.501141e+02
1.000000e+02, 1.496332e+02
1.000000e+02, 1.491606e+02
1.000000e+02, 1.486960e+02
1.000000e+02, 1.482390e+02
1.000000e+02, 1.477895e+02
1.000000e+02, 1.473472e+02
1.000000e+02, 1.469118e+02
1.000000e+02, 1.464831e+02
1.000000e+02, 1.460610e+02
1.000000e+02, 1.456451e+02
1.000000e+02, 1.452354e+02
1.000000e+02, 1.448316e+02
1.000000e+02, 1.444335e+02
1.000000e+02, 1.440411e+02
1.000000e+02, 1.436542e+02
1.000000e+02, 1.432725e+02
1.000000e+02, 1.428961e+02
1.000000e+02, 1.425247e+02
1.000000e+02, 1.421582e+02
1.000000e+02, 1.417965e+02
1.000000e+02, 1.414395e+02
1.000000e+02, 1.410871e+02
1.000000e+02, 1.407391e+02
1.000000e+02, 1.403955e+02
1.000000e+02, 1.400562e+02
1.000000e+02, 1.397211e+02
1.000000e+02, 1.393901e+02
1.000000e+02, 1.390631e+02
1.000000e+02, 1.387401e+02
1.000000e+02, 1.384209e+02
1.000000e+02, 1.381054e+02
1.000000e+02, 1.377937e+02
1.000000e+02, 1.374856e+02
1.000000e+02, 1.371811e+02
1.000000e+02, 1.368801e+02
1.000000e+02, 1.365825e+02
1.000000e+02, 1.362883e+02
1.000000e+02, 1.359975e+02
1.000000e+02, 1.357099e+02
1.000000e+02, 1.354255e+02
1.000000e+02, 1.351443e+02
1.000000e+02, 1.348661e+02
1.000000e+02, 1.345911e+02
1.000000e+02, 1.343190e+02
1.000000e+02, 1.340499e+02
1.000000e+02, 1.337838e+02
1.000000e+02, 1.335205e+02
1.000000e+02, 1.332600e+02
1.000000e+02, 1.330024e+02
1.000000e+02, 1.327474e+02
1.000000e+02, 1.324952e+02
1.000000e+02, 1.322457e+02
1.000000e+02, 1.319989e+02
1.000000e+02, 1.317546e+02
1.000000e+02, 1.315129e+02
1.000000e+02, 1.312737e+02
1.000000e+02, 1.310371e+02
1.000000e+02, 1.308029e+02
1.000000e+02, 1.305711e+02
1.000000e+02, 1.303418e+02
1.000000e+02, 1.301149e+02
1.000000e+02, 1.298903e+02
1.000000e+02, 1.296680e+02
1.000000e+02, 1.294481e+02
1.000000e+02, 1.292304e+02
1.000000e+02, 1.290149e+02
1.000000e+02, 1.288017e+02
1.000000e+02, 1.285907e+02
1.000000e+02, 1.283819e+02
1.000000e+02, 1.281752e+02
1.000000e+02, 1.279707e+02
1.000000e+02, 1.277682e+02
1.000000e+02, 1.275679e+02
1.000000e+02, 1.273696e+02
1.000000e+02, 1.271733e+02
1.000000e+02, 1.269791e+02
1.000000e+02, 1.267869e+02
1.000000e+02, 1.265967e+02
1.000000e+02, 1.264084e+02
1.000000e+02, 1.262221e+02
1.000000e+02, 1.260377e+02
1.000000e+02, 1.258553e+02
1.000000e+02, 1.256747e+02
1.000000e+02, 1.254960e+02
1.000000e+02, 1.253192e+02
1.000000e+02, 1.251442e+02
1.000000e+02, 1.249711e+02
1.000000e+02, 1.247998e+02
1.000000e+02, 1.246303e+02
1.000000e+02, 1.244626e+02
1.000000e+02, 1.242966e+02
1.000000e+02, 1.241324e+02
1.000000e+02, 1.239700e+02
1.000000e+02, 1.238092e+02
1.000000e+02, 1.236502e+02
1.000000e+02, 1.234930e+02
1.000000e+02, 1.233374e+02
1.000000e+02, 1.231834e+02
1.000000e+02, 1.230312e+02
1.000000e+02, 1.228806e+02
1.000000e+02, 1.227317e+02
1.000000e+02, 1.225844e+02
1.000000e+02, 1.224387e+02
1.000000e+02, 1.222946e+02
1.000000e+02, 1.221521e+02
1.000000e+02, 1.220113e+02
1.000000e+02, 1.218720e+02
1.000000e+02, 1.217342e+02
1.000000e+02, 1.215981e+02
1.000000e+02, 1.214635e+02
1.000000e+02, 1.213304e+02
1.000000e+02, 1.211989e+02
1.000000e+02, 1.210688e+02
1.000000e+02, 1.209403e+02
1.000000e+02, 1.208133e+02
1.000000e+02, 1.206878e+02
1.000000e+02, 1.205638e+02
1.000000e+02, 1.204413e+02
1.000000e+02, 1.203202e+02
1.000000e+02, 1.202006e+02
1.000000e+02, 1.200825e+02
1.000000e+02, 1.199658e+02
1.000000e+02, 1.198505e+02
1.000000e+02, 1.197367e+02
1.000000e+02, 1.196243e+02
1.000000e+02, 1.195133e+02
1.000000e+02, 1.194038e+02
1.000000e+02, 1.192956e+02
1.000000e+02, 1.191889e+02
1.000000e+02, 1.190835e+02
1.000000e+02, 1.189795e+02
1.000000e+02, 1.188769e+02
1.000000e+02, 1.187757e+02
1.000000e+02, 1.186758e+02
1.000000e+02, 1.185773e+02
1.000000e+02, 1.184802e+02
1.000000e+02, 1.183844e+02
1.000000e+02, 1.182899e+02
1.000000e+02, 1.181968e+02
1.000000e+02, 1.181050e+02
1.000000e+02, 1.180145e+02
1.000000e+02, 1.179254e+02
1.000000e+02, 1.178376e+02
1.000000e+02, 1.177511e+02
1.000000e+02, 1.176659e+02
1.000000e+02, 1.175820e+02
1.000000e+02, 1.174994e+02
1.000000e+02, 1.174181e+02
1.000000e+02, 1.173381e+02
1.000000e+02, 1.172593e+02
1.000000e+02, 1.171819e+02
1.000000e+02, 1.171057e+02
1.000000e+02, 1.170308e+02
1.000000e+02, 1.169571e+02
1.000000e+02, 1.168848e+02
1.000000e+02, 1.168136e+02
1.000000e+02, 1.167438e+02
1.000000e+02, 1.166752e+02
1.000000e+02, 1.166078e+02
1.000000e+02, 1.165417e+02
1.000000e+02, 1.164768e+02
1.000000e+02, 1.164132e+02
1.000000e+02, 1.163508e+02
1.000000e+02, 1.162896e+02
1.000000e+02, 1.162296e+02
1.000000e+02, 1.161709e+02
1.000000e+02, 1.161134e+02
1.000000e+02, 1.160571e+02
1.000000e+02, 1.160020e+02
1.000000e+02, 1.159482e+02
1.000000e+02, 1.158955e+02
1.000000e+02, 1.158441e+02
1.000000e+02, 1.157939e+02
1.000000e+02, 1.157448e+02
1.000000e+02, 1.156970e+02
1.000000e+02, 1.156504e+02
1.000000e+02, 1.156049e+02
1.000000e+02, 1.155607e+02
1.000000e+02, 1.155176e+02
1.000000e+02, 1.154758e+02
1.000000e+02, 1.154351e+02
1.000000e+02, 1.153956e+02
1.000000e+02, 1.153573e+02
1.000000e+02, 1.153202e+02
1.000000e+02, 1.152842e+02
1.000000e+02, 1.152494e+02
1.000000e+02, 1.152158e+02
1.000000e+02, 1.151834e+02
1.000000e+02, 1.151522e+02
1.000000e+02, 1.151221e+02
1.000000e+02, 1.150931e+02
1.000000e+02, 1.150654e+02
1.000000e+02, 1.150388e+02
1.000000e+02, 1.150134e+02
1.000000e+02, 1.149891e+02
1.000000e+02, 1.149661e+02
1.000000e+02, 1.149441e+02
1.000000e+02, 1.149234e+02
1.000000e+02, 1.149037e+02
1.000000e+02, 1.148853e+02
1.000000e+02, 1.148680e+02
1.000000e+02, 1.148519e+02
1.000000e+02, 1.148369e+02
1.000000e+02, 1.148231e+02
1.000000e+02, 1.148104e+02
1.000000e+02, 1.147989e+02
1.000000e+02, 1.147885e+02
1.000000e+02, 1.147793e+02
1.000000e+02, 1.147712e+02
1.000000e+02, 1.147643e+02
1.000000e+02, 1.147586e+02
1.000000e+02, 1.147540e+02
1.000000e+02, 1.147505e+02
1.000000e+02, 1.147482e+02
1.000000e+02, 1.147471e+02
1.000000e+02, 1.147471e+02
1.000000e+02, 1.147482e+02
1.000000e+02, 1.147505e+02
1.000000e+02, 1.147540e+02
1.000000e+02, 1.147586e+02
1.000000e+02, 1.147643e+02
1.000000e+02, 1.147712e+02
1.000000e+02, 1.147793e+02
1.000000e+02, 1.147885e+02
1.000000e+02, 1.147989e+02
1.000000e+02, 1.148104e+02
1.000000e+02, 1.148231e+02
1.000000e+02, 1.148369e+02
1.000000e+02, 1.148519e+02
1.000000e+02, 1.148680e+02
1.000000e+02, 1.148853e+02
1.000000e+02, 1.149037e+02
1.000000e+02, 1.149234e+02
1.000000e+02, 1.149441e+02
1.000000e+02, 1.149661e+02
1.000000e+02, 1.149891e+02
1.000000e+02, 1.150134e+02
1.000000e+02, 1.150388e+02
1.000000e+02, 1.150654e+02
1.000000e+02, 1.150931e+02
1.000000e+02, 1.151221e+02
1.000000e+02, 1.151522e+02
1.000000e+02, 1.151834e+02
1.000000e+02, 1.152158e+02
1.000000e+02, 1.152494e+02
1.000000e+02, 1.152842e+02
1.000000e+02, 1.153202e+02
1.000000e+02, 1.153573e+02
1.000000e+02, 1.153956e+02
1.000000e+02, 1.154351e+02
1.000000e+02, 1.154758e+02
1.000000e+02, 1.155176e+02
1.000000e+02, 1.155607e+02
1.000000e+02, 1.156049e+02
1.000000e+02, 1.156504e+02
1.000000e+02, 1.156970e+02
1.000000e+02, 1.157448e+02
1.000000e+02, 1.157939e+02
1.000000e+02, 1.158441e+02
1.000000e+02, 1.158955e+02
1.000000e+02, 1.159482e+02
1.000000e+02, 1.160020e+02
1.000000e+02, 1.160571e+02
1.000000e+02, 1.161134e+02
1.000000e+02, 1.161709e+02
1.000000e+02, 1.162296e+02
1.000000e+02, 1.162896e+02
1.000000e+02, 1.163508e+02
1.000000e+02, 1.164132e+02
1.000000e+02, 1.164768e+02
1.000000e+02, 1.165417e+02
1.000000e+02, 1.166078e+02
1.000000e+02, 1.166752e+02
1.000000e+02, 1.167438e+02
1.000000e+02, 1.168136e+02
1.000000e+02, 1.168848e+02
1.000000e+02, 1.169571e+02
1.000000e+02, 1.170308e+02
1.000000e+02, 1.171057e+02
1.000000e+02, 1.171819e+02
1.000000e+02, 1.172593e+02
1.000000e+02, 1.173381e+02
1.000000e+02, 1.174181e+02
1.000000e+02, 1.174994e+02
1.000000e+02, 1.175820e+02
1.000000e+02, 1.176659e+02
1.000000e+02, 1.177511e+02
1.000000e+02, 1.178376e+02
1.000000e+02, 1.179254e+02
1.000000e+02, 1.180145e+02
1.000000e+02, 1.181050e+02
1.000000e+02, 1.181968e+02
1.000000e+02, 1.182899e+02
1.000000e+02, 1.183844e+02
1.000000e+02, 1.184802e+02
1.000000e+02, 1.185773e+02
1.000000e+02, 1.186758e+02
1.000000e+02, 1.187757e+02
1.000000e+02, 1.188769e+02
1.000000e+02, 1.189795e+02
1.000000e+02, 1.190835e+02
1.000000e+02, 1.191889e+02
1.000000e+02, 1.192956e+02
1.000000e+02, 1.194038e+02
1.000000e+02, 1.195133e+02
1.000000e+02, 1.196243e+02
1.000000e+02, 1.197367e+02
1.000000e+02, 1.198505e+02
1.000000e+02, 1.199658e+02
1.000000e+02, 1.200825e+02
1.000000e+02, 1.202006e+02
1.000000e+02, 1.203202e+02
1.000000e+02, 1.204413e+02
1.000000e+02, 1.205638e+02
1.000000e+02, 1.206878e+02
1.000000e+02, 1.208133e+02
1.000000e+02, 1.209403e+02
1.000000e+02, 1.210688e+02
1.000000e+02, 1.211989e+02
1.000000e+02, 1.213304e+02
1.000000e+02, 1.214635e+02
1.000000e+02, 1.215981e+02
1.000000e+02, 1.217342e+02
1.000000e+02, 1.218720e+02
1.000000e+02, 1.220113e+02
1.000000e+02, 1.221521e+02
1.000000e+02, 1.222946e+02
1.000000e+02, 1.224387e+02
1.000000e+02, 1.225844e+02
1.000000e+02, 1.227317e+02
1.000000e+02, 1.228806e+02
1.000000e+02, 1.230312e+02
1.000000e+02, 1.231834e+02
1.000000e+02, 1.233374e+02
1.000000e+02, 1.234930e+02
1.000000e+02, 1.236502e+02
1.000000e+02, 1.238092e+02
1.000000e+02, 1.239700e+02
1.000000e+02, 1.241324e+02
1.000000e+02, 1.242966e+02
1.000000e+02, 1.244626e+02
1.000000e+02, 1.246303e+02
1.000000e+02, 1.247998e+02
1.000000e+02, 1.249711e+02
1.000000e+02, 1.251442e+02
1.000000e+02, 1.253192e+02
1.000000e+02, 1.254960e+02
1.000000e+02, 1.256747e+02
1.000000e+02, 1.258553e+02
1.000000e+02, 1.260377e+02
1.000000e+02, 1.262221e+02
1.000000e+02, 1.264084e+02
1.000000e+02, 1.265967e+02
1.000000e+02, 1.267869e+02
1.000000e+02, 1.269791e+02
1.000000e+02, 1.271733e+02
1.000000e+02, 1.273696e+02
1.000000e+02, 1.275679e+02
1.000000e+02, 1.277682e+02
1.000000e+02, 1.279707e+02
1.000000e+02, 1.281752e+02
1.000000e+02, 1.283819e+02
1.000000e+02, 1.285907e+02
1.000000e+02, 1.288017e+02
1.000000e+02, 1.290149e+02
1.000000e+02, 1.292304e+02
1.000000e+02, 1.294481e+02
1.000000e+02, 1.296680e+02
1.000000e+02, 1.298903e+02
1.000000e+02, 1.301149e+02
1.000000e+02, 1.303418e+02
1.000000e+02, 1.305711e+02
1.000000e+02, 1.308029e+02
1.000000e+02, 1.310371e+02
1.000000e+02, 1.312737e+02
1.000000e+02, 1.315129e+02
1.000000e+02, 1.317546e+02
1.000000e+02, 1.319989e+02
1.000000e+02, 1.322457e+02
1.000000e+02, 1.324952e+02
1.000000e+02, 1.327474e+02
1.000000e+02, 1.330024e+02
1.000000e+02, 1.332600e+02
1.000000e+02, 1.335205e+02
1.000000e+02, 1.337838e+02
1.000000e+02, 1.340499e+02
1.000000e+02, 1.343190e+02
1.000000e+02, 1.345911e+02
1.000000e+02, 1.348661e+02
1.000000e+02, 1.351443e+02
1.000000e+02, 1.354255e+02
1.000000e+02, 1.357099e+02
1.000000e+02, 1.359975e+02
1.000000e+02, 1.362883e+02
1.000000e+02, 1.365825e+02
1.000000e+02, 1.368801e+02
1.000000e+02, 1.371811e+02
1.000000e+02, 1.374856e+02
1.000000e+02, 1.377937e+02
1.000000e+02, 1.381054e+02
1.000000e+02, 1.384209e+02
1.000000e+02, 1.387401e+02
1.000000e+02, 1.390631e+02
1.000000e+02, 1.393901e+02
1.000000e+02, 1.397211e+02
1.000000e+02, 1.400562e+02
1.000000e+02, 1.403955e+02
1.000000e+02, 1.407391e+02
1.000000e+02, 1.410871e+02
1.000000e+02, 1.414395e+02
1.000000e+02, 1.417965e+02
1.000000e+02, 1.421582e+02
1.000000e+02, 1.425247e+02
1.000000e+02, 1.428961e+02
1.000000e+02, 1.432725e+02
1.000000e+02, 1.436542e+02
1.000000e+02, 1.440411e+02
1.000000e+02, 1.444335e+02
1.000000e+02, 1.448316e+02
1.000000e+02, 1.452354e+02
1.000000e+02, 1.456451e+02
1.000000e+02, 1.460610e+02
1.000000e+02, 1.464831e+02
1.000000e+02, 1.469118e+02
1.000000e+02, 1.473472e+02
1.000000e+02, 1.477895e+02
1.000000e+02, 1.482390e+02
1.000000e+02, 1.486960e+02
1.000000e+02, 1.491606e+02
1.000000e+02, 1.496332e+02
1.000000e+02, 1.501141e+02
1.000000e+02, 1.506036e+02
1.000000e+02, 1.511021e+02
1.000000e+02, 1.516100e+02
1.000000e+02, 1.521276e+02
1.000000e+02, 1.526554e+02
1.000000e+02, 1.531938e+02
1.000000e+02, 1.537435e+02
1.000000e+02, 1.543048e+02
1.000000e+02, 1.548786e+02
1.000000e+02, 1.554654e+02
1.000000e+02, 1.560660e+02
1.000000e+02, 1.566811e+02
1.000000e+02, 1.573118e+02
1.000000e+02, 1.579589e+02
1.000000e+02, 1.586237e+02
1.000000e+02, 1.593074e+02
1.000000e+02, 1.600114e+02
1.000000e+02, 1.607374e+02
1.000000e+02, 1.614872e+02
1.000000e+02, 1.622630e+02
1.000000e+02, 1.630673e+02
1.000000e+02, 1.639030e+02
1.000000e+02, 1.647738e+02
1.000000e+02, 1.656838e+02
1.000000e+02, 1.666385e+02
1.000000e+02, 1.676442e+02
1.000000e+02, 1.687094e+02
1.000000e+02, 1.698453e+02
1.000000e+02, 1.710668e+02
1.000000e+02, 1.723956e+02
1.000000e+02, 1.738642e+02
1.000000e+02, 1.755266e+02
1.000000e+02, 1.774860e+02
1.000000e+02, 1.800000e+02
##END= 