##TITLE= /opt/topspin3.0/exp/stan/nmr/lists/wave/user/HypSec_trunc2.84_110
##JCAMP-DX= 5.00 Bruker JCAMP library
##DATA TYPE= Shape Data
##ORIGIN= Bruker BioSpin GmbH
##OWNER= <nmrsu>
##DATE= 15/02/24
##TIME= 16:15:04
##MINX= 1.164538e+01
##MAXX= 9.999960e+01
##MINY= 2.546774e-02
##MAXY= 3.585574e+02
##$SHAPE_EXMODE= Adiabatic
##$SHAPE_TOTROT= 1.800000e+02
##$SHAPE_BWFAC= 1.929340e+02
##$SHAPE_INTEGFAC= 2.356110e-02
##$SHAPE_MODE= 0
##NPOINTS= 1000
##XYPOINTS= (XY..XY)
1.000000e+02, 1.800000e+02
1.000000e+02, 1.742205e+02
1.000000e+02, 1.692482e+02
1.000000e+02, 1.648181e+02
1.000000e+02, 1.607853e+02
1.000000e+02, 1.570604e+02
1.000000e+02, 1.535833e+02
1.000000e+02, 1.503112e+02
1.000000e+02, 1.472126e+02
1.000000e+02, 1.442633e+02
1.000000e+02, 1.414444e+02
1.000000e+02, 1.387405e+02
1.000000e+02, 1.361393e+02
1.000000e+02, 1.336304e+02
1.000000e+02, 1.312051e+02
1.000000e+02, 1.288559e+02
1.000000e+02, 1.265767e+02
1.000000e+02, 1.243618e+02
1.000000e+02, 1.222064e+02
1.000000e+02, 1.201063e+02
1.000000e+02, 1.180578e+02
1.000000e+02, 1.160576e+02
1.000000e+02, 1.141025e+02
1.000000e+02, 1.121901e+02
1.000000e+02, 1.103178e+02
1.000000e+02, 1.084834e+02
1.000000e+02, 1.066850e+02
1.000000e+02, 1.049208e+02
1.000000e+02, 1.031890e+02
1.000000e+02, 1.014881e+02
1.000000e+02, 9.981667e+01
1.000000e+02, 9.817347e+01
1.000000e+02, 9.655724e+01
1.000000e+02, 9.496687e+01
1.000000e+02, 9.340130e+01
1.000000e+02, 9.185956e+01
1.000000e+02, 9.034074e+01
1.000000e+02, 8.884399e+01
1.000000e+02, 8.736850e+01
1.000000e+02, 8.591352e+01
1.000000e+02, 8.447835e+01
1.000000e+02, 8.306231e+01
1.000000e+02, 8.166480e+01
1.000000e+02, 8.028520e+01
1.000000e+02, 7.892296e+01
1.000000e+02, 7.757754e+01
1.000000e+02, 7.624846e+01
1.000000e+02, 7.493522e+01
1.000000e+02, 7.363737e+01
1.000000e+02, 7.235449e+01
1.000000e+02, 7.108615e+01
1.000000e+02, 6.983198e+01
1.000000e+02, 6.859159e+01
1.000000e+02, 6.736462e+01
1.000000e+02, 6.615075e+01
1.000000e+02, 6.494964e+01
1.000000e+02, 6.376098e+01
1.000000e+02, 6.258447e+01
1.000000e+02, 6.141983e+01
1.000000e+02, 6.026677e+01
1.000000e+02, 5.912505e+01
1.000000e+02, 5.799439e+01
1.000000e+02, 5.687457e+01
1.000000e+02, 5.576534e+01
1.000000e+02, 5.466649e+01
1.000000e+02, 5.357778e+01
1.000000e+02, 5.249903e+01
1.000000e+02, 5.143001e+01
1.000000e+02, 5.037055e+01
1.000000e+02, 4.932045e+01
1.000000e+02, 4.827953e+01
1.000000e+02, 4.724761e+01
1.000000e+02, 4.622453e+01
1.000000e+02, 4.521013e+01
1.000000e+02, 4.420424e+01
1.000000e+02, 4.320671e+01
1.000000e+02, 4.221740e+01
1.000000e+02, 4.123616e+01
1.000000e+02, 4.026285e+01
1.000000e+02, 3.929734e+01
1.000000e+02, 3.833949e+01
1.000000e+02, 3.738919e+01
1.000000e+02, 3.644630e+01
1.000000e+02, 3.551071e+01
1.000000e+02, 3.458230e+01
1.000000e+02, 3.366095e+01
1.000000e+02, 3.274657e+01
1.000000e+02, 3.183904e+01
1.000000e+02, 3.093827e+01
1.000000e+02, 3.004414e+01
1.000000e+02, 2.915656e+01
1.000000e+02, 2.827543e+01
1.000000e+02, 2.740067e+01
1.000000e+02, 2.653218e+01
1.000000e+02, 2.566988e+01
1.000000e+02, 2.481367e+01
1.000000e+02, 2.396348e+01
1.000000e+02, 2.311922e+01
1.000000e+02, 2.228081e+01
1.000000e+02, 2.144818e+01
1.000000e+02, 2.062125e+01
1.000000e+02, 1.979995e+01
1.000000e+02, 1.898420e+01
1.000000e+02, 1.817394e+01
1.000000e+02, 1.736909e+01
1.000000e+02, 1.656959e+01
1.000000e+02, 1.577537e+01
1.000000e+02, 1.498636e+01
1.000000e+02, 1.420252e+01
1.000000e+02, 1.342377e+01
1.000000e+02, 1.265005e+01
1.000000e+02, 1.188131e+01
1.000000e+02, 1.111748e+01
1.000000e+02, 1.035852e+01
1.000000e+02, 9.604366e+00
1.000000e+02, 8.854965e+00
1.000000e+02, 8.110265e+00
1.000000e+02, 7.370214e+00
1.000000e+02, 6.634762e+00
1.000000e+02, 5.903859e+00
1.000000e+02, 5.177457e+00
1.000000e+02, 4.455509e+00
1.000000e+02, 3.737968e+00
1.000000e+02, 3.024789e+00
1.000000e+02, 2.315926e+00
1.000000e+02, 1.611336e+00
1.000000e+02, 9.109767e-01
1.000000e+02, 2.148052e-01
1.000000e+02, 3.595228e+02
1.000000e+02, 3.588349e+02
1.000000e+02, 3.581510e+02
1.000000e+02, 3.574712e+02
1.000000e+02, 3.567953e+02
1.000000e+02, 3.561235e+02
1.000000e+02, 3.554555e+02
1.000000e+02, 3.547914e+02
1.000000e+02, 3.541312e+02
1.000000e+02, 3.534747e+02
1.000000e+02, 3.528220e+02
1.000000e+02, 3.521731e+02
1.000000e+02, 3.515279e+02
1.000000e+02, 3.508863e+02
1.000000e+02, 3.502484e+02
1.000000e+02, 3.496141e+02
1.000000e+02, 3.489834e+02
1.000000e+02, 3.483563e+02
1.000000e+02, 3.477326e+02
1.000000e+02, 3.471125e+02
1.000000e+02, 3.464958e+02
1.000000e+02, 3.458825e+02
1.000000e+02, 3.452726e+02
1.000000e+02, 3.446662e+02
1.000000e+02, 3.440630e+02
1.000000e+02, 3.434632e+02
1.000000e+02, 3.428667e+02
1.000000e+02, 3.422735e+02
1.000000e+02, 3.416835e+02
1.000000e+02, 3.410967e+02
1.000000e+02, 3.405131e+02
1.000000e+02, 3.399327e+02
1.000000e+02, 3.393555e+02
1.000000e+02, 3.387813e+02
1.000000e+02, 3.382103e+02
1.000000e+02, 3.376423e+02
1.000000e+02, 3.370775e+02
1.000000e+02, 3.365156e+02
1.000000e+02, 3.359568e+02
1.000000e+02, 3.354009e+02
1.000000e+02, 3.348480e+02
1.000000e+02, 3.342981e+02
1.000000e+02, 3.337511e+02
1.000000e+02, 3.332070e+02
1.000000e+02, 3.326658e+02
1.000000e+02, 3.321275e+02
1.000000e+02, 3.315920e+02
1.000000e+02, 3.310593e+02
1.000000e+02, 3.305295e+02
1.000000e+02, 3.300024e+02
1.000000e+02, 3.294782e+02
1.000000e+02, 3.289566e+02
1.000000e+02, 3.284379e+02
1.000000e+02, 3.279218e+02
1.000000e+02, 3.274085e+02
1.000000e+02, 3.268978e+02
1.000000e+02, 3.263898e+02
1.000000e+02, 3.258845e+02
1.000000e+02, 3.253818e+02
1.000000e+02, 3.248817e+02
1.000000e+02, 3.243842e+02
1.000000e+02, 3.238894e+02
1.000000e+02, 3.233971e+02
1.000000e+02, 3.229073e+02
1.000000e+02, 3.224201e+02
1.000000e+02, 3.219354e+02
1.000000e+02, 3.214533e+02
1.000000e+02, 3.209736e+02
1.000000e+02, 3.204965e+02
1.000000e+02, 3.200218e+02
1.000000e+02, 3.195495e+02
1.000000e+02, 3.190797e+02
1.000000e+02, 3.186124e+02
1.000000e+02, 3.181474e+02
1.000000e+02, 3.176849e+02
1.000000e+02, 3.172247e+02
1.000000e+02, 3.167669e+02
1.000000e+02, 3.163115e+02
1.000000e+02, 3.158584e+02
1.000000e+02, 3.154077e+02
1.000000e+02, 3.149593e+02
1.000000e+02, 3.145132e+02
1.000000e+02, 3.140695e+02
1.000000e+02, 3.136280e+02
1.000000e+02, 3.131888e+02
1.000000e+02, 3.127518e+02
1.000000e+02, 3.123171e+02
1.000000e+02, 3.118847e+02
1.000000e+02, 3.114545e+02
1.000000e+02, 3.110265e+02
1.000000e+02, 3.106007e+02
1.000000e+02, 3.101772e+02
1.000000e+02, 3.097558e+02
1.000000e+02, 3.093366e+02
1.000000e+02, 3.089195e+02
1.000000e+02, 3.085047e+02
1.000000e+02, 3.080919e+02
1.000000e+02, 3.076814e+02
1.000000e+02, 3.072729e+02
1.000000e+02, 3.068665e+02
1.000000e+02, 3.064623e+02
1.000000e+02, 3.060602e+02
1.000000e+02, 3.056601e+02
1.000000e+02, 3.052622e+02
1.000000e+02, 3.048663e+02
1.000000e+02, 3.044724e+02
1.000000e+02, 3.040807e+02
1.000000e+02, 3.036909e+02
1.000000e+02, 3.033032e+02
1.000000e+02, 3.029175e+02
1.000000e+02, 3.025339e+02
1.000000e+02, 3.021522e+02
1.000000e+02, 3.017726e+02
1.000000e+02, 3.013949e+02
1.000000e+02, 3.010192e+02
1.000000e+02, 3.006455e+02
1.000000e+02, 3.002738e+02
1.000000e+02, 2.999040e+02
1.000000e+02, 2.995362e+02
1.000000e+02, 2.991703e+02
1.000000e+02, 2.988064e+02
1.000000e+02, 2.984443e+02
1.000000e+02, 2.980842e+02
1.000000e+02, 2.977260e+02
1.000000e+02, 2.973697e+02
1.000000e+02, 2.970154e+02
1.000000e+02, 2.966629e+02
1.000000e+02, 2.963122e+02
1.000000e+02, 2.959635e+02
1.000000e+02, 2.956166e+02
1.000000e+02, 2.952716e+02
1.000000e+02, 2.949284e+02
1.000000e+02, 2.945871e+02
1.000000e+02, 2.942476e+02
1.000000e+02, 2.939100e+02
1.000000e+02, 2.935742e+02
1.000000e+02, 2.932402e+02
1.000000e+02, 2.929080e+02
1.000000e+02, 2.925776e+02
1.000000e+02, 2.922491e+02
1.000000e+02, 2.919223e+02
1.000000e+02, 2.915973e+02
1.000000e+02, 2.912741e+02
1.000000e+02, 2.909526e+02
1.000000e+02, 2.906330e+02
1.000000e+02, 2.903151e+02
1.000000e+02, 2.899989e+02
1.000000e+02, 2.896845e+02
1.000000e+02, 2.893719e+02
1.000000e+02, 2.890610e+02
1.000000e+02, 2.887518e+02
1.000000e+02, 2.884444e+02
1.000000e+02, 2.881387e+02
1.000000e+02, 2.878346e+02
1.000000e+02, 2.875324e+02
1.000000e+02, 2.872318e+02
1.000000e+02, 2.869329e+02
1.000000e+02, 2.866357e+02
1.000000e+02, 2.863402e+02
1.000000e+02, 2.860464e+02
1.000000e+02, 2.857542e+02
1.000000e+02, 2.854638e+02
1.000000e+02, 2.851750e+02
1.000000e+02, 2.848879e+02
1.000000e+02, 2.846024e+02
1.000000e+02, 2.843186e+02
1.000000e+02, 2.840364e+02
1.000000e+02, 2.837559e+02
1.000000e+02, 2.834770e+02
1.000000e+02, 2.831998e+02
1.000000e+02, 2.829242e+02
1.000000e+02, 2.826502e+02
1.000000e+02, 2.823778e+02
1.000000e+02, 2.821071e+02
1.000000e+02, 2.818379e+02
1.000000e+02, 2.815704e+02
1.000000e+02, 2.813045e+02
1.000000e+02, 2.810401e+02
1.000000e+02, 2.807774e+02
1.000000e+02, 2.805163e+02
1.000000e+02, 2.802567e+02
1.000000e+02, 2.799987e+02
1.000000e+02, 2.797423e+02
1.000000e+02, 2.794875e+02
1.000000e+02, 2.792342e+02
1.000000e+02, 2.789825e+02
1.000000e+02, 2.787324e+02
1.000000e+02, 2.784838e+02
1.000000e+02, 2.782368e+02
1.000000e+02, 2.779913e+02
1.000000e+02, 2.777474e+02
1.000000e+02, 2.775050e+02
1.000000e+02, 2.772642e+02
1.000000e+02, 2.770248e+02
1.000000e+02, 2.767871e+02
1.000000e+02, 2.765508e+02
1.000000e+02, 2.763161e+02
1.000000e+02, 2.760828e+02
1.000000e+02, 2.758511e+02
1.000000e+02, 2.756209e+02
1.000000e+02, 2.753923e+02
1.000000e+02, 2.751651e+02
1.000000e+02, 2.749394e+02
1.000000e+02, 2.747152e+02
1.000000e+02, 2.744925e+02
1.000000e+02, 2.742713e+02
1.000000e+02, 2.740516e+02
1.000000e+02, 2.738334e+02
1.000000e+02, 2.736167e+02
1.000000e+02, 2.734014e+02
1.000000e+02, 2.731876e+02
1.000000e+02, 2.729753e+02
1.000000e+02, 2.727644e+02
1.000000e+02, 2.725550e+02
1.000000e+02, 2.723471e+02
1.000000e+02, 2.721407e+02
1.000000e+02, 2.719357e+02
1.000000e+02, 2.717321e+02
1.000000e+02, 2.715300e+02
1.000000e+02, 2.713293e+02
1.000000e+02, 2.711301e+02
1.000000e+02, 2.709324e+02
1.000000e+02, 2.707360e+02
1.000000e+02, 2.705411e+02
1.000000e+02, 2.703477e+02
1.000000e+02, 2.701556e+02
1.000000e+02, 2.699650e+02
1.000000e+02, 2.697758e+02
1.000000e+02, 2.695881e+02
1.000000e+02, 2.694017e+02
1.000000e+02, 2.692168e+02
1.000000e+02, 2.690333e+02
1.000000e+02, 2.688512e+02
1.000000e+02, 2.686705e+02
1.000000e+02, 2.684913e+02
1.000000e+02, 2.683134e+02
1.000000e+02, 2.681369e+02
1.000000e+02, 2.679618e+02
1.000000e+02, 2.677881e+02
1.000000e+02, 2.676159e+02
1.000000e+02, 2.674450e+02
1.000000e+02, 2.672755e+02
1.000000e+02, 2.671074e+02
1.000000e+02, 2.669406e+02
1.000000e+02, 2.667753e+02
1.000000e+02, 2.666113e+02
1.000000e+02, 2.664487e+02
1.000000e+02, 2.662875e+02
1.000000e+02, 2.661277e+02
1.000000e+02, 2.659692e+02
1.000000e+02, 2.658121e+02
1.000000e+02, 2.656564e+02
1.000000e+02, 2.655020e+02
1.000000e+02, 2.653490e+02
1.000000e+02, 2.651974e+02
1.000000e+02, 2.650471e+02
1.000000e+02, 2.648982e+02
1.000000e+02, 2.647506e+02
1.000000e+02, 2.646044e+02
1.000000e+02, 2.644595e+02
1.000000e+02, 2.643160e+02
1.000000e+02, 2.641738e+02
1.000000e+02, 2.640330e+02
1.000000e+02, 2.638935e+02
1.000000e+02, 2.637554e+02
1.000000e+02, 2.636186e+02
1.000000e+02, 2.634831e+02
1.000000e+02, 2.633490e+02
1.000000e+02, 2.632162e+02
1.000000e+02, 2.630848e+02
1.000000e+02, 2.629547e+02
1.000000e+02, 2.628259e+02
1.000000e+02, 2.626984e+02
1.000000e+02, 2.625723e+02
1.000000e+02, 2.624475e+02
1.000000e+02, 2.623240e+02
1.000000e+02, 2.622018e+02
1.000000e+02, 2.620810e+02
1.000000e+02, 2.619614e+02
1.000000e+02, 2.618432e+02
1.000000e+02, 2.617263e+02
1.000000e+02, 2.616107e+02
1.000000e+02, 2.614965e+02
1.000000e+02, 2.613835e+02
1.000000e+02, 2.612719e+02
1.000000e+02, 2.611615e+02
1.000000e+02, 2.610525e+02
1.000000e+02, 2.609448e+02
1.000000e+02, 2.608383e+02
1.000000e+02, 2.607332e+02
1.000000e+02, 2.606294e+02
1.000000e+02, 2.605269e+02
1.000000e+02, 2.604257e+02
1.000000e+02, 2.603257e+02
1.000000e+02, 2.602271e+02
1.000000e+02, 2.601298e+02
1.000000e+02, 2.600337e+02
1.000000e+02, 2.599390e+02
1.000000e+02, 2.598455e+02
1.000000e+02, 2.597534e+02
1.000000e+02, 2.596625e+02
1.000000e+02, 2.595729e+02
1.000000e+02, 2.594846e+02
1.000000e+02, 2.593976e+02
1.000000e+02, 2.593119e+02
1.000000e+02, 2.592274e+02
1.000000e+02, 2.591443e+02
1.000000e+02, 2.590624e+02
1.000000e+02, 2.589818e+02
1.000000e+02, 2.589025e+02
1.000000e+02, 2.588244e+02
1.000000e+02, 2.587477e+02
1.000000e+02, 2.586722e+02
1.000000e+02, 2.585980e+02
1.000000e+02, 2.585251e+02
1.000000e+02, 2.584534e+02
1.000000e+02, 2.583830e+02
1.000000e+02, 2.583139e+02
1.000000e+02, 2.582460e+02
1.000000e+02, 2.581795e+02
1.000000e+02, 2.581142e+02
1.000000e+02, 2.580501e+02
1.000000e+02, 2.579874e+02
1.000000e+02, 2.579259e+02
1.000000e+02, 2.578656e+02
1.000000e+02, 2.578067e+02
1.000000e+02, 2.577490e+02
1.000000e+02, 2.576925e+02
1.000000e+02, 2.576374e+02
1.000000e+02, 2.575835e+02
1.000000e+02, 2.575308e+02
1.000000e+02, 2.574794e+02
1.000000e+02, 2.574293e+02
1.000000e+02, 2.573804e+02
1.000000e+02, 2.573328e+02
1.000000e+02, 2.572865e+02
1.000000e+02, 2.572414e+02
1.000000e+02, 2.571976e+02
1.000000e+02, 2.571550e+02
1.000000e+02, 2.571137e+02
1.000000e+02, 2.570737e+02
1.000000e+02, 2.570349e+02
1.000000e+02, 2.569973e+02
1.000000e+02, 2.569610e+02
1.000000e+02, 2.569260e+02
1.000000e+02, 2.568922e+02
1.000000e+02, 2.568597e+02
1.000000e+02, 2.568285e+02
1.000000e+02, 2.567984e+02
1.000000e+02, 2.567697e+02
1.000000e+02, 2.567422e+02
1.000000e+02, 2.567159e+02
1.000000e+02, 2.566909e+02
1.000000e+02, 2.566672e+02
1.000000e+02, 2.566447e+02
1.000000e+02, 2.566234e+02
1.000000e+02, 2.566034e+02
1.000000e+02, 2.565847e+02
1.000000e+02, 2.565672e+02
1.000000e+02, 2.565509e+02
1.000000e+02, 2.565360e+02
1.000000e+02, 2.565222e+02
1.000000e+02, 2.565097e+02
1.000000e+02, 2.564985e+02
1.000000e+02, 2.564885e+02
1.000000e+02, 2.564797e+02
1.000000e+02, 2.564722e+02
1.000000e+02, 2.564660e+02
1.000000e+02, 2.564610e+02
1.000000e+02, 2.564572e+02
1.000000e+02, 2.564548e+02
1.000000e+02, 2.564535e+02
1.000000e+02, 2.564535e+02
1.000000e+02, 2.564548e+02
1.000000e+02, 2.564572e+02
1.000000e+02, 2.564610e+02
1.000000e+02, 2.564660e+02
1.000000e+02, 2.564722e+02
1.000000e+02, 2.564797e+02
1.000000e+02, 2.564885e+02
1.000000e+02, 2.564985e+02
1.000000e+02, 2.565097e+02
1.000000e+02, 2.565222e+02
1.000000e+02, 2.565360e+02
1.000000e+02, 2.565509e+02
1.000000e+02, 2.565672e+02
1.000000e+02, 2.565847e+02
1.000000e+02, 2.566034e+02
1.000000e+02, 2.566234e+02
1.000000e+02, 2.566447e+02
1.000000e+02, 2.566672e+02
1.000000e+02, 2.566909e+02
1.000000e+02, 2.567159e+02
1.000000e+02, 2.567422e+02
1.000000e+02, 2.567697e+02
1.000000e+02, 2.567984e+02
1.000000e+02, 2.568285e+02
1.000000e+02, 2.568597e+02
1.000000e+02, 2.568922e+02
1.000000e+02, 2.569260e+02
1.000000e+02, 2.569610e+02
1.000000e+02, 2.569973e+02
1.000000e+02, 2.570349e+02
1.000000e+02, 2.570737e+02
1.000000e+02, 2.571137e+02
1.000000e+02, 2.571550e+02
1.000000e+02, 2.571976e+02
1.000000e+02, 2.572414e+02
1.000000e+02, 2.572865e+02
1.000000e+02, 2.573328e+02
1.000000e+02, 2.573804e+02
1.000000e+02, 2.574293e+02
1.000000e+02, 2.574794e+02
1.000000e+02, 2.575308e+02
1.000000e+02, 2.575835e+02
1.000000e+02, 2.576374e+02
1.000000e+02, 2.576925e+02
1.000000e+02, 2.577490e+02
1.000000e+02, 2.578067e+02
1.000000e+02, 2.578656e+02
1.000000e+02, 2.579259e+02
1.000000e+02, 2.579874e+02
1.000000e+02, 2.580501e+02
1.000000e+02, 2.581142e+02
1.000000e+02, 2.581795e+02
1.000000e+02, 2.582460e+02
1.000000e+02, 2.583139e+02
1.000000e+02, 2.583830e+02
1.000000e+02, 2.584534e+02
1.000000e+02, 2.585251e+02
1.000000e+02, 2.585980e+02
1.000000e+02, 2.586722e+02
1.000000e+02, 2.587477e+02
1.000000e+02, 2.588244e+02
1.000000e+02, 2.589025e+02
1.000000e+02, 2.589818e+02
1.000000e+02, 2.590624e+02
1.000000e+02, 2.591443e+02
1.000000e+02, 2.592274e+02
1.000000e+02, 2.593119e+02
1.000000e+02, 2.593976e+02
1.000000e+02, 2.594846e+02
1.000000e+02, 2.595729e+02
1.000000e+02, 2.596625e+02
1.000000e+02, 2.597534e+02
1.000000e+02, 2.598455e+02
1.000000e+02, 2.599390e+02
1.000000e+02, 2.600337e+02
1.000000e+02, 2.601298e+02
1.000000e+02, 2.602271e+02
1.000000e+02, 2.603257e+02
1.000000e+02, 2.604257e+02
1.000000e+02, 2.605269e+02
1.000000e+02, 2.606294e+02
1.000000e+02, 2.607332e+02
1.000000e+02, 2.608383e+02
1.000000e+02, 2.609448e+02
1.000000e+02, 2.610525e+02
1.000000e+02, 2.611615e+02
1.000000e+02, 2.612719e+02
1.000000e+02, 2.613835e+02
1.000000e+02, 2.614965e+02
1.000000e+02, 2.616107e+02
1.000000e+02, 2.617263e+02
1.000000e+02, 2.618432e+02
1.000000e+02, 2.619614e+02
1.000000e+02, 2.620810e+02
1.000000e+02, 2.622018e+02
1.000000e+02, 2.623240e+02
1.000000e+02, 2.624475e+02
1.000000e+02, 2.625723e+02
1.000000e+02, 2.626984e+02
1.000000e+02, 2.628259e+02
1.000000e+02, 2.629547e+02
1.000000e+02, 2.630848e+02
1.000000e+02, 2.632162e+02
1.000000e+02, 2.633490e+02
1.000000e+02, 2.634831e+02
1.000000e+02, 2.636186e+02
1.000000e+02, 2.637554e+02
1.000000e+02, 2.638935e+02
1.000000e+02, 2.640330e+02
1.000000e+02, 2.641738e+02
1.000000e+02, 2.643160e+02
1.000000e+02, 2.644595e+02
1.000000e+02, 2.646044e+02
1.000000e+02, 2.647506e+02
1.000000e+02, 2.648982e+02
1.000000e+02, 2.650471e+02
1.000000e+02, 2.651974e+02
1.000000e+02, 2.653490e+02
1.000000e+02, 2.655020e+02
1.000000e+02, 2.656564e+02
1.000000e+02, 2.658121e+02
1.000000e+02, 2.659692e+02
1.000000e+02, 2.661277e+02
1.000000e+02, 2.662875e+02
1.000000e+02, 2.664487e+02
1.000000e+02, 2.666113e+02
1.000000e+02, 2.667753e+02
1.000000e+02, 2.669406e+02
1.000000e+02, 2.671074e+02
1.000000e+02, 2.672755e+02
1.000000e+02, 2.674450e+02
1.000000e+02, 2.676159e+02
1.000000e+02, 2.677881e+02
1.000000e+02, 2.679618e+02
1.000000e+02, 2.681369e+02
1.000000e+02, 2.683134e+02
1.000000e+02, 2.684913e+02
1.000000e+02, 2.686705e+02
1.000000e+02, 2.688512e+02
1.000000e+02, 2.690333e+02
1.000000e+02, 2.692168e+02
1.000000e+02, 2.694018e+02
1.000000e+02, 2.695881e+02
1.000000e+02, 2.697758e+02
1.000000e+02, 2.699650e+02
1.000000e+02, 2.701556e+02
1.000000e+02, 2.703477e+02
1.000000e+02, 2.705411e+02
1.000000e+02, 2.707360e+02
1.000000e+02, 2.709324e+02
1.000000e+02, 2.711301e+02
1.000000e+02, 2.713293e+02
1.000000e+02, 2.715300e+02
1.000000e+02, 2.717321e+02
1.000000e+02, 2.719357e+02
1.000000e+02, 2.721407e+02
1.000000e+02, 2.723471e+02
1.000000e+02, 2.725550e+02
1.000000e+02, 2.727644e+02
1.000000e+02, 2.729753e+02
1.000000e+02, 2.731876e+02
1.000000e+02, 2.734014e+02
1.000000e+02, 2.736167e+02
1.000000e+02, 2.738334e+02
1.000000e+02, 2.740516e+02
1.000000e+02, 2.742713e+02
1.000000e+02, 2.744925e+02
1.000000e+02, 2.747152e+02
1.000000e+02, 2.749394e+02
1.000000e+02, 2.751651e+02
1.000000e+02, 2.753923e+02
1.000000e+02, 2.756209e+02
1.000000e+02, 2.758511e+02
1.000000e+02, 2.760828e+02
1.000000e+02, 2.763161e+02
1.000000e+02, 2.765508e+02
1.000000e+02, 2.767871e+02
1.000000e+02, 2.770248e+02
1.000000e+02, 2.772642e+02
1.000000e+02, 2.775050e+02
1.000000e+02, 2.777474e+02
1.000000e+02, 2.779913e+02
1.000000e+02, 2.782368e+02
1.000000e+02, 2.784838e+02
1.000000e+02, 2.787324e+02
1.000000e+02, 2.789825e+02
1.000000e+02, 2.792342e+02
1.000000e+02, 2.794875e+02
1.000000e+02, 2.797423e+02
1.000000e+02, 2.799987e+02
1.000000e+02, 2.802567e+02
1.000000e+02, 2.805163e+02
1.000000e+02, 2.807774e+02
1.000000e+02, 2.810401e+02
1.000000e+02, 2.813045e+02
1.000000e+02, 2.815704e+02
1.000000e+02, 2.818379e+02
1.000000e+02, 2.821071e+02
1.000000e+02, 2.823778e+02
1.000000e+02, 2.826502e+02
1.000000e+02, 2.829242e+02
1.000000e+02, 2.831998e+02
1.000000e+02, 2.834770e+02
1.000000e+02, 2.837559e+02
1.000000e+02, 2.840364e+02
1.000000e+02, 2.843186e+02
1.000000e+02, 2.846024e+02
1.000000e+02, 2.848879e+02
1.000000e+02, 2.851750e+02
1.000000e+02, 2.854638e+02
1.000000e+02, 2.857542e+02
1.000000e+02, 2.860464e+02
1.000000e+02, 2.863402e+02
1.000000e+02, 2.866357e+02
1.000000e+02, 2.869329e+02
1.000000e+02, 2.872318e+02
1.000000e+02, 2.875324e+02
1.000000e+02, 2.878346e+02
1.000000e+02, 2.881387e+02
1.000000e+02, 2.884444e+02
1.000000e+02, 2.887518e+02
1.000000e+02, 2.890610e+02
1.000000e+02, 2.893719e+02
1.000000e+02, 2.896845e+02
1.000000e+02, 2.899989e+02
1.000000e+02, 2.903151e+02
1.000000e+02, 2.906330e+02
1.000000e+02, 2.909526e+02
1.000000e+02, 2.912741e+02
1.000000e+02, 2.915973e+02
1.000000e+02, 2.919223e+02
1.000000e+02, 2.922491e+02
1.000000e+02, 2.925776e+02
1.000000e+02, 2.929080e+02
1.000000e+02, 2.932402e+02
1.000000e+02, 2.935742e+02
1.000000e+02, 2.939100e+02
1.000000e+02, 2.942476e+02
1.000000e+02, 2.945871e+02
1.000000e+02, 2.949284e+02
1.000000e+02, 2.952716e+02
1.000000e+02, 2.956166e+02
1.000000e+02, 2.959635e+02
1.000000e+02, 2.963122e+02
1.000000e+02, 2.966629e+02
1.000000e+02, 2.970154e+02
1.000000e+02, 2.973697e+02
1.000000e+02, 2.977260e+02
1.000000e+02, 2.980842e+02
1.000000e+02, 2.984443e+02
1.000000e+02, 2.988064e+02
1.000000e+02, 2.991703e+02
1.000000e+02, 2.995362e+02
1.000000e+02, 2.999040e+02
1.000000e+02, 3.002738e+02
1.000000e+02, 3.006455e+02
1.000000e+02, 3.010192e+02
1.000000e+02, 3.013949e+02
1.000000e+02, 3.017726e+02
1.000000e+02, 3.021522e+02
1.000000e+02, 3.025339e+02
1.000000e+02, 3.029175e+02
1.000000e+02, 3.033032e+02
1.000000e+02, 3.036909e+02
1.000000e+02, 3.040807e+02
1.000000e+02, 3.044724e+02
1.000000e+02, 3.048663e+02
1.000000e+02, 3.052622e+02
1.000000e+02, 3.056601e+02
1.000000e+02, 3.060602e+02
1.000000e+02, 3.064623e+02
1.000000e+02, 3.068665e+02
1.000000e+02, 3.072729e+02
1.000000e+02, 3.076814e+02
1.000000e+02, 3.080919e+02
1.000000e+02, 3.085047e+02
1.000000e+02, 3.089195e+02
1.000000e+02, 3.093366e+02
1.000000e+02, 3.097558e+02
1.000000e+02, 3.101772e+02
1.000000e+02, 3.106007e+02
1.000000e+02, 3.110265e+02
1.000000e+02, 3.114545e+02
1.000000e+02, 3.118847e+02
1.000000e+02, 3.123171e+02
1.000000e+02, 3.127518e+02
1.000000e+02, 3.131888e+02
1.000000e+02, 3.136280e+02
1.000000e+02, 3.140695e+02
1.000000e+02, 3.145132e+02
1.000000e+02, 3.149593e+02
1.000000e+02, 3.154077e+02
1.000000e+02, 3.158584e+02
1.000000e+02, 3.163115e+02
1.000000e+02, 3.167669e+02
1.000000e+02, 3.172247e+02
1.000000e+02, 3.176849e+02
1.000000e+02, 3.181474e+02
1.000000e+02, 3.186124e+02
1.000000e+02, 3.190797e+02
1.000000e+02, 3.195495e+02
1.000000e+02, 3.200218e+02
1.000000e+02, 3.204965e+02
1.000000e+02, 3.209736e+02
1.000000e+02, 3.214533e+02
1.000000e+02, 3.219354e+02
1.000000e+02, 3.224201e+02
1.000000e+02, 3.229073e+02
1.000000e+02, 3.233971e+02
1.000000e+02, 3.238894e+02
1.000000e+02, 3.243842e+02
1.000000e+02, 3.248817e+02
1.000000e+02, 3.253818e+02
1.000000e+02, 3.258845e+02
1.000000e+02, 3.263898e+02
1.000000e+02, 3.268978e+02
1.000000e+02, 3.274085e+02
1.000000e+02, 3.279218e+02
1.000000e+02, 3.284379e+02
1.000000e+02, 3.289566e+02
1.000000e+02, 3.294782e+02
1.000000e+02, 3.300024e+02
1.000000e+02, 3.305295e+02
1.000000e+02, 3.310593e+02
1.000000e+02, 3.315920e+02
1.000000e+02, 3.321275e+02
1.000000e+02, 3.326658e+02
1.000000e+02, 3.332070e+02
1.000000e+02, 3.337511e+02
1.000000e+02, 3.342981e+02
1.000000e+02, 3.348480e+02
1.000000e+02, 3.354009e+02
1.000000e+02, 3.359568e+02
1.000000e+02, 3.365156e+02
1.000000e+02, 3.370775e+02
1.000000e+02, 3.376424e+02
1.000000e+02, 3.382103e+02
1.000000e+02, 3.387813e+02
1.000000e+02, 3.393555e+02
1.000000e+02, 3.399327e+02
1.000000e+02, 3.405131e+02
1.000000e+02, 3.410967e+02
1.000000e+02, 3.416835e+02
1.000000e+02, 3.422735e+02
1.000000e+02, 3.428667e+02
1.000000e+02, 3.434632e+02
1.000000e+02, 3.440630e+02
1.000000e+02, 3.446662e+02
1.000000e+02, 3.452726e+02
1.000000e+02, 3.458825e+02
1.000000e+02, 3.464958e+02
1.000000e+02, 3.471125e+02
1.000000e+02, 3.477326e+02
1.000000e+02, 3.483563e+02
1.000000e+02, 3.489834e+02
1.000000e+02, 3.496141e+02
1.000000e+02, 3.502484e+02
1.000000e+02, 3.508863e+02
1.000000e+02, 3.515279e+02
1.000000e+02, 3.521731e+02
1.000000e+02, 3.528220e+02
1.000000e+02, 3.534747e+02
1.000000e+02, 3.541312e+02
1.000000e+02, 3.547914e+02
1.000000e+02, 3.554555e+02
1.000000e+02, 3.561235e+02
1.000000e+02, 3.567954e+02
1.000000e+02, 3.574712e+02
1.000000e+02, 3.581510e+02
1.000000e+02, 3.588349e+02
1.000000e+02, 3.595228e+02
1.000000e+02, 2.148078e-01
1.000000e+02, 9.109793e-01
1.000000e+02, 1.611339e+00
1.000000e+02, 2.315928e+00
1.000000e+02, 3.024791e+00
1.000000e+02, 3.737971e+00
1.000000e+02, 4.455512e+00
1.000000e+02, 5.177460e+00
1.000000e+02, 5.903861e+00
1.000000e+02, 6.634764e+00
1.000000e+02, 7.370216e+00
1.000000e+02, 8.110267e+00
1.000000e+02, 8.854968e+00
1.000000e+02, 9.604369e+00
1.000000e+02, 1.035852e+01
1.000000e+02, 1.111749e+01
1.000000e+02, 1.188131e+01
1.000000e+02, 1.265005e+01
1.000000e+02, 1.342377e+01
1.000000e+02, 1.420252e+01
1.000000e+02, 1.498637e+01
1.000000e+02, 1.577537e+01
1.000000e+02, 1.656959e+01
1.000000e+02, 1.736909e+01
1.000000e+02, 1.817394e+01
1.000000e+02, 1.898420e+01
1.000000e+02, 1.979995e+01
1.000000e+02, 2.062126e+01
1.000000e+02, 2.144819e+01
1.000000e+02, 2.228082e+01
1.000000e+02, 2.311922e+01
1.000000e+02, 2.396348e+01
1.000000e+02, 2.481367e+01
1.000000e+02, 2.566988e+01
1.000000e+02, 2.653218e+01
1.000000e+02, 2.740067e+01
1.000000e+02, 2.827543e+01
1.000000e+02, 2.915656e+01
1.000000e+02, 3.004414e+01
1.000000e+02, 3.093827e+01
1.000000e+02, 3.183905e+01
1.000000e+02, 3.274658e+01
1.000000e+02, 3.366096e+01
1.000000e+02, 3.458230e+01
1.000000e+02, 3.551071e+01
1.000000e+02, 3.644630e+01
1.000000e+02, 3.738919e+01
1.000000e+02, 3.833949e+01
1.000000e+02, 3.929734e+01
1.000000e+02, 4.026285e+01
1.000000e+02, 4.123616e+01
1.000000e+02, 4.221740e+01
1.000000e+02, 4.320671e+01
1.000000e+02, 4.420424e+01
1.000000e+02, 4.521013e+01
1.000000e+02, 4.622454e+01
1.000000e+02, 4.724761e+01
1.000000e+02, 4.827953e+01
1.000000e+02, 4.932045e+01
1.000000e+02, 5.037055e+01
1.000000e+02, 5.143002e+01
1.000000e+02, 5.249903e+01
1.000000e+02, 5.357779e+01
1.000000e+02, 5.466649e+01
1.000000e+02, 5.576535e+01
1.000000e+02, 5.687457e+01
1.000000e+02, 5.799440e+01
1.000000e+02, 5.912505e+01
1.000000e+02, 6.026678e+01
1.000000e+02, 6.141983e+01
1.000000e+02, 6.258447e+01
1.000000e+02, 6.376098e+01
1.000000e+02, 6.494964e+01
1.000000e+02, 6.615075e+01
1.000000e+02, 6.736463e+01
1.000000e+02, 6.859159e+01
1.000000e+02, 6.983198e+01
1.000000e+02, 7.108615e+01
1.000000e+02, 7.235449e+01
1.000000e+02, 7.363737e+01
1.000000e+02, 7.493522e+01
1.000000e+02, 7.624846e+01
1.000000e+02, 7.757755e+01
1.000000e+02, 7.892296e+01
1.000000e+02, 8.028520e+01
1.000000e+02, 8.166480e+01
1.000000e+02, 8.306232e+01
1.000000e+02, 8.447835e+01
1.000000e+02, 8.591352e+01
1.000000e+02, 8.736850e+01
1.000000e+02, 8.884399e+01
1.000000e+02, 9.034075e+01
1.000000e+02, 9.185957e+01
1.000000e+02, 9.340130e+01
1.000000e+02, 9.496687e+01
1.000000e+02, 9.655724e+01
1.000000e+02, 9.817347e+01
1.000000e+02, 9.981667e+01
1.000000e+02, 1.014881e+02
1.000000e+02, 1.031890e+02
1.000000e+02, 1.049208e+02
1.000000e+02, 1.066851e+02
1.000000e+02, 1.084834e+02
1.000000e+02, 1.103178e+02
1.000000e+02, 1.121901e+02
1.000000e+02, 1.141025e+02
1.000000e+02, 1.160576e+02
1.000000e+02, 1.180578e+02
1.000000e+02, 1.201063e+02
1.000000e+02, 1.222064e+02
1.000000e+02, 1.243618e+02
1.000000e+02, 1.265767e+02
1.000000e+02, 1.288560e+02
1.000000e+02, 1.312051e+02
1.000000e+02, 1.336304e+02
1.000000e+02, 1.361393e+02
1.000000e+02, 1.387405e+02
1.000000e+02, 1.414444e+02
1.000000e+02, 1.442633e+02
1.000000e+02, 1.472126e+02
1.000000e+02, 1.503112e+02
1.000000e+02, 1.535833e+02
1.000000e+02, 1.570605e+02
1.000000e+02, 1.607853e+02
1.000000e+02, 1.648181e+02
1.000000e+02, 1.692482e+02
1.000000e+02, 1.742205e+02
1.000000e+02, 1.800000e+02
##END= 