##TITLE= /opt/topspin3.0/exp/stan/nmr/lists/wave/user/HypSec_trunc2.84_110
##JCAMP-DX= 5.00 Bruker JCAMP library
##DATA TYPE= Shape Data
##ORIGIN= Bruker BioSpin GmbH
##OWNER= <nmrsu>
##DATE= 15/02/24
##TIME= 16:15:04
##MINX= 1.164538e+01
##MAXX= 9.999960e+01
##MINY= 2.546774e-02
##MAXY= 3.585574e+02
##$SHAPE_EXMODE= Adiabatic
##$SHAPE_TOTROT= 1.800000e+02
##$SHAPE_BWFAC= 1.929340e+02
##$SHAPE_INTEGFAC= 2.356110e-02
##$SHAPE_MODE= 0
##NPOINTS= 1000
##XYPOINTS= (XY..XY)
1.000000e+02, 1.800000e+02
1.000000e+02, 1.752834e+02
1.000000e+02, 1.712255e+02
1.000000e+02, 1.676101e+02
1.000000e+02, 1.643191e+02
1.000000e+02, 1.612792e+02
1.000000e+02, 1.584415e+02
1.000000e+02, 1.557712e+02
1.000000e+02, 1.532424e+02
1.000000e+02, 1.508356e+02
1.000000e+02, 1.485350e+02
1.000000e+02, 1.463285e+02
1.000000e+02, 1.442056e+02
1.000000e+02, 1.421581e+02
1.000000e+02, 1.401788e+02
1.000000e+02, 1.382618e+02
1.000000e+02, 1.364017e+02
1.000000e+02, 1.345941e+02
1.000000e+02, 1.328351e+02
1.000000e+02, 1.311213e+02
1.000000e+02, 1.294495e+02
1.000000e+02, 1.278171e+02
1.000000e+02, 1.262216e+02
1.000000e+02, 1.246609e+02
1.000000e+02, 1.231329e+02
1.000000e+02, 1.216359e+02
1.000000e+02, 1.201683e+02
1.000000e+02, 1.187285e+02
1.000000e+02, 1.173151e+02
1.000000e+02, 1.159270e+02
1.000000e+02, 1.145630e+02
1.000000e+02, 1.132220e+02
1.000000e+02, 1.119030e+02
1.000000e+02, 1.106051e+02
1.000000e+02, 1.093275e+02
1.000000e+02, 1.080693e+02
1.000000e+02, 1.068298e+02
1.000000e+02, 1.056083e+02
1.000000e+02, 1.044042e+02
1.000000e+02, 1.032168e+02
1.000000e+02, 1.020455e+02
1.000000e+02, 1.008899e+02
1.000000e+02, 9.974943e+01
1.000000e+02, 9.862355e+01
1.000000e+02, 9.751184e+01
1.000000e+02, 9.641386e+01
1.000000e+02, 9.532920e+01
1.000000e+02, 9.425748e+01
1.000000e+02, 9.319831e+01
1.000000e+02, 9.215136e+01
1.000000e+02, 9.111628e+01
1.000000e+02, 9.009276e+01
1.000000e+02, 8.908049e+01
1.000000e+02, 8.807918e+01
1.000000e+02, 8.708854e+01
1.000000e+02, 8.610833e+01
1.000000e+02, 8.513827e+01
1.000000e+02, 8.417813e+01
1.000000e+02, 8.322767e+01
1.000000e+02, 8.228668e+01
1.000000e+02, 8.135492e+01
1.000000e+02, 8.043221e+01
1.000000e+02, 7.951833e+01
1.000000e+02, 7.861310e+01
1.000000e+02, 7.771633e+01
1.000000e+02, 7.682785e+01
1.000000e+02, 7.594748e+01
1.000000e+02, 7.507507e+01
1.000000e+02, 7.421045e+01
1.000000e+02, 7.335347e+01
1.000000e+02, 7.250398e+01
1.000000e+02, 7.166184e+01
1.000000e+02, 7.082692e+01
1.000000e+02, 6.999907e+01
1.000000e+02, 6.917817e+01
1.000000e+02, 6.836410e+01
1.000000e+02, 6.755673e+01
1.000000e+02, 6.675594e+01
1.000000e+02, 6.596163e+01
1.000000e+02, 6.517369e+01
1.000000e+02, 6.439200e+01
1.000000e+02, 6.361646e+01
1.000000e+02, 6.284698e+01
1.000000e+02, 6.208345e+01
1.000000e+02, 6.132578e+01
1.000000e+02, 6.057388e+01
1.000000e+02, 5.982766e+01
1.000000e+02, 5.908704e+01
1.000000e+02, 5.835192e+01
1.000000e+02, 5.762223e+01
1.000000e+02, 5.689788e+01
1.000000e+02, 5.617880e+01
1.000000e+02, 5.546491e+01
1.000000e+02, 5.475615e+01
1.000000e+02, 5.405243e+01
1.000000e+02, 5.335368e+01
1.000000e+02, 5.265985e+01
1.000000e+02, 5.197086e+01
1.000000e+02, 5.128664e+01
1.000000e+02, 5.060714e+01
1.000000e+02, 4.993229e+01
1.000000e+02, 4.926203e+01
1.000000e+02, 4.859630e+01
1.000000e+02, 4.793505e+01
1.000000e+02, 4.727822e+01
1.000000e+02, 4.662575e+01
1.000000e+02, 4.597760e+01
1.000000e+02, 4.533370e+01
1.000000e+02, 4.469401e+01
1.000000e+02, 4.405848e+01
1.000000e+02, 4.342705e+01
1.000000e+02, 4.279969e+01
1.000000e+02, 4.217634e+01
1.000000e+02, 4.155695e+01
1.000000e+02, 4.094149e+01
1.000000e+02, 4.032991e+01
1.000000e+02, 3.972217e+01
1.000000e+02, 3.911822e+01
1.000000e+02, 3.851802e+01
1.000000e+02, 3.792154e+01
1.000000e+02, 3.732873e+01
1.000000e+02, 3.673955e+01
1.000000e+02, 3.615397e+01
1.000000e+02, 3.557195e+01
1.000000e+02, 3.499346e+01
1.000000e+02, 3.441845e+01
1.000000e+02, 3.384689e+01
1.000000e+02, 3.327875e+01
1.000000e+02, 3.271399e+01
1.000000e+02, 3.215259e+01
1.000000e+02, 3.159450e+01
1.000000e+02, 3.103970e+01
1.000000e+02, 3.048816e+01
1.000000e+02, 2.993984e+01
1.000000e+02, 2.939471e+01
1.000000e+02, 2.885275e+01
1.000000e+02, 2.831393e+01
1.000000e+02, 2.777821e+01
1.000000e+02, 2.724557e+01
1.000000e+02, 2.671599e+01
1.000000e+02, 2.618943e+01
1.000000e+02, 2.566587e+01
1.000000e+02, 2.514528e+01
1.000000e+02, 2.462763e+01
1.000000e+02, 2.411291e+01
1.000000e+02, 2.360108e+01
1.000000e+02, 2.309213e+01
1.000000e+02, 2.258602e+01
1.000000e+02, 2.208274e+01
1.000000e+02, 2.158226e+01
1.000000e+02, 2.108456e+01
1.000000e+02, 2.058962e+01
1.000000e+02, 2.009741e+01
1.000000e+02, 1.960791e+01
1.000000e+02, 1.912110e+01
1.000000e+02, 1.863696e+01
1.000000e+02, 1.815547e+01
1.000000e+02, 1.767661e+01
1.000000e+02, 1.720036e+01
1.000000e+02, 1.672670e+01
1.000000e+02, 1.625560e+01
1.000000e+02, 1.578706e+01
1.000000e+02, 1.532105e+01
1.000000e+02, 1.485755e+01
1.000000e+02, 1.439655e+01
1.000000e+02, 1.393802e+01
1.000000e+02, 1.348195e+01
1.000000e+02, 1.302832e+01
1.000000e+02, 1.257712e+01
1.000000e+02, 1.212833e+01
1.000000e+02, 1.168192e+01
1.000000e+02, 1.123789e+01
1.000000e+02, 1.079622e+01
1.000000e+02, 1.035689e+01
1.000000e+02, 9.919883e+00
1.000000e+02, 9.485188e+00
1.000000e+02, 9.052789e+00
1.000000e+02, 8.622669e+00
1.000000e+02, 8.194815e+00
1.000000e+02, 7.769211e+00
1.000000e+02, 7.345843e+00
1.000000e+02, 6.924696e+00
1.000000e+02, 6.505757e+00
1.000000e+02, 6.089011e+00
1.000000e+02, 5.674445e+00
1.000000e+02, 5.262045e+00
1.000000e+02, 4.851799e+00
1.000000e+02, 4.443692e+00
1.000000e+02, 4.037711e+00
1.000000e+02, 3.633845e+00
1.000000e+02, 3.232080e+00
1.000000e+02, 2.832403e+00
1.000000e+02, 2.434803e+00
1.000000e+02, 2.039267e+00
1.000000e+02, 1.645784e+00
1.000000e+02, 1.254340e+00
1.000000e+02, 8.649258e-01
1.000000e+02, 4.775282e-01
1.000000e+02, 9.213618e-02
1.000000e+02, 3.597087e+02
1.000000e+02, 3.593273e+02
1.000000e+02, 3.589479e+02
1.000000e+02, 3.585704e+02
1.000000e+02, 3.581949e+02
1.000000e+02, 3.578213e+02
1.000000e+02, 3.574496e+02
1.000000e+02, 3.570799e+02
1.000000e+02, 3.567120e+02
1.000000e+02, 3.563461e+02
1.000000e+02, 3.559821e+02
1.000000e+02, 3.556199e+02
1.000000e+02, 3.552596e+02
1.000000e+02, 3.549012e+02
1.000000e+02, 3.545446e+02
1.000000e+02, 3.541899e+02
1.000000e+02, 3.538369e+02
1.000000e+02, 3.534859e+02
1.000000e+02, 3.531366e+02
1.000000e+02, 3.527891e+02
1.000000e+02, 3.524434e+02
1.000000e+02, 3.520995e+02
1.000000e+02, 3.517574e+02
1.000000e+02, 3.514171e+02
1.000000e+02, 3.510785e+02
1.000000e+02, 3.507417e+02
1.000000e+02, 3.504066e+02
1.000000e+02, 3.500733e+02
1.000000e+02, 3.497417e+02
1.000000e+02, 3.494118e+02
1.000000e+02, 3.490836e+02
1.000000e+02, 3.487571e+02
1.000000e+02, 3.484323e+02
1.000000e+02, 3.481093e+02
1.000000e+02, 3.477879e+02
1.000000e+02, 3.474681e+02
1.000000e+02, 3.471501e+02
1.000000e+02, 3.468337e+02
1.000000e+02, 3.465189e+02
1.000000e+02, 3.462058e+02
1.000000e+02, 3.458943e+02
1.000000e+02, 3.455845e+02
1.000000e+02, 3.452763e+02
1.000000e+02, 3.449697e+02
1.000000e+02, 3.446647e+02
1.000000e+02, 3.443614e+02
1.000000e+02, 3.440596e+02
1.000000e+02, 3.437594e+02
1.000000e+02, 3.434608e+02
1.000000e+02, 3.431638e+02
1.000000e+02, 3.428684e+02
1.000000e+02, 3.425745e+02
1.000000e+02, 3.422822e+02
1.000000e+02, 3.419914e+02
1.000000e+02, 3.417022e+02
1.000000e+02, 3.414145e+02
1.000000e+02, 3.411284e+02
1.000000e+02, 3.408438e+02
1.000000e+02, 3.405607e+02
1.000000e+02, 3.402791e+02
1.000000e+02, 3.399991e+02
1.000000e+02, 3.397205e+02
1.000000e+02, 3.394435e+02
1.000000e+02, 3.391679e+02
1.000000e+02, 3.388939e+02
1.000000e+02, 3.386213e+02
1.000000e+02, 3.383502e+02
1.000000e+02, 3.380806e+02
1.000000e+02, 3.378125e+02
1.000000e+02, 3.375458e+02
1.000000e+02, 3.372805e+02
1.000000e+02, 3.370168e+02
1.000000e+02, 3.367545e+02
1.000000e+02, 3.364936e+02
1.000000e+02, 3.362341e+02
1.000000e+02, 3.359761e+02
1.000000e+02, 3.357196e+02
1.000000e+02, 3.354644e+02
1.000000e+02, 3.352107e+02
1.000000e+02, 3.349584e+02
1.000000e+02, 3.347075e+02
1.000000e+02, 3.344580e+02
1.000000e+02, 3.342099e+02
1.000000e+02, 3.339632e+02
1.000000e+02, 3.337179e+02
1.000000e+02, 3.334740e+02
1.000000e+02, 3.332314e+02
1.000000e+02, 3.329903e+02
1.000000e+02, 3.327505e+02
1.000000e+02, 3.325121e+02
1.000000e+02, 3.322750e+02
1.000000e+02, 3.320394e+02
1.000000e+02, 3.318050e+02
1.000000e+02, 3.315721e+02
1.000000e+02, 3.313405e+02
1.000000e+02, 3.311102e+02
1.000000e+02, 3.308813e+02
1.000000e+02, 3.306537e+02
1.000000e+02, 3.304274e+02
1.000000e+02, 3.302025e+02
1.000000e+02, 3.299789e+02
1.000000e+02, 3.297566e+02
1.000000e+02, 3.295356e+02
1.000000e+02, 3.293160e+02
1.000000e+02, 3.290977e+02
1.000000e+02, 3.288807e+02
1.000000e+02, 3.286649e+02
1.000000e+02, 3.284505e+02
1.000000e+02, 3.282374e+02
1.000000e+02, 3.280256e+02
1.000000e+02, 3.278150e+02
1.000000e+02, 3.276058e+02
1.000000e+02, 3.273978e+02
1.000000e+02, 3.271912e+02
1.000000e+02, 3.269857e+02
1.000000e+02, 3.267816e+02
1.000000e+02, 3.265788e+02
1.000000e+02, 3.263772e+02
1.000000e+02, 3.261768e+02
1.000000e+02, 3.259778e+02
1.000000e+02, 3.257800e+02
1.000000e+02, 3.255834e+02
1.000000e+02, 3.253881e+02
1.000000e+02, 3.251940e+02
1.000000e+02, 3.250012e+02
1.000000e+02, 3.248097e+02
1.000000e+02, 3.246193e+02
1.000000e+02, 3.244302e+02
1.000000e+02, 3.242424e+02
1.000000e+02, 3.240557e+02
1.000000e+02, 3.238703e+02
1.000000e+02, 3.236862e+02
1.000000e+02, 3.235032e+02
1.000000e+02, 3.233215e+02
1.000000e+02, 3.231410e+02
1.000000e+02, 3.229617e+02
1.000000e+02, 3.227836e+02
1.000000e+02, 3.226067e+02
1.000000e+02, 3.224310e+02
1.000000e+02, 3.222565e+02
1.000000e+02, 3.220833e+02
1.000000e+02, 3.219112e+02
1.000000e+02, 3.217403e+02
1.000000e+02, 3.215706e+02
1.000000e+02, 3.214022e+02
1.000000e+02, 3.212348e+02
1.000000e+02, 3.210687e+02
1.000000e+02, 3.209038e+02
1.000000e+02, 3.207400e+02
1.000000e+02, 3.205775e+02
1.000000e+02, 3.204161e+02
1.000000e+02, 3.202558e+02
1.000000e+02, 3.200968e+02
1.000000e+02, 3.199389e+02
1.000000e+02, 3.197822e+02
1.000000e+02, 3.196266e+02
1.000000e+02, 3.194722e+02
1.000000e+02, 3.193190e+02
1.000000e+02, 3.191669e+02
1.000000e+02, 3.190160e+02
1.000000e+02, 3.188663e+02
1.000000e+02, 3.187177e+02
1.000000e+02, 3.185702e+02
1.000000e+02, 3.184239e+02
1.000000e+02, 3.182787e+02
1.000000e+02, 3.181347e+02
1.000000e+02, 3.179918e+02
1.000000e+02, 3.178501e+02
1.000000e+02, 3.177095e+02
1.000000e+02, 3.175700e+02
1.000000e+02, 3.174317e+02
1.000000e+02, 3.172945e+02
1.000000e+02, 3.171584e+02
1.000000e+02, 3.170235e+02
1.000000e+02, 3.168897e+02
1.000000e+02, 3.167570e+02
1.000000e+02, 3.166254e+02
1.000000e+02, 3.164950e+02
1.000000e+02, 3.163657e+02
1.000000e+02, 3.162375e+02
1.000000e+02, 3.161104e+02
1.000000e+02, 3.159844e+02
1.000000e+02, 3.158595e+02
1.000000e+02, 3.157358e+02
1.000000e+02, 3.156131e+02
1.000000e+02, 3.154916e+02
1.000000e+02, 3.153712e+02
1.000000e+02, 3.152518e+02
1.000000e+02, 3.151336e+02
1.000000e+02, 3.150165e+02
1.000000e+02, 3.149005e+02
1.000000e+02, 3.147856e+02
1.000000e+02, 3.146717e+02
1.000000e+02, 3.145590e+02
1.000000e+02, 3.144474e+02
1.000000e+02, 3.143368e+02
1.000000e+02, 3.142274e+02
1.000000e+02, 3.141190e+02
1.000000e+02, 3.140117e+02
1.000000e+02, 3.139055e+02
1.000000e+02, 3.138004e+02
1.000000e+02, 3.136964e+02
1.000000e+02, 3.135935e+02
1.000000e+02, 3.134916e+02
1.000000e+02, 3.133908e+02
1.000000e+02, 3.132911e+02
1.000000e+02, 3.131925e+02
1.000000e+02, 3.130950e+02
1.000000e+02, 3.129985e+02
1.000000e+02, 3.129031e+02
1.000000e+02, 3.128088e+02
1.000000e+02, 3.127155e+02
1.000000e+02, 3.126233e+02
1.000000e+02, 3.125322e+02
1.000000e+02, 3.124422e+02
1.000000e+02, 3.123532e+02
1.000000e+02, 3.122653e+02
1.000000e+02, 3.121784e+02
1.000000e+02, 3.120926e+02
1.000000e+02, 3.120079e+02
1.000000e+02, 3.119242e+02
1.000000e+02, 3.118416e+02
1.000000e+02, 3.117601e+02
1.000000e+02, 3.116796e+02
1.000000e+02, 3.116002e+02
1.000000e+02, 3.115218e+02
1.000000e+02, 3.114445e+02
1.000000e+02, 3.113682e+02
1.000000e+02, 3.112930e+02
1.000000e+02, 3.112188e+02
1.000000e+02, 3.111457e+02
1.000000e+02, 3.110737e+02
1.000000e+02, 3.110027e+02
1.000000e+02, 3.109327e+02
1.000000e+02, 3.108638e+02
1.000000e+02, 3.107959e+02
1.000000e+02, 3.107291e+02
1.000000e+02, 3.106633e+02
1.000000e+02, 3.105986e+02
1.000000e+02, 3.105349e+02
1.000000e+02, 3.104722e+02
1.000000e+02, 3.104106e+02
1.000000e+02, 3.103501e+02
1.000000e+02, 3.102906e+02
1.000000e+02, 3.102321e+02
1.000000e+02, 3.101746e+02
1.000000e+02, 3.101182e+02
1.000000e+02, 3.100629e+02
1.000000e+02, 3.100085e+02
1.000000e+02, 3.099552e+02
1.000000e+02, 3.099030e+02
1.000000e+02, 3.098518e+02
1.000000e+02, 3.098016e+02
1.000000e+02, 3.097524e+02
1.000000e+02, 3.097043e+02
1.000000e+02, 3.096572e+02
1.000000e+02, 3.096111e+02
1.000000e+02, 3.095661e+02
1.000000e+02, 3.095221e+02
1.000000e+02, 3.094792e+02
1.000000e+02, 3.094372e+02
1.000000e+02, 3.093963e+02
1.000000e+02, 3.093564e+02
1.000000e+02, 3.093176e+02
1.000000e+02, 3.092798e+02
1.000000e+02, 3.092430e+02
1.000000e+02, 3.092072e+02
1.000000e+02, 3.091725e+02
1.000000e+02, 3.091388e+02
1.000000e+02, 3.091061e+02
1.000000e+02, 3.090744e+02
1.000000e+02, 3.090438e+02
1.000000e+02, 3.090142e+02
1.000000e+02, 3.089856e+02
1.000000e+02, 3.089580e+02
1.000000e+02, 3.089315e+02
1.000000e+02, 3.089060e+02
1.000000e+02, 3.088815e+02
1.000000e+02, 3.088580e+02
1.000000e+02, 3.088356e+02
1.000000e+02, 3.088141e+02
1.000000e+02, 3.087937e+02
1.000000e+02, 3.087744e+02
1.000000e+02, 3.087560e+02
1.000000e+02, 3.087387e+02
1.000000e+02, 3.087223e+02
1.000000e+02, 3.087070e+02
1.000000e+02, 3.086928e+02
1.000000e+02, 3.086795e+02
1.000000e+02, 3.086673e+02
1.000000e+02, 3.086561e+02
1.000000e+02, 3.086459e+02
1.000000e+02, 3.086367e+02
1.000000e+02, 3.086285e+02
1.000000e+02, 3.086214e+02
1.000000e+02, 3.086153e+02
1.000000e+02, 3.086102e+02
1.000000e+02, 3.086061e+02
1.000000e+02, 3.086030e+02
1.000000e+02, 3.086010e+02
1.000000e+02, 3.086000e+02
1.000000e+02, 3.086000e+02
1.000000e+02, 3.086010e+02
1.000000e+02, 3.086030e+02
1.000000e+02, 3.086061e+02
1.000000e+02, 3.086102e+02
1.000000e+02, 3.086153e+02
1.000000e+02, 3.086214e+02
1.000000e+02, 3.086285e+02
1.000000e+02, 3.086367e+02
1.000000e+02, 3.086459e+02
1.000000e+02, 3.086561e+02
1.000000e+02, 3.086673e+02
1.000000e+02, 3.086795e+02
1.000000e+02, 3.086928e+02
1.000000e+02, 3.087070e+02
1.000000e+02, 3.087223e+02
1.000000e+02, 3.087387e+02
1.000000e+02, 3.087560e+02
1.000000e+02, 3.087744e+02
1.000000e+02, 3.087937e+02
1.000000e+02, 3.088141e+02
1.000000e+02, 3.088356e+02
1.000000e+02, 3.088580e+02
1.000000e+02, 3.088815e+02
1.000000e+02, 3.089060e+02
1.000000e+02, 3.089315e+02
1.000000e+02, 3.089580e+02
1.000000e+02, 3.089856e+02
1.000000e+02, 3.090142e+02
1.000000e+02, 3.090438e+02
1.000000e+02, 3.090744e+02
1.000000e+02, 3.091061e+02
1.000000e+02, 3.091388e+02
1.000000e+02, 3.091725e+02
1.000000e+02, 3.092072e+02
1.000000e+02, 3.092430e+02
1.000000e+02, 3.092798e+02
1.000000e+02, 3.093176e+02
1.000000e+02, 3.093564e+02
1.000000e+02, 3.093963e+02
1.000000e+02, 3.094372e+02
1.000000e+02, 3.094792e+02
1.000000e+02, 3.095221e+02
1.000000e+02, 3.095661e+02
1.000000e+02, 3.096111e+02
1.000000e+02, 3.096572e+02
1.000000e+02, 3.097043e+02
1.000000e+02, 3.097524e+02
1.000000e+02, 3.098016e+02
1.000000e+02, 3.098518e+02
1.000000e+02, 3.099030e+02
1.000000e+02, 3.099552e+02
1.000000e+02, 3.100085e+02
1.000000e+02, 3.100629e+02
1.000000e+02, 3.101182e+02
1.000000e+02, 3.101746e+02
1.000000e+02, 3.102321e+02
1.000000e+02, 3.102906e+02
1.000000e+02, 3.103501e+02
1.000000e+02, 3.104106e+02
1.000000e+02, 3.104722e+02
1.000000e+02, 3.105349e+02
1.000000e+02, 3.105986e+02
1.000000e+02, 3.106633e+02
1.000000e+02, 3.107291e+02
1.000000e+02, 3.107959e+02
1.000000e+02, 3.108638e+02
1.000000e+02, 3.109327e+02
1.000000e+02, 3.110027e+02
1.000000e+02, 3.110737e+02
1.000000e+02, 3.111457e+02
1.000000e+02, 3.112188e+02
1.000000e+02, 3.112930e+02
1.000000e+02, 3.113682e+02
1.000000e+02, 3.114445e+02
1.000000e+02, 3.115218e+02
1.000000e+02, 3.116002e+02
1.000000e+02, 3.116796e+02
1.000000e+02, 3.117601e+02
1.000000e+02, 3.118416e+02
1.000000e+02, 3.119242e+02
1.000000e+02, 3.120079e+02
1.000000e+02, 3.120926e+02
1.000000e+02, 3.121784e+02
1.000000e+02, 3.122653e+02
1.000000e+02, 3.123532e+02
1.000000e+02, 3.124422e+02
1.000000e+02, 3.125322e+02
1.000000e+02, 3.126233e+02
1.000000e+02, 3.127155e+02
1.000000e+02, 3.128088e+02
1.000000e+02, 3.129031e+02
1.000000e+02, 3.129985e+02
1.000000e+02, 3.130950e+02
1.000000e+02, 3.131925e+02
1.000000e+02, 3.132911e+02
1.000000e+02, 3.133908e+02
1.000000e+02, 3.134916e+02
1.000000e+02, 3.135935e+02
1.000000e+02, 3.136964e+02
1.000000e+02, 3.138004e+02
1.000000e+02, 3.139055e+02
1.000000e+02, 3.140117e+02
1.000000e+02, 3.141190e+02
1.000000e+02, 3.142274e+02
1.000000e+02, 3.143368e+02
1.000000e+02, 3.144474e+02
1.000000e+02, 3.145590e+02
1.000000e+02, 3.146717e+02
1.000000e+02, 3.147856e+02
1.000000e+02, 3.149005e+02
1.000000e+02, 3.150165e+02
1.000000e+02, 3.151336e+02
1.000000e+02, 3.152518e+02
1.000000e+02, 3.153712e+02
1.000000e+02, 3.154916e+02
1.000000e+02, 3.156131e+02
1.000000e+02, 3.157358e+02
1.000000e+02, 3.158595e+02
1.000000e+02, 3.159844e+02
1.000000e+02, 3.161104e+02
1.000000e+02, 3.162375e+02
1.000000e+02, 3.163657e+02
1.000000e+02, 3.164950e+02
1.000000e+02, 3.166254e+02
1.000000e+02, 3.167570e+02
1.000000e+02, 3.168897e+02
1.000000e+02, 3.170235e+02
1.000000e+02, 3.171584e+02
1.000000e+02, 3.172945e+02
1.000000e+02, 3.174317e+02
1.000000e+02, 3.175700e+02
1.000000e+02, 3.177095e+02
1.000000e+02, 3.178501e+02
1.000000e+02, 3.179918e+02
1.000000e+02, 3.181347e+02
1.000000e+02, 3.182787e+02
1.000000e+02, 3.184239e+02
1.000000e+02, 3.185702e+02
1.000000e+02, 3.187177e+02
1.000000e+02, 3.188663e+02
1.000000e+02, 3.190160e+02
1.000000e+02, 3.191669e+02
1.000000e+02, 3.193190e+02
1.000000e+02, 3.194722e+02
1.000000e+02, 3.196266e+02
1.000000e+02, 3.197822e+02
1.000000e+02, 3.199389e+02
1.000000e+02, 3.200968e+02
1.000000e+02, 3.202558e+02
1.000000e+02, 3.204161e+02
1.000000e+02, 3.205775e+02
1.000000e+02, 3.207400e+02
1.000000e+02, 3.209038e+02
1.000000e+02, 3.210687e+02
1.000000e+02, 3.212348e+02
1.000000e+02, 3.214022e+02
1.000000e+02, 3.215706e+02
1.000000e+02, 3.217403e+02
1.000000e+02, 3.219112e+02
1.000000e+02, 3.220833e+02
1.000000e+02, 3.222565e+02
1.000000e+02, 3.224310e+02
1.000000e+02, 3.226067e+02
1.000000e+02, 3.227836e+02
1.000000e+02, 3.229617e+02
1.000000e+02, 3.231410e+02
1.000000e+02, 3.233215e+02
1.000000e+02, 3.235032e+02
1.000000e+02, 3.236862e+02
1.000000e+02, 3.238703e+02
1.000000e+02, 3.240557e+02
1.000000e+02, 3.242424e+02
1.000000e+02, 3.244302e+02
1.000000e+02, 3.246193e+02
1.000000e+02, 3.248097e+02
1.000000e+02, 3.250012e+02
1.000000e+02, 3.251940e+02
1.000000e+02, 3.253881e+02
1.000000e+02, 3.255834e+02
1.000000e+02, 3.257800e+02
1.000000e+02, 3.259778e+02
1.000000e+02, 3.261768e+02
1.000000e+02, 3.263772e+02
1.000000e+02, 3.265788e+02
1.000000e+02, 3.267816e+02
1.000000e+02, 3.269857e+02
1.000000e+02, 3.271912e+02
1.000000e+02, 3.273978e+02
1.000000e+02, 3.276058e+02
1.000000e+02, 3.278150e+02
1.000000e+02, 3.280256e+02
1.000000e+02, 3.282374e+02
1.000000e+02, 3.284505e+02
1.000000e+02, 3.286649e+02
1.000000e+02, 3.288807e+02
1.000000e+02, 3.290977e+02
1.000000e+02, 3.293160e+02
1.000000e+02, 3.295356e+02
1.000000e+02, 3.297566e+02
1.000000e+02, 3.299789e+02
1.000000e+02, 3.302025e+02
1.000000e+02, 3.304274e+02
1.000000e+02, 3.306537e+02
1.000000e+02, 3.308813e+02
1.000000e+02, 3.311102e+02
1.000000e+02, 3.313405e+02
1.000000e+02, 3.315721e+02
1.000000e+02, 3.318050e+02
1.000000e+02, 3.320394e+02
1.000000e+02, 3.322750e+02
1.000000e+02, 3.325121e+02
1.000000e+02, 3.327505e+02
1.000000e+02, 3.329903e+02
1.000000e+02, 3.332314e+02
1.000000e+02, 3.334740e+02
1.000000e+02, 3.337179e+02
1.000000e+02, 3.339632e+02
1.000000e+02, 3.342099e+02
1.000000e+02, 3.344580e+02
1.000000e+02, 3.347075e+02
1.000000e+02, 3.349584e+02
1.000000e+02, 3.352107e+02
1.000000e+02, 3.354644e+02
1.000000e+02, 3.357196e+02
1.000000e+02, 3.359761e+02
1.000000e+02, 3.362341e+02
1.000000e+02, 3.364936e+02
1.000000e+02, 3.367545e+02
1.000000e+02, 3.370168e+02
1.000000e+02, 3.372805e+02
1.000000e+02, 3.375458e+02
1.000000e+02, 3.378125e+02
1.000000e+02, 3.380806e+02
1.000000e+02, 3.383502e+02
1.000000e+02, 3.386213e+02
1.000000e+02, 3.388939e+02
1.000000e+02, 3.391679e+02
1.000000e+02, 3.394435e+02
1.000000e+02, 3.397205e+02
1.000000e+02, 3.399991e+02
1.000000e+02, 3.402791e+02
1.000000e+02, 3.405607e+02
1.000000e+02, 3.408438e+02
1.000000e+02, 3.411284e+02
1.000000e+02, 3.414145e+02
1.000000e+02, 3.417022e+02
1.000000e+02, 3.419914e+02
1.000000e+02, 3.422822e+02
1.000000e+02, 3.425745e+02
1.000000e+02, 3.428684e+02
1.000000e+02, 3.431638e+02
1.000000e+02, 3.434608e+02
1.000000e+02, 3.437594e+02
1.000000e+02, 3.440596e+02
1.000000e+02, 3.443614e+02
1.000000e+02, 3.446647e+02
1.000000e+02, 3.449697e+02
1.000000e+02, 3.452763e+02
1.000000e+02, 3.455845e+02
1.000000e+02, 3.458943e+02
1.000000e+02, 3.462058e+02
1.000000e+02, 3.465189e+02
1.000000e+02, 3.468337e+02
1.000000e+02, 3.471501e+02
1.000000e+02, 3.474681e+02
1.000000e+02, 3.477879e+02
1.000000e+02, 3.481093e+02
1.000000e+02, 3.484323e+02
1.000000e+02, 3.487571e+02
1.000000e+02, 3.490836e+02
1.000000e+02, 3.494118e+02
1.000000e+02, 3.497417e+02
1.000000e+02, 3.500733e+02
1.000000e+02, 3.504066e+02
1.000000e+02, 3.507417e+02
1.000000e+02, 3.510785e+02
1.000000e+02, 3.514171e+02
1.000000e+02, 3.517574e+02
1.000000e+02, 3.520995e+02
1.000000e+02, 3.524434e+02
1.000000e+02, 3.527891e+02
1.000000e+02, 3.531366e+02
1.000000e+02, 3.534859e+02
1.000000e+02, 3.538369e+02
1.000000e+02, 3.541899e+02
1.000000e+02, 3.545446e+02
1.000000e+02, 3.549012e+02
1.000000e+02, 3.552596e+02
1.000000e+02, 3.556199e+02
1.000000e+02, 3.559821e+02
1.000000e+02, 3.563461e+02
1.000000e+02, 3.567121e+02
1.000000e+02, 3.570799e+02
1.000000e+02, 3.574496e+02
1.000000e+02, 3.578213e+02
1.000000e+02, 3.581949e+02
1.000000e+02, 3.585704e+02
1.000000e+02, 3.589479e+02
1.000000e+02, 3.593273e+02
1.000000e+02, 3.597087e+02
1.000000e+02, 9.213780e-02
1.000000e+02, 4.775298e-01
1.000000e+02, 8.649274e-01
1.000000e+02, 1.254342e+00
1.000000e+02, 1.645785e+00
1.000000e+02, 2.039269e+00
1.000000e+02, 2.434805e+00
1.000000e+02, 2.832405e+00
1.000000e+02, 3.232081e+00
1.000000e+02, 3.633847e+00
1.000000e+02, 4.037713e+00
1.000000e+02, 4.443693e+00
1.000000e+02, 4.851800e+00
1.000000e+02, 5.262047e+00
1.000000e+02, 5.674447e+00
1.000000e+02, 6.089013e+00
1.000000e+02, 6.505758e+00
1.000000e+02, 6.924698e+00
1.000000e+02, 7.345844e+00
1.000000e+02, 7.769213e+00
1.000000e+02, 8.194817e+00
1.000000e+02, 8.622671e+00
1.000000e+02, 9.052791e+00
1.000000e+02, 9.485190e+00
1.000000e+02, 9.919885e+00
1.000000e+02, 1.035689e+01
1.000000e+02, 1.079622e+01
1.000000e+02, 1.123789e+01
1.000000e+02, 1.168192e+01
1.000000e+02, 1.212833e+01
1.000000e+02, 1.257712e+01
1.000000e+02, 1.302833e+01
1.000000e+02, 1.348195e+01
1.000000e+02, 1.393802e+01
1.000000e+02, 1.439655e+01
1.000000e+02, 1.485755e+01
1.000000e+02, 1.532105e+01
1.000000e+02, 1.578706e+01
1.000000e+02, 1.625560e+01
1.000000e+02, 1.672670e+01
1.000000e+02, 1.720036e+01
1.000000e+02, 1.767661e+01
1.000000e+02, 1.815547e+01
1.000000e+02, 1.863696e+01
1.000000e+02, 1.912110e+01
1.000000e+02, 1.960791e+01
1.000000e+02, 2.009741e+01
1.000000e+02, 2.058962e+01
1.000000e+02, 2.108456e+01
1.000000e+02, 2.158227e+01
1.000000e+02, 2.208275e+01
1.000000e+02, 2.258603e+01
1.000000e+02, 2.309213e+01
1.000000e+02, 2.360109e+01
1.000000e+02, 2.411291e+01
1.000000e+02, 2.462763e+01
1.000000e+02, 2.514528e+01
1.000000e+02, 2.566587e+01
1.000000e+02, 2.618943e+01
1.000000e+02, 2.671599e+01
1.000000e+02, 2.724558e+01
1.000000e+02, 2.777821e+01
1.000000e+02, 2.831393e+01
1.000000e+02, 2.885275e+01
1.000000e+02, 2.939471e+01
1.000000e+02, 2.993984e+01
1.000000e+02, 3.048816e+01
1.000000e+02, 3.103970e+01
1.000000e+02, 3.159450e+01
1.000000e+02, 3.215259e+01
1.000000e+02, 3.271400e+01
1.000000e+02, 3.327875e+01
1.000000e+02, 3.384689e+01
1.000000e+02, 3.441845e+01
1.000000e+02, 3.499346e+01
1.000000e+02, 3.557196e+01
1.000000e+02, 3.615398e+01
1.000000e+02, 3.673956e+01
1.000000e+02, 3.732873e+01
1.000000e+02, 3.792154e+01
1.000000e+02, 3.851803e+01
1.000000e+02, 3.911822e+01
1.000000e+02, 3.972217e+01
1.000000e+02, 4.032992e+01
1.000000e+02, 4.094150e+01
1.000000e+02, 4.155696e+01
1.000000e+02, 4.217634e+01
1.000000e+02, 4.279969e+01
1.000000e+02, 4.342705e+01
1.000000e+02, 4.405848e+01
1.000000e+02, 4.469401e+01
1.000000e+02, 4.533370e+01
1.000000e+02, 4.597760e+01
1.000000e+02, 4.662576e+01
1.000000e+02, 4.727822e+01
1.000000e+02, 4.793505e+01
1.000000e+02, 4.859631e+01
1.000000e+02, 4.926203e+01
1.000000e+02, 4.993229e+01
1.000000e+02, 5.060714e+01
1.000000e+02, 5.128664e+01
1.000000e+02, 5.197086e+01
1.000000e+02, 5.265985e+01
1.000000e+02, 5.335369e+01
1.000000e+02, 5.405243e+01
1.000000e+02, 5.475615e+01
1.000000e+02, 5.546492e+01
1.000000e+02, 5.617880e+01
1.000000e+02, 5.689788e+01
1.000000e+02, 5.762223e+01
1.000000e+02, 5.835192e+01
1.000000e+02, 5.908704e+01
1.000000e+02, 5.982767e+01
1.000000e+02, 6.057388e+01
1.000000e+02, 6.132578e+01
1.000000e+02, 6.208345e+01
1.000000e+02, 6.284698e+01
1.000000e+02, 6.361646e+01
1.000000e+02, 6.439200e+01
1.000000e+02, 6.517369e+01
1.000000e+02, 6.596164e+01
1.000000e+02, 6.675595e+01
1.000000e+02, 6.755673e+01
1.000000e+02, 6.836410e+01
1.000000e+02, 6.917817e+01
1.000000e+02, 6.999907e+01
1.000000e+02, 7.082692e+01
1.000000e+02, 7.166185e+01
1.000000e+02, 7.250398e+01
1.000000e+02, 7.335347e+01
1.000000e+02, 7.421045e+01
1.000000e+02, 7.507507e+01
1.000000e+02, 7.594749e+01
1.000000e+02, 7.682785e+01
1.000000e+02, 7.771633e+01
1.000000e+02, 7.861310e+01
1.000000e+02, 7.951833e+01
1.000000e+02, 8.043221e+01
1.000000e+02, 8.135493e+01
1.000000e+02, 8.228668e+01
1.000000e+02, 8.322768e+01
1.000000e+02, 8.417813e+01
1.000000e+02, 8.513827e+01
1.000000e+02, 8.610833e+01
1.000000e+02, 8.708855e+01
1.000000e+02, 8.807918e+01
1.000000e+02, 8.908049e+01
1.000000e+02, 9.009276e+01
1.000000e+02, 9.111629e+01
1.000000e+02, 9.215136e+01
1.000000e+02, 9.319832e+01
1.000000e+02, 9.425748e+01
1.000000e+02, 9.532920e+01
1.000000e+02, 9.641386e+01
1.000000e+02, 9.751184e+01
1.000000e+02, 9.862355e+01
1.000000e+02, 9.974943e+01
1.000000e+02, 1.008899e+02
1.000000e+02, 1.020455e+02
1.000000e+02, 1.032168e+02
1.000000e+02, 1.044042e+02
1.000000e+02, 1.056083e+02
1.000000e+02, 1.068298e+02
1.000000e+02, 1.080693e+02
1.000000e+02, 1.093275e+02
1.000000e+02, 1.106051e+02
1.000000e+02, 1.119030e+02
1.000000e+02, 1.132220e+02
1.000000e+02, 1.145630e+02
1.000000e+02, 1.159270e+02
1.000000e+02, 1.173151e+02
1.000000e+02, 1.187285e+02
1.000000e+02, 1.201683e+02
1.000000e+02, 1.216359e+02
1.000000e+02, 1.231329e+02
1.000000e+02, 1.246609e+02
1.000000e+02, 1.262216e+02
1.000000e+02, 1.278171e+02
1.000000e+02, 1.294495e+02
1.000000e+02, 1.311213e+02
1.000000e+02, 1.328351e+02
1.000000e+02, 1.345941e+02
1.000000e+02, 1.364017e+02
1.000000e+02, 1.382618e+02
1.000000e+02, 1.401788e+02
1.000000e+02, 1.421581e+02
1.000000e+02, 1.442056e+02
1.000000e+02, 1.463285e+02
1.000000e+02, 1.485351e+02
1.000000e+02, 1.508356e+02
1.000000e+02, 1.532424e+02
1.000000e+02, 1.557712e+02
1.000000e+02, 1.584415e+02
1.000000e+02, 1.612792e+02
1.000000e+02, 1.643191e+02
1.000000e+02, 1.676101e+02
1.000000e+02, 1.712255e+02
1.000000e+02, 1.752834e+02
1.000000e+02, 1.800000e+02
##END= 