##TITLE= /opt/topspin3.0/exp/stan/nmr/lists/wave/user/HypSec_trunc2.84_110
##JCAMP-DX= 5.00 Bruker JCAMP library
##DATA TYPE= Shape Data
##ORIGIN= Bruker BioSpin GmbH
##OWNER= <nmrsu>
##DATE= 15/02/24
##TIME= 16:15:04
##MINX= 1.164538e+01
##MAXX= 9.999960e+01
##MINY= 2.546774e-02
##MAXY= 3.585574e+02
##$SHAPE_EXMODE= Adiabatic
##$SHAPE_TOTROT= 1.800000e+02
##$SHAPE_BWFAC= 1.929340e+02
##$SHAPE_INTEGFAC= 2.356110e-02
##$SHAPE_MODE= 0
##NPOINTS= 1000
##XYPOINTS= (XY..XY)
1.000000e+02, 1.800000e+02
1.000000e+02, 1.754827e+02
1.000000e+02, 1.715963e+02
1.000000e+02, 1.681337e+02
1.000000e+02, 1.649816e+02
1.000000e+02, 1.620702e+02
1.000000e+02, 1.593524e+02
1.000000e+02, 1.567949e+02
1.000000e+02, 1.543730e+02
1.000000e+02, 1.520679e+02
1.000000e+02, 1.498646e+02
1.000000e+02, 1.477512e+02
1.000000e+02, 1.457181e+02
1.000000e+02, 1.437571e+02
1.000000e+02, 1.418614e+02
1.000000e+02, 1.400253e+02
1.000000e+02, 1.382438e+02
1.000000e+02, 1.365126e+02
1.000000e+02, 1.348280e+02
1.000000e+02, 1.331866e+02
1.000000e+02, 1.315854e+02
1.000000e+02, 1.300220e+02
1.000000e+02, 1.284939e+02
1.000000e+02, 1.269992e+02
1.000000e+02, 1.255357e+02
1.000000e+02, 1.241020e+02
1.000000e+02, 1.226964e+02
1.000000e+02, 1.213174e+02
1.000000e+02, 1.199638e+02
1.000000e+02, 1.186344e+02
1.000000e+02, 1.173280e+02
1.000000e+02, 1.160436e+02
1.000000e+02, 1.147804e+02
1.000000e+02, 1.135373e+02
1.000000e+02, 1.123137e+02
1.000000e+02, 1.111086e+02
1.000000e+02, 1.099215e+02
1.000000e+02, 1.087516e+02
1.000000e+02, 1.075984e+02
1.000000e+02, 1.064611e+02
1.000000e+02, 1.053394e+02
1.000000e+02, 1.042326e+02
1.000000e+02, 1.031403e+02
1.000000e+02, 1.020620e+02
1.000000e+02, 1.009973e+02
1.000000e+02, 9.994567e+01
1.000000e+02, 9.890684e+01
1.000000e+02, 9.788040e+01
1.000000e+02, 9.686599e+01
1.000000e+02, 9.586328e+01
1.000000e+02, 9.487193e+01
1.000000e+02, 9.389166e+01
1.000000e+02, 9.292216e+01
1.000000e+02, 9.196315e+01
1.000000e+02, 9.101438e+01
1.000000e+02, 9.007558e+01
1.000000e+02, 8.914651e+01
1.000000e+02, 8.822694e+01
1.000000e+02, 8.731665e+01
1.000000e+02, 8.641541e+01
1.000000e+02, 8.552302e+01
1.000000e+02, 8.463930e+01
1.000000e+02, 8.376403e+01
1.000000e+02, 8.289705e+01
1.000000e+02, 8.203817e+01
1.000000e+02, 8.118723e+01
1.000000e+02, 8.034407e+01
1.000000e+02, 7.950852e+01
1.000000e+02, 7.868043e+01
1.000000e+02, 7.785966e+01
1.000000e+02, 7.704607e+01
1.000000e+02, 7.623951e+01
1.000000e+02, 7.543987e+01
1.000000e+02, 7.464700e+01
1.000000e+02, 7.386078e+01
1.000000e+02, 7.308111e+01
1.000000e+02, 7.230785e+01
1.000000e+02, 7.154091e+01
1.000000e+02, 7.078016e+01
1.000000e+02, 7.002550e+01
1.000000e+02, 6.927684e+01
1.000000e+02, 6.853408e+01
1.000000e+02, 6.779711e+01
1.000000e+02, 6.706584e+01
1.000000e+02, 6.634019e+01
1.000000e+02, 6.562006e+01
1.000000e+02, 6.490537e+01
1.000000e+02, 6.419603e+01
1.000000e+02, 6.349198e+01
1.000000e+02, 6.279312e+01
1.000000e+02, 6.209938e+01
1.000000e+02, 6.141068e+01
1.000000e+02, 6.072696e+01
1.000000e+02, 6.004814e+01
1.000000e+02, 5.937416e+01
1.000000e+02, 5.870494e+01
1.000000e+02, 5.804042e+01
1.000000e+02, 5.738054e+01
1.000000e+02, 5.672523e+01
1.000000e+02, 5.607444e+01
1.000000e+02, 5.542811e+01
1.000000e+02, 5.478617e+01
1.000000e+02, 5.414857e+01
1.000000e+02, 5.351526e+01
1.000000e+02, 5.288618e+01
1.000000e+02, 5.226129e+01
1.000000e+02, 5.164052e+01
1.000000e+02, 5.102383e+01
1.000000e+02, 5.041116e+01
1.000000e+02, 4.980248e+01
1.000000e+02, 4.919774e+01
1.000000e+02, 4.859688e+01
1.000000e+02, 4.799987e+01
1.000000e+02, 4.740666e+01
1.000000e+02, 4.681721e+01
1.000000e+02, 4.623147e+01
1.000000e+02, 4.564940e+01
1.000000e+02, 4.507097e+01
1.000000e+02, 4.449614e+01
1.000000e+02, 4.392486e+01
1.000000e+02, 4.335709e+01
1.000000e+02, 4.279281e+01
1.000000e+02, 4.223198e+01
1.000000e+02, 4.167455e+01
1.000000e+02, 4.112049e+01
1.000000e+02, 4.056978e+01
1.000000e+02, 4.002237e+01
1.000000e+02, 3.947824e+01
1.000000e+02, 3.893735e+01
1.000000e+02, 3.839966e+01
1.000000e+02, 3.786516e+01
1.000000e+02, 3.733380e+01
1.000000e+02, 3.680556e+01
1.000000e+02, 3.628041e+01
1.000000e+02, 3.575832e+01
1.000000e+02, 3.523926e+01
1.000000e+02, 3.472320e+01
1.000000e+02, 3.421012e+01
1.000000e+02, 3.369999e+01
1.000000e+02, 3.319278e+01
1.000000e+02, 3.268847e+01
1.000000e+02, 3.218703e+01
1.000000e+02, 3.168843e+01
1.000000e+02, 3.119266e+01
1.000000e+02, 3.069969e+01
1.000000e+02, 3.020949e+01
1.000000e+02, 2.972204e+01
1.000000e+02, 2.923732e+01
1.000000e+02, 2.875530e+01
1.000000e+02, 2.827597e+01
1.000000e+02, 2.779930e+01
1.000000e+02, 2.732527e+01
1.000000e+02, 2.685385e+01
1.000000e+02, 2.638504e+01
1.000000e+02, 2.591880e+01
1.000000e+02, 2.545512e+01
1.000000e+02, 2.499397e+01
1.000000e+02, 2.453534e+01
1.000000e+02, 2.407922e+01
1.000000e+02, 2.362557e+01
1.000000e+02, 2.317438e+01
1.000000e+02, 2.272563e+01
1.000000e+02, 2.227931e+01
1.000000e+02, 2.183540e+01
1.000000e+02, 2.139388e+01
1.000000e+02, 2.095472e+01
1.000000e+02, 2.051792e+01
1.000000e+02, 2.008347e+01
1.000000e+02, 1.965133e+01
1.000000e+02, 1.922150e+01
1.000000e+02, 1.879395e+01
1.000000e+02, 1.836868e+01
1.000000e+02, 1.794567e+01
1.000000e+02, 1.752491e+01
1.000000e+02, 1.710637e+01
1.000000e+02, 1.669004e+01
1.000000e+02, 1.627591e+01
1.000000e+02, 1.586396e+01
1.000000e+02, 1.545419e+01
1.000000e+02, 1.504657e+01
1.000000e+02, 1.464109e+01
1.000000e+02, 1.423774e+01
1.000000e+02, 1.383650e+01
1.000000e+02, 1.343736e+01
1.000000e+02, 1.304031e+01
1.000000e+02, 1.264534e+01
1.000000e+02, 1.225243e+01
1.000000e+02, 1.186156e+01
1.000000e+02, 1.147274e+01
1.000000e+02, 1.108594e+01
1.000000e+02, 1.070115e+01
1.000000e+02, 1.031836e+01
1.000000e+02, 9.937558e+00
1.000000e+02, 9.558735e+00
1.000000e+02, 9.181877e+00
1.000000e+02, 8.806974e+00
1.000000e+02, 8.434013e+00
1.000000e+02, 8.062985e+00
1.000000e+02, 7.693877e+00
1.000000e+02, 7.326679e+00
1.000000e+02, 6.961381e+00
1.000000e+02, 6.597972e+00
1.000000e+02, 6.236441e+00
1.000000e+02, 5.876778e+00
1.000000e+02, 5.518974e+00
1.000000e+02, 5.163018e+00
1.000000e+02, 4.808900e+00
1.000000e+02, 4.456610e+00
1.000000e+02, 4.106139e+00
1.000000e+02, 3.757478e+00
1.000000e+02, 3.410616e+00
1.000000e+02, 3.065545e+00
1.000000e+02, 2.722256e+00
1.000000e+02, 2.380739e+00
1.000000e+02, 2.040985e+00
1.000000e+02, 1.702985e+00
1.000000e+02, 1.366731e+00
1.000000e+02, 1.032215e+00
1.000000e+02, 6.994262e-01
1.000000e+02, 3.683579e-01
1.000000e+02, 3.900132e-02
1.000000e+02, 3.597113e+02
1.000000e+02, 3.593854e+02
1.000000e+02, 3.590611e+02
1.000000e+02, 3.587385e+02
1.000000e+02, 3.584176e+02
1.000000e+02, 3.580984e+02
1.000000e+02, 3.577807e+02
1.000000e+02, 3.574648e+02
1.000000e+02, 3.571505e+02
1.000000e+02, 3.568378e+02
1.000000e+02, 3.565268e+02
1.000000e+02, 3.562173e+02
1.000000e+02, 3.559095e+02
1.000000e+02, 3.556033e+02
1.000000e+02, 3.552987e+02
1.000000e+02, 3.549956e+02
1.000000e+02, 3.546942e+02
1.000000e+02, 3.543943e+02
1.000000e+02, 3.540960e+02
1.000000e+02, 3.537993e+02
1.000000e+02, 3.535041e+02
1.000000e+02, 3.532104e+02
1.000000e+02, 3.529183e+02
1.000000e+02, 3.526278e+02
1.000000e+02, 3.523388e+02
1.000000e+02, 3.520513e+02
1.000000e+02, 3.517653e+02
1.000000e+02, 3.514808e+02
1.000000e+02, 3.511979e+02
1.000000e+02, 3.509164e+02
1.000000e+02, 3.506364e+02
1.000000e+02, 3.503580e+02
1.000000e+02, 3.500810e+02
1.000000e+02, 3.498054e+02
1.000000e+02, 3.495314e+02
1.000000e+02, 3.492588e+02
1.000000e+02, 3.489877e+02
1.000000e+02, 3.487180e+02
1.000000e+02, 3.484498e+02
1.000000e+02, 3.481830e+02
1.000000e+02, 3.479177e+02
1.000000e+02, 3.476538e+02
1.000000e+02, 3.473913e+02
1.000000e+02, 3.471303e+02
1.000000e+02, 3.468706e+02
1.000000e+02, 3.466124e+02
1.000000e+02, 3.463556e+02
1.000000e+02, 3.461002e+02
1.000000e+02, 3.458462e+02
1.000000e+02, 3.455935e+02
1.000000e+02, 3.453423e+02
1.000000e+02, 3.450924e+02
1.000000e+02, 3.448440e+02
1.000000e+02, 3.445969e+02
1.000000e+02, 3.443511e+02
1.000000e+02, 3.441068e+02
1.000000e+02, 3.438638e+02
1.000000e+02, 3.436221e+02
1.000000e+02, 3.433818e+02
1.000000e+02, 3.431429e+02
1.000000e+02, 3.429052e+02
1.000000e+02, 3.426690e+02
1.000000e+02, 3.424340e+02
1.000000e+02, 3.422004e+02
1.000000e+02, 3.419681e+02
1.000000e+02, 3.417372e+02
1.000000e+02, 3.415075e+02
1.000000e+02, 3.412792e+02
1.000000e+02, 3.410522e+02
1.000000e+02, 3.408264e+02
1.000000e+02, 3.406020e+02
1.000000e+02, 3.403789e+02
1.000000e+02, 3.401571e+02
1.000000e+02, 3.399365e+02
1.000000e+02, 3.397173e+02
1.000000e+02, 3.394993e+02
1.000000e+02, 3.392826e+02
1.000000e+02, 3.390672e+02
1.000000e+02, 3.388530e+02
1.000000e+02, 3.386401e+02
1.000000e+02, 3.384285e+02
1.000000e+02, 3.382181e+02
1.000000e+02, 3.380090e+02
1.000000e+02, 3.378012e+02
1.000000e+02, 3.375946e+02
1.000000e+02, 3.373892e+02
1.000000e+02, 3.371851e+02
1.000000e+02, 3.369822e+02
1.000000e+02, 3.367806e+02
1.000000e+02, 3.365802e+02
1.000000e+02, 3.363810e+02
1.000000e+02, 3.361831e+02
1.000000e+02, 3.359863e+02
1.000000e+02, 3.357908e+02
1.000000e+02, 3.355966e+02
1.000000e+02, 3.354035e+02
1.000000e+02, 3.352116e+02
1.000000e+02, 3.350210e+02
1.000000e+02, 3.348315e+02
1.000000e+02, 3.346433e+02
1.000000e+02, 3.344562e+02
1.000000e+02, 3.342703e+02
1.000000e+02, 3.340857e+02
1.000000e+02, 3.339022e+02
1.000000e+02, 3.337199e+02
1.000000e+02, 3.335388e+02
1.000000e+02, 3.333589e+02
1.000000e+02, 3.331802e+02
1.000000e+02, 3.330026e+02
1.000000e+02, 3.328262e+02
1.000000e+02, 3.326510e+02
1.000000e+02, 3.324769e+02
1.000000e+02, 3.323040e+02
1.000000e+02, 3.321323e+02
1.000000e+02, 3.319617e+02
1.000000e+02, 3.317923e+02
1.000000e+02, 3.316241e+02
1.000000e+02, 3.314570e+02
1.000000e+02, 3.312910e+02
1.000000e+02, 3.311262e+02
1.000000e+02, 3.309626e+02
1.000000e+02, 3.308001e+02
1.000000e+02, 3.306387e+02
1.000000e+02, 3.304784e+02
1.000000e+02, 3.303193e+02
1.000000e+02, 3.301614e+02
1.000000e+02, 3.300045e+02
1.000000e+02, 3.298488e+02
1.000000e+02, 3.296943e+02
1.000000e+02, 3.295408e+02
1.000000e+02, 3.293885e+02
1.000000e+02, 3.292373e+02
1.000000e+02, 3.290872e+02
1.000000e+02, 3.289382e+02
1.000000e+02, 3.287903e+02
1.000000e+02, 3.286436e+02
1.000000e+02, 3.284979e+02
1.000000e+02, 3.283534e+02
1.000000e+02, 3.282100e+02
1.000000e+02, 3.280676e+02
1.000000e+02, 3.279264e+02
1.000000e+02, 3.277863e+02
1.000000e+02, 3.276472e+02
1.000000e+02, 3.275093e+02
1.000000e+02, 3.273725e+02
1.000000e+02, 3.272367e+02
1.000000e+02, 3.271021e+02
1.000000e+02, 3.269685e+02
1.000000e+02, 3.268360e+02
1.000000e+02, 3.267046e+02
1.000000e+02, 3.265743e+02
1.000000e+02, 3.264450e+02
1.000000e+02, 3.263169e+02
1.000000e+02, 3.261898e+02
1.000000e+02, 3.260638e+02
1.000000e+02, 3.259389e+02
1.000000e+02, 3.258150e+02
1.000000e+02, 3.256922e+02
1.000000e+02, 3.255705e+02
1.000000e+02, 3.254498e+02
1.000000e+02, 3.253303e+02
1.000000e+02, 3.252117e+02
1.000000e+02, 3.250943e+02
1.000000e+02, 3.249779e+02
1.000000e+02, 3.248625e+02
1.000000e+02, 3.247482e+02
1.000000e+02, 3.246350e+02
1.000000e+02, 3.245228e+02
1.000000e+02, 3.244117e+02
1.000000e+02, 3.243017e+02
1.000000e+02, 3.241926e+02
1.000000e+02, 3.240847e+02
1.000000e+02, 3.239778e+02
1.000000e+02, 3.238719e+02
1.000000e+02, 3.237670e+02
1.000000e+02, 3.236633e+02
1.000000e+02, 3.235605e+02
1.000000e+02, 3.234588e+02
1.000000e+02, 3.233581e+02
1.000000e+02, 3.232585e+02
1.000000e+02, 3.231599e+02
1.000000e+02, 3.230624e+02
1.000000e+02, 3.229659e+02
1.000000e+02, 3.228704e+02
1.000000e+02, 3.227759e+02
1.000000e+02, 3.226825e+02
1.000000e+02, 3.225901e+02
1.000000e+02, 3.224987e+02
1.000000e+02, 3.224084e+02
1.000000e+02, 3.223191e+02
1.000000e+02, 3.222308e+02
1.000000e+02, 3.221435e+02
1.000000e+02, 3.220573e+02
1.000000e+02, 3.219721e+02
1.000000e+02, 3.218879e+02
1.000000e+02, 3.218047e+02
1.000000e+02, 3.217225e+02
1.000000e+02, 3.216414e+02
1.000000e+02, 3.215612e+02
1.000000e+02, 3.214821e+02
1.000000e+02, 3.214040e+02
1.000000e+02, 3.213269e+02
1.000000e+02, 3.212509e+02
1.000000e+02, 3.211758e+02
1.000000e+02, 3.211017e+02
1.000000e+02, 3.210287e+02
1.000000e+02, 3.209567e+02
1.000000e+02, 3.208856e+02
1.000000e+02, 3.208156e+02
1.000000e+02, 3.207466e+02
1.000000e+02, 3.206786e+02
1.000000e+02, 3.206116e+02
1.000000e+02, 3.205456e+02
1.000000e+02, 3.204806e+02
1.000000e+02, 3.204166e+02
1.000000e+02, 3.203536e+02
1.000000e+02, 3.202916e+02
1.000000e+02, 3.202306e+02
1.000000e+02, 3.201706e+02
1.000000e+02, 3.201116e+02
1.000000e+02, 3.200536e+02
1.000000e+02, 3.199966e+02
1.000000e+02, 3.199406e+02
1.000000e+02, 3.198856e+02
1.000000e+02, 3.198315e+02
1.000000e+02, 3.197785e+02
1.000000e+02, 3.197265e+02
1.000000e+02, 3.196754e+02
1.000000e+02, 3.196254e+02
1.000000e+02, 3.195763e+02
1.000000e+02, 3.195283e+02
1.000000e+02, 3.194812e+02
1.000000e+02, 3.194351e+02
1.000000e+02, 3.193900e+02
1.000000e+02, 3.193459e+02
1.000000e+02, 3.193028e+02
1.000000e+02, 3.192606e+02
1.000000e+02, 3.192195e+02
1.000000e+02, 3.191793e+02
1.000000e+02, 3.191401e+02
1.000000e+02, 3.191020e+02
1.000000e+02, 3.190647e+02
1.000000e+02, 3.190285e+02
1.000000e+02, 3.189933e+02
1.000000e+02, 3.189590e+02
1.000000e+02, 3.189258e+02
1.000000e+02, 3.188935e+02
1.000000e+02, 3.188622e+02
1.000000e+02, 3.188318e+02
1.000000e+02, 3.188025e+02
1.000000e+02, 3.187741e+02
1.000000e+02, 3.187468e+02
1.000000e+02, 3.187204e+02
1.000000e+02, 3.186950e+02
1.000000e+02, 3.186705e+02
1.000000e+02, 3.186471e+02
1.000000e+02, 3.186246e+02
1.000000e+02, 3.186031e+02
1.000000e+02, 3.185826e+02
1.000000e+02, 3.185630e+02
1.000000e+02, 3.185445e+02
1.000000e+02, 3.185269e+02
1.000000e+02, 3.185103e+02
1.000000e+02, 3.184946e+02
1.000000e+02, 3.184800e+02
1.000000e+02, 3.184663e+02
1.000000e+02, 3.184536e+02
1.000000e+02, 3.184419e+02
1.000000e+02, 3.184312e+02
1.000000e+02, 3.184214e+02
1.000000e+02, 3.184126e+02
1.000000e+02, 3.184048e+02
1.000000e+02, 3.183980e+02
1.000000e+02, 3.183921e+02
1.000000e+02, 3.183872e+02
1.000000e+02, 3.183833e+02
1.000000e+02, 3.183804e+02
1.000000e+02, 3.183784e+02
1.000000e+02, 3.183775e+02
1.000000e+02, 3.183775e+02
1.000000e+02, 3.183784e+02
1.000000e+02, 3.183804e+02
1.000000e+02, 3.183833e+02
1.000000e+02, 3.183872e+02
1.000000e+02, 3.183921e+02
1.000000e+02, 3.183980e+02
1.000000e+02, 3.184048e+02
1.000000e+02, 3.184126e+02
1.000000e+02, 3.184214e+02
1.000000e+02, 3.184312e+02
1.000000e+02, 3.184419e+02
1.000000e+02, 3.184536e+02
1.000000e+02, 3.184663e+02
1.000000e+02, 3.184800e+02
1.000000e+02, 3.184946e+02
1.000000e+02, 3.185103e+02
1.000000e+02, 3.185269e+02
1.000000e+02, 3.185445e+02
1.000000e+02, 3.185630e+02
1.000000e+02, 3.185826e+02
1.000000e+02, 3.186031e+02
1.000000e+02, 3.186246e+02
1.000000e+02, 3.186471e+02
1.000000e+02, 3.186705e+02
1.000000e+02, 3.186950e+02
1.000000e+02, 3.187204e+02
1.000000e+02, 3.187468e+02
1.000000e+02, 3.187741e+02
1.000000e+02, 3.188025e+02
1.000000e+02, 3.188318e+02
1.000000e+02, 3.188622e+02
1.000000e+02, 3.188935e+02
1.000000e+02, 3.189258e+02
1.000000e+02, 3.189590e+02
1.000000e+02, 3.189933e+02
1.000000e+02, 3.190285e+02
1.000000e+02, 3.190647e+02
1.000000e+02, 3.191020e+02
1.000000e+02, 3.191401e+02
1.000000e+02, 3.191793e+02
1.000000e+02, 3.192195e+02
1.000000e+02, 3.192606e+02
1.000000e+02, 3.193028e+02
1.000000e+02, 3.193459e+02
1.000000e+02, 3.193900e+02
1.000000e+02, 3.194351e+02
1.000000e+02, 3.194812e+02
1.000000e+02, 3.195283e+02
1.000000e+02, 3.195763e+02
1.000000e+02, 3.196254e+02
1.000000e+02, 3.196754e+02
1.000000e+02, 3.197265e+02
1.000000e+02, 3.197785e+02
1.000000e+02, 3.198315e+02
1.000000e+02, 3.198856e+02
1.000000e+02, 3.199406e+02
1.000000e+02, 3.199966e+02
1.000000e+02, 3.200536e+02
1.000000e+02, 3.201116e+02
1.000000e+02, 3.201706e+02
1.000000e+02, 3.202306e+02
1.000000e+02, 3.202916e+02
1.000000e+02, 3.203536e+02
1.000000e+02, 3.204166e+02
1.000000e+02, 3.204806e+02
1.000000e+02, 3.205456e+02
1.000000e+02, 3.206116e+02
1.000000e+02, 3.206786e+02
1.000000e+02, 3.207466e+02
1.000000e+02, 3.208156e+02
1.000000e+02, 3.208856e+02
1.000000e+02, 3.209567e+02
1.000000e+02, 3.210287e+02
1.000000e+02, 3.211017e+02
1.000000e+02, 3.211758e+02
1.000000e+02, 3.212509e+02
1.000000e+02, 3.213269e+02
1.000000e+02, 3.214040e+02
1.000000e+02, 3.214821e+02
1.000000e+02, 3.215612e+02
1.000000e+02, 3.216414e+02
1.000000e+02, 3.217225e+02
1.000000e+02, 3.218047e+02
1.000000e+02, 3.218879e+02
1.000000e+02, 3.219721e+02
1.000000e+02, 3.220573e+02
1.000000e+02, 3.221435e+02
1.000000e+02, 3.222308e+02
1.000000e+02, 3.223191e+02
1.000000e+02, 3.224084e+02
1.000000e+02, 3.224987e+02
1.000000e+02, 3.225901e+02
1.000000e+02, 3.226825e+02
1.000000e+02, 3.227759e+02
1.000000e+02, 3.228704e+02
1.000000e+02, 3.229659e+02
1.000000e+02, 3.230624e+02
1.000000e+02, 3.231599e+02
1.000000e+02, 3.232585e+02
1.000000e+02, 3.233581e+02
1.000000e+02, 3.234588e+02
1.000000e+02, 3.235605e+02
1.000000e+02, 3.236633e+02
1.000000e+02, 3.237670e+02
1.000000e+02, 3.238719e+02
1.000000e+02, 3.239778e+02
1.000000e+02, 3.240847e+02
1.000000e+02, 3.241926e+02
1.000000e+02, 3.243017e+02
1.000000e+02, 3.244117e+02
1.000000e+02, 3.245228e+02
1.000000e+02, 3.246350e+02
1.000000e+02, 3.247482e+02
1.000000e+02, 3.248625e+02
1.000000e+02, 3.249779e+02
1.000000e+02, 3.250943e+02
1.000000e+02, 3.252117e+02
1.000000e+02, 3.253303e+02
1.000000e+02, 3.254498e+02
1.000000e+02, 3.255705e+02
1.000000e+02, 3.256922e+02
1.000000e+02, 3.258150e+02
1.000000e+02, 3.259389e+02
1.000000e+02, 3.260638e+02
1.000000e+02, 3.261898e+02
1.000000e+02, 3.263169e+02
1.000000e+02, 3.264450e+02
1.000000e+02, 3.265743e+02
1.000000e+02, 3.267046e+02
1.000000e+02, 3.268360e+02
1.000000e+02, 3.269685e+02
1.000000e+02, 3.271021e+02
1.000000e+02, 3.272367e+02
1.000000e+02, 3.273725e+02
1.000000e+02, 3.275093e+02
1.000000e+02, 3.276472e+02
1.000000e+02, 3.277863e+02
1.000000e+02, 3.279264e+02
1.000000e+02, 3.280676e+02
1.000000e+02, 3.282100e+02
1.000000e+02, 3.283534e+02
1.000000e+02, 3.284979e+02
1.000000e+02, 3.286436e+02
1.000000e+02, 3.287903e+02
1.000000e+02, 3.289382e+02
1.000000e+02, 3.290872e+02
1.000000e+02, 3.292373e+02
1.000000e+02, 3.293885e+02
1.000000e+02, 3.295408e+02
1.000000e+02, 3.296943e+02
1.000000e+02, 3.298488e+02
1.000000e+02, 3.300045e+02
1.000000e+02, 3.301614e+02
1.000000e+02, 3.303193e+02
1.000000e+02, 3.304784e+02
1.000000e+02, 3.306387e+02
1.000000e+02, 3.308001e+02
1.000000e+02, 3.309626e+02
1.000000e+02, 3.311262e+02
1.000000e+02, 3.312910e+02
1.000000e+02, 3.314570e+02
1.000000e+02, 3.316241e+02
1.000000e+02, 3.317923e+02
1.000000e+02, 3.319617e+02
1.000000e+02, 3.321323e+02
1.000000e+02, 3.323040e+02
1.000000e+02, 3.324769e+02
1.000000e+02, 3.326510e+02
1.000000e+02, 3.328262e+02
1.000000e+02, 3.330026e+02
1.000000e+02, 3.331802e+02
1.000000e+02, 3.333589e+02
1.000000e+02, 3.335388e+02
1.000000e+02, 3.337199e+02
1.000000e+02, 3.339022e+02
1.000000e+02, 3.340857e+02
1.000000e+02, 3.342703e+02
1.000000e+02, 3.344562e+02
1.000000e+02, 3.346433e+02
1.000000e+02, 3.348315e+02
1.000000e+02, 3.350210e+02
1.000000e+02, 3.352116e+02
1.000000e+02, 3.354035e+02
1.000000e+02, 3.355966e+02
1.000000e+02, 3.357908e+02
1.000000e+02, 3.359863e+02
1.000000e+02, 3.361831e+02
1.000000e+02, 3.363810e+02
1.000000e+02, 3.365802e+02
1.000000e+02, 3.367806e+02
1.000000e+02, 3.369822e+02
1.000000e+02, 3.371851e+02
1.000000e+02, 3.373892e+02
1.000000e+02, 3.375946e+02
1.000000e+02, 3.378012e+02
1.000000e+02, 3.380090e+02
1.000000e+02, 3.382181e+02
1.000000e+02, 3.384285e+02
1.000000e+02, 3.386401e+02
1.000000e+02, 3.388530e+02
1.000000e+02, 3.390672e+02
1.000000e+02, 3.392826e+02
1.000000e+02, 3.394993e+02
1.000000e+02, 3.397173e+02
1.000000e+02, 3.399365e+02
1.000000e+02, 3.401571e+02
1.000000e+02, 3.403789e+02
1.000000e+02, 3.406020e+02
1.000000e+02, 3.408264e+02
1.000000e+02, 3.410522e+02
1.000000e+02, 3.412792e+02
1.000000e+02, 3.415075e+02
1.000000e+02, 3.417372e+02
1.000000e+02, 3.419681e+02
1.000000e+02, 3.422004e+02
1.000000e+02, 3.424340e+02
1.000000e+02, 3.426690e+02
1.000000e+02, 3.429052e+02
1.000000e+02, 3.431429e+02
1.000000e+02, 3.433818e+02
1.000000e+02, 3.436221e+02
1.000000e+02, 3.438638e+02
1.000000e+02, 3.441068e+02
1.000000e+02, 3.443511e+02
1.000000e+02, 3.445969e+02
1.000000e+02, 3.448440e+02
1.000000e+02, 3.450924e+02
1.000000e+02, 3.453423e+02
1.000000e+02, 3.455935e+02
1.000000e+02, 3.458462e+02
1.000000e+02, 3.461002e+02
1.000000e+02, 3.463556e+02
1.000000e+02, 3.466124e+02
1.000000e+02, 3.468706e+02
1.000000e+02, 3.471303e+02
1.000000e+02, 3.473913e+02
1.000000e+02, 3.476538e+02
1.000000e+02, 3.479177e+02
1.000000e+02, 3.481830e+02
1.000000e+02, 3.484498e+02
1.000000e+02, 3.487180e+02
1.000000e+02, 3.489877e+02
1.000000e+02, 3.492588e+02
1.000000e+02, 3.495314e+02
1.000000e+02, 3.498055e+02
1.000000e+02, 3.500810e+02
1.000000e+02, 3.503580e+02
1.000000e+02, 3.506364e+02
1.000000e+02, 3.509164e+02
1.000000e+02, 3.511979e+02
1.000000e+02, 3.514808e+02
1.000000e+02, 3.517653e+02
1.000000e+02, 3.520513e+02
1.000000e+02, 3.523388e+02
1.000000e+02, 3.526278e+02
1.000000e+02, 3.529184e+02
1.000000e+02, 3.532104e+02
1.000000e+02, 3.535041e+02
1.000000e+02, 3.537993e+02
1.000000e+02, 3.540960e+02
1.000000e+02, 3.543943e+02
1.000000e+02, 3.546942e+02
1.000000e+02, 3.549956e+02
1.000000e+02, 3.552987e+02
1.000000e+02, 3.556033e+02
1.000000e+02, 3.559095e+02
1.000000e+02, 3.562173e+02
1.000000e+02, 3.565268e+02
1.000000e+02, 3.568378e+02
1.000000e+02, 3.571505e+02
1.000000e+02, 3.574648e+02
1.000000e+02, 3.577808e+02
1.000000e+02, 3.580984e+02
1.000000e+02, 3.584176e+02
1.000000e+02, 3.587385e+02
1.000000e+02, 3.590611e+02
1.000000e+02, 3.593854e+02
1.000000e+02, 3.597113e+02
1.000000e+02, 3.900274e-02
1.000000e+02, 3.683594e-01
1.000000e+02, 6.994276e-01
1.000000e+02, 1.032216e+00
1.000000e+02, 1.366733e+00
1.000000e+02, 1.702987e+00
1.000000e+02, 2.040986e+00
1.000000e+02, 2.380740e+00
1.000000e+02, 2.722257e+00
1.000000e+02, 3.065547e+00
1.000000e+02, 3.410618e+00
1.000000e+02, 3.757479e+00
1.000000e+02, 4.106141e+00
1.000000e+02, 4.456612e+00
1.000000e+02, 4.808901e+00
1.000000e+02, 5.163019e+00
1.000000e+02, 5.518975e+00
1.000000e+02, 5.876780e+00
1.000000e+02, 6.236442e+00
1.000000e+02, 6.597973e+00
1.000000e+02, 6.961382e+00
1.000000e+02, 7.326681e+00
1.000000e+02, 7.693878e+00
1.000000e+02, 8.062986e+00
1.000000e+02, 8.434015e+00
1.000000e+02, 8.806976e+00
1.000000e+02, 9.181879e+00
1.000000e+02, 9.558737e+00
1.000000e+02, 9.937560e+00
1.000000e+02, 1.031836e+01
1.000000e+02, 1.070115e+01
1.000000e+02, 1.108594e+01
1.000000e+02, 1.147274e+01
1.000000e+02, 1.186157e+01
1.000000e+02, 1.225243e+01
1.000000e+02, 1.264534e+01
1.000000e+02, 1.304032e+01
1.000000e+02, 1.343736e+01
1.000000e+02, 1.383650e+01
1.000000e+02, 1.423774e+01
1.000000e+02, 1.464109e+01
1.000000e+02, 1.504657e+01
1.000000e+02, 1.545419e+01
1.000000e+02, 1.586397e+01
1.000000e+02, 1.627591e+01
1.000000e+02, 1.669004e+01
1.000000e+02, 1.710637e+01
1.000000e+02, 1.752491e+01
1.000000e+02, 1.794568e+01
1.000000e+02, 1.836869e+01
1.000000e+02, 1.879396e+01
1.000000e+02, 1.922150e+01
1.000000e+02, 1.965133e+01
1.000000e+02, 2.008347e+01
1.000000e+02, 2.051793e+01
1.000000e+02, 2.095472e+01
1.000000e+02, 2.139388e+01
1.000000e+02, 2.183540e+01
1.000000e+02, 2.227932e+01
1.000000e+02, 2.272564e+01
1.000000e+02, 2.317438e+01
1.000000e+02, 2.362557e+01
1.000000e+02, 2.407922e+01
1.000000e+02, 2.453535e+01
1.000000e+02, 2.499397e+01
1.000000e+02, 2.545512e+01
1.000000e+02, 2.591880e+01
1.000000e+02, 2.638504e+01
1.000000e+02, 2.685385e+01
1.000000e+02, 2.732527e+01
1.000000e+02, 2.779930e+01
1.000000e+02, 2.827597e+01
1.000000e+02, 2.875531e+01
1.000000e+02, 2.923732e+01
1.000000e+02, 2.972204e+01
1.000000e+02, 3.020949e+01
1.000000e+02, 3.069969e+01
1.000000e+02, 3.119266e+01
1.000000e+02, 3.168844e+01
1.000000e+02, 3.218703e+01
1.000000e+02, 3.268847e+01
1.000000e+02, 3.319278e+01
1.000000e+02, 3.369999e+01
1.000000e+02, 3.421012e+01
1.000000e+02, 3.472320e+01
1.000000e+02, 3.523926e+01
1.000000e+02, 3.575832e+01
1.000000e+02, 3.628041e+01
1.000000e+02, 3.680556e+01
1.000000e+02, 3.733380e+01
1.000000e+02, 3.786516e+01
1.000000e+02, 3.839966e+01
1.000000e+02, 3.893735e+01
1.000000e+02, 3.947824e+01
1.000000e+02, 4.002237e+01
1.000000e+02, 4.056978e+01
1.000000e+02, 4.112050e+01
1.000000e+02, 4.167455e+01
1.000000e+02, 4.223198e+01
1.000000e+02, 4.279281e+01
1.000000e+02, 4.335709e+01
1.000000e+02, 4.392486e+01
1.000000e+02, 4.449614e+01
1.000000e+02, 4.507097e+01
1.000000e+02, 4.564940e+01
1.000000e+02, 4.623147e+01
1.000000e+02, 4.681721e+01
1.000000e+02, 4.740666e+01
1.000000e+02, 4.799987e+01
1.000000e+02, 4.859689e+01
1.000000e+02, 4.919774e+01
1.000000e+02, 4.980249e+01
1.000000e+02, 5.041117e+01
1.000000e+02, 5.102383e+01
1.000000e+02, 5.164052e+01
1.000000e+02, 5.226129e+01
1.000000e+02, 5.288619e+01
1.000000e+02, 5.351526e+01
1.000000e+02, 5.414857e+01
1.000000e+02, 5.478617e+01
1.000000e+02, 5.542811e+01
1.000000e+02, 5.607444e+01
1.000000e+02, 5.672524e+01
1.000000e+02, 5.738054e+01
1.000000e+02, 5.804042e+01
1.000000e+02, 5.870494e+01
1.000000e+02, 5.937416e+01
1.000000e+02, 6.004814e+01
1.000000e+02, 6.072696e+01
1.000000e+02, 6.141068e+01
1.000000e+02, 6.209938e+01
1.000000e+02, 6.279312e+01
1.000000e+02, 6.349198e+01
1.000000e+02, 6.419604e+01
1.000000e+02, 6.490537e+01
1.000000e+02, 6.562006e+01
1.000000e+02, 6.634019e+01
1.000000e+02, 6.706584e+01
1.000000e+02, 6.779711e+01
1.000000e+02, 6.853408e+01
1.000000e+02, 6.927685e+01
1.000000e+02, 7.002551e+01
1.000000e+02, 7.078016e+01
1.000000e+02, 7.154091e+01
1.000000e+02, 7.230785e+01
1.000000e+02, 7.308111e+01
1.000000e+02, 7.386079e+01
1.000000e+02, 7.464700e+01
1.000000e+02, 7.543987e+01
1.000000e+02, 7.623952e+01
1.000000e+02, 7.704607e+01
1.000000e+02, 7.785966e+01
1.000000e+02, 7.868043e+01
1.000000e+02, 7.950852e+01
1.000000e+02, 8.034407e+01
1.000000e+02, 8.118724e+01
1.000000e+02, 8.203818e+01
1.000000e+02, 8.289705e+01
1.000000e+02, 8.376403e+01
1.000000e+02, 8.463930e+01
1.000000e+02, 8.552303e+01
1.000000e+02, 8.641541e+01
1.000000e+02, 8.731665e+01
1.000000e+02, 8.822694e+01
1.000000e+02, 8.914652e+01
1.000000e+02, 9.007558e+01
1.000000e+02, 9.101438e+01
1.000000e+02, 9.196316e+01
1.000000e+02, 9.292216e+01
1.000000e+02, 9.389166e+01
1.000000e+02, 9.487194e+01
1.000000e+02, 9.586328e+01
1.000000e+02, 9.686599e+01
1.000000e+02, 9.788040e+01
1.000000e+02, 9.890684e+01
1.000000e+02, 9.994567e+01
1.000000e+02, 1.009973e+02
1.000000e+02, 1.020620e+02
1.000000e+02, 1.031403e+02
1.000000e+02, 1.042326e+02
1.000000e+02, 1.053394e+02
1.000000e+02, 1.064611e+02
1.000000e+02, 1.075984e+02
1.000000e+02, 1.087516e+02
1.000000e+02, 1.099215e+02
1.000000e+02, 1.111086e+02
1.000000e+02, 1.123137e+02
1.000000e+02, 1.135373e+02
1.000000e+02, 1.147804e+02
1.000000e+02, 1.160436e+02
1.000000e+02, 1.173280e+02
1.000000e+02, 1.186344e+02
1.000000e+02, 1.199638e+02
1.000000e+02, 1.213174e+02
1.000000e+02, 1.226964e+02
1.000000e+02, 1.241020e+02
1.000000e+02, 1.255357e+02
1.000000e+02, 1.269992e+02
1.000000e+02, 1.284939e+02
1.000000e+02, 1.300220e+02
1.000000e+02, 1.315854e+02
1.000000e+02, 1.331866e+02
1.000000e+02, 1.348280e+02
1.000000e+02, 1.365127e+02
1.000000e+02, 1.382439e+02
1.000000e+02, 1.400253e+02
1.000000e+02, 1.418614e+02
1.000000e+02, 1.437571e+02
1.000000e+02, 1.457181e+02
1.000000e+02, 1.477512e+02
1.000000e+02, 1.498646e+02
1.000000e+02, 1.520679e+02
1.000000e+02, 1.543730e+02
1.000000e+02, 1.567949e+02
1.000000e+02, 1.593524e+02
1.000000e+02, 1.620702e+02
1.000000e+02, 1.649817e+02
1.000000e+02, 1.681337e+02
1.000000e+02, 1.715963e+02
1.000000e+02, 1.754827e+02
1.000000e+02, 1.800000e+02
##END= 