##TITLE= /opt/topspin3.0/exp/stan/nmr/lists/wave/user/HypSec_trunc2.84_110
##JCAMP-DX= 5.00 Bruker JCAMP library
##DATA TYPE= Shape Data
##ORIGIN= Bruker BioSpin GmbH
##OWNER= <nmrsu>
##DATE= 15/02/24
##TIME= 16:15:04
##MINX= 1.164538e+01
##MAXX= 9.999960e+01
##MINY= 2.546774e-02
##MAXY= 3.585574e+02
##$SHAPE_EXMODE= Adiabatic
##$SHAPE_TOTROT= 1.800000e+02
##$SHAPE_BWFAC= 1.929340e+02
##$SHAPE_INTEGFAC= 2.356110e-02
##$SHAPE_MODE= 0
##NPOINTS= 1000
##XYPOINTS= (XY..XY)
1.000000e+02, 1.800000e+02
1.000000e+02, 1.764792e+02
1.000000e+02, 1.734500e+02
1.000000e+02, 1.707512e+02
1.000000e+02, 1.682945e+02
1.000000e+02, 1.660253e+02
1.000000e+02, 1.639071e+02
1.000000e+02, 1.619137e+02
1.000000e+02, 1.600261e+02
1.000000e+02, 1.582294e+02
1.000000e+02, 1.565121e+02
1.000000e+02, 1.548649e+02
1.000000e+02, 1.532803e+02
1.000000e+02, 1.517518e+02
1.000000e+02, 1.502743e+02
1.000000e+02, 1.488433e+02
1.000000e+02, 1.474548e+02
1.000000e+02, 1.461054e+02
1.000000e+02, 1.447924e+02
1.000000e+02, 1.435130e+02
1.000000e+02, 1.422651e+02
1.000000e+02, 1.410466e+02
1.000000e+02, 1.398556e+02
1.000000e+02, 1.386905e+02
1.000000e+02, 1.375499e+02
1.000000e+02, 1.364324e+02
1.000000e+02, 1.353369e+02
1.000000e+02, 1.342621e+02
1.000000e+02, 1.332071e+02
1.000000e+02, 1.321709e+02
1.000000e+02, 1.311527e+02
1.000000e+02, 1.301517e+02
1.000000e+02, 1.291671e+02
1.000000e+02, 1.281982e+02
1.000000e+02, 1.272445e+02
1.000000e+02, 1.263053e+02
1.000000e+02, 1.253800e+02
1.000000e+02, 1.244682e+02
1.000000e+02, 1.235693e+02
1.000000e+02, 1.226829e+02
1.000000e+02, 1.218086e+02
1.000000e+02, 1.209460e+02
1.000000e+02, 1.200946e+02
1.000000e+02, 1.192542e+02
1.000000e+02, 1.184243e+02
1.000000e+02, 1.176047e+02
1.000000e+02, 1.167950e+02
1.000000e+02, 1.159950e+02
1.000000e+02, 1.152044e+02
1.000000e+02, 1.144228e+02
1.000000e+02, 1.136502e+02
1.000000e+02, 1.128861e+02
1.000000e+02, 1.121305e+02
1.000000e+02, 1.113830e+02
1.000000e+02, 1.106436e+02
1.000000e+02, 1.099118e+02
1.000000e+02, 1.091877e+02
1.000000e+02, 1.084710e+02
1.000000e+02, 1.077615e+02
1.000000e+02, 1.070591e+02
1.000000e+02, 1.063635e+02
1.000000e+02, 1.056747e+02
1.000000e+02, 1.049926e+02
1.000000e+02, 1.043168e+02
1.000000e+02, 1.036474e+02
1.000000e+02, 1.029842e+02
1.000000e+02, 1.023270e+02
1.000000e+02, 1.016758e+02
1.000000e+02, 1.010303e+02
1.000000e+02, 1.003906e+02
1.000000e+02, 9.975649e+01
1.000000e+02, 9.912786e+01
1.000000e+02, 9.850460e+01
1.000000e+02, 9.788663e+01
1.000000e+02, 9.727385e+01
1.000000e+02, 9.666616e+01
1.000000e+02, 9.606347e+01
1.000000e+02, 9.546571e+01
1.000000e+02, 9.487277e+01
1.000000e+02, 9.428458e+01
1.000000e+02, 9.370107e+01
1.000000e+02, 9.312215e+01
1.000000e+02, 9.254774e+01
1.000000e+02, 9.197779e+01
1.000000e+02, 9.141220e+01
1.000000e+02, 9.085093e+01
1.000000e+02, 9.029389e+01
1.000000e+02, 8.974103e+01
1.000000e+02, 8.919228e+01
1.000000e+02, 8.864758e+01
1.000000e+02, 8.810687e+01
1.000000e+02, 8.757009e+01
1.000000e+02, 8.703719e+01
1.000000e+02, 8.650811e+01
1.000000e+02, 8.598280e+01
1.000000e+02, 8.546120e+01
1.000000e+02, 8.494327e+01
1.000000e+02, 8.442895e+01
1.000000e+02, 8.391820e+01
1.000000e+02, 8.341096e+01
1.000000e+02, 8.290720e+01
1.000000e+02, 8.240687e+01
1.000000e+02, 8.190992e+01
1.000000e+02, 8.141631e+01
1.000000e+02, 8.092600e+01
1.000000e+02, 8.043894e+01
1.000000e+02, 7.995511e+01
1.000000e+02, 7.947445e+01
1.000000e+02, 7.899694e+01
1.000000e+02, 7.852252e+01
1.000000e+02, 7.805118e+01
1.000000e+02, 7.758286e+01
1.000000e+02, 7.711755e+01
1.000000e+02, 7.665519e+01
1.000000e+02, 7.619576e+01
1.000000e+02, 7.573923e+01
1.000000e+02, 7.528556e+01
1.000000e+02, 7.483473e+01
1.000000e+02, 7.438669e+01
1.000000e+02, 7.394143e+01
1.000000e+02, 7.349891e+01
1.000000e+02, 7.305910e+01
1.000000e+02, 7.262198e+01
1.000000e+02, 7.218751e+01
1.000000e+02, 7.175568e+01
1.000000e+02, 7.132645e+01
1.000000e+02, 7.089979e+01
1.000000e+02, 7.047569e+01
1.000000e+02, 7.005411e+01
1.000000e+02, 6.963503e+01
1.000000e+02, 6.921843e+01
1.000000e+02, 6.880428e+01
1.000000e+02, 6.839257e+01
1.000000e+02, 6.798326e+01
1.000000e+02, 6.757633e+01
1.000000e+02, 6.717177e+01
1.000000e+02, 6.676955e+01
1.000000e+02, 6.636965e+01
1.000000e+02, 6.597205e+01
1.000000e+02, 6.557672e+01
1.000000e+02, 6.518366e+01
1.000000e+02, 6.479283e+01
1.000000e+02, 6.440422e+01
1.000000e+02, 6.401781e+01
1.000000e+02, 6.363358e+01
1.000000e+02, 6.325151e+01
1.000000e+02, 6.287159e+01
1.000000e+02, 6.249379e+01
1.000000e+02, 6.211810e+01
1.000000e+02, 6.174451e+01
1.000000e+02, 6.137298e+01
1.000000e+02, 6.100352e+01
1.000000e+02, 6.063609e+01
1.000000e+02, 6.027069e+01
1.000000e+02, 5.990730e+01
1.000000e+02, 5.954590e+01
1.000000e+02, 5.918648e+01
1.000000e+02, 5.882902e+01
1.000000e+02, 5.847351e+01
1.000000e+02, 5.811993e+01
1.000000e+02, 5.776827e+01
1.000000e+02, 5.741851e+01
1.000000e+02, 5.707064e+01
1.000000e+02, 5.672465e+01
1.000000e+02, 5.638052e+01
1.000000e+02, 5.603824e+01
1.000000e+02, 5.569779e+01
1.000000e+02, 5.535917e+01
1.000000e+02, 5.502236e+01
1.000000e+02, 5.468734e+01
1.000000e+02, 5.435411e+01
1.000000e+02, 5.402265e+01
1.000000e+02, 5.369295e+01
1.000000e+02, 5.336500e+01
1.000000e+02, 5.303879e+01
1.000000e+02, 5.271430e+01
1.000000e+02, 5.239152e+01
1.000000e+02, 5.207044e+01
1.000000e+02, 5.175106e+01
1.000000e+02, 5.143335e+01
1.000000e+02, 5.111732e+01
1.000000e+02, 5.080294e+01
1.000000e+02, 5.049021e+01
1.000000e+02, 5.017912e+01
1.000000e+02, 4.986966e+01
1.000000e+02, 4.956181e+01
1.000000e+02, 4.925557e+01
1.000000e+02, 4.895092e+01
1.000000e+02, 4.864787e+01
1.000000e+02, 4.834639e+01
1.000000e+02, 4.804648e+01
1.000000e+02, 4.774813e+01
1.000000e+02, 4.745133e+01
1.000000e+02, 4.715607e+01
1.000000e+02, 4.686235e+01
1.000000e+02, 4.657014e+01
1.000000e+02, 4.627945e+01
1.000000e+02, 4.599027e+01
1.000000e+02, 4.570258e+01
1.000000e+02, 4.541638e+01
1.000000e+02, 4.513166e+01
1.000000e+02, 4.484842e+01
1.000000e+02, 4.456664e+01
1.000000e+02, 4.428631e+01
1.000000e+02, 4.400744e+01
1.000000e+02, 4.373000e+01
1.000000e+02, 4.345400e+01
1.000000e+02, 4.317942e+01
1.000000e+02, 4.290626e+01
1.000000e+02, 4.263450e+01
1.000000e+02, 4.236416e+01
1.000000e+02, 4.209520e+01
1.000000e+02, 4.182764e+01
1.000000e+02, 4.156146e+01
1.000000e+02, 4.129665e+01
1.000000e+02, 4.103321e+01
1.000000e+02, 4.077113e+01
1.000000e+02, 4.051040e+01
1.000000e+02, 4.025102e+01
1.000000e+02, 3.999298e+01
1.000000e+02, 3.973628e+01
1.000000e+02, 3.948090e+01
1.000000e+02, 3.922685e+01
1.000000e+02, 3.897411e+01
1.000000e+02, 3.872268e+01
1.000000e+02, 3.847255e+01
1.000000e+02, 3.822371e+01
1.000000e+02, 3.797617e+01
1.000000e+02, 3.772991e+01
1.000000e+02, 3.748494e+01
1.000000e+02, 3.724123e+01
1.000000e+02, 3.699879e+01
1.000000e+02, 3.675761e+01
1.000000e+02, 3.651769e+01
1.000000e+02, 3.627902e+01
1.000000e+02, 3.604160e+01
1.000000e+02, 3.580541e+01
1.000000e+02, 3.557046e+01
1.000000e+02, 3.533673e+01
1.000000e+02, 3.510423e+01
1.000000e+02, 3.487295e+01
1.000000e+02, 3.464288e+01
1.000000e+02, 3.441402e+01
1.000000e+02, 3.418636e+01
1.000000e+02, 3.395990e+01
1.000000e+02, 3.373463e+01
1.000000e+02, 3.351055e+01
1.000000e+02, 3.328766e+01
1.000000e+02, 3.306594e+01
1.000000e+02, 3.284540e+01
1.000000e+02, 3.262602e+01
1.000000e+02, 3.240782e+01
1.000000e+02, 3.219077e+01
1.000000e+02, 3.197487e+01
1.000000e+02, 3.176013e+01
1.000000e+02, 3.154653e+01
1.000000e+02, 3.133408e+01
1.000000e+02, 3.112276e+01
1.000000e+02, 3.091258e+01
1.000000e+02, 3.070353e+01
1.000000e+02, 3.049560e+01
1.000000e+02, 3.028879e+01
1.000000e+02, 3.008310e+01
1.000000e+02, 2.987853e+01
1.000000e+02, 2.967506e+01
1.000000e+02, 2.947270e+01
1.000000e+02, 2.927143e+01
1.000000e+02, 2.907127e+01
1.000000e+02, 2.887220e+01
1.000000e+02, 2.867421e+01
1.000000e+02, 2.847731e+01
1.000000e+02, 2.828150e+01
1.000000e+02, 2.808676e+01
1.000000e+02, 2.789310e+01
1.000000e+02, 2.770050e+01
1.000000e+02, 2.750898e+01
1.000000e+02, 2.731851e+01
1.000000e+02, 2.712911e+01
1.000000e+02, 2.694076e+01
1.000000e+02, 2.675347e+01
1.000000e+02, 2.656722e+01
1.000000e+02, 2.638203e+01
1.000000e+02, 2.619787e+01
1.000000e+02, 2.601476e+01
1.000000e+02, 2.583268e+01
1.000000e+02, 2.565163e+01
1.000000e+02, 2.547161e+01
1.000000e+02, 2.529262e+01
1.000000e+02, 2.511465e+01
1.000000e+02, 2.493771e+01
1.000000e+02, 2.476178e+01
1.000000e+02, 2.458686e+01
1.000000e+02, 2.441295e+01
1.000000e+02, 2.424006e+01
1.000000e+02, 2.406816e+01
1.000000e+02, 2.389727e+01
1.000000e+02, 2.372738e+01
1.000000e+02, 2.355848e+01
1.000000e+02, 2.339058e+01
1.000000e+02, 2.322367e+01
1.000000e+02, 2.305775e+01
1.000000e+02, 2.289281e+01
1.000000e+02, 2.272885e+01
1.000000e+02, 2.256587e+01
1.000000e+02, 2.240387e+01
1.000000e+02, 2.224284e+01
1.000000e+02, 2.208278e+01
1.000000e+02, 2.192369e+01
1.000000e+02, 2.176557e+01
1.000000e+02, 2.160841e+01
1.000000e+02, 2.145221e+01
1.000000e+02, 2.129697e+01
1.000000e+02, 2.114269e+01
1.000000e+02, 2.098936e+01
1.000000e+02, 2.083698e+01
1.000000e+02, 2.068555e+01
1.000000e+02, 2.053506e+01
1.000000e+02, 2.038552e+01
1.000000e+02, 2.023692e+01
1.000000e+02, 2.008926e+01
1.000000e+02, 1.994253e+01
1.000000e+02, 1.979674e+01
1.000000e+02, 1.965188e+01
1.000000e+02, 1.950795e+01
1.000000e+02, 1.936495e+01
1.000000e+02, 1.922288e+01
1.000000e+02, 1.908172e+01
1.000000e+02, 1.894149e+01
1.000000e+02, 1.880218e+01
1.000000e+02, 1.866378e+01
1.000000e+02, 1.852630e+01
1.000000e+02, 1.838973e+01
1.000000e+02, 1.825407e+01
1.000000e+02, 1.811932e+01
1.000000e+02, 1.798547e+01
1.000000e+02, 1.785253e+01
1.000000e+02, 1.772049e+01
1.000000e+02, 1.758935e+01
1.000000e+02, 1.745911e+01
1.000000e+02, 1.732977e+01
1.000000e+02, 1.720132e+01
1.000000e+02, 1.707377e+01
1.000000e+02, 1.694710e+01
1.000000e+02, 1.682132e+01
1.000000e+02, 1.669643e+01
1.000000e+02, 1.657243e+01
1.000000e+02, 1.644931e+01
1.000000e+02, 1.632707e+01
1.000000e+02, 1.620571e+01
1.000000e+02, 1.608523e+01
1.000000e+02, 1.596563e+01
1.000000e+02, 1.584690e+01
1.000000e+02, 1.572904e+01
1.000000e+02, 1.561205e+01
1.000000e+02, 1.549594e+01
1.000000e+02, 1.538069e+01
1.000000e+02, 1.526631e+01
1.000000e+02, 1.515279e+01
1.000000e+02, 1.504014e+01
1.000000e+02, 1.492834e+01
1.000000e+02, 1.481741e+01
1.000000e+02, 1.470734e+01
1.000000e+02, 1.459812e+01
1.000000e+02, 1.448976e+01
1.000000e+02, 1.438225e+01
1.000000e+02, 1.427560e+01
1.000000e+02, 1.416979e+01
1.000000e+02, 1.406484e+01
1.000000e+02, 1.396073e+01
1.000000e+02, 1.385747e+01
1.000000e+02, 1.375505e+01
1.000000e+02, 1.365348e+01
1.000000e+02, 1.355275e+01
1.000000e+02, 1.345286e+01
1.000000e+02, 1.335382e+01
1.000000e+02, 1.325561e+01
1.000000e+02, 1.315823e+01
1.000000e+02, 1.306169e+01
1.000000e+02, 1.296599e+01
1.000000e+02, 1.287112e+01
1.000000e+02, 1.277708e+01
1.000000e+02, 1.268387e+01
1.000000e+02, 1.259150e+01
1.000000e+02, 1.249994e+01
1.000000e+02, 1.240922e+01
1.000000e+02, 1.231932e+01
1.000000e+02, 1.223025e+01
1.000000e+02, 1.214200e+01
1.000000e+02, 1.205457e+01
1.000000e+02, 1.196796e+01
1.000000e+02, 1.188217e+01
1.000000e+02, 1.179720e+01
1.000000e+02, 1.171305e+01
1.000000e+02, 1.162972e+01
1.000000e+02, 1.154720e+01
1.000000e+02, 1.146549e+01
1.000000e+02, 1.138460e+01
1.000000e+02, 1.130452e+01
1.000000e+02, 1.122525e+01
1.000000e+02, 1.114679e+01
1.000000e+02, 1.106914e+01
1.000000e+02, 1.099230e+01
1.000000e+02, 1.091627e+01
1.000000e+02, 1.084104e+01
1.000000e+02, 1.076662e+01
1.000000e+02, 1.069300e+01
1.000000e+02, 1.062018e+01
1.000000e+02, 1.054817e+01
1.000000e+02, 1.047695e+01
1.000000e+02, 1.040654e+01
1.000000e+02, 1.033693e+01
1.000000e+02, 1.026812e+01
1.000000e+02, 1.020010e+01
1.000000e+02, 1.013288e+01
1.000000e+02, 1.006646e+01
1.000000e+02, 1.000083e+01
1.000000e+02, 9.936001e+00
1.000000e+02, 9.871962e+00
1.000000e+02, 9.808716e+00
1.000000e+02, 9.746262e+00
1.000000e+02, 9.684599e+00
1.000000e+02, 9.623727e+00
1.000000e+02, 9.563644e+00
1.000000e+02, 9.504351e+00
1.000000e+02, 9.445845e+00
1.000000e+02, 9.388127e+00
1.000000e+02, 9.331196e+00
1.000000e+02, 9.275051e+00
1.000000e+02, 9.219691e+00
1.000000e+02, 9.165116e+00
1.000000e+02, 9.111325e+00
1.000000e+02, 9.058318e+00
1.000000e+02, 9.006093e+00
1.000000e+02, 8.954650e+00
1.000000e+02, 8.903989e+00
1.000000e+02, 8.854108e+00
1.000000e+02, 8.805007e+00
1.000000e+02, 8.756686e+00
1.000000e+02, 8.709145e+00
1.000000e+02, 8.662381e+00
1.000000e+02, 8.616395e+00
1.000000e+02, 8.571187e+00
1.000000e+02, 8.526755e+00
1.000000e+02, 8.483099e+00
1.000000e+02, 8.440219e+00
1.000000e+02, 8.398114e+00
1.000000e+02, 8.356784e+00
1.000000e+02, 8.316228e+00
1.000000e+02, 8.276445e+00
1.000000e+02, 8.237436e+00
1.000000e+02, 8.199199e+00
1.000000e+02, 8.161734e+00
1.000000e+02, 8.125041e+00
1.000000e+02, 8.089120e+00
1.000000e+02, 8.053969e+00
1.000000e+02, 8.019588e+00
1.000000e+02, 7.985978e+00
1.000000e+02, 7.953137e+00
1.000000e+02, 7.921065e+00
1.000000e+02, 7.889762e+00
1.000000e+02, 7.859228e+00
1.000000e+02, 7.829461e+00
1.000000e+02, 7.800463e+00
1.000000e+02, 7.772231e+00
1.000000e+02, 7.744767e+00
1.000000e+02, 7.718069e+00
1.000000e+02, 7.692138e+00
1.000000e+02, 7.666973e+00
1.000000e+02, 7.642573e+00
1.000000e+02, 7.618939e+00
1.000000e+02, 7.596070e+00
1.000000e+02, 7.573966e+00
1.000000e+02, 7.552627e+00
1.000000e+02, 7.532052e+00
1.000000e+02, 7.512241e+00
1.000000e+02, 7.493194e+00
1.000000e+02, 7.474910e+00
1.000000e+02, 7.457391e+00
1.000000e+02, 7.440634e+00
1.000000e+02, 7.424640e+00
1.000000e+02, 7.409409e+00
1.000000e+02, 7.394941e+00
1.000000e+02, 7.381236e+00
1.000000e+02, 7.368292e+00
1.000000e+02, 7.356111e+00
1.000000e+02, 7.344692e+00
1.000000e+02, 7.334035e+00
1.000000e+02, 7.324139e+00
1.000000e+02, 7.315006e+00
1.000000e+02, 7.306633e+00
1.000000e+02, 7.299022e+00
1.000000e+02, 7.292173e+00
1.000000e+02, 7.286085e+00
1.000000e+02, 7.280758e+00
1.000000e+02, 7.276192e+00
1.000000e+02, 7.272387e+00
1.000000e+02, 7.269343e+00
1.000000e+02, 7.267060e+00
1.000000e+02, 7.265538e+00
1.000000e+02, 7.264777e+00
1.000000e+02, 7.264777e+00
1.000000e+02, 7.265538e+00
1.000000e+02, 7.267060e+00
1.000000e+02, 7.269343e+00
1.000000e+02, 7.272387e+00
1.000000e+02, 7.276192e+00
1.000000e+02, 7.280758e+00
1.000000e+02, 7.286085e+00
1.000000e+02, 7.292173e+00
1.000000e+02, 7.299023e+00
1.000000e+02, 7.306633e+00
1.000000e+02, 7.315006e+00
1.000000e+02, 7.324140e+00
1.000000e+02, 7.334035e+00
1.000000e+02, 7.344692e+00
1.000000e+02, 7.356111e+00
1.000000e+02, 7.368292e+00
1.000000e+02, 7.381236e+00
1.000000e+02, 7.394941e+00
1.000000e+02, 7.409410e+00
1.000000e+02, 7.424640e+00
1.000000e+02, 7.440634e+00
1.000000e+02, 7.457391e+00
1.000000e+02, 7.474911e+00
1.000000e+02, 7.493194e+00
1.000000e+02, 7.512241e+00
1.000000e+02, 7.532052e+00
1.000000e+02, 7.552627e+00
1.000000e+02, 7.573966e+00
1.000000e+02, 7.596070e+00
1.000000e+02, 7.618939e+00
1.000000e+02, 7.642573e+00
1.000000e+02, 7.666973e+00
1.000000e+02, 7.692138e+00
1.000000e+02, 7.718069e+00
1.000000e+02, 7.744767e+00
1.000000e+02, 7.772231e+00
1.000000e+02, 7.800463e+00
1.000000e+02, 7.829461e+00
1.000000e+02, 7.859228e+00
1.000000e+02, 7.889762e+00
1.000000e+02, 7.921065e+00
1.000000e+02, 7.953137e+00
1.000000e+02, 7.985978e+00
1.000000e+02, 8.019588e+00
1.000000e+02, 8.053969e+00
1.000000e+02, 8.089120e+00
1.000000e+02, 8.125041e+00
1.000000e+02, 8.161734e+00
1.000000e+02, 8.199199e+00
1.000000e+02, 8.237436e+00
1.000000e+02, 8.276446e+00
1.000000e+02, 8.316228e+00
1.000000e+02, 8.356784e+00
1.000000e+02, 8.398115e+00
1.000000e+02, 8.440220e+00
1.000000e+02, 8.483100e+00
1.000000e+02, 8.526755e+00
1.000000e+02, 8.571187e+00
1.000000e+02, 8.616395e+00
1.000000e+02, 8.662381e+00
1.000000e+02, 8.709145e+00
1.000000e+02, 8.756687e+00
1.000000e+02, 8.805008e+00
1.000000e+02, 8.854108e+00
1.000000e+02, 8.903989e+00
1.000000e+02, 8.954650e+00
1.000000e+02, 9.006093e+00
1.000000e+02, 9.058318e+00
1.000000e+02, 9.111326e+00
1.000000e+02, 9.165117e+00
1.000000e+02, 9.219692e+00
1.000000e+02, 9.275051e+00
1.000000e+02, 9.331196e+00
1.000000e+02, 9.388128e+00
1.000000e+02, 9.445845e+00
1.000000e+02, 9.504351e+00
1.000000e+02, 9.563645e+00
1.000000e+02, 9.623727e+00
1.000000e+02, 9.684600e+00
1.000000e+02, 9.746262e+00
1.000000e+02, 9.808716e+00
1.000000e+02, 9.871963e+00
1.000000e+02, 9.936002e+00
1.000000e+02, 1.000083e+01
1.000000e+02, 1.006646e+01
1.000000e+02, 1.013288e+01
1.000000e+02, 1.020010e+01
1.000000e+02, 1.026812e+01
1.000000e+02, 1.033693e+01
1.000000e+02, 1.040654e+01
1.000000e+02, 1.047695e+01
1.000000e+02, 1.054817e+01
1.000000e+02, 1.062018e+01
1.000000e+02, 1.069300e+01
1.000000e+02, 1.076662e+01
1.000000e+02, 1.084104e+01
1.000000e+02, 1.091627e+01
1.000000e+02, 1.099230e+01
1.000000e+02, 1.106914e+01
1.000000e+02, 1.114679e+01
1.000000e+02, 1.122525e+01
1.000000e+02, 1.130452e+01
1.000000e+02, 1.138460e+01
1.000000e+02, 1.146549e+01
1.000000e+02, 1.154720e+01
1.000000e+02, 1.162972e+01
1.000000e+02, 1.171305e+01
1.000000e+02, 1.179721e+01
1.000000e+02, 1.188217e+01
1.000000e+02, 1.196796e+01
1.000000e+02, 1.205457e+01
1.000000e+02, 1.214200e+01
1.000000e+02, 1.223025e+01
1.000000e+02, 1.231932e+01
1.000000e+02, 1.240922e+01
1.000000e+02, 1.249994e+01
1.000000e+02, 1.259150e+01
1.000000e+02, 1.268387e+01
1.000000e+02, 1.277708e+01
1.000000e+02, 1.287112e+01
1.000000e+02, 1.296599e+01
1.000000e+02, 1.306169e+01
1.000000e+02, 1.315823e+01
1.000000e+02, 1.325561e+01
1.000000e+02, 1.335382e+01
1.000000e+02, 1.345286e+01
1.000000e+02, 1.355275e+01
1.000000e+02, 1.365348e+01
1.000000e+02, 1.375505e+01
1.000000e+02, 1.385747e+01
1.000000e+02, 1.396073e+01
1.000000e+02, 1.406484e+01
1.000000e+02, 1.416979e+01
1.000000e+02, 1.427560e+01
1.000000e+02, 1.438225e+01
1.000000e+02, 1.448976e+01
1.000000e+02, 1.459812e+01
1.000000e+02, 1.470734e+01
1.000000e+02, 1.481741e+01
1.000000e+02, 1.492834e+01
1.000000e+02, 1.504014e+01
1.000000e+02, 1.515279e+01
1.000000e+02, 1.526631e+01
1.000000e+02, 1.538069e+01
1.000000e+02, 1.549594e+01
1.000000e+02, 1.561205e+01
1.000000e+02, 1.572904e+01
1.000000e+02, 1.584690e+01
1.000000e+02, 1.596563e+01
1.000000e+02, 1.608523e+01
1.000000e+02, 1.620571e+01
1.000000e+02, 1.632707e+01
1.000000e+02, 1.644931e+01
1.000000e+02, 1.657243e+01
1.000000e+02, 1.669643e+01
1.000000e+02, 1.682132e+01
1.000000e+02, 1.694710e+01
1.000000e+02, 1.707377e+01
1.000000e+02, 1.720132e+01
1.000000e+02, 1.732977e+01
1.000000e+02, 1.745911e+01
1.000000e+02, 1.758935e+01
1.000000e+02, 1.772049e+01
1.000000e+02, 1.785253e+01
1.000000e+02, 1.798547e+01
1.000000e+02, 1.811932e+01
1.000000e+02, 1.825407e+01
1.000000e+02, 1.838973e+01
1.000000e+02, 1.852630e+01
1.000000e+02, 1.866378e+01
1.000000e+02, 1.880218e+01
1.000000e+02, 1.894149e+01
1.000000e+02, 1.908172e+01
1.000000e+02, 1.922288e+01
1.000000e+02, 1.936495e+01
1.000000e+02, 1.950796e+01
1.000000e+02, 1.965188e+01
1.000000e+02, 1.979674e+01
1.000000e+02, 1.994253e+01
1.000000e+02, 2.008926e+01
1.000000e+02, 2.023692e+01
1.000000e+02, 2.038552e+01
1.000000e+02, 2.053506e+01
1.000000e+02, 2.068555e+01
1.000000e+02, 2.083698e+01
1.000000e+02, 2.098936e+01
1.000000e+02, 2.114269e+01
1.000000e+02, 2.129698e+01
1.000000e+02, 2.145222e+01
1.000000e+02, 2.160841e+01
1.000000e+02, 2.176557e+01
1.000000e+02, 2.192369e+01
1.000000e+02, 2.208278e+01
1.000000e+02, 2.224284e+01
1.000000e+02, 2.240387e+01
1.000000e+02, 2.256587e+01
1.000000e+02, 2.272885e+01
1.000000e+02, 2.289281e+01
1.000000e+02, 2.305775e+01
1.000000e+02, 2.322367e+01
1.000000e+02, 2.339058e+01
1.000000e+02, 2.355849e+01
1.000000e+02, 2.372738e+01
1.000000e+02, 2.389727e+01
1.000000e+02, 2.406816e+01
1.000000e+02, 2.424006e+01
1.000000e+02, 2.441295e+01
1.000000e+02, 2.458686e+01
1.000000e+02, 2.476178e+01
1.000000e+02, 2.493771e+01
1.000000e+02, 2.511465e+01
1.000000e+02, 2.529262e+01
1.000000e+02, 2.547161e+01
1.000000e+02, 2.565163e+01
1.000000e+02, 2.583268e+01
1.000000e+02, 2.601476e+01
1.000000e+02, 2.619787e+01
1.000000e+02, 2.638203e+01
1.000000e+02, 2.656723e+01
1.000000e+02, 2.675347e+01
1.000000e+02, 2.694076e+01
1.000000e+02, 2.712911e+01
1.000000e+02, 2.731851e+01
1.000000e+02, 2.750898e+01
1.000000e+02, 2.770050e+01
1.000000e+02, 2.789310e+01
1.000000e+02, 2.808676e+01
1.000000e+02, 2.828150e+01
1.000000e+02, 2.847731e+01
1.000000e+02, 2.867421e+01
1.000000e+02, 2.887220e+01
1.000000e+02, 2.907127e+01
1.000000e+02, 2.927143e+01
1.000000e+02, 2.947270e+01
1.000000e+02, 2.967506e+01
1.000000e+02, 2.987853e+01
1.000000e+02, 3.008311e+01
1.000000e+02, 3.028880e+01
1.000000e+02, 3.049560e+01
1.000000e+02, 3.070353e+01
1.000000e+02, 3.091258e+01
1.000000e+02, 3.112277e+01
1.000000e+02, 3.133408e+01
1.000000e+02, 3.154653e+01
1.000000e+02, 3.176013e+01
1.000000e+02, 3.197487e+01
1.000000e+02, 3.219077e+01
1.000000e+02, 3.240782e+01
1.000000e+02, 3.262603e+01
1.000000e+02, 3.284540e+01
1.000000e+02, 3.306594e+01
1.000000e+02, 3.328766e+01
1.000000e+02, 3.351056e+01
1.000000e+02, 3.373463e+01
1.000000e+02, 3.395990e+01
1.000000e+02, 3.418636e+01
1.000000e+02, 3.441402e+01
1.000000e+02, 3.464288e+01
1.000000e+02, 3.487295e+01
1.000000e+02, 3.510423e+01
1.000000e+02, 3.533673e+01
1.000000e+02, 3.557046e+01
1.000000e+02, 3.580541e+01
1.000000e+02, 3.604160e+01
1.000000e+02, 3.627902e+01
1.000000e+02, 3.651769e+01
1.000000e+02, 3.675762e+01
1.000000e+02, 3.699879e+01
1.000000e+02, 3.724123e+01
1.000000e+02, 3.748494e+01
1.000000e+02, 3.772992e+01
1.000000e+02, 3.797617e+01
1.000000e+02, 3.822372e+01
1.000000e+02, 3.847255e+01
1.000000e+02, 3.872268e+01
1.000000e+02, 3.897411e+01
1.000000e+02, 3.922685e+01
1.000000e+02, 3.948090e+01
1.000000e+02, 3.973628e+01
1.000000e+02, 3.999299e+01
1.000000e+02, 4.025102e+01
1.000000e+02, 4.051040e+01
1.000000e+02, 4.077113e+01
1.000000e+02, 4.103321e+01
1.000000e+02, 4.129665e+01
1.000000e+02, 4.156146e+01
1.000000e+02, 4.182764e+01
1.000000e+02, 4.209521e+01
1.000000e+02, 4.236416e+01
1.000000e+02, 4.263451e+01
1.000000e+02, 4.290626e+01
1.000000e+02, 4.317942e+01
1.000000e+02, 4.345400e+01
1.000000e+02, 4.373000e+01
1.000000e+02, 4.400744e+01
1.000000e+02, 4.428631e+01
1.000000e+02, 4.456664e+01
1.000000e+02, 4.484842e+01
1.000000e+02, 4.513167e+01
1.000000e+02, 4.541638e+01
1.000000e+02, 4.570258e+01
1.000000e+02, 4.599027e+01
1.000000e+02, 4.627945e+01
1.000000e+02, 4.657014e+01
1.000000e+02, 4.686235e+01
1.000000e+02, 4.715607e+01
1.000000e+02, 4.745133e+01
1.000000e+02, 4.774813e+01
1.000000e+02, 4.804648e+01
1.000000e+02, 4.834639e+01
1.000000e+02, 4.864787e+01
1.000000e+02, 4.895093e+01
1.000000e+02, 4.925557e+01
1.000000e+02, 4.956181e+01
1.000000e+02, 4.986966e+01
1.000000e+02, 5.017912e+01
1.000000e+02, 5.049021e+01
1.000000e+02, 5.080294e+01
1.000000e+02, 5.111732e+01
1.000000e+02, 5.143336e+01
1.000000e+02, 5.175106e+01
1.000000e+02, 5.207044e+01
1.000000e+02, 5.239152e+01
1.000000e+02, 5.271430e+01
1.000000e+02, 5.303879e+01
1.000000e+02, 5.336500e+01
1.000000e+02, 5.369295e+01
1.000000e+02, 5.402265e+01
1.000000e+02, 5.435411e+01
1.000000e+02, 5.468734e+01
1.000000e+02, 5.502236e+01
1.000000e+02, 5.535917e+01
1.000000e+02, 5.569780e+01
1.000000e+02, 5.603824e+01
1.000000e+02, 5.638052e+01
1.000000e+02, 5.672465e+01
1.000000e+02, 5.707064e+01
1.000000e+02, 5.741851e+01
1.000000e+02, 5.776827e+01
1.000000e+02, 5.811993e+01
1.000000e+02, 5.847351e+01
1.000000e+02, 5.882902e+01
1.000000e+02, 5.918648e+01
1.000000e+02, 5.954590e+01
1.000000e+02, 5.990730e+01
1.000000e+02, 6.027069e+01
1.000000e+02, 6.063609e+01
1.000000e+02, 6.100352e+01
1.000000e+02, 6.137298e+01
1.000000e+02, 6.174451e+01
1.000000e+02, 6.211811e+01
1.000000e+02, 6.249379e+01
1.000000e+02, 6.287159e+01
1.000000e+02, 6.325152e+01
1.000000e+02, 6.363358e+01
1.000000e+02, 6.401781e+01
1.000000e+02, 6.440422e+01
1.000000e+02, 6.479283e+01
1.000000e+02, 6.518366e+01
1.000000e+02, 6.557673e+01
1.000000e+02, 6.597205e+01
1.000000e+02, 6.636965e+01
1.000000e+02, 6.676955e+01
1.000000e+02, 6.717177e+01
1.000000e+02, 6.757634e+01
1.000000e+02, 6.798326e+01
1.000000e+02, 6.839257e+01
1.000000e+02, 6.880429e+01
1.000000e+02, 6.921843e+01
1.000000e+02, 6.963503e+01
1.000000e+02, 7.005411e+01
1.000000e+02, 7.047569e+01
1.000000e+02, 7.089979e+01
1.000000e+02, 7.132645e+01
1.000000e+02, 7.175568e+01
1.000000e+02, 7.218752e+01
1.000000e+02, 7.262198e+01
1.000000e+02, 7.305910e+01
1.000000e+02, 7.349891e+01
1.000000e+02, 7.394143e+01
1.000000e+02, 7.438670e+01
1.000000e+02, 7.483473e+01
1.000000e+02, 7.528557e+01
1.000000e+02, 7.573923e+01
1.000000e+02, 7.619576e+01
1.000000e+02, 7.665519e+01
1.000000e+02, 7.711755e+01
1.000000e+02, 7.758287e+01
1.000000e+02, 7.805118e+01
1.000000e+02, 7.852253e+01
1.000000e+02, 7.899694e+01
1.000000e+02, 7.947445e+01
1.000000e+02, 7.995511e+01
1.000000e+02, 8.043894e+01
1.000000e+02, 8.092600e+01
1.000000e+02, 8.141631e+01
1.000000e+02, 8.190992e+01
1.000000e+02, 8.240687e+01
1.000000e+02, 8.290720e+01
1.000000e+02, 8.341096e+01
1.000000e+02, 8.391820e+01
1.000000e+02, 8.442895e+01
1.000000e+02, 8.494327e+01
1.000000e+02, 8.546120e+01
1.000000e+02, 8.598280e+01
1.000000e+02, 8.650811e+01
1.000000e+02, 8.703719e+01
1.000000e+02, 8.757009e+01
1.000000e+02, 8.810687e+01
1.000000e+02, 8.864758e+01
1.000000e+02, 8.919228e+01
1.000000e+02, 8.974103e+01
1.000000e+02, 9.029389e+01
1.000000e+02, 9.085093e+01
1.000000e+02, 9.141220e+01
1.000000e+02, 9.197779e+01
1.000000e+02, 9.254775e+01
1.000000e+02, 9.312215e+01
1.000000e+02, 9.370107e+01
1.000000e+02, 9.428459e+01
1.000000e+02, 9.487277e+01
1.000000e+02, 9.546571e+01
1.000000e+02, 9.606348e+01
1.000000e+02, 9.666616e+01
1.000000e+02, 9.727385e+01
1.000000e+02, 9.788663e+01
1.000000e+02, 9.850460e+01
1.000000e+02, 9.912786e+01
1.000000e+02, 9.975650e+01
1.000000e+02, 1.003906e+02
1.000000e+02, 1.010303e+02
1.000000e+02, 1.016758e+02
1.000000e+02, 1.023270e+02
1.000000e+02, 1.029842e+02
1.000000e+02, 1.036474e+02
1.000000e+02, 1.043168e+02
1.000000e+02, 1.049926e+02
1.000000e+02, 1.056747e+02
1.000000e+02, 1.063635e+02
1.000000e+02, 1.070591e+02
1.000000e+02, 1.077615e+02
1.000000e+02, 1.084710e+02
1.000000e+02, 1.091877e+02
1.000000e+02, 1.099119e+02
1.000000e+02, 1.106436e+02
1.000000e+02, 1.113830e+02
1.000000e+02, 1.121305e+02
1.000000e+02, 1.128861e+02
1.000000e+02, 1.136502e+02
1.000000e+02, 1.144228e+02
1.000000e+02, 1.152044e+02
1.000000e+02, 1.159950e+02
1.000000e+02, 1.167950e+02
1.000000e+02, 1.176047e+02
1.000000e+02, 1.184243e+02
1.000000e+02, 1.192542e+02
1.000000e+02, 1.200946e+02
1.000000e+02, 1.209460e+02
1.000000e+02, 1.218086e+02
1.000000e+02, 1.226830e+02
1.000000e+02, 1.235693e+02
1.000000e+02, 1.244682e+02
1.000000e+02, 1.253800e+02
1.000000e+02, 1.263053e+02
1.000000e+02, 1.272445e+02
1.000000e+02, 1.281982e+02
1.000000e+02, 1.291671e+02
1.000000e+02, 1.301517e+02
1.000000e+02, 1.311527e+02
1.000000e+02, 1.321709e+02
1.000000e+02, 1.332071e+02
1.000000e+02, 1.342621e+02
1.000000e+02, 1.353369e+02
1.000000e+02, 1.364324e+02
1.000000e+02, 1.375499e+02
1.000000e+02, 1.386905e+02
1.000000e+02, 1.398556e+02
1.000000e+02, 1.410466e+02
1.000000e+02, 1.422651e+02
1.000000e+02, 1.435131e+02
1.000000e+02, 1.447924e+02
1.000000e+02, 1.461054e+02
1.000000e+02, 1.474548e+02
1.000000e+02, 1.488433e+02
1.000000e+02, 1.502744e+02
1.000000e+02, 1.517518e+02
1.000000e+02, 1.532803e+02
1.000000e+02, 1.548649e+02
1.000000e+02, 1.565121e+02
1.000000e+02, 1.582294e+02
1.000000e+02, 1.600261e+02
1.000000e+02, 1.619137e+02
1.000000e+02, 1.639071e+02
1.000000e+02, 1.660253e+02
1.000000e+02, 1.682945e+02
1.000000e+02, 1.707512e+02
1.000000e+02, 1.734500e+02
1.000000e+02, 1.764792e+02
1.000000e+02, 1.800000e+02
##END= 