##TITLE= /opt/topspin3.0/exp/stan/nmr/lists/wave/user/HypSec_trunc2.84_110
##JCAMP-DX= 5.00 Bruker JCAMP library
##DATA TYPE= Shape Data
##ORIGIN= Bruker BioSpin GmbH
##OWNER= <nmrsu>
##DATE= 15/02/24
##TIME= 16:15:04
##MINX= 1.164538e+01
##MAXX= 9.999960e+01
##MINY= 2.546774e-02
##MAXY= 3.585574e+02
##$SHAPE_EXMODE= Adiabatic
##$SHAPE_TOTROT= 1.800000e+02
##$SHAPE_BWFAC= 1.929340e+02
##$SHAPE_INTEGFAC= 2.356110e-02
##$SHAPE_MODE= 0
##NPOINTS= 1000
##XYPOINTS= (XY..XY)
1.000000e+02, 1.800000e+02
1.000000e+02, 1.738551e+02
1.000000e+02, 1.685685e+02
1.000000e+02, 1.638583e+02
1.000000e+02, 1.595706e+02
1.000000e+02, 1.556102e+02
1.000000e+02, 1.519133e+02
1.000000e+02, 1.484343e+02
1.000000e+02, 1.451398e+02
1.000000e+02, 1.420041e+02
1.000000e+02, 1.390069e+02
1.000000e+02, 1.361322e+02
1.000000e+02, 1.333665e+02
1.000000e+02, 1.306990e+02
1.000000e+02, 1.281203e+02
1.000000e+02, 1.256227e+02
1.000000e+02, 1.231994e+02
1.000000e+02, 1.208444e+02
1.000000e+02, 1.185528e+02
1.000000e+02, 1.163199e+02
1.000000e+02, 1.141419e+02
1.000000e+02, 1.120152e+02
1.000000e+02, 1.099366e+02
1.000000e+02, 1.079033e+02
1.000000e+02, 1.059126e+02
1.000000e+02, 1.039623e+02
1.000000e+02, 1.020502e+02
1.000000e+02, 1.001744e+02
1.000000e+02, 9.833309e+01
1.000000e+02, 9.652467e+01
1.000000e+02, 9.474761e+01
1.000000e+02, 9.300052e+01
1.000000e+02, 9.128212e+01
1.000000e+02, 8.959121e+01
1.000000e+02, 8.792667e+01
1.000000e+02, 8.628747e+01
1.000000e+02, 8.467263e+01
1.000000e+02, 8.308125e+01
1.000000e+02, 8.151248e+01
1.000000e+02, 7.996552e+01
1.000000e+02, 7.843962e+01
1.000000e+02, 7.693407e+01
1.000000e+02, 7.544820e+01
1.000000e+02, 7.398139e+01
1.000000e+02, 7.253303e+01
1.000000e+02, 7.110256e+01
1.000000e+02, 6.968945e+01
1.000000e+02, 6.829319e+01
1.000000e+02, 6.691330e+01
1.000000e+02, 6.554931e+01
1.000000e+02, 6.420079e+01
1.000000e+02, 6.286733e+01
1.000000e+02, 6.154852e+01
1.000000e+02, 6.024400e+01
1.000000e+02, 5.895339e+01
1.000000e+02, 5.767634e+01
1.000000e+02, 5.641254e+01
1.000000e+02, 5.516165e+01
1.000000e+02, 5.392338e+01
1.000000e+02, 5.269743e+01
1.000000e+02, 5.148353e+01
1.000000e+02, 5.028139e+01
1.000000e+02, 4.909078e+01
1.000000e+02, 4.791143e+01
1.000000e+02, 4.674310e+01
1.000000e+02, 4.558558e+01
1.000000e+02, 4.443862e+01
1.000000e+02, 4.330203e+01
1.000000e+02, 4.217559e+01
1.000000e+02, 4.105910e+01
1.000000e+02, 3.995237e+01
1.000000e+02, 3.885522e+01
1.000000e+02, 3.776746e+01
1.000000e+02, 3.668893e+01
1.000000e+02, 3.561945e+01
1.000000e+02, 3.455886e+01
1.000000e+02, 3.350701e+01
1.000000e+02, 3.246373e+01
1.000000e+02, 3.142889e+01
1.000000e+02, 3.040234e+01
1.000000e+02, 2.938394e+01
1.000000e+02, 2.837356e+01
1.000000e+02, 2.737106e+01
1.000000e+02, 2.637632e+01
1.000000e+02, 2.538922e+01
1.000000e+02, 2.440964e+01
1.000000e+02, 2.343745e+01
1.000000e+02, 2.247255e+01
1.000000e+02, 2.151482e+01
1.000000e+02, 2.056417e+01
1.000000e+02, 1.962048e+01
1.000000e+02, 1.868365e+01
1.000000e+02, 1.775359e+01
1.000000e+02, 1.683019e+01
1.000000e+02, 1.591337e+01
1.000000e+02, 1.500304e+01
1.000000e+02, 1.409910e+01
1.000000e+02, 1.320147e+01
1.000000e+02, 1.231006e+01
1.000000e+02, 1.142479e+01
1.000000e+02, 1.054559e+01
1.000000e+02, 9.672361e+00
1.000000e+02, 8.805042e+00
1.000000e+02, 7.943554e+00
1.000000e+02, 7.087823e+00
1.000000e+02, 6.237778e+00
1.000000e+02, 5.393349e+00
1.000000e+02, 4.554468e+00
1.000000e+02, 3.721068e+00
1.000000e+02, 2.893085e+00
1.000000e+02, 2.070454e+00
1.000000e+02, 1.253113e+00
1.000000e+02, 4.410016e-01
1.000000e+02, 3.596341e+02
1.000000e+02, 3.588322e+02
1.000000e+02, 3.580355e+02
1.000000e+02, 3.572437e+02
1.000000e+02, 3.564568e+02
1.000000e+02, 3.556749e+02
1.000000e+02, 3.548978e+02
1.000000e+02, 3.541255e+02
1.000000e+02, 3.533579e+02
1.000000e+02, 3.525950e+02
1.000000e+02, 3.518367e+02
1.000000e+02, 3.510830e+02
1.000000e+02, 3.503339e+02
1.000000e+02, 3.495893e+02
1.000000e+02, 3.488491e+02
1.000000e+02, 3.481133e+02
1.000000e+02, 3.473819e+02
1.000000e+02, 3.466548e+02
1.000000e+02, 3.459320e+02
1.000000e+02, 3.452134e+02
1.000000e+02, 3.444991e+02
1.000000e+02, 3.437889e+02
1.000000e+02, 3.430828e+02
1.000000e+02, 3.423808e+02
1.000000e+02, 3.416829e+02
1.000000e+02, 3.409890e+02
1.000000e+02, 3.402990e+02
1.000000e+02, 3.396130e+02
1.000000e+02, 3.389309e+02
1.000000e+02, 3.382526e+02
1.000000e+02, 3.375783e+02
1.000000e+02, 3.369077e+02
1.000000e+02, 3.362408e+02
1.000000e+02, 3.355778e+02
1.000000e+02, 3.349184e+02
1.000000e+02, 3.342627e+02
1.000000e+02, 3.336107e+02
1.000000e+02, 3.329623e+02
1.000000e+02, 3.323175e+02
1.000000e+02, 3.316762e+02
1.000000e+02, 3.310385e+02
1.000000e+02, 3.304042e+02
1.000000e+02, 3.297735e+02
1.000000e+02, 3.291462e+02
1.000000e+02, 3.285223e+02
1.000000e+02, 3.279019e+02
1.000000e+02, 3.272848e+02
1.000000e+02, 3.266710e+02
1.000000e+02, 3.260606e+02
1.000000e+02, 3.254535e+02
1.000000e+02, 3.248496e+02
1.000000e+02, 3.242490e+02
1.000000e+02, 3.236516e+02
1.000000e+02, 3.230575e+02
1.000000e+02, 3.224665e+02
1.000000e+02, 3.218786e+02
1.000000e+02, 3.212939e+02
1.000000e+02, 3.207124e+02
1.000000e+02, 3.201339e+02
1.000000e+02, 3.195585e+02
1.000000e+02, 3.189861e+02
1.000000e+02, 3.184167e+02
1.000000e+02, 3.178504e+02
1.000000e+02, 3.172871e+02
1.000000e+02, 3.167267e+02
1.000000e+02, 3.161693e+02
1.000000e+02, 3.156148e+02
1.000000e+02, 3.150632e+02
1.000000e+02, 3.145146e+02
1.000000e+02, 3.139688e+02
1.000000e+02, 3.134258e+02
1.000000e+02, 3.128857e+02
1.000000e+02, 3.123484e+02
1.000000e+02, 3.118140e+02
1.000000e+02, 3.112823e+02
1.000000e+02, 3.107534e+02
1.000000e+02, 3.102272e+02
1.000000e+02, 3.097038e+02
1.000000e+02, 3.091831e+02
1.000000e+02, 3.086651e+02
1.000000e+02, 3.081497e+02
1.000000e+02, 3.076371e+02
1.000000e+02, 3.071271e+02
1.000000e+02, 3.066198e+02
1.000000e+02, 3.061151e+02
1.000000e+02, 3.056130e+02
1.000000e+02, 3.051135e+02
1.000000e+02, 3.046166e+02
1.000000e+02, 3.041222e+02
1.000000e+02, 3.036305e+02
1.000000e+02, 3.031412e+02
1.000000e+02, 3.026545e+02
1.000000e+02, 3.021703e+02
1.000000e+02, 3.016886e+02
1.000000e+02, 3.012094e+02
1.000000e+02, 3.007326e+02
1.000000e+02, 3.002583e+02
1.000000e+02, 2.997865e+02
1.000000e+02, 2.993171e+02
1.000000e+02, 2.988501e+02
1.000000e+02, 2.983856e+02
1.000000e+02, 2.979234e+02
1.000000e+02, 2.974636e+02
1.000000e+02, 2.970062e+02
1.000000e+02, 2.965512e+02
1.000000e+02, 2.960985e+02
1.000000e+02, 2.956481e+02
1.000000e+02, 2.952001e+02
1.000000e+02, 2.947544e+02
1.000000e+02, 2.943110e+02
1.000000e+02, 2.938699e+02
1.000000e+02, 2.934311e+02
1.000000e+02, 2.929945e+02
1.000000e+02, 2.925603e+02
1.000000e+02, 2.921282e+02
1.000000e+02, 2.916984e+02
1.000000e+02, 2.912709e+02
1.000000e+02, 2.908455e+02
1.000000e+02, 2.904224e+02
1.000000e+02, 2.900015e+02
1.000000e+02, 2.895828e+02
1.000000e+02, 2.891662e+02
1.000000e+02, 2.887518e+02
1.000000e+02, 2.883396e+02
1.000000e+02, 2.879296e+02
1.000000e+02, 2.875217e+02
1.000000e+02, 2.871159e+02
1.000000e+02, 2.867122e+02
1.000000e+02, 2.863107e+02
1.000000e+02, 2.859113e+02
1.000000e+02, 2.855139e+02
1.000000e+02, 2.851187e+02
1.000000e+02, 2.847255e+02
1.000000e+02, 2.843345e+02
1.000000e+02, 2.839454e+02
1.000000e+02, 2.835585e+02
1.000000e+02, 2.831736e+02
1.000000e+02, 2.827907e+02
1.000000e+02, 2.824099e+02
1.000000e+02, 2.820311e+02
1.000000e+02, 2.816543e+02
1.000000e+02, 2.812795e+02
1.000000e+02, 2.809067e+02
1.000000e+02, 2.805359e+02
1.000000e+02, 2.801671e+02
1.000000e+02, 2.798003e+02
1.000000e+02, 2.794354e+02
1.000000e+02, 2.790725e+02
1.000000e+02, 2.787116e+02
1.000000e+02, 2.783526e+02
1.000000e+02, 2.779955e+02
1.000000e+02, 2.776404e+02
1.000000e+02, 2.772873e+02
1.000000e+02, 2.769360e+02
1.000000e+02, 2.765866e+02
1.000000e+02, 2.762392e+02
1.000000e+02, 2.758937e+02
1.000000e+02, 2.755500e+02
1.000000e+02, 2.752083e+02
1.000000e+02, 2.748684e+02
1.000000e+02, 2.745304e+02
1.000000e+02, 2.741943e+02
1.000000e+02, 2.738600e+02
1.000000e+02, 2.735276e+02
1.000000e+02, 2.731970e+02
1.000000e+02, 2.728683e+02
1.000000e+02, 2.725414e+02
1.000000e+02, 2.722164e+02
1.000000e+02, 2.718932e+02
1.000000e+02, 2.715718e+02
1.000000e+02, 2.712522e+02
1.000000e+02, 2.709344e+02
1.000000e+02, 2.706184e+02
1.000000e+02, 2.703042e+02
1.000000e+02, 2.699918e+02
1.000000e+02, 2.696812e+02
1.000000e+02, 2.693724e+02
1.000000e+02, 2.690654e+02
1.000000e+02, 2.687601e+02
1.000000e+02, 2.684566e+02
1.000000e+02, 2.681548e+02
1.000000e+02, 2.678548e+02
1.000000e+02, 2.675566e+02
1.000000e+02, 2.672601e+02
1.000000e+02, 2.669653e+02
1.000000e+02, 2.666722e+02
1.000000e+02, 2.663809e+02
1.000000e+02, 2.660913e+02
1.000000e+02, 2.658035e+02
1.000000e+02, 2.655173e+02
1.000000e+02, 2.652329e+02
1.000000e+02, 2.649501e+02
1.000000e+02, 2.646691e+02
1.000000e+02, 2.643898e+02
1.000000e+02, 2.641121e+02
1.000000e+02, 2.638361e+02
1.000000e+02, 2.635619e+02
1.000000e+02, 2.632892e+02
1.000000e+02, 2.630183e+02
1.000000e+02, 2.627490e+02
1.000000e+02, 2.624814e+02
1.000000e+02, 2.622155e+02
1.000000e+02, 2.619512e+02
1.000000e+02, 2.616886e+02
1.000000e+02, 2.614276e+02
1.000000e+02, 2.611682e+02
1.000000e+02, 2.609105e+02
1.000000e+02, 2.606544e+02
1.000000e+02, 2.604000e+02
1.000000e+02, 2.601472e+02
1.000000e+02, 2.598960e+02
1.000000e+02, 2.596464e+02
1.000000e+02, 2.593984e+02
1.000000e+02, 2.591521e+02
1.000000e+02, 2.589073e+02
1.000000e+02, 2.586642e+02
1.000000e+02, 2.584226e+02
1.000000e+02, 2.581827e+02
1.000000e+02, 2.579443e+02
1.000000e+02, 2.577076e+02
1.000000e+02, 2.574724e+02
1.000000e+02, 2.572388e+02
1.000000e+02, 2.570068e+02
1.000000e+02, 2.567763e+02
1.000000e+02, 2.565475e+02
1.000000e+02, 2.563202e+02
1.000000e+02, 2.560944e+02
1.000000e+02, 2.558702e+02
1.000000e+02, 2.556476e+02
1.000000e+02, 2.554265e+02
1.000000e+02, 2.552070e+02
1.000000e+02, 2.549891e+02
1.000000e+02, 2.547726e+02
1.000000e+02, 2.545578e+02
1.000000e+02, 2.543444e+02
1.000000e+02, 2.541326e+02
1.000000e+02, 2.539223e+02
1.000000e+02, 2.537136e+02
1.000000e+02, 2.535064e+02
1.000000e+02, 2.533007e+02
1.000000e+02, 2.530965e+02
1.000000e+02, 2.528939e+02
1.000000e+02, 2.526927e+02
1.000000e+02, 2.524931e+02
1.000000e+02, 2.522950e+02
1.000000e+02, 2.520984e+02
1.000000e+02, 2.519032e+02
1.000000e+02, 2.517096e+02
1.000000e+02, 2.515175e+02
1.000000e+02, 2.513269e+02
1.000000e+02, 2.511378e+02
1.000000e+02, 2.509502e+02
1.000000e+02, 2.507640e+02
1.000000e+02, 2.505794e+02
1.000000e+02, 2.503962e+02
1.000000e+02, 2.502145e+02
1.000000e+02, 2.500343e+02
1.000000e+02, 2.498555e+02
1.000000e+02, 2.496782e+02
1.000000e+02, 2.495024e+02
1.000000e+02, 2.493281e+02
1.000000e+02, 2.491552e+02
1.000000e+02, 2.489838e+02
1.000000e+02, 2.488139e+02
1.000000e+02, 2.486454e+02
1.000000e+02, 2.484784e+02
1.000000e+02, 2.483128e+02
1.000000e+02, 2.481487e+02
1.000000e+02, 2.479860e+02
1.000000e+02, 2.478248e+02
1.000000e+02, 2.476650e+02
1.000000e+02, 2.475067e+02
1.000000e+02, 2.473498e+02
1.000000e+02, 2.471943e+02
1.000000e+02, 2.470403e+02
1.000000e+02, 2.468877e+02
1.000000e+02, 2.467365e+02
1.000000e+02, 2.465868e+02
1.000000e+02, 2.464385e+02
1.000000e+02, 2.462916e+02
1.000000e+02, 2.461462e+02
1.000000e+02, 2.460022e+02
1.000000e+02, 2.458596e+02
1.000000e+02, 2.457184e+02
1.000000e+02, 2.455786e+02
1.000000e+02, 2.454403e+02
1.000000e+02, 2.453034e+02
1.000000e+02, 2.451678e+02
1.000000e+02, 2.450337e+02
1.000000e+02, 2.449010e+02
1.000000e+02, 2.447697e+02
1.000000e+02, 2.446398e+02
1.000000e+02, 2.445114e+02
1.000000e+02, 2.443843e+02
1.000000e+02, 2.442586e+02
1.000000e+02, 2.441343e+02
1.000000e+02, 2.440114e+02
1.000000e+02, 2.438899e+02
1.000000e+02, 2.437698e+02
1.000000e+02, 2.436511e+02
1.000000e+02, 2.435338e+02
1.000000e+02, 2.434179e+02
1.000000e+02, 2.433033e+02
1.000000e+02, 2.431902e+02
1.000000e+02, 2.430784e+02
1.000000e+02, 2.429680e+02
1.000000e+02, 2.428590e+02
1.000000e+02, 2.427514e+02
1.000000e+02, 2.426452e+02
1.000000e+02, 2.425403e+02
1.000000e+02, 2.424368e+02
1.000000e+02, 2.423347e+02
1.000000e+02, 2.422340e+02
1.000000e+02, 2.421346e+02
1.000000e+02, 2.420366e+02
1.000000e+02, 2.419400e+02
1.000000e+02, 2.418448e+02
1.000000e+02, 2.417509e+02
1.000000e+02, 2.416584e+02
1.000000e+02, 2.415672e+02
1.000000e+02, 2.414775e+02
1.000000e+02, 2.413890e+02
1.000000e+02, 2.413020e+02
1.000000e+02, 2.412163e+02
1.000000e+02, 2.411320e+02
1.000000e+02, 2.410490e+02
1.000000e+02, 2.409674e+02
1.000000e+02, 2.408871e+02
1.000000e+02, 2.408082e+02
1.000000e+02, 2.407307e+02
1.000000e+02, 2.406545e+02
1.000000e+02, 2.405796e+02
1.000000e+02, 2.405061e+02
1.000000e+02, 2.404340e+02
1.000000e+02, 2.403632e+02
1.000000e+02, 2.402938e+02
1.000000e+02, 2.402257e+02
1.000000e+02, 2.401590e+02
1.000000e+02, 2.400936e+02
1.000000e+02, 2.400296e+02
1.000000e+02, 2.399669e+02
1.000000e+02, 2.399055e+02
1.000000e+02, 2.398455e+02
1.000000e+02, 2.397868e+02
1.000000e+02, 2.397295e+02
1.000000e+02, 2.396736e+02
1.000000e+02, 2.396189e+02
1.000000e+02, 2.395656e+02
1.000000e+02, 2.395137e+02
1.000000e+02, 2.394631e+02
1.000000e+02, 2.394138e+02
1.000000e+02, 2.393659e+02
1.000000e+02, 2.393193e+02
1.000000e+02, 2.392740e+02
1.000000e+02, 2.392301e+02
1.000000e+02, 2.391875e+02
1.000000e+02, 2.391463e+02
1.000000e+02, 2.391063e+02
1.000000e+02, 2.390678e+02
1.000000e+02, 2.390305e+02
1.000000e+02, 2.389946e+02
1.000000e+02, 2.389600e+02
1.000000e+02, 2.389268e+02
1.000000e+02, 2.388949e+02
1.000000e+02, 2.388643e+02
1.000000e+02, 2.388351e+02
1.000000e+02, 2.388072e+02
1.000000e+02, 2.387806e+02
1.000000e+02, 2.387553e+02
1.000000e+02, 2.387314e+02
1.000000e+02, 2.387088e+02
1.000000e+02, 2.386876e+02
1.000000e+02, 2.386676e+02
1.000000e+02, 2.386490e+02
1.000000e+02, 2.386318e+02
1.000000e+02, 2.386158e+02
1.000000e+02, 2.386012e+02
1.000000e+02, 2.385879e+02
1.000000e+02, 2.385760e+02
1.000000e+02, 2.385653e+02
1.000000e+02, 2.385560e+02
1.000000e+02, 2.385481e+02
1.000000e+02, 2.385414e+02
1.000000e+02, 2.385361e+02
1.000000e+02, 2.385321e+02
1.000000e+02, 2.385295e+02
1.000000e+02, 2.385281e+02
1.000000e+02, 2.385281e+02
1.000000e+02, 2.385295e+02
1.000000e+02, 2.385321e+02
1.000000e+02, 2.385361e+02
1.000000e+02, 2.385414e+02
1.000000e+02, 2.385481e+02
1.000000e+02, 2.385560e+02
1.000000e+02, 2.385653e+02
1.000000e+02, 2.385760e+02
1.000000e+02, 2.385879e+02
1.000000e+02, 2.386012e+02
1.000000e+02, 2.386158e+02
1.000000e+02, 2.386318e+02
1.000000e+02, 2.386490e+02
1.000000e+02, 2.386676e+02
1.000000e+02, 2.386876e+02
1.000000e+02, 2.387088e+02
1.000000e+02, 2.387314e+02
1.000000e+02, 2.387553e+02
1.000000e+02, 2.387806e+02
1.000000e+02, 2.388072e+02
1.000000e+02, 2.388351e+02
1.000000e+02, 2.388643e+02
1.000000e+02, 2.388949e+02
1.000000e+02, 2.389268e+02
1.000000e+02, 2.389600e+02
1.000000e+02, 2.389946e+02
1.000000e+02, 2.390305e+02
1.000000e+02, 2.390678e+02
1.000000e+02, 2.391063e+02
1.000000e+02, 2.391463e+02
1.000000e+02, 2.391875e+02
1.000000e+02, 2.392301e+02
1.000000e+02, 2.392740e+02
1.000000e+02, 2.393193e+02
1.000000e+02, 2.393659e+02
1.000000e+02, 2.394138e+02
1.000000e+02, 2.394631e+02
1.000000e+02, 2.395137e+02
1.000000e+02, 2.395656e+02
1.000000e+02, 2.396189e+02
1.000000e+02, 2.396736e+02
1.000000e+02, 2.397295e+02
1.000000e+02, 2.397868e+02
1.000000e+02, 2.398455e+02
1.000000e+02, 2.399055e+02
1.000000e+02, 2.399669e+02
1.000000e+02, 2.400296e+02
1.000000e+02, 2.400936e+02
1.000000e+02, 2.401590e+02
1.000000e+02, 2.402257e+02
1.000000e+02, 2.402938e+02
1.000000e+02, 2.403632e+02
1.000000e+02, 2.404340e+02
1.000000e+02, 2.405061e+02
1.000000e+02, 2.405796e+02
1.000000e+02, 2.406545e+02
1.000000e+02, 2.407307e+02
1.000000e+02, 2.408082e+02
1.000000e+02, 2.408871e+02
1.000000e+02, 2.409674e+02
1.000000e+02, 2.410490e+02
1.000000e+02, 2.411320e+02
1.000000e+02, 2.412163e+02
1.000000e+02, 2.413020e+02
1.000000e+02, 2.413890e+02
1.000000e+02, 2.414775e+02
1.000000e+02, 2.415672e+02
1.000000e+02, 2.416584e+02
1.000000e+02, 2.417509e+02
1.000000e+02, 2.418448e+02
1.000000e+02, 2.419400e+02
1.000000e+02, 2.420366e+02
1.000000e+02, 2.421346e+02
1.000000e+02, 2.422340e+02
1.000000e+02, 2.423347e+02
1.000000e+02, 2.424368e+02
1.000000e+02, 2.425403e+02
1.000000e+02, 2.426452e+02
1.000000e+02, 2.427514e+02
1.000000e+02, 2.428590e+02
1.000000e+02, 2.429680e+02
1.000000e+02, 2.430784e+02
1.000000e+02, 2.431902e+02
1.000000e+02, 2.433033e+02
1.000000e+02, 2.434179e+02
1.000000e+02, 2.435338e+02
1.000000e+02, 2.436511e+02
1.000000e+02, 2.437698e+02
1.000000e+02, 2.438899e+02
1.000000e+02, 2.440114e+02
1.000000e+02, 2.441343e+02
1.000000e+02, 2.442586e+02
1.000000e+02, 2.443843e+02
1.000000e+02, 2.445114e+02
1.000000e+02, 2.446398e+02
1.000000e+02, 2.447697e+02
1.000000e+02, 2.449010e+02
1.000000e+02, 2.450337e+02
1.000000e+02, 2.451678e+02
1.000000e+02, 2.453034e+02
1.000000e+02, 2.454403e+02
1.000000e+02, 2.455786e+02
1.000000e+02, 2.457184e+02
1.000000e+02, 2.458596e+02
1.000000e+02, 2.460022e+02
1.000000e+02, 2.461462e+02
1.000000e+02, 2.462917e+02
1.000000e+02, 2.464385e+02
1.000000e+02, 2.465868e+02
1.000000e+02, 2.467365e+02
1.000000e+02, 2.468877e+02
1.000000e+02, 2.470403e+02
1.000000e+02, 2.471943e+02
1.000000e+02, 2.473498e+02
1.000000e+02, 2.475067e+02
1.000000e+02, 2.476650e+02
1.000000e+02, 2.478248e+02
1.000000e+02, 2.479860e+02
1.000000e+02, 2.481487e+02
1.000000e+02, 2.483128e+02
1.000000e+02, 2.484784e+02
1.000000e+02, 2.486454e+02
1.000000e+02, 2.488139e+02
1.000000e+02, 2.489838e+02
1.000000e+02, 2.491552e+02
1.000000e+02, 2.493281e+02
1.000000e+02, 2.495024e+02
1.000000e+02, 2.496782e+02
1.000000e+02, 2.498555e+02
1.000000e+02, 2.500343e+02
1.000000e+02, 2.502145e+02
1.000000e+02, 2.503962e+02
1.000000e+02, 2.505794e+02
1.000000e+02, 2.507640e+02
1.000000e+02, 2.509502e+02
1.000000e+02, 2.511378e+02
1.000000e+02, 2.513269e+02
1.000000e+02, 2.515175e+02
1.000000e+02, 2.517096e+02
1.000000e+02, 2.519032e+02
1.000000e+02, 2.520984e+02
1.000000e+02, 2.522950e+02
1.000000e+02, 2.524931e+02
1.000000e+02, 2.526927e+02
1.000000e+02, 2.528939e+02
1.000000e+02, 2.530965e+02
1.000000e+02, 2.533007e+02
1.000000e+02, 2.535064e+02
1.000000e+02, 2.537136e+02
1.000000e+02, 2.539223e+02
1.000000e+02, 2.541326e+02
1.000000e+02, 2.543444e+02
1.000000e+02, 2.545578e+02
1.000000e+02, 2.547726e+02
1.000000e+02, 2.549891e+02
1.000000e+02, 2.552070e+02
1.000000e+02, 2.554265e+02
1.000000e+02, 2.556476e+02
1.000000e+02, 2.558702e+02
1.000000e+02, 2.560944e+02
1.000000e+02, 2.563202e+02
1.000000e+02, 2.565475e+02
1.000000e+02, 2.567763e+02
1.000000e+02, 2.570068e+02
1.000000e+02, 2.572388e+02
1.000000e+02, 2.574724e+02
1.000000e+02, 2.577076e+02
1.000000e+02, 2.579443e+02
1.000000e+02, 2.581827e+02
1.000000e+02, 2.584226e+02
1.000000e+02, 2.586642e+02
1.000000e+02, 2.589073e+02
1.000000e+02, 2.591521e+02
1.000000e+02, 2.593984e+02
1.000000e+02, 2.596464e+02
1.000000e+02, 2.598960e+02
1.000000e+02, 2.601472e+02
1.000000e+02, 2.604000e+02
1.000000e+02, 2.606544e+02
1.000000e+02, 2.609105e+02
1.000000e+02, 2.611682e+02
1.000000e+02, 2.614276e+02
1.000000e+02, 2.616886e+02
1.000000e+02, 2.619512e+02
1.000000e+02, 2.622155e+02
1.000000e+02, 2.624814e+02
1.000000e+02, 2.627490e+02
1.000000e+02, 2.630183e+02
1.000000e+02, 2.632892e+02
1.000000e+02, 2.635619e+02
1.000000e+02, 2.638361e+02
1.000000e+02, 2.641121e+02
1.000000e+02, 2.643898e+02
1.000000e+02, 2.646691e+02
1.000000e+02, 2.649501e+02
1.000000e+02, 2.652329e+02
1.000000e+02, 2.655173e+02
1.000000e+02, 2.658035e+02
1.000000e+02, 2.660913e+02
1.000000e+02, 2.663809e+02
1.000000e+02, 2.666722e+02
1.000000e+02, 2.669653e+02
1.000000e+02, 2.672601e+02
1.000000e+02, 2.675566e+02
1.000000e+02, 2.678548e+02
1.000000e+02, 2.681548e+02
1.000000e+02, 2.684566e+02
1.000000e+02, 2.687601e+02
1.000000e+02, 2.690654e+02
1.000000e+02, 2.693724e+02
1.000000e+02, 2.696812e+02
1.000000e+02, 2.699918e+02
1.000000e+02, 2.703042e+02
1.000000e+02, 2.706184e+02
1.000000e+02, 2.709344e+02
1.000000e+02, 2.712522e+02
1.000000e+02, 2.715718e+02
1.000000e+02, 2.718932e+02
1.000000e+02, 2.722164e+02
1.000000e+02, 2.725414e+02
1.000000e+02, 2.728683e+02
1.000000e+02, 2.731970e+02
1.000000e+02, 2.735276e+02
1.000000e+02, 2.738600e+02
1.000000e+02, 2.741943e+02
1.000000e+02, 2.745304e+02
1.000000e+02, 2.748684e+02
1.000000e+02, 2.752083e+02
1.000000e+02, 2.755500e+02
1.000000e+02, 2.758937e+02
1.000000e+02, 2.762392e+02
1.000000e+02, 2.765866e+02
1.000000e+02, 2.769360e+02
1.000000e+02, 2.772873e+02
1.000000e+02, 2.776404e+02
1.000000e+02, 2.779955e+02
1.000000e+02, 2.783526e+02
1.000000e+02, 2.787116e+02
1.000000e+02, 2.790725e+02
1.000000e+02, 2.794354e+02
1.000000e+02, 2.798003e+02
1.000000e+02, 2.801671e+02
1.000000e+02, 2.805359e+02
1.000000e+02, 2.809067e+02
1.000000e+02, 2.812795e+02
1.000000e+02, 2.816543e+02
1.000000e+02, 2.820311e+02
1.000000e+02, 2.824099e+02
1.000000e+02, 2.827907e+02
1.000000e+02, 2.831736e+02
1.000000e+02, 2.835585e+02
1.000000e+02, 2.839454e+02
1.000000e+02, 2.843345e+02
1.000000e+02, 2.847255e+02
1.000000e+02, 2.851187e+02
1.000000e+02, 2.855139e+02
1.000000e+02, 2.859113e+02
1.000000e+02, 2.863107e+02
1.000000e+02, 2.867122e+02
1.000000e+02, 2.871159e+02
1.000000e+02, 2.875217e+02
1.000000e+02, 2.879296e+02
1.000000e+02, 2.883396e+02
1.000000e+02, 2.887518e+02
1.000000e+02, 2.891662e+02
1.000000e+02, 2.895828e+02
1.000000e+02, 2.900015e+02
1.000000e+02, 2.904224e+02
1.000000e+02, 2.908455e+02
1.000000e+02, 2.912709e+02
1.000000e+02, 2.916984e+02
1.000000e+02, 2.921282e+02
1.000000e+02, 2.925603e+02
1.000000e+02, 2.929945e+02
1.000000e+02, 2.934311e+02
1.000000e+02, 2.938699e+02
1.000000e+02, 2.943110e+02
1.000000e+02, 2.947544e+02
1.000000e+02, 2.952001e+02
1.000000e+02, 2.956481e+02
1.000000e+02, 2.960985e+02
1.000000e+02, 2.965512e+02
1.000000e+02, 2.970062e+02
1.000000e+02, 2.974636e+02
1.000000e+02, 2.979234e+02
1.000000e+02, 2.983856e+02
1.000000e+02, 2.988501e+02
1.000000e+02, 2.993171e+02
1.000000e+02, 2.997865e+02
1.000000e+02, 3.002583e+02
1.000000e+02, 3.007326e+02
1.000000e+02, 3.012094e+02
1.000000e+02, 3.016886e+02
1.000000e+02, 3.021703e+02
1.000000e+02, 3.026545e+02
1.000000e+02, 3.031412e+02
1.000000e+02, 3.036305e+02
1.000000e+02, 3.041222e+02
1.000000e+02, 3.046166e+02
1.000000e+02, 3.051135e+02
1.000000e+02, 3.056130e+02
1.000000e+02, 3.061151e+02
1.000000e+02, 3.066198e+02
1.000000e+02, 3.071271e+02
1.000000e+02, 3.076371e+02
1.000000e+02, 3.081498e+02
1.000000e+02, 3.086651e+02
1.000000e+02, 3.091831e+02
1.000000e+02, 3.097038e+02
1.000000e+02, 3.102272e+02
1.000000e+02, 3.107534e+02
1.000000e+02, 3.112823e+02
1.000000e+02, 3.118140e+02
1.000000e+02, 3.123484e+02
1.000000e+02, 3.128857e+02
1.000000e+02, 3.134258e+02
1.000000e+02, 3.139688e+02
1.000000e+02, 3.145146e+02
1.000000e+02, 3.150632e+02
1.000000e+02, 3.156148e+02
1.000000e+02, 3.161693e+02
1.000000e+02, 3.167267e+02
1.000000e+02, 3.172871e+02
1.000000e+02, 3.178504e+02
1.000000e+02, 3.184168e+02
1.000000e+02, 3.189861e+02
1.000000e+02, 3.195585e+02
1.000000e+02, 3.201339e+02
1.000000e+02, 3.207124e+02
1.000000e+02, 3.212939e+02
1.000000e+02, 3.218786e+02
1.000000e+02, 3.224665e+02
1.000000e+02, 3.230575e+02
1.000000e+02, 3.236516e+02
1.000000e+02, 3.242490e+02
1.000000e+02, 3.248496e+02
1.000000e+02, 3.254535e+02
1.000000e+02, 3.260606e+02
1.000000e+02, 3.266710e+02
1.000000e+02, 3.272848e+02
1.000000e+02, 3.279019e+02
1.000000e+02, 3.285223e+02
1.000000e+02, 3.291462e+02
1.000000e+02, 3.297735e+02
1.000000e+02, 3.304042e+02
1.000000e+02, 3.310385e+02
1.000000e+02, 3.316762e+02
1.000000e+02, 3.323175e+02
1.000000e+02, 3.329623e+02
1.000000e+02, 3.336107e+02
1.000000e+02, 3.342627e+02
1.000000e+02, 3.349184e+02
1.000000e+02, 3.355778e+02
1.000000e+02, 3.362409e+02
1.000000e+02, 3.369077e+02
1.000000e+02, 3.375783e+02
1.000000e+02, 3.382527e+02
1.000000e+02, 3.389309e+02
1.000000e+02, 3.396130e+02
1.000000e+02, 3.402990e+02
1.000000e+02, 3.409890e+02
1.000000e+02, 3.416829e+02
1.000000e+02, 3.423808e+02
1.000000e+02, 3.430828e+02
1.000000e+02, 3.437889e+02
1.000000e+02, 3.444991e+02
1.000000e+02, 3.452134e+02
1.000000e+02, 3.459320e+02
1.000000e+02, 3.466548e+02
1.000000e+02, 3.473819e+02
1.000000e+02, 3.481133e+02
1.000000e+02, 3.488491e+02
1.000000e+02, 3.495893e+02
1.000000e+02, 3.503339e+02
1.000000e+02, 3.510830e+02
1.000000e+02, 3.518367e+02
1.000000e+02, 3.525950e+02
1.000000e+02, 3.533579e+02
1.000000e+02, 3.541255e+02
1.000000e+02, 3.548978e+02
1.000000e+02, 3.556749e+02
1.000000e+02, 3.564568e+02
1.000000e+02, 3.572437e+02
1.000000e+02, 3.580355e+02
1.000000e+02, 3.588322e+02
1.000000e+02, 3.596341e+02
1.000000e+02, 4.410045e-01
1.000000e+02, 1.253116e+00
1.000000e+02, 2.070457e+00
1.000000e+02, 2.893088e+00
1.000000e+02, 3.721071e+00
1.000000e+02, 4.554471e+00
1.000000e+02, 5.393352e+00
1.000000e+02, 6.237781e+00
1.000000e+02, 7.087826e+00
1.000000e+02, 7.943557e+00
1.000000e+02, 8.805045e+00
1.000000e+02, 9.672364e+00
1.000000e+02, 1.054559e+01
1.000000e+02, 1.142480e+01
1.000000e+02, 1.231006e+01
1.000000e+02, 1.320147e+01
1.000000e+02, 1.409910e+01
1.000000e+02, 1.500304e+01
1.000000e+02, 1.591338e+01
1.000000e+02, 1.683020e+01
1.000000e+02, 1.775359e+01
1.000000e+02, 1.868365e+01
1.000000e+02, 1.962048e+01
1.000000e+02, 2.056417e+01
1.000000e+02, 2.151483e+01
1.000000e+02, 2.247255e+01
1.000000e+02, 2.343745e+01
1.000000e+02, 2.440964e+01
1.000000e+02, 2.538923e+01
1.000000e+02, 2.637633e+01
1.000000e+02, 2.737107e+01
1.000000e+02, 2.837356e+01
1.000000e+02, 2.938394e+01
1.000000e+02, 3.040234e+01
1.000000e+02, 3.142889e+01
1.000000e+02, 3.246373e+01
1.000000e+02, 3.350701e+01
1.000000e+02, 3.455886e+01
1.000000e+02, 3.561945e+01
1.000000e+02, 3.668893e+01
1.000000e+02, 3.776747e+01
1.000000e+02, 3.885522e+01
1.000000e+02, 3.995237e+01
1.000000e+02, 4.105910e+01
1.000000e+02, 4.217559e+01
1.000000e+02, 4.330203e+01
1.000000e+02, 4.443863e+01
1.000000e+02, 4.558558e+01
1.000000e+02, 4.674311e+01
1.000000e+02, 4.791143e+01
1.000000e+02, 4.909078e+01
1.000000e+02, 5.028140e+01
1.000000e+02, 5.148353e+01
1.000000e+02, 5.269743e+01
1.000000e+02, 5.392338e+01
1.000000e+02, 5.516165e+01
1.000000e+02, 5.641254e+01
1.000000e+02, 5.767635e+01
1.000000e+02, 5.895339e+01
1.000000e+02, 6.024400e+01
1.000000e+02, 6.154853e+01
1.000000e+02, 6.286733e+01
1.000000e+02, 6.420080e+01
1.000000e+02, 6.554931e+01
1.000000e+02, 6.691330e+01
1.000000e+02, 6.829319e+01
1.000000e+02, 6.968945e+01
1.000000e+02, 7.110256e+01
1.000000e+02, 7.253303e+01
1.000000e+02, 7.398139e+01
1.000000e+02, 7.544821e+01
1.000000e+02, 7.693407e+01
1.000000e+02, 7.843962e+01
1.000000e+02, 7.996553e+01
1.000000e+02, 8.151249e+01
1.000000e+02, 8.308126e+01
1.000000e+02, 8.467263e+01
1.000000e+02, 8.628747e+01
1.000000e+02, 8.792667e+01
1.000000e+02, 8.959121e+01
1.000000e+02, 9.128213e+01
1.000000e+02, 9.300053e+01
1.000000e+02, 9.474761e+01
1.000000e+02, 9.652467e+01
1.000000e+02, 9.833310e+01
1.000000e+02, 1.001744e+02
1.000000e+02, 1.020502e+02
1.000000e+02, 1.039623e+02
1.000000e+02, 1.059126e+02
1.000000e+02, 1.079033e+02
1.000000e+02, 1.099366e+02
1.000000e+02, 1.120152e+02
1.000000e+02, 1.141419e+02
1.000000e+02, 1.163199e+02
1.000000e+02, 1.185528e+02
1.000000e+02, 1.208444e+02
1.000000e+02, 1.231994e+02
1.000000e+02, 1.256227e+02
1.000000e+02, 1.281203e+02
1.000000e+02, 1.306990e+02
1.000000e+02, 1.333665e+02
1.000000e+02, 1.361322e+02
1.000000e+02, 1.390069e+02
1.000000e+02, 1.420041e+02
1.000000e+02, 1.451398e+02
1.000000e+02, 1.484343e+02
1.000000e+02, 1.519133e+02
1.000000e+02, 1.556103e+02
1.000000e+02, 1.595706e+02
1.000000e+02, 1.638583e+02
1.000000e+02, 1.685685e+02
1.000000e+02, 1.738551e+02
1.000000e+02, 1.800000e+02
##END= 