##TITLE= /opt/topspin3.0/exp/stan/nmr/lists/wave/user/HypSec_trunc2.84_110
##JCAMP-DX= 5.00 Bruker JCAMP library
##DATA TYPE= Shape Data
##ORIGIN= Bruker BioSpin GmbH
##OWNER= <nmrsu>
##DATE= 15/02/24
##TIME= 16:15:04
##MINX= 1.164538e+01
##MAXX= 9.999960e+01
##MINY= 2.546774e-02
##MAXY= 3.585574e+02
##$SHAPE_EXMODE= Adiabatic
##$SHAPE_TOTROT= 1.800000e+02
##$SHAPE_BWFAC= 1.929340e+02
##$SHAPE_INTEGFAC= 2.356110e-02
##$SHAPE_MODE= 0
##NPOINTS= 500
##XYPOINTS= (XY..XY)
1.000000e+02, 1.800000e+02
1.000000e+02, 1.781773e+02
1.000000e+02, 1.767568e+02
1.000000e+02, 1.755515e+02
1.000000e+02, 1.744868e+02
1.000000e+02, 1.735235e+02
1.000000e+02, 1.726378e+02
1.000000e+02, 1.718143e+02
1.000000e+02, 1.710420e+02
1.000000e+02, 1.703129e+02
1.000000e+02, 1.696208e+02
1.000000e+02, 1.689610e+02
1.000000e+02, 1.683297e+02
1.000000e+02, 1.677238e+02
1.000000e+02, 1.671407e+02
1.000000e+02, 1.665782e+02
1.000000e+02, 1.660346e+02
1.000000e+02, 1.655083e+02
1.000000e+02, 1.649979e+02
1.000000e+02, 1.645022e+02
1.000000e+02, 1.640202e+02
1.000000e+02, 1.635510e+02
1.000000e+02, 1.630938e+02
1.000000e+02, 1.626478e+02
1.000000e+02, 1.622124e+02
1.000000e+02, 1.617870e+02
1.000000e+02, 1.613710e+02
1.000000e+02, 1.609640e+02
1.000000e+02, 1.605655e+02
1.000000e+02, 1.601751e+02
1.000000e+02, 1.597925e+02
1.000000e+02, 1.594172e+02
1.000000e+02, 1.590491e+02
1.000000e+02, 1.586876e+02
1.000000e+02, 1.583327e+02
1.000000e+02, 1.579841e+02
1.000000e+02, 1.576414e+02
1.000000e+02, 1.573046e+02
1.000000e+02, 1.569733e+02
1.000000e+02, 1.566474e+02
1.000000e+02, 1.563267e+02
1.000000e+02, 1.560111e+02
1.000000e+02, 1.557003e+02
1.000000e+02, 1.553942e+02
1.000000e+02, 1.550927e+02
1.000000e+02, 1.547956e+02
1.000000e+02, 1.545029e+02
1.000000e+02, 1.542143e+02
1.000000e+02, 1.539298e+02
1.000000e+02, 1.536493e+02
1.000000e+02, 1.533726e+02
1.000000e+02, 1.530997e+02
1.000000e+02, 1.528304e+02
1.000000e+02, 1.525647e+02
1.000000e+02, 1.523024e+02
1.000000e+02, 1.520436e+02
1.000000e+02, 1.517881e+02
1.000000e+02, 1.515359e+02
1.000000e+02, 1.512868e+02
1.000000e+02, 1.510408e+02
1.000000e+02, 1.507978e+02
1.000000e+02, 1.505578e+02
1.000000e+02, 1.503208e+02
1.000000e+02, 1.500866e+02
1.000000e+02, 1.498551e+02
1.000000e+02, 1.496264e+02
1.000000e+02, 1.494004e+02
1.000000e+02, 1.491771e+02
1.000000e+02, 1.489563e+02
1.000000e+02, 1.487381e+02
1.000000e+02, 1.485223e+02
1.000000e+02, 1.483090e+02
1.000000e+02, 1.480982e+02
1.000000e+02, 1.478897e+02
1.000000e+02, 1.476835e+02
1.000000e+02, 1.474796e+02
1.000000e+02, 1.472779e+02
1.000000e+02, 1.470785e+02
1.000000e+02, 1.468813e+02
1.000000e+02, 1.466862e+02
1.000000e+02, 1.464932e+02
1.000000e+02, 1.463023e+02
1.000000e+02, 1.461135e+02
1.000000e+02, 1.459267e+02
1.000000e+02, 1.457419e+02
1.000000e+02, 1.455591e+02
1.000000e+02, 1.453782e+02
1.000000e+02, 1.451992e+02
1.000000e+02, 1.450221e+02
1.000000e+02, 1.448468e+02
1.000000e+02, 1.446734e+02
1.000000e+02, 1.445019e+02
1.000000e+02, 1.443321e+02
1.000000e+02, 1.441641e+02
1.000000e+02, 1.439978e+02
1.000000e+02, 1.438333e+02
1.000000e+02, 1.436705e+02
1.000000e+02, 1.435093e+02
1.000000e+02, 1.433498e+02
1.000000e+02, 1.431920e+02
1.000000e+02, 1.430358e+02
1.000000e+02, 1.428813e+02
1.000000e+02, 1.427283e+02
1.000000e+02, 1.425769e+02
1.000000e+02, 1.424270e+02
1.000000e+02, 1.422787e+02
1.000000e+02, 1.421320e+02
1.000000e+02, 1.419867e+02
1.000000e+02, 1.418429e+02
1.000000e+02, 1.417007e+02
1.000000e+02, 1.415599e+02
1.000000e+02, 1.414205e+02
1.000000e+02, 1.412826e+02
1.000000e+02, 1.411461e+02
1.000000e+02, 1.410110e+02
1.000000e+02, 1.408774e+02
1.000000e+02, 1.407451e+02
1.000000e+02, 1.406142e+02
1.000000e+02, 1.404846e+02
1.000000e+02, 1.403564e+02
1.000000e+02, 1.402296e+02
1.000000e+02, 1.401041e+02
1.000000e+02, 1.399799e+02
1.000000e+02, 1.398570e+02
1.000000e+02, 1.397353e+02
1.000000e+02, 1.396150e+02
1.000000e+02, 1.394960e+02
1.000000e+02, 1.393782e+02
1.000000e+02, 1.392617e+02
1.000000e+02, 1.391464e+02
1.000000e+02, 1.390324e+02
1.000000e+02, 1.389196e+02
1.000000e+02, 1.388080e+02
1.000000e+02, 1.386976e+02
1.000000e+02, 1.385884e+02
1.000000e+02, 1.384805e+02
1.000000e+02, 1.383737e+02
1.000000e+02, 1.382680e+02
1.000000e+02, 1.381636e+02
1.000000e+02, 1.380603e+02
1.000000e+02, 1.379582e+02
1.000000e+02, 1.378572e+02
1.000000e+02, 1.377573e+02
1.000000e+02, 1.376586e+02
1.000000e+02, 1.375610e+02
1.000000e+02, 1.374645e+02
1.000000e+02, 1.373692e+02
1.000000e+02, 1.372749e+02
1.000000e+02, 1.371817e+02
1.000000e+02, 1.370897e+02
1.000000e+02, 1.369987e+02
1.000000e+02, 1.369088e+02
1.000000e+02, 1.368199e+02
1.000000e+02, 1.367322e+02
1.000000e+02, 1.366455e+02
1.000000e+02, 1.365598e+02
1.000000e+02, 1.364752e+02
1.000000e+02, 1.363916e+02
1.000000e+02, 1.363091e+02
1.000000e+02, 1.362276e+02
1.000000e+02, 1.361472e+02
1.000000e+02, 1.360677e+02
1.000000e+02, 1.359893e+02
1.000000e+02, 1.359119e+02
1.000000e+02, 1.358355e+02
1.000000e+02, 1.357601e+02
1.000000e+02, 1.356858e+02
1.000000e+02, 1.356124e+02
1.000000e+02, 1.355400e+02
1.000000e+02, 1.354686e+02
1.000000e+02, 1.353981e+02
1.000000e+02, 1.353287e+02
1.000000e+02, 1.352602e+02
1.000000e+02, 1.351927e+02
1.000000e+02, 1.351261e+02
1.000000e+02, 1.350605e+02
1.000000e+02, 1.349959e+02
1.000000e+02, 1.349323e+02
1.000000e+02, 1.348695e+02
1.000000e+02, 1.348078e+02
1.000000e+02, 1.347469e+02
1.000000e+02, 1.346871e+02
1.000000e+02, 1.346281e+02
1.000000e+02, 1.345701e+02
1.000000e+02, 1.345130e+02
1.000000e+02, 1.344569e+02
1.000000e+02, 1.344016e+02
1.000000e+02, 1.343473e+02
1.000000e+02, 1.342939e+02
1.000000e+02, 1.342414e+02
1.000000e+02, 1.341899e+02
1.000000e+02, 1.341392e+02
1.000000e+02, 1.340895e+02
1.000000e+02, 1.340407e+02
1.000000e+02, 1.339927e+02
1.000000e+02, 1.339457e+02
1.000000e+02, 1.338995e+02
1.000000e+02, 1.338543e+02
1.000000e+02, 1.338099e+02
1.000000e+02, 1.337665e+02
1.000000e+02, 1.337239e+02
1.000000e+02, 1.336822e+02
1.000000e+02, 1.336414e+02
1.000000e+02, 1.336015e+02
1.000000e+02, 1.335624e+02
1.000000e+02, 1.335243e+02
1.000000e+02, 1.334870e+02
1.000000e+02, 1.334506e+02
1.000000e+02, 1.334150e+02
1.000000e+02, 1.333803e+02
1.000000e+02, 1.333465e+02
1.000000e+02, 1.333136e+02
1.000000e+02, 1.332815e+02
1.000000e+02, 1.332503e+02
1.000000e+02, 1.332199e+02
1.000000e+02, 1.331905e+02
1.000000e+02, 1.331618e+02
1.000000e+02, 1.331340e+02
1.000000e+02, 1.331071e+02
1.000000e+02, 1.330811e+02
1.000000e+02, 1.330558e+02
1.000000e+02, 1.330315e+02
1.000000e+02, 1.330080e+02
1.000000e+02, 1.329853e+02
1.000000e+02, 1.329635e+02
1.000000e+02, 1.329425e+02
1.000000e+02, 1.329224e+02
1.000000e+02, 1.329031e+02
1.000000e+02, 1.328847e+02
1.000000e+02, 1.328671e+02
1.000000e+02, 1.328504e+02
1.000000e+02, 1.328345e+02
1.000000e+02, 1.328194e+02
1.000000e+02, 1.328052e+02
1.000000e+02, 1.327918e+02
1.000000e+02, 1.327793e+02
1.000000e+02, 1.327676e+02
1.000000e+02, 1.327567e+02
1.000000e+02, 1.327467e+02
1.000000e+02, 1.327375e+02
1.000000e+02, 1.327292e+02
1.000000e+02, 1.327217e+02
1.000000e+02, 1.327150e+02
1.000000e+02, 1.327091e+02
1.000000e+02, 1.327041e+02
1.000000e+02, 1.327000e+02
1.000000e+02, 1.326966e+02
1.000000e+02, 1.326941e+02
1.000000e+02, 1.326924e+02
1.000000e+02, 1.326916e+02
1.000000e+02, 1.326916e+02
1.000000e+02, 1.326924e+02
1.000000e+02, 1.326941e+02
1.000000e+02, 1.326966e+02
1.000000e+02, 1.327000e+02
1.000000e+02, 1.327041e+02
1.000000e+02, 1.327091e+02
1.000000e+02, 1.327150e+02
1.000000e+02, 1.327217e+02
1.000000e+02, 1.327292e+02
1.000000e+02, 1.327375e+02
1.000000e+02, 1.327467e+02
1.000000e+02, 1.327567e+02
1.000000e+02, 1.327676e+02
1.000000e+02, 1.327793e+02
1.000000e+02, 1.327918e+02
1.000000e+02, 1.328052e+02
1.000000e+02, 1.328194e+02
1.000000e+02, 1.328345e+02
1.000000e+02, 1.328504e+02
1.000000e+02, 1.328671e+02
1.000000e+02, 1.328847e+02
1.000000e+02, 1.329031e+02
1.000000e+02, 1.329224e+02
1.000000e+02, 1.329425e+02
1.000000e+02, 1.329635e+02
1.000000e+02, 1.329853e+02
1.000000e+02, 1.330080e+02
1.000000e+02, 1.330315e+02
1.000000e+02, 1.330558e+02
1.000000e+02, 1.330811e+02
1.000000e+02, 1.331071e+02
1.000000e+02, 1.331340e+02
1.000000e+02, 1.331618e+02
1.000000e+02, 1.331905e+02
1.000000e+02, 1.332199e+02
1.000000e+02, 1.332503e+02
1.000000e+02, 1.332815e+02
1.000000e+02, 1.333136e+02
1.000000e+02, 1.333465e+02
1.000000e+02, 1.333803e+02
1.000000e+02, 1.334150e+02
1.000000e+02, 1.334506e+02
1.000000e+02, 1.334870e+02
1.000000e+02, 1.335243e+02
1.000000e+02, 1.335624e+02
1.000000e+02, 1.336015e+02
1.000000e+02, 1.336414e+02
1.000000e+02, 1.336822e+02
1.000000e+02, 1.337239e+02
1.000000e+02, 1.337665e+02
1.000000e+02, 1.338099e+02
1.000000e+02, 1.338543e+02
1.000000e+02, 1.338995e+02
1.000000e+02, 1.339457e+02
1.000000e+02, 1.339927e+02
1.000000e+02, 1.340407e+02
1.000000e+02, 1.340895e+02
1.000000e+02, 1.341392e+02
1.000000e+02, 1.341899e+02
1.000000e+02, 1.342414e+02
1.000000e+02, 1.342939e+02
1.000000e+02, 1.343473e+02
1.000000e+02, 1.344016e+02
1.000000e+02, 1.344569e+02
1.000000e+02, 1.345130e+02
1.000000e+02, 1.345701e+02
1.000000e+02, 1.346281e+02
1.000000e+02, 1.346871e+02
1.000000e+02, 1.347469e+02
1.000000e+02, 1.348078e+02
1.000000e+02, 1.348695e+02
1.000000e+02, 1.349323e+02
1.000000e+02, 1.349959e+02
1.000000e+02, 1.350605e+02
1.000000e+02, 1.351261e+02
1.000000e+02, 1.351927e+02
1.000000e+02, 1.352602e+02
1.000000e+02, 1.353287e+02
1.000000e+02, 1.353981e+02
1.000000e+02, 1.354686e+02
1.000000e+02, 1.355400e+02
1.000000e+02, 1.356124e+02
1.000000e+02, 1.356858e+02
1.000000e+02, 1.357601e+02
1.000000e+02, 1.358355e+02
1.000000e+02, 1.359119e+02
1.000000e+02, 1.359893e+02
1.000000e+02, 1.360677e+02
1.000000e+02, 1.361472e+02
1.000000e+02, 1.362276e+02
1.000000e+02, 1.363091e+02
1.000000e+02, 1.363916e+02
1.000000e+02, 1.364752e+02
1.000000e+02, 1.365598e+02
1.000000e+02, 1.366455e+02
1.000000e+02, 1.367322e+02
1.000000e+02, 1.368199e+02
1.000000e+02, 1.369088e+02
1.000000e+02, 1.369987e+02
1.000000e+02, 1.370897e+02
1.000000e+02, 1.371817e+02
1.000000e+02, 1.372749e+02
1.000000e+02, 1.373692e+02
1.000000e+02, 1.374645e+02
1.000000e+02, 1.375610e+02
1.000000e+02, 1.376586e+02
1.000000e+02, 1.377573e+02
1.000000e+02, 1.378572e+02
1.000000e+02, 1.379582e+02
1.000000e+02, 1.380603e+02
1.000000e+02, 1.381636e+02
1.000000e+02, 1.382680e+02
1.000000e+02, 1.383737e+02
1.000000e+02, 1.384805e+02
1.000000e+02, 1.385884e+02
1.000000e+02, 1.386976e+02
1.000000e+02, 1.388080e+02
1.000000e+02, 1.389196e+02
1.000000e+02, 1.390324e+02
1.000000e+02, 1.391464e+02
1.000000e+02, 1.392617e+02
1.000000e+02, 1.393782e+02
1.000000e+02, 1.394960e+02
1.000000e+02, 1.396150e+02
1.000000e+02, 1.397354e+02
1.000000e+02, 1.398570e+02
1.000000e+02, 1.399799e+02
1.000000e+02, 1.401041e+02
1.000000e+02, 1.402296e+02
1.000000e+02, 1.403564e+02
1.000000e+02, 1.404846e+02
1.000000e+02, 1.406142e+02
1.000000e+02, 1.407451e+02
1.000000e+02, 1.408774e+02
1.000000e+02, 1.410110e+02
1.000000e+02, 1.411461e+02
1.000000e+02, 1.412826e+02
1.000000e+02, 1.414205e+02
1.000000e+02, 1.415599e+02
1.000000e+02, 1.417007e+02
1.000000e+02, 1.418429e+02
1.000000e+02, 1.419867e+02
1.000000e+02, 1.421320e+02
1.000000e+02, 1.422787e+02
1.000000e+02, 1.424270e+02
1.000000e+02, 1.425769e+02
1.000000e+02, 1.427283e+02
1.000000e+02, 1.428813e+02
1.000000e+02, 1.430358e+02
1.000000e+02, 1.431920e+02
1.000000e+02, 1.433498e+02
1.000000e+02, 1.435093e+02
1.000000e+02, 1.436705e+02
1.000000e+02, 1.438333e+02
1.000000e+02, 1.439978e+02
1.000000e+02, 1.441641e+02
1.000000e+02, 1.443321e+02
1.000000e+02, 1.445019e+02
1.000000e+02, 1.446734e+02
1.000000e+02, 1.448468e+02
1.000000e+02, 1.450221e+02
1.000000e+02, 1.451992e+02
1.000000e+02, 1.453782e+02
1.000000e+02, 1.455591e+02
1.000000e+02, 1.457419e+02
1.000000e+02, 1.459267e+02
1.000000e+02, 1.461135e+02
1.000000e+02, 1.463023e+02
1.000000e+02, 1.464932e+02
1.000000e+02, 1.466862e+02
1.000000e+02, 1.468813e+02
1.000000e+02, 1.470785e+02
1.000000e+02, 1.472779e+02
1.000000e+02, 1.474796e+02
1.000000e+02, 1.476835e+02
1.000000e+02, 1.478897e+02
1.000000e+02, 1.480982e+02
1.000000e+02, 1.483090e+02
1.000000e+02, 1.485223e+02
1.000000e+02, 1.487381e+02
1.000000e+02, 1.489563e+02
1.000000e+02, 1.491771e+02
1.000000e+02, 1.494004e+02
1.000000e+02, 1.496264e+02
1.000000e+02, 1.498551e+02
1.000000e+02, 1.500866e+02
1.000000e+02, 1.503208e+02
1.000000e+02, 1.505578e+02
1.000000e+02, 1.507978e+02
1.000000e+02, 1.510408e+02
1.000000e+02, 1.512868e+02
1.000000e+02, 1.515359e+02
1.000000e+02, 1.517881e+02
1.000000e+02, 1.520436e+02
1.000000e+02, 1.523024e+02
1.000000e+02, 1.525647e+02
1.000000e+02, 1.528304e+02
1.000000e+02, 1.530997e+02
1.000000e+02, 1.533726e+02
1.000000e+02, 1.536493e+02
1.000000e+02, 1.539298e+02
1.000000e+02, 1.542143e+02
1.000000e+02, 1.545029e+02
1.000000e+02, 1.547956e+02
1.000000e+02, 1.550927e+02
1.000000e+02, 1.553942e+02
1.000000e+02, 1.557003e+02
1.000000e+02, 1.560111e+02
1.000000e+02, 1.563267e+02
1.000000e+02, 1.566474e+02
1.000000e+02, 1.569733e+02
1.000000e+02, 1.573046e+02
1.000000e+02, 1.576414e+02
1.000000e+02, 1.579841e+02
1.000000e+02, 1.583327e+02
1.000000e+02, 1.586876e+02
1.000000e+02, 1.590491e+02
1.000000e+02, 1.594172e+02
1.000000e+02, 1.597925e+02
1.000000e+02, 1.601751e+02
1.000000e+02, 1.605655e+02
1.000000e+02, 1.609640e+02
1.000000e+02, 1.613710e+02
1.000000e+02, 1.617870e+02
1.000000e+02, 1.622124e+02
1.000000e+02, 1.626478e+02
1.000000e+02, 1.630938e+02
1.000000e+02, 1.635510e+02
1.000000e+02, 1.640202e+02
1.000000e+02, 1.645022e+02
1.000000e+02, 1.649979e+02
1.000000e+02, 1.655083e+02
1.000000e+02, 1.660346e+02
1.000000e+02, 1.665782e+02
1.000000e+02, 1.671407e+02
1.000000e+02, 1.677238e+02
1.000000e+02, 1.683297e+02
1.000000e+02, 1.689610e+02
1.000000e+02, 1.696208e+02
1.000000e+02, 1.703129e+02
1.000000e+02, 1.710420e+02
1.000000e+02, 1.718143e+02
1.000000e+02, 1.726378e+02
1.000000e+02, 1.735235e+02
1.000000e+02, 1.744868e+02
1.000000e+02, 1.755515e+02
1.000000e+02, 1.767568e+02
1.000000e+02, 1.781773e+02
1.000000e+02, 1.800000e+02
##END= 