##TITLE= /opt/topspin3.0/exp/stan/nmr/lists/wave/user/HypSec_trunc2.84_110
##JCAMP-DX= 5.00 Bruker JCAMP library
##DATA TYPE= Shape Data
##ORIGIN= Bruker BioSpin GmbH
##OWNER= <nmrsu>
##DATE= 15/02/24
##TIME= 16:15:04
##MINX= 1.164538e+01
##MAXX= 9.999960e+01
##MINY= 2.546774e-02
##MAXY= 3.585574e+02
##$SHAPE_EXMODE= Adiabatic
##$SHAPE_TOTROT= 1.800000e+02
##$SHAPE_BWFAC= 1.929340e+02
##$SHAPE_INTEGFAC= 2.356110e-02
##$SHAPE_MODE= 0
##NPOINTS= 1000
##XYPOINTS= (XY..XY)
1.000000e+02, 1.800000e+02
1.000000e+02, 1.737223e+02
1.000000e+02, 1.683213e+02
1.000000e+02, 1.635093e+02
1.000000e+02, 1.591289e+02
1.000000e+02, 1.550829e+02
1.000000e+02, 1.513060e+02
1.000000e+02, 1.477518e+02
1.000000e+02, 1.443861e+02
1.000000e+02, 1.411825e+02
1.000000e+02, 1.381206e+02
1.000000e+02, 1.351837e+02
1.000000e+02, 1.323582e+02
1.000000e+02, 1.296330e+02
1.000000e+02, 1.269986e+02
1.000000e+02, 1.244470e+02
1.000000e+02, 1.219712e+02
1.000000e+02, 1.195654e+02
1.000000e+02, 1.172242e+02
1.000000e+02, 1.149431e+02
1.000000e+02, 1.127180e+02
1.000000e+02, 1.105453e+02
1.000000e+02, 1.084217e+02
1.000000e+02, 1.063444e+02
1.000000e+02, 1.043107e+02
1.000000e+02, 1.023182e+02
1.000000e+02, 1.003648e+02
1.000000e+02, 9.844843e+01
1.000000e+02, 9.656732e+01
1.000000e+02, 9.471980e+01
1.000000e+02, 9.290431e+01
1.000000e+02, 9.111945e+01
1.000000e+02, 8.936390e+01
1.000000e+02, 8.763642e+01
1.000000e+02, 8.593589e+01
1.000000e+02, 8.426125e+01
1.000000e+02, 8.261150e+01
1.000000e+02, 8.098571e+01
1.000000e+02, 7.938302e+01
1.000000e+02, 7.780262e+01
1.000000e+02, 7.624372e+01
1.000000e+02, 7.470562e+01
1.000000e+02, 7.318762e+01
1.000000e+02, 7.168909e+01
1.000000e+02, 7.020942e+01
1.000000e+02, 6.874802e+01
1.000000e+02, 6.730436e+01
1.000000e+02, 6.587791e+01
1.000000e+02, 6.446818e+01
1.000000e+02, 6.307470e+01
1.000000e+02, 6.169703e+01
1.000000e+02, 6.033473e+01
1.000000e+02, 5.898741e+01
1.000000e+02, 5.765468e+01
1.000000e+02, 5.633616e+01
1.000000e+02, 5.503151e+01
1.000000e+02, 5.374037e+01
1.000000e+02, 5.246244e+01
1.000000e+02, 5.119740e+01
1.000000e+02, 4.994494e+01
1.000000e+02, 4.870479e+01
1.000000e+02, 4.747667e+01
1.000000e+02, 4.626031e+01
1.000000e+02, 4.505546e+01
1.000000e+02, 4.386187e+01
1.000000e+02, 4.267932e+01
1.000000e+02, 4.150757e+01
1.000000e+02, 4.034640e+01
1.000000e+02, 3.919560e+01
1.000000e+02, 3.805497e+01
1.000000e+02, 3.692431e+01
1.000000e+02, 3.580344e+01
1.000000e+02, 3.469217e+01
1.000000e+02, 3.359031e+01
1.000000e+02, 3.249771e+01
1.000000e+02, 3.141419e+01
1.000000e+02, 3.033959e+01
1.000000e+02, 2.927376e+01
1.000000e+02, 2.821654e+01
1.000000e+02, 2.716780e+01
1.000000e+02, 2.612738e+01
1.000000e+02, 2.509515e+01
1.000000e+02, 2.407098e+01
1.000000e+02, 2.305473e+01
1.000000e+02, 2.204629e+01
1.000000e+02, 2.104552e+01
1.000000e+02, 2.005231e+01
1.000000e+02, 1.906655e+01
1.000000e+02, 1.808812e+01
1.000000e+02, 1.711691e+01
1.000000e+02, 1.615281e+01
1.000000e+02, 1.519573e+01
1.000000e+02, 1.424556e+01
1.000000e+02, 1.330220e+01
1.000000e+02, 1.236556e+01
1.000000e+02, 1.143554e+01
1.000000e+02, 1.051205e+01
1.000000e+02, 9.595013e+00
1.000000e+02, 8.684331e+00
1.000000e+02, 7.779923e+00
1.000000e+02, 6.881707e+00
1.000000e+02, 5.989602e+00
1.000000e+02, 5.103530e+00
1.000000e+02, 4.223415e+00
1.000000e+02, 3.349181e+00
1.000000e+02, 2.480757e+00
1.000000e+02, 1.618070e+00
1.000000e+02, 7.610511e-01
1.000000e+02, 3.599096e+02
1.000000e+02, 3.590637e+02
1.000000e+02, 3.582233e+02
1.000000e+02, 3.573883e+02
1.000000e+02, 3.565586e+02
1.000000e+02, 3.557343e+02
1.000000e+02, 3.549151e+02
1.000000e+02, 3.541011e+02
1.000000e+02, 3.532922e+02
1.000000e+02, 3.524883e+02
1.000000e+02, 3.516895e+02
1.000000e+02, 3.508956e+02
1.000000e+02, 3.501065e+02
1.000000e+02, 3.493224e+02
1.000000e+02, 3.485430e+02
1.000000e+02, 3.477683e+02
1.000000e+02, 3.469983e+02
1.000000e+02, 3.462330e+02
1.000000e+02, 3.454723e+02
1.000000e+02, 3.447161e+02
1.000000e+02, 3.439644e+02
1.000000e+02, 3.432172e+02
1.000000e+02, 3.424744e+02
1.000000e+02, 3.417359e+02
1.000000e+02, 3.410018e+02
1.000000e+02, 3.402720e+02
1.000000e+02, 3.395465e+02
1.000000e+02, 3.388251e+02
1.000000e+02, 3.381080e+02
1.000000e+02, 3.373949e+02
1.000000e+02, 3.366860e+02
1.000000e+02, 3.359811e+02
1.000000e+02, 3.352803e+02
1.000000e+02, 3.345834e+02
1.000000e+02, 3.338905e+02
1.000000e+02, 3.332016e+02
1.000000e+02, 3.325165e+02
1.000000e+02, 3.318352e+02
1.000000e+02, 3.311578e+02
1.000000e+02, 3.304842e+02
1.000000e+02, 3.298144e+02
1.000000e+02, 3.291482e+02
1.000000e+02, 3.284858e+02
1.000000e+02, 3.278270e+02
1.000000e+02, 3.271719e+02
1.000000e+02, 3.265204e+02
1.000000e+02, 3.258724e+02
1.000000e+02, 3.252281e+02
1.000000e+02, 3.245872e+02
1.000000e+02, 3.239499e+02
1.000000e+02, 3.233160e+02
1.000000e+02, 3.226855e+02
1.000000e+02, 3.220585e+02
1.000000e+02, 3.214349e+02
1.000000e+02, 3.208146e+02
1.000000e+02, 3.201977e+02
1.000000e+02, 3.195841e+02
1.000000e+02, 3.189738e+02
1.000000e+02, 3.183668e+02
1.000000e+02, 3.177631e+02
1.000000e+02, 3.171625e+02
1.000000e+02, 3.165652e+02
1.000000e+02, 3.159710e+02
1.000000e+02, 3.153800e+02
1.000000e+02, 3.147922e+02
1.000000e+02, 3.142074e+02
1.000000e+02, 3.136258e+02
1.000000e+02, 3.130472e+02
1.000000e+02, 3.124717e+02
1.000000e+02, 3.118992e+02
1.000000e+02, 3.113297e+02
1.000000e+02, 3.107632e+02
1.000000e+02, 3.101997e+02
1.000000e+02, 3.096392e+02
1.000000e+02, 3.090816e+02
1.000000e+02, 3.085269e+02
1.000000e+02, 3.079751e+02
1.000000e+02, 3.074262e+02
1.000000e+02, 3.068802e+02
1.000000e+02, 3.063370e+02
1.000000e+02, 3.057967e+02
1.000000e+02, 3.052591e+02
1.000000e+02, 3.047244e+02
1.000000e+02, 3.041924e+02
1.000000e+02, 3.036632e+02
1.000000e+02, 3.031368e+02
1.000000e+02, 3.026131e+02
1.000000e+02, 3.020920e+02
1.000000e+02, 3.015737e+02
1.000000e+02, 3.010581e+02
1.000000e+02, 3.005452e+02
1.000000e+02, 3.000349e+02
1.000000e+02, 2.995272e+02
1.000000e+02, 2.990222e+02
1.000000e+02, 2.985198e+02
1.000000e+02, 2.980199e+02
1.000000e+02, 2.975227e+02
1.000000e+02, 2.970280e+02
1.000000e+02, 2.965359e+02
1.000000e+02, 2.960463e+02
1.000000e+02, 2.955593e+02
1.000000e+02, 2.950747e+02
1.000000e+02, 2.945927e+02
1.000000e+02, 2.941131e+02
1.000000e+02, 2.936361e+02
1.000000e+02, 2.931615e+02
1.000000e+02, 2.926893e+02
1.000000e+02, 2.922196e+02
1.000000e+02, 2.917523e+02
1.000000e+02, 2.912874e+02
1.000000e+02, 2.908249e+02
1.000000e+02, 2.903649e+02
1.000000e+02, 2.899071e+02
1.000000e+02, 2.894518e+02
1.000000e+02, 2.889988e+02
1.000000e+02, 2.885482e+02
1.000000e+02, 2.880999e+02
1.000000e+02, 2.876539e+02
1.000000e+02, 2.872102e+02
1.000000e+02, 2.867688e+02
1.000000e+02, 2.863298e+02
1.000000e+02, 2.858930e+02
1.000000e+02, 2.854584e+02
1.000000e+02, 2.850261e+02
1.000000e+02, 2.845961e+02
1.000000e+02, 2.841683e+02
1.000000e+02, 2.837428e+02
1.000000e+02, 2.833194e+02
1.000000e+02, 2.828983e+02
1.000000e+02, 2.824794e+02
1.000000e+02, 2.820627e+02
1.000000e+02, 2.816481e+02
1.000000e+02, 2.812357e+02
1.000000e+02, 2.808255e+02
1.000000e+02, 2.804174e+02
1.000000e+02, 2.800115e+02
1.000000e+02, 2.796077e+02
1.000000e+02, 2.792061e+02
1.000000e+02, 2.788066e+02
1.000000e+02, 2.784091e+02
1.000000e+02, 2.780138e+02
1.000000e+02, 2.776206e+02
1.000000e+02, 2.772294e+02
1.000000e+02, 2.768403e+02
1.000000e+02, 2.764533e+02
1.000000e+02, 2.760684e+02
1.000000e+02, 2.756855e+02
1.000000e+02, 2.753047e+02
1.000000e+02, 2.749259e+02
1.000000e+02, 2.745491e+02
1.000000e+02, 2.741743e+02
1.000000e+02, 2.738016e+02
1.000000e+02, 2.734308e+02
1.000000e+02, 2.730621e+02
1.000000e+02, 2.726953e+02
1.000000e+02, 2.723306e+02
1.000000e+02, 2.719678e+02
1.000000e+02, 2.716070e+02
1.000000e+02, 2.712481e+02
1.000000e+02, 2.708912e+02
1.000000e+02, 2.705363e+02
1.000000e+02, 2.701833e+02
1.000000e+02, 2.698322e+02
1.000000e+02, 2.694830e+02
1.000000e+02, 2.691358e+02
1.000000e+02, 2.687905e+02
1.000000e+02, 2.684471e+02
1.000000e+02, 2.681056e+02
1.000000e+02, 2.677660e+02
1.000000e+02, 2.674283e+02
1.000000e+02, 2.670925e+02
1.000000e+02, 2.667585e+02
1.000000e+02, 2.664265e+02
1.000000e+02, 2.660963e+02
1.000000e+02, 2.657679e+02
1.000000e+02, 2.654414e+02
1.000000e+02, 2.651168e+02
1.000000e+02, 2.647939e+02
1.000000e+02, 2.644730e+02
1.000000e+02, 2.641538e+02
1.000000e+02, 2.638365e+02
1.000000e+02, 2.635210e+02
1.000000e+02, 2.632073e+02
1.000000e+02, 2.628954e+02
1.000000e+02, 2.625854e+02
1.000000e+02, 2.622771e+02
1.000000e+02, 2.619706e+02
1.000000e+02, 2.616659e+02
1.000000e+02, 2.613630e+02
1.000000e+02, 2.610618e+02
1.000000e+02, 2.607625e+02
1.000000e+02, 2.604648e+02
1.000000e+02, 2.601690e+02
1.000000e+02, 2.598749e+02
1.000000e+02, 2.595826e+02
1.000000e+02, 2.592920e+02
1.000000e+02, 2.590031e+02
1.000000e+02, 2.587160e+02
1.000000e+02, 2.584306e+02
1.000000e+02, 2.581470e+02
1.000000e+02, 2.578650e+02
1.000000e+02, 2.575848e+02
1.000000e+02, 2.573063e+02
1.000000e+02, 2.570295e+02
1.000000e+02, 2.567544e+02
1.000000e+02, 2.564810e+02
1.000000e+02, 2.562093e+02
1.000000e+02, 2.559393e+02
1.000000e+02, 2.556710e+02
1.000000e+02, 2.554044e+02
1.000000e+02, 2.551394e+02
1.000000e+02, 2.548761e+02
1.000000e+02, 2.546145e+02
1.000000e+02, 2.543546e+02
1.000000e+02, 2.540963e+02
1.000000e+02, 2.538397e+02
1.000000e+02, 2.535847e+02
1.000000e+02, 2.533314e+02
1.000000e+02, 2.530797e+02
1.000000e+02, 2.528296e+02
1.000000e+02, 2.525812e+02
1.000000e+02, 2.523345e+02
1.000000e+02, 2.520893e+02
1.000000e+02, 2.518458e+02
1.000000e+02, 2.516040e+02
1.000000e+02, 2.513637e+02
1.000000e+02, 2.511250e+02
1.000000e+02, 2.508880e+02
1.000000e+02, 2.506526e+02
1.000000e+02, 2.504188e+02
1.000000e+02, 2.501865e+02
1.000000e+02, 2.499559e+02
1.000000e+02, 2.497269e+02
1.000000e+02, 2.494994e+02
1.000000e+02, 2.492736e+02
1.000000e+02, 2.490493e+02
1.000000e+02, 2.488267e+02
1.000000e+02, 2.486056e+02
1.000000e+02, 2.483860e+02
1.000000e+02, 2.481681e+02
1.000000e+02, 2.479517e+02
1.000000e+02, 2.477369e+02
1.000000e+02, 2.475236e+02
1.000000e+02, 2.473119e+02
1.000000e+02, 2.471018e+02
1.000000e+02, 2.468932e+02
1.000000e+02, 2.466862e+02
1.000000e+02, 2.464807e+02
1.000000e+02, 2.462767e+02
1.000000e+02, 2.460743e+02
1.000000e+02, 2.458735e+02
1.000000e+02, 2.456741e+02
1.000000e+02, 2.454763e+02
1.000000e+02, 2.452801e+02
1.000000e+02, 2.450853e+02
1.000000e+02, 2.448921e+02
1.000000e+02, 2.447004e+02
1.000000e+02, 2.445103e+02
1.000000e+02, 2.443216e+02
1.000000e+02, 2.441345e+02
1.000000e+02, 2.439488e+02
1.000000e+02, 2.437647e+02
1.000000e+02, 2.435821e+02
1.000000e+02, 2.434010e+02
1.000000e+02, 2.432214e+02
1.000000e+02, 2.430433e+02
1.000000e+02, 2.428667e+02
1.000000e+02, 2.426916e+02
1.000000e+02, 2.425180e+02
1.000000e+02, 2.423459e+02
1.000000e+02, 2.421752e+02
1.000000e+02, 2.420061e+02
1.000000e+02, 2.418384e+02
1.000000e+02, 2.416722e+02
1.000000e+02, 2.415075e+02
1.000000e+02, 2.413442e+02
1.000000e+02, 2.411825e+02
1.000000e+02, 2.410222e+02
1.000000e+02, 2.408634e+02
1.000000e+02, 2.407060e+02
1.000000e+02, 2.405501e+02
1.000000e+02, 2.403957e+02
1.000000e+02, 2.402427e+02
1.000000e+02, 2.400912e+02
1.000000e+02, 2.399412e+02
1.000000e+02, 2.397926e+02
1.000000e+02, 2.396455e+02
1.000000e+02, 2.394998e+02
1.000000e+02, 2.393556e+02
1.000000e+02, 2.392128e+02
1.000000e+02, 2.390714e+02
1.000000e+02, 2.389315e+02
1.000000e+02, 2.387931e+02
1.000000e+02, 2.386561e+02
1.000000e+02, 2.385205e+02
1.000000e+02, 2.383864e+02
1.000000e+02, 2.382537e+02
1.000000e+02, 2.381224e+02
1.000000e+02, 2.379926e+02
1.000000e+02, 2.378642e+02
1.000000e+02, 2.377372e+02
1.000000e+02, 2.376117e+02
1.000000e+02, 2.374875e+02
1.000000e+02, 2.373649e+02
1.000000e+02, 2.372436e+02
1.000000e+02, 2.371237e+02
1.000000e+02, 2.370053e+02
1.000000e+02, 2.368883e+02
1.000000e+02, 2.367727e+02
1.000000e+02, 2.366585e+02
1.000000e+02, 2.365457e+02
1.000000e+02, 2.364344e+02
1.000000e+02, 2.363244e+02
1.000000e+02, 2.362159e+02
1.000000e+02, 2.361088e+02
1.000000e+02, 2.360030e+02
1.000000e+02, 2.358987e+02
1.000000e+02, 2.357958e+02
1.000000e+02, 2.356943e+02
1.000000e+02, 2.355942e+02
1.000000e+02, 2.354955e+02
1.000000e+02, 2.353982e+02
1.000000e+02, 2.353023e+02
1.000000e+02, 2.352078e+02
1.000000e+02, 2.351146e+02
1.000000e+02, 2.350229e+02
1.000000e+02, 2.349326e+02
1.000000e+02, 2.348436e+02
1.000000e+02, 2.347561e+02
1.000000e+02, 2.346699e+02
1.000000e+02, 2.345852e+02
1.000000e+02, 2.345018e+02
1.000000e+02, 2.344198e+02
1.000000e+02, 2.343392e+02
1.000000e+02, 2.342600e+02
1.000000e+02, 2.341821e+02
1.000000e+02, 2.341057e+02
1.000000e+02, 2.340306e+02
1.000000e+02, 2.339569e+02
1.000000e+02, 2.338846e+02
1.000000e+02, 2.338137e+02
1.000000e+02, 2.337441e+02
1.000000e+02, 2.336759e+02
1.000000e+02, 2.336091e+02
1.000000e+02, 2.335437e+02
1.000000e+02, 2.334797e+02
1.000000e+02, 2.334170e+02
1.000000e+02, 2.333557e+02
1.000000e+02, 2.332958e+02
1.000000e+02, 2.332372e+02
1.000000e+02, 2.331800e+02
1.000000e+02, 2.331242e+02
1.000000e+02, 2.330698e+02
1.000000e+02, 2.330167e+02
1.000000e+02, 2.329650e+02
1.000000e+02, 2.329146e+02
1.000000e+02, 2.328657e+02
1.000000e+02, 2.328181e+02
1.000000e+02, 2.327718e+02
1.000000e+02, 2.327270e+02
1.000000e+02, 2.326835e+02
1.000000e+02, 2.326413e+02
1.000000e+02, 2.326005e+02
1.000000e+02, 2.325611e+02
1.000000e+02, 2.325231e+02
1.000000e+02, 2.324864e+02
1.000000e+02, 2.324511e+02
1.000000e+02, 2.324171e+02
1.000000e+02, 2.323845e+02
1.000000e+02, 2.323533e+02
1.000000e+02, 2.323234e+02
1.000000e+02, 2.322949e+02
1.000000e+02, 2.322677e+02
1.000000e+02, 2.322419e+02
1.000000e+02, 2.322175e+02
1.000000e+02, 2.321944e+02
1.000000e+02, 2.321727e+02
1.000000e+02, 2.321523e+02
1.000000e+02, 2.321333e+02
1.000000e+02, 2.321157e+02
1.000000e+02, 2.320994e+02
1.000000e+02, 2.320845e+02
1.000000e+02, 2.320709e+02
1.000000e+02, 2.320587e+02
1.000000e+02, 2.320478e+02
1.000000e+02, 2.320383e+02
1.000000e+02, 2.320302e+02
1.000000e+02, 2.320234e+02
1.000000e+02, 2.320180e+02
1.000000e+02, 2.320139e+02
1.000000e+02, 2.320112e+02
1.000000e+02, 2.320098e+02
1.000000e+02, 2.320098e+02
1.000000e+02, 2.320112e+02
1.000000e+02, 2.320139e+02
1.000000e+02, 2.320180e+02
1.000000e+02, 2.320234e+02
1.000000e+02, 2.320302e+02
1.000000e+02, 2.320383e+02
1.000000e+02, 2.320478e+02
1.000000e+02, 2.320587e+02
1.000000e+02, 2.320709e+02
1.000000e+02, 2.320845e+02
1.000000e+02, 2.320994e+02
1.000000e+02, 2.321157e+02
1.000000e+02, 2.321333e+02
1.000000e+02, 2.321523e+02
1.000000e+02, 2.321727e+02
1.000000e+02, 2.321944e+02
1.000000e+02, 2.322175e+02
1.000000e+02, 2.322419e+02
1.000000e+02, 2.322677e+02
1.000000e+02, 2.322949e+02
1.000000e+02, 2.323234e+02
1.000000e+02, 2.323533e+02
1.000000e+02, 2.323845e+02
1.000000e+02, 2.324171e+02
1.000000e+02, 2.324511e+02
1.000000e+02, 2.324864e+02
1.000000e+02, 2.325231e+02
1.000000e+02, 2.325611e+02
1.000000e+02, 2.326005e+02
1.000000e+02, 2.326413e+02
1.000000e+02, 2.326835e+02
1.000000e+02, 2.327270e+02
1.000000e+02, 2.327718e+02
1.000000e+02, 2.328181e+02
1.000000e+02, 2.328657e+02
1.000000e+02, 2.329146e+02
1.000000e+02, 2.329650e+02
1.000000e+02, 2.330167e+02
1.000000e+02, 2.330698e+02
1.000000e+02, 2.331242e+02
1.000000e+02, 2.331800e+02
1.000000e+02, 2.332372e+02
1.000000e+02, 2.332958e+02
1.000000e+02, 2.333557e+02
1.000000e+02, 2.334170e+02
1.000000e+02, 2.334797e+02
1.000000e+02, 2.335437e+02
1.000000e+02, 2.336091e+02
1.000000e+02, 2.336759e+02
1.000000e+02, 2.337441e+02
1.000000e+02, 2.338137e+02
1.000000e+02, 2.338846e+02
1.000000e+02, 2.339569e+02
1.000000e+02, 2.340306e+02
1.000000e+02, 2.341057e+02
1.000000e+02, 2.341821e+02
1.000000e+02, 2.342600e+02
1.000000e+02, 2.343392e+02
1.000000e+02, 2.344198e+02
1.000000e+02, 2.345018e+02
1.000000e+02, 2.345852e+02
1.000000e+02, 2.346699e+02
1.000000e+02, 2.347561e+02
1.000000e+02, 2.348436e+02
1.000000e+02, 2.349326e+02
1.000000e+02, 2.350229e+02
1.000000e+02, 2.351146e+02
1.000000e+02, 2.352078e+02
1.000000e+02, 2.353023e+02
1.000000e+02, 2.353982e+02
1.000000e+02, 2.354955e+02
1.000000e+02, 2.355942e+02
1.000000e+02, 2.356943e+02
1.000000e+02, 2.357958e+02
1.000000e+02, 2.358987e+02
1.000000e+02, 2.360030e+02
1.000000e+02, 2.361088e+02
1.000000e+02, 2.362159e+02
1.000000e+02, 2.363244e+02
1.000000e+02, 2.364344e+02
1.000000e+02, 2.365457e+02
1.000000e+02, 2.366585e+02
1.000000e+02, 2.367727e+02
1.000000e+02, 2.368883e+02
1.000000e+02, 2.370053e+02
1.000000e+02, 2.371237e+02
1.000000e+02, 2.372436e+02
1.000000e+02, 2.373649e+02
1.000000e+02, 2.374875e+02
1.000000e+02, 2.376117e+02
1.000000e+02, 2.377372e+02
1.000000e+02, 2.378642e+02
1.000000e+02, 2.379926e+02
1.000000e+02, 2.381224e+02
1.000000e+02, 2.382537e+02
1.000000e+02, 2.383864e+02
1.000000e+02, 2.385205e+02
1.000000e+02, 2.386561e+02
1.000000e+02, 2.387931e+02
1.000000e+02, 2.389315e+02
1.000000e+02, 2.390714e+02
1.000000e+02, 2.392128e+02
1.000000e+02, 2.393556e+02
1.000000e+02, 2.394998e+02
1.000000e+02, 2.396455e+02
1.000000e+02, 2.397926e+02
1.000000e+02, 2.399412e+02
1.000000e+02, 2.400912e+02
1.000000e+02, 2.402427e+02
1.000000e+02, 2.403957e+02
1.000000e+02, 2.405501e+02
1.000000e+02, 2.407060e+02
1.000000e+02, 2.408634e+02
1.000000e+02, 2.410222e+02
1.000000e+02, 2.411825e+02
1.000000e+02, 2.413442e+02
1.000000e+02, 2.415075e+02
1.000000e+02, 2.416722e+02
1.000000e+02, 2.418384e+02
1.000000e+02, 2.420061e+02
1.000000e+02, 2.421752e+02
1.000000e+02, 2.423459e+02
1.000000e+02, 2.425180e+02
1.000000e+02, 2.426916e+02
1.000000e+02, 2.428667e+02
1.000000e+02, 2.430433e+02
1.000000e+02, 2.432214e+02
1.000000e+02, 2.434010e+02
1.000000e+02, 2.435821e+02
1.000000e+02, 2.437647e+02
1.000000e+02, 2.439488e+02
1.000000e+02, 2.441345e+02
1.000000e+02, 2.443216e+02
1.000000e+02, 2.445103e+02
1.000000e+02, 2.447004e+02
1.000000e+02, 2.448921e+02
1.000000e+02, 2.450853e+02
1.000000e+02, 2.452801e+02
1.000000e+02, 2.454763e+02
1.000000e+02, 2.456741e+02
1.000000e+02, 2.458735e+02
1.000000e+02, 2.460743e+02
1.000000e+02, 2.462767e+02
1.000000e+02, 2.464807e+02
1.000000e+02, 2.466862e+02
1.000000e+02, 2.468932e+02
1.000000e+02, 2.471018e+02
1.000000e+02, 2.473119e+02
1.000000e+02, 2.475236e+02
1.000000e+02, 2.477369e+02
1.000000e+02, 2.479517e+02
1.000000e+02, 2.481681e+02
1.000000e+02, 2.483860e+02
1.000000e+02, 2.486056e+02
1.000000e+02, 2.488267e+02
1.000000e+02, 2.490493e+02
1.000000e+02, 2.492736e+02
1.000000e+02, 2.494995e+02
1.000000e+02, 2.497269e+02
1.000000e+02, 2.499559e+02
1.000000e+02, 2.501865e+02
1.000000e+02, 2.504188e+02
1.000000e+02, 2.506526e+02
1.000000e+02, 2.508880e+02
1.000000e+02, 2.511250e+02
1.000000e+02, 2.513637e+02
1.000000e+02, 2.516040e+02
1.000000e+02, 2.518458e+02
1.000000e+02, 2.520893e+02
1.000000e+02, 2.523345e+02
1.000000e+02, 2.525812e+02
1.000000e+02, 2.528296e+02
1.000000e+02, 2.530797e+02
1.000000e+02, 2.533314e+02
1.000000e+02, 2.535847e+02
1.000000e+02, 2.538397e+02
1.000000e+02, 2.540963e+02
1.000000e+02, 2.543546e+02
1.000000e+02, 2.546145e+02
1.000000e+02, 2.548761e+02
1.000000e+02, 2.551394e+02
1.000000e+02, 2.554044e+02
1.000000e+02, 2.556710e+02
1.000000e+02, 2.559393e+02
1.000000e+02, 2.562093e+02
1.000000e+02, 2.564810e+02
1.000000e+02, 2.567544e+02
1.000000e+02, 2.570295e+02
1.000000e+02, 2.573063e+02
1.000000e+02, 2.575848e+02
1.000000e+02, 2.578650e+02
1.000000e+02, 2.581470e+02
1.000000e+02, 2.584306e+02
1.000000e+02, 2.587160e+02
1.000000e+02, 2.590031e+02
1.000000e+02, 2.592920e+02
1.000000e+02, 2.595826e+02
1.000000e+02, 2.598749e+02
1.000000e+02, 2.601690e+02
1.000000e+02, 2.604648e+02
1.000000e+02, 2.607625e+02
1.000000e+02, 2.610618e+02
1.000000e+02, 2.613630e+02
1.000000e+02, 2.616659e+02
1.000000e+02, 2.619706e+02
1.000000e+02, 2.622771e+02
1.000000e+02, 2.625854e+02
1.000000e+02, 2.628954e+02
1.000000e+02, 2.632073e+02
1.000000e+02, 2.635210e+02
1.000000e+02, 2.638365e+02
1.000000e+02, 2.641538e+02
1.000000e+02, 2.644730e+02
1.000000e+02, 2.647939e+02
1.000000e+02, 2.651168e+02
1.000000e+02, 2.654414e+02
1.000000e+02, 2.657679e+02
1.000000e+02, 2.660963e+02
1.000000e+02, 2.664265e+02
1.000000e+02, 2.667585e+02
1.000000e+02, 2.670925e+02
1.000000e+02, 2.674283e+02
1.000000e+02, 2.677660e+02
1.000000e+02, 2.681056e+02
1.000000e+02, 2.684471e+02
1.000000e+02, 2.687905e+02
1.000000e+02, 2.691358e+02
1.000000e+02, 2.694830e+02
1.000000e+02, 2.698322e+02
1.000000e+02, 2.701833e+02
1.000000e+02, 2.705363e+02
1.000000e+02, 2.708912e+02
1.000000e+02, 2.712481e+02
1.000000e+02, 2.716070e+02
1.000000e+02, 2.719678e+02
1.000000e+02, 2.723306e+02
1.000000e+02, 2.726953e+02
1.000000e+02, 2.730621e+02
1.000000e+02, 2.734308e+02
1.000000e+02, 2.738016e+02
1.000000e+02, 2.741743e+02
1.000000e+02, 2.745491e+02
1.000000e+02, 2.749259e+02
1.000000e+02, 2.753047e+02
1.000000e+02, 2.756855e+02
1.000000e+02, 2.760684e+02
1.000000e+02, 2.764533e+02
1.000000e+02, 2.768404e+02
1.000000e+02, 2.772294e+02
1.000000e+02, 2.776206e+02
1.000000e+02, 2.780138e+02
1.000000e+02, 2.784091e+02
1.000000e+02, 2.788066e+02
1.000000e+02, 2.792061e+02
1.000000e+02, 2.796077e+02
1.000000e+02, 2.800115e+02
1.000000e+02, 2.804175e+02
1.000000e+02, 2.808255e+02
1.000000e+02, 2.812357e+02
1.000000e+02, 2.816481e+02
1.000000e+02, 2.820627e+02
1.000000e+02, 2.824794e+02
1.000000e+02, 2.828983e+02
1.000000e+02, 2.833195e+02
1.000000e+02, 2.837428e+02
1.000000e+02, 2.841683e+02
1.000000e+02, 2.845961e+02
1.000000e+02, 2.850261e+02
1.000000e+02, 2.854584e+02
1.000000e+02, 2.858930e+02
1.000000e+02, 2.863298e+02
1.000000e+02, 2.867688e+02
1.000000e+02, 2.872102e+02
1.000000e+02, 2.876539e+02
1.000000e+02, 2.880999e+02
1.000000e+02, 2.885482e+02
1.000000e+02, 2.889988e+02
1.000000e+02, 2.894518e+02
1.000000e+02, 2.899071e+02
1.000000e+02, 2.903649e+02
1.000000e+02, 2.908249e+02
1.000000e+02, 2.912874e+02
1.000000e+02, 2.917523e+02
1.000000e+02, 2.922196e+02
1.000000e+02, 2.926893e+02
1.000000e+02, 2.931615e+02
1.000000e+02, 2.936361e+02
1.000000e+02, 2.941131e+02
1.000000e+02, 2.945927e+02
1.000000e+02, 2.950747e+02
1.000000e+02, 2.955593e+02
1.000000e+02, 2.960463e+02
1.000000e+02, 2.965359e+02
1.000000e+02, 2.970280e+02
1.000000e+02, 2.975227e+02
1.000000e+02, 2.980199e+02
1.000000e+02, 2.985198e+02
1.000000e+02, 2.990222e+02
1.000000e+02, 2.995272e+02
1.000000e+02, 3.000349e+02
1.000000e+02, 3.005452e+02
1.000000e+02, 3.010581e+02
1.000000e+02, 3.015737e+02
1.000000e+02, 3.020920e+02
1.000000e+02, 3.026131e+02
1.000000e+02, 3.031368e+02
1.000000e+02, 3.036632e+02
1.000000e+02, 3.041924e+02
1.000000e+02, 3.047244e+02
1.000000e+02, 3.052591e+02
1.000000e+02, 3.057967e+02
1.000000e+02, 3.063370e+02
1.000000e+02, 3.068802e+02
1.000000e+02, 3.074262e+02
1.000000e+02, 3.079751e+02
1.000000e+02, 3.085269e+02
1.000000e+02, 3.090816e+02
1.000000e+02, 3.096392e+02
1.000000e+02, 3.101998e+02
1.000000e+02, 3.107632e+02
1.000000e+02, 3.113297e+02
1.000000e+02, 3.118992e+02
1.000000e+02, 3.124717e+02
1.000000e+02, 3.130472e+02
1.000000e+02, 3.136258e+02
1.000000e+02, 3.142074e+02
1.000000e+02, 3.147922e+02
1.000000e+02, 3.153800e+02
1.000000e+02, 3.159710e+02
1.000000e+02, 3.165652e+02
1.000000e+02, 3.171625e+02
1.000000e+02, 3.177631e+02
1.000000e+02, 3.183668e+02
1.000000e+02, 3.189738e+02
1.000000e+02, 3.195841e+02
1.000000e+02, 3.201977e+02
1.000000e+02, 3.208146e+02
1.000000e+02, 3.214349e+02
1.000000e+02, 3.220585e+02
1.000000e+02, 3.226855e+02
1.000000e+02, 3.233160e+02
1.000000e+02, 3.239499e+02
1.000000e+02, 3.245872e+02
1.000000e+02, 3.252281e+02
1.000000e+02, 3.258724e+02
1.000000e+02, 3.265204e+02
1.000000e+02, 3.271719e+02
1.000000e+02, 3.278270e+02
1.000000e+02, 3.284858e+02
1.000000e+02, 3.291482e+02
1.000000e+02, 3.298144e+02
1.000000e+02, 3.304842e+02
1.000000e+02, 3.311578e+02
1.000000e+02, 3.318352e+02
1.000000e+02, 3.325165e+02
1.000000e+02, 3.332016e+02
1.000000e+02, 3.338905e+02
1.000000e+02, 3.345834e+02
1.000000e+02, 3.352803e+02
1.000000e+02, 3.359811e+02
1.000000e+02, 3.366860e+02
1.000000e+02, 3.373949e+02
1.000000e+02, 3.381080e+02
1.000000e+02, 3.388251e+02
1.000000e+02, 3.395465e+02
1.000000e+02, 3.402720e+02
1.000000e+02, 3.410018e+02
1.000000e+02, 3.417359e+02
1.000000e+02, 3.424744e+02
1.000000e+02, 3.432172e+02
1.000000e+02, 3.439644e+02
1.000000e+02, 3.447161e+02
1.000000e+02, 3.454723e+02
1.000000e+02, 3.462330e+02
1.000000e+02, 3.469983e+02
1.000000e+02, 3.477683e+02
1.000000e+02, 3.485430e+02
1.000000e+02, 3.493224e+02
1.000000e+02, 3.501066e+02
1.000000e+02, 3.508956e+02
1.000000e+02, 3.516895e+02
1.000000e+02, 3.524883e+02
1.000000e+02, 3.532922e+02
1.000000e+02, 3.541011e+02
1.000000e+02, 3.549151e+02
1.000000e+02, 3.557343e+02
1.000000e+02, 3.565586e+02
1.000000e+02, 3.573883e+02
1.000000e+02, 3.582233e+02
1.000000e+02, 3.590637e+02
1.000000e+02, 3.599096e+02
1.000000e+02, 7.610540e-01
1.000000e+02, 1.618073e+00
1.000000e+02, 2.480760e+00
1.000000e+02, 3.349184e+00
1.000000e+02, 4.223418e+00
1.000000e+02, 5.103533e+00
1.000000e+02, 5.989605e+00
1.000000e+02, 6.881710e+00
1.000000e+02, 7.779926e+00
1.000000e+02, 8.684334e+00
1.000000e+02, 9.595016e+00
1.000000e+02, 1.051206e+01
1.000000e+02, 1.143554e+01
1.000000e+02, 1.236556e+01
1.000000e+02, 1.330220e+01
1.000000e+02, 1.424556e+01
1.000000e+02, 1.519573e+01
1.000000e+02, 1.615281e+01
1.000000e+02, 1.711691e+01
1.000000e+02, 1.808812e+01
1.000000e+02, 1.906655e+01
1.000000e+02, 2.005232e+01
1.000000e+02, 2.104552e+01
1.000000e+02, 2.204629e+01
1.000000e+02, 2.305473e+01
1.000000e+02, 2.407098e+01
1.000000e+02, 2.509515e+01
1.000000e+02, 2.612738e+01
1.000000e+02, 2.716780e+01
1.000000e+02, 2.821655e+01
1.000000e+02, 2.927376e+01
1.000000e+02, 3.033959e+01
1.000000e+02, 3.141419e+01
1.000000e+02, 3.249771e+01
1.000000e+02, 3.359032e+01
1.000000e+02, 3.469217e+01
1.000000e+02, 3.580344e+01
1.000000e+02, 3.692432e+01
1.000000e+02, 3.805497e+01
1.000000e+02, 3.919560e+01
1.000000e+02, 4.034640e+01
1.000000e+02, 4.150757e+01
1.000000e+02, 4.267932e+01
1.000000e+02, 4.386188e+01
1.000000e+02, 4.505546e+01
1.000000e+02, 4.626031e+01
1.000000e+02, 4.747667e+01
1.000000e+02, 4.870479e+01
1.000000e+02, 4.994495e+01
1.000000e+02, 5.119740e+01
1.000000e+02, 5.246245e+01
1.000000e+02, 5.374038e+01
1.000000e+02, 5.503151e+01
1.000000e+02, 5.633616e+01
1.000000e+02, 5.765468e+01
1.000000e+02, 5.898742e+01
1.000000e+02, 6.033474e+01
1.000000e+02, 6.169703e+01
1.000000e+02, 6.307470e+01
1.000000e+02, 6.446818e+01
1.000000e+02, 6.587791e+01
1.000000e+02, 6.730436e+01
1.000000e+02, 6.874803e+01
1.000000e+02, 7.020942e+01
1.000000e+02, 7.168910e+01
1.000000e+02, 7.318763e+01
1.000000e+02, 7.470562e+01
1.000000e+02, 7.624372e+01
1.000000e+02, 7.780262e+01
1.000000e+02, 7.938303e+01
1.000000e+02, 8.098572e+01
1.000000e+02, 8.261150e+01
1.000000e+02, 8.426125e+01
1.000000e+02, 8.593590e+01
1.000000e+02, 8.763643e+01
1.000000e+02, 8.936390e+01
1.000000e+02, 9.111946e+01
1.000000e+02, 9.290432e+01
1.000000e+02, 9.471980e+01
1.000000e+02, 9.656733e+01
1.000000e+02, 9.844844e+01
1.000000e+02, 1.003648e+02
1.000000e+02, 1.023182e+02
1.000000e+02, 1.043107e+02
1.000000e+02, 1.063444e+02
1.000000e+02, 1.084217e+02
1.000000e+02, 1.105453e+02
1.000000e+02, 1.127180e+02
1.000000e+02, 1.149431e+02
1.000000e+02, 1.172242e+02
1.000000e+02, 1.195654e+02
1.000000e+02, 1.219712e+02
1.000000e+02, 1.244470e+02
1.000000e+02, 1.269986e+02
1.000000e+02, 1.296330e+02
1.000000e+02, 1.323582e+02
1.000000e+02, 1.351837e+02
1.000000e+02, 1.381206e+02
1.000000e+02, 1.411826e+02
1.000000e+02, 1.443861e+02
1.000000e+02, 1.477518e+02
1.000000e+02, 1.513060e+02
1.000000e+02, 1.550829e+02
1.000000e+02, 1.591289e+02
1.000000e+02, 1.635093e+02
1.000000e+02, 1.683213e+02
1.000000e+02, 1.737223e+02
1.000000e+02, 1.800000e+02
##END= 