##TITLE= /opt/topspin3.0/exp/stan/nmr/lists/wave/user/HypSec_trunc2.84_110
##JCAMP-DX= 5.00 Bruker JCAMP library
##DATA TYPE= Shape Data
##ORIGIN= Bruker BioSpin GmbH
##OWNER= <nmrsu>
##DATE= 15/02/24
##TIME= 16:15:04
##MINX= 1.164538e+01
##MAXX= 9.999960e+01
##MINY= 2.546774e-02
##MAXY= 3.585574e+02
##$SHAPE_EXMODE= Adiabatic
##$SHAPE_TOTROT= 1.800000e+02
##$SHAPE_BWFAC= 1.929340e+02
##$SHAPE_INTEGFAC= 2.356110e-02
##$SHAPE_MODE= 0
##NPOINTS= 1000
##XYPOINTS= (XY..XY)
1.000000e+02, 1.800000e+02
1.000000e+02, 1.729583e+02
1.000000e+02, 1.669001e+02
1.000000e+02, 1.615025e+02
1.000000e+02, 1.565890e+02
1.000000e+02, 1.520507e+02
1.000000e+02, 1.478141e+02
1.000000e+02, 1.438274e+02
1.000000e+02, 1.400521e+02
1.000000e+02, 1.364587e+02
1.000000e+02, 1.330242e+02
1.000000e+02, 1.297298e+02
1.000000e+02, 1.265605e+02
1.000000e+02, 1.235037e+02
1.000000e+02, 1.205487e+02
1.000000e+02, 1.176866e+02
1.000000e+02, 1.149095e+02
1.000000e+02, 1.122109e+02
1.000000e+02, 1.095848e+02
1.000000e+02, 1.070261e+02
1.000000e+02, 1.045302e+02
1.000000e+02, 1.020931e+02
1.000000e+02, 9.971114e+01
1.000000e+02, 9.738103e+01
1.000000e+02, 9.509984e+01
1.000000e+02, 9.286488e+01
1.000000e+02, 9.067374e+01
1.000000e+02, 8.852417e+01
1.000000e+02, 8.641414e+01
1.000000e+02, 8.434178e+01
1.000000e+02, 8.230537e+01
1.000000e+02, 8.030330e+01
1.000000e+02, 7.833411e+01
1.000000e+02, 7.639641e+01
1.000000e+02, 7.448894e+01
1.000000e+02, 7.261050e+01
1.000000e+02, 7.075999e+01
1.000000e+02, 6.893635e+01
1.000000e+02, 6.713863e+01
1.000000e+02, 6.536590e+01
1.000000e+02, 6.361730e+01
1.000000e+02, 6.189202e+01
1.000000e+02, 6.018929e+01
1.000000e+02, 5.850840e+01
1.000000e+02, 5.684866e+01
1.000000e+02, 5.520942e+01
1.000000e+02, 5.359007e+01
1.000000e+02, 5.199003e+01
1.000000e+02, 5.040875e+01
1.000000e+02, 4.884569e+01
1.000000e+02, 4.730037e+01
1.000000e+02, 4.577229e+01
1.000000e+02, 4.426101e+01
1.000000e+02, 4.276609e+01
1.000000e+02, 4.128712e+01
1.000000e+02, 3.982370e+01
1.000000e+02, 3.837545e+01
1.000000e+02, 3.694200e+01
1.000000e+02, 3.552301e+01
1.000000e+02, 3.411814e+01
1.000000e+02, 3.272707e+01
1.000000e+02, 3.134949e+01
1.000000e+02, 2.998511e+01
1.000000e+02, 2.863364e+01
1.000000e+02, 2.729480e+01
1.000000e+02, 2.596834e+01
1.000000e+02, 2.465399e+01
1.000000e+02, 2.335151e+01
1.000000e+02, 2.206067e+01
1.000000e+02, 2.078124e+01
1.000000e+02, 1.951299e+01
1.000000e+02, 1.825571e+01
1.000000e+02, 1.700920e+01
1.000000e+02, 1.577326e+01
1.000000e+02, 1.454769e+01
1.000000e+02, 1.333232e+01
1.000000e+02, 1.212695e+01
1.000000e+02, 1.093141e+01
1.000000e+02, 9.745539e+00
1.000000e+02, 8.569168e+00
1.000000e+02, 7.402138e+00
1.000000e+02, 6.244295e+00
1.000000e+02, 5.095488e+00
1.000000e+02, 3.955572e+00
1.000000e+02, 2.824406e+00
1.000000e+02, 1.701853e+00
1.000000e+02, 5.877789e-01
1.000000e+02, 3.594821e+02
1.000000e+02, 3.583846e+02
1.000000e+02, 3.572952e+02
1.000000e+02, 3.562137e+02
1.000000e+02, 3.551402e+02
1.000000e+02, 3.540744e+02
1.000000e+02, 3.530162e+02
1.000000e+02, 3.519656e+02
1.000000e+02, 3.509224e+02
1.000000e+02, 3.498865e+02
1.000000e+02, 3.488579e+02
1.000000e+02, 3.478364e+02
1.000000e+02, 3.468219e+02
1.000000e+02, 3.458144e+02
1.000000e+02, 3.448137e+02
1.000000e+02, 3.438198e+02
1.000000e+02, 3.428326e+02
1.000000e+02, 3.418520e+02
1.000000e+02, 3.408779e+02
1.000000e+02, 3.399102e+02
1.000000e+02, 3.389489e+02
1.000000e+02, 3.379939e+02
1.000000e+02, 3.370450e+02
1.000000e+02, 3.361024e+02
1.000000e+02, 3.351657e+02
1.000000e+02, 3.342351e+02
1.000000e+02, 3.333104e+02
1.000000e+02, 3.323915e+02
1.000000e+02, 3.314785e+02
1.000000e+02, 3.305711e+02
1.000000e+02, 3.296695e+02
1.000000e+02, 3.287734e+02
1.000000e+02, 3.278829e+02
1.000000e+02, 3.269978e+02
1.000000e+02, 3.261182e+02
1.000000e+02, 3.252440e+02
1.000000e+02, 3.243750e+02
1.000000e+02, 3.235114e+02
1.000000e+02, 3.226529e+02
1.000000e+02, 3.217996e+02
1.000000e+02, 3.209514e+02
1.000000e+02, 3.201082e+02
1.000000e+02, 3.192701e+02
1.000000e+02, 3.184369e+02
1.000000e+02, 3.176086e+02
1.000000e+02, 3.167851e+02
1.000000e+02, 3.159665e+02
1.000000e+02, 3.151527e+02
1.000000e+02, 3.143435e+02
1.000000e+02, 3.135391e+02
1.000000e+02, 3.127393e+02
1.000000e+02, 3.119441e+02
1.000000e+02, 3.111534e+02
1.000000e+02, 3.103673e+02
1.000000e+02, 3.095857e+02
1.000000e+02, 3.088084e+02
1.000000e+02, 3.080356e+02
1.000000e+02, 3.072672e+02
1.000000e+02, 3.065030e+02
1.000000e+02, 3.057432e+02
1.000000e+02, 3.049876e+02
1.000000e+02, 3.042362e+02
1.000000e+02, 3.034890e+02
1.000000e+02, 3.027460e+02
1.000000e+02, 3.020070e+02
1.000000e+02, 3.012722e+02
1.000000e+02, 3.005414e+02
1.000000e+02, 2.998146e+02
1.000000e+02, 2.990918e+02
1.000000e+02, 2.983730e+02
1.000000e+02, 2.976580e+02
1.000000e+02, 2.969470e+02
1.000000e+02, 2.962399e+02
1.000000e+02, 2.955365e+02
1.000000e+02, 2.948370e+02
1.000000e+02, 2.941413e+02
1.000000e+02, 2.934493e+02
1.000000e+02, 2.927610e+02
1.000000e+02, 2.920765e+02
1.000000e+02, 2.913956e+02
1.000000e+02, 2.907183e+02
1.000000e+02, 2.900447e+02
1.000000e+02, 2.893747e+02
1.000000e+02, 2.887082e+02
1.000000e+02, 2.880453e+02
1.000000e+02, 2.873859e+02
1.000000e+02, 2.867300e+02
1.000000e+02, 2.860776e+02
1.000000e+02, 2.854286e+02
1.000000e+02, 2.847830e+02
1.000000e+02, 2.841409e+02
1.000000e+02, 2.835021e+02
1.000000e+02, 2.828667e+02
1.000000e+02, 2.822346e+02
1.000000e+02, 2.816059e+02
1.000000e+02, 2.809804e+02
1.000000e+02, 2.803582e+02
1.000000e+02, 2.797393e+02
1.000000e+02, 2.791236e+02
1.000000e+02, 2.785111e+02
1.000000e+02, 2.779018e+02
1.000000e+02, 2.772957e+02
1.000000e+02, 2.766928e+02
1.000000e+02, 2.760930e+02
1.000000e+02, 2.754963e+02
1.000000e+02, 2.749027e+02
1.000000e+02, 2.743121e+02
1.000000e+02, 2.737247e+02
1.000000e+02, 2.731403e+02
1.000000e+02, 2.725589e+02
1.000000e+02, 2.719805e+02
1.000000e+02, 2.714052e+02
1.000000e+02, 2.708328e+02
1.000000e+02, 2.702633e+02
1.000000e+02, 2.696968e+02
1.000000e+02, 2.691333e+02
1.000000e+02, 2.685726e+02
1.000000e+02, 2.680149e+02
1.000000e+02, 2.674600e+02
1.000000e+02, 2.669080e+02
1.000000e+02, 2.663588e+02
1.000000e+02, 2.658125e+02
1.000000e+02, 2.652690e+02
1.000000e+02, 2.647283e+02
1.000000e+02, 2.641904e+02
1.000000e+02, 2.636553e+02
1.000000e+02, 2.631229e+02
1.000000e+02, 2.625933e+02
1.000000e+02, 2.620664e+02
1.000000e+02, 2.615423e+02
1.000000e+02, 2.610208e+02
1.000000e+02, 2.605020e+02
1.000000e+02, 2.599860e+02
1.000000e+02, 2.594726e+02
1.000000e+02, 2.589618e+02
1.000000e+02, 2.584537e+02
1.000000e+02, 2.579482e+02
1.000000e+02, 2.574454e+02
1.000000e+02, 2.569451e+02
1.000000e+02, 2.564474e+02
1.000000e+02, 2.559523e+02
1.000000e+02, 2.554598e+02
1.000000e+02, 2.549699e+02
1.000000e+02, 2.544825e+02
1.000000e+02, 2.539976e+02
1.000000e+02, 2.535152e+02
1.000000e+02, 2.530354e+02
1.000000e+02, 2.525580e+02
1.000000e+02, 2.520832e+02
1.000000e+02, 2.516108e+02
1.000000e+02, 2.511409e+02
1.000000e+02, 2.506735e+02
1.000000e+02, 2.502085e+02
1.000000e+02, 2.497459e+02
1.000000e+02, 2.492858e+02
1.000000e+02, 2.488280e+02
1.000000e+02, 2.483727e+02
1.000000e+02, 2.479198e+02
1.000000e+02, 2.474693e+02
1.000000e+02, 2.470211e+02
1.000000e+02, 2.465753e+02
1.000000e+02, 2.461319e+02
1.000000e+02, 2.456908e+02
1.000000e+02, 2.452520e+02
1.000000e+02, 2.448156e+02
1.000000e+02, 2.443815e+02
1.000000e+02, 2.439497e+02
1.000000e+02, 2.435203e+02
1.000000e+02, 2.430931e+02
1.000000e+02, 2.426682e+02
1.000000e+02, 2.422455e+02
1.000000e+02, 2.418252e+02
1.000000e+02, 2.414071e+02
1.000000e+02, 2.409912e+02
1.000000e+02, 2.405776e+02
1.000000e+02, 2.401662e+02
1.000000e+02, 2.397571e+02
1.000000e+02, 2.393501e+02
1.000000e+02, 2.389454e+02
1.000000e+02, 2.385429e+02
1.000000e+02, 2.381425e+02
1.000000e+02, 2.377444e+02
1.000000e+02, 2.373484e+02
1.000000e+02, 2.369546e+02
1.000000e+02, 2.365630e+02
1.000000e+02, 2.361735e+02
1.000000e+02, 2.357862e+02
1.000000e+02, 2.354010e+02
1.000000e+02, 2.350180e+02
1.000000e+02, 2.346370e+02
1.000000e+02, 2.342582e+02
1.000000e+02, 2.338815e+02
1.000000e+02, 2.335069e+02
1.000000e+02, 2.331344e+02
1.000000e+02, 2.327641e+02
1.000000e+02, 2.323957e+02
1.000000e+02, 2.320295e+02
1.000000e+02, 2.316654e+02
1.000000e+02, 2.313033e+02
1.000000e+02, 2.309432e+02
1.000000e+02, 2.305852e+02
1.000000e+02, 2.302293e+02
1.000000e+02, 2.298754e+02
1.000000e+02, 2.295236e+02
1.000000e+02, 2.291737e+02
1.000000e+02, 2.288259e+02
1.000000e+02, 2.284801e+02
1.000000e+02, 2.281363e+02
1.000000e+02, 2.277945e+02
1.000000e+02, 2.274548e+02
1.000000e+02, 2.271170e+02
1.000000e+02, 2.267812e+02
1.000000e+02, 2.264473e+02
1.000000e+02, 2.261155e+02
1.000000e+02, 2.257856e+02
1.000000e+02, 2.254577e+02
1.000000e+02, 2.251317e+02
1.000000e+02, 2.248077e+02
1.000000e+02, 2.244857e+02
1.000000e+02, 2.241656e+02
1.000000e+02, 2.238474e+02
1.000000e+02, 2.235311e+02
1.000000e+02, 2.232168e+02
1.000000e+02, 2.229044e+02
1.000000e+02, 2.225939e+02
1.000000e+02, 2.222854e+02
1.000000e+02, 2.219787e+02
1.000000e+02, 2.216740e+02
1.000000e+02, 2.213711e+02
1.000000e+02, 2.210701e+02
1.000000e+02, 2.207710e+02
1.000000e+02, 2.204738e+02
1.000000e+02, 2.201785e+02
1.000000e+02, 2.198851e+02
1.000000e+02, 2.195935e+02
1.000000e+02, 2.193038e+02
1.000000e+02, 2.190159e+02
1.000000e+02, 2.187299e+02
1.000000e+02, 2.184458e+02
1.000000e+02, 2.181634e+02
1.000000e+02, 2.178830e+02
1.000000e+02, 2.176044e+02
1.000000e+02, 2.173276e+02
1.000000e+02, 2.170526e+02
1.000000e+02, 2.167795e+02
1.000000e+02, 2.165081e+02
1.000000e+02, 2.162386e+02
1.000000e+02, 2.159709e+02
1.000000e+02, 2.157051e+02
1.000000e+02, 2.154410e+02
1.000000e+02, 2.151787e+02
1.000000e+02, 2.149182e+02
1.000000e+02, 2.146595e+02
1.000000e+02, 2.144026e+02
1.000000e+02, 2.141475e+02
1.000000e+02, 2.138942e+02
1.000000e+02, 2.136426e+02
1.000000e+02, 2.133929e+02
1.000000e+02, 2.131449e+02
1.000000e+02, 2.128986e+02
1.000000e+02, 2.126541e+02
1.000000e+02, 2.124114e+02
1.000000e+02, 2.121705e+02
1.000000e+02, 2.119313e+02
1.000000e+02, 2.116938e+02
1.000000e+02, 2.114581e+02
1.000000e+02, 2.112241e+02
1.000000e+02, 2.109919e+02
1.000000e+02, 2.107614e+02
1.000000e+02, 2.105326e+02
1.000000e+02, 2.103056e+02
1.000000e+02, 2.100803e+02
1.000000e+02, 2.098567e+02
1.000000e+02, 2.096348e+02
1.000000e+02, 2.094147e+02
1.000000e+02, 2.091962e+02
1.000000e+02, 2.089795e+02
1.000000e+02, 2.087645e+02
1.000000e+02, 2.085512e+02
1.000000e+02, 2.083396e+02
1.000000e+02, 2.081297e+02
1.000000e+02, 2.079215e+02
1.000000e+02, 2.077149e+02
1.000000e+02, 2.075101e+02
1.000000e+02, 2.073070e+02
1.000000e+02, 2.071055e+02
1.000000e+02, 2.069057e+02
1.000000e+02, 2.067076e+02
1.000000e+02, 2.065112e+02
1.000000e+02, 2.063165e+02
1.000000e+02, 2.061234e+02
1.000000e+02, 2.059320e+02
1.000000e+02, 2.057422e+02
1.000000e+02, 2.055542e+02
1.000000e+02, 2.053677e+02
1.000000e+02, 2.051830e+02
1.000000e+02, 2.049999e+02
1.000000e+02, 2.048184e+02
1.000000e+02, 2.046386e+02
1.000000e+02, 2.044605e+02
1.000000e+02, 2.042840e+02
1.000000e+02, 2.041091e+02
1.000000e+02, 2.039359e+02
1.000000e+02, 2.037643e+02
1.000000e+02, 2.035944e+02
1.000000e+02, 2.034261e+02
1.000000e+02, 2.032594e+02
1.000000e+02, 2.030944e+02
1.000000e+02, 2.029310e+02
1.000000e+02, 2.027692e+02
1.000000e+02, 2.026090e+02
1.000000e+02, 2.024505e+02
1.000000e+02, 2.022936e+02
1.000000e+02, 2.021383e+02
1.000000e+02, 2.019846e+02
1.000000e+02, 2.018325e+02
1.000000e+02, 2.016821e+02
1.000000e+02, 2.015332e+02
1.000000e+02, 2.013860e+02
1.000000e+02, 2.012404e+02
1.000000e+02, 2.010963e+02
1.000000e+02, 2.009539e+02
1.000000e+02, 2.008131e+02
1.000000e+02, 2.006739e+02
1.000000e+02, 2.005362e+02
1.000000e+02, 2.004002e+02
1.000000e+02, 2.002658e+02
1.000000e+02, 2.001329e+02
1.000000e+02, 2.000017e+02
1.000000e+02, 1.998720e+02
1.000000e+02, 1.997439e+02
1.000000e+02, 1.996174e+02
1.000000e+02, 1.994925e+02
1.000000e+02, 1.993692e+02
1.000000e+02, 1.992475e+02
1.000000e+02, 1.991273e+02
1.000000e+02, 1.990087e+02
1.000000e+02, 1.988917e+02
1.000000e+02, 1.987763e+02
1.000000e+02, 1.986624e+02
1.000000e+02, 1.985501e+02
1.000000e+02, 1.984394e+02
1.000000e+02, 1.983302e+02
1.000000e+02, 1.982227e+02
1.000000e+02, 1.981166e+02
1.000000e+02, 1.980122e+02
1.000000e+02, 1.979093e+02
1.000000e+02, 1.978080e+02
1.000000e+02, 1.977082e+02
1.000000e+02, 1.976100e+02
1.000000e+02, 1.975134e+02
1.000000e+02, 1.974183e+02
1.000000e+02, 1.973248e+02
1.000000e+02, 1.972328e+02
1.000000e+02, 1.971424e+02
1.000000e+02, 1.970535e+02
1.000000e+02, 1.969662e+02
1.000000e+02, 1.968804e+02
1.000000e+02, 1.967962e+02
1.000000e+02, 1.967136e+02
1.000000e+02, 1.966325e+02
1.000000e+02, 1.965529e+02
1.000000e+02, 1.964749e+02
1.000000e+02, 1.963984e+02
1.000000e+02, 1.963235e+02
1.000000e+02, 1.962501e+02
1.000000e+02, 1.961782e+02
1.000000e+02, 1.961079e+02
1.000000e+02, 1.960392e+02
1.000000e+02, 1.959720e+02
1.000000e+02, 1.959063e+02
1.000000e+02, 1.958421e+02
1.000000e+02, 1.957795e+02
1.000000e+02, 1.957185e+02
1.000000e+02, 1.956589e+02
1.000000e+02, 1.956009e+02
1.000000e+02, 1.955445e+02
1.000000e+02, 1.954895e+02
1.000000e+02, 1.954361e+02
1.000000e+02, 1.953843e+02
1.000000e+02, 1.953339e+02
1.000000e+02, 1.952851e+02
1.000000e+02, 1.952379e+02
1.000000e+02, 1.951921e+02
1.000000e+02, 1.951479e+02
1.000000e+02, 1.951053e+02
1.000000e+02, 1.950641e+02
1.000000e+02, 1.950245e+02
1.000000e+02, 1.949864e+02
1.000000e+02, 1.949498e+02
1.000000e+02, 1.949148e+02
1.000000e+02, 1.948813e+02
1.000000e+02, 1.948493e+02
1.000000e+02, 1.948188e+02
1.000000e+02, 1.947899e+02
1.000000e+02, 1.947625e+02
1.000000e+02, 1.947366e+02
1.000000e+02, 1.947122e+02
1.000000e+02, 1.946894e+02
1.000000e+02, 1.946681e+02
1.000000e+02, 1.946483e+02
1.000000e+02, 1.946300e+02
1.000000e+02, 1.946133e+02
1.000000e+02, 1.945980e+02
1.000000e+02, 1.945843e+02
1.000000e+02, 1.945722e+02
1.000000e+02, 1.945615e+02
1.000000e+02, 1.945524e+02
1.000000e+02, 1.945448e+02
1.000000e+02, 1.945387e+02
1.000000e+02, 1.945341e+02
1.000000e+02, 1.945311e+02
1.000000e+02, 1.945296e+02
1.000000e+02, 1.945296e+02
1.000000e+02, 1.945311e+02
1.000000e+02, 1.945341e+02
1.000000e+02, 1.945387e+02
1.000000e+02, 1.945448e+02
1.000000e+02, 1.945524e+02
1.000000e+02, 1.945615e+02
1.000000e+02, 1.945722e+02
1.000000e+02, 1.945843e+02
1.000000e+02, 1.945980e+02
1.000000e+02, 1.946133e+02
1.000000e+02, 1.946300e+02
1.000000e+02, 1.946483e+02
1.000000e+02, 1.946681e+02
1.000000e+02, 1.946894e+02
1.000000e+02, 1.947122e+02
1.000000e+02, 1.947366e+02
1.000000e+02, 1.947625e+02
1.000000e+02, 1.947899e+02
1.000000e+02, 1.948188e+02
1.000000e+02, 1.948493e+02
1.000000e+02, 1.948813e+02
1.000000e+02, 1.949148e+02
1.000000e+02, 1.949498e+02
1.000000e+02, 1.949864e+02
1.000000e+02, 1.950245e+02
1.000000e+02, 1.950641e+02
1.000000e+02, 1.951053e+02
1.000000e+02, 1.951479e+02
1.000000e+02, 1.951921e+02
1.000000e+02, 1.952379e+02
1.000000e+02, 1.952851e+02
1.000000e+02, 1.953339e+02
1.000000e+02, 1.953843e+02
1.000000e+02, 1.954361e+02
1.000000e+02, 1.954895e+02
1.000000e+02, 1.955445e+02
1.000000e+02, 1.956009e+02
1.000000e+02, 1.956589e+02
1.000000e+02, 1.957185e+02
1.000000e+02, 1.957795e+02
1.000000e+02, 1.958421e+02
1.000000e+02, 1.959063e+02
1.000000e+02, 1.959720e+02
1.000000e+02, 1.960392e+02
1.000000e+02, 1.961079e+02
1.000000e+02, 1.961782e+02
1.000000e+02, 1.962501e+02
1.000000e+02, 1.963235e+02
1.000000e+02, 1.963984e+02
1.000000e+02, 1.964749e+02
1.000000e+02, 1.965529e+02
1.000000e+02, 1.966325e+02
1.000000e+02, 1.967136e+02
1.000000e+02, 1.967962e+02
1.000000e+02, 1.968804e+02
1.000000e+02, 1.969662e+02
1.000000e+02, 1.970535e+02
1.000000e+02, 1.971424e+02
1.000000e+02, 1.972328e+02
1.000000e+02, 1.973248e+02
1.000000e+02, 1.974183e+02
1.000000e+02, 1.975134e+02
1.000000e+02, 1.976100e+02
1.000000e+02, 1.977082e+02
1.000000e+02, 1.978080e+02
1.000000e+02, 1.979093e+02
1.000000e+02, 1.980122e+02
1.000000e+02, 1.981166e+02
1.000000e+02, 1.982227e+02
1.000000e+02, 1.983302e+02
1.000000e+02, 1.984394e+02
1.000000e+02, 1.985501e+02
1.000000e+02, 1.986624e+02
1.000000e+02, 1.987763e+02
1.000000e+02, 1.988917e+02
1.000000e+02, 1.990087e+02
1.000000e+02, 1.991273e+02
1.000000e+02, 1.992475e+02
1.000000e+02, 1.993692e+02
1.000000e+02, 1.994925e+02
1.000000e+02, 1.996174e+02
1.000000e+02, 1.997439e+02
1.000000e+02, 1.998720e+02
1.000000e+02, 2.000017e+02
1.000000e+02, 2.001329e+02
1.000000e+02, 2.002658e+02
1.000000e+02, 2.004002e+02
1.000000e+02, 2.005362e+02
1.000000e+02, 2.006739e+02
1.000000e+02, 2.008131e+02
1.000000e+02, 2.009539e+02
1.000000e+02, 2.010963e+02
1.000000e+02, 2.012404e+02
1.000000e+02, 2.013860e+02
1.000000e+02, 2.015332e+02
1.000000e+02, 2.016821e+02
1.000000e+02, 2.018325e+02
1.000000e+02, 2.019846e+02
1.000000e+02, 2.021383e+02
1.000000e+02, 2.022936e+02
1.000000e+02, 2.024505e+02
1.000000e+02, 2.026090e+02
1.000000e+02, 2.027692e+02
1.000000e+02, 2.029310e+02
1.000000e+02, 2.030944e+02
1.000000e+02, 2.032594e+02
1.000000e+02, 2.034261e+02
1.000000e+02, 2.035944e+02
1.000000e+02, 2.037643e+02
1.000000e+02, 2.039359e+02
1.000000e+02, 2.041091e+02
1.000000e+02, 2.042840e+02
1.000000e+02, 2.044605e+02
1.000000e+02, 2.046386e+02
1.000000e+02, 2.048184e+02
1.000000e+02, 2.049999e+02
1.000000e+02, 2.051830e+02
1.000000e+02, 2.053677e+02
1.000000e+02, 2.055542e+02
1.000000e+02, 2.057422e+02
1.000000e+02, 2.059320e+02
1.000000e+02, 2.061234e+02
1.000000e+02, 2.063165e+02
1.000000e+02, 2.065112e+02
1.000000e+02, 2.067076e+02
1.000000e+02, 2.069057e+02
1.000000e+02, 2.071055e+02
1.000000e+02, 2.073070e+02
1.000000e+02, 2.075101e+02
1.000000e+02, 2.077149e+02
1.000000e+02, 2.079215e+02
1.000000e+02, 2.081297e+02
1.000000e+02, 2.083396e+02
1.000000e+02, 2.085512e+02
1.000000e+02, 2.087645e+02
1.000000e+02, 2.089795e+02
1.000000e+02, 2.091962e+02
1.000000e+02, 2.094147e+02
1.000000e+02, 2.096348e+02
1.000000e+02, 2.098567e+02
1.000000e+02, 2.100803e+02
1.000000e+02, 2.103056e+02
1.000000e+02, 2.105326e+02
1.000000e+02, 2.107614e+02
1.000000e+02, 2.109919e+02
1.000000e+02, 2.112241e+02
1.000000e+02, 2.114581e+02
1.000000e+02, 2.116938e+02
1.000000e+02, 2.119313e+02
1.000000e+02, 2.121705e+02
1.000000e+02, 2.124114e+02
1.000000e+02, 2.126541e+02
1.000000e+02, 2.128986e+02
1.000000e+02, 2.131449e+02
1.000000e+02, 2.133929e+02
1.000000e+02, 2.136426e+02
1.000000e+02, 2.138942e+02
1.000000e+02, 2.141475e+02
1.000000e+02, 2.144026e+02
1.000000e+02, 2.146595e+02
1.000000e+02, 2.149182e+02
1.000000e+02, 2.151787e+02
1.000000e+02, 2.154410e+02
1.000000e+02, 2.157051e+02
1.000000e+02, 2.159709e+02
1.000000e+02, 2.162386e+02
1.000000e+02, 2.165081e+02
1.000000e+02, 2.167795e+02
1.000000e+02, 2.170526e+02
1.000000e+02, 2.173276e+02
1.000000e+02, 2.176044e+02
1.000000e+02, 2.178830e+02
1.000000e+02, 2.181634e+02
1.000000e+02, 2.184458e+02
1.000000e+02, 2.187299e+02
1.000000e+02, 2.190159e+02
1.000000e+02, 2.193038e+02
1.000000e+02, 2.195935e+02
1.000000e+02, 2.198851e+02
1.000000e+02, 2.201785e+02
1.000000e+02, 2.204738e+02
1.000000e+02, 2.207710e+02
1.000000e+02, 2.210701e+02
1.000000e+02, 2.213711e+02
1.000000e+02, 2.216740e+02
1.000000e+02, 2.219787e+02
1.000000e+02, 2.222854e+02
1.000000e+02, 2.225940e+02
1.000000e+02, 2.229044e+02
1.000000e+02, 2.232168e+02
1.000000e+02, 2.235311e+02
1.000000e+02, 2.238474e+02
1.000000e+02, 2.241656e+02
1.000000e+02, 2.244857e+02
1.000000e+02, 2.248077e+02
1.000000e+02, 2.251317e+02
1.000000e+02, 2.254577e+02
1.000000e+02, 2.257856e+02
1.000000e+02, 2.261155e+02
1.000000e+02, 2.264473e+02
1.000000e+02, 2.267812e+02
1.000000e+02, 2.271170e+02
1.000000e+02, 2.274548e+02
1.000000e+02, 2.277945e+02
1.000000e+02, 2.281363e+02
1.000000e+02, 2.284801e+02
1.000000e+02, 2.288259e+02
1.000000e+02, 2.291737e+02
1.000000e+02, 2.295236e+02
1.000000e+02, 2.298754e+02
1.000000e+02, 2.302293e+02
1.000000e+02, 2.305852e+02
1.000000e+02, 2.309432e+02
1.000000e+02, 2.313033e+02
1.000000e+02, 2.316654e+02
1.000000e+02, 2.320295e+02
1.000000e+02, 2.323957e+02
1.000000e+02, 2.327641e+02
1.000000e+02, 2.331345e+02
1.000000e+02, 2.335069e+02
1.000000e+02, 2.338815e+02
1.000000e+02, 2.342582e+02
1.000000e+02, 2.346370e+02
1.000000e+02, 2.350180e+02
1.000000e+02, 2.354010e+02
1.000000e+02, 2.357862e+02
1.000000e+02, 2.361735e+02
1.000000e+02, 2.365630e+02
1.000000e+02, 2.369546e+02
1.000000e+02, 2.373484e+02
1.000000e+02, 2.377444e+02
1.000000e+02, 2.381425e+02
1.000000e+02, 2.385429e+02
1.000000e+02, 2.389454e+02
1.000000e+02, 2.393501e+02
1.000000e+02, 2.397571e+02
1.000000e+02, 2.401662e+02
1.000000e+02, 2.405776e+02
1.000000e+02, 2.409912e+02
1.000000e+02, 2.414071e+02
1.000000e+02, 2.418252e+02
1.000000e+02, 2.422455e+02
1.000000e+02, 2.426682e+02
1.000000e+02, 2.430931e+02
1.000000e+02, 2.435203e+02
1.000000e+02, 2.439497e+02
1.000000e+02, 2.443815e+02
1.000000e+02, 2.448156e+02
1.000000e+02, 2.452521e+02
1.000000e+02, 2.456908e+02
1.000000e+02, 2.461319e+02
1.000000e+02, 2.465753e+02
1.000000e+02, 2.470211e+02
1.000000e+02, 2.474693e+02
1.000000e+02, 2.479198e+02
1.000000e+02, 2.483727e+02
1.000000e+02, 2.488280e+02
1.000000e+02, 2.492858e+02
1.000000e+02, 2.497459e+02
1.000000e+02, 2.502085e+02
1.000000e+02, 2.506735e+02
1.000000e+02, 2.511409e+02
1.000000e+02, 2.516108e+02
1.000000e+02, 2.520832e+02
1.000000e+02, 2.525580e+02
1.000000e+02, 2.530354e+02
1.000000e+02, 2.535152e+02
1.000000e+02, 2.539976e+02
1.000000e+02, 2.544825e+02
1.000000e+02, 2.549699e+02
1.000000e+02, 2.554598e+02
1.000000e+02, 2.559523e+02
1.000000e+02, 2.564474e+02
1.000000e+02, 2.569451e+02
1.000000e+02, 2.574454e+02
1.000000e+02, 2.579482e+02
1.000000e+02, 2.584537e+02
1.000000e+02, 2.589618e+02
1.000000e+02, 2.594726e+02
1.000000e+02, 2.599860e+02
1.000000e+02, 2.605020e+02
1.000000e+02, 2.610208e+02
1.000000e+02, 2.615423e+02
1.000000e+02, 2.620664e+02
1.000000e+02, 2.625933e+02
1.000000e+02, 2.631229e+02
1.000000e+02, 2.636553e+02
1.000000e+02, 2.641904e+02
1.000000e+02, 2.647283e+02
1.000000e+02, 2.652690e+02
1.000000e+02, 2.658125e+02
1.000000e+02, 2.663588e+02
1.000000e+02, 2.669080e+02
1.000000e+02, 2.674600e+02
1.000000e+02, 2.680149e+02
1.000000e+02, 2.685726e+02
1.000000e+02, 2.691333e+02
1.000000e+02, 2.696968e+02
1.000000e+02, 2.702633e+02
1.000000e+02, 2.708328e+02
1.000000e+02, 2.714052e+02
1.000000e+02, 2.719805e+02
1.000000e+02, 2.725589e+02
1.000000e+02, 2.731403e+02
1.000000e+02, 2.737247e+02
1.000000e+02, 2.743121e+02
1.000000e+02, 2.749027e+02
1.000000e+02, 2.754963e+02
1.000000e+02, 2.760930e+02
1.000000e+02, 2.766928e+02
1.000000e+02, 2.772957e+02
1.000000e+02, 2.779019e+02
1.000000e+02, 2.785111e+02
1.000000e+02, 2.791236e+02
1.000000e+02, 2.797393e+02
1.000000e+02, 2.803582e+02
1.000000e+02, 2.809804e+02
1.000000e+02, 2.816059e+02
1.000000e+02, 2.822346e+02
1.000000e+02, 2.828667e+02
1.000000e+02, 2.835021e+02
1.000000e+02, 2.841409e+02
1.000000e+02, 2.847830e+02
1.000000e+02, 2.854286e+02
1.000000e+02, 2.860776e+02
1.000000e+02, 2.867300e+02
1.000000e+02, 2.873859e+02
1.000000e+02, 2.880453e+02
1.000000e+02, 2.887082e+02
1.000000e+02, 2.893747e+02
1.000000e+02, 2.900447e+02
1.000000e+02, 2.907183e+02
1.000000e+02, 2.913956e+02
1.000000e+02, 2.920765e+02
1.000000e+02, 2.927610e+02
1.000000e+02, 2.934493e+02
1.000000e+02, 2.941413e+02
1.000000e+02, 2.948370e+02
1.000000e+02, 2.955365e+02
1.000000e+02, 2.962399e+02
1.000000e+02, 2.969470e+02
1.000000e+02, 2.976580e+02
1.000000e+02, 2.983730e+02
1.000000e+02, 2.990918e+02
1.000000e+02, 2.998146e+02
1.000000e+02, 3.005414e+02
1.000000e+02, 3.012722e+02
1.000000e+02, 3.020070e+02
1.000000e+02, 3.027460e+02
1.000000e+02, 3.034890e+02
1.000000e+02, 3.042362e+02
1.000000e+02, 3.049876e+02
1.000000e+02, 3.057432e+02
1.000000e+02, 3.065030e+02
1.000000e+02, 3.072672e+02
1.000000e+02, 3.080356e+02
1.000000e+02, 3.088084e+02
1.000000e+02, 3.095857e+02
1.000000e+02, 3.103673e+02
1.000000e+02, 3.111535e+02
1.000000e+02, 3.119441e+02
1.000000e+02, 3.127393e+02
1.000000e+02, 3.135391e+02
1.000000e+02, 3.143435e+02
1.000000e+02, 3.151527e+02
1.000000e+02, 3.159665e+02
1.000000e+02, 3.167851e+02
1.000000e+02, 3.176086e+02
1.000000e+02, 3.184369e+02
1.000000e+02, 3.192701e+02
1.000000e+02, 3.201082e+02
1.000000e+02, 3.209514e+02
1.000000e+02, 3.217996e+02
1.000000e+02, 3.226529e+02
1.000000e+02, 3.235114e+02
1.000000e+02, 3.243750e+02
1.000000e+02, 3.252440e+02
1.000000e+02, 3.261182e+02
1.000000e+02, 3.269978e+02
1.000000e+02, 3.278829e+02
1.000000e+02, 3.287734e+02
1.000000e+02, 3.296695e+02
1.000000e+02, 3.305711e+02
1.000000e+02, 3.314785e+02
1.000000e+02, 3.323915e+02
1.000000e+02, 3.333104e+02
1.000000e+02, 3.342351e+02
1.000000e+02, 3.351657e+02
1.000000e+02, 3.361024e+02
1.000000e+02, 3.370451e+02
1.000000e+02, 3.379939e+02
1.000000e+02, 3.389489e+02
1.000000e+02, 3.399102e+02
1.000000e+02, 3.408779e+02
1.000000e+02, 3.418520e+02
1.000000e+02, 3.428326e+02
1.000000e+02, 3.438198e+02
1.000000e+02, 3.448137e+02
1.000000e+02, 3.458144e+02
1.000000e+02, 3.468219e+02
1.000000e+02, 3.478364e+02
1.000000e+02, 3.488579e+02
1.000000e+02, 3.498865e+02
1.000000e+02, 3.509224e+02
1.000000e+02, 3.519656e+02
1.000000e+02, 3.530162e+02
1.000000e+02, 3.540744e+02
1.000000e+02, 3.551402e+02
1.000000e+02, 3.562137e+02
1.000000e+02, 3.572952e+02
1.000000e+02, 3.583846e+02
1.000000e+02, 3.594821e+02
1.000000e+02, 5.877825e-01
1.000000e+02, 1.701856e+00
1.000000e+02, 2.824410e+00
1.000000e+02, 3.955576e+00
1.000000e+02, 5.095491e+00
1.000000e+02, 6.244298e+00
1.000000e+02, 7.402142e+00
1.000000e+02, 8.569172e+00
1.000000e+02, 9.745543e+00
1.000000e+02, 1.093141e+01
1.000000e+02, 1.212695e+01
1.000000e+02, 1.333232e+01
1.000000e+02, 1.454770e+01
1.000000e+02, 1.577326e+01
1.000000e+02, 1.700921e+01
1.000000e+02, 1.825571e+01
1.000000e+02, 1.951299e+01
1.000000e+02, 2.078124e+01
1.000000e+02, 2.206067e+01
1.000000e+02, 2.335152e+01
1.000000e+02, 2.465399e+01
1.000000e+02, 2.596834e+01
1.000000e+02, 2.729480e+01
1.000000e+02, 2.863364e+01
1.000000e+02, 2.998511e+01
1.000000e+02, 3.134949e+01
1.000000e+02, 3.272707e+01
1.000000e+02, 3.411814e+01
1.000000e+02, 3.552301e+01
1.000000e+02, 3.694200e+01
1.000000e+02, 3.837545e+01
1.000000e+02, 3.982370e+01
1.000000e+02, 4.128713e+01
1.000000e+02, 4.276610e+01
1.000000e+02, 4.426102e+01
1.000000e+02, 4.577230e+01
1.000000e+02, 4.730037e+01
1.000000e+02, 4.884570e+01
1.000000e+02, 5.040875e+01
1.000000e+02, 5.199004e+01
1.000000e+02, 5.359008e+01
1.000000e+02, 5.520943e+01
1.000000e+02, 5.684866e+01
1.000000e+02, 5.850840e+01
1.000000e+02, 6.018930e+01
1.000000e+02, 6.189202e+01
1.000000e+02, 6.361730e+01
1.000000e+02, 6.536590e+01
1.000000e+02, 6.713863e+01
1.000000e+02, 6.893636e+01
1.000000e+02, 7.075999e+01
1.000000e+02, 7.261051e+01
1.000000e+02, 7.448894e+01
1.000000e+02, 7.639642e+01
1.000000e+02, 7.833411e+01
1.000000e+02, 8.030331e+01
1.000000e+02, 8.230537e+01
1.000000e+02, 8.434179e+01
1.000000e+02, 8.641415e+01
1.000000e+02, 8.852417e+01
1.000000e+02, 9.067374e+01
1.000000e+02, 9.286489e+01
1.000000e+02, 9.509984e+01
1.000000e+02, 9.738103e+01
1.000000e+02, 9.971114e+01
1.000000e+02, 1.020931e+02
1.000000e+02, 1.045302e+02
1.000000e+02, 1.070261e+02
1.000000e+02, 1.095848e+02
1.000000e+02, 1.122109e+02
1.000000e+02, 1.149095e+02
1.000000e+02, 1.176866e+02
1.000000e+02, 1.205487e+02
1.000000e+02, 1.235037e+02
1.000000e+02, 1.265605e+02
1.000000e+02, 1.297298e+02
1.000000e+02, 1.330242e+02
1.000000e+02, 1.364587e+02
1.000000e+02, 1.400521e+02
1.000000e+02, 1.438274e+02
1.000000e+02, 1.478141e+02
1.000000e+02, 1.520507e+02
1.000000e+02, 1.565890e+02
1.000000e+02, 1.615025e+02
1.000000e+02, 1.669001e+02
1.000000e+02, 1.729583e+02
1.000000e+02, 1.800000e+02
##END= 