##TITLE= /opt/topspin3.0/exp/stan/nmr/lists/wave/user/HypSec_trunc2.84_110
##JCAMP-DX= 5.00 Bruker JCAMP library
##DATA TYPE= Shape Data
##ORIGIN= Bruker BioSpin GmbH
##OWNER= <nmrsu>
##DATE= 15/02/24
##TIME= 16:15:04
##MINX= 1.164538e+01
##MAXX= 9.999960e+01
##MINY= 2.546774e-02
##MAXY= 3.585574e+02
##$SHAPE_EXMODE= Adiabatic
##$SHAPE_TOTROT= 1.800000e+02
##$SHAPE_BWFAC= 1.929340e+02
##$SHAPE_INTEGFAC= 2.356110e-02
##$SHAPE_MODE= 0
##NPOINTS= 1000
##XYPOINTS= (XY..XY)
1.000000e+02, 1.800000e+02
1.000000e+02, 1.728254e+02
1.000000e+02, 1.666529e+02
1.000000e+02, 1.611534e+02
1.000000e+02, 1.561473e+02
1.000000e+02, 1.515233e+02
1.000000e+02, 1.472068e+02
1.000000e+02, 1.431449e+02
1.000000e+02, 1.392984e+02
1.000000e+02, 1.356372e+02
1.000000e+02, 1.321378e+02
1.000000e+02, 1.287813e+02
1.000000e+02, 1.255522e+02
1.000000e+02, 1.224377e+02
1.000000e+02, 1.194270e+02
1.000000e+02, 1.165108e+02
1.000000e+02, 1.136814e+02
1.000000e+02, 1.109319e+02
1.000000e+02, 1.082562e+02
1.000000e+02, 1.056492e+02
1.000000e+02, 1.031063e+02
1.000000e+02, 1.006232e+02
1.000000e+02, 9.819625e+01
1.000000e+02, 9.582218e+01
1.000000e+02, 9.349795e+01
1.000000e+02, 9.122083e+01
1.000000e+02, 8.898833e+01
1.000000e+02, 8.679821e+01
1.000000e+02, 8.464837e+01
1.000000e+02, 8.253691e+01
1.000000e+02, 8.046207e+01
1.000000e+02, 7.842223e+01
1.000000e+02, 7.641588e+01
1.000000e+02, 7.444163e+01
1.000000e+02, 7.249817e+01
1.000000e+02, 7.058428e+01
1.000000e+02, 6.869885e+01
1.000000e+02, 6.684081e+01
1.000000e+02, 6.500917e+01
1.000000e+02, 6.320299e+01
1.000000e+02, 6.142140e+01
1.000000e+02, 5.966356e+01
1.000000e+02, 5.792871e+01
1.000000e+02, 5.621611e+01
1.000000e+02, 5.452505e+01
1.000000e+02, 5.285488e+01
1.000000e+02, 5.120498e+01
1.000000e+02, 4.957475e+01
1.000000e+02, 4.796363e+01
1.000000e+02, 4.637109e+01
1.000000e+02, 4.479660e+01
1.000000e+02, 4.323969e+01
1.000000e+02, 4.169990e+01
1.000000e+02, 4.017678e+01
1.000000e+02, 3.866990e+01
1.000000e+02, 3.717886e+01
1.000000e+02, 3.570329e+01
1.000000e+02, 3.424279e+01
1.000000e+02, 3.279703e+01
1.000000e+02, 3.136565e+01
1.000000e+02, 2.994833e+01
1.000000e+02, 2.854476e+01
1.000000e+02, 2.715464e+01
1.000000e+02, 2.577767e+01
1.000000e+02, 2.441357e+01
1.000000e+02, 2.306208e+01
1.000000e+02, 2.172293e+01
1.000000e+02, 2.039588e+01
1.000000e+02, 1.908068e+01
1.000000e+02, 1.777711e+01
1.000000e+02, 1.648493e+01
1.000000e+02, 1.520393e+01
1.000000e+02, 1.393390e+01
1.000000e+02, 1.267464e+01
1.000000e+02, 1.142595e+01
1.000000e+02, 1.018764e+01
1.000000e+02, 8.959530e+00
1.000000e+02, 7.741437e+00
1.000000e+02, 6.533191e+00
1.000000e+02, 5.334624e+00
1.000000e+02, 4.145575e+00
1.000000e+02, 2.965885e+00
1.000000e+02, 1.795402e+00
1.000000e+02, 6.339789e-01
1.000000e+02, 3.594815e+02
1.000000e+02, 3.583377e+02
1.000000e+02, 3.572026e+02
1.000000e+02, 3.560761e+02
1.000000e+02, 3.549578e+02
1.000000e+02, 3.538479e+02
1.000000e+02, 3.527461e+02
1.000000e+02, 3.516523e+02
1.000000e+02, 3.505663e+02
1.000000e+02, 3.494882e+02
1.000000e+02, 3.484178e+02
1.000000e+02, 3.473549e+02
1.000000e+02, 3.462995e+02
1.000000e+02, 3.452514e+02
1.000000e+02, 3.442107e+02
1.000000e+02, 3.431771e+02
1.000000e+02, 3.421505e+02
1.000000e+02, 3.411310e+02
1.000000e+02, 3.401183e+02
1.000000e+02, 3.391125e+02
1.000000e+02, 3.381133e+02
1.000000e+02, 3.371209e+02
1.000000e+02, 3.361349e+02
1.000000e+02, 3.351555e+02
1.000000e+02, 3.341824e+02
1.000000e+02, 3.332157e+02
1.000000e+02, 3.322552e+02
1.000000e+02, 3.313009e+02
1.000000e+02, 3.303527e+02
1.000000e+02, 3.294106e+02
1.000000e+02, 3.284744e+02
1.000000e+02, 3.275441e+02
1.000000e+02, 3.266196e+02
1.000000e+02, 3.257010e+02
1.000000e+02, 3.247880e+02
1.000000e+02, 3.238807e+02
1.000000e+02, 3.229789e+02
1.000000e+02, 3.220827e+02
1.000000e+02, 3.211920e+02
1.000000e+02, 3.203066e+02
1.000000e+02, 3.194267e+02
1.000000e+02, 3.185520e+02
1.000000e+02, 3.176826e+02
1.000000e+02, 3.168184e+02
1.000000e+02, 3.159593e+02
1.000000e+02, 3.151053e+02
1.000000e+02, 3.142564e+02
1.000000e+02, 3.134125e+02
1.000000e+02, 3.125735e+02
1.000000e+02, 3.117395e+02
1.000000e+02, 3.109103e+02
1.000000e+02, 3.100859e+02
1.000000e+02, 3.092663e+02
1.000000e+02, 3.084514e+02
1.000000e+02, 3.076412e+02
1.000000e+02, 3.068356e+02
1.000000e+02, 3.060346e+02
1.000000e+02, 3.052382e+02
1.000000e+02, 3.044463e+02
1.000000e+02, 3.036589e+02
1.000000e+02, 3.028760e+02
1.000000e+02, 3.020974e+02
1.000000e+02, 3.013232e+02
1.000000e+02, 3.005534e+02
1.000000e+02, 2.997878e+02
1.000000e+02, 2.990265e+02
1.000000e+02, 2.982695e+02
1.000000e+02, 2.975166e+02
1.000000e+02, 2.967679e+02
1.000000e+02, 2.960233e+02
1.000000e+02, 2.952828e+02
1.000000e+02, 2.945464e+02
1.000000e+02, 2.938140e+02
1.000000e+02, 2.930855e+02
1.000000e+02, 2.923611e+02
1.000000e+02, 2.916406e+02
1.000000e+02, 2.909240e+02
1.000000e+02, 2.902113e+02
1.000000e+02, 2.895024e+02
1.000000e+02, 2.887974e+02
1.000000e+02, 2.880962e+02
1.000000e+02, 2.873987e+02
1.000000e+02, 2.867049e+02
1.000000e+02, 2.860149e+02
1.000000e+02, 2.853286e+02
1.000000e+02, 2.846459e+02
1.000000e+02, 2.839669e+02
1.000000e+02, 2.832914e+02
1.000000e+02, 2.826196e+02
1.000000e+02, 2.819513e+02
1.000000e+02, 2.812866e+02
1.000000e+02, 2.806254e+02
1.000000e+02, 2.799676e+02
1.000000e+02, 2.793134e+02
1.000000e+02, 2.786625e+02
1.000000e+02, 2.780151e+02
1.000000e+02, 2.773711e+02
1.000000e+02, 2.767305e+02
1.000000e+02, 2.760933e+02
1.000000e+02, 2.754593e+02
1.000000e+02, 2.748287e+02
1.000000e+02, 2.742014e+02
1.000000e+02, 2.735774e+02
1.000000e+02, 2.729566e+02
1.000000e+02, 2.723391e+02
1.000000e+02, 2.717247e+02
1.000000e+02, 2.711136e+02
1.000000e+02, 2.705056e+02
1.000000e+02, 2.699008e+02
1.000000e+02, 2.692992e+02
1.000000e+02, 2.687006e+02
1.000000e+02, 2.681052e+02
1.000000e+02, 2.675128e+02
1.000000e+02, 2.669236e+02
1.000000e+02, 2.663373e+02
1.000000e+02, 2.657541e+02
1.000000e+02, 2.651740e+02
1.000000e+02, 2.645968e+02
1.000000e+02, 2.640226e+02
1.000000e+02, 2.634514e+02
1.000000e+02, 2.628831e+02
1.000000e+02, 2.623177e+02
1.000000e+02, 2.617553e+02
1.000000e+02, 2.611958e+02
1.000000e+02, 2.606392e+02
1.000000e+02, 2.600854e+02
1.000000e+02, 2.595345e+02
1.000000e+02, 2.589865e+02
1.000000e+02, 2.584412e+02
1.000000e+02, 2.578988e+02
1.000000e+02, 2.573592e+02
1.000000e+02, 2.568224e+02
1.000000e+02, 2.562883e+02
1.000000e+02, 2.557570e+02
1.000000e+02, 2.552285e+02
1.000000e+02, 2.547027e+02
1.000000e+02, 2.541796e+02
1.000000e+02, 2.536592e+02
1.000000e+02, 2.531415e+02
1.000000e+02, 2.526265e+02
1.000000e+02, 2.521141e+02
1.000000e+02, 2.516044e+02
1.000000e+02, 2.510974e+02
1.000000e+02, 2.505930e+02
1.000000e+02, 2.500911e+02
1.000000e+02, 2.495919e+02
1.000000e+02, 2.490953e+02
1.000000e+02, 2.486013e+02
1.000000e+02, 2.481099e+02
1.000000e+02, 2.476210e+02
1.000000e+02, 2.471346e+02
1.000000e+02, 2.466508e+02
1.000000e+02, 2.461695e+02
1.000000e+02, 2.456907e+02
1.000000e+02, 2.452145e+02
1.000000e+02, 2.447407e+02
1.000000e+02, 2.442694e+02
1.000000e+02, 2.438006e+02
1.000000e+02, 2.433342e+02
1.000000e+02, 2.428703e+02
1.000000e+02, 2.424089e+02
1.000000e+02, 2.419498e+02
1.000000e+02, 2.414932e+02
1.000000e+02, 2.410390e+02
1.000000e+02, 2.405872e+02
1.000000e+02, 2.401378e+02
1.000000e+02, 2.396908e+02
1.000000e+02, 2.392461e+02
1.000000e+02, 2.388038e+02
1.000000e+02, 2.383639e+02
1.000000e+02, 2.379263e+02
1.000000e+02, 2.374911e+02
1.000000e+02, 2.370581e+02
1.000000e+02, 2.366275e+02
1.000000e+02, 2.361992e+02
1.000000e+02, 2.357732e+02
1.000000e+02, 2.353495e+02
1.000000e+02, 2.349281e+02
1.000000e+02, 2.345090e+02
1.000000e+02, 2.340921e+02
1.000000e+02, 2.336775e+02
1.000000e+02, 2.332651e+02
1.000000e+02, 2.328550e+02
1.000000e+02, 2.324471e+02
1.000000e+02, 2.320415e+02
1.000000e+02, 2.316380e+02
1.000000e+02, 2.312368e+02
1.000000e+02, 2.308378e+02
1.000000e+02, 2.304409e+02
1.000000e+02, 2.300463e+02
1.000000e+02, 2.296539e+02
1.000000e+02, 2.292636e+02
1.000000e+02, 2.288755e+02
1.000000e+02, 2.284895e+02
1.000000e+02, 2.281057e+02
1.000000e+02, 2.277240e+02
1.000000e+02, 2.273445e+02
1.000000e+02, 2.269671e+02
1.000000e+02, 2.265919e+02
1.000000e+02, 2.262187e+02
1.000000e+02, 2.258477e+02
1.000000e+02, 2.254788e+02
1.000000e+02, 2.251120e+02
1.000000e+02, 2.247472e+02
1.000000e+02, 2.243846e+02
1.000000e+02, 2.240240e+02
1.000000e+02, 2.236655e+02
1.000000e+02, 2.233091e+02
1.000000e+02, 2.229547e+02
1.000000e+02, 2.226024e+02
1.000000e+02, 2.222521e+02
1.000000e+02, 2.219039e+02
1.000000e+02, 2.215577e+02
1.000000e+02, 2.212135e+02
1.000000e+02, 2.208714e+02
1.000000e+02, 2.205313e+02
1.000000e+02, 2.201931e+02
1.000000e+02, 2.198570e+02
1.000000e+02, 2.195229e+02
1.000000e+02, 2.191908e+02
1.000000e+02, 2.188607e+02
1.000000e+02, 2.185326e+02
1.000000e+02, 2.182064e+02
1.000000e+02, 2.178822e+02
1.000000e+02, 2.175600e+02
1.000000e+02, 2.172398e+02
1.000000e+02, 2.169215e+02
1.000000e+02, 2.166052e+02
1.000000e+02, 2.162908e+02
1.000000e+02, 2.159783e+02
1.000000e+02, 2.156678e+02
1.000000e+02, 2.153592e+02
1.000000e+02, 2.150526e+02
1.000000e+02, 2.147479e+02
1.000000e+02, 2.144450e+02
1.000000e+02, 2.141441e+02
1.000000e+02, 2.138452e+02
1.000000e+02, 2.135481e+02
1.000000e+02, 2.132529e+02
1.000000e+02, 2.129596e+02
1.000000e+02, 2.126682e+02
1.000000e+02, 2.123787e+02
1.000000e+02, 2.120911e+02
1.000000e+02, 2.118053e+02
1.000000e+02, 2.115214e+02
1.000000e+02, 2.112394e+02
1.000000e+02, 2.109592e+02
1.000000e+02, 2.106810e+02
1.000000e+02, 2.104045e+02
1.000000e+02, 2.101299e+02
1.000000e+02, 2.098572e+02
1.000000e+02, 2.095863e+02
1.000000e+02, 2.093172e+02
1.000000e+02, 2.090500e+02
1.000000e+02, 2.087846e+02
1.000000e+02, 2.085210e+02
1.000000e+02, 2.082593e+02
1.000000e+02, 2.079994e+02
1.000000e+02, 2.077413e+02
1.000000e+02, 2.074850e+02
1.000000e+02, 2.072305e+02
1.000000e+02, 2.069778e+02
1.000000e+02, 2.067269e+02
1.000000e+02, 2.064778e+02
1.000000e+02, 2.062305e+02
1.000000e+02, 2.059850e+02
1.000000e+02, 2.057413e+02
1.000000e+02, 2.054993e+02
1.000000e+02, 2.052592e+02
1.000000e+02, 2.050208e+02
1.000000e+02, 2.047842e+02
1.000000e+02, 2.045493e+02
1.000000e+02, 2.043162e+02
1.000000e+02, 2.040849e+02
1.000000e+02, 2.038554e+02
1.000000e+02, 2.036276e+02
1.000000e+02, 2.034015e+02
1.000000e+02, 2.031772e+02
1.000000e+02, 2.029547e+02
1.000000e+02, 2.027338e+02
1.000000e+02, 2.025148e+02
1.000000e+02, 2.022974e+02
1.000000e+02, 2.020818e+02
1.000000e+02, 2.018680e+02
1.000000e+02, 2.016558e+02
1.000000e+02, 2.014454e+02
1.000000e+02, 2.012367e+02
1.000000e+02, 2.010297e+02
1.000000e+02, 2.008245e+02
1.000000e+02, 2.006209e+02
1.000000e+02, 2.004191e+02
1.000000e+02, 2.002190e+02
1.000000e+02, 2.000205e+02
1.000000e+02, 1.998238e+02
1.000000e+02, 1.996288e+02
1.000000e+02, 1.994355e+02
1.000000e+02, 1.992439e+02
1.000000e+02, 1.990539e+02
1.000000e+02, 1.988657e+02
1.000000e+02, 1.986791e+02
1.000000e+02, 1.984943e+02
1.000000e+02, 1.983111e+02
1.000000e+02, 1.981296e+02
1.000000e+02, 1.979497e+02
1.000000e+02, 1.977716e+02
1.000000e+02, 1.975951e+02
1.000000e+02, 1.974203e+02
1.000000e+02, 1.972471e+02
1.000000e+02, 1.970757e+02
1.000000e+02, 1.969058e+02
1.000000e+02, 1.967377e+02
1.000000e+02, 1.965712e+02
1.000000e+02, 1.964064e+02
1.000000e+02, 1.962432e+02
1.000000e+02, 1.960816e+02
1.000000e+02, 1.959218e+02
1.000000e+02, 1.957635e+02
1.000000e+02, 1.956070e+02
1.000000e+02, 1.954520e+02
1.000000e+02, 1.952987e+02
1.000000e+02, 1.951471e+02
1.000000e+02, 1.949970e+02
1.000000e+02, 1.948487e+02
1.000000e+02, 1.947019e+02
1.000000e+02, 1.945568e+02
1.000000e+02, 1.944133e+02
1.000000e+02, 1.942715e+02
1.000000e+02, 1.941313e+02
1.000000e+02, 1.939927e+02
1.000000e+02, 1.938557e+02
1.000000e+02, 1.937203e+02
1.000000e+02, 1.935866e+02
1.000000e+02, 1.934545e+02
1.000000e+02, 1.933240e+02
1.000000e+02, 1.931951e+02
1.000000e+02, 1.930679e+02
1.000000e+02, 1.929422e+02
1.000000e+02, 1.928182e+02
1.000000e+02, 1.926957e+02
1.000000e+02, 1.925749e+02
1.000000e+02, 1.924557e+02
1.000000e+02, 1.923381e+02
1.000000e+02, 1.922221e+02
1.000000e+02, 1.921077e+02
1.000000e+02, 1.919948e+02
1.000000e+02, 1.918836e+02
1.000000e+02, 1.917740e+02
1.000000e+02, 1.916660e+02
1.000000e+02, 1.915596e+02
1.000000e+02, 1.914548e+02
1.000000e+02, 1.913515e+02
1.000000e+02, 1.912499e+02
1.000000e+02, 1.911498e+02
1.000000e+02, 1.910514e+02
1.000000e+02, 1.909545e+02
1.000000e+02, 1.908592e+02
1.000000e+02, 1.907655e+02
1.000000e+02, 1.906734e+02
1.000000e+02, 1.905828e+02
1.000000e+02, 1.904939e+02
1.000000e+02, 1.904065e+02
1.000000e+02, 1.903207e+02
1.000000e+02, 1.902365e+02
1.000000e+02, 1.901538e+02
1.000000e+02, 1.900728e+02
1.000000e+02, 1.899933e+02
1.000000e+02, 1.899153e+02
1.000000e+02, 1.898390e+02
1.000000e+02, 1.897642e+02
1.000000e+02, 1.896910e+02
1.000000e+02, 1.896194e+02
1.000000e+02, 1.895493e+02
1.000000e+02, 1.894809e+02
1.000000e+02, 1.894139e+02
1.000000e+02, 1.893486e+02
1.000000e+02, 1.892848e+02
1.000000e+02, 1.892226e+02
1.000000e+02, 1.891619e+02
1.000000e+02, 1.891028e+02
1.000000e+02, 1.890453e+02
1.000000e+02, 1.889893e+02
1.000000e+02, 1.889349e+02
1.000000e+02, 1.888821e+02
1.000000e+02, 1.888308e+02
1.000000e+02, 1.887811e+02
1.000000e+02, 1.887329e+02
1.000000e+02, 1.886863e+02
1.000000e+02, 1.886413e+02
1.000000e+02, 1.885978e+02
1.000000e+02, 1.885559e+02
1.000000e+02, 1.885155e+02
1.000000e+02, 1.884767e+02
1.000000e+02, 1.884394e+02
1.000000e+02, 1.884037e+02
1.000000e+02, 1.883696e+02
1.000000e+02, 1.883370e+02
1.000000e+02, 1.883060e+02
1.000000e+02, 1.882765e+02
1.000000e+02, 1.882486e+02
1.000000e+02, 1.882222e+02
1.000000e+02, 1.881974e+02
1.000000e+02, 1.881741e+02
1.000000e+02, 1.881524e+02
1.000000e+02, 1.881322e+02
1.000000e+02, 1.881136e+02
1.000000e+02, 1.880965e+02
1.000000e+02, 1.880810e+02
1.000000e+02, 1.880671e+02
1.000000e+02, 1.880547e+02
1.000000e+02, 1.880438e+02
1.000000e+02, 1.880345e+02
1.000000e+02, 1.880268e+02
1.000000e+02, 1.880205e+02
1.000000e+02, 1.880159e+02
1.000000e+02, 1.880128e+02
1.000000e+02, 1.880112e+02
1.000000e+02, 1.880112e+02
1.000000e+02, 1.880128e+02
1.000000e+02, 1.880159e+02
1.000000e+02, 1.880205e+02
1.000000e+02, 1.880268e+02
1.000000e+02, 1.880345e+02
1.000000e+02, 1.880438e+02
1.000000e+02, 1.880547e+02
1.000000e+02, 1.880671e+02
1.000000e+02, 1.880810e+02
1.000000e+02, 1.880965e+02
1.000000e+02, 1.881136e+02
1.000000e+02, 1.881322e+02
1.000000e+02, 1.881524e+02
1.000000e+02, 1.881741e+02
1.000000e+02, 1.881974e+02
1.000000e+02, 1.882222e+02
1.000000e+02, 1.882486e+02
1.000000e+02, 1.882765e+02
1.000000e+02, 1.883060e+02
1.000000e+02, 1.883370e+02
1.000000e+02, 1.883696e+02
1.000000e+02, 1.884037e+02
1.000000e+02, 1.884394e+02
1.000000e+02, 1.884767e+02
1.000000e+02, 1.885155e+02
1.000000e+02, 1.885559e+02
1.000000e+02, 1.885978e+02
1.000000e+02, 1.886413e+02
1.000000e+02, 1.886863e+02
1.000000e+02, 1.887329e+02
1.000000e+02, 1.887811e+02
1.000000e+02, 1.888308e+02
1.000000e+02, 1.888821e+02
1.000000e+02, 1.889349e+02
1.000000e+02, 1.889893e+02
1.000000e+02, 1.890453e+02
1.000000e+02, 1.891028e+02
1.000000e+02, 1.891619e+02
1.000000e+02, 1.892226e+02
1.000000e+02, 1.892848e+02
1.000000e+02, 1.893486e+02
1.000000e+02, 1.894139e+02
1.000000e+02, 1.894809e+02
1.000000e+02, 1.895493e+02
1.000000e+02, 1.896194e+02
1.000000e+02, 1.896910e+02
1.000000e+02, 1.897642e+02
1.000000e+02, 1.898390e+02
1.000000e+02, 1.899153e+02
1.000000e+02, 1.899933e+02
1.000000e+02, 1.900728e+02
1.000000e+02, 1.901538e+02
1.000000e+02, 1.902365e+02
1.000000e+02, 1.903207e+02
1.000000e+02, 1.904065e+02
1.000000e+02, 1.904939e+02
1.000000e+02, 1.905828e+02
1.000000e+02, 1.906734e+02
1.000000e+02, 1.907655e+02
1.000000e+02, 1.908592e+02
1.000000e+02, 1.909545e+02
1.000000e+02, 1.910514e+02
1.000000e+02, 1.911498e+02
1.000000e+02, 1.912499e+02
1.000000e+02, 1.913515e+02
1.000000e+02, 1.914548e+02
1.000000e+02, 1.915596e+02
1.000000e+02, 1.916660e+02
1.000000e+02, 1.917740e+02
1.000000e+02, 1.918836e+02
1.000000e+02, 1.919948e+02
1.000000e+02, 1.921077e+02
1.000000e+02, 1.922221e+02
1.000000e+02, 1.923381e+02
1.000000e+02, 1.924557e+02
1.000000e+02, 1.925749e+02
1.000000e+02, 1.926957e+02
1.000000e+02, 1.928182e+02
1.000000e+02, 1.929422e+02
1.000000e+02, 1.930679e+02
1.000000e+02, 1.931951e+02
1.000000e+02, 1.933240e+02
1.000000e+02, 1.934545e+02
1.000000e+02, 1.935866e+02
1.000000e+02, 1.937203e+02
1.000000e+02, 1.938557e+02
1.000000e+02, 1.939927e+02
1.000000e+02, 1.941313e+02
1.000000e+02, 1.942715e+02
1.000000e+02, 1.944133e+02
1.000000e+02, 1.945568e+02
1.000000e+02, 1.947019e+02
1.000000e+02, 1.948487e+02
1.000000e+02, 1.949970e+02
1.000000e+02, 1.951471e+02
1.000000e+02, 1.952987e+02
1.000000e+02, 1.954520e+02
1.000000e+02, 1.956070e+02
1.000000e+02, 1.957635e+02
1.000000e+02, 1.959218e+02
1.000000e+02, 1.960816e+02
1.000000e+02, 1.962432e+02
1.000000e+02, 1.964064e+02
1.000000e+02, 1.965712e+02
1.000000e+02, 1.967377e+02
1.000000e+02, 1.969058e+02
1.000000e+02, 1.970757e+02
1.000000e+02, 1.972471e+02
1.000000e+02, 1.974203e+02
1.000000e+02, 1.975951e+02
1.000000e+02, 1.977716e+02
1.000000e+02, 1.979497e+02
1.000000e+02, 1.981296e+02
1.000000e+02, 1.983111e+02
1.000000e+02, 1.984943e+02
1.000000e+02, 1.986791e+02
1.000000e+02, 1.988657e+02
1.000000e+02, 1.990539e+02
1.000000e+02, 1.992439e+02
1.000000e+02, 1.994355e+02
1.000000e+02, 1.996288e+02
1.000000e+02, 1.998238e+02
1.000000e+02, 2.000205e+02
1.000000e+02, 2.002190e+02
1.000000e+02, 2.004191e+02
1.000000e+02, 2.006209e+02
1.000000e+02, 2.008245e+02
1.000000e+02, 2.010297e+02
1.000000e+02, 2.012367e+02
1.000000e+02, 2.014454e+02
1.000000e+02, 2.016558e+02
1.000000e+02, 2.018680e+02
1.000000e+02, 2.020818e+02
1.000000e+02, 2.022974e+02
1.000000e+02, 2.025148e+02
1.000000e+02, 2.027338e+02
1.000000e+02, 2.029547e+02
1.000000e+02, 2.031772e+02
1.000000e+02, 2.034015e+02
1.000000e+02, 2.036276e+02
1.000000e+02, 2.038554e+02
1.000000e+02, 2.040849e+02
1.000000e+02, 2.043162e+02
1.000000e+02, 2.045493e+02
1.000000e+02, 2.047842e+02
1.000000e+02, 2.050208e+02
1.000000e+02, 2.052592e+02
1.000000e+02, 2.054993e+02
1.000000e+02, 2.057413e+02
1.000000e+02, 2.059850e+02
1.000000e+02, 2.062305e+02
1.000000e+02, 2.064778e+02
1.000000e+02, 2.067269e+02
1.000000e+02, 2.069778e+02
1.000000e+02, 2.072305e+02
1.000000e+02, 2.074850e+02
1.000000e+02, 2.077413e+02
1.000000e+02, 2.079994e+02
1.000000e+02, 2.082593e+02
1.000000e+02, 2.085210e+02
1.000000e+02, 2.087846e+02
1.000000e+02, 2.090500e+02
1.000000e+02, 2.093172e+02
1.000000e+02, 2.095863e+02
1.000000e+02, 2.098572e+02
1.000000e+02, 2.101299e+02
1.000000e+02, 2.104045e+02
1.000000e+02, 2.106810e+02
1.000000e+02, 2.109592e+02
1.000000e+02, 2.112394e+02
1.000000e+02, 2.115214e+02
1.000000e+02, 2.118053e+02
1.000000e+02, 2.120911e+02
1.000000e+02, 2.123787e+02
1.000000e+02, 2.126682e+02
1.000000e+02, 2.129596e+02
1.000000e+02, 2.132529e+02
1.000000e+02, 2.135481e+02
1.000000e+02, 2.138452e+02
1.000000e+02, 2.141442e+02
1.000000e+02, 2.144450e+02
1.000000e+02, 2.147479e+02
1.000000e+02, 2.150526e+02
1.000000e+02, 2.153592e+02
1.000000e+02, 2.156678e+02
1.000000e+02, 2.159783e+02
1.000000e+02, 2.162908e+02
1.000000e+02, 2.166052e+02
1.000000e+02, 2.169215e+02
1.000000e+02, 2.172398e+02
1.000000e+02, 2.175600e+02
1.000000e+02, 2.178822e+02
1.000000e+02, 2.182064e+02
1.000000e+02, 2.185326e+02
1.000000e+02, 2.188607e+02
1.000000e+02, 2.191908e+02
1.000000e+02, 2.195229e+02
1.000000e+02, 2.198570e+02
1.000000e+02, 2.201931e+02
1.000000e+02, 2.205313e+02
1.000000e+02, 2.208714e+02
1.000000e+02, 2.212135e+02
1.000000e+02, 2.215577e+02
1.000000e+02, 2.219039e+02
1.000000e+02, 2.222521e+02
1.000000e+02, 2.226024e+02
1.000000e+02, 2.229547e+02
1.000000e+02, 2.233091e+02
1.000000e+02, 2.236655e+02
1.000000e+02, 2.240240e+02
1.000000e+02, 2.243846e+02
1.000000e+02, 2.247472e+02
1.000000e+02, 2.251120e+02
1.000000e+02, 2.254788e+02
1.000000e+02, 2.258477e+02
1.000000e+02, 2.262187e+02
1.000000e+02, 2.265919e+02
1.000000e+02, 2.269672e+02
1.000000e+02, 2.273445e+02
1.000000e+02, 2.277241e+02
1.000000e+02, 2.281057e+02
1.000000e+02, 2.284895e+02
1.000000e+02, 2.288755e+02
1.000000e+02, 2.292636e+02
1.000000e+02, 2.296539e+02
1.000000e+02, 2.300463e+02
1.000000e+02, 2.304409e+02
1.000000e+02, 2.308378e+02
1.000000e+02, 2.312368e+02
1.000000e+02, 2.316380e+02
1.000000e+02, 2.320415e+02
1.000000e+02, 2.324471e+02
1.000000e+02, 2.328550e+02
1.000000e+02, 2.332651e+02
1.000000e+02, 2.336775e+02
1.000000e+02, 2.340921e+02
1.000000e+02, 2.345090e+02
1.000000e+02, 2.349281e+02
1.000000e+02, 2.353495e+02
1.000000e+02, 2.357732e+02
1.000000e+02, 2.361992e+02
1.000000e+02, 2.366275e+02
1.000000e+02, 2.370581e+02
1.000000e+02, 2.374911e+02
1.000000e+02, 2.379263e+02
1.000000e+02, 2.383639e+02
1.000000e+02, 2.388038e+02
1.000000e+02, 2.392461e+02
1.000000e+02, 2.396908e+02
1.000000e+02, 2.401378e+02
1.000000e+02, 2.405872e+02
1.000000e+02, 2.410390e+02
1.000000e+02, 2.414932e+02
1.000000e+02, 2.419498e+02
1.000000e+02, 2.424089e+02
1.000000e+02, 2.428703e+02
1.000000e+02, 2.433342e+02
1.000000e+02, 2.438006e+02
1.000000e+02, 2.442694e+02
1.000000e+02, 2.447407e+02
1.000000e+02, 2.452145e+02
1.000000e+02, 2.456907e+02
1.000000e+02, 2.461695e+02
1.000000e+02, 2.466508e+02
1.000000e+02, 2.471346e+02
1.000000e+02, 2.476210e+02
1.000000e+02, 2.481099e+02
1.000000e+02, 2.486013e+02
1.000000e+02, 2.490953e+02
1.000000e+02, 2.495919e+02
1.000000e+02, 2.500911e+02
1.000000e+02, 2.505930e+02
1.000000e+02, 2.510974e+02
1.000000e+02, 2.516044e+02
1.000000e+02, 2.521141e+02
1.000000e+02, 2.526265e+02
1.000000e+02, 2.531415e+02
1.000000e+02, 2.536592e+02
1.000000e+02, 2.541796e+02
1.000000e+02, 2.547027e+02
1.000000e+02, 2.552285e+02
1.000000e+02, 2.557570e+02
1.000000e+02, 2.562883e+02
1.000000e+02, 2.568224e+02
1.000000e+02, 2.573592e+02
1.000000e+02, 2.578988e+02
1.000000e+02, 2.584412e+02
1.000000e+02, 2.589865e+02
1.000000e+02, 2.595345e+02
1.000000e+02, 2.600854e+02
1.000000e+02, 2.606392e+02
1.000000e+02, 2.611958e+02
1.000000e+02, 2.617553e+02
1.000000e+02, 2.623177e+02
1.000000e+02, 2.628831e+02
1.000000e+02, 2.634514e+02
1.000000e+02, 2.640226e+02
1.000000e+02, 2.645968e+02
1.000000e+02, 2.651740e+02
1.000000e+02, 2.657541e+02
1.000000e+02, 2.663373e+02
1.000000e+02, 2.669236e+02
1.000000e+02, 2.675128e+02
1.000000e+02, 2.681052e+02
1.000000e+02, 2.687006e+02
1.000000e+02, 2.692992e+02
1.000000e+02, 2.699008e+02
1.000000e+02, 2.705056e+02
1.000000e+02, 2.711136e+02
1.000000e+02, 2.717247e+02
1.000000e+02, 2.723391e+02
1.000000e+02, 2.729566e+02
1.000000e+02, 2.735774e+02
1.000000e+02, 2.742014e+02
1.000000e+02, 2.748287e+02
1.000000e+02, 2.754593e+02
1.000000e+02, 2.760933e+02
1.000000e+02, 2.767305e+02
1.000000e+02, 2.773711e+02
1.000000e+02, 2.780151e+02
1.000000e+02, 2.786625e+02
1.000000e+02, 2.793134e+02
1.000000e+02, 2.799676e+02
1.000000e+02, 2.806254e+02
1.000000e+02, 2.812866e+02
1.000000e+02, 2.819513e+02
1.000000e+02, 2.826196e+02
1.000000e+02, 2.832914e+02
1.000000e+02, 2.839669e+02
1.000000e+02, 2.846459e+02
1.000000e+02, 2.853286e+02
1.000000e+02, 2.860149e+02
1.000000e+02, 2.867049e+02
1.000000e+02, 2.873987e+02
1.000000e+02, 2.880962e+02
1.000000e+02, 2.887974e+02
1.000000e+02, 2.895024e+02
1.000000e+02, 2.902113e+02
1.000000e+02, 2.909240e+02
1.000000e+02, 2.916406e+02
1.000000e+02, 2.923611e+02
1.000000e+02, 2.930856e+02
1.000000e+02, 2.938140e+02
1.000000e+02, 2.945464e+02
1.000000e+02, 2.952828e+02
1.000000e+02, 2.960233e+02
1.000000e+02, 2.967679e+02
1.000000e+02, 2.975166e+02
1.000000e+02, 2.982695e+02
1.000000e+02, 2.990265e+02
1.000000e+02, 2.997878e+02
1.000000e+02, 3.005534e+02
1.000000e+02, 3.013232e+02
1.000000e+02, 3.020974e+02
1.000000e+02, 3.028760e+02
1.000000e+02, 3.036589e+02
1.000000e+02, 3.044463e+02
1.000000e+02, 3.052382e+02
1.000000e+02, 3.060346e+02
1.000000e+02, 3.068356e+02
1.000000e+02, 3.076412e+02
1.000000e+02, 3.084514e+02
1.000000e+02, 3.092663e+02
1.000000e+02, 3.100859e+02
1.000000e+02, 3.109103e+02
1.000000e+02, 3.117395e+02
1.000000e+02, 3.125735e+02
1.000000e+02, 3.134125e+02
1.000000e+02, 3.142564e+02
1.000000e+02, 3.151053e+02
1.000000e+02, 3.159593e+02
1.000000e+02, 3.168184e+02
1.000000e+02, 3.176826e+02
1.000000e+02, 3.185520e+02
1.000000e+02, 3.194267e+02
1.000000e+02, 3.203066e+02
1.000000e+02, 3.211920e+02
1.000000e+02, 3.220827e+02
1.000000e+02, 3.229789e+02
1.000000e+02, 3.238807e+02
1.000000e+02, 3.247880e+02
1.000000e+02, 3.257010e+02
1.000000e+02, 3.266196e+02
1.000000e+02, 3.275441e+02
1.000000e+02, 3.284744e+02
1.000000e+02, 3.294106e+02
1.000000e+02, 3.303527e+02
1.000000e+02, 3.313009e+02
1.000000e+02, 3.322552e+02
1.000000e+02, 3.332157e+02
1.000000e+02, 3.341824e+02
1.000000e+02, 3.351555e+02
1.000000e+02, 3.361349e+02
1.000000e+02, 3.371209e+02
1.000000e+02, 3.381134e+02
1.000000e+02, 3.391125e+02
1.000000e+02, 3.401183e+02
1.000000e+02, 3.411310e+02
1.000000e+02, 3.421505e+02
1.000000e+02, 3.431771e+02
1.000000e+02, 3.442107e+02
1.000000e+02, 3.452514e+02
1.000000e+02, 3.462995e+02
1.000000e+02, 3.473549e+02
1.000000e+02, 3.484178e+02
1.000000e+02, 3.494882e+02
1.000000e+02, 3.505664e+02
1.000000e+02, 3.516523e+02
1.000000e+02, 3.527461e+02
1.000000e+02, 3.538479e+02
1.000000e+02, 3.549579e+02
1.000000e+02, 3.560761e+02
1.000000e+02, 3.572026e+02
1.000000e+02, 3.583377e+02
1.000000e+02, 3.594815e+02
1.000000e+02, 6.339826e-01
1.000000e+02, 1.795406e+00
1.000000e+02, 2.965889e+00
1.000000e+02, 4.145578e+00
1.000000e+02, 5.334628e+00
1.000000e+02, 6.533195e+00
1.000000e+02, 7.741441e+00
1.000000e+02, 8.959534e+00
1.000000e+02, 1.018765e+01
1.000000e+02, 1.142596e+01
1.000000e+02, 1.267465e+01
1.000000e+02, 1.393391e+01
1.000000e+02, 1.520394e+01
1.000000e+02, 1.648493e+01
1.000000e+02, 1.777711e+01
1.000000e+02, 1.908069e+01
1.000000e+02, 2.039588e+01
1.000000e+02, 2.172294e+01
1.000000e+02, 2.306208e+01
1.000000e+02, 2.441357e+01
1.000000e+02, 2.577767e+01
1.000000e+02, 2.715464e+01
1.000000e+02, 2.854477e+01
1.000000e+02, 2.994834e+01
1.000000e+02, 3.136565e+01
1.000000e+02, 3.279703e+01
1.000000e+02, 3.424279e+01
1.000000e+02, 3.570329e+01
1.000000e+02, 3.717887e+01
1.000000e+02, 3.866990e+01
1.000000e+02, 4.017678e+01
1.000000e+02, 4.169990e+01
1.000000e+02, 4.323970e+01
1.000000e+02, 4.479661e+01
1.000000e+02, 4.637109e+01
1.000000e+02, 4.796364e+01
1.000000e+02, 4.957476e+01
1.000000e+02, 5.120499e+01
1.000000e+02, 5.285489e+01
1.000000e+02, 5.452505e+01
1.000000e+02, 5.621611e+01
1.000000e+02, 5.792872e+01
1.000000e+02, 5.966357e+01
1.000000e+02, 6.142140e+01
1.000000e+02, 6.320299e+01
1.000000e+02, 6.500917e+01
1.000000e+02, 6.684082e+01
1.000000e+02, 6.869886e+01
1.000000e+02, 7.058429e+01
1.000000e+02, 7.249817e+01
1.000000e+02, 7.444163e+01
1.000000e+02, 7.641589e+01
1.000000e+02, 7.842224e+01
1.000000e+02, 8.046208e+01
1.000000e+02, 8.253692e+01
1.000000e+02, 8.464837e+01
1.000000e+02, 8.679821e+01
1.000000e+02, 8.898834e+01
1.000000e+02, 9.122083e+01
1.000000e+02, 9.349795e+01
1.000000e+02, 9.582219e+01
1.000000e+02, 9.819626e+01
1.000000e+02, 1.006232e+02
1.000000e+02, 1.031063e+02
1.000000e+02, 1.056492e+02
1.000000e+02, 1.082562e+02
1.000000e+02, 1.109319e+02
1.000000e+02, 1.136814e+02
1.000000e+02, 1.165108e+02
1.000000e+02, 1.194270e+02
1.000000e+02, 1.224377e+02
1.000000e+02, 1.255522e+02
1.000000e+02, 1.287813e+02
1.000000e+02, 1.321378e+02
1.000000e+02, 1.356372e+02
1.000000e+02, 1.392984e+02
1.000000e+02, 1.431449e+02
1.000000e+02, 1.472068e+02
1.000000e+02, 1.515233e+02
1.000000e+02, 1.561473e+02
1.000000e+02, 1.611534e+02
1.000000e+02, 1.666529e+02
1.000000e+02, 1.728254e+02
1.000000e+02, 1.800000e+02
##END= 