##TITLE= /opt/topspin3.0/exp/stan/nmr/lists/wave/user/HypSec_trunc2.84_110
##JCAMP-DX= 5.00 Bruker JCAMP library
##DATA TYPE= Shape Data
##ORIGIN= Bruker BioSpin GmbH
##OWNER= <nmrsu>
##DATE= 15/02/24
##TIME= 16:15:04
##MINX= 1.164538e+01
##MAXX= 9.999960e+01
##MINY= 2.546774e-02
##MAXY= 3.585574e+02
##$SHAPE_EXMODE= Adiabatic
##$SHAPE_TOTROT= 1.800000e+02
##$SHAPE_BWFAC= 1.929340e+02
##$SHAPE_INTEGFAC= 2.356110e-02
##$SHAPE_MODE= 0
##NPOINTS= 1000
##XYPOINTS= (XY..XY)
1.000000e+02, 1.800000e+02
1.000000e+02, 1.706664e+02
1.000000e+02, 1.626364e+02
1.000000e+02, 1.554820e+02
1.000000e+02, 1.489694e+02
1.000000e+02, 1.429539e+02
1.000000e+02, 1.373385e+02
1.000000e+02, 1.320543e+02
1.000000e+02, 1.270502e+02
1.000000e+02, 1.222873e+02
1.000000e+02, 1.177349e+02
1.000000e+02, 1.133683e+02
1.000000e+02, 1.091675e+02
1.000000e+02, 1.051157e+02
1.000000e+02, 1.011990e+02
1.000000e+02, 9.740530e+01
1.000000e+02, 9.372442e+01
1.000000e+02, 9.014746e+01
1.000000e+02, 8.666665e+01
1.000000e+02, 8.327516e+01
1.000000e+02, 7.996694e+01
1.000000e+02, 7.673663e+01
1.000000e+02, 7.357939e+01
1.000000e+02, 7.049089e+01
1.000000e+02, 6.746724e+01
1.000000e+02, 6.450487e+01
1.000000e+02, 6.160056e+01
1.000000e+02, 5.875137e+01
1.000000e+02, 5.595459e+01
1.000000e+02, 5.320774e+01
1.000000e+02, 5.050853e+01
1.000000e+02, 4.785485e+01
1.000000e+02, 4.524474e+01
1.000000e+02, 4.267638e+01
1.000000e+02, 4.014808e+01
1.000000e+02, 3.765826e+01
1.000000e+02, 3.520545e+01
1.000000e+02, 3.278828e+01
1.000000e+02, 3.040545e+01
1.000000e+02, 2.805574e+01
1.000000e+02, 2.573802e+01
1.000000e+02, 2.345121e+01
1.000000e+02, 2.119430e+01
1.000000e+02, 1.896632e+01
1.000000e+02, 1.676638e+01
1.000000e+02, 1.459362e+01
1.000000e+02, 1.244722e+01
1.000000e+02, 1.032641e+01
1.000000e+02, 8.230466e+00
1.000000e+02, 6.158680e+00
1.000000e+02, 4.110393e+00
1.000000e+02, 2.084972e+00
1.000000e+02, 8.181364e-02
1.000000e+02, 3.581003e+02
1.000000e+02, 3.561400e+02
1.000000e+02, 3.542003e+02
1.000000e+02, 3.522807e+02
1.000000e+02, 3.503807e+02
1.000000e+02, 3.484998e+02
1.000000e+02, 3.466377e+02
1.000000e+02, 3.447939e+02
1.000000e+02, 3.429680e+02
1.000000e+02, 3.411595e+02
1.000000e+02, 3.393682e+02
1.000000e+02, 3.375936e+02
1.000000e+02, 3.358354e+02
1.000000e+02, 3.340933e+02
1.000000e+02, 3.323669e+02
1.000000e+02, 3.306559e+02
1.000000e+02, 3.289600e+02
1.000000e+02, 3.272790e+02
1.000000e+02, 3.256125e+02
1.000000e+02, 3.239603e+02
1.000000e+02, 3.223221e+02
1.000000e+02, 3.206977e+02
1.000000e+02, 3.190867e+02
1.000000e+02, 3.174890e+02
1.000000e+02, 3.159044e+02
1.000000e+02, 3.143325e+02
1.000000e+02, 3.127733e+02
1.000000e+02, 3.112264e+02
1.000000e+02, 3.096917e+02
1.000000e+02, 3.081690e+02
1.000000e+02, 3.066581e+02
1.000000e+02, 3.051588e+02
1.000000e+02, 3.036709e+02
1.000000e+02, 3.021942e+02
1.000000e+02, 3.007286e+02
1.000000e+02, 2.992739e+02
1.000000e+02, 2.978299e+02
1.000000e+02, 2.963965e+02
1.000000e+02, 2.949735e+02
1.000000e+02, 2.935609e+02
1.000000e+02, 2.921583e+02
1.000000e+02, 2.907657e+02
1.000000e+02, 2.893830e+02
1.000000e+02, 2.880100e+02
1.000000e+02, 2.866466e+02
1.000000e+02, 2.852926e+02
1.000000e+02, 2.839479e+02
1.000000e+02, 2.826125e+02
1.000000e+02, 2.812861e+02
1.000000e+02, 2.799687e+02
1.000000e+02, 2.786602e+02
1.000000e+02, 2.773604e+02
1.000000e+02, 2.760693e+02
1.000000e+02, 2.747867e+02
1.000000e+02, 2.735125e+02
1.000000e+02, 2.722466e+02
1.000000e+02, 2.709890e+02
1.000000e+02, 2.697394e+02
1.000000e+02, 2.684980e+02
1.000000e+02, 2.672644e+02
1.000000e+02, 2.660388e+02
1.000000e+02, 2.648208e+02
1.000000e+02, 2.636106e+02
1.000000e+02, 2.624080e+02
1.000000e+02, 2.612128e+02
1.000000e+02, 2.600251e+02
1.000000e+02, 2.588447e+02
1.000000e+02, 2.576716e+02
1.000000e+02, 2.565057e+02
1.000000e+02, 2.553469e+02
1.000000e+02, 2.541952e+02
1.000000e+02, 2.530504e+02
1.000000e+02, 2.519126e+02
1.000000e+02, 2.507815e+02
1.000000e+02, 2.496572e+02
1.000000e+02, 2.485397e+02
1.000000e+02, 2.474287e+02
1.000000e+02, 2.463243e+02
1.000000e+02, 2.452265e+02
1.000000e+02, 2.441350e+02
1.000000e+02, 2.430500e+02
1.000000e+02, 2.419712e+02
1.000000e+02, 2.408988e+02
1.000000e+02, 2.398325e+02
1.000000e+02, 2.387724e+02
1.000000e+02, 2.377184e+02
1.000000e+02, 2.366704e+02
1.000000e+02, 2.356284e+02
1.000000e+02, 2.345923e+02
1.000000e+02, 2.335621e+02
1.000000e+02, 2.325378e+02
1.000000e+02, 2.315192e+02
1.000000e+02, 2.305064e+02
1.000000e+02, 2.294992e+02
1.000000e+02, 2.284977e+02
1.000000e+02, 2.275018e+02
1.000000e+02, 2.265114e+02
1.000000e+02, 2.255265e+02
1.000000e+02, 2.245471e+02
1.000000e+02, 2.235730e+02
1.000000e+02, 2.226044e+02
1.000000e+02, 2.216410e+02
1.000000e+02, 2.206830e+02
1.000000e+02, 2.197302e+02
1.000000e+02, 2.187826e+02
1.000000e+02, 2.178401e+02
1.000000e+02, 2.169028e+02
1.000000e+02, 2.159706e+02
1.000000e+02, 2.150434e+02
1.000000e+02, 2.141212e+02
1.000000e+02, 2.132040e+02
1.000000e+02, 2.122918e+02
1.000000e+02, 2.113844e+02
1.000000e+02, 2.104819e+02
1.000000e+02, 2.095842e+02
1.000000e+02, 2.086913e+02
1.000000e+02, 2.078032e+02
1.000000e+02, 2.069199e+02
1.000000e+02, 2.060412e+02
1.000000e+02, 2.051672e+02
1.000000e+02, 2.042978e+02
1.000000e+02, 2.034330e+02
1.000000e+02, 2.025728e+02
1.000000e+02, 2.017171e+02
1.000000e+02, 2.008660e+02
1.000000e+02, 2.000193e+02
1.000000e+02, 1.991771e+02
1.000000e+02, 1.983393e+02
1.000000e+02, 1.975059e+02
1.000000e+02, 1.966769e+02
1.000000e+02, 1.958522e+02
1.000000e+02, 1.950318e+02
1.000000e+02, 1.942157e+02
1.000000e+02, 1.934039e+02
1.000000e+02, 1.925963e+02
1.000000e+02, 1.917929e+02
1.000000e+02, 1.909937e+02
1.000000e+02, 1.901987e+02
1.000000e+02, 1.894078e+02
1.000000e+02, 1.886210e+02
1.000000e+02, 1.878383e+02
1.000000e+02, 1.870596e+02
1.000000e+02, 1.862850e+02
1.000000e+02, 1.855144e+02
1.000000e+02, 1.847478e+02
1.000000e+02, 1.839851e+02
1.000000e+02, 1.832264e+02
1.000000e+02, 1.824717e+02
1.000000e+02, 1.817208e+02
1.000000e+02, 1.809738e+02
1.000000e+02, 1.802307e+02
1.000000e+02, 1.794914e+02
1.000000e+02, 1.787559e+02
1.000000e+02, 1.780243e+02
1.000000e+02, 1.772964e+02
1.000000e+02, 1.765722e+02
1.000000e+02, 1.758518e+02
1.000000e+02, 1.751352e+02
1.000000e+02, 1.744222e+02
1.000000e+02, 1.737129e+02
1.000000e+02, 1.730073e+02
1.000000e+02, 1.723053e+02
1.000000e+02, 1.716069e+02
1.000000e+02, 1.709121e+02
1.000000e+02, 1.702210e+02
1.000000e+02, 1.695334e+02
1.000000e+02, 1.688493e+02
1.000000e+02, 1.681688e+02
1.000000e+02, 1.674918e+02
1.000000e+02, 1.668183e+02
1.000000e+02, 1.661483e+02
1.000000e+02, 1.654818e+02
1.000000e+02, 1.648187e+02
1.000000e+02, 1.641591e+02
1.000000e+02, 1.635029e+02
1.000000e+02, 1.628501e+02
1.000000e+02, 1.622006e+02
1.000000e+02, 1.615546e+02
1.000000e+02, 1.609119e+02
1.000000e+02, 1.602725e+02
1.000000e+02, 1.596365e+02
1.000000e+02, 1.590038e+02
1.000000e+02, 1.583744e+02
1.000000e+02, 1.577483e+02
1.000000e+02, 1.571255e+02
1.000000e+02, 1.565059e+02
1.000000e+02, 1.558895e+02
1.000000e+02, 1.552764e+02
1.000000e+02, 1.546665e+02
1.000000e+02, 1.540598e+02
1.000000e+02, 1.534563e+02
1.000000e+02, 1.528560e+02
1.000000e+02, 1.522588e+02
1.000000e+02, 1.516648e+02
1.000000e+02, 1.510739e+02
1.000000e+02, 1.504861e+02
1.000000e+02, 1.499015e+02
1.000000e+02, 1.493199e+02
1.000000e+02, 1.487415e+02
1.000000e+02, 1.481661e+02
1.000000e+02, 1.475938e+02
1.000000e+02, 1.470245e+02
1.000000e+02, 1.464583e+02
1.000000e+02, 1.458951e+02
1.000000e+02, 1.453349e+02
1.000000e+02, 1.447777e+02
1.000000e+02, 1.442235e+02
1.000000e+02, 1.436723e+02
1.000000e+02, 1.431241e+02
1.000000e+02, 1.425788e+02
1.000000e+02, 1.420365e+02
1.000000e+02, 1.414971e+02
1.000000e+02, 1.409606e+02
1.000000e+02, 1.404271e+02
1.000000e+02, 1.398965e+02
1.000000e+02, 1.393687e+02
1.000000e+02, 1.388439e+02
1.000000e+02, 1.383219e+02
1.000000e+02, 1.378028e+02
1.000000e+02, 1.372866e+02
1.000000e+02, 1.367732e+02
1.000000e+02, 1.362627e+02
1.000000e+02, 1.357549e+02
1.000000e+02, 1.352500e+02
1.000000e+02, 1.347479e+02
1.000000e+02, 1.342486e+02
1.000000e+02, 1.337521e+02
1.000000e+02, 1.332584e+02
1.000000e+02, 1.327674e+02
1.000000e+02, 1.322793e+02
1.000000e+02, 1.317938e+02
1.000000e+02, 1.313111e+02
1.000000e+02, 1.308312e+02
1.000000e+02, 1.303540e+02
1.000000e+02, 1.298795e+02
1.000000e+02, 1.294077e+02
1.000000e+02, 1.289386e+02
1.000000e+02, 1.284723e+02
1.000000e+02, 1.280086e+02
1.000000e+02, 1.275475e+02
1.000000e+02, 1.270892e+02
1.000000e+02, 1.266335e+02
1.000000e+02, 1.261805e+02
1.000000e+02, 1.257301e+02
1.000000e+02, 1.252824e+02
1.000000e+02, 1.248373e+02
1.000000e+02, 1.243948e+02
1.000000e+02, 1.239550e+02
1.000000e+02, 1.235177e+02
1.000000e+02, 1.230831e+02
1.000000e+02, 1.226510e+02
1.000000e+02, 1.222216e+02
1.000000e+02, 1.217947e+02
1.000000e+02, 1.213704e+02
1.000000e+02, 1.209487e+02
1.000000e+02, 1.205295e+02
1.000000e+02, 1.201129e+02
1.000000e+02, 1.196988e+02
1.000000e+02, 1.192873e+02
1.000000e+02, 1.188783e+02
1.000000e+02, 1.184718e+02
1.000000e+02, 1.180678e+02
1.000000e+02, 1.176664e+02
1.000000e+02, 1.172675e+02
1.000000e+02, 1.168711e+02
1.000000e+02, 1.164771e+02
1.000000e+02, 1.160857e+02
1.000000e+02, 1.156967e+02
1.000000e+02, 1.153102e+02
1.000000e+02, 1.149262e+02
1.000000e+02, 1.145447e+02
1.000000e+02, 1.141656e+02
1.000000e+02, 1.137889e+02
1.000000e+02, 1.134148e+02
1.000000e+02, 1.130430e+02
1.000000e+02, 1.126737e+02
1.000000e+02, 1.123068e+02
1.000000e+02, 1.119424e+02
1.000000e+02, 1.115803e+02
1.000000e+02, 1.112207e+02
1.000000e+02, 1.108635e+02
1.000000e+02, 1.105087e+02
1.000000e+02, 1.101562e+02
1.000000e+02, 1.098062e+02
1.000000e+02, 1.094586e+02
1.000000e+02, 1.091133e+02
1.000000e+02, 1.087704e+02
1.000000e+02, 1.084299e+02
1.000000e+02, 1.080918e+02
1.000000e+02, 1.077560e+02
1.000000e+02, 1.074226e+02
1.000000e+02, 1.070915e+02
1.000000e+02, 1.067628e+02
1.000000e+02, 1.064364e+02
1.000000e+02, 1.061123e+02
1.000000e+02, 1.057906e+02
1.000000e+02, 1.054712e+02
1.000000e+02, 1.051542e+02
1.000000e+02, 1.048394e+02
1.000000e+02, 1.045270e+02
1.000000e+02, 1.042169e+02
1.000000e+02, 1.039090e+02
1.000000e+02, 1.036035e+02
1.000000e+02, 1.033003e+02
1.000000e+02, 1.029994e+02
1.000000e+02, 1.027007e+02
1.000000e+02, 1.024044e+02
1.000000e+02, 1.021103e+02
1.000000e+02, 1.018185e+02
1.000000e+02, 1.015290e+02
1.000000e+02, 1.012417e+02
1.000000e+02, 1.009567e+02
1.000000e+02, 1.006740e+02
1.000000e+02, 1.003935e+02
1.000000e+02, 1.001153e+02
1.000000e+02, 9.983929e+01
1.000000e+02, 9.956555e+01
1.000000e+02, 9.929406e+01
1.000000e+02, 9.902480e+01
1.000000e+02, 9.875777e+01
1.000000e+02, 9.849297e+01
1.000000e+02, 9.823040e+01
1.000000e+02, 9.797005e+01
1.000000e+02, 9.771192e+01
1.000000e+02, 9.745600e+01
1.000000e+02, 9.720230e+01
1.000000e+02, 9.695080e+01
1.000000e+02, 9.670151e+01
1.000000e+02, 9.645442e+01
1.000000e+02, 9.620953e+01
1.000000e+02, 9.596683e+01
1.000000e+02, 9.572633e+01
1.000000e+02, 9.548802e+01
1.000000e+02, 9.525189e+01
1.000000e+02, 9.501794e+01
1.000000e+02, 9.478617e+01
1.000000e+02, 9.455658e+01
1.000000e+02, 9.432916e+01
1.000000e+02, 9.410391e+01
1.000000e+02, 9.388083e+01
1.000000e+02, 9.365991e+01
1.000000e+02, 9.344116e+01
1.000000e+02, 9.322456e+01
1.000000e+02, 9.301012e+01
1.000000e+02, 9.279783e+01
1.000000e+02, 9.258770e+01
1.000000e+02, 9.237971e+01
1.000000e+02, 9.217386e+01
1.000000e+02, 9.197016e+01
1.000000e+02, 9.176859e+01
1.000000e+02, 9.156917e+01
1.000000e+02, 9.137188e+01
1.000000e+02, 9.117672e+01
1.000000e+02, 9.098369e+01
1.000000e+02, 9.079278e+01
1.000000e+02, 9.060400e+01
1.000000e+02, 9.041734e+01
1.000000e+02, 9.023281e+01
1.000000e+02, 9.005039e+01
1.000000e+02, 8.987008e+01
1.000000e+02, 8.969189e+01
1.000000e+02, 8.951581e+01
1.000000e+02, 8.934183e+01
1.000000e+02, 8.916997e+01
1.000000e+02, 8.900020e+01
1.000000e+02, 8.883254e+01
1.000000e+02, 8.866698e+01
1.000000e+02, 8.850351e+01
1.000000e+02, 8.834214e+01
1.000000e+02, 8.818287e+01
1.000000e+02, 8.802568e+01
1.000000e+02, 8.787059e+01
1.000000e+02, 8.771758e+01
1.000000e+02, 8.756666e+01
1.000000e+02, 8.741782e+01
1.000000e+02, 8.727107e+01
1.000000e+02, 8.712639e+01
1.000000e+02, 8.698380e+01
1.000000e+02, 8.684328e+01
1.000000e+02, 8.670483e+01
1.000000e+02, 8.656846e+01
1.000000e+02, 8.643416e+01
1.000000e+02, 8.630193e+01
1.000000e+02, 8.617176e+01
1.000000e+02, 8.604367e+01
1.000000e+02, 8.591764e+01
1.000000e+02, 8.579367e+01
1.000000e+02, 8.567176e+01
1.000000e+02, 8.555192e+01
1.000000e+02, 8.543413e+01
1.000000e+02, 8.531840e+01
1.000000e+02, 8.520473e+01
1.000000e+02, 8.509311e+01
1.000000e+02, 8.498355e+01
1.000000e+02, 8.487604e+01
1.000000e+02, 8.477058e+01
1.000000e+02, 8.466716e+01
1.000000e+02, 8.456580e+01
1.000000e+02, 8.446648e+01
1.000000e+02, 8.436921e+01
1.000000e+02, 8.427399e+01
1.000000e+02, 8.418080e+01
1.000000e+02, 8.408966e+01
1.000000e+02, 8.400056e+01
1.000000e+02, 8.391350e+01
1.000000e+02, 8.382848e+01
1.000000e+02, 8.374550e+01
1.000000e+02, 8.366456e+01
1.000000e+02, 8.358565e+01
1.000000e+02, 8.350877e+01
1.000000e+02, 8.343393e+01
1.000000e+02, 8.336113e+01
1.000000e+02, 8.329035e+01
1.000000e+02, 8.322161e+01
1.000000e+02, 8.315490e+01
1.000000e+02, 8.309022e+01
1.000000e+02, 8.302756e+01
1.000000e+02, 8.296694e+01
1.000000e+02, 8.290834e+01
1.000000e+02, 8.285177e+01
1.000000e+02, 8.279723e+01
1.000000e+02, 8.274471e+01
1.000000e+02, 8.269422e+01
1.000000e+02, 8.264575e+01
1.000000e+02, 8.259931e+01
1.000000e+02, 8.255489e+01
1.000000e+02, 8.251249e+01
1.000000e+02, 8.247211e+01
1.000000e+02, 8.243376e+01
1.000000e+02, 8.239743e+01
1.000000e+02, 8.236311e+01
1.000000e+02, 8.233082e+01
1.000000e+02, 8.230055e+01
1.000000e+02, 8.227230e+01
1.000000e+02, 8.224607e+01
1.000000e+02, 8.222185e+01
1.000000e+02, 8.219966e+01
1.000000e+02, 8.217948e+01
1.000000e+02, 8.216133e+01
1.000000e+02, 8.214519e+01
1.000000e+02, 8.213107e+01
1.000000e+02, 8.211896e+01
1.000000e+02, 8.210887e+01
1.000000e+02, 8.210081e+01
1.000000e+02, 8.209475e+01
1.000000e+02, 8.209072e+01
1.000000e+02, 8.208870e+01
1.000000e+02, 8.208870e+01
1.000000e+02, 8.209072e+01
1.000000e+02, 8.209475e+01
1.000000e+02, 8.210081e+01
1.000000e+02, 8.210887e+01
1.000000e+02, 8.211896e+01
1.000000e+02, 8.213107e+01
1.000000e+02, 8.214519e+01
1.000000e+02, 8.216133e+01
1.000000e+02, 8.217948e+01
1.000000e+02, 8.219966e+01
1.000000e+02, 8.222185e+01
1.000000e+02, 8.224607e+01
1.000000e+02, 8.227230e+01
1.000000e+02, 8.230055e+01
1.000000e+02, 8.233082e+01
1.000000e+02, 8.236311e+01
1.000000e+02, 8.239743e+01
1.000000e+02, 8.243376e+01
1.000000e+02, 8.247211e+01
1.000000e+02, 8.251249e+01
1.000000e+02, 8.255489e+01
1.000000e+02, 8.259931e+01
1.000000e+02, 8.264575e+01
1.000000e+02, 8.269422e+01
1.000000e+02, 8.274471e+01
1.000000e+02, 8.279723e+01
1.000000e+02, 8.285177e+01
1.000000e+02, 8.290834e+01
1.000000e+02, 8.296694e+01
1.000000e+02, 8.302757e+01
1.000000e+02, 8.309022e+01
1.000000e+02, 8.315490e+01
1.000000e+02, 8.322161e+01
1.000000e+02, 8.329035e+01
1.000000e+02, 8.336113e+01
1.000000e+02, 8.343393e+01
1.000000e+02, 8.350877e+01
1.000000e+02, 8.358565e+01
1.000000e+02, 8.366456e+01
1.000000e+02, 8.374550e+01
1.000000e+02, 8.382848e+01
1.000000e+02, 8.391350e+01
1.000000e+02, 8.400056e+01
1.000000e+02, 8.408966e+01
1.000000e+02, 8.418080e+01
1.000000e+02, 8.427399e+01
1.000000e+02, 8.436921e+01
1.000000e+02, 8.446648e+01
1.000000e+02, 8.456580e+01
1.000000e+02, 8.466717e+01
1.000000e+02, 8.477058e+01
1.000000e+02, 8.487604e+01
1.000000e+02, 8.498355e+01
1.000000e+02, 8.509312e+01
1.000000e+02, 8.520473e+01
1.000000e+02, 8.531841e+01
1.000000e+02, 8.543413e+01
1.000000e+02, 8.555192e+01
1.000000e+02, 8.567177e+01
1.000000e+02, 8.579367e+01
1.000000e+02, 8.591764e+01
1.000000e+02, 8.604367e+01
1.000000e+02, 8.617177e+01
1.000000e+02, 8.630193e+01
1.000000e+02, 8.643416e+01
1.000000e+02, 8.656846e+01
1.000000e+02, 8.670483e+01
1.000000e+02, 8.684328e+01
1.000000e+02, 8.698380e+01
1.000000e+02, 8.712639e+01
1.000000e+02, 8.727107e+01
1.000000e+02, 8.741782e+01
1.000000e+02, 8.756666e+01
1.000000e+02, 8.771758e+01
1.000000e+02, 8.787059e+01
1.000000e+02, 8.802568e+01
1.000000e+02, 8.818287e+01
1.000000e+02, 8.834214e+01
1.000000e+02, 8.850351e+01
1.000000e+02, 8.866698e+01
1.000000e+02, 8.883254e+01
1.000000e+02, 8.900020e+01
1.000000e+02, 8.916997e+01
1.000000e+02, 8.934183e+01
1.000000e+02, 8.951581e+01
1.000000e+02, 8.969189e+01
1.000000e+02, 8.987008e+01
1.000000e+02, 9.005039e+01
1.000000e+02, 9.023281e+01
1.000000e+02, 9.041735e+01
1.000000e+02, 9.060400e+01
1.000000e+02, 9.079278e+01
1.000000e+02, 9.098369e+01
1.000000e+02, 9.117672e+01
1.000000e+02, 9.137188e+01
1.000000e+02, 9.156917e+01
1.000000e+02, 9.176860e+01
1.000000e+02, 9.197016e+01
1.000000e+02, 9.217386e+01
1.000000e+02, 9.237971e+01
1.000000e+02, 9.258770e+01
1.000000e+02, 9.279783e+01
1.000000e+02, 9.301012e+01
1.000000e+02, 9.322456e+01
1.000000e+02, 9.344116e+01
1.000000e+02, 9.365991e+01
1.000000e+02, 9.388083e+01
1.000000e+02, 9.410391e+01
1.000000e+02, 9.432916e+01
1.000000e+02, 9.455658e+01
1.000000e+02, 9.478617e+01
1.000000e+02, 9.501794e+01
1.000000e+02, 9.525189e+01
1.000000e+02, 9.548802e+01
1.000000e+02, 9.572633e+01
1.000000e+02, 9.596684e+01
1.000000e+02, 9.620953e+01
1.000000e+02, 9.645442e+01
1.000000e+02, 9.670151e+01
1.000000e+02, 9.695080e+01
1.000000e+02, 9.720230e+01
1.000000e+02, 9.745600e+01
1.000000e+02, 9.771192e+01
1.000000e+02, 9.797005e+01
1.000000e+02, 9.823040e+01
1.000000e+02, 9.849297e+01
1.000000e+02, 9.875777e+01
1.000000e+02, 9.902480e+01
1.000000e+02, 9.929406e+01
1.000000e+02, 9.956556e+01
1.000000e+02, 9.983929e+01
1.000000e+02, 1.001153e+02
1.000000e+02, 1.003935e+02
1.000000e+02, 1.006740e+02
1.000000e+02, 1.009567e+02
1.000000e+02, 1.012417e+02
1.000000e+02, 1.015290e+02
1.000000e+02, 1.018185e+02
1.000000e+02, 1.021103e+02
1.000000e+02, 1.024044e+02
1.000000e+02, 1.027007e+02
1.000000e+02, 1.029994e+02
1.000000e+02, 1.033003e+02
1.000000e+02, 1.036035e+02
1.000000e+02, 1.039090e+02
1.000000e+02, 1.042169e+02
1.000000e+02, 1.045270e+02
1.000000e+02, 1.048394e+02
1.000000e+02, 1.051542e+02
1.000000e+02, 1.054712e+02
1.000000e+02, 1.057906e+02
1.000000e+02, 1.061123e+02
1.000000e+02, 1.064364e+02
1.000000e+02, 1.067628e+02
1.000000e+02, 1.070915e+02
1.000000e+02, 1.074226e+02
1.000000e+02, 1.077560e+02
1.000000e+02, 1.080918e+02
1.000000e+02, 1.084299e+02
1.000000e+02, 1.087704e+02
1.000000e+02, 1.091133e+02
1.000000e+02, 1.094586e+02
1.000000e+02, 1.098062e+02
1.000000e+02, 1.101562e+02
1.000000e+02, 1.105087e+02
1.000000e+02, 1.108635e+02
1.000000e+02, 1.112207e+02
1.000000e+02, 1.115803e+02
1.000000e+02, 1.119424e+02
1.000000e+02, 1.123068e+02
1.000000e+02, 1.126737e+02
1.000000e+02, 1.130430e+02
1.000000e+02, 1.134148e+02
1.000000e+02, 1.137889e+02
1.000000e+02, 1.141656e+02
1.000000e+02, 1.145447e+02
1.000000e+02, 1.149262e+02
1.000000e+02, 1.153102e+02
1.000000e+02, 1.156967e+02
1.000000e+02, 1.160857e+02
1.000000e+02, 1.164771e+02
1.000000e+02, 1.168711e+02
1.000000e+02, 1.172675e+02
1.000000e+02, 1.176664e+02
1.000000e+02, 1.180678e+02
1.000000e+02, 1.184718e+02
1.000000e+02, 1.188783e+02
1.000000e+02, 1.192873e+02
1.000000e+02, 1.196988e+02
1.000000e+02, 1.201129e+02
1.000000e+02, 1.205295e+02
1.000000e+02, 1.209487e+02
1.000000e+02, 1.213704e+02
1.000000e+02, 1.217947e+02
1.000000e+02, 1.222216e+02
1.000000e+02, 1.226510e+02
1.000000e+02, 1.230831e+02
1.000000e+02, 1.235177e+02
1.000000e+02, 1.239550e+02
1.000000e+02, 1.243948e+02
1.000000e+02, 1.248373e+02
1.000000e+02, 1.252824e+02
1.000000e+02, 1.257301e+02
1.000000e+02, 1.261805e+02
1.000000e+02, 1.266335e+02
1.000000e+02, 1.270892e+02
1.000000e+02, 1.275475e+02
1.000000e+02, 1.280086e+02
1.000000e+02, 1.284723e+02
1.000000e+02, 1.289386e+02
1.000000e+02, 1.294077e+02
1.000000e+02, 1.298795e+02
1.000000e+02, 1.303540e+02
1.000000e+02, 1.308312e+02
1.000000e+02, 1.313112e+02
1.000000e+02, 1.317938e+02
1.000000e+02, 1.322793e+02
1.000000e+02, 1.327674e+02
1.000000e+02, 1.332584e+02
1.000000e+02, 1.337521e+02
1.000000e+02, 1.342486e+02
1.000000e+02, 1.347479e+02
1.000000e+02, 1.352500e+02
1.000000e+02, 1.357549e+02
1.000000e+02, 1.362627e+02
1.000000e+02, 1.367732e+02
1.000000e+02, 1.372866e+02
1.000000e+02, 1.378028e+02
1.000000e+02, 1.383219e+02
1.000000e+02, 1.388439e+02
1.000000e+02, 1.393687e+02
1.000000e+02, 1.398965e+02
1.000000e+02, 1.404271e+02
1.000000e+02, 1.409606e+02
1.000000e+02, 1.414971e+02
1.000000e+02, 1.420365e+02
1.000000e+02, 1.425788e+02
1.000000e+02, 1.431241e+02
1.000000e+02, 1.436723e+02
1.000000e+02, 1.442235e+02
1.000000e+02, 1.447777e+02
1.000000e+02, 1.453349e+02
1.000000e+02, 1.458951e+02
1.000000e+02, 1.464583e+02
1.000000e+02, 1.470245e+02
1.000000e+02, 1.475938e+02
1.000000e+02, 1.481661e+02
1.000000e+02, 1.487415e+02
1.000000e+02, 1.493199e+02
1.000000e+02, 1.499015e+02
1.000000e+02, 1.504861e+02
1.000000e+02, 1.510739e+02
1.000000e+02, 1.516648e+02
1.000000e+02, 1.522588e+02
1.000000e+02, 1.528560e+02
1.000000e+02, 1.534563e+02
1.000000e+02, 1.540598e+02
1.000000e+02, 1.546665e+02
1.000000e+02, 1.552764e+02
1.000000e+02, 1.558895e+02
1.000000e+02, 1.565059e+02
1.000000e+02, 1.571255e+02
1.000000e+02, 1.577483e+02
1.000000e+02, 1.583744e+02
1.000000e+02, 1.590038e+02
1.000000e+02, 1.596365e+02
1.000000e+02, 1.602725e+02
1.000000e+02, 1.609119e+02
1.000000e+02, 1.615546e+02
1.000000e+02, 1.622006e+02
1.000000e+02, 1.628501e+02
1.000000e+02, 1.635029e+02
1.000000e+02, 1.641591e+02
1.000000e+02, 1.648187e+02
1.000000e+02, 1.654818e+02
1.000000e+02, 1.661483e+02
1.000000e+02, 1.668183e+02
1.000000e+02, 1.674918e+02
1.000000e+02, 1.681688e+02
1.000000e+02, 1.688493e+02
1.000000e+02, 1.695334e+02
1.000000e+02, 1.702210e+02
1.000000e+02, 1.709121e+02
1.000000e+02, 1.716069e+02
1.000000e+02, 1.723053e+02
1.000000e+02, 1.730073e+02
1.000000e+02, 1.737129e+02
1.000000e+02, 1.744222e+02
1.000000e+02, 1.751352e+02
1.000000e+02, 1.758519e+02
1.000000e+02, 1.765722e+02
1.000000e+02, 1.772964e+02
1.000000e+02, 1.780243e+02
1.000000e+02, 1.787559e+02
1.000000e+02, 1.794914e+02
1.000000e+02, 1.802307e+02
1.000000e+02, 1.809738e+02
1.000000e+02, 1.817208e+02
1.000000e+02, 1.824717e+02
1.000000e+02, 1.832265e+02
1.000000e+02, 1.839851e+02
1.000000e+02, 1.847478e+02
1.000000e+02, 1.855144e+02
1.000000e+02, 1.862850e+02
1.000000e+02, 1.870596e+02
1.000000e+02, 1.878383e+02
1.000000e+02, 1.886210e+02
1.000000e+02, 1.894078e+02
1.000000e+02, 1.901987e+02
1.000000e+02, 1.909937e+02
1.000000e+02, 1.917929e+02
1.000000e+02, 1.925963e+02
1.000000e+02, 1.934039e+02
1.000000e+02, 1.942157e+02
1.000000e+02, 1.950318e+02
1.000000e+02, 1.958522e+02
1.000000e+02, 1.966769e+02
1.000000e+02, 1.975059e+02
1.000000e+02, 1.983393e+02
1.000000e+02, 1.991771e+02
1.000000e+02, 2.000193e+02
1.000000e+02, 2.008660e+02
1.000000e+02, 2.017171e+02
1.000000e+02, 2.025728e+02
1.000000e+02, 2.034330e+02
1.000000e+02, 2.042978e+02
1.000000e+02, 2.051672e+02
1.000000e+02, 2.060412e+02
1.000000e+02, 2.069199e+02
1.000000e+02, 2.078032e+02
1.000000e+02, 2.086914e+02
1.000000e+02, 2.095842e+02
1.000000e+02, 2.104819e+02
1.000000e+02, 2.113844e+02
1.000000e+02, 2.122918e+02
1.000000e+02, 2.132040e+02
1.000000e+02, 2.141212e+02
1.000000e+02, 2.150434e+02
1.000000e+02, 2.159706e+02
1.000000e+02, 2.169028e+02
1.000000e+02, 2.178401e+02
1.000000e+02, 2.187826e+02
1.000000e+02, 2.197302e+02
1.000000e+02, 2.206830e+02
1.000000e+02, 2.216410e+02
1.000000e+02, 2.226044e+02
1.000000e+02, 2.235730e+02
1.000000e+02, 2.245471e+02
1.000000e+02, 2.255265e+02
1.000000e+02, 2.265114e+02
1.000000e+02, 2.275018e+02
1.000000e+02, 2.284977e+02
1.000000e+02, 2.294992e+02
1.000000e+02, 2.305064e+02
1.000000e+02, 2.315192e+02
1.000000e+02, 2.325378e+02
1.000000e+02, 2.335621e+02
1.000000e+02, 2.345923e+02
1.000000e+02, 2.356284e+02
1.000000e+02, 2.366704e+02
1.000000e+02, 2.377184e+02
1.000000e+02, 2.387724e+02
1.000000e+02, 2.398325e+02
1.000000e+02, 2.408988e+02
1.000000e+02, 2.419712e+02
1.000000e+02, 2.430500e+02
1.000000e+02, 2.441350e+02
1.000000e+02, 2.452265e+02
1.000000e+02, 2.463243e+02
1.000000e+02, 2.474287e+02
1.000000e+02, 2.485397e+02
1.000000e+02, 2.496572e+02
1.000000e+02, 2.507815e+02
1.000000e+02, 2.519126e+02
1.000000e+02, 2.530504e+02
1.000000e+02, 2.541952e+02
1.000000e+02, 2.553470e+02
1.000000e+02, 2.565057e+02
1.000000e+02, 2.576716e+02
1.000000e+02, 2.588447e+02
1.000000e+02, 2.600251e+02
1.000000e+02, 2.612128e+02
1.000000e+02, 2.624080e+02
1.000000e+02, 2.636106e+02
1.000000e+02, 2.648208e+02
1.000000e+02, 2.660388e+02
1.000000e+02, 2.672644e+02
1.000000e+02, 2.684980e+02
1.000000e+02, 2.697395e+02
1.000000e+02, 2.709890e+02
1.000000e+02, 2.722466e+02
1.000000e+02, 2.735125e+02
1.000000e+02, 2.747867e+02
1.000000e+02, 2.760693e+02
1.000000e+02, 2.773604e+02
1.000000e+02, 2.786602e+02
1.000000e+02, 2.799687e+02
1.000000e+02, 2.812861e+02
1.000000e+02, 2.826125e+02
1.000000e+02, 2.839479e+02
1.000000e+02, 2.852926e+02
1.000000e+02, 2.866466e+02
1.000000e+02, 2.880100e+02
1.000000e+02, 2.893830e+02
1.000000e+02, 2.907657e+02
1.000000e+02, 2.921583e+02
1.000000e+02, 2.935609e+02
1.000000e+02, 2.949735e+02
1.000000e+02, 2.963965e+02
1.000000e+02, 2.978299e+02
1.000000e+02, 2.992739e+02
1.000000e+02, 3.007286e+02
1.000000e+02, 3.021942e+02
1.000000e+02, 3.036709e+02
1.000000e+02, 3.051588e+02
1.000000e+02, 3.066581e+02
1.000000e+02, 3.081690e+02
1.000000e+02, 3.096917e+02
1.000000e+02, 3.112264e+02
1.000000e+02, 3.127733e+02
1.000000e+02, 3.143325e+02
1.000000e+02, 3.159044e+02
1.000000e+02, 3.174890e+02
1.000000e+02, 3.190867e+02
1.000000e+02, 3.206977e+02
1.000000e+02, 3.223221e+02
1.000000e+02, 3.239603e+02
1.000000e+02, 3.256125e+02
1.000000e+02, 3.272790e+02
1.000000e+02, 3.289600e+02
1.000000e+02, 3.306559e+02
1.000000e+02, 3.323669e+02
1.000000e+02, 3.340933e+02
1.000000e+02, 3.358354e+02
1.000000e+02, 3.375936e+02
1.000000e+02, 3.393682e+02
1.000000e+02, 3.411595e+02
1.000000e+02, 3.429680e+02
1.000000e+02, 3.447939e+02
1.000000e+02, 3.466377e+02
1.000000e+02, 3.484998e+02
1.000000e+02, 3.503807e+02
1.000000e+02, 3.522807e+02
1.000000e+02, 3.542003e+02
1.000000e+02, 3.561400e+02
1.000000e+02, 3.581003e+02
1.000000e+02, 8.181898e-02
1.000000e+02, 2.084977e+00
1.000000e+02, 4.110399e+00
1.000000e+02, 6.158686e+00
1.000000e+02, 8.230471e+00
1.000000e+02, 1.032642e+01
1.000000e+02, 1.244723e+01
1.000000e+02, 1.459363e+01
1.000000e+02, 1.676639e+01
1.000000e+02, 1.896633e+01
1.000000e+02, 2.119430e+01
1.000000e+02, 2.345121e+01
1.000000e+02, 2.573802e+01
1.000000e+02, 2.805575e+01
1.000000e+02, 3.040545e+01
1.000000e+02, 3.278829e+01
1.000000e+02, 3.520546e+01
1.000000e+02, 3.765827e+01
1.000000e+02, 4.014808e+01
1.000000e+02, 4.267638e+01
1.000000e+02, 4.524474e+01
1.000000e+02, 4.785486e+01
1.000000e+02, 5.050854e+01
1.000000e+02, 5.320775e+01
1.000000e+02, 5.595460e+01
1.000000e+02, 5.875138e+01
1.000000e+02, 6.160057e+01
1.000000e+02, 6.450488e+01
1.000000e+02, 6.746724e+01
1.000000e+02, 7.049090e+01
1.000000e+02, 7.357939e+01
1.000000e+02, 7.673663e+01
1.000000e+02, 7.996695e+01
1.000000e+02, 8.327516e+01
1.000000e+02, 8.666665e+01
1.000000e+02, 9.014746e+01
1.000000e+02, 9.372443e+01
1.000000e+02, 9.740530e+01
1.000000e+02, 1.011990e+02
1.000000e+02, 1.051157e+02
1.000000e+02, 1.091675e+02
1.000000e+02, 1.133683e+02
1.000000e+02, 1.177349e+02
1.000000e+02, 1.222873e+02
1.000000e+02, 1.270502e+02
1.000000e+02, 1.320543e+02
1.000000e+02, 1.373385e+02
1.000000e+02, 1.429539e+02
1.000000e+02, 1.489694e+02
1.000000e+02, 1.554820e+02
1.000000e+02, 1.626364e+02
1.000000e+02, 1.706664e+02
1.000000e+02, 1.800000e+02
##END= 