##TITLE= /opt/topspin3.0/exp/stan/nmr/lists/wave/user/HypSec_trunc2.84_110
##JCAMP-DX= 5.00 Bruker JCAMP library
##DATA TYPE= Shape Data
##ORIGIN= Bruker BioSpin GmbH
##OWNER= <nmrsu>
##DATE= 15/02/24
##TIME= 16:15:04
##MINX= 1.164538e+01
##MAXX= 9.999960e+01
##MINY= 2.546774e-02
##MAXY= 3.585574e+02
##$SHAPE_EXMODE= Adiabatic
##$SHAPE_TOTROT= 1.800000e+02
##$SHAPE_BWFAC= 1.929340e+02
##$SHAPE_INTEGFAC= 2.356110e-02
##$SHAPE_MODE= 0
##NPOINTS= 1000
##XYPOINTS= (XY..XY)
1.000000e+02, 1.800000e+02
1.000000e+02, 1.711314e+02
1.000000e+02, 1.635015e+02
1.000000e+02, 1.567036e+02
1.000000e+02, 1.505154e+02
1.000000e+02, 1.447997e+02
1.000000e+02, 1.394640e+02
1.000000e+02, 1.344430e+02
1.000000e+02, 1.296883e+02
1.000000e+02, 1.251626e+02
1.000000e+02, 1.208370e+02
1.000000e+02, 1.166880e+02
1.000000e+02, 1.126965e+02
1.000000e+02, 1.088466e+02
1.000000e+02, 1.051250e+02
1.000000e+02, 1.015203e+02
1.000000e+02, 9.802285e+01
1.000000e+02, 9.462410e+01
1.000000e+02, 9.131671e+01
1.000000e+02, 8.809419e+01
1.000000e+02, 8.495080e+01
1.000000e+02, 8.188142e+01
1.000000e+02, 7.888148e+01
1.000000e+02, 7.594686e+01
1.000000e+02, 7.307385e+01
1.000000e+02, 7.025908e+01
1.000000e+02, 6.749947e+01
1.000000e+02, 6.479223e+01
1.000000e+02, 6.213479e+01
1.000000e+02, 5.952479e+01
1.000000e+02, 5.696006e+01
1.000000e+02, 5.443859e+01
1.000000e+02, 5.195852e+01
1.000000e+02, 4.951812e+01
1.000000e+02, 4.711579e+01
1.000000e+02, 4.475002e+01
1.000000e+02, 4.241942e+01
1.000000e+02, 4.012267e+01
1.000000e+02, 3.785856e+01
1.000000e+02, 3.562592e+01
1.000000e+02, 3.342367e+01
1.000000e+02, 3.125079e+01
1.000000e+02, 2.910632e+01
1.000000e+02, 2.698935e+01
1.000000e+02, 2.489902e+01
1.000000e+02, 2.283451e+01
1.000000e+02, 2.079505e+01
1.000000e+02, 1.877990e+01
1.000000e+02, 1.678838e+01
1.000000e+02, 1.481981e+01
1.000000e+02, 1.287358e+01
1.000000e+02, 1.094907e+01
1.000000e+02, 9.045709e+00
1.000000e+02, 7.162958e+00
1.000000e+02, 5.300291e+00
1.000000e+02, 3.457207e+00
1.000000e+02, 1.633228e+00
1.000000e+02, 3.598279e+02
1.000000e+02, 3.580408e+02
1.000000e+02, 3.562714e+02
1.000000e+02, 3.545195e+02
1.000000e+02, 3.527845e+02
1.000000e+02, 3.510662e+02
1.000000e+02, 3.493641e+02
1.000000e+02, 3.476779e+02
1.000000e+02, 3.460073e+02
1.000000e+02, 3.443520e+02
1.000000e+02, 3.427116e+02
1.000000e+02, 3.410858e+02
1.000000e+02, 3.394745e+02
1.000000e+02, 3.378772e+02
1.000000e+02, 3.362937e+02
1.000000e+02, 3.347239e+02
1.000000e+02, 3.331673e+02
1.000000e+02, 3.316237e+02
1.000000e+02, 3.300931e+02
1.000000e+02, 3.285750e+02
1.000000e+02, 3.270693e+02
1.000000e+02, 3.255758e+02
1.000000e+02, 3.240942e+02
1.000000e+02, 3.226244e+02
1.000000e+02, 3.211662e+02
1.000000e+02, 3.197193e+02
1.000000e+02, 3.182837e+02
1.000000e+02, 3.168590e+02
1.000000e+02, 3.154453e+02
1.000000e+02, 3.140422e+02
1.000000e+02, 3.126496e+02
1.000000e+02, 3.112673e+02
1.000000e+02, 3.098953e+02
1.000000e+02, 3.085333e+02
1.000000e+02, 3.071813e+02
1.000000e+02, 3.058390e+02
1.000000e+02, 3.045063e+02
1.000000e+02, 3.031831e+02
1.000000e+02, 3.018693e+02
1.000000e+02, 3.005646e+02
1.000000e+02, 2.992691e+02
1.000000e+02, 2.979826e+02
1.000000e+02, 2.967050e+02
1.000000e+02, 2.954361e+02
1.000000e+02, 2.941758e+02
1.000000e+02, 2.929240e+02
1.000000e+02, 2.916807e+02
1.000000e+02, 2.904457e+02
1.000000e+02, 2.892188e+02
1.000000e+02, 2.880001e+02
1.000000e+02, 2.867894e+02
1.000000e+02, 2.855866e+02
1.000000e+02, 2.843916e+02
1.000000e+02, 2.832044e+02
1.000000e+02, 2.820248e+02
1.000000e+02, 2.808527e+02
1.000000e+02, 2.796881e+02
1.000000e+02, 2.785308e+02
1.000000e+02, 2.773809e+02
1.000000e+02, 2.762382e+02
1.000000e+02, 2.751026e+02
1.000000e+02, 2.739740e+02
1.000000e+02, 2.728525e+02
1.000000e+02, 2.717378e+02
1.000000e+02, 2.706300e+02
1.000000e+02, 2.695290e+02
1.000000e+02, 2.684346e+02
1.000000e+02, 2.673469e+02
1.000000e+02, 2.662657e+02
1.000000e+02, 2.651910e+02
1.000000e+02, 2.641227e+02
1.000000e+02, 2.630608e+02
1.000000e+02, 2.620052e+02
1.000000e+02, 2.609559e+02
1.000000e+02, 2.599127e+02
1.000000e+02, 2.588756e+02
1.000000e+02, 2.578446e+02
1.000000e+02, 2.568196e+02
1.000000e+02, 2.558006e+02
1.000000e+02, 2.547875e+02
1.000000e+02, 2.537802e+02
1.000000e+02, 2.527787e+02
1.000000e+02, 2.517829e+02
1.000000e+02, 2.507928e+02
1.000000e+02, 2.498084e+02
1.000000e+02, 2.488295e+02
1.000000e+02, 2.478562e+02
1.000000e+02, 2.468884e+02
1.000000e+02, 2.459260e+02
1.000000e+02, 2.449690e+02
1.000000e+02, 2.440174e+02
1.000000e+02, 2.430711e+02
1.000000e+02, 2.421300e+02
1.000000e+02, 2.411942e+02
1.000000e+02, 2.402636e+02
1.000000e+02, 2.393381e+02
1.000000e+02, 2.384177e+02
1.000000e+02, 2.375023e+02
1.000000e+02, 2.365920e+02
1.000000e+02, 2.356867e+02
1.000000e+02, 2.347863e+02
1.000000e+02, 2.338908e+02
1.000000e+02, 2.330002e+02
1.000000e+02, 2.321144e+02
1.000000e+02, 2.312334e+02
1.000000e+02, 2.303572e+02
1.000000e+02, 2.294857e+02
1.000000e+02, 2.286189e+02
1.000000e+02, 2.277567e+02
1.000000e+02, 2.268992e+02
1.000000e+02, 2.260462e+02
1.000000e+02, 2.251978e+02
1.000000e+02, 2.243540e+02
1.000000e+02, 2.235146e+02
1.000000e+02, 2.226797e+02
1.000000e+02, 2.218492e+02
1.000000e+02, 2.210232e+02
1.000000e+02, 2.202015e+02
1.000000e+02, 2.193841e+02
1.000000e+02, 2.185711e+02
1.000000e+02, 2.177623e+02
1.000000e+02, 2.169579e+02
1.000000e+02, 2.161576e+02
1.000000e+02, 2.153615e+02
1.000000e+02, 2.145697e+02
1.000000e+02, 2.137820e+02
1.000000e+02, 2.129984e+02
1.000000e+02, 2.122189e+02
1.000000e+02, 2.114434e+02
1.000000e+02, 2.106720e+02
1.000000e+02, 2.099047e+02
1.000000e+02, 2.091413e+02
1.000000e+02, 2.083819e+02
1.000000e+02, 2.076265e+02
1.000000e+02, 2.068750e+02
1.000000e+02, 2.061274e+02
1.000000e+02, 2.053837e+02
1.000000e+02, 2.046438e+02
1.000000e+02, 2.039078e+02
1.000000e+02, 2.031756e+02
1.000000e+02, 2.024472e+02
1.000000e+02, 2.017225e+02
1.000000e+02, 2.010016e+02
1.000000e+02, 2.002845e+02
1.000000e+02, 1.995710e+02
1.000000e+02, 1.988612e+02
1.000000e+02, 1.981551e+02
1.000000e+02, 1.974527e+02
1.000000e+02, 1.967539e+02
1.000000e+02, 1.960586e+02
1.000000e+02, 1.953670e+02
1.000000e+02, 1.946790e+02
1.000000e+02, 1.939945e+02
1.000000e+02, 1.933135e+02
1.000000e+02, 1.926360e+02
1.000000e+02, 1.919621e+02
1.000000e+02, 1.912916e+02
1.000000e+02, 1.906246e+02
1.000000e+02, 1.899610e+02
1.000000e+02, 1.893009e+02
1.000000e+02, 1.886441e+02
1.000000e+02, 1.879908e+02
1.000000e+02, 1.873408e+02
1.000000e+02, 1.866942e+02
1.000000e+02, 1.860510e+02
1.000000e+02, 1.854110e+02
1.000000e+02, 1.847744e+02
1.000000e+02, 1.841411e+02
1.000000e+02, 1.835110e+02
1.000000e+02, 1.828843e+02
1.000000e+02, 1.822607e+02
1.000000e+02, 1.816404e+02
1.000000e+02, 1.810234e+02
1.000000e+02, 1.804095e+02
1.000000e+02, 1.797988e+02
1.000000e+02, 1.791913e+02
1.000000e+02, 1.785870e+02
1.000000e+02, 1.779858e+02
1.000000e+02, 1.773878e+02
1.000000e+02, 1.767929e+02
1.000000e+02, 1.762011e+02
1.000000e+02, 1.756123e+02
1.000000e+02, 1.750267e+02
1.000000e+02, 1.744441e+02
1.000000e+02, 1.738646e+02
1.000000e+02, 1.732881e+02
1.000000e+02, 1.727147e+02
1.000000e+02, 1.721443e+02
1.000000e+02, 1.715769e+02
1.000000e+02, 1.710124e+02
1.000000e+02, 1.704510e+02
1.000000e+02, 1.698925e+02
1.000000e+02, 1.693370e+02
1.000000e+02, 1.687844e+02
1.000000e+02, 1.682348e+02
1.000000e+02, 1.676881e+02
1.000000e+02, 1.671443e+02
1.000000e+02, 1.666033e+02
1.000000e+02, 1.660653e+02
1.000000e+02, 1.655302e+02
1.000000e+02, 1.649979e+02
1.000000e+02, 1.644685e+02
1.000000e+02, 1.639419e+02
1.000000e+02, 1.634182e+02
1.000000e+02, 1.628972e+02
1.000000e+02, 1.623791e+02
1.000000e+02, 1.618638e+02
1.000000e+02, 1.613513e+02
1.000000e+02, 1.608416e+02
1.000000e+02, 1.603346e+02
1.000000e+02, 1.598305e+02
1.000000e+02, 1.593290e+02
1.000000e+02, 1.588303e+02
1.000000e+02, 1.583344e+02
1.000000e+02, 1.578411e+02
1.000000e+02, 1.573506e+02
1.000000e+02, 1.568628e+02
1.000000e+02, 1.563777e+02
1.000000e+02, 1.558952e+02
1.000000e+02, 1.554155e+02
1.000000e+02, 1.549384e+02
1.000000e+02, 1.544640e+02
1.000000e+02, 1.539922e+02
1.000000e+02, 1.535231e+02
1.000000e+02, 1.530566e+02
1.000000e+02, 1.525928e+02
1.000000e+02, 1.521315e+02
1.000000e+02, 1.516729e+02
1.000000e+02, 1.512168e+02
1.000000e+02, 1.507634e+02
1.000000e+02, 1.503125e+02
1.000000e+02, 1.498643e+02
1.000000e+02, 1.494186e+02
1.000000e+02, 1.489754e+02
1.000000e+02, 1.485348e+02
1.000000e+02, 1.480968e+02
1.000000e+02, 1.476613e+02
1.000000e+02, 1.472283e+02
1.000000e+02, 1.467978e+02
1.000000e+02, 1.463699e+02
1.000000e+02, 1.459445e+02
1.000000e+02, 1.455216e+02
1.000000e+02, 1.451011e+02
1.000000e+02, 1.446832e+02
1.000000e+02, 1.442677e+02
1.000000e+02, 1.438547e+02
1.000000e+02, 1.434442e+02
1.000000e+02, 1.430362e+02
1.000000e+02, 1.426305e+02
1.000000e+02, 1.422274e+02
1.000000e+02, 1.418267e+02
1.000000e+02, 1.414284e+02
1.000000e+02, 1.410325e+02
1.000000e+02, 1.406391e+02
1.000000e+02, 1.402480e+02
1.000000e+02, 1.398594e+02
1.000000e+02, 1.394732e+02
1.000000e+02, 1.390894e+02
1.000000e+02, 1.387079e+02
1.000000e+02, 1.383289e+02
1.000000e+02, 1.379522e+02
1.000000e+02, 1.375779e+02
1.000000e+02, 1.372060e+02
1.000000e+02, 1.368364e+02
1.000000e+02, 1.364692e+02
1.000000e+02, 1.361043e+02
1.000000e+02, 1.357417e+02
1.000000e+02, 1.353815e+02
1.000000e+02, 1.350237e+02
1.000000e+02, 1.346681e+02
1.000000e+02, 1.343149e+02
1.000000e+02, 1.339640e+02
1.000000e+02, 1.336154e+02
1.000000e+02, 1.332691e+02
1.000000e+02, 1.329251e+02
1.000000e+02, 1.325834e+02
1.000000e+02, 1.322439e+02
1.000000e+02, 1.319068e+02
1.000000e+02, 1.315719e+02
1.000000e+02, 1.312394e+02
1.000000e+02, 1.309090e+02
1.000000e+02, 1.305810e+02
1.000000e+02, 1.302552e+02
1.000000e+02, 1.299316e+02
1.000000e+02, 1.296103e+02
1.000000e+02, 1.292913e+02
1.000000e+02, 1.289745e+02
1.000000e+02, 1.286599e+02
1.000000e+02, 1.283475e+02
1.000000e+02, 1.280374e+02
1.000000e+02, 1.277295e+02
1.000000e+02, 1.274238e+02
1.000000e+02, 1.271203e+02
1.000000e+02, 1.268191e+02
1.000000e+02, 1.265200e+02
1.000000e+02, 1.262231e+02
1.000000e+02, 1.259285e+02
1.000000e+02, 1.256360e+02
1.000000e+02, 1.253457e+02
1.000000e+02, 1.250576e+02
1.000000e+02, 1.247717e+02
1.000000e+02, 1.244879e+02
1.000000e+02, 1.242063e+02
1.000000e+02, 1.239269e+02
1.000000e+02, 1.236496e+02
1.000000e+02, 1.233745e+02
1.000000e+02, 1.231016e+02
1.000000e+02, 1.228308e+02
1.000000e+02, 1.225621e+02
1.000000e+02, 1.222956e+02
1.000000e+02, 1.220312e+02
1.000000e+02, 1.217690e+02
1.000000e+02, 1.215089e+02
1.000000e+02, 1.212509e+02
1.000000e+02, 1.209951e+02
1.000000e+02, 1.207414e+02
1.000000e+02, 1.204898e+02
1.000000e+02, 1.202403e+02
1.000000e+02, 1.199929e+02
1.000000e+02, 1.197476e+02
1.000000e+02, 1.195045e+02
1.000000e+02, 1.192634e+02
1.000000e+02, 1.190244e+02
1.000000e+02, 1.187876e+02
1.000000e+02, 1.185528e+02
1.000000e+02, 1.183201e+02
1.000000e+02, 1.180895e+02
1.000000e+02, 1.178610e+02
1.000000e+02, 1.176345e+02
1.000000e+02, 1.174102e+02
1.000000e+02, 1.171879e+02
1.000000e+02, 1.169676e+02
1.000000e+02, 1.167495e+02
1.000000e+02, 1.165334e+02
1.000000e+02, 1.163194e+02
1.000000e+02, 1.161074e+02
1.000000e+02, 1.158975e+02
1.000000e+02, 1.156896e+02
1.000000e+02, 1.154838e+02
1.000000e+02, 1.152801e+02
1.000000e+02, 1.150784e+02
1.000000e+02, 1.148787e+02
1.000000e+02, 1.146811e+02
1.000000e+02, 1.144855e+02
1.000000e+02, 1.142919e+02
1.000000e+02, 1.141004e+02
1.000000e+02, 1.139109e+02
1.000000e+02, 1.137235e+02
1.000000e+02, 1.135380e+02
1.000000e+02, 1.133546e+02
1.000000e+02, 1.131732e+02
1.000000e+02, 1.129938e+02
1.000000e+02, 1.128165e+02
1.000000e+02, 1.126411e+02
1.000000e+02, 1.124678e+02
1.000000e+02, 1.122965e+02
1.000000e+02, 1.121272e+02
1.000000e+02, 1.119599e+02
1.000000e+02, 1.117946e+02
1.000000e+02, 1.116312e+02
1.000000e+02, 1.114699e+02
1.000000e+02, 1.113106e+02
1.000000e+02, 1.111533e+02
1.000000e+02, 1.109980e+02
1.000000e+02, 1.108447e+02
1.000000e+02, 1.106933e+02
1.000000e+02, 1.105440e+02
1.000000e+02, 1.103966e+02
1.000000e+02, 1.102512e+02
1.000000e+02, 1.101078e+02
1.000000e+02, 1.099664e+02
1.000000e+02, 1.098270e+02
1.000000e+02, 1.096895e+02
1.000000e+02, 1.095540e+02
1.000000e+02, 1.094205e+02
1.000000e+02, 1.092889e+02
1.000000e+02, 1.091594e+02
1.000000e+02, 1.090317e+02
1.000000e+02, 1.089061e+02
1.000000e+02, 1.087824e+02
1.000000e+02, 1.086607e+02
1.000000e+02, 1.085410e+02
1.000000e+02, 1.084232e+02
1.000000e+02, 1.083073e+02
1.000000e+02, 1.081935e+02
1.000000e+02, 1.080815e+02
1.000000e+02, 1.079716e+02
1.000000e+02, 1.078636e+02
1.000000e+02, 1.077575e+02
1.000000e+02, 1.076534e+02
1.000000e+02, 1.075513e+02
1.000000e+02, 1.074510e+02
1.000000e+02, 1.073528e+02
1.000000e+02, 1.072565e+02
1.000000e+02, 1.071621e+02
1.000000e+02, 1.070697e+02
1.000000e+02, 1.069792e+02
1.000000e+02, 1.068907e+02
1.000000e+02, 1.068041e+02
1.000000e+02, 1.067194e+02
1.000000e+02, 1.066367e+02
1.000000e+02, 1.065559e+02
1.000000e+02, 1.064770e+02
1.000000e+02, 1.064001e+02
1.000000e+02, 1.063252e+02
1.000000e+02, 1.062521e+02
1.000000e+02, 1.061810e+02
1.000000e+02, 1.061118e+02
1.000000e+02, 1.060446e+02
1.000000e+02, 1.059793e+02
1.000000e+02, 1.059159e+02
1.000000e+02, 1.058544e+02
1.000000e+02, 1.057949e+02
1.000000e+02, 1.057373e+02
1.000000e+02, 1.056816e+02
1.000000e+02, 1.056278e+02
1.000000e+02, 1.055760e+02
1.000000e+02, 1.055261e+02
1.000000e+02, 1.054781e+02
1.000000e+02, 1.054321e+02
1.000000e+02, 1.053880e+02
1.000000e+02, 1.053457e+02
1.000000e+02, 1.053055e+02
1.000000e+02, 1.052671e+02
1.000000e+02, 1.052307e+02
1.000000e+02, 1.051961e+02
1.000000e+02, 1.051635e+02
1.000000e+02, 1.051328e+02
1.000000e+02, 1.051041e+02
1.000000e+02, 1.050772e+02
1.000000e+02, 1.050523e+02
1.000000e+02, 1.050293e+02
1.000000e+02, 1.050082e+02
1.000000e+02, 1.049890e+02
1.000000e+02, 1.049718e+02
1.000000e+02, 1.049565e+02
1.000000e+02, 1.049430e+02
1.000000e+02, 1.049315e+02
1.000000e+02, 1.049220e+02
1.000000e+02, 1.049143e+02
1.000000e+02, 1.049085e+02
1.000000e+02, 1.049047e+02
1.000000e+02, 1.049028e+02
1.000000e+02, 1.049028e+02
1.000000e+02, 1.049047e+02
1.000000e+02, 1.049085e+02
1.000000e+02, 1.049143e+02
1.000000e+02, 1.049220e+02
1.000000e+02, 1.049315e+02
1.000000e+02, 1.049430e+02
1.000000e+02, 1.049565e+02
1.000000e+02, 1.049718e+02
1.000000e+02, 1.049890e+02
1.000000e+02, 1.050082e+02
1.000000e+02, 1.050293e+02
1.000000e+02, 1.050523e+02
1.000000e+02, 1.050772e+02
1.000000e+02, 1.051041e+02
1.000000e+02, 1.051328e+02
1.000000e+02, 1.051635e+02
1.000000e+02, 1.051961e+02
1.000000e+02, 1.052307e+02
1.000000e+02, 1.052671e+02
1.000000e+02, 1.053055e+02
1.000000e+02, 1.053457e+02
1.000000e+02, 1.053880e+02
1.000000e+02, 1.054321e+02
1.000000e+02, 1.054781e+02
1.000000e+02, 1.055261e+02
1.000000e+02, 1.055760e+02
1.000000e+02, 1.056278e+02
1.000000e+02, 1.056816e+02
1.000000e+02, 1.057373e+02
1.000000e+02, 1.057949e+02
1.000000e+02, 1.058544e+02
1.000000e+02, 1.059159e+02
1.000000e+02, 1.059793e+02
1.000000e+02, 1.060446e+02
1.000000e+02, 1.061118e+02
1.000000e+02, 1.061810e+02
1.000000e+02, 1.062521e+02
1.000000e+02, 1.063252e+02
1.000000e+02, 1.064001e+02
1.000000e+02, 1.064770e+02
1.000000e+02, 1.065559e+02
1.000000e+02, 1.066367e+02
1.000000e+02, 1.067194e+02
1.000000e+02, 1.068041e+02
1.000000e+02, 1.068907e+02
1.000000e+02, 1.069792e+02
1.000000e+02, 1.070697e+02
1.000000e+02, 1.071621e+02
1.000000e+02, 1.072565e+02
1.000000e+02, 1.073528e+02
1.000000e+02, 1.074510e+02
1.000000e+02, 1.075513e+02
1.000000e+02, 1.076534e+02
1.000000e+02, 1.077575e+02
1.000000e+02, 1.078636e+02
1.000000e+02, 1.079716e+02
1.000000e+02, 1.080815e+02
1.000000e+02, 1.081935e+02
1.000000e+02, 1.083073e+02
1.000000e+02, 1.084232e+02
1.000000e+02, 1.085410e+02
1.000000e+02, 1.086607e+02
1.000000e+02, 1.087824e+02
1.000000e+02, 1.089061e+02
1.000000e+02, 1.090317e+02
1.000000e+02, 1.091594e+02
1.000000e+02, 1.092889e+02
1.000000e+02, 1.094205e+02
1.000000e+02, 1.095540e+02
1.000000e+02, 1.096895e+02
1.000000e+02, 1.098270e+02
1.000000e+02, 1.099664e+02
1.000000e+02, 1.101078e+02
1.000000e+02, 1.102512e+02
1.000000e+02, 1.103966e+02
1.000000e+02, 1.105440e+02
1.000000e+02, 1.106933e+02
1.000000e+02, 1.108447e+02
1.000000e+02, 1.109980e+02
1.000000e+02, 1.111533e+02
1.000000e+02, 1.113106e+02
1.000000e+02, 1.114699e+02
1.000000e+02, 1.116312e+02
1.000000e+02, 1.117946e+02
1.000000e+02, 1.119599e+02
1.000000e+02, 1.121272e+02
1.000000e+02, 1.122965e+02
1.000000e+02, 1.124678e+02
1.000000e+02, 1.126411e+02
1.000000e+02, 1.128165e+02
1.000000e+02, 1.129938e+02
1.000000e+02, 1.131732e+02
1.000000e+02, 1.133546e+02
1.000000e+02, 1.135380e+02
1.000000e+02, 1.137235e+02
1.000000e+02, 1.139109e+02
1.000000e+02, 1.141004e+02
1.000000e+02, 1.142919e+02
1.000000e+02, 1.144855e+02
1.000000e+02, 1.146811e+02
1.000000e+02, 1.148787e+02
1.000000e+02, 1.150784e+02
1.000000e+02, 1.152801e+02
1.000000e+02, 1.154838e+02
1.000000e+02, 1.156896e+02
1.000000e+02, 1.158975e+02
1.000000e+02, 1.161074e+02
1.000000e+02, 1.163194e+02
1.000000e+02, 1.165334e+02
1.000000e+02, 1.167495e+02
1.000000e+02, 1.169676e+02
1.000000e+02, 1.171879e+02
1.000000e+02, 1.174102e+02
1.000000e+02, 1.176345e+02
1.000000e+02, 1.178610e+02
1.000000e+02, 1.180895e+02
1.000000e+02, 1.183201e+02
1.000000e+02, 1.185528e+02
1.000000e+02, 1.187876e+02
1.000000e+02, 1.190244e+02
1.000000e+02, 1.192634e+02
1.000000e+02, 1.195045e+02
1.000000e+02, 1.197476e+02
1.000000e+02, 1.199929e+02
1.000000e+02, 1.202403e+02
1.000000e+02, 1.204898e+02
1.000000e+02, 1.207414e+02
1.000000e+02, 1.209951e+02
1.000000e+02, 1.212509e+02
1.000000e+02, 1.215089e+02
1.000000e+02, 1.217690e+02
1.000000e+02, 1.220312e+02
1.000000e+02, 1.222956e+02
1.000000e+02, 1.225621e+02
1.000000e+02, 1.228308e+02
1.000000e+02, 1.231016e+02
1.000000e+02, 1.233745e+02
1.000000e+02, 1.236496e+02
1.000000e+02, 1.239269e+02
1.000000e+02, 1.242063e+02
1.000000e+02, 1.244879e+02
1.000000e+02, 1.247717e+02
1.000000e+02, 1.250576e+02
1.000000e+02, 1.253457e+02
1.000000e+02, 1.256360e+02
1.000000e+02, 1.259285e+02
1.000000e+02, 1.262231e+02
1.000000e+02, 1.265200e+02
1.000000e+02, 1.268191e+02
1.000000e+02, 1.271203e+02
1.000000e+02, 1.274238e+02
1.000000e+02, 1.277295e+02
1.000000e+02, 1.280374e+02
1.000000e+02, 1.283475e+02
1.000000e+02, 1.286599e+02
1.000000e+02, 1.289745e+02
1.000000e+02, 1.292913e+02
1.000000e+02, 1.296103e+02
1.000000e+02, 1.299316e+02
1.000000e+02, 1.302552e+02
1.000000e+02, 1.305810e+02
1.000000e+02, 1.309090e+02
1.000000e+02, 1.312394e+02
1.000000e+02, 1.315719e+02
1.000000e+02, 1.319068e+02
1.000000e+02, 1.322439e+02
1.000000e+02, 1.325834e+02
1.000000e+02, 1.329251e+02
1.000000e+02, 1.332691e+02
1.000000e+02, 1.336154e+02
1.000000e+02, 1.339640e+02
1.000000e+02, 1.343149e+02
1.000000e+02, 1.346681e+02
1.000000e+02, 1.350237e+02
1.000000e+02, 1.353815e+02
1.000000e+02, 1.357417e+02
1.000000e+02, 1.361043e+02
1.000000e+02, 1.364692e+02
1.000000e+02, 1.368364e+02
1.000000e+02, 1.372060e+02
1.000000e+02, 1.375779e+02
1.000000e+02, 1.379522e+02
1.000000e+02, 1.383289e+02
1.000000e+02, 1.387079e+02
1.000000e+02, 1.390894e+02
1.000000e+02, 1.394732e+02
1.000000e+02, 1.398594e+02
1.000000e+02, 1.402480e+02
1.000000e+02, 1.406391e+02
1.000000e+02, 1.410325e+02
1.000000e+02, 1.414284e+02
1.000000e+02, 1.418267e+02
1.000000e+02, 1.422274e+02
1.000000e+02, 1.426305e+02
1.000000e+02, 1.430362e+02
1.000000e+02, 1.434442e+02
1.000000e+02, 1.438547e+02
1.000000e+02, 1.442677e+02
1.000000e+02, 1.446832e+02
1.000000e+02, 1.451011e+02
1.000000e+02, 1.455216e+02
1.000000e+02, 1.459445e+02
1.000000e+02, 1.463699e+02
1.000000e+02, 1.467978e+02
1.000000e+02, 1.472283e+02
1.000000e+02, 1.476613e+02
1.000000e+02, 1.480968e+02
1.000000e+02, 1.485348e+02
1.000000e+02, 1.489754e+02
1.000000e+02, 1.494186e+02
1.000000e+02, 1.498643e+02
1.000000e+02, 1.503125e+02
1.000000e+02, 1.507634e+02
1.000000e+02, 1.512168e+02
1.000000e+02, 1.516729e+02
1.000000e+02, 1.521315e+02
1.000000e+02, 1.525928e+02
1.000000e+02, 1.530566e+02
1.000000e+02, 1.535231e+02
1.000000e+02, 1.539922e+02
1.000000e+02, 1.544640e+02
1.000000e+02, 1.549384e+02
1.000000e+02, 1.554155e+02
1.000000e+02, 1.558953e+02
1.000000e+02, 1.563777e+02
1.000000e+02, 1.568628e+02
1.000000e+02, 1.573506e+02
1.000000e+02, 1.578411e+02
1.000000e+02, 1.583344e+02
1.000000e+02, 1.588303e+02
1.000000e+02, 1.593290e+02
1.000000e+02, 1.598305e+02
1.000000e+02, 1.603347e+02
1.000000e+02, 1.608416e+02
1.000000e+02, 1.613513e+02
1.000000e+02, 1.618638e+02
1.000000e+02, 1.623791e+02
1.000000e+02, 1.628972e+02
1.000000e+02, 1.634182e+02
1.000000e+02, 1.639419e+02
1.000000e+02, 1.644685e+02
1.000000e+02, 1.649979e+02
1.000000e+02, 1.655302e+02
1.000000e+02, 1.660653e+02
1.000000e+02, 1.666033e+02
1.000000e+02, 1.671443e+02
1.000000e+02, 1.676881e+02
1.000000e+02, 1.682348e+02
1.000000e+02, 1.687844e+02
1.000000e+02, 1.693370e+02
1.000000e+02, 1.698925e+02
1.000000e+02, 1.704510e+02
1.000000e+02, 1.710124e+02
1.000000e+02, 1.715769e+02
1.000000e+02, 1.721443e+02
1.000000e+02, 1.727147e+02
1.000000e+02, 1.732881e+02
1.000000e+02, 1.738646e+02
1.000000e+02, 1.744441e+02
1.000000e+02, 1.750267e+02
1.000000e+02, 1.756123e+02
1.000000e+02, 1.762011e+02
1.000000e+02, 1.767929e+02
1.000000e+02, 1.773878e+02
1.000000e+02, 1.779858e+02
1.000000e+02, 1.785870e+02
1.000000e+02, 1.791914e+02
1.000000e+02, 1.797988e+02
1.000000e+02, 1.804095e+02
1.000000e+02, 1.810234e+02
1.000000e+02, 1.816404e+02
1.000000e+02, 1.822607e+02
1.000000e+02, 1.828843e+02
1.000000e+02, 1.835110e+02
1.000000e+02, 1.841411e+02
1.000000e+02, 1.847744e+02
1.000000e+02, 1.854110e+02
1.000000e+02, 1.860510e+02
1.000000e+02, 1.866942e+02
1.000000e+02, 1.873408e+02
1.000000e+02, 1.879908e+02
1.000000e+02, 1.886441e+02
1.000000e+02, 1.893009e+02
1.000000e+02, 1.899610e+02
1.000000e+02, 1.906246e+02
1.000000e+02, 1.912916e+02
1.000000e+02, 1.919621e+02
1.000000e+02, 1.926360e+02
1.000000e+02, 1.933135e+02
1.000000e+02, 1.939945e+02
1.000000e+02, 1.946790e+02
1.000000e+02, 1.953670e+02
1.000000e+02, 1.960587e+02
1.000000e+02, 1.967539e+02
1.000000e+02, 1.974527e+02
1.000000e+02, 1.981551e+02
1.000000e+02, 1.988613e+02
1.000000e+02, 1.995710e+02
1.000000e+02, 2.002845e+02
1.000000e+02, 2.010016e+02
1.000000e+02, 2.017225e+02
1.000000e+02, 2.024472e+02
1.000000e+02, 2.031756e+02
1.000000e+02, 2.039078e+02
1.000000e+02, 2.046438e+02
1.000000e+02, 2.053837e+02
1.000000e+02, 2.061274e+02
1.000000e+02, 2.068750e+02
1.000000e+02, 2.076265e+02
1.000000e+02, 2.083820e+02
1.000000e+02, 2.091413e+02
1.000000e+02, 2.099047e+02
1.000000e+02, 2.106720e+02
1.000000e+02, 2.114434e+02
1.000000e+02, 2.122189e+02
1.000000e+02, 2.129984e+02
1.000000e+02, 2.137820e+02
1.000000e+02, 2.145697e+02
1.000000e+02, 2.153616e+02
1.000000e+02, 2.161576e+02
1.000000e+02, 2.169579e+02
1.000000e+02, 2.177623e+02
1.000000e+02, 2.185711e+02
1.000000e+02, 2.193841e+02
1.000000e+02, 2.202015e+02
1.000000e+02, 2.210232e+02
1.000000e+02, 2.218492e+02
1.000000e+02, 2.226797e+02
1.000000e+02, 2.235146e+02
1.000000e+02, 2.243540e+02
1.000000e+02, 2.251978e+02
1.000000e+02, 2.260462e+02
1.000000e+02, 2.268992e+02
1.000000e+02, 2.277567e+02
1.000000e+02, 2.286189e+02
1.000000e+02, 2.294857e+02
1.000000e+02, 2.303572e+02
1.000000e+02, 2.312334e+02
1.000000e+02, 2.321144e+02
1.000000e+02, 2.330002e+02
1.000000e+02, 2.338908e+02
1.000000e+02, 2.347863e+02
1.000000e+02, 2.356867e+02
1.000000e+02, 2.365920e+02
1.000000e+02, 2.375023e+02
1.000000e+02, 2.384177e+02
1.000000e+02, 2.393381e+02
1.000000e+02, 2.402636e+02
1.000000e+02, 2.411942e+02
1.000000e+02, 2.421300e+02
1.000000e+02, 2.430711e+02
1.000000e+02, 2.440174e+02
1.000000e+02, 2.449690e+02
1.000000e+02, 2.459260e+02
1.000000e+02, 2.468884e+02
1.000000e+02, 2.478562e+02
1.000000e+02, 2.488295e+02
1.000000e+02, 2.498084e+02
1.000000e+02, 2.507928e+02
1.000000e+02, 2.517829e+02
1.000000e+02, 2.527787e+02
1.000000e+02, 2.537802e+02
1.000000e+02, 2.547875e+02
1.000000e+02, 2.558006e+02
1.000000e+02, 2.568196e+02
1.000000e+02, 2.578446e+02
1.000000e+02, 2.588756e+02
1.000000e+02, 2.599127e+02
1.000000e+02, 2.609559e+02
1.000000e+02, 2.620052e+02
1.000000e+02, 2.630608e+02
1.000000e+02, 2.641227e+02
1.000000e+02, 2.651910e+02
1.000000e+02, 2.662657e+02
1.000000e+02, 2.673469e+02
1.000000e+02, 2.684346e+02
1.000000e+02, 2.695290e+02
1.000000e+02, 2.706300e+02
1.000000e+02, 2.717378e+02
1.000000e+02, 2.728525e+02
1.000000e+02, 2.739740e+02
1.000000e+02, 2.751026e+02
1.000000e+02, 2.762382e+02
1.000000e+02, 2.773809e+02
1.000000e+02, 2.785308e+02
1.000000e+02, 2.796881e+02
1.000000e+02, 2.808527e+02
1.000000e+02, 2.820248e+02
1.000000e+02, 2.832044e+02
1.000000e+02, 2.843916e+02
1.000000e+02, 2.855866e+02
1.000000e+02, 2.867894e+02
1.000000e+02, 2.880001e+02
1.000000e+02, 2.892189e+02
1.000000e+02, 2.904457e+02
1.000000e+02, 2.916807e+02
1.000000e+02, 2.929240e+02
1.000000e+02, 2.941758e+02
1.000000e+02, 2.954361e+02
1.000000e+02, 2.967050e+02
1.000000e+02, 2.979826e+02
1.000000e+02, 2.992691e+02
1.000000e+02, 3.005647e+02
1.000000e+02, 3.018693e+02
1.000000e+02, 3.031831e+02
1.000000e+02, 3.045063e+02
1.000000e+02, 3.058390e+02
1.000000e+02, 3.071813e+02
1.000000e+02, 3.085333e+02
1.000000e+02, 3.098953e+02
1.000000e+02, 3.112673e+02
1.000000e+02, 3.126496e+02
1.000000e+02, 3.140422e+02
1.000000e+02, 3.154453e+02
1.000000e+02, 3.168590e+02
1.000000e+02, 3.182837e+02
1.000000e+02, 3.197193e+02
1.000000e+02, 3.211662e+02
1.000000e+02, 3.226244e+02
1.000000e+02, 3.240942e+02
1.000000e+02, 3.255758e+02
1.000000e+02, 3.270693e+02
1.000000e+02, 3.285750e+02
1.000000e+02, 3.300931e+02
1.000000e+02, 3.316238e+02
1.000000e+02, 3.331673e+02
1.000000e+02, 3.347239e+02
1.000000e+02, 3.362938e+02
1.000000e+02, 3.378772e+02
1.000000e+02, 3.394745e+02
1.000000e+02, 3.410858e+02
1.000000e+02, 3.427116e+02
1.000000e+02, 3.443520e+02
1.000000e+02, 3.460073e+02
1.000000e+02, 3.476779e+02
1.000000e+02, 3.493641e+02
1.000000e+02, 3.510662e+02
1.000000e+02, 3.527845e+02
1.000000e+02, 3.545195e+02
1.000000e+02, 3.562714e+02
1.000000e+02, 3.580408e+02
1.000000e+02, 3.598279e+02
1.000000e+02, 1.633233e+00
1.000000e+02, 3.457212e+00
1.000000e+02, 5.300296e+00
1.000000e+02, 7.162963e+00
1.000000e+02, 9.045714e+00
1.000000e+02, 1.094907e+01
1.000000e+02, 1.287358e+01
1.000000e+02, 1.481982e+01
1.000000e+02, 1.678838e+01
1.000000e+02, 1.877991e+01
1.000000e+02, 2.079505e+01
1.000000e+02, 2.283451e+01
1.000000e+02, 2.489902e+01
1.000000e+02, 2.698936e+01
1.000000e+02, 2.910633e+01
1.000000e+02, 3.125080e+01
1.000000e+02, 3.342367e+01
1.000000e+02, 3.562592e+01
1.000000e+02, 3.785856e+01
1.000000e+02, 4.012268e+01
1.000000e+02, 4.241942e+01
1.000000e+02, 4.475002e+01
1.000000e+02, 4.711579e+01
1.000000e+02, 4.951813e+01
1.000000e+02, 5.195853e+01
1.000000e+02, 5.443860e+01
1.000000e+02, 5.696007e+01
1.000000e+02, 5.952480e+01
1.000000e+02, 6.213480e+01
1.000000e+02, 6.479223e+01
1.000000e+02, 6.749947e+01
1.000000e+02, 7.025908e+01
1.000000e+02, 7.307386e+01
1.000000e+02, 7.594687e+01
1.000000e+02, 7.888149e+01
1.000000e+02, 8.188143e+01
1.000000e+02, 8.495080e+01
1.000000e+02, 8.809419e+01
1.000000e+02, 9.131671e+01
1.000000e+02, 9.462410e+01
1.000000e+02, 9.802285e+01
1.000000e+02, 1.015203e+02
1.000000e+02, 1.051250e+02
1.000000e+02, 1.088466e+02
1.000000e+02, 1.126965e+02
1.000000e+02, 1.166880e+02
1.000000e+02, 1.208370e+02
1.000000e+02, 1.251627e+02
1.000000e+02, 1.296883e+02
1.000000e+02, 1.344430e+02
1.000000e+02, 1.394640e+02
1.000000e+02, 1.447997e+02
1.000000e+02, 1.505154e+02
1.000000e+02, 1.567036e+02
1.000000e+02, 1.635015e+02
1.000000e+02, 1.711315e+02
1.000000e+02, 1.800000e+02
##END= 