##TITLE= /opt/topspin3.0/exp/stan/nmr/lists/wave/user/HypSec_trunc2.84_110
##JCAMP-DX= 5.00 Bruker JCAMP library
##DATA TYPE= Shape Data
##ORIGIN= Bruker BioSpin GmbH
##OWNER= <nmrsu>
##DATE= 15/02/24
##TIME= 16:15:04
##MINX= 1.164538e+01
##MAXX= 9.999960e+01
##MINY= 2.546774e-02
##MAXY= 3.585574e+02
##$SHAPE_EXMODE= Adiabatic
##$SHAPE_TOTROT= 1.800000e+02
##$SHAPE_BWFAC= 1.929340e+02
##$SHAPE_INTEGFAC= 2.356110e-02
##$SHAPE_MODE= 0
##NPOINTS= 1000
##XYPOINTS= (XY..XY)
1.000000e+02, 1.800000e+02
1.000000e+02, 1.723604e+02
1.000000e+02, 1.657878e+02
1.000000e+02, 1.599319e+02
1.000000e+02, 1.546013e+02
1.000000e+02, 1.496776e+02
1.000000e+02, 1.450813e+02
1.000000e+02, 1.407562e+02
1.000000e+02, 1.366603e+02
1.000000e+02, 1.327618e+02
1.000000e+02, 1.290356e+02
1.000000e+02, 1.254616e+02
1.000000e+02, 1.220232e+02
1.000000e+02, 1.187068e+02
1.000000e+02, 1.155009e+02
1.000000e+02, 1.123958e+02
1.000000e+02, 1.093830e+02
1.000000e+02, 1.064552e+02
1.000000e+02, 1.036062e+02
1.000000e+02, 1.008302e+02
1.000000e+02, 9.812241e+01
1.000000e+02, 9.547838e+01
1.000000e+02, 9.289416e+01
1.000000e+02, 9.036621e+01
1.000000e+02, 8.789133e+01
1.000000e+02, 8.546662e+01
1.000000e+02, 8.308943e+01
1.000000e+02, 8.075735e+01
1.000000e+02, 7.846817e+01
1.000000e+02, 7.621986e+01
1.000000e+02, 7.401054e+01
1.000000e+02, 7.183849e+01
1.000000e+02, 6.970210e+01
1.000000e+02, 6.759988e+01
1.000000e+02, 6.553045e+01
1.000000e+02, 6.349253e+01
1.000000e+02, 6.148489e+01
1.000000e+02, 5.950642e+01
1.000000e+02, 5.755606e+01
1.000000e+02, 5.563281e+01
1.000000e+02, 5.373575e+01
1.000000e+02, 5.186398e+01
1.000000e+02, 5.001668e+01
1.000000e+02, 4.819308e+01
1.000000e+02, 4.639241e+01
1.000000e+02, 4.461399e+01
1.000000e+02, 4.285716e+01
1.000000e+02, 4.112126e+01
1.000000e+02, 3.940572e+01
1.000000e+02, 3.770995e+01
1.000000e+02, 3.603342e+01
1.000000e+02, 3.437560e+01
1.000000e+02, 3.273600e+01
1.000000e+02, 3.111416e+01
1.000000e+02, 2.950961e+01
1.000000e+02, 2.792194e+01
1.000000e+02, 2.635072e+01
1.000000e+02, 2.479556e+01
1.000000e+02, 2.325609e+01
1.000000e+02, 2.173194e+01
1.000000e+02, 2.022276e+01
1.000000e+02, 1.872822e+01
1.000000e+02, 1.724799e+01
1.000000e+02, 1.578178e+01
1.000000e+02, 1.432926e+01
1.000000e+02, 1.289018e+01
1.000000e+02, 1.146423e+01
1.000000e+02, 1.005117e+01
1.000000e+02, 8.650728e+00
1.000000e+02, 7.262662e+00
1.000000e+02, 5.886731e+00
1.000000e+02, 4.522705e+00
1.000000e+02, 3.170360e+00
1.000000e+02, 1.829480e+00
1.000000e+02, 4.998559e-01
1.000000e+02, 3.591813e+02
1.000000e+02, 3.578736e+02
1.000000e+02, 3.565765e+02
1.000000e+02, 3.552900e+02
1.000000e+02, 3.540137e+02
1.000000e+02, 3.527476e+02
1.000000e+02, 3.514915e+02
1.000000e+02, 3.502451e+02
1.000000e+02, 3.490084e+02
1.000000e+02, 3.477812e+02
1.000000e+02, 3.465633e+02
1.000000e+02, 3.453547e+02
1.000000e+02, 3.441551e+02
1.000000e+02, 3.429644e+02
1.000000e+02, 3.417825e+02
1.000000e+02, 3.406092e+02
1.000000e+02, 3.394445e+02
1.000000e+02, 3.382882e+02
1.000000e+02, 3.371402e+02
1.000000e+02, 3.360004e+02
1.000000e+02, 3.348686e+02
1.000000e+02, 3.337448e+02
1.000000e+02, 3.326289e+02
1.000000e+02, 3.315206e+02
1.000000e+02, 3.304200e+02
1.000000e+02, 3.293269e+02
1.000000e+02, 3.282413e+02
1.000000e+02, 3.271630e+02
1.000000e+02, 3.260920e+02
1.000000e+02, 3.250281e+02
1.000000e+02, 3.239713e+02
1.000000e+02, 3.229215e+02
1.000000e+02, 3.218785e+02
1.000000e+02, 3.208424e+02
1.000000e+02, 3.198130e+02
1.000000e+02, 3.187903e+02
1.000000e+02, 3.177741e+02
1.000000e+02, 3.167645e+02
1.000000e+02, 3.157613e+02
1.000000e+02, 3.147644e+02
1.000000e+02, 3.137738e+02
1.000000e+02, 3.127894e+02
1.000000e+02, 3.118112e+02
1.000000e+02, 3.108391e+02
1.000000e+02, 3.098729e+02
1.000000e+02, 3.089127e+02
1.000000e+02, 3.079584e+02
1.000000e+02, 3.070100e+02
1.000000e+02, 3.060672e+02
1.000000e+02, 3.051302e+02
1.000000e+02, 3.041989e+02
1.000000e+02, 3.032731e+02
1.000000e+02, 3.023529e+02
1.000000e+02, 3.014382e+02
1.000000e+02, 3.005288e+02
1.000000e+02, 2.996249e+02
1.000000e+02, 2.987263e+02
1.000000e+02, 2.978329e+02
1.000000e+02, 2.969448e+02
1.000000e+02, 2.960619e+02
1.000000e+02, 2.951840e+02
1.000000e+02, 2.943113e+02
1.000000e+02, 2.934436e+02
1.000000e+02, 2.925809e+02
1.000000e+02, 2.917231e+02
1.000000e+02, 2.908702e+02
1.000000e+02, 2.900222e+02
1.000000e+02, 2.891790e+02
1.000000e+02, 2.883405e+02
1.000000e+02, 2.875068e+02
1.000000e+02, 2.866778e+02
1.000000e+02, 2.858535e+02
1.000000e+02, 2.850337e+02
1.000000e+02, 2.842185e+02
1.000000e+02, 2.834079e+02
1.000000e+02, 2.826018e+02
1.000000e+02, 2.818001e+02
1.000000e+02, 2.810028e+02
1.000000e+02, 2.802100e+02
1.000000e+02, 2.794215e+02
1.000000e+02, 2.786373e+02
1.000000e+02, 2.778575e+02
1.000000e+02, 2.770818e+02
1.000000e+02, 2.763104e+02
1.000000e+02, 2.755432e+02
1.000000e+02, 2.747802e+02
1.000000e+02, 2.740213e+02
1.000000e+02, 2.732665e+02
1.000000e+02, 2.725157e+02
1.000000e+02, 2.717691e+02
1.000000e+02, 2.710264e+02
1.000000e+02, 2.702877e+02
1.000000e+02, 2.695529e+02
1.000000e+02, 2.688221e+02
1.000000e+02, 2.680952e+02
1.000000e+02, 2.673721e+02
1.000000e+02, 2.666529e+02
1.000000e+02, 2.659375e+02
1.000000e+02, 2.652259e+02
1.000000e+02, 2.645181e+02
1.000000e+02, 2.638140e+02
1.000000e+02, 2.631137e+02
1.000000e+02, 2.624170e+02
1.000000e+02, 2.617240e+02
1.000000e+02, 2.610346e+02
1.000000e+02, 2.603489e+02
1.000000e+02, 2.596668e+02
1.000000e+02, 2.589882e+02
1.000000e+02, 2.583132e+02
1.000000e+02, 2.576417e+02
1.000000e+02, 2.569737e+02
1.000000e+02, 2.563093e+02
1.000000e+02, 2.556482e+02
1.000000e+02, 2.549907e+02
1.000000e+02, 2.543365e+02
1.000000e+02, 2.536858e+02
1.000000e+02, 2.530384e+02
1.000000e+02, 2.523944e+02
1.000000e+02, 2.517537e+02
1.000000e+02, 2.511164e+02
1.000000e+02, 2.504824e+02
1.000000e+02, 2.498516e+02
1.000000e+02, 2.492242e+02
1.000000e+02, 2.485999e+02
1.000000e+02, 2.479789e+02
1.000000e+02, 2.473612e+02
1.000000e+02, 2.467466e+02
1.000000e+02, 2.461352e+02
1.000000e+02, 2.455269e+02
1.000000e+02, 2.449218e+02
1.000000e+02, 2.443198e+02
1.000000e+02, 2.437209e+02
1.000000e+02, 2.431251e+02
1.000000e+02, 2.425324e+02
1.000000e+02, 2.419428e+02
1.000000e+02, 2.413562e+02
1.000000e+02, 2.407726e+02
1.000000e+02, 2.401921e+02
1.000000e+02, 2.396145e+02
1.000000e+02, 2.390399e+02
1.000000e+02, 2.384683e+02
1.000000e+02, 2.378996e+02
1.000000e+02, 2.373339e+02
1.000000e+02, 2.367711e+02
1.000000e+02, 2.362112e+02
1.000000e+02, 2.356542e+02
1.000000e+02, 2.351001e+02
1.000000e+02, 2.345488e+02
1.000000e+02, 2.340004e+02
1.000000e+02, 2.334549e+02
1.000000e+02, 2.329121e+02
1.000000e+02, 2.323722e+02
1.000000e+02, 2.318351e+02
1.000000e+02, 2.313008e+02
1.000000e+02, 2.307692e+02
1.000000e+02, 2.302404e+02
1.000000e+02, 2.297144e+02
1.000000e+02, 2.291911e+02
1.000000e+02, 2.286705e+02
1.000000e+02, 2.281526e+02
1.000000e+02, 2.276374e+02
1.000000e+02, 2.271249e+02
1.000000e+02, 2.266151e+02
1.000000e+02, 2.261080e+02
1.000000e+02, 2.256035e+02
1.000000e+02, 2.251017e+02
1.000000e+02, 2.246025e+02
1.000000e+02, 2.241059e+02
1.000000e+02, 2.236119e+02
1.000000e+02, 2.231205e+02
1.000000e+02, 2.226318e+02
1.000000e+02, 2.221455e+02
1.000000e+02, 2.216619e+02
1.000000e+02, 2.211808e+02
1.000000e+02, 2.207023e+02
1.000000e+02, 2.202263e+02
1.000000e+02, 2.197528e+02
1.000000e+02, 2.192819e+02
1.000000e+02, 2.188134e+02
1.000000e+02, 2.183475e+02
1.000000e+02, 2.178840e+02
1.000000e+02, 2.174230e+02
1.000000e+02, 2.169645e+02
1.000000e+02, 2.165084e+02
1.000000e+02, 2.160548e+02
1.000000e+02, 2.156037e+02
1.000000e+02, 2.151549e+02
1.000000e+02, 2.147086e+02
1.000000e+02, 2.142647e+02
1.000000e+02, 2.138232e+02
1.000000e+02, 2.133842e+02
1.000000e+02, 2.129475e+02
1.000000e+02, 2.125131e+02
1.000000e+02, 2.120812e+02
1.000000e+02, 2.116516e+02
1.000000e+02, 2.112244e+02
1.000000e+02, 2.107995e+02
1.000000e+02, 2.103769e+02
1.000000e+02, 2.099567e+02
1.000000e+02, 2.095388e+02
1.000000e+02, 2.091232e+02
1.000000e+02, 2.087100e+02
1.000000e+02, 2.082990e+02
1.000000e+02, 2.078903e+02
1.000000e+02, 2.074839e+02
1.000000e+02, 2.070798e+02
1.000000e+02, 2.066780e+02
1.000000e+02, 2.062784e+02
1.000000e+02, 2.058811e+02
1.000000e+02, 2.054860e+02
1.000000e+02, 2.050932e+02
1.000000e+02, 2.047026e+02
1.000000e+02, 2.043142e+02
1.000000e+02, 2.039280e+02
1.000000e+02, 2.035441e+02
1.000000e+02, 2.031623e+02
1.000000e+02, 2.027828e+02
1.000000e+02, 2.024055e+02
1.000000e+02, 2.020303e+02
1.000000e+02, 2.016573e+02
1.000000e+02, 2.012865e+02
1.000000e+02, 2.009179e+02
1.000000e+02, 2.005514e+02
1.000000e+02, 2.001871e+02
1.000000e+02, 1.998249e+02
1.000000e+02, 1.994649e+02
1.000000e+02, 1.991070e+02
1.000000e+02, 1.987513e+02
1.000000e+02, 1.983976e+02
1.000000e+02, 1.980461e+02
1.000000e+02, 1.976967e+02
1.000000e+02, 1.973494e+02
1.000000e+02, 1.970042e+02
1.000000e+02, 1.966611e+02
1.000000e+02, 1.963201e+02
1.000000e+02, 1.959812e+02
1.000000e+02, 1.956444e+02
1.000000e+02, 1.953096e+02
1.000000e+02, 1.949769e+02
1.000000e+02, 1.946463e+02
1.000000e+02, 1.943177e+02
1.000000e+02, 1.939912e+02
1.000000e+02, 1.936667e+02
1.000000e+02, 1.933443e+02
1.000000e+02, 1.930239e+02
1.000000e+02, 1.927055e+02
1.000000e+02, 1.923892e+02
1.000000e+02, 1.920748e+02
1.000000e+02, 1.917625e+02
1.000000e+02, 1.914523e+02
1.000000e+02, 1.911440e+02
1.000000e+02, 1.908377e+02
1.000000e+02, 1.905334e+02
1.000000e+02, 1.902311e+02
1.000000e+02, 1.899308e+02
1.000000e+02, 1.896325e+02
1.000000e+02, 1.893362e+02
1.000000e+02, 1.890418e+02
1.000000e+02, 1.887495e+02
1.000000e+02, 1.884590e+02
1.000000e+02, 1.881706e+02
1.000000e+02, 1.878841e+02
1.000000e+02, 1.875995e+02
1.000000e+02, 1.873169e+02
1.000000e+02, 1.870363e+02
1.000000e+02, 1.867576e+02
1.000000e+02, 1.864808e+02
1.000000e+02, 1.862060e+02
1.000000e+02, 1.859331e+02
1.000000e+02, 1.856621e+02
1.000000e+02, 1.853930e+02
1.000000e+02, 1.851259e+02
1.000000e+02, 1.848606e+02
1.000000e+02, 1.845973e+02
1.000000e+02, 1.843359e+02
1.000000e+02, 1.840764e+02
1.000000e+02, 1.838187e+02
1.000000e+02, 1.835630e+02
1.000000e+02, 1.833092e+02
1.000000e+02, 1.830572e+02
1.000000e+02, 1.828072e+02
1.000000e+02, 1.825590e+02
1.000000e+02, 1.823127e+02
1.000000e+02, 1.820682e+02
1.000000e+02, 1.818257e+02
1.000000e+02, 1.815849e+02
1.000000e+02, 1.813461e+02
1.000000e+02, 1.811091e+02
1.000000e+02, 1.808740e+02
1.000000e+02, 1.806407e+02
1.000000e+02, 1.804093e+02
1.000000e+02, 1.801797e+02
1.000000e+02, 1.799520e+02
1.000000e+02, 1.797261e+02
1.000000e+02, 1.795021e+02
1.000000e+02, 1.792798e+02
1.000000e+02, 1.790594e+02
1.000000e+02, 1.788409e+02
1.000000e+02, 1.786241e+02
1.000000e+02, 1.784092e+02
1.000000e+02, 1.781961e+02
1.000000e+02, 1.779848e+02
1.000000e+02, 1.777754e+02
1.000000e+02, 1.775677e+02
1.000000e+02, 1.773619e+02
1.000000e+02, 1.771578e+02
1.000000e+02, 1.769556e+02
1.000000e+02, 1.767551e+02
1.000000e+02, 1.765565e+02
1.000000e+02, 1.763596e+02
1.000000e+02, 1.761646e+02
1.000000e+02, 1.759713e+02
1.000000e+02, 1.757798e+02
1.000000e+02, 1.755901e+02
1.000000e+02, 1.754022e+02
1.000000e+02, 1.752160e+02
1.000000e+02, 1.750317e+02
1.000000e+02, 1.748491e+02
1.000000e+02, 1.746683e+02
1.000000e+02, 1.744892e+02
1.000000e+02, 1.743119e+02
1.000000e+02, 1.741364e+02
1.000000e+02, 1.739626e+02
1.000000e+02, 1.737906e+02
1.000000e+02, 1.736204e+02
1.000000e+02, 1.734519e+02
1.000000e+02, 1.732852e+02
1.000000e+02, 1.731202e+02
1.000000e+02, 1.729570e+02
1.000000e+02, 1.727955e+02
1.000000e+02, 1.726357e+02
1.000000e+02, 1.724777e+02
1.000000e+02, 1.723215e+02
1.000000e+02, 1.721670e+02
1.000000e+02, 1.720142e+02
1.000000e+02, 1.718632e+02
1.000000e+02, 1.717138e+02
1.000000e+02, 1.715663e+02
1.000000e+02, 1.714204e+02
1.000000e+02, 1.712763e+02
1.000000e+02, 1.711339e+02
1.000000e+02, 1.709932e+02
1.000000e+02, 1.708543e+02
1.000000e+02, 1.707170e+02
1.000000e+02, 1.705815e+02
1.000000e+02, 1.704477e+02
1.000000e+02, 1.703156e+02
1.000000e+02, 1.701853e+02
1.000000e+02, 1.700566e+02
1.000000e+02, 1.699297e+02
1.000000e+02, 1.698044e+02
1.000000e+02, 1.696809e+02
1.000000e+02, 1.695591e+02
1.000000e+02, 1.694390e+02
1.000000e+02, 1.693205e+02
1.000000e+02, 1.692038e+02
1.000000e+02, 1.690888e+02
1.000000e+02, 1.689755e+02
1.000000e+02, 1.688639e+02
1.000000e+02, 1.687539e+02
1.000000e+02, 1.686457e+02
1.000000e+02, 1.685392e+02
1.000000e+02, 1.684343e+02
1.000000e+02, 1.683312e+02
1.000000e+02, 1.682297e+02
1.000000e+02, 1.681299e+02
1.000000e+02, 1.680318e+02
1.000000e+02, 1.679354e+02
1.000000e+02, 1.678407e+02
1.000000e+02, 1.677476e+02
1.000000e+02, 1.676563e+02
1.000000e+02, 1.675666e+02
1.000000e+02, 1.674786e+02
1.000000e+02, 1.673923e+02
1.000000e+02, 1.673076e+02
1.000000e+02, 1.672247e+02
1.000000e+02, 1.671434e+02
1.000000e+02, 1.670638e+02
1.000000e+02, 1.669858e+02
1.000000e+02, 1.669096e+02
1.000000e+02, 1.668350e+02
1.000000e+02, 1.667620e+02
1.000000e+02, 1.666908e+02
1.000000e+02, 1.666212e+02
1.000000e+02, 1.665533e+02
1.000000e+02, 1.664870e+02
1.000000e+02, 1.664224e+02
1.000000e+02, 1.663595e+02
1.000000e+02, 1.662982e+02
1.000000e+02, 1.662386e+02
1.000000e+02, 1.661807e+02
1.000000e+02, 1.661245e+02
1.000000e+02, 1.660698e+02
1.000000e+02, 1.660169e+02
1.000000e+02, 1.659656e+02
1.000000e+02, 1.659160e+02
1.000000e+02, 1.658680e+02
1.000000e+02, 1.658217e+02
1.000000e+02, 1.657771e+02
1.000000e+02, 1.657341e+02
1.000000e+02, 1.656928e+02
1.000000e+02, 1.656531e+02
1.000000e+02, 1.656151e+02
1.000000e+02, 1.655787e+02
1.000000e+02, 1.655440e+02
1.000000e+02, 1.655110e+02
1.000000e+02, 1.654796e+02
1.000000e+02, 1.654499e+02
1.000000e+02, 1.654218e+02
1.000000e+02, 1.653953e+02
1.000000e+02, 1.653706e+02
1.000000e+02, 1.653474e+02
1.000000e+02, 1.653260e+02
1.000000e+02, 1.653061e+02
1.000000e+02, 1.652880e+02
1.000000e+02, 1.652715e+02
1.000000e+02, 1.652566e+02
1.000000e+02, 1.652434e+02
1.000000e+02, 1.652318e+02
1.000000e+02, 1.652219e+02
1.000000e+02, 1.652137e+02
1.000000e+02, 1.652071e+02
1.000000e+02, 1.652021e+02
1.000000e+02, 1.651988e+02
1.000000e+02, 1.651972e+02
1.000000e+02, 1.651972e+02
1.000000e+02, 1.651988e+02
1.000000e+02, 1.652021e+02
1.000000e+02, 1.652071e+02
1.000000e+02, 1.652137e+02
1.000000e+02, 1.652219e+02
1.000000e+02, 1.652318e+02
1.000000e+02, 1.652434e+02
1.000000e+02, 1.652566e+02
1.000000e+02, 1.652715e+02
1.000000e+02, 1.652880e+02
1.000000e+02, 1.653061e+02
1.000000e+02, 1.653260e+02
1.000000e+02, 1.653474e+02
1.000000e+02, 1.653706e+02
1.000000e+02, 1.653953e+02
1.000000e+02, 1.654218e+02
1.000000e+02, 1.654499e+02
1.000000e+02, 1.654796e+02
1.000000e+02, 1.655110e+02
1.000000e+02, 1.655440e+02
1.000000e+02, 1.655787e+02
1.000000e+02, 1.656151e+02
1.000000e+02, 1.656531e+02
1.000000e+02, 1.656928e+02
1.000000e+02, 1.657341e+02
1.000000e+02, 1.657771e+02
1.000000e+02, 1.658217e+02
1.000000e+02, 1.658680e+02
1.000000e+02, 1.659160e+02
1.000000e+02, 1.659656e+02
1.000000e+02, 1.660169e+02
1.000000e+02, 1.660698e+02
1.000000e+02, 1.661245e+02
1.000000e+02, 1.661807e+02
1.000000e+02, 1.662386e+02
1.000000e+02, 1.662982e+02
1.000000e+02, 1.663595e+02
1.000000e+02, 1.664224e+02
1.000000e+02, 1.664870e+02
1.000000e+02, 1.665533e+02
1.000000e+02, 1.666212e+02
1.000000e+02, 1.666908e+02
1.000000e+02, 1.667620e+02
1.000000e+02, 1.668350e+02
1.000000e+02, 1.669096e+02
1.000000e+02, 1.669858e+02
1.000000e+02, 1.670638e+02
1.000000e+02, 1.671434e+02
1.000000e+02, 1.672247e+02
1.000000e+02, 1.673076e+02
1.000000e+02, 1.673923e+02
1.000000e+02, 1.674786e+02
1.000000e+02, 1.675666e+02
1.000000e+02, 1.676563e+02
1.000000e+02, 1.677476e+02
1.000000e+02, 1.678407e+02
1.000000e+02, 1.679354e+02
1.000000e+02, 1.680318e+02
1.000000e+02, 1.681299e+02
1.000000e+02, 1.682297e+02
1.000000e+02, 1.683312e+02
1.000000e+02, 1.684343e+02
1.000000e+02, 1.685392e+02
1.000000e+02, 1.686457e+02
1.000000e+02, 1.687539e+02
1.000000e+02, 1.688639e+02
1.000000e+02, 1.689755e+02
1.000000e+02, 1.690888e+02
1.000000e+02, 1.692038e+02
1.000000e+02, 1.693205e+02
1.000000e+02, 1.694390e+02
1.000000e+02, 1.695591e+02
1.000000e+02, 1.696809e+02
1.000000e+02, 1.698044e+02
1.000000e+02, 1.699297e+02
1.000000e+02, 1.700566e+02
1.000000e+02, 1.701853e+02
1.000000e+02, 1.703156e+02
1.000000e+02, 1.704477e+02
1.000000e+02, 1.705815e+02
1.000000e+02, 1.707170e+02
1.000000e+02, 1.708543e+02
1.000000e+02, 1.709932e+02
1.000000e+02, 1.711339e+02
1.000000e+02, 1.712763e+02
1.000000e+02, 1.714204e+02
1.000000e+02, 1.715663e+02
1.000000e+02, 1.717138e+02
1.000000e+02, 1.718632e+02
1.000000e+02, 1.720142e+02
1.000000e+02, 1.721670e+02
1.000000e+02, 1.723215e+02
1.000000e+02, 1.724778e+02
1.000000e+02, 1.726357e+02
1.000000e+02, 1.727955e+02
1.000000e+02, 1.729570e+02
1.000000e+02, 1.731202e+02
1.000000e+02, 1.732852e+02
1.000000e+02, 1.734519e+02
1.000000e+02, 1.736204e+02
1.000000e+02, 1.737906e+02
1.000000e+02, 1.739626e+02
1.000000e+02, 1.741364e+02
1.000000e+02, 1.743119e+02
1.000000e+02, 1.744892e+02
1.000000e+02, 1.746683e+02
1.000000e+02, 1.748491e+02
1.000000e+02, 1.750317e+02
1.000000e+02, 1.752160e+02
1.000000e+02, 1.754022e+02
1.000000e+02, 1.755901e+02
1.000000e+02, 1.757798e+02
1.000000e+02, 1.759713e+02
1.000000e+02, 1.761646e+02
1.000000e+02, 1.763596e+02
1.000000e+02, 1.765565e+02
1.000000e+02, 1.767551e+02
1.000000e+02, 1.769556e+02
1.000000e+02, 1.771578e+02
1.000000e+02, 1.773619e+02
1.000000e+02, 1.775677e+02
1.000000e+02, 1.777754e+02
1.000000e+02, 1.779848e+02
1.000000e+02, 1.781961e+02
1.000000e+02, 1.784092e+02
1.000000e+02, 1.786241e+02
1.000000e+02, 1.788409e+02
1.000000e+02, 1.790594e+02
1.000000e+02, 1.792798e+02
1.000000e+02, 1.795021e+02
1.000000e+02, 1.797261e+02
1.000000e+02, 1.799520e+02
1.000000e+02, 1.801797e+02
1.000000e+02, 1.804093e+02
1.000000e+02, 1.806407e+02
1.000000e+02, 1.808740e+02
1.000000e+02, 1.811091e+02
1.000000e+02, 1.813461e+02
1.000000e+02, 1.815850e+02
1.000000e+02, 1.818257e+02
1.000000e+02, 1.820682e+02
1.000000e+02, 1.823127e+02
1.000000e+02, 1.825590e+02
1.000000e+02, 1.828072e+02
1.000000e+02, 1.830572e+02
1.000000e+02, 1.833092e+02
1.000000e+02, 1.835630e+02
1.000000e+02, 1.838187e+02
1.000000e+02, 1.840764e+02
1.000000e+02, 1.843359e+02
1.000000e+02, 1.845973e+02
1.000000e+02, 1.848606e+02
1.000000e+02, 1.851259e+02
1.000000e+02, 1.853930e+02
1.000000e+02, 1.856621e+02
1.000000e+02, 1.859331e+02
1.000000e+02, 1.862060e+02
1.000000e+02, 1.864808e+02
1.000000e+02, 1.867576e+02
1.000000e+02, 1.870363e+02
1.000000e+02, 1.873169e+02
1.000000e+02, 1.875995e+02
1.000000e+02, 1.878841e+02
1.000000e+02, 1.881706e+02
1.000000e+02, 1.884590e+02
1.000000e+02, 1.887495e+02
1.000000e+02, 1.890418e+02
1.000000e+02, 1.893362e+02
1.000000e+02, 1.896325e+02
1.000000e+02, 1.899308e+02
1.000000e+02, 1.902311e+02
1.000000e+02, 1.905334e+02
1.000000e+02, 1.908377e+02
1.000000e+02, 1.911440e+02
1.000000e+02, 1.914523e+02
1.000000e+02, 1.917625e+02
1.000000e+02, 1.920748e+02
1.000000e+02, 1.923892e+02
1.000000e+02, 1.927055e+02
1.000000e+02, 1.930239e+02
1.000000e+02, 1.933443e+02
1.000000e+02, 1.936667e+02
1.000000e+02, 1.939912e+02
1.000000e+02, 1.943177e+02
1.000000e+02, 1.946463e+02
1.000000e+02, 1.949769e+02
1.000000e+02, 1.953096e+02
1.000000e+02, 1.956444e+02
1.000000e+02, 1.959812e+02
1.000000e+02, 1.963201e+02
1.000000e+02, 1.966611e+02
1.000000e+02, 1.970042e+02
1.000000e+02, 1.973494e+02
1.000000e+02, 1.976967e+02
1.000000e+02, 1.980461e+02
1.000000e+02, 1.983976e+02
1.000000e+02, 1.987513e+02
1.000000e+02, 1.991070e+02
1.000000e+02, 1.994649e+02
1.000000e+02, 1.998249e+02
1.000000e+02, 2.001871e+02
1.000000e+02, 2.005514e+02
1.000000e+02, 2.009179e+02
1.000000e+02, 2.012865e+02
1.000000e+02, 2.016573e+02
1.000000e+02, 2.020303e+02
1.000000e+02, 2.024055e+02
1.000000e+02, 2.027828e+02
1.000000e+02, 2.031623e+02
1.000000e+02, 2.035441e+02
1.000000e+02, 2.039280e+02
1.000000e+02, 2.043142e+02
1.000000e+02, 2.047026e+02
1.000000e+02, 2.050932e+02
1.000000e+02, 2.054860e+02
1.000000e+02, 2.058811e+02
1.000000e+02, 2.062784e+02
1.000000e+02, 2.066780e+02
1.000000e+02, 2.070798e+02
1.000000e+02, 2.074839e+02
1.000000e+02, 2.078903e+02
1.000000e+02, 2.082990e+02
1.000000e+02, 2.087100e+02
1.000000e+02, 2.091232e+02
1.000000e+02, 2.095388e+02
1.000000e+02, 2.099567e+02
1.000000e+02, 2.103769e+02
1.000000e+02, 2.107995e+02
1.000000e+02, 2.112244e+02
1.000000e+02, 2.116516e+02
1.000000e+02, 2.120812e+02
1.000000e+02, 2.125131e+02
1.000000e+02, 2.129475e+02
1.000000e+02, 2.133842e+02
1.000000e+02, 2.138232e+02
1.000000e+02, 2.142647e+02
1.000000e+02, 2.147086e+02
1.000000e+02, 2.151549e+02
1.000000e+02, 2.156037e+02
1.000000e+02, 2.160548e+02
1.000000e+02, 2.165084e+02
1.000000e+02, 2.169645e+02
1.000000e+02, 2.174230e+02
1.000000e+02, 2.178840e+02
1.000000e+02, 2.183475e+02
1.000000e+02, 2.188134e+02
1.000000e+02, 2.192819e+02
1.000000e+02, 2.197528e+02
1.000000e+02, 2.202263e+02
1.000000e+02, 2.207023e+02
1.000000e+02, 2.211808e+02
1.000000e+02, 2.216619e+02
1.000000e+02, 2.221455e+02
1.000000e+02, 2.226318e+02
1.000000e+02, 2.231205e+02
1.000000e+02, 2.236119e+02
1.000000e+02, 2.241059e+02
1.000000e+02, 2.246025e+02
1.000000e+02, 2.251017e+02
1.000000e+02, 2.256035e+02
1.000000e+02, 2.261080e+02
1.000000e+02, 2.266151e+02
1.000000e+02, 2.271249e+02
1.000000e+02, 2.276374e+02
1.000000e+02, 2.281526e+02
1.000000e+02, 2.286705e+02
1.000000e+02, 2.291911e+02
1.000000e+02, 2.297144e+02
1.000000e+02, 2.302404e+02
1.000000e+02, 2.307692e+02
1.000000e+02, 2.313008e+02
1.000000e+02, 2.318351e+02
1.000000e+02, 2.323722e+02
1.000000e+02, 2.329121e+02
1.000000e+02, 2.334549e+02
1.000000e+02, 2.340004e+02
1.000000e+02, 2.345488e+02
1.000000e+02, 2.351001e+02
1.000000e+02, 2.356542e+02
1.000000e+02, 2.362112e+02
1.000000e+02, 2.367711e+02
1.000000e+02, 2.373339e+02
1.000000e+02, 2.378996e+02
1.000000e+02, 2.384683e+02
1.000000e+02, 2.390399e+02
1.000000e+02, 2.396145e+02
1.000000e+02, 2.401921e+02
1.000000e+02, 2.407726e+02
1.000000e+02, 2.413562e+02
1.000000e+02, 2.419428e+02
1.000000e+02, 2.425324e+02
1.000000e+02, 2.431252e+02
1.000000e+02, 2.437209e+02
1.000000e+02, 2.443198e+02
1.000000e+02, 2.449218e+02
1.000000e+02, 2.455269e+02
1.000000e+02, 2.461352e+02
1.000000e+02, 2.467466e+02
1.000000e+02, 2.473612e+02
1.000000e+02, 2.479789e+02
1.000000e+02, 2.485999e+02
1.000000e+02, 2.492242e+02
1.000000e+02, 2.498516e+02
1.000000e+02, 2.504824e+02
1.000000e+02, 2.511164e+02
1.000000e+02, 2.517537e+02
1.000000e+02, 2.523944e+02
1.000000e+02, 2.530384e+02
1.000000e+02, 2.536858e+02
1.000000e+02, 2.543365e+02
1.000000e+02, 2.549907e+02
1.000000e+02, 2.556482e+02
1.000000e+02, 2.563093e+02
1.000000e+02, 2.569737e+02
1.000000e+02, 2.576417e+02
1.000000e+02, 2.583132e+02
1.000000e+02, 2.589882e+02
1.000000e+02, 2.596668e+02
1.000000e+02, 2.603489e+02
1.000000e+02, 2.610346e+02
1.000000e+02, 2.617240e+02
1.000000e+02, 2.624170e+02
1.000000e+02, 2.631137e+02
1.000000e+02, 2.638140e+02
1.000000e+02, 2.645181e+02
1.000000e+02, 2.652259e+02
1.000000e+02, 2.659375e+02
1.000000e+02, 2.666529e+02
1.000000e+02, 2.673721e+02
1.000000e+02, 2.680952e+02
1.000000e+02, 2.688221e+02
1.000000e+02, 2.695529e+02
1.000000e+02, 2.702877e+02
1.000000e+02, 2.710264e+02
1.000000e+02, 2.717691e+02
1.000000e+02, 2.725158e+02
1.000000e+02, 2.732665e+02
1.000000e+02, 2.740213e+02
1.000000e+02, 2.747802e+02
1.000000e+02, 2.755432e+02
1.000000e+02, 2.763104e+02
1.000000e+02, 2.770818e+02
1.000000e+02, 2.778575e+02
1.000000e+02, 2.786373e+02
1.000000e+02, 2.794215e+02
1.000000e+02, 2.802100e+02
1.000000e+02, 2.810028e+02
1.000000e+02, 2.818001e+02
1.000000e+02, 2.826018e+02
1.000000e+02, 2.834079e+02
1.000000e+02, 2.842185e+02
1.000000e+02, 2.850337e+02
1.000000e+02, 2.858535e+02
1.000000e+02, 2.866778e+02
1.000000e+02, 2.875068e+02
1.000000e+02, 2.883405e+02
1.000000e+02, 2.891790e+02
1.000000e+02, 2.900222e+02
1.000000e+02, 2.908702e+02
1.000000e+02, 2.917231e+02
1.000000e+02, 2.925809e+02
1.000000e+02, 2.934436e+02
1.000000e+02, 2.943113e+02
1.000000e+02, 2.951840e+02
1.000000e+02, 2.960619e+02
1.000000e+02, 2.969448e+02
1.000000e+02, 2.978329e+02
1.000000e+02, 2.987263e+02
1.000000e+02, 2.996249e+02
1.000000e+02, 3.005288e+02
1.000000e+02, 3.014382e+02
1.000000e+02, 3.023529e+02
1.000000e+02, 3.032731e+02
1.000000e+02, 3.041989e+02
1.000000e+02, 3.051303e+02
1.000000e+02, 3.060673e+02
1.000000e+02, 3.070100e+02
1.000000e+02, 3.079584e+02
1.000000e+02, 3.089127e+02
1.000000e+02, 3.098729e+02
1.000000e+02, 3.108391e+02
1.000000e+02, 3.118112e+02
1.000000e+02, 3.127894e+02
1.000000e+02, 3.137738e+02
1.000000e+02, 3.147644e+02
1.000000e+02, 3.157613e+02
1.000000e+02, 3.167645e+02
1.000000e+02, 3.177741e+02
1.000000e+02, 3.187903e+02
1.000000e+02, 3.198130e+02
1.000000e+02, 3.208424e+02
1.000000e+02, 3.218785e+02
1.000000e+02, 3.229215e+02
1.000000e+02, 3.239713e+02
1.000000e+02, 3.250281e+02
1.000000e+02, 3.260920e+02
1.000000e+02, 3.271630e+02
1.000000e+02, 3.282413e+02
1.000000e+02, 3.293269e+02
1.000000e+02, 3.304200e+02
1.000000e+02, 3.315206e+02
1.000000e+02, 3.326289e+02
1.000000e+02, 3.337448e+02
1.000000e+02, 3.348686e+02
1.000000e+02, 3.360004e+02
1.000000e+02, 3.371402e+02
1.000000e+02, 3.382882e+02
1.000000e+02, 3.394445e+02
1.000000e+02, 3.406092e+02
1.000000e+02, 3.417825e+02
1.000000e+02, 3.429644e+02
1.000000e+02, 3.441551e+02
1.000000e+02, 3.453547e+02
1.000000e+02, 3.465633e+02
1.000000e+02, 3.477812e+02
1.000000e+02, 3.490084e+02
1.000000e+02, 3.502451e+02
1.000000e+02, 3.514915e+02
1.000000e+02, 3.527476e+02
1.000000e+02, 3.540137e+02
1.000000e+02, 3.552900e+02
1.000000e+02, 3.565765e+02
1.000000e+02, 3.578736e+02
1.000000e+02, 3.591813e+02
1.000000e+02, 4.998599e-01
1.000000e+02, 1.829484e+00
1.000000e+02, 3.170364e+00
1.000000e+02, 4.522709e+00
1.000000e+02, 5.886735e+00
1.000000e+02, 7.262666e+00
1.000000e+02, 8.650732e+00
1.000000e+02, 1.005117e+01
1.000000e+02, 1.146424e+01
1.000000e+02, 1.289018e+01
1.000000e+02, 1.432927e+01
1.000000e+02, 1.578178e+01
1.000000e+02, 1.724800e+01
1.000000e+02, 1.872822e+01
1.000000e+02, 2.022277e+01
1.000000e+02, 2.173195e+01
1.000000e+02, 2.325610e+01
1.000000e+02, 2.479557e+01
1.000000e+02, 2.635072e+01
1.000000e+02, 2.792194e+01
1.000000e+02, 2.950962e+01
1.000000e+02, 3.111416e+01
1.000000e+02, 3.273601e+01
1.000000e+02, 3.437560e+01
1.000000e+02, 3.603342e+01
1.000000e+02, 3.770996e+01
1.000000e+02, 3.940572e+01
1.000000e+02, 4.112127e+01
1.000000e+02, 4.285716e+01
1.000000e+02, 4.461400e+01
1.000000e+02, 4.639242e+01
1.000000e+02, 4.819308e+01
1.000000e+02, 5.001669e+01
1.000000e+02, 5.186398e+01
1.000000e+02, 5.373575e+01
1.000000e+02, 5.563282e+01
1.000000e+02, 5.755606e+01
1.000000e+02, 5.950643e+01
1.000000e+02, 6.148490e+01
1.000000e+02, 6.349253e+01
1.000000e+02, 6.553046e+01
1.000000e+02, 6.759989e+01
1.000000e+02, 6.970210e+01
1.000000e+02, 7.183849e+01
1.000000e+02, 7.401055e+01
1.000000e+02, 7.621986e+01
1.000000e+02, 7.846818e+01
1.000000e+02, 8.075736e+01
1.000000e+02, 8.308943e+01
1.000000e+02, 8.546662e+01
1.000000e+02, 8.789134e+01
1.000000e+02, 9.036622e+01
1.000000e+02, 9.289416e+01
1.000000e+02, 9.547838e+01
1.000000e+02, 9.812241e+01
1.000000e+02, 1.008302e+02
1.000000e+02, 1.036062e+02
1.000000e+02, 1.064552e+02
1.000000e+02, 1.093830e+02
1.000000e+02, 1.123958e+02
1.000000e+02, 1.155010e+02
1.000000e+02, 1.187068e+02
1.000000e+02, 1.220232e+02
1.000000e+02, 1.254616e+02
1.000000e+02, 1.290356e+02
1.000000e+02, 1.327618e+02
1.000000e+02, 1.366603e+02
1.000000e+02, 1.407562e+02
1.000000e+02, 1.450813e+02
1.000000e+02, 1.496776e+02
1.000000e+02, 1.546013e+02
1.000000e+02, 1.599319e+02
1.000000e+02, 1.657878e+02
1.000000e+02, 1.723604e+02
1.000000e+02, 1.800000e+02
##END= 