##TITLE= /opt/topspin3.0/exp/stan/nmr/lists/wave/user/HypSec_trunc2.84_110
##JCAMP-DX= 5.00 Bruker JCAMP library
##DATA TYPE= Shape Data
##ORIGIN= Bruker BioSpin GmbH
##OWNER= <nmrsu>
##DATE= 15/02/24
##TIME= 16:15:04
##MINX= 1.164538e+01
##MAXX= 9.999960e+01
##MINY= 2.546774e-02
##MAXY= 3.585574e+02
##$SHAPE_EXMODE= Adiabatic
##$SHAPE_TOTROT= 1.800000e+02
##$SHAPE_BWFAC= 1.929340e+02
##$SHAPE_INTEGFAC= 2.356110e-02
##$SHAPE_MODE= 0
##NPOINTS= 1000
##XYPOINTS= (XY..XY)
1.000000e+02, 1.800000e+02
1.000000e+02, 1.767781e+02
1.000000e+02, 1.740062e+02
1.000000e+02, 1.715365e+02
1.000000e+02, 1.692884e+02
1.000000e+02, 1.672119e+02
1.000000e+02, 1.652734e+02
1.000000e+02, 1.634493e+02
1.000000e+02, 1.617220e+02
1.000000e+02, 1.600778e+02
1.000000e+02, 1.585063e+02
1.000000e+02, 1.569990e+02
1.000000e+02, 1.555489e+02
1.000000e+02, 1.541503e+02
1.000000e+02, 1.527982e+02
1.000000e+02, 1.514887e+02
1.000000e+02, 1.502180e+02
1.000000e+02, 1.489833e+02
1.000000e+02, 1.477817e+02
1.000000e+02, 1.466110e+02
1.000000e+02, 1.454690e+02
1.000000e+02, 1.443539e+02
1.000000e+02, 1.432641e+02
1.000000e+02, 1.421979e+02
1.000000e+02, 1.411542e+02
1.000000e+02, 1.401316e+02
1.000000e+02, 1.391290e+02
1.000000e+02, 1.381455e+02
1.000000e+02, 1.371801e+02
1.000000e+02, 1.362319e+02
1.000000e+02, 1.353001e+02
1.000000e+02, 1.343841e+02
1.000000e+02, 1.334831e+02
1.000000e+02, 1.325965e+02
1.000000e+02, 1.317237e+02
1.000000e+02, 1.308642e+02
1.000000e+02, 1.300175e+02
1.000000e+02, 1.291831e+02
1.000000e+02, 1.283606e+02
1.000000e+02, 1.275495e+02
1.000000e+02, 1.267494e+02
1.000000e+02, 1.259600e+02
1.000000e+02, 1.251809e+02
1.000000e+02, 1.244119e+02
1.000000e+02, 1.236525e+02
1.000000e+02, 1.229024e+02
1.000000e+02, 1.221615e+02
1.000000e+02, 1.214294e+02
1.000000e+02, 1.207059e+02
1.000000e+02, 1.199907e+02
1.000000e+02, 1.192837e+02
1.000000e+02, 1.185845e+02
1.000000e+02, 1.178930e+02
1.000000e+02, 1.172090e+02
1.000000e+02, 1.165323e+02
1.000000e+02, 1.158627e+02
1.000000e+02, 1.152001e+02
1.000000e+02, 1.145442e+02
1.000000e+02, 1.138950e+02
1.000000e+02, 1.132522e+02
1.000000e+02, 1.126157e+02
1.000000e+02, 1.119854e+02
1.000000e+02, 1.113611e+02
1.000000e+02, 1.107427e+02
1.000000e+02, 1.101302e+02
1.000000e+02, 1.095232e+02
1.000000e+02, 1.089219e+02
1.000000e+02, 1.083259e+02
1.000000e+02, 1.077353e+02
1.000000e+02, 1.071499e+02
1.000000e+02, 1.065696e+02
1.000000e+02, 1.059944e+02
1.000000e+02, 1.054240e+02
1.000000e+02, 1.048585e+02
1.000000e+02, 1.042978e+02
1.000000e+02, 1.037417e+02
1.000000e+02, 1.031902e+02
1.000000e+02, 1.026431e+02
1.000000e+02, 1.021006e+02
1.000000e+02, 1.015623e+02
1.000000e+02, 1.010283e+02
1.000000e+02, 1.004986e+02
1.000000e+02, 9.997294e+01
1.000000e+02, 9.945137e+01
1.000000e+02, 9.893381e+01
1.000000e+02, 9.842019e+01
1.000000e+02, 9.791045e+01
1.000000e+02, 9.740452e+01
1.000000e+02, 9.690237e+01
1.000000e+02, 9.640391e+01
1.000000e+02, 9.590911e+01
1.000000e+02, 9.541791e+01
1.000000e+02, 9.493026e+01
1.000000e+02, 9.444610e+01
1.000000e+02, 9.396539e+01
1.000000e+02, 9.348808e+01
1.000000e+02, 9.301412e+01
1.000000e+02, 9.254347e+01
1.000000e+02, 9.207609e+01
1.000000e+02, 9.161192e+01
1.000000e+02, 9.115093e+01
1.000000e+02, 9.069308e+01
1.000000e+02, 9.023832e+01
1.000000e+02, 8.978662e+01
1.000000e+02, 8.933794e+01
1.000000e+02, 8.889224e+01
1.000000e+02, 8.844949e+01
1.000000e+02, 8.800964e+01
1.000000e+02, 8.757267e+01
1.000000e+02, 8.713854e+01
1.000000e+02, 8.670721e+01
1.000000e+02, 8.627866e+01
1.000000e+02, 8.585285e+01
1.000000e+02, 8.542975e+01
1.000000e+02, 8.500933e+01
1.000000e+02, 8.459156e+01
1.000000e+02, 8.417641e+01
1.000000e+02, 8.376385e+01
1.000000e+02, 8.335386e+01
1.000000e+02, 8.294640e+01
1.000000e+02, 8.254146e+01
1.000000e+02, 8.213899e+01
1.000000e+02, 8.173898e+01
1.000000e+02, 8.134141e+01
1.000000e+02, 8.094623e+01
1.000000e+02, 8.055345e+01
1.000000e+02, 8.016302e+01
1.000000e+02, 7.977492e+01
1.000000e+02, 7.938914e+01
1.000000e+02, 7.900564e+01
1.000000e+02, 7.862441e+01
1.000000e+02, 7.824543e+01
1.000000e+02, 7.786867e+01
1.000000e+02, 7.749411e+01
1.000000e+02, 7.712174e+01
1.000000e+02, 7.675153e+01
1.000000e+02, 7.638346e+01
1.000000e+02, 7.601751e+01
1.000000e+02, 7.565367e+01
1.000000e+02, 7.529191e+01
1.000000e+02, 7.493222e+01
1.000000e+02, 7.457457e+01
1.000000e+02, 7.421896e+01
1.000000e+02, 7.386535e+01
1.000000e+02, 7.351375e+01
1.000000e+02, 7.316412e+01
1.000000e+02, 7.281646e+01
1.000000e+02, 7.247074e+01
1.000000e+02, 7.212694e+01
1.000000e+02, 7.178507e+01
1.000000e+02, 7.144509e+01
1.000000e+02, 7.110699e+01
1.000000e+02, 7.077076e+01
1.000000e+02, 7.043639e+01
1.000000e+02, 7.010385e+01
1.000000e+02, 6.977313e+01
1.000000e+02, 6.944423e+01
1.000000e+02, 6.911712e+01
1.000000e+02, 6.879179e+01
1.000000e+02, 6.846824e+01
1.000000e+02, 6.814643e+01
1.000000e+02, 6.782637e+01
1.000000e+02, 6.750804e+01
1.000000e+02, 6.719142e+01
1.000000e+02, 6.687651e+01
1.000000e+02, 6.656329e+01
1.000000e+02, 6.625176e+01
1.000000e+02, 6.594188e+01
1.000000e+02, 6.563367e+01
1.000000e+02, 6.532710e+01
1.000000e+02, 6.502216e+01
1.000000e+02, 6.471884e+01
1.000000e+02, 6.441714e+01
1.000000e+02, 6.411703e+01
1.000000e+02, 6.381851e+01
1.000000e+02, 6.352157e+01
1.000000e+02, 6.322620e+01
1.000000e+02, 6.293239e+01
1.000000e+02, 6.264012e+01
1.000000e+02, 6.234939e+01
1.000000e+02, 6.206019e+01
1.000000e+02, 6.177250e+01
1.000000e+02, 6.148633e+01
1.000000e+02, 6.120165e+01
1.000000e+02, 6.091846e+01
1.000000e+02, 6.063675e+01
1.000000e+02, 6.035651e+01
1.000000e+02, 6.007773e+01
1.000000e+02, 5.980041e+01
1.000000e+02, 5.952453e+01
1.000000e+02, 5.925008e+01
1.000000e+02, 5.897706e+01
1.000000e+02, 5.870546e+01
1.000000e+02, 5.843527e+01
1.000000e+02, 5.816649e+01
1.000000e+02, 5.789909e+01
1.000000e+02, 5.763308e+01
1.000000e+02, 5.736845e+01
1.000000e+02, 5.710519e+01
1.000000e+02, 5.684329e+01
1.000000e+02, 5.658275e+01
1.000000e+02, 5.632355e+01
1.000000e+02, 5.606570e+01
1.000000e+02, 5.580917e+01
1.000000e+02, 5.555397e+01
1.000000e+02, 5.530009e+01
1.000000e+02, 5.504752e+01
1.000000e+02, 5.479626e+01
1.000000e+02, 5.454629e+01
1.000000e+02, 5.429761e+01
1.000000e+02, 5.405022e+01
1.000000e+02, 5.380410e+01
1.000000e+02, 5.355926e+01
1.000000e+02, 5.331567e+01
1.000000e+02, 5.307335e+01
1.000000e+02, 5.283228e+01
1.000000e+02, 5.259245e+01
1.000000e+02, 5.235386e+01
1.000000e+02, 5.211650e+01
1.000000e+02, 5.188037e+01
1.000000e+02, 5.164546e+01
1.000000e+02, 5.141177e+01
1.000000e+02, 5.117929e+01
1.000000e+02, 5.094800e+01
1.000000e+02, 5.071792e+01
1.000000e+02, 5.048903e+01
1.000000e+02, 5.026132e+01
1.000000e+02, 5.003480e+01
1.000000e+02, 4.980945e+01
1.000000e+02, 4.958527e+01
1.000000e+02, 4.936226e+01
1.000000e+02, 4.914040e+01
1.000000e+02, 4.891970e+01
1.000000e+02, 4.870015e+01
1.000000e+02, 4.848175e+01
1.000000e+02, 4.826448e+01
1.000000e+02, 4.804835e+01
1.000000e+02, 4.783334e+01
1.000000e+02, 4.761946e+01
1.000000e+02, 4.740670e+01
1.000000e+02, 4.719506e+01
1.000000e+02, 4.698452e+01
1.000000e+02, 4.677509e+01
1.000000e+02, 4.656676e+01
1.000000e+02, 4.635953e+01
1.000000e+02, 4.615339e+01
1.000000e+02, 4.594834e+01
1.000000e+02, 4.574437e+01
1.000000e+02, 4.554147e+01
1.000000e+02, 4.533966e+01
1.000000e+02, 4.513891e+01
1.000000e+02, 4.493923e+01
1.000000e+02, 4.474061e+01
1.000000e+02, 4.454304e+01
1.000000e+02, 4.434653e+01
1.000000e+02, 4.415107e+01
1.000000e+02, 4.395666e+01
1.000000e+02, 4.376328e+01
1.000000e+02, 4.357095e+01
1.000000e+02, 4.337964e+01
1.000000e+02, 4.318937e+01
1.000000e+02, 4.300012e+01
1.000000e+02, 4.281190e+01
1.000000e+02, 4.262469e+01
1.000000e+02, 4.243850e+01
1.000000e+02, 4.225332e+01
1.000000e+02, 4.206914e+01
1.000000e+02, 4.188597e+01
1.000000e+02, 4.170380e+01
1.000000e+02, 4.152263e+01
1.000000e+02, 4.134245e+01
1.000000e+02, 4.116326e+01
1.000000e+02, 4.098505e+01
1.000000e+02, 4.080783e+01
1.000000e+02, 4.063159e+01
1.000000e+02, 4.045633e+01
1.000000e+02, 4.028203e+01
1.000000e+02, 4.010871e+01
1.000000e+02, 3.993636e+01
1.000000e+02, 3.976497e+01
1.000000e+02, 3.959454e+01
1.000000e+02, 3.942506e+01
1.000000e+02, 3.925654e+01
1.000000e+02, 3.908897e+01
1.000000e+02, 3.892235e+01
1.000000e+02, 3.875668e+01
1.000000e+02, 3.859195e+01
1.000000e+02, 3.842815e+01
1.000000e+02, 3.826530e+01
1.000000e+02, 3.810337e+01
1.000000e+02, 3.794238e+01
1.000000e+02, 3.778231e+01
1.000000e+02, 3.762317e+01
1.000000e+02, 3.746496e+01
1.000000e+02, 3.730766e+01
1.000000e+02, 3.715128e+01
1.000000e+02, 3.699581e+01
1.000000e+02, 3.684125e+01
1.000000e+02, 3.668761e+01
1.000000e+02, 3.653487e+01
1.000000e+02, 3.638303e+01
1.000000e+02, 3.623210e+01
1.000000e+02, 3.608206e+01
1.000000e+02, 3.593292e+01
1.000000e+02, 3.578467e+01
1.000000e+02, 3.563732e+01
1.000000e+02, 3.549085e+01
1.000000e+02, 3.534527e+01
1.000000e+02, 3.520057e+01
1.000000e+02, 3.505675e+01
1.000000e+02, 3.491382e+01
1.000000e+02, 3.477176e+01
1.000000e+02, 3.463058e+01
1.000000e+02, 3.449026e+01
1.000000e+02, 3.435082e+01
1.000000e+02, 3.421225e+01
1.000000e+02, 3.407454e+01
1.000000e+02, 3.393769e+01
1.000000e+02, 3.380171e+01
1.000000e+02, 3.366659e+01
1.000000e+02, 3.353232e+01
1.000000e+02, 3.339891e+01
1.000000e+02, 3.326635e+01
1.000000e+02, 3.313464e+01
1.000000e+02, 3.300378e+01
1.000000e+02, 3.287376e+01
1.000000e+02, 3.274460e+01
1.000000e+02, 3.261627e+01
1.000000e+02, 3.248878e+01
1.000000e+02, 3.236214e+01
1.000000e+02, 3.223633e+01
1.000000e+02, 3.211135e+01
1.000000e+02, 3.198721e+01
1.000000e+02, 3.186390e+01
1.000000e+02, 3.174142e+01
1.000000e+02, 3.161977e+01
1.000000e+02, 3.149894e+01
1.000000e+02, 3.137894e+01
1.000000e+02, 3.125976e+01
1.000000e+02, 3.114139e+01
1.000000e+02, 3.102385e+01
1.000000e+02, 3.090713e+01
1.000000e+02, 3.079121e+01
1.000000e+02, 3.067612e+01
1.000000e+02, 3.056183e+01
1.000000e+02, 3.044836e+01
1.000000e+02, 3.033569e+01
1.000000e+02, 3.022383e+01
1.000000e+02, 3.011277e+01
1.000000e+02, 3.000252e+01
1.000000e+02, 2.989307e+01
1.000000e+02, 2.978442e+01
1.000000e+02, 2.967657e+01
1.000000e+02, 2.956952e+01
1.000000e+02, 2.946326e+01
1.000000e+02, 2.935780e+01
1.000000e+02, 2.925313e+01
1.000000e+02, 2.914925e+01
1.000000e+02, 2.904616e+01
1.000000e+02, 2.894386e+01
1.000000e+02, 2.884235e+01
1.000000e+02, 2.874162e+01
1.000000e+02, 2.864168e+01
1.000000e+02, 2.854252e+01
1.000000e+02, 2.844414e+01
1.000000e+02, 2.834654e+01
1.000000e+02, 2.824971e+01
1.000000e+02, 2.815367e+01
1.000000e+02, 2.805840e+01
1.000000e+02, 2.796391e+01
1.000000e+02, 2.787019e+01
1.000000e+02, 2.777724e+01
1.000000e+02, 2.768507e+01
1.000000e+02, 2.759366e+01
1.000000e+02, 2.750302e+01
1.000000e+02, 2.741315e+01
1.000000e+02, 2.732404e+01
1.000000e+02, 2.723570e+01
1.000000e+02, 2.714812e+01
1.000000e+02, 2.706131e+01
1.000000e+02, 2.697525e+01
1.000000e+02, 2.688996e+01
1.000000e+02, 2.680542e+01
1.000000e+02, 2.672165e+01
1.000000e+02, 2.663863e+01
1.000000e+02, 2.655636e+01
1.000000e+02, 2.647485e+01
1.000000e+02, 2.639409e+01
1.000000e+02, 2.631409e+01
1.000000e+02, 2.623483e+01
1.000000e+02, 2.615633e+01
1.000000e+02, 2.607857e+01
1.000000e+02, 2.600157e+01
1.000000e+02, 2.592531e+01
1.000000e+02, 2.584979e+01
1.000000e+02, 2.577503e+01
1.000000e+02, 2.570100e+01
1.000000e+02, 2.562772e+01
1.000000e+02, 2.555518e+01
1.000000e+02, 2.548339e+01
1.000000e+02, 2.541233e+01
1.000000e+02, 2.534201e+01
1.000000e+02, 2.527243e+01
1.000000e+02, 2.520359e+01
1.000000e+02, 2.513549e+01
1.000000e+02, 2.506812e+01
1.000000e+02, 2.500149e+01
1.000000e+02, 2.493559e+01
1.000000e+02, 2.487042e+01
1.000000e+02, 2.480599e+01
1.000000e+02, 2.474229e+01
1.000000e+02, 2.467932e+01
1.000000e+02, 2.461707e+01
1.000000e+02, 2.455556e+01
1.000000e+02, 2.449478e+01
1.000000e+02, 2.443473e+01
1.000000e+02, 2.437540e+01
1.000000e+02, 2.431680e+01
1.000000e+02, 2.425892e+01
1.000000e+02, 2.420177e+01
1.000000e+02, 2.414534e+01
1.000000e+02, 2.408964e+01
1.000000e+02, 2.403466e+01
1.000000e+02, 2.398040e+01
1.000000e+02, 2.392686e+01
1.000000e+02, 2.387404e+01
1.000000e+02, 2.382194e+01
1.000000e+02, 2.377057e+01
1.000000e+02, 2.371991e+01
1.000000e+02, 2.366997e+01
1.000000e+02, 2.362074e+01
1.000000e+02, 2.357223e+01
1.000000e+02, 2.352444e+01
1.000000e+02, 2.347737e+01
1.000000e+02, 2.343101e+01
1.000000e+02, 2.338536e+01
1.000000e+02, 2.334043e+01
1.000000e+02, 2.329621e+01
1.000000e+02, 2.325271e+01
1.000000e+02, 2.320991e+01
1.000000e+02, 2.316783e+01
1.000000e+02, 2.312646e+01
1.000000e+02, 2.308580e+01
1.000000e+02, 2.304586e+01
1.000000e+02, 2.300662e+01
1.000000e+02, 2.296809e+01
1.000000e+02, 2.293026e+01
1.000000e+02, 2.289315e+01
1.000000e+02, 2.285675e+01
1.000000e+02, 2.282105e+01
1.000000e+02, 2.278606e+01
1.000000e+02, 2.275178e+01
1.000000e+02, 2.271820e+01
1.000000e+02, 2.268533e+01
1.000000e+02, 2.265316e+01
1.000000e+02, 2.262170e+01
1.000000e+02, 2.259094e+01
1.000000e+02, 2.256089e+01
1.000000e+02, 2.253154e+01
1.000000e+02, 2.250290e+01
1.000000e+02, 2.247495e+01
1.000000e+02, 2.244771e+01
1.000000e+02, 2.242118e+01
1.000000e+02, 2.239534e+01
1.000000e+02, 2.237021e+01
1.000000e+02, 2.234578e+01
1.000000e+02, 2.232205e+01
1.000000e+02, 2.229902e+01
1.000000e+02, 2.227669e+01
1.000000e+02, 2.225507e+01
1.000000e+02, 2.223414e+01
1.000000e+02, 2.221391e+01
1.000000e+02, 2.219438e+01
1.000000e+02, 2.217556e+01
1.000000e+02, 2.215743e+01
1.000000e+02, 2.214000e+01
1.000000e+02, 2.212327e+01
1.000000e+02, 2.210723e+01
1.000000e+02, 2.209190e+01
1.000000e+02, 2.207727e+01
1.000000e+02, 2.206333e+01
1.000000e+02, 2.205009e+01
1.000000e+02, 2.203755e+01
1.000000e+02, 2.202570e+01
1.000000e+02, 2.201455e+01
1.000000e+02, 2.200411e+01
1.000000e+02, 2.199435e+01
1.000000e+02, 2.198530e+01
1.000000e+02, 2.197694e+01
1.000000e+02, 2.196928e+01
1.000000e+02, 2.196231e+01
1.000000e+02, 2.195605e+01
1.000000e+02, 2.195047e+01
1.000000e+02, 2.194560e+01
1.000000e+02, 2.194142e+01
1.000000e+02, 2.193794e+01
1.000000e+02, 2.193515e+01
1.000000e+02, 2.193306e+01
1.000000e+02, 2.193167e+01
1.000000e+02, 2.193098e+01
1.000000e+02, 2.193098e+01
1.000000e+02, 2.193167e+01
1.000000e+02, 2.193306e+01
1.000000e+02, 2.193515e+01
1.000000e+02, 2.193794e+01
1.000000e+02, 2.194142e+01
1.000000e+02, 2.194560e+01
1.000000e+02, 2.195047e+01
1.000000e+02, 2.195605e+01
1.000000e+02, 2.196231e+01
1.000000e+02, 2.196928e+01
1.000000e+02, 2.197694e+01
1.000000e+02, 2.198530e+01
1.000000e+02, 2.199435e+01
1.000000e+02, 2.200411e+01
1.000000e+02, 2.201455e+01
1.000000e+02, 2.202570e+01
1.000000e+02, 2.203755e+01
1.000000e+02, 2.205009e+01
1.000000e+02, 2.206333e+01
1.000000e+02, 2.207727e+01
1.000000e+02, 2.209190e+01
1.000000e+02, 2.210723e+01
1.000000e+02, 2.212327e+01
1.000000e+02, 2.214000e+01
1.000000e+02, 2.215743e+01
1.000000e+02, 2.217556e+01
1.000000e+02, 2.219438e+01
1.000000e+02, 2.221391e+01
1.000000e+02, 2.223414e+01
1.000000e+02, 2.225507e+01
1.000000e+02, 2.227669e+01
1.000000e+02, 2.229902e+01
1.000000e+02, 2.232205e+01
1.000000e+02, 2.234578e+01
1.000000e+02, 2.237021e+01
1.000000e+02, 2.239534e+01
1.000000e+02, 2.242118e+01
1.000000e+02, 2.244771e+01
1.000000e+02, 2.247495e+01
1.000000e+02, 2.250290e+01
1.000000e+02, 2.253154e+01
1.000000e+02, 2.256089e+01
1.000000e+02, 2.259094e+01
1.000000e+02, 2.262170e+01
1.000000e+02, 2.265316e+01
1.000000e+02, 2.268533e+01
1.000000e+02, 2.271820e+01
1.000000e+02, 2.275178e+01
1.000000e+02, 2.278606e+01
1.000000e+02, 2.282105e+01
1.000000e+02, 2.285675e+01
1.000000e+02, 2.289315e+01
1.000000e+02, 2.293026e+01
1.000000e+02, 2.296809e+01
1.000000e+02, 2.300662e+01
1.000000e+02, 2.304586e+01
1.000000e+02, 2.308580e+01
1.000000e+02, 2.312646e+01
1.000000e+02, 2.316783e+01
1.000000e+02, 2.320991e+01
1.000000e+02, 2.325271e+01
1.000000e+02, 2.329621e+01
1.000000e+02, 2.334043e+01
1.000000e+02, 2.338536e+01
1.000000e+02, 2.343101e+01
1.000000e+02, 2.347737e+01
1.000000e+02, 2.352444e+01
1.000000e+02, 2.357223e+01
1.000000e+02, 2.362074e+01
1.000000e+02, 2.366997e+01
1.000000e+02, 2.371991e+01
1.000000e+02, 2.377057e+01
1.000000e+02, 2.382194e+01
1.000000e+02, 2.387404e+01
1.000000e+02, 2.392686e+01
1.000000e+02, 2.398040e+01
1.000000e+02, 2.403466e+01
1.000000e+02, 2.408964e+01
1.000000e+02, 2.414534e+01
1.000000e+02, 2.420177e+01
1.000000e+02, 2.425892e+01
1.000000e+02, 2.431680e+01
1.000000e+02, 2.437540e+01
1.000000e+02, 2.443473e+01
1.000000e+02, 2.449478e+01
1.000000e+02, 2.455556e+01
1.000000e+02, 2.461707e+01
1.000000e+02, 2.467932e+01
1.000000e+02, 2.474229e+01
1.000000e+02, 2.480599e+01
1.000000e+02, 2.487042e+01
1.000000e+02, 2.493559e+01
1.000000e+02, 2.500149e+01
1.000000e+02, 2.506812e+01
1.000000e+02, 2.513549e+01
1.000000e+02, 2.520359e+01
1.000000e+02, 2.527243e+01
1.000000e+02, 2.534201e+01
1.000000e+02, 2.541233e+01
1.000000e+02, 2.548339e+01
1.000000e+02, 2.555518e+01
1.000000e+02, 2.562772e+01
1.000000e+02, 2.570100e+01
1.000000e+02, 2.577503e+01
1.000000e+02, 2.584980e+01
1.000000e+02, 2.592531e+01
1.000000e+02, 2.600157e+01
1.000000e+02, 2.607857e+01
1.000000e+02, 2.615633e+01
1.000000e+02, 2.623483e+01
1.000000e+02, 2.631409e+01
1.000000e+02, 2.639409e+01
1.000000e+02, 2.647485e+01
1.000000e+02, 2.655636e+01
1.000000e+02, 2.663863e+01
1.000000e+02, 2.672165e+01
1.000000e+02, 2.680543e+01
1.000000e+02, 2.688996e+01
1.000000e+02, 2.697525e+01
1.000000e+02, 2.706131e+01
1.000000e+02, 2.714812e+01
1.000000e+02, 2.723570e+01
1.000000e+02, 2.732404e+01
1.000000e+02, 2.741315e+01
1.000000e+02, 2.750302e+01
1.000000e+02, 2.759366e+01
1.000000e+02, 2.768507e+01
1.000000e+02, 2.777724e+01
1.000000e+02, 2.787019e+01
1.000000e+02, 2.796391e+01
1.000000e+02, 2.805840e+01
1.000000e+02, 2.815367e+01
1.000000e+02, 2.824972e+01
1.000000e+02, 2.834654e+01
1.000000e+02, 2.844414e+01
1.000000e+02, 2.854252e+01
1.000000e+02, 2.864168e+01
1.000000e+02, 2.874162e+01
1.000000e+02, 2.884235e+01
1.000000e+02, 2.894386e+01
1.000000e+02, 2.904616e+01
1.000000e+02, 2.914925e+01
1.000000e+02, 2.925313e+01
1.000000e+02, 2.935780e+01
1.000000e+02, 2.946326e+01
1.000000e+02, 2.956952e+01
1.000000e+02, 2.967657e+01
1.000000e+02, 2.978442e+01
1.000000e+02, 2.989307e+01
1.000000e+02, 3.000252e+01
1.000000e+02, 3.011277e+01
1.000000e+02, 3.022383e+01
1.000000e+02, 3.033569e+01
1.000000e+02, 3.044836e+01
1.000000e+02, 3.056183e+01
1.000000e+02, 3.067612e+01
1.000000e+02, 3.079121e+01
1.000000e+02, 3.090713e+01
1.000000e+02, 3.102385e+01
1.000000e+02, 3.114139e+01
1.000000e+02, 3.125976e+01
1.000000e+02, 3.137894e+01
1.000000e+02, 3.149894e+01
1.000000e+02, 3.161977e+01
1.000000e+02, 3.174142e+01
1.000000e+02, 3.186390e+01
1.000000e+02, 3.198721e+01
1.000000e+02, 3.211135e+01
1.000000e+02, 3.223633e+01
1.000000e+02, 3.236214e+01
1.000000e+02, 3.248878e+01
1.000000e+02, 3.261627e+01
1.000000e+02, 3.274460e+01
1.000000e+02, 3.287376e+01
1.000000e+02, 3.300378e+01
1.000000e+02, 3.313464e+01
1.000000e+02, 3.326635e+01
1.000000e+02, 3.339891e+01
1.000000e+02, 3.353232e+01
1.000000e+02, 3.366659e+01
1.000000e+02, 3.380171e+01
1.000000e+02, 3.393769e+01
1.000000e+02, 3.407454e+01
1.000000e+02, 3.421225e+01
1.000000e+02, 3.435082e+01
1.000000e+02, 3.449026e+01
1.000000e+02, 3.463058e+01
1.000000e+02, 3.477176e+01
1.000000e+02, 3.491382e+01
1.000000e+02, 3.505676e+01
1.000000e+02, 3.520057e+01
1.000000e+02, 3.534527e+01
1.000000e+02, 3.549085e+01
1.000000e+02, 3.563732e+01
1.000000e+02, 3.578467e+01
1.000000e+02, 3.593292e+01
1.000000e+02, 3.608206e+01
1.000000e+02, 3.623210e+01
1.000000e+02, 3.638303e+01
1.000000e+02, 3.653487e+01
1.000000e+02, 3.668761e+01
1.000000e+02, 3.684126e+01
1.000000e+02, 3.699581e+01
1.000000e+02, 3.715128e+01
1.000000e+02, 3.730766e+01
1.000000e+02, 3.746496e+01
1.000000e+02, 3.762318e+01
1.000000e+02, 3.778232e+01
1.000000e+02, 3.794238e+01
1.000000e+02, 3.810337e+01
1.000000e+02, 3.826530e+01
1.000000e+02, 3.842815e+01
1.000000e+02, 3.859195e+01
1.000000e+02, 3.875668e+01
1.000000e+02, 3.892235e+01
1.000000e+02, 3.908897e+01
1.000000e+02, 3.925654e+01
1.000000e+02, 3.942506e+01
1.000000e+02, 3.959454e+01
1.000000e+02, 3.976497e+01
1.000000e+02, 3.993636e+01
1.000000e+02, 4.010871e+01
1.000000e+02, 4.028204e+01
1.000000e+02, 4.045633e+01
1.000000e+02, 4.063159e+01
1.000000e+02, 4.080783e+01
1.000000e+02, 4.098505e+01
1.000000e+02, 4.116326e+01
1.000000e+02, 4.134245e+01
1.000000e+02, 4.152263e+01
1.000000e+02, 4.170380e+01
1.000000e+02, 4.188597e+01
1.000000e+02, 4.206914e+01
1.000000e+02, 4.225332e+01
1.000000e+02, 4.243850e+01
1.000000e+02, 4.262469e+01
1.000000e+02, 4.281190e+01
1.000000e+02, 4.300012e+01
1.000000e+02, 4.318937e+01
1.000000e+02, 4.337965e+01
1.000000e+02, 4.357095e+01
1.000000e+02, 4.376329e+01
1.000000e+02, 4.395666e+01
1.000000e+02, 4.415107e+01
1.000000e+02, 4.434653e+01
1.000000e+02, 4.454304e+01
1.000000e+02, 4.474061e+01
1.000000e+02, 4.493923e+01
1.000000e+02, 4.513891e+01
1.000000e+02, 4.533966e+01
1.000000e+02, 4.554148e+01
1.000000e+02, 4.574437e+01
1.000000e+02, 4.594834e+01
1.000000e+02, 4.615339e+01
1.000000e+02, 4.635953e+01
1.000000e+02, 4.656676e+01
1.000000e+02, 4.677509e+01
1.000000e+02, 4.698452e+01
1.000000e+02, 4.719506e+01
1.000000e+02, 4.740670e+01
1.000000e+02, 4.761946e+01
1.000000e+02, 4.783334e+01
1.000000e+02, 4.804835e+01
1.000000e+02, 4.826448e+01
1.000000e+02, 4.848175e+01
1.000000e+02, 4.870015e+01
1.000000e+02, 4.891970e+01
1.000000e+02, 4.914040e+01
1.000000e+02, 4.936226e+01
1.000000e+02, 4.958527e+01
1.000000e+02, 4.980945e+01
1.000000e+02, 5.003480e+01
1.000000e+02, 5.026132e+01
1.000000e+02, 5.048903e+01
1.000000e+02, 5.071792e+01
1.000000e+02, 5.094801e+01
1.000000e+02, 5.117929e+01
1.000000e+02, 5.141177e+01
1.000000e+02, 5.164547e+01
1.000000e+02, 5.188037e+01
1.000000e+02, 5.211650e+01
1.000000e+02, 5.235386e+01
1.000000e+02, 5.259245e+01
1.000000e+02, 5.283228e+01
1.000000e+02, 5.307335e+01
1.000000e+02, 5.331567e+01
1.000000e+02, 5.355926e+01
1.000000e+02, 5.380410e+01
1.000000e+02, 5.405022e+01
1.000000e+02, 5.429761e+01
1.000000e+02, 5.454629e+01
1.000000e+02, 5.479626e+01
1.000000e+02, 5.504753e+01
1.000000e+02, 5.530009e+01
1.000000e+02, 5.555398e+01
1.000000e+02, 5.580917e+01
1.000000e+02, 5.606570e+01
1.000000e+02, 5.632355e+01
1.000000e+02, 5.658275e+01
1.000000e+02, 5.684329e+01
1.000000e+02, 5.710519e+01
1.000000e+02, 5.736845e+01
1.000000e+02, 5.763308e+01
1.000000e+02, 5.789909e+01
1.000000e+02, 5.816649e+01
1.000000e+02, 5.843528e+01
1.000000e+02, 5.870547e+01
1.000000e+02, 5.897707e+01
1.000000e+02, 5.925008e+01
1.000000e+02, 5.952453e+01
1.000000e+02, 5.980041e+01
1.000000e+02, 6.007773e+01
1.000000e+02, 6.035651e+01
1.000000e+02, 6.063675e+01
1.000000e+02, 6.091846e+01
1.000000e+02, 6.120165e+01
1.000000e+02, 6.148633e+01
1.000000e+02, 6.177250e+01
1.000000e+02, 6.206019e+01
1.000000e+02, 6.234939e+01
1.000000e+02, 6.264012e+01
1.000000e+02, 6.293239e+01
1.000000e+02, 6.322620e+01
1.000000e+02, 6.352157e+01
1.000000e+02, 6.381851e+01
1.000000e+02, 6.411703e+01
1.000000e+02, 6.441714e+01
1.000000e+02, 6.471884e+01
1.000000e+02, 6.502216e+01
1.000000e+02, 6.532710e+01
1.000000e+02, 6.563367e+01
1.000000e+02, 6.594188e+01
1.000000e+02, 6.625176e+01
1.000000e+02, 6.656330e+01
1.000000e+02, 6.687652e+01
1.000000e+02, 6.719143e+01
1.000000e+02, 6.750804e+01
1.000000e+02, 6.782637e+01
1.000000e+02, 6.814643e+01
1.000000e+02, 6.846824e+01
1.000000e+02, 6.879180e+01
1.000000e+02, 6.911712e+01
1.000000e+02, 6.944423e+01
1.000000e+02, 6.977314e+01
1.000000e+02, 7.010385e+01
1.000000e+02, 7.043639e+01
1.000000e+02, 7.077076e+01
1.000000e+02, 7.110699e+01
1.000000e+02, 7.144509e+01
1.000000e+02, 7.178507e+01
1.000000e+02, 7.212695e+01
1.000000e+02, 7.247074e+01
1.000000e+02, 7.281646e+01
1.000000e+02, 7.316412e+01
1.000000e+02, 7.351375e+01
1.000000e+02, 7.386536e+01
1.000000e+02, 7.421896e+01
1.000000e+02, 7.457457e+01
1.000000e+02, 7.493222e+01
1.000000e+02, 7.529191e+01
1.000000e+02, 7.565367e+01
1.000000e+02, 7.601751e+01
1.000000e+02, 7.638346e+01
1.000000e+02, 7.675153e+01
1.000000e+02, 7.712174e+01
1.000000e+02, 7.749412e+01
1.000000e+02, 7.786867e+01
1.000000e+02, 7.824543e+01
1.000000e+02, 7.862441e+01
1.000000e+02, 7.900564e+01
1.000000e+02, 7.938914e+01
1.000000e+02, 7.977492e+01
1.000000e+02, 8.016302e+01
1.000000e+02, 8.055345e+01
1.000000e+02, 8.094624e+01
1.000000e+02, 8.134141e+01
1.000000e+02, 8.173898e+01
1.000000e+02, 8.213899e+01
1.000000e+02, 8.254146e+01
1.000000e+02, 8.294641e+01
1.000000e+02, 8.335386e+01
1.000000e+02, 8.376386e+01
1.000000e+02, 8.417641e+01
1.000000e+02, 8.459156e+01
1.000000e+02, 8.500933e+01
1.000000e+02, 8.542975e+01
1.000000e+02, 8.585285e+01
1.000000e+02, 8.627866e+01
1.000000e+02, 8.670721e+01
1.000000e+02, 8.713854e+01
1.000000e+02, 8.757267e+01
1.000000e+02, 8.800964e+01
1.000000e+02, 8.844949e+01
1.000000e+02, 8.889224e+01
1.000000e+02, 8.933794e+01
1.000000e+02, 8.978662e+01
1.000000e+02, 9.023832e+01
1.000000e+02, 9.069308e+01
1.000000e+02, 9.115093e+01
1.000000e+02, 9.161192e+01
1.000000e+02, 9.207609e+01
1.000000e+02, 9.254347e+01
1.000000e+02, 9.301412e+01
1.000000e+02, 9.348808e+01
1.000000e+02, 9.396539e+01
1.000000e+02, 9.444610e+01
1.000000e+02, 9.493026e+01
1.000000e+02, 9.541791e+01
1.000000e+02, 9.590912e+01
1.000000e+02, 9.640392e+01
1.000000e+02, 9.690237e+01
1.000000e+02, 9.740453e+01
1.000000e+02, 9.791045e+01
1.000000e+02, 9.842019e+01
1.000000e+02, 9.893381e+01
1.000000e+02, 9.945137e+01
1.000000e+02, 9.997294e+01
1.000000e+02, 1.004986e+02
1.000000e+02, 1.010283e+02
1.000000e+02, 1.015623e+02
1.000000e+02, 1.021006e+02
1.000000e+02, 1.026431e+02
1.000000e+02, 1.031902e+02
1.000000e+02, 1.037417e+02
1.000000e+02, 1.042978e+02
1.000000e+02, 1.048585e+02
1.000000e+02, 1.054240e+02
1.000000e+02, 1.059944e+02
1.000000e+02, 1.065696e+02
1.000000e+02, 1.071499e+02
1.000000e+02, 1.077353e+02
1.000000e+02, 1.083259e+02
1.000000e+02, 1.089219e+02
1.000000e+02, 1.095232e+02
1.000000e+02, 1.101302e+02
1.000000e+02, 1.107428e+02
1.000000e+02, 1.113611e+02
1.000000e+02, 1.119854e+02
1.000000e+02, 1.126157e+02
1.000000e+02, 1.132522e+02
1.000000e+02, 1.138950e+02
1.000000e+02, 1.145442e+02
1.000000e+02, 1.152001e+02
1.000000e+02, 1.158627e+02
1.000000e+02, 1.165323e+02
1.000000e+02, 1.172090e+02
1.000000e+02, 1.178930e+02
1.000000e+02, 1.185845e+02
1.000000e+02, 1.192837e+02
1.000000e+02, 1.199907e+02
1.000000e+02, 1.207059e+02
1.000000e+02, 1.214294e+02
1.000000e+02, 1.221615e+02
1.000000e+02, 1.229024e+02
1.000000e+02, 1.236525e+02
1.000000e+02, 1.244119e+02
1.000000e+02, 1.251810e+02
1.000000e+02, 1.259600e+02
1.000000e+02, 1.267494e+02
1.000000e+02, 1.275495e+02
1.000000e+02, 1.283606e+02
1.000000e+02, 1.291831e+02
1.000000e+02, 1.300175e+02
1.000000e+02, 1.308642e+02
1.000000e+02, 1.317237e+02
1.000000e+02, 1.325965e+02
1.000000e+02, 1.334831e+02
1.000000e+02, 1.343841e+02
1.000000e+02, 1.353001e+02
1.000000e+02, 1.362319e+02
1.000000e+02, 1.371801e+02
1.000000e+02, 1.381455e+02
1.000000e+02, 1.391290e+02
1.000000e+02, 1.401316e+02
1.000000e+02, 1.411542e+02
1.000000e+02, 1.421979e+02
1.000000e+02, 1.432641e+02
1.000000e+02, 1.443539e+02
1.000000e+02, 1.454690e+02
1.000000e+02, 1.466110e+02
1.000000e+02, 1.477817e+02
1.000000e+02, 1.489833e+02
1.000000e+02, 1.502180e+02
1.000000e+02, 1.514887e+02
1.000000e+02, 1.527982e+02
1.000000e+02, 1.541503e+02
1.000000e+02, 1.555489e+02
1.000000e+02, 1.569990e+02
1.000000e+02, 1.585063e+02
1.000000e+02, 1.600778e+02
1.000000e+02, 1.617220e+02
1.000000e+02, 1.634493e+02
1.000000e+02, 1.652734e+02
1.000000e+02, 1.672119e+02
1.000000e+02, 1.692884e+02
1.000000e+02, 1.715365e+02
1.000000e+02, 1.740062e+02
1.000000e+02, 1.767781e+02
1.000000e+02, 1.800000e+02
##END= 