##TITLE= /opt/topspin3.0/exp/stan/nmr/lists/wave/user/HypSec_trunc2.84_110
##JCAMP-DX= 5.00 Bruker JCAMP library
##DATA TYPE= Shape Data
##ORIGIN= Bruker BioSpin GmbH
##OWNER= <nmrsu>
##DATE= 15/02/24
##TIME= 16:15:04
##MINX= 1.164538e+01
##MAXX= 9.999960e+01
##MINY= 2.546774e-02
##MAXY= 3.585574e+02
##$SHAPE_EXMODE= Adiabatic
##$SHAPE_TOTROT= 1.800000e+02
##$SHAPE_BWFAC= 1.929340e+02
##$SHAPE_INTEGFAC= 2.356110e-02
##$SHAPE_MODE= 0
##NPOINTS= 1000
##XYPOINTS= (XY..XY)
1.000000e+02, 1.800000e+02
1.000000e+02, 1.751505e+02
1.000000e+02, 1.709783e+02
1.000000e+02, 1.672611e+02
1.000000e+02, 1.638774e+02
1.000000e+02, 1.607519e+02
1.000000e+02, 1.578342e+02
1.000000e+02, 1.550887e+02
1.000000e+02, 1.524887e+02
1.000000e+02, 1.500140e+02
1.000000e+02, 1.476487e+02
1.000000e+02, 1.453800e+02
1.000000e+02, 1.431973e+02
1.000000e+02, 1.410922e+02
1.000000e+02, 1.390571e+02
1.000000e+02, 1.370860e+02
1.000000e+02, 1.351735e+02
1.000000e+02, 1.333150e+02
1.000000e+02, 1.315065e+02
1.000000e+02, 1.297444e+02
1.000000e+02, 1.280255e+02
1.000000e+02, 1.263471e+02
1.000000e+02, 1.247067e+02
1.000000e+02, 1.231020e+02
1.000000e+02, 1.215310e+02
1.000000e+02, 1.199919e+02
1.000000e+02, 1.184829e+02
1.000000e+02, 1.170025e+02
1.000000e+02, 1.155494e+02
1.000000e+02, 1.141222e+02
1.000000e+02, 1.127197e+02
1.000000e+02, 1.113410e+02
1.000000e+02, 1.099848e+02
1.000000e+02, 1.086504e+02
1.000000e+02, 1.073367e+02
1.000000e+02, 1.060431e+02
1.000000e+02, 1.047687e+02
1.000000e+02, 1.035128e+02
1.000000e+02, 1.022747e+02
1.000000e+02, 1.010539e+02
1.000000e+02, 9.984965e+01
1.000000e+02, 9.866148e+01
1.000000e+02, 9.748885e+01
1.000000e+02, 9.633126e+01
1.000000e+02, 9.518823e+01
1.000000e+02, 9.405932e+01
1.000000e+02, 9.294411e+01
1.000000e+02, 9.184219e+01
1.000000e+02, 9.075320e+01
1.000000e+02, 8.967675e+01
1.000000e+02, 8.861252e+01
1.000000e+02, 8.756016e+01
1.000000e+02, 8.651938e+01
1.000000e+02, 8.548986e+01
1.000000e+02, 8.447132e+01
1.000000e+02, 8.346349e+01
1.000000e+02, 8.246611e+01
1.000000e+02, 8.147892e+01
1.000000e+02, 8.050169e+01
1.000000e+02, 7.953419e+01
1.000000e+02, 7.857619e+01
1.000000e+02, 7.762748e+01
1.000000e+02, 7.668786e+01
1.000000e+02, 7.575713e+01
1.000000e+02, 7.483510e+01
1.000000e+02, 7.392159e+01
1.000000e+02, 7.301643e+01
1.000000e+02, 7.211944e+01
1.000000e+02, 7.123046e+01
1.000000e+02, 7.034934e+01
1.000000e+02, 6.947593e+01
1.000000e+02, 6.861007e+01
1.000000e+02, 6.775162e+01
1.000000e+02, 6.690045e+01
1.000000e+02, 6.605643e+01
1.000000e+02, 6.521942e+01
1.000000e+02, 6.438931e+01
1.000000e+02, 6.356597e+01
1.000000e+02, 6.274929e+01
1.000000e+02, 6.193914e+01
1.000000e+02, 6.113543e+01
1.000000e+02, 6.033805e+01
1.000000e+02, 5.954689e+01
1.000000e+02, 5.876186e+01
1.000000e+02, 5.798285e+01
1.000000e+02, 5.720977e+01
1.000000e+02, 5.644253e+01
1.000000e+02, 5.568104e+01
1.000000e+02, 5.492521e+01
1.000000e+02, 5.417496e+01
1.000000e+02, 5.343021e+01
1.000000e+02, 5.269088e+01
1.000000e+02, 5.195688e+01
1.000000e+02, 5.122815e+01
1.000000e+02, 5.050461e+01
1.000000e+02, 4.978618e+01
1.000000e+02, 4.907280e+01
1.000000e+02, 4.836440e+01
1.000000e+02, 4.766091e+01
1.000000e+02, 4.696227e+01
1.000000e+02, 4.626841e+01
1.000000e+02, 4.557927e+01
1.000000e+02, 4.489479e+01
1.000000e+02, 4.421491e+01
1.000000e+02, 4.353958e+01
1.000000e+02, 4.286873e+01
1.000000e+02, 4.220232e+01
1.000000e+02, 4.154028e+01
1.000000e+02, 4.088257e+01
1.000000e+02, 4.022914e+01
1.000000e+02, 3.957993e+01
1.000000e+02, 3.893489e+01
1.000000e+02, 3.829398e+01
1.000000e+02, 3.765715e+01
1.000000e+02, 3.702435e+01
1.000000e+02, 3.639555e+01
1.000000e+02, 3.577068e+01
1.000000e+02, 3.514972e+01
1.000000e+02, 3.453262e+01
1.000000e+02, 3.391933e+01
1.000000e+02, 3.330982e+01
1.000000e+02, 3.270405e+01
1.000000e+02, 3.210197e+01
1.000000e+02, 3.150356e+01
1.000000e+02, 3.090877e+01
1.000000e+02, 3.031756e+01
1.000000e+02, 2.972990e+01
1.000000e+02, 2.914576e+01
1.000000e+02, 2.856509e+01
1.000000e+02, 2.798787e+01
1.000000e+02, 2.741407e+01
1.000000e+02, 2.684364e+01
1.000000e+02, 2.627656e+01
1.000000e+02, 2.571279e+01
1.000000e+02, 2.515231e+01
1.000000e+02, 2.459508e+01
1.000000e+02, 2.404108e+01
1.000000e+02, 2.349027e+01
1.000000e+02, 2.294263e+01
1.000000e+02, 2.239813e+01
1.000000e+02, 2.185674e+01
1.000000e+02, 2.131843e+01
1.000000e+02, 2.078317e+01
1.000000e+02, 2.025095e+01
1.000000e+02, 1.972172e+01
1.000000e+02, 1.919548e+01
1.000000e+02, 1.867219e+01
1.000000e+02, 1.815183e+01
1.000000e+02, 1.763437e+01
1.000000e+02, 1.711979e+01
1.000000e+02, 1.660807e+01
1.000000e+02, 1.609918e+01
1.000000e+02, 1.559311e+01
1.000000e+02, 1.508982e+01
1.000000e+02, 1.458930e+01
1.000000e+02, 1.409152e+01
1.000000e+02, 1.359647e+01
1.000000e+02, 1.310412e+01
1.000000e+02, 1.261445e+01
1.000000e+02, 1.212745e+01
1.000000e+02, 1.164308e+01
1.000000e+02, 1.116134e+01
1.000000e+02, 1.068220e+01
1.000000e+02, 1.020565e+01
1.000000e+02, 9.731660e+00
1.000000e+02, 9.260217e+00
1.000000e+02, 8.791302e+00
1.000000e+02, 8.324897e+00
1.000000e+02, 7.860985e+00
1.000000e+02, 7.399547e+00
1.000000e+02, 6.940568e+00
1.000000e+02, 6.484029e+00
1.000000e+02, 6.029915e+00
1.000000e+02, 5.578209e+00
1.000000e+02, 5.128894e+00
1.000000e+02, 4.681954e+00
1.000000e+02, 4.237374e+00
1.000000e+02, 3.795139e+00
1.000000e+02, 3.355232e+00
1.000000e+02, 2.917639e+00
1.000000e+02, 2.482345e+00
1.000000e+02, 2.049335e+00
1.000000e+02, 1.618595e+00
1.000000e+02, 1.190110e+00
1.000000e+02, 7.638660e-01
1.000000e+02, 3.398495e-01
1.000000e+02, 3.599180e+02
1.000000e+02, 3.594984e+02
1.000000e+02, 3.590810e+02
1.000000e+02, 3.586658e+02
1.000000e+02, 3.582527e+02
1.000000e+02, 3.578418e+02
1.000000e+02, 3.574330e+02
1.000000e+02, 3.570263e+02
1.000000e+02, 3.566217e+02
1.000000e+02, 3.562193e+02
1.000000e+02, 3.558189e+02
1.000000e+02, 3.554206e+02
1.000000e+02, 3.550243e+02
1.000000e+02, 3.546301e+02
1.000000e+02, 3.542380e+02
1.000000e+02, 3.538478e+02
1.000000e+02, 3.534597e+02
1.000000e+02, 3.530736e+02
1.000000e+02, 3.526895e+02
1.000000e+02, 3.523074e+02
1.000000e+02, 3.519272e+02
1.000000e+02, 3.515490e+02
1.000000e+02, 3.511728e+02
1.000000e+02, 3.507985e+02
1.000000e+02, 3.504261e+02
1.000000e+02, 3.500557e+02
1.000000e+02, 3.496871e+02
1.000000e+02, 3.493205e+02
1.000000e+02, 3.489558e+02
1.000000e+02, 3.485929e+02
1.000000e+02, 3.482319e+02
1.000000e+02, 3.478728e+02
1.000000e+02, 3.475156e+02
1.000000e+02, 3.471601e+02
1.000000e+02, 3.468066e+02
1.000000e+02, 3.464548e+02
1.000000e+02, 3.461049e+02
1.000000e+02, 3.457568e+02
1.000000e+02, 3.454105e+02
1.000000e+02, 3.450660e+02
1.000000e+02, 3.447232e+02
1.000000e+02, 3.443823e+02
1.000000e+02, 3.440431e+02
1.000000e+02, 3.437057e+02
1.000000e+02, 3.433700e+02
1.000000e+02, 3.430361e+02
1.000000e+02, 3.427039e+02
1.000000e+02, 3.423734e+02
1.000000e+02, 3.420447e+02
1.000000e+02, 3.417177e+02
1.000000e+02, 3.413924e+02
1.000000e+02, 3.410687e+02
1.000000e+02, 3.407468e+02
1.000000e+02, 3.404266e+02
1.000000e+02, 3.401080e+02
1.000000e+02, 3.397911e+02
1.000000e+02, 3.394759e+02
1.000000e+02, 3.391623e+02
1.000000e+02, 3.388504e+02
1.000000e+02, 3.385402e+02
1.000000e+02, 3.382315e+02
1.000000e+02, 3.379245e+02
1.000000e+02, 3.376191e+02
1.000000e+02, 3.373154e+02
1.000000e+02, 3.370132e+02
1.000000e+02, 3.367127e+02
1.000000e+02, 3.364137e+02
1.000000e+02, 3.361163e+02
1.000000e+02, 3.358206e+02
1.000000e+02, 3.355264e+02
1.000000e+02, 3.352337e+02
1.000000e+02, 3.349427e+02
1.000000e+02, 3.346532e+02
1.000000e+02, 3.343652e+02
1.000000e+02, 3.340788e+02
1.000000e+02, 3.337940e+02
1.000000e+02, 3.335107e+02
1.000000e+02, 3.332289e+02
1.000000e+02, 3.329487e+02
1.000000e+02, 3.326699e+02
1.000000e+02, 3.323927e+02
1.000000e+02, 3.321170e+02
1.000000e+02, 3.318428e+02
1.000000e+02, 3.315701e+02
1.000000e+02, 3.312989e+02
1.000000e+02, 3.310292e+02
1.000000e+02, 3.307610e+02
1.000000e+02, 3.304943e+02
1.000000e+02, 3.302290e+02
1.000000e+02, 3.299652e+02
1.000000e+02, 3.297029e+02
1.000000e+02, 3.294420e+02
1.000000e+02, 3.291826e+02
1.000000e+02, 3.289246e+02
1.000000e+02, 3.286681e+02
1.000000e+02, 3.284130e+02
1.000000e+02, 3.281593e+02
1.000000e+02, 3.279071e+02
1.000000e+02, 3.276563e+02
1.000000e+02, 3.274070e+02
1.000000e+02, 3.271590e+02
1.000000e+02, 3.269125e+02
1.000000e+02, 3.266674e+02
1.000000e+02, 3.264236e+02
1.000000e+02, 3.261813e+02
1.000000e+02, 3.259404e+02
1.000000e+02, 3.257009e+02
1.000000e+02, 3.254627e+02
1.000000e+02, 3.252260e+02
1.000000e+02, 3.249906e+02
1.000000e+02, 3.247566e+02
1.000000e+02, 3.245240e+02
1.000000e+02, 3.242927e+02
1.000000e+02, 3.240628e+02
1.000000e+02, 3.238343e+02
1.000000e+02, 3.236071e+02
1.000000e+02, 3.233812e+02
1.000000e+02, 3.231568e+02
1.000000e+02, 3.229336e+02
1.000000e+02, 3.227118e+02
1.000000e+02, 3.224914e+02
1.000000e+02, 3.222723e+02
1.000000e+02, 3.220545e+02
1.000000e+02, 3.218380e+02
1.000000e+02, 3.216229e+02
1.000000e+02, 3.214090e+02
1.000000e+02, 3.211965e+02
1.000000e+02, 3.209853e+02
1.000000e+02, 3.207755e+02
1.000000e+02, 3.205669e+02
1.000000e+02, 3.203596e+02
1.000000e+02, 3.201536e+02
1.000000e+02, 3.199490e+02
1.000000e+02, 3.197456e+02
1.000000e+02, 3.195435e+02
1.000000e+02, 3.193427e+02
1.000000e+02, 3.191432e+02
1.000000e+02, 3.189449e+02
1.000000e+02, 3.187480e+02
1.000000e+02, 3.185523e+02
1.000000e+02, 3.183578e+02
1.000000e+02, 3.181647e+02
1.000000e+02, 3.179728e+02
1.000000e+02, 3.177822e+02
1.000000e+02, 3.175928e+02
1.000000e+02, 3.174047e+02
1.000000e+02, 3.172179e+02
1.000000e+02, 3.170323e+02
1.000000e+02, 3.168479e+02
1.000000e+02, 3.166648e+02
1.000000e+02, 3.164829e+02
1.000000e+02, 3.163023e+02
1.000000e+02, 3.161229e+02
1.000000e+02, 3.159448e+02
1.000000e+02, 3.157679e+02
1.000000e+02, 3.155922e+02
1.000000e+02, 3.154177e+02
1.000000e+02, 3.152445e+02
1.000000e+02, 3.150724e+02
1.000000e+02, 3.149016e+02
1.000000e+02, 3.147321e+02
1.000000e+02, 3.145637e+02
1.000000e+02, 3.143965e+02
1.000000e+02, 3.142306e+02
1.000000e+02, 3.140659e+02
1.000000e+02, 3.139023e+02
1.000000e+02, 3.137400e+02
1.000000e+02, 3.135789e+02
1.000000e+02, 3.134189e+02
1.000000e+02, 3.132602e+02
1.000000e+02, 3.131026e+02
1.000000e+02, 3.129463e+02
1.000000e+02, 3.127911e+02
1.000000e+02, 3.126372e+02
1.000000e+02, 3.124844e+02
1.000000e+02, 3.123327e+02
1.000000e+02, 3.121823e+02
1.000000e+02, 3.120331e+02
1.000000e+02, 3.118850e+02
1.000000e+02, 3.117381e+02
1.000000e+02, 3.115924e+02
1.000000e+02, 3.114478e+02
1.000000e+02, 3.113044e+02
1.000000e+02, 3.111622e+02
1.000000e+02, 3.110211e+02
1.000000e+02, 3.108812e+02
1.000000e+02, 3.107425e+02
1.000000e+02, 3.106049e+02
1.000000e+02, 3.104685e+02
1.000000e+02, 3.103332e+02
1.000000e+02, 3.101991e+02
1.000000e+02, 3.100661e+02
1.000000e+02, 3.099343e+02
1.000000e+02, 3.098036e+02
1.000000e+02, 3.096741e+02
1.000000e+02, 3.095457e+02
1.000000e+02, 3.094185e+02
1.000000e+02, 3.092924e+02
1.000000e+02, 3.091674e+02
1.000000e+02, 3.090436e+02
1.000000e+02, 3.089209e+02
1.000000e+02, 3.087994e+02
1.000000e+02, 3.086789e+02
1.000000e+02, 3.085596e+02
1.000000e+02, 3.084415e+02
1.000000e+02, 3.083245e+02
1.000000e+02, 3.082085e+02
1.000000e+02, 3.080938e+02
1.000000e+02, 3.079801e+02
1.000000e+02, 3.078676e+02
1.000000e+02, 3.077561e+02
1.000000e+02, 3.076458e+02
1.000000e+02, 3.075367e+02
1.000000e+02, 3.074286e+02
1.000000e+02, 3.073217e+02
1.000000e+02, 3.072158e+02
1.000000e+02, 3.071111e+02
1.000000e+02, 3.070075e+02
1.000000e+02, 3.069050e+02
1.000000e+02, 3.068036e+02
1.000000e+02, 3.067033e+02
1.000000e+02, 3.066041e+02
1.000000e+02, 3.065060e+02
1.000000e+02, 3.064090e+02
1.000000e+02, 3.063131e+02
1.000000e+02, 3.062184e+02
1.000000e+02, 3.061247e+02
1.000000e+02, 3.060321e+02
1.000000e+02, 3.059406e+02
1.000000e+02, 3.058502e+02
1.000000e+02, 3.057609e+02
1.000000e+02, 3.056727e+02
1.000000e+02, 3.055856e+02
1.000000e+02, 3.054996e+02
1.000000e+02, 3.054146e+02
1.000000e+02, 3.053308e+02
1.000000e+02, 3.052480e+02
1.000000e+02, 3.051664e+02
1.000000e+02, 3.050858e+02
1.000000e+02, 3.050063e+02
1.000000e+02, 3.049279e+02
1.000000e+02, 3.048505e+02
1.000000e+02, 3.047743e+02
1.000000e+02, 3.046991e+02
1.000000e+02, 3.046250e+02
1.000000e+02, 3.045520e+02
1.000000e+02, 3.044801e+02
1.000000e+02, 3.044092e+02
1.000000e+02, 3.043395e+02
1.000000e+02, 3.042708e+02
1.000000e+02, 3.042031e+02
1.000000e+02, 3.041366e+02
1.000000e+02, 3.040711e+02
1.000000e+02, 3.040067e+02
1.000000e+02, 3.039433e+02
1.000000e+02, 3.038811e+02
1.000000e+02, 3.038199e+02
1.000000e+02, 3.037597e+02
1.000000e+02, 3.037007e+02
1.000000e+02, 3.036427e+02
1.000000e+02, 3.035858e+02
1.000000e+02, 3.035299e+02
1.000000e+02, 3.034751e+02
1.000000e+02, 3.034214e+02
1.000000e+02, 3.033687e+02
1.000000e+02, 3.033171e+02
1.000000e+02, 3.032666e+02
1.000000e+02, 3.032171e+02
1.000000e+02, 3.031687e+02
1.000000e+02, 3.031213e+02
1.000000e+02, 3.030750e+02
1.000000e+02, 3.030298e+02
1.000000e+02, 3.029856e+02
1.000000e+02, 3.029425e+02
1.000000e+02, 3.029004e+02
1.000000e+02, 3.028594e+02
1.000000e+02, 3.028195e+02
1.000000e+02, 3.027806e+02
1.000000e+02, 3.027428e+02
1.000000e+02, 3.027060e+02
1.000000e+02, 3.026703e+02
1.000000e+02, 3.026356e+02
1.000000e+02, 3.026020e+02
1.000000e+02, 3.025695e+02
1.000000e+02, 3.025380e+02
1.000000e+02, 3.025075e+02
1.000000e+02, 3.024781e+02
1.000000e+02, 3.024498e+02
1.000000e+02, 3.024225e+02
1.000000e+02, 3.023963e+02
1.000000e+02, 3.023711e+02
1.000000e+02, 3.023470e+02
1.000000e+02, 3.023239e+02
1.000000e+02, 3.023019e+02
1.000000e+02, 3.022809e+02
1.000000e+02, 3.022610e+02
1.000000e+02, 3.022421e+02
1.000000e+02, 3.022243e+02
1.000000e+02, 3.022075e+02
1.000000e+02, 3.021917e+02
1.000000e+02, 3.021771e+02
1.000000e+02, 3.021634e+02
1.000000e+02, 3.021509e+02
1.000000e+02, 3.021393e+02
1.000000e+02, 3.021288e+02
1.000000e+02, 3.021194e+02
1.000000e+02, 3.021110e+02
1.000000e+02, 3.021037e+02
1.000000e+02, 3.020974e+02
1.000000e+02, 3.020922e+02
1.000000e+02, 3.020880e+02
1.000000e+02, 3.020848e+02
1.000000e+02, 3.020827e+02
1.000000e+02, 3.020817e+02
1.000000e+02, 3.020817e+02
1.000000e+02, 3.020827e+02
1.000000e+02, 3.020848e+02
1.000000e+02, 3.020880e+02
1.000000e+02, 3.020922e+02
1.000000e+02, 3.020974e+02
1.000000e+02, 3.021037e+02
1.000000e+02, 3.021110e+02
1.000000e+02, 3.021194e+02
1.000000e+02, 3.021288e+02
1.000000e+02, 3.021393e+02
1.000000e+02, 3.021509e+02
1.000000e+02, 3.021634e+02
1.000000e+02, 3.021771e+02
1.000000e+02, 3.021917e+02
1.000000e+02, 3.022075e+02
1.000000e+02, 3.022243e+02
1.000000e+02, 3.022421e+02
1.000000e+02, 3.022610e+02
1.000000e+02, 3.022809e+02
1.000000e+02, 3.023019e+02
1.000000e+02, 3.023239e+02
1.000000e+02, 3.023470e+02
1.000000e+02, 3.023711e+02
1.000000e+02, 3.023963e+02
1.000000e+02, 3.024225e+02
1.000000e+02, 3.024498e+02
1.000000e+02, 3.024781e+02
1.000000e+02, 3.025075e+02
1.000000e+02, 3.025380e+02
1.000000e+02, 3.025695e+02
1.000000e+02, 3.026020e+02
1.000000e+02, 3.026356e+02
1.000000e+02, 3.026703e+02
1.000000e+02, 3.027060e+02
1.000000e+02, 3.027428e+02
1.000000e+02, 3.027806e+02
1.000000e+02, 3.028195e+02
1.000000e+02, 3.028594e+02
1.000000e+02, 3.029004e+02
1.000000e+02, 3.029425e+02
1.000000e+02, 3.029856e+02
1.000000e+02, 3.030298e+02
1.000000e+02, 3.030750e+02
1.000000e+02, 3.031213e+02
1.000000e+02, 3.031687e+02
1.000000e+02, 3.032171e+02
1.000000e+02, 3.032666e+02
1.000000e+02, 3.033171e+02
1.000000e+02, 3.033687e+02
1.000000e+02, 3.034214e+02
1.000000e+02, 3.034751e+02
1.000000e+02, 3.035299e+02
1.000000e+02, 3.035858e+02
1.000000e+02, 3.036427e+02
1.000000e+02, 3.037007e+02
1.000000e+02, 3.037597e+02
1.000000e+02, 3.038199e+02
1.000000e+02, 3.038811e+02
1.000000e+02, 3.039433e+02
1.000000e+02, 3.040067e+02
1.000000e+02, 3.040711e+02
1.000000e+02, 3.041366e+02
1.000000e+02, 3.042031e+02
1.000000e+02, 3.042708e+02
1.000000e+02, 3.043395e+02
1.000000e+02, 3.044092e+02
1.000000e+02, 3.044801e+02
1.000000e+02, 3.045520e+02
1.000000e+02, 3.046250e+02
1.000000e+02, 3.046991e+02
1.000000e+02, 3.047743e+02
1.000000e+02, 3.048505e+02
1.000000e+02, 3.049279e+02
1.000000e+02, 3.050063e+02
1.000000e+02, 3.050858e+02
1.000000e+02, 3.051664e+02
1.000000e+02, 3.052480e+02
1.000000e+02, 3.053308e+02
1.000000e+02, 3.054146e+02
1.000000e+02, 3.054996e+02
1.000000e+02, 3.055856e+02
1.000000e+02, 3.056727e+02
1.000000e+02, 3.057609e+02
1.000000e+02, 3.058502e+02
1.000000e+02, 3.059406e+02
1.000000e+02, 3.060321e+02
1.000000e+02, 3.061247e+02
1.000000e+02, 3.062184e+02
1.000000e+02, 3.063131e+02
1.000000e+02, 3.064090e+02
1.000000e+02, 3.065060e+02
1.000000e+02, 3.066041e+02
1.000000e+02, 3.067033e+02
1.000000e+02, 3.068036e+02
1.000000e+02, 3.069050e+02
1.000000e+02, 3.070075e+02
1.000000e+02, 3.071111e+02
1.000000e+02, 3.072158e+02
1.000000e+02, 3.073217e+02
1.000000e+02, 3.074286e+02
1.000000e+02, 3.075367e+02
1.000000e+02, 3.076458e+02
1.000000e+02, 3.077561e+02
1.000000e+02, 3.078676e+02
1.000000e+02, 3.079801e+02
1.000000e+02, 3.080938e+02
1.000000e+02, 3.082085e+02
1.000000e+02, 3.083245e+02
1.000000e+02, 3.084415e+02
1.000000e+02, 3.085596e+02
1.000000e+02, 3.086789e+02
1.000000e+02, 3.087994e+02
1.000000e+02, 3.089209e+02
1.000000e+02, 3.090436e+02
1.000000e+02, 3.091674e+02
1.000000e+02, 3.092924e+02
1.000000e+02, 3.094185e+02
1.000000e+02, 3.095457e+02
1.000000e+02, 3.096741e+02
1.000000e+02, 3.098036e+02
1.000000e+02, 3.099343e+02
1.000000e+02, 3.100661e+02
1.000000e+02, 3.101991e+02
1.000000e+02, 3.103332e+02
1.000000e+02, 3.104685e+02
1.000000e+02, 3.106049e+02
1.000000e+02, 3.107425e+02
1.000000e+02, 3.108812e+02
1.000000e+02, 3.110211e+02
1.000000e+02, 3.111622e+02
1.000000e+02, 3.113044e+02
1.000000e+02, 3.114478e+02
1.000000e+02, 3.115924e+02
1.000000e+02, 3.117381e+02
1.000000e+02, 3.118850e+02
1.000000e+02, 3.120331e+02
1.000000e+02, 3.121823e+02
1.000000e+02, 3.123327e+02
1.000000e+02, 3.124844e+02
1.000000e+02, 3.126372e+02
1.000000e+02, 3.127911e+02
1.000000e+02, 3.129463e+02
1.000000e+02, 3.131026e+02
1.000000e+02, 3.132602e+02
1.000000e+02, 3.134189e+02
1.000000e+02, 3.135789e+02
1.000000e+02, 3.137400e+02
1.000000e+02, 3.139023e+02
1.000000e+02, 3.140659e+02
1.000000e+02, 3.142306e+02
1.000000e+02, 3.143965e+02
1.000000e+02, 3.145637e+02
1.000000e+02, 3.147321e+02
1.000000e+02, 3.149016e+02
1.000000e+02, 3.150724e+02
1.000000e+02, 3.152445e+02
1.000000e+02, 3.154177e+02
1.000000e+02, 3.155922e+02
1.000000e+02, 3.157679e+02
1.000000e+02, 3.159448e+02
1.000000e+02, 3.161229e+02
1.000000e+02, 3.163023e+02
1.000000e+02, 3.164829e+02
1.000000e+02, 3.166648e+02
1.000000e+02, 3.168479e+02
1.000000e+02, 3.170323e+02
1.000000e+02, 3.172179e+02
1.000000e+02, 3.174047e+02
1.000000e+02, 3.175928e+02
1.000000e+02, 3.177822e+02
1.000000e+02, 3.179728e+02
1.000000e+02, 3.181647e+02
1.000000e+02, 3.183578e+02
1.000000e+02, 3.185523e+02
1.000000e+02, 3.187480e+02
1.000000e+02, 3.189449e+02
1.000000e+02, 3.191432e+02
1.000000e+02, 3.193427e+02
1.000000e+02, 3.195435e+02
1.000000e+02, 3.197456e+02
1.000000e+02, 3.199490e+02
1.000000e+02, 3.201536e+02
1.000000e+02, 3.203596e+02
1.000000e+02, 3.205669e+02
1.000000e+02, 3.207755e+02
1.000000e+02, 3.209853e+02
1.000000e+02, 3.211965e+02
1.000000e+02, 3.214090e+02
1.000000e+02, 3.216229e+02
1.000000e+02, 3.218380e+02
1.000000e+02, 3.220545e+02
1.000000e+02, 3.222723e+02
1.000000e+02, 3.224914e+02
1.000000e+02, 3.227118e+02
1.000000e+02, 3.229336e+02
1.000000e+02, 3.231568e+02
1.000000e+02, 3.233812e+02
1.000000e+02, 3.236071e+02
1.000000e+02, 3.238343e+02
1.000000e+02, 3.240628e+02
1.000000e+02, 3.242927e+02
1.000000e+02, 3.245240e+02
1.000000e+02, 3.247566e+02
1.000000e+02, 3.249906e+02
1.000000e+02, 3.252260e+02
1.000000e+02, 3.254627e+02
1.000000e+02, 3.257009e+02
1.000000e+02, 3.259404e+02
1.000000e+02, 3.261813e+02
1.000000e+02, 3.264236e+02
1.000000e+02, 3.266674e+02
1.000000e+02, 3.269125e+02
1.000000e+02, 3.271590e+02
1.000000e+02, 3.274070e+02
1.000000e+02, 3.276563e+02
1.000000e+02, 3.279071e+02
1.000000e+02, 3.281593e+02
1.000000e+02, 3.284130e+02
1.000000e+02, 3.286681e+02
1.000000e+02, 3.289246e+02
1.000000e+02, 3.291826e+02
1.000000e+02, 3.294420e+02
1.000000e+02, 3.297029e+02
1.000000e+02, 3.299652e+02
1.000000e+02, 3.302290e+02
1.000000e+02, 3.304943e+02
1.000000e+02, 3.307610e+02
1.000000e+02, 3.310292e+02
1.000000e+02, 3.312989e+02
1.000000e+02, 3.315701e+02
1.000000e+02, 3.318428e+02
1.000000e+02, 3.321170e+02
1.000000e+02, 3.323927e+02
1.000000e+02, 3.326699e+02
1.000000e+02, 3.329487e+02
1.000000e+02, 3.332289e+02
1.000000e+02, 3.335107e+02
1.000000e+02, 3.337940e+02
1.000000e+02, 3.340788e+02
1.000000e+02, 3.343652e+02
1.000000e+02, 3.346532e+02
1.000000e+02, 3.349427e+02
1.000000e+02, 3.352337e+02
1.000000e+02, 3.355264e+02
1.000000e+02, 3.358206e+02
1.000000e+02, 3.361163e+02
1.000000e+02, 3.364137e+02
1.000000e+02, 3.367127e+02
1.000000e+02, 3.370132e+02
1.000000e+02, 3.373154e+02
1.000000e+02, 3.376191e+02
1.000000e+02, 3.379245e+02
1.000000e+02, 3.382315e+02
1.000000e+02, 3.385402e+02
1.000000e+02, 3.388504e+02
1.000000e+02, 3.391623e+02
1.000000e+02, 3.394759e+02
1.000000e+02, 3.397911e+02
1.000000e+02, 3.401080e+02
1.000000e+02, 3.404266e+02
1.000000e+02, 3.407468e+02
1.000000e+02, 3.410687e+02
1.000000e+02, 3.413924e+02
1.000000e+02, 3.417177e+02
1.000000e+02, 3.420447e+02
1.000000e+02, 3.423734e+02
1.000000e+02, 3.427039e+02
1.000000e+02, 3.430361e+02
1.000000e+02, 3.433700e+02
1.000000e+02, 3.437057e+02
1.000000e+02, 3.440431e+02
1.000000e+02, 3.443823e+02
1.000000e+02, 3.447232e+02
1.000000e+02, 3.450660e+02
1.000000e+02, 3.454105e+02
1.000000e+02, 3.457568e+02
1.000000e+02, 3.461049e+02
1.000000e+02, 3.464548e+02
1.000000e+02, 3.468066e+02
1.000000e+02, 3.471602e+02
1.000000e+02, 3.475156e+02
1.000000e+02, 3.478728e+02
1.000000e+02, 3.482319e+02
1.000000e+02, 3.485929e+02
1.000000e+02, 3.489558e+02
1.000000e+02, 3.493205e+02
1.000000e+02, 3.496871e+02
1.000000e+02, 3.500557e+02
1.000000e+02, 3.504261e+02
1.000000e+02, 3.507985e+02
1.000000e+02, 3.511728e+02
1.000000e+02, 3.515490e+02
1.000000e+02, 3.519272e+02
1.000000e+02, 3.523074e+02
1.000000e+02, 3.526895e+02
1.000000e+02, 3.530736e+02
1.000000e+02, 3.534597e+02
1.000000e+02, 3.538478e+02
1.000000e+02, 3.542380e+02
1.000000e+02, 3.546301e+02
1.000000e+02, 3.550243e+02
1.000000e+02, 3.554206e+02
1.000000e+02, 3.558189e+02
1.000000e+02, 3.562193e+02
1.000000e+02, 3.566217e+02
1.000000e+02, 3.570263e+02
1.000000e+02, 3.574330e+02
1.000000e+02, 3.578418e+02
1.000000e+02, 3.582527e+02
1.000000e+02, 3.586658e+02
1.000000e+02, 3.590810e+02
1.000000e+02, 3.594984e+02
1.000000e+02, 3.599180e+02
1.000000e+02, 3.398513e-01
1.000000e+02, 7.638678e-01
1.000000e+02, 1.190112e+00
1.000000e+02, 1.618597e+00
1.000000e+02, 2.049337e+00
1.000000e+02, 2.482347e+00
1.000000e+02, 2.917641e+00
1.000000e+02, 3.355234e+00
1.000000e+02, 3.795141e+00
1.000000e+02, 4.237376e+00
1.000000e+02, 4.681956e+00
1.000000e+02, 5.128895e+00
1.000000e+02, 5.578210e+00
1.000000e+02, 6.029917e+00
1.000000e+02, 6.484031e+00
1.000000e+02, 6.940570e+00
1.000000e+02, 7.399549e+00
1.000000e+02, 7.860986e+00
1.000000e+02, 8.324899e+00
1.000000e+02, 8.791304e+00
1.000000e+02, 9.260219e+00
1.000000e+02, 9.731662e+00
1.000000e+02, 1.020565e+01
1.000000e+02, 1.068221e+01
1.000000e+02, 1.116134e+01
1.000000e+02, 1.164309e+01
1.000000e+02, 1.212745e+01
1.000000e+02, 1.261445e+01
1.000000e+02, 1.310412e+01
1.000000e+02, 1.359647e+01
1.000000e+02, 1.409152e+01
1.000000e+02, 1.458930e+01
1.000000e+02, 1.508982e+01
1.000000e+02, 1.559311e+01
1.000000e+02, 1.609919e+01
1.000000e+02, 1.660807e+01
1.000000e+02, 1.711979e+01
1.000000e+02, 1.763437e+01
1.000000e+02, 1.815183e+01
1.000000e+02, 1.867219e+01
1.000000e+02, 1.919548e+01
1.000000e+02, 1.972173e+01
1.000000e+02, 2.025095e+01
1.000000e+02, 2.078317e+01
1.000000e+02, 2.131843e+01
1.000000e+02, 2.185674e+01
1.000000e+02, 2.239813e+01
1.000000e+02, 2.294264e+01
1.000000e+02, 2.349028e+01
1.000000e+02, 2.404108e+01
1.000000e+02, 2.459509e+01
1.000000e+02, 2.515231e+01
1.000000e+02, 2.571279e+01
1.000000e+02, 2.627656e+01
1.000000e+02, 2.684364e+01
1.000000e+02, 2.741407e+01
1.000000e+02, 2.798787e+01
1.000000e+02, 2.856509e+01
1.000000e+02, 2.914576e+01
1.000000e+02, 2.972990e+01
1.000000e+02, 3.031756e+01
1.000000e+02, 3.090877e+01
1.000000e+02, 3.150356e+01
1.000000e+02, 3.210198e+01
1.000000e+02, 3.270405e+01
1.000000e+02, 3.330982e+01
1.000000e+02, 3.391933e+01
1.000000e+02, 3.453262e+01
1.000000e+02, 3.514972e+01
1.000000e+02, 3.577068e+01
1.000000e+02, 3.639555e+01
1.000000e+02, 3.702436e+01
1.000000e+02, 3.765715e+01
1.000000e+02, 3.829398e+01
1.000000e+02, 3.893489e+01
1.000000e+02, 3.957993e+01
1.000000e+02, 4.022914e+01
1.000000e+02, 4.088258e+01
1.000000e+02, 4.154029e+01
1.000000e+02, 4.220232e+01
1.000000e+02, 4.286874e+01
1.000000e+02, 4.353958e+01
1.000000e+02, 4.421492e+01
1.000000e+02, 4.489479e+01
1.000000e+02, 4.557927e+01
1.000000e+02, 4.626841e+01
1.000000e+02, 4.696227e+01
1.000000e+02, 4.766091e+01
1.000000e+02, 4.836440e+01
1.000000e+02, 4.907281e+01
1.000000e+02, 4.978618e+01
1.000000e+02, 5.050461e+01
1.000000e+02, 5.122815e+01
1.000000e+02, 5.195689e+01
1.000000e+02, 5.269088e+01
1.000000e+02, 5.343022e+01
1.000000e+02, 5.417497e+01
1.000000e+02, 5.492521e+01
1.000000e+02, 5.568104e+01
1.000000e+02, 5.644253e+01
1.000000e+02, 5.720977e+01
1.000000e+02, 5.798285e+01
1.000000e+02, 5.876186e+01
1.000000e+02, 5.954689e+01
1.000000e+02, 6.033805e+01
1.000000e+02, 6.113544e+01
1.000000e+02, 6.193915e+01
1.000000e+02, 6.274929e+01
1.000000e+02, 6.356597e+01
1.000000e+02, 6.438931e+01
1.000000e+02, 6.521943e+01
1.000000e+02, 6.605643e+01
1.000000e+02, 6.690046e+01
1.000000e+02, 6.775162e+01
1.000000e+02, 6.861007e+01
1.000000e+02, 6.947593e+01
1.000000e+02, 7.034934e+01
1.000000e+02, 7.123046e+01
1.000000e+02, 7.211944e+01
1.000000e+02, 7.301643e+01
1.000000e+02, 7.392159e+01
1.000000e+02, 7.483510e+01
1.000000e+02, 7.575713e+01
1.000000e+02, 7.668786e+01
1.000000e+02, 7.762748e+01
1.000000e+02, 7.857619e+01
1.000000e+02, 7.953419e+01
1.000000e+02, 8.050170e+01
1.000000e+02, 8.147893e+01
1.000000e+02, 8.246611e+01
1.000000e+02, 8.346349e+01
1.000000e+02, 8.447132e+01
1.000000e+02, 8.548986e+01
1.000000e+02, 8.651938e+01
1.000000e+02, 8.756017e+01
1.000000e+02, 8.861252e+01
1.000000e+02, 8.967675e+01
1.000000e+02, 9.075320e+01
1.000000e+02, 9.184220e+01
1.000000e+02, 9.294411e+01
1.000000e+02, 9.405932e+01
1.000000e+02, 9.518823e+01
1.000000e+02, 9.633126e+01
1.000000e+02, 9.748885e+01
1.000000e+02, 9.866149e+01
1.000000e+02, 9.984965e+01
1.000000e+02, 1.010539e+02
1.000000e+02, 1.022747e+02
1.000000e+02, 1.035128e+02
1.000000e+02, 1.047687e+02
1.000000e+02, 1.060431e+02
1.000000e+02, 1.073367e+02
1.000000e+02, 1.086504e+02
1.000000e+02, 1.099848e+02
1.000000e+02, 1.113410e+02
1.000000e+02, 1.127197e+02
1.000000e+02, 1.141222e+02
1.000000e+02, 1.155494e+02
1.000000e+02, 1.170025e+02
1.000000e+02, 1.184829e+02
1.000000e+02, 1.199919e+02
1.000000e+02, 1.215310e+02
1.000000e+02, 1.231020e+02
1.000000e+02, 1.247067e+02
1.000000e+02, 1.263471e+02
1.000000e+02, 1.280255e+02
1.000000e+02, 1.297444e+02
1.000000e+02, 1.315065e+02
1.000000e+02, 1.333151e+02
1.000000e+02, 1.351735e+02
1.000000e+02, 1.370860e+02
1.000000e+02, 1.390571e+02
1.000000e+02, 1.410922e+02
1.000000e+02, 1.431973e+02
1.000000e+02, 1.453800e+02
1.000000e+02, 1.476487e+02
1.000000e+02, 1.500140e+02
1.000000e+02, 1.524887e+02
1.000000e+02, 1.550887e+02
1.000000e+02, 1.578342e+02
1.000000e+02, 1.607519e+02
1.000000e+02, 1.638774e+02
1.000000e+02, 1.672611e+02
1.000000e+02, 1.709784e+02
1.000000e+02, 1.751505e+02
1.000000e+02, 1.800000e+02
##END= 