##TITLE= /opt/topspin3.0/exp/stan/nmr/lists/wave/user/HypSec_trunc2.84_110
##JCAMP-DX= 5.00 Bruker JCAMP library
##DATA TYPE= Shape Data
##ORIGIN= Bruker BioSpin GmbH
##OWNER= <nmrsu>
##DATE= 15/02/24
##TIME= 16:15:04
##MINX= 1.164538e+01
##MAXX= 9.999960e+01
##MINY= 2.546774e-02
##MAXY= 3.585574e+02
##$SHAPE_EXMODE= Adiabatic
##$SHAPE_TOTROT= 1.800000e+02
##$SHAPE_BWFAC= 1.929340e+02
##$SHAPE_INTEGFAC= 2.356110e-02
##$SHAPE_MODE= 0
##NPOINTS= 1000
##XYPOINTS= (XY..XY)
1.000000e+02, 1.800000e+02
1.000000e+02, 1.735230e+02
1.000000e+02, 1.679505e+02
1.000000e+02, 1.629857e+02
1.000000e+02, 1.584663e+02
1.000000e+02, 1.542919e+02
1.000000e+02, 1.503951e+02
1.000000e+02, 1.467280e+02
1.000000e+02, 1.432555e+02
1.000000e+02, 1.399502e+02
1.000000e+02, 1.367911e+02
1.000000e+02, 1.337609e+02
1.000000e+02, 1.308458e+02
1.000000e+02, 1.280340e+02
1.000000e+02, 1.253160e+02
1.000000e+02, 1.226834e+02
1.000000e+02, 1.201290e+02
1.000000e+02, 1.176468e+02
1.000000e+02, 1.152313e+02
1.000000e+02, 1.128778e+02
1.000000e+02, 1.105820e+02
1.000000e+02, 1.083404e+02
1.000000e+02, 1.061494e+02
1.000000e+02, 1.040061e+02
1.000000e+02, 1.019079e+02
1.000000e+02, 9.985213e+01
1.000000e+02, 9.783669e+01
1.000000e+02, 9.585949e+01
1.000000e+02, 9.391867e+01
1.000000e+02, 9.201249e+01
1.000000e+02, 9.013937e+01
1.000000e+02, 8.829785e+01
1.000000e+02, 8.648656e+01
1.000000e+02, 8.470425e+01
1.000000e+02, 8.294973e+01
1.000000e+02, 8.122192e+01
1.000000e+02, 7.951980e+01
1.000000e+02, 7.784240e+01
1.000000e+02, 7.618883e+01
1.000000e+02, 7.455825e+01
1.000000e+02, 7.294987e+01
1.000000e+02, 7.136294e+01
1.000000e+02, 6.979675e+01
1.000000e+02, 6.825065e+01
1.000000e+02, 6.672400e+01
1.000000e+02, 6.521621e+01
1.000000e+02, 6.372672e+01
1.000000e+02, 6.225498e+01
1.000000e+02, 6.080050e+01
1.000000e+02, 5.936279e+01
1.000000e+02, 5.794138e+01
1.000000e+02, 5.653583e+01
1.000000e+02, 5.514574e+01
1.000000e+02, 5.377070e+01
1.000000e+02, 5.241032e+01
1.000000e+02, 5.106425e+01
1.000000e+02, 4.973213e+01
1.000000e+02, 4.841363e+01
1.000000e+02, 4.710843e+01
1.000000e+02, 4.581621e+01
1.000000e+02, 4.453669e+01
1.000000e+02, 4.326958e+01
1.000000e+02, 4.201460e+01
1.000000e+02, 4.077150e+01
1.000000e+02, 3.954003e+01
1.000000e+02, 3.831993e+01
1.000000e+02, 3.711098e+01
1.000000e+02, 3.591295e+01
1.000000e+02, 3.472562e+01
1.000000e+02, 3.354878e+01
1.000000e+02, 3.238223e+01
1.000000e+02, 3.122577e+01
1.000000e+02, 3.007922e+01
1.000000e+02, 2.894239e+01
1.000000e+02, 2.781510e+01
1.000000e+02, 2.669718e+01
1.000000e+02, 2.558846e+01
1.000000e+02, 2.448880e+01
1.000000e+02, 2.339802e+01
1.000000e+02, 2.231598e+01
1.000000e+02, 2.124253e+01
1.000000e+02, 2.017754e+01
1.000000e+02, 1.912085e+01
1.000000e+02, 1.807234e+01
1.000000e+02, 1.703188e+01
1.000000e+02, 1.599935e+01
1.000000e+02, 1.497461e+01
1.000000e+02, 1.395755e+01
1.000000e+02, 1.294806e+01
1.000000e+02, 1.194601e+01
1.000000e+02, 1.095131e+01
1.000000e+02, 9.963846e+00
1.000000e+02, 8.983510e+00
1.000000e+02, 8.010203e+00
1.000000e+02, 7.043827e+00
1.000000e+02, 6.084285e+00
1.000000e+02, 5.131483e+00
1.000000e+02, 4.185331e+00
1.000000e+02, 3.245738e+00
1.000000e+02, 2.312619e+00
1.000000e+02, 1.385888e+00
1.000000e+02, 4.654621e-01
1.000000e+02, 3.595513e+02
1.000000e+02, 3.586432e+02
1.000000e+02, 3.577412e+02
1.000000e+02, 3.568452e+02
1.000000e+02, 3.559552e+02
1.000000e+02, 3.550709e+02
1.000000e+02, 3.541925e+02
1.000000e+02, 3.533197e+02
1.000000e+02, 3.524526e+02
1.000000e+02, 3.515911e+02
1.000000e+02, 3.507351e+02
1.000000e+02, 3.498845e+02
1.000000e+02, 3.490394e+02
1.000000e+02, 3.481995e+02
1.000000e+02, 3.473650e+02
1.000000e+02, 3.465356e+02
1.000000e+02, 3.457114e+02
1.000000e+02, 3.448923e+02
1.000000e+02, 3.440782e+02
1.000000e+02, 3.432691e+02
1.000000e+02, 3.424650e+02
1.000000e+02, 3.416657e+02
1.000000e+02, 3.408713e+02
1.000000e+02, 3.400817e+02
1.000000e+02, 3.392968e+02
1.000000e+02, 3.385166e+02
1.000000e+02, 3.377410e+02
1.000000e+02, 3.369701e+02
1.000000e+02, 3.362037e+02
1.000000e+02, 3.354418e+02
1.000000e+02, 3.346844e+02
1.000000e+02, 3.339315e+02
1.000000e+02, 3.331829e+02
1.000000e+02, 3.324386e+02
1.000000e+02, 3.316987e+02
1.000000e+02, 3.309630e+02
1.000000e+02, 3.302316e+02
1.000000e+02, 3.295044e+02
1.000000e+02, 3.287813e+02
1.000000e+02, 3.280623e+02
1.000000e+02, 3.273474e+02
1.000000e+02, 3.266365e+02
1.000000e+02, 3.259297e+02
1.000000e+02, 3.252268e+02
1.000000e+02, 3.245279e+02
1.000000e+02, 3.238329e+02
1.000000e+02, 3.231418e+02
1.000000e+02, 3.224545e+02
1.000000e+02, 3.217711e+02
1.000000e+02, 3.210914e+02
1.000000e+02, 3.204155e+02
1.000000e+02, 3.197433e+02
1.000000e+02, 3.190747e+02
1.000000e+02, 3.184099e+02
1.000000e+02, 3.177487e+02
1.000000e+02, 3.170911e+02
1.000000e+02, 3.164371e+02
1.000000e+02, 3.157867e+02
1.000000e+02, 3.151397e+02
1.000000e+02, 3.144963e+02
1.000000e+02, 3.138564e+02
1.000000e+02, 3.132199e+02
1.000000e+02, 3.125868e+02
1.000000e+02, 3.119571e+02
1.000000e+02, 3.113308e+02
1.000000e+02, 3.107079e+02
1.000000e+02, 3.100883e+02
1.000000e+02, 3.094720e+02
1.000000e+02, 3.088590e+02
1.000000e+02, 3.082492e+02
1.000000e+02, 3.076427e+02
1.000000e+02, 3.070394e+02
1.000000e+02, 3.064393e+02
1.000000e+02, 3.058423e+02
1.000000e+02, 3.052485e+02
1.000000e+02, 3.046579e+02
1.000000e+02, 3.040703e+02
1.000000e+02, 3.034859e+02
1.000000e+02, 3.029045e+02
1.000000e+02, 3.023262e+02
1.000000e+02, 3.017509e+02
1.000000e+02, 3.011786e+02
1.000000e+02, 3.006093e+02
1.000000e+02, 3.000429e+02
1.000000e+02, 2.994796e+02
1.000000e+02, 2.989192e+02
1.000000e+02, 2.983616e+02
1.000000e+02, 2.978070e+02
1.000000e+02, 2.972553e+02
1.000000e+02, 2.967065e+02
1.000000e+02, 2.961605e+02
1.000000e+02, 2.956173e+02
1.000000e+02, 2.950770e+02
1.000000e+02, 2.945394e+02
1.000000e+02, 2.940047e+02
1.000000e+02, 2.934727e+02
1.000000e+02, 2.929434e+02
1.000000e+02, 2.924169e+02
1.000000e+02, 2.918932e+02
1.000000e+02, 2.913721e+02
1.000000e+02, 2.908537e+02
1.000000e+02, 2.903380e+02
1.000000e+02, 2.898250e+02
1.000000e+02, 2.893146e+02
1.000000e+02, 2.888069e+02
1.000000e+02, 2.883018e+02
1.000000e+02, 2.877992e+02
1.000000e+02, 2.872993e+02
1.000000e+02, 2.868020e+02
1.000000e+02, 2.863072e+02
1.000000e+02, 2.858150e+02
1.000000e+02, 2.853253e+02
1.000000e+02, 2.848382e+02
1.000000e+02, 2.843535e+02
1.000000e+02, 2.838714e+02
1.000000e+02, 2.833918e+02
1.000000e+02, 2.829146e+02
1.000000e+02, 2.824399e+02
1.000000e+02, 2.819677e+02
1.000000e+02, 2.814979e+02
1.000000e+02, 2.810305e+02
1.000000e+02, 2.805656e+02
1.000000e+02, 2.801030e+02
1.000000e+02, 2.796429e+02
1.000000e+02, 2.791851e+02
1.000000e+02, 2.787298e+02
1.000000e+02, 2.782767e+02
1.000000e+02, 2.778261e+02
1.000000e+02, 2.773777e+02
1.000000e+02, 2.769317e+02
1.000000e+02, 2.764881e+02
1.000000e+02, 2.760467e+02
1.000000e+02, 2.756076e+02
1.000000e+02, 2.751709e+02
1.000000e+02, 2.747364e+02
1.000000e+02, 2.743041e+02
1.000000e+02, 2.738742e+02
1.000000e+02, 2.734465e+02
1.000000e+02, 2.730210e+02
1.000000e+02, 2.725978e+02
1.000000e+02, 2.721767e+02
1.000000e+02, 2.717579e+02
1.000000e+02, 2.713413e+02
1.000000e+02, 2.709269e+02
1.000000e+02, 2.705147e+02
1.000000e+02, 2.701047e+02
1.000000e+02, 2.696968e+02
1.000000e+02, 2.692911e+02
1.000000e+02, 2.688875e+02
1.000000e+02, 2.684861e+02
1.000000e+02, 2.680868e+02
1.000000e+02, 2.676896e+02
1.000000e+02, 2.672946e+02
1.000000e+02, 2.669016e+02
1.000000e+02, 2.665108e+02
1.000000e+02, 2.661221e+02
1.000000e+02, 2.657354e+02
1.000000e+02, 2.653508e+02
1.000000e+02, 2.649683e+02
1.000000e+02, 2.645879e+02
1.000000e+02, 2.642095e+02
1.000000e+02, 2.638331e+02
1.000000e+02, 2.634588e+02
1.000000e+02, 2.630866e+02
1.000000e+02, 2.627163e+02
1.000000e+02, 2.623481e+02
1.000000e+02, 2.619819e+02
1.000000e+02, 2.616177e+02
1.000000e+02, 2.612554e+02
1.000000e+02, 2.608952e+02
1.000000e+02, 2.605370e+02
1.000000e+02, 2.601807e+02
1.000000e+02, 2.598264e+02
1.000000e+02, 2.594741e+02
1.000000e+02, 2.591237e+02
1.000000e+02, 2.587752e+02
1.000000e+02, 2.584288e+02
1.000000e+02, 2.580842e+02
1.000000e+02, 2.577416e+02
1.000000e+02, 2.574009e+02
1.000000e+02, 2.570621e+02
1.000000e+02, 2.567253e+02
1.000000e+02, 2.563903e+02
1.000000e+02, 2.560572e+02
1.000000e+02, 2.557261e+02
1.000000e+02, 2.553968e+02
1.000000e+02, 2.550694e+02
1.000000e+02, 2.547439e+02
1.000000e+02, 2.544202e+02
1.000000e+02, 2.540985e+02
1.000000e+02, 2.537785e+02
1.000000e+02, 2.534605e+02
1.000000e+02, 2.531443e+02
1.000000e+02, 2.528299e+02
1.000000e+02, 2.525174e+02
1.000000e+02, 2.522066e+02
1.000000e+02, 2.518978e+02
1.000000e+02, 2.515907e+02
1.000000e+02, 2.512855e+02
1.000000e+02, 2.509820e+02
1.000000e+02, 2.506804e+02
1.000000e+02, 2.503806e+02
1.000000e+02, 2.500826e+02
1.000000e+02, 2.497864e+02
1.000000e+02, 2.494919e+02
1.000000e+02, 2.491992e+02
1.000000e+02, 2.489084e+02
1.000000e+02, 2.486192e+02
1.000000e+02, 2.483319e+02
1.000000e+02, 2.480463e+02
1.000000e+02, 2.477625e+02
1.000000e+02, 2.474804e+02
1.000000e+02, 2.472001e+02
1.000000e+02, 2.469215e+02
1.000000e+02, 2.466447e+02
1.000000e+02, 2.463696e+02
1.000000e+02, 2.460962e+02
1.000000e+02, 2.458246e+02
1.000000e+02, 2.455547e+02
1.000000e+02, 2.452865e+02
1.000000e+02, 2.450200e+02
1.000000e+02, 2.447552e+02
1.000000e+02, 2.444921e+02
1.000000e+02, 2.442308e+02
1.000000e+02, 2.439711e+02
1.000000e+02, 2.437131e+02
1.000000e+02, 2.434568e+02
1.000000e+02, 2.432022e+02
1.000000e+02, 2.429493e+02
1.000000e+02, 2.426981e+02
1.000000e+02, 2.424485e+02
1.000000e+02, 2.422006e+02
1.000000e+02, 2.419544e+02
1.000000e+02, 2.417098e+02
1.000000e+02, 2.414669e+02
1.000000e+02, 2.412257e+02
1.000000e+02, 2.409861e+02
1.000000e+02, 2.407482e+02
1.000000e+02, 2.405119e+02
1.000000e+02, 2.402772e+02
1.000000e+02, 2.400442e+02
1.000000e+02, 2.398128e+02
1.000000e+02, 2.395831e+02
1.000000e+02, 2.393549e+02
1.000000e+02, 2.391284e+02
1.000000e+02, 2.389036e+02
1.000000e+02, 2.386803e+02
1.000000e+02, 2.384587e+02
1.000000e+02, 2.382387e+02
1.000000e+02, 2.380202e+02
1.000000e+02, 2.378034e+02
1.000000e+02, 2.375882e+02
1.000000e+02, 2.373746e+02
1.000000e+02, 2.371626e+02
1.000000e+02, 2.369522e+02
1.000000e+02, 2.367433e+02
1.000000e+02, 2.365361e+02
1.000000e+02, 2.363304e+02
1.000000e+02, 2.361264e+02
1.000000e+02, 2.359239e+02
1.000000e+02, 2.357230e+02
1.000000e+02, 2.355236e+02
1.000000e+02, 2.353258e+02
1.000000e+02, 2.351296e+02
1.000000e+02, 2.349350e+02
1.000000e+02, 2.347419e+02
1.000000e+02, 2.345504e+02
1.000000e+02, 2.343604e+02
1.000000e+02, 2.341720e+02
1.000000e+02, 2.339852e+02
1.000000e+02, 2.337999e+02
1.000000e+02, 2.336161e+02
1.000000e+02, 2.334339e+02
1.000000e+02, 2.332532e+02
1.000000e+02, 2.330741e+02
1.000000e+02, 2.328965e+02
1.000000e+02, 2.327205e+02
1.000000e+02, 2.325459e+02
1.000000e+02, 2.323729e+02
1.000000e+02, 2.322015e+02
1.000000e+02, 2.320315e+02
1.000000e+02, 2.318631e+02
1.000000e+02, 2.316962e+02
1.000000e+02, 2.315308e+02
1.000000e+02, 2.313670e+02
1.000000e+02, 2.312046e+02
1.000000e+02, 2.310438e+02
1.000000e+02, 2.308845e+02
1.000000e+02, 2.307266e+02
1.000000e+02, 2.305703e+02
1.000000e+02, 2.304155e+02
1.000000e+02, 2.302622e+02
1.000000e+02, 2.301104e+02
1.000000e+02, 2.299601e+02
1.000000e+02, 2.298113e+02
1.000000e+02, 2.296640e+02
1.000000e+02, 2.295182e+02
1.000000e+02, 2.293738e+02
1.000000e+02, 2.292310e+02
1.000000e+02, 2.290896e+02
1.000000e+02, 2.289497e+02
1.000000e+02, 2.288113e+02
1.000000e+02, 2.286744e+02
1.000000e+02, 2.285390e+02
1.000000e+02, 2.284050e+02
1.000000e+02, 2.282726e+02
1.000000e+02, 2.281416e+02
1.000000e+02, 2.280120e+02
1.000000e+02, 2.278840e+02
1.000000e+02, 2.277574e+02
1.000000e+02, 2.276323e+02
1.000000e+02, 2.275086e+02
1.000000e+02, 2.273864e+02
1.000000e+02, 2.272657e+02
1.000000e+02, 2.271464e+02
1.000000e+02, 2.270286e+02
1.000000e+02, 2.269123e+02
1.000000e+02, 2.267974e+02
1.000000e+02, 2.266839e+02
1.000000e+02, 2.265720e+02
1.000000e+02, 2.264614e+02
1.000000e+02, 2.263523e+02
1.000000e+02, 2.262447e+02
1.000000e+02, 2.261385e+02
1.000000e+02, 2.260338e+02
1.000000e+02, 2.259305e+02
1.000000e+02, 2.258287e+02
1.000000e+02, 2.257283e+02
1.000000e+02, 2.256293e+02
1.000000e+02, 2.255318e+02
1.000000e+02, 2.254357e+02
1.000000e+02, 2.253411e+02
1.000000e+02, 2.252479e+02
1.000000e+02, 2.251561e+02
1.000000e+02, 2.250658e+02
1.000000e+02, 2.249769e+02
1.000000e+02, 2.248895e+02
1.000000e+02, 2.248034e+02
1.000000e+02, 2.247188e+02
1.000000e+02, 2.246357e+02
1.000000e+02, 2.245539e+02
1.000000e+02, 2.244736e+02
1.000000e+02, 2.243947e+02
1.000000e+02, 2.243173e+02
1.000000e+02, 2.242413e+02
1.000000e+02, 2.241666e+02
1.000000e+02, 2.240935e+02
1.000000e+02, 2.240217e+02
1.000000e+02, 2.239514e+02
1.000000e+02, 2.238824e+02
1.000000e+02, 2.238149e+02
1.000000e+02, 2.237489e+02
1.000000e+02, 2.236842e+02
1.000000e+02, 2.236209e+02
1.000000e+02, 2.235591e+02
1.000000e+02, 2.234987e+02
1.000000e+02, 2.234397e+02
1.000000e+02, 2.233821e+02
1.000000e+02, 2.233259e+02
1.000000e+02, 2.232712e+02
1.000000e+02, 2.232178e+02
1.000000e+02, 2.231659e+02
1.000000e+02, 2.231154e+02
1.000000e+02, 2.230663e+02
1.000000e+02, 2.230186e+02
1.000000e+02, 2.229723e+02
1.000000e+02, 2.229274e+02
1.000000e+02, 2.228839e+02
1.000000e+02, 2.228418e+02
1.000000e+02, 2.228012e+02
1.000000e+02, 2.227619e+02
1.000000e+02, 2.227241e+02
1.000000e+02, 2.226876e+02
1.000000e+02, 2.226526e+02
1.000000e+02, 2.226189e+02
1.000000e+02, 2.225867e+02
1.000000e+02, 2.225559e+02
1.000000e+02, 2.225265e+02
1.000000e+02, 2.224984e+02
1.000000e+02, 2.224718e+02
1.000000e+02, 2.224466e+02
1.000000e+02, 2.224228e+02
1.000000e+02, 2.224004e+02
1.000000e+02, 2.223794e+02
1.000000e+02, 2.223598e+02
1.000000e+02, 2.223416e+02
1.000000e+02, 2.223248e+02
1.000000e+02, 2.223094e+02
1.000000e+02, 2.222954e+02
1.000000e+02, 2.222828e+02
1.000000e+02, 2.222716e+02
1.000000e+02, 2.222618e+02
1.000000e+02, 2.222534e+02
1.000000e+02, 2.222464e+02
1.000000e+02, 2.222408e+02
1.000000e+02, 2.222366e+02
1.000000e+02, 2.222338e+02
1.000000e+02, 2.222324e+02
1.000000e+02, 2.222324e+02
1.000000e+02, 2.222338e+02
1.000000e+02, 2.222366e+02
1.000000e+02, 2.222408e+02
1.000000e+02, 2.222464e+02
1.000000e+02, 2.222534e+02
1.000000e+02, 2.222618e+02
1.000000e+02, 2.222716e+02
1.000000e+02, 2.222828e+02
1.000000e+02, 2.222954e+02
1.000000e+02, 2.223094e+02
1.000000e+02, 2.223248e+02
1.000000e+02, 2.223416e+02
1.000000e+02, 2.223598e+02
1.000000e+02, 2.223794e+02
1.000000e+02, 2.224004e+02
1.000000e+02, 2.224228e+02
1.000000e+02, 2.224466e+02
1.000000e+02, 2.224718e+02
1.000000e+02, 2.224984e+02
1.000000e+02, 2.225265e+02
1.000000e+02, 2.225559e+02
1.000000e+02, 2.225867e+02
1.000000e+02, 2.226189e+02
1.000000e+02, 2.226526e+02
1.000000e+02, 2.226876e+02
1.000000e+02, 2.227241e+02
1.000000e+02, 2.227619e+02
1.000000e+02, 2.228012e+02
1.000000e+02, 2.228418e+02
1.000000e+02, 2.228839e+02
1.000000e+02, 2.229274e+02
1.000000e+02, 2.229723e+02
1.000000e+02, 2.230186e+02
1.000000e+02, 2.230663e+02
1.000000e+02, 2.231154e+02
1.000000e+02, 2.231659e+02
1.000000e+02, 2.232178e+02
1.000000e+02, 2.232712e+02
1.000000e+02, 2.233259e+02
1.000000e+02, 2.233821e+02
1.000000e+02, 2.234397e+02
1.000000e+02, 2.234987e+02
1.000000e+02, 2.235591e+02
1.000000e+02, 2.236209e+02
1.000000e+02, 2.236842e+02
1.000000e+02, 2.237489e+02
1.000000e+02, 2.238149e+02
1.000000e+02, 2.238824e+02
1.000000e+02, 2.239514e+02
1.000000e+02, 2.240217e+02
1.000000e+02, 2.240935e+02
1.000000e+02, 2.241666e+02
1.000000e+02, 2.242413e+02
1.000000e+02, 2.243173e+02
1.000000e+02, 2.243947e+02
1.000000e+02, 2.244736e+02
1.000000e+02, 2.245539e+02
1.000000e+02, 2.246357e+02
1.000000e+02, 2.247188e+02
1.000000e+02, 2.248034e+02
1.000000e+02, 2.248895e+02
1.000000e+02, 2.249769e+02
1.000000e+02, 2.250658e+02
1.000000e+02, 2.251561e+02
1.000000e+02, 2.252479e+02
1.000000e+02, 2.253411e+02
1.000000e+02, 2.254357e+02
1.000000e+02, 2.255318e+02
1.000000e+02, 2.256293e+02
1.000000e+02, 2.257283e+02
1.000000e+02, 2.258287e+02
1.000000e+02, 2.259305e+02
1.000000e+02, 2.260338e+02
1.000000e+02, 2.261385e+02
1.000000e+02, 2.262447e+02
1.000000e+02, 2.263523e+02
1.000000e+02, 2.264614e+02
1.000000e+02, 2.265720e+02
1.000000e+02, 2.266839e+02
1.000000e+02, 2.267974e+02
1.000000e+02, 2.269123e+02
1.000000e+02, 2.270286e+02
1.000000e+02, 2.271464e+02
1.000000e+02, 2.272657e+02
1.000000e+02, 2.273864e+02
1.000000e+02, 2.275086e+02
1.000000e+02, 2.276323e+02
1.000000e+02, 2.277574e+02
1.000000e+02, 2.278840e+02
1.000000e+02, 2.280120e+02
1.000000e+02, 2.281416e+02
1.000000e+02, 2.282726e+02
1.000000e+02, 2.284050e+02
1.000000e+02, 2.285390e+02
1.000000e+02, 2.286744e+02
1.000000e+02, 2.288113e+02
1.000000e+02, 2.289497e+02
1.000000e+02, 2.290896e+02
1.000000e+02, 2.292310e+02
1.000000e+02, 2.293738e+02
1.000000e+02, 2.295182e+02
1.000000e+02, 2.296640e+02
1.000000e+02, 2.298113e+02
1.000000e+02, 2.299601e+02
1.000000e+02, 2.301104e+02
1.000000e+02, 2.302622e+02
1.000000e+02, 2.304155e+02
1.000000e+02, 2.305703e+02
1.000000e+02, 2.307266e+02
1.000000e+02, 2.308845e+02
1.000000e+02, 2.310438e+02
1.000000e+02, 2.312046e+02
1.000000e+02, 2.313670e+02
1.000000e+02, 2.315308e+02
1.000000e+02, 2.316962e+02
1.000000e+02, 2.318631e+02
1.000000e+02, 2.320315e+02
1.000000e+02, 2.322015e+02
1.000000e+02, 2.323729e+02
1.000000e+02, 2.325459e+02
1.000000e+02, 2.327205e+02
1.000000e+02, 2.328965e+02
1.000000e+02, 2.330741e+02
1.000000e+02, 2.332532e+02
1.000000e+02, 2.334339e+02
1.000000e+02, 2.336161e+02
1.000000e+02, 2.337999e+02
1.000000e+02, 2.339852e+02
1.000000e+02, 2.341720e+02
1.000000e+02, 2.343604e+02
1.000000e+02, 2.345504e+02
1.000000e+02, 2.347419e+02
1.000000e+02, 2.349350e+02
1.000000e+02, 2.351296e+02
1.000000e+02, 2.353258e+02
1.000000e+02, 2.355236e+02
1.000000e+02, 2.357230e+02
1.000000e+02, 2.359239e+02
1.000000e+02, 2.361264e+02
1.000000e+02, 2.363304e+02
1.000000e+02, 2.365361e+02
1.000000e+02, 2.367433e+02
1.000000e+02, 2.369522e+02
1.000000e+02, 2.371626e+02
1.000000e+02, 2.373746e+02
1.000000e+02, 2.375882e+02
1.000000e+02, 2.378034e+02
1.000000e+02, 2.380202e+02
1.000000e+02, 2.382387e+02
1.000000e+02, 2.384587e+02
1.000000e+02, 2.386803e+02
1.000000e+02, 2.389036e+02
1.000000e+02, 2.391284e+02
1.000000e+02, 2.393549e+02
1.000000e+02, 2.395831e+02
1.000000e+02, 2.398128e+02
1.000000e+02, 2.400442e+02
1.000000e+02, 2.402772e+02
1.000000e+02, 2.405119e+02
1.000000e+02, 2.407482e+02
1.000000e+02, 2.409861e+02
1.000000e+02, 2.412257e+02
1.000000e+02, 2.414669e+02
1.000000e+02, 2.417098e+02
1.000000e+02, 2.419544e+02
1.000000e+02, 2.422006e+02
1.000000e+02, 2.424485e+02
1.000000e+02, 2.426981e+02
1.000000e+02, 2.429493e+02
1.000000e+02, 2.432022e+02
1.000000e+02, 2.434568e+02
1.000000e+02, 2.437131e+02
1.000000e+02, 2.439711e+02
1.000000e+02, 2.442308e+02
1.000000e+02, 2.444921e+02
1.000000e+02, 2.447552e+02
1.000000e+02, 2.450200e+02
1.000000e+02, 2.452865e+02
1.000000e+02, 2.455547e+02
1.000000e+02, 2.458246e+02
1.000000e+02, 2.460962e+02
1.000000e+02, 2.463696e+02
1.000000e+02, 2.466447e+02
1.000000e+02, 2.469215e+02
1.000000e+02, 2.472001e+02
1.000000e+02, 2.474804e+02
1.000000e+02, 2.477625e+02
1.000000e+02, 2.480463e+02
1.000000e+02, 2.483319e+02
1.000000e+02, 2.486193e+02
1.000000e+02, 2.489084e+02
1.000000e+02, 2.491992e+02
1.000000e+02, 2.494919e+02
1.000000e+02, 2.497864e+02
1.000000e+02, 2.500826e+02
1.000000e+02, 2.503806e+02
1.000000e+02, 2.506804e+02
1.000000e+02, 2.509820e+02
1.000000e+02, 2.512855e+02
1.000000e+02, 2.515907e+02
1.000000e+02, 2.518978e+02
1.000000e+02, 2.522066e+02
1.000000e+02, 2.525174e+02
1.000000e+02, 2.528299e+02
1.000000e+02, 2.531443e+02
1.000000e+02, 2.534605e+02
1.000000e+02, 2.537785e+02
1.000000e+02, 2.540985e+02
1.000000e+02, 2.544202e+02
1.000000e+02, 2.547439e+02
1.000000e+02, 2.550694e+02
1.000000e+02, 2.553968e+02
1.000000e+02, 2.557261e+02
1.000000e+02, 2.560572e+02
1.000000e+02, 2.563903e+02
1.000000e+02, 2.567253e+02
1.000000e+02, 2.570621e+02
1.000000e+02, 2.574009e+02
1.000000e+02, 2.577416e+02
1.000000e+02, 2.580842e+02
1.000000e+02, 2.584288e+02
1.000000e+02, 2.587752e+02
1.000000e+02, 2.591237e+02
1.000000e+02, 2.594741e+02
1.000000e+02, 2.598264e+02
1.000000e+02, 2.601807e+02
1.000000e+02, 2.605370e+02
1.000000e+02, 2.608952e+02
1.000000e+02, 2.612554e+02
1.000000e+02, 2.616177e+02
1.000000e+02, 2.619819e+02
1.000000e+02, 2.623481e+02
1.000000e+02, 2.627163e+02
1.000000e+02, 2.630866e+02
1.000000e+02, 2.634588e+02
1.000000e+02, 2.638331e+02
1.000000e+02, 2.642095e+02
1.000000e+02, 2.645879e+02
1.000000e+02, 2.649683e+02
1.000000e+02, 2.653508e+02
1.000000e+02, 2.657354e+02
1.000000e+02, 2.661221e+02
1.000000e+02, 2.665108e+02
1.000000e+02, 2.669016e+02
1.000000e+02, 2.672946e+02
1.000000e+02, 2.676896e+02
1.000000e+02, 2.680868e+02
1.000000e+02, 2.684861e+02
1.000000e+02, 2.688875e+02
1.000000e+02, 2.692911e+02
1.000000e+02, 2.696968e+02
1.000000e+02, 2.701047e+02
1.000000e+02, 2.705147e+02
1.000000e+02, 2.709269e+02
1.000000e+02, 2.713413e+02
1.000000e+02, 2.717579e+02
1.000000e+02, 2.721767e+02
1.000000e+02, 2.725978e+02
1.000000e+02, 2.730210e+02
1.000000e+02, 2.734465e+02
1.000000e+02, 2.738742e+02
1.000000e+02, 2.743041e+02
1.000000e+02, 2.747364e+02
1.000000e+02, 2.751709e+02
1.000000e+02, 2.756076e+02
1.000000e+02, 2.760467e+02
1.000000e+02, 2.764881e+02
1.000000e+02, 2.769317e+02
1.000000e+02, 2.773777e+02
1.000000e+02, 2.778261e+02
1.000000e+02, 2.782767e+02
1.000000e+02, 2.787298e+02
1.000000e+02, 2.791851e+02
1.000000e+02, 2.796429e+02
1.000000e+02, 2.801030e+02
1.000000e+02, 2.805656e+02
1.000000e+02, 2.810305e+02
1.000000e+02, 2.814979e+02
1.000000e+02, 2.819677e+02
1.000000e+02, 2.824399e+02
1.000000e+02, 2.829146e+02
1.000000e+02, 2.833918e+02
1.000000e+02, 2.838714e+02
1.000000e+02, 2.843535e+02
1.000000e+02, 2.848382e+02
1.000000e+02, 2.853253e+02
1.000000e+02, 2.858150e+02
1.000000e+02, 2.863072e+02
1.000000e+02, 2.868020e+02
1.000000e+02, 2.872993e+02
1.000000e+02, 2.877992e+02
1.000000e+02, 2.883018e+02
1.000000e+02, 2.888069e+02
1.000000e+02, 2.893146e+02
1.000000e+02, 2.898250e+02
1.000000e+02, 2.903380e+02
1.000000e+02, 2.908537e+02
1.000000e+02, 2.913721e+02
1.000000e+02, 2.918932e+02
1.000000e+02, 2.924169e+02
1.000000e+02, 2.929434e+02
1.000000e+02, 2.934727e+02
1.000000e+02, 2.940047e+02
1.000000e+02, 2.945394e+02
1.000000e+02, 2.950770e+02
1.000000e+02, 2.956173e+02
1.000000e+02, 2.961605e+02
1.000000e+02, 2.967065e+02
1.000000e+02, 2.972553e+02
1.000000e+02, 2.978070e+02
1.000000e+02, 2.983616e+02
1.000000e+02, 2.989192e+02
1.000000e+02, 2.994796e+02
1.000000e+02, 3.000430e+02
1.000000e+02, 3.006093e+02
1.000000e+02, 3.011786e+02
1.000000e+02, 3.017509e+02
1.000000e+02, 3.023262e+02
1.000000e+02, 3.029045e+02
1.000000e+02, 3.034859e+02
1.000000e+02, 3.040703e+02
1.000000e+02, 3.046579e+02
1.000000e+02, 3.052486e+02
1.000000e+02, 3.058423e+02
1.000000e+02, 3.064393e+02
1.000000e+02, 3.070394e+02
1.000000e+02, 3.076427e+02
1.000000e+02, 3.082492e+02
1.000000e+02, 3.088590e+02
1.000000e+02, 3.094720e+02
1.000000e+02, 3.100883e+02
1.000000e+02, 3.107079e+02
1.000000e+02, 3.113309e+02
1.000000e+02, 3.119571e+02
1.000000e+02, 3.125868e+02
1.000000e+02, 3.132199e+02
1.000000e+02, 3.138564e+02
1.000000e+02, 3.144963e+02
1.000000e+02, 3.151397e+02
1.000000e+02, 3.157867e+02
1.000000e+02, 3.164371e+02
1.000000e+02, 3.170911e+02
1.000000e+02, 3.177487e+02
1.000000e+02, 3.184099e+02
1.000000e+02, 3.190747e+02
1.000000e+02, 3.197433e+02
1.000000e+02, 3.204155e+02
1.000000e+02, 3.210914e+02
1.000000e+02, 3.217711e+02
1.000000e+02, 3.224545e+02
1.000000e+02, 3.231418e+02
1.000000e+02, 3.238329e+02
1.000000e+02, 3.245279e+02
1.000000e+02, 3.252268e+02
1.000000e+02, 3.259297e+02
1.000000e+02, 3.266365e+02
1.000000e+02, 3.273474e+02
1.000000e+02, 3.280623e+02
1.000000e+02, 3.287813e+02
1.000000e+02, 3.295044e+02
1.000000e+02, 3.302316e+02
1.000000e+02, 3.309630e+02
1.000000e+02, 3.316987e+02
1.000000e+02, 3.324386e+02
1.000000e+02, 3.331829e+02
1.000000e+02, 3.339315e+02
1.000000e+02, 3.346844e+02
1.000000e+02, 3.354418e+02
1.000000e+02, 3.362037e+02
1.000000e+02, 3.369701e+02
1.000000e+02, 3.377410e+02
1.000000e+02, 3.385166e+02
1.000000e+02, 3.392968e+02
1.000000e+02, 3.400817e+02
1.000000e+02, 3.408713e+02
1.000000e+02, 3.416657e+02
1.000000e+02, 3.424650e+02
1.000000e+02, 3.432691e+02
1.000000e+02, 3.440782e+02
1.000000e+02, 3.448923e+02
1.000000e+02, 3.457114e+02
1.000000e+02, 3.465356e+02
1.000000e+02, 3.473650e+02
1.000000e+02, 3.481995e+02
1.000000e+02, 3.490394e+02
1.000000e+02, 3.498846e+02
1.000000e+02, 3.507351e+02
1.000000e+02, 3.515911e+02
1.000000e+02, 3.524526e+02
1.000000e+02, 3.533197e+02
1.000000e+02, 3.541925e+02
1.000000e+02, 3.550709e+02
1.000000e+02, 3.559552e+02
1.000000e+02, 3.568452e+02
1.000000e+02, 3.577412e+02
1.000000e+02, 3.586432e+02
1.000000e+02, 3.595513e+02
1.000000e+02, 4.654652e-01
1.000000e+02, 1.385891e+00
1.000000e+02, 2.312622e+00
1.000000e+02, 3.245741e+00
1.000000e+02, 4.185334e+00
1.000000e+02, 5.131486e+00
1.000000e+02, 6.084288e+00
1.000000e+02, 7.043830e+00
1.000000e+02, 8.010206e+00
1.000000e+02, 8.983513e+00
1.000000e+02, 9.963849e+00
1.000000e+02, 1.095132e+01
1.000000e+02, 1.194602e+01
1.000000e+02, 1.294806e+01
1.000000e+02, 1.395755e+01
1.000000e+02, 1.497461e+01
1.000000e+02, 1.599935e+01
1.000000e+02, 1.703189e+01
1.000000e+02, 1.807235e+01
1.000000e+02, 1.912085e+01
1.000000e+02, 2.017754e+01
1.000000e+02, 2.124254e+01
1.000000e+02, 2.231598e+01
1.000000e+02, 2.339802e+01
1.000000e+02, 2.448880e+01
1.000000e+02, 2.558847e+01
1.000000e+02, 2.669718e+01
1.000000e+02, 2.781510e+01
1.000000e+02, 2.894239e+01
1.000000e+02, 3.007922e+01
1.000000e+02, 3.122578e+01
1.000000e+02, 3.238223e+01
1.000000e+02, 3.354878e+01
1.000000e+02, 3.472562e+01
1.000000e+02, 3.591295e+01
1.000000e+02, 3.711098e+01
1.000000e+02, 3.831994e+01
1.000000e+02, 3.954003e+01
1.000000e+02, 4.077151e+01
1.000000e+02, 4.201461e+01
1.000000e+02, 4.326958e+01
1.000000e+02, 4.453669e+01
1.000000e+02, 4.581621e+01
1.000000e+02, 4.710843e+01
1.000000e+02, 4.841363e+01
1.000000e+02, 4.973214e+01
1.000000e+02, 5.106426e+01
1.000000e+02, 5.241033e+01
1.000000e+02, 5.377070e+01
1.000000e+02, 5.514575e+01
1.000000e+02, 5.653584e+01
1.000000e+02, 5.794138e+01
1.000000e+02, 5.936279e+01
1.000000e+02, 6.080050e+01
1.000000e+02, 6.225499e+01
1.000000e+02, 6.372672e+01
1.000000e+02, 6.521622e+01
1.000000e+02, 6.672401e+01
1.000000e+02, 6.825065e+01
1.000000e+02, 6.979676e+01
1.000000e+02, 7.136294e+01
1.000000e+02, 7.294987e+01
1.000000e+02, 7.455826e+01
1.000000e+02, 7.618884e+01
1.000000e+02, 7.784240e+01
1.000000e+02, 7.951980e+01
1.000000e+02, 8.122193e+01
1.000000e+02, 8.294974e+01
1.000000e+02, 8.470425e+01
1.000000e+02, 8.648657e+01
1.000000e+02, 8.829785e+01
1.000000e+02, 9.013938e+01
1.000000e+02, 9.201249e+01
1.000000e+02, 9.391867e+01
1.000000e+02, 9.585950e+01
1.000000e+02, 9.783669e+01
1.000000e+02, 9.985214e+01
1.000000e+02, 1.019079e+02
1.000000e+02, 1.040061e+02
1.000000e+02, 1.061494e+02
1.000000e+02, 1.083404e+02
1.000000e+02, 1.105820e+02
1.000000e+02, 1.128778e+02
1.000000e+02, 1.152313e+02
1.000000e+02, 1.176468e+02
1.000000e+02, 1.201290e+02
1.000000e+02, 1.226834e+02
1.000000e+02, 1.253160e+02
1.000000e+02, 1.280341e+02
1.000000e+02, 1.308458e+02
1.000000e+02, 1.337609e+02
1.000000e+02, 1.367911e+02
1.000000e+02, 1.399503e+02
1.000000e+02, 1.432555e+02
1.000000e+02, 1.467280e+02
1.000000e+02, 1.503951e+02
1.000000e+02, 1.542919e+02
1.000000e+02, 1.584663e+02
1.000000e+02, 1.629858e+02
1.000000e+02, 1.679505e+02
1.000000e+02, 1.735230e+02
1.000000e+02, 1.800000e+02
##END= 