##TITLE= /opt/topspin3.0/exp/stan/nmr/lists/wave/user/HypSec_trunc2.84_110
##JCAMP-DX= 5.00 Bruker JCAMP library
##DATA TYPE= Shape Data
##ORIGIN= Bruker BioSpin GmbH
##OWNER= <nmrsu>
##DATE= 15/02/24
##TIME= 16:15:04
##MINX= 1.164538e+01
##MAXX= 9.999960e+01
##MINY= 2.546774e-02
##MAXY= 3.585574e+02
##$SHAPE_EXMODE= Adiabatic
##$SHAPE_TOTROT= 1.800000e+02
##$SHAPE_BWFAC= 1.929340e+02
##$SHAPE_INTEGFAC= 2.356110e-02
##$SHAPE_MODE= 0
##NPOINTS= 1000
##XYPOINTS= (XY..XY)
1.000000e+02, 1.800000e+02
1.000000e+02, 1.748516e+02
1.000000e+02, 1.704222e+02
1.000000e+02, 1.664759e+02
1.000000e+02, 1.628835e+02
1.000000e+02, 1.595653e+02
1.000000e+02, 1.564679e+02
1.000000e+02, 1.535531e+02
1.000000e+02, 1.507928e+02
1.000000e+02, 1.481656e+02
1.000000e+02, 1.456545e+02
1.000000e+02, 1.432459e+02
1.000000e+02, 1.409287e+02
1.000000e+02, 1.386937e+02
1.000000e+02, 1.365332e+02
1.000000e+02, 1.344406e+02
1.000000e+02, 1.324103e+02
1.000000e+02, 1.304372e+02
1.000000e+02, 1.285172e+02
1.000000e+02, 1.266464e+02
1.000000e+02, 1.248216e+02
1.000000e+02, 1.230398e+02
1.000000e+02, 1.212982e+02
1.000000e+02, 1.195946e+02
1.000000e+02, 1.179268e+02
1.000000e+02, 1.162927e+02
1.000000e+02, 1.146907e+02
1.000000e+02, 1.131191e+02
1.000000e+02, 1.115764e+02
1.000000e+02, 1.100612e+02
1.000000e+02, 1.085723e+02
1.000000e+02, 1.071085e+02
1.000000e+02, 1.056688e+02
1.000000e+02, 1.042521e+02
1.000000e+02, 1.028575e+02
1.000000e+02, 1.014841e+02
1.000000e+02, 1.001311e+02
1.000000e+02, 9.879781e+01
1.000000e+02, 9.748343e+01
1.000000e+02, 9.618733e+01
1.000000e+02, 9.490887e+01
1.000000e+02, 9.364746e+01
1.000000e+02, 9.240255e+01
1.000000e+02, 9.117359e+01
1.000000e+02, 8.996010e+01
1.000000e+02, 8.876161e+01
1.000000e+02, 8.757765e+01
1.000000e+02, 8.640781e+01
1.000000e+02, 8.525168e+01
1.000000e+02, 8.410888e+01
1.000000e+02, 8.297904e+01
1.000000e+02, 8.186182e+01
1.000000e+02, 8.075687e+01
1.000000e+02, 7.966389e+01
1.000000e+02, 7.858257e+01
1.000000e+02, 7.751261e+01
1.000000e+02, 7.645375e+01
1.000000e+02, 7.540571e+01
1.000000e+02, 7.436824e+01
1.000000e+02, 7.334109e+01
1.000000e+02, 7.232404e+01
1.000000e+02, 7.131684e+01
1.000000e+02, 7.031930e+01
1.000000e+02, 6.933120e+01
1.000000e+02, 6.835233e+01
1.000000e+02, 6.738251e+01
1.000000e+02, 6.642155e+01
1.000000e+02, 6.546927e+01
1.000000e+02, 6.452549e+01
1.000000e+02, 6.359005e+01
1.000000e+02, 6.266280e+01
1.000000e+02, 6.174356e+01
1.000000e+02, 6.083220e+01
1.000000e+02, 5.992856e+01
1.000000e+02, 5.903251e+01
1.000000e+02, 5.814391e+01
1.000000e+02, 5.726263e+01
1.000000e+02, 5.638853e+01
1.000000e+02, 5.552150e+01
1.000000e+02, 5.466142e+01
1.000000e+02, 5.380817e+01
1.000000e+02, 5.296163e+01
1.000000e+02, 5.212170e+01
1.000000e+02, 5.128827e+01
1.000000e+02, 5.046124e+01
1.000000e+02, 4.964051e+01
1.000000e+02, 4.882597e+01
1.000000e+02, 4.801754e+01
1.000000e+02, 4.721512e+01
1.000000e+02, 4.641863e+01
1.000000e+02, 4.562797e+01
1.000000e+02, 4.484306e+01
1.000000e+02, 4.406382e+01
1.000000e+02, 4.329016e+01
1.000000e+02, 4.252202e+01
1.000000e+02, 4.175930e+01
1.000000e+02, 4.100195e+01
1.000000e+02, 4.024988e+01
1.000000e+02, 3.950302e+01
1.000000e+02, 3.876131e+01
1.000000e+02, 3.802468e+01
1.000000e+02, 3.729306e+01
1.000000e+02, 3.656639e+01
1.000000e+02, 3.584460e+01
1.000000e+02, 3.512764e+01
1.000000e+02, 3.441544e+01
1.000000e+02, 3.370794e+01
1.000000e+02, 3.300509e+01
1.000000e+02, 3.230684e+01
1.000000e+02, 3.161313e+01
1.000000e+02, 3.092389e+01
1.000000e+02, 3.023909e+01
1.000000e+02, 2.955868e+01
1.000000e+02, 2.888259e+01
1.000000e+02, 2.821079e+01
1.000000e+02, 2.754322e+01
1.000000e+02, 2.687983e+01
1.000000e+02, 2.622059e+01
1.000000e+02, 2.556545e+01
1.000000e+02, 2.491436e+01
1.000000e+02, 2.426728e+01
1.000000e+02, 2.362416e+01
1.000000e+02, 2.298497e+01
1.000000e+02, 2.234967e+01
1.000000e+02, 2.171821e+01
1.000000e+02, 2.109056e+01
1.000000e+02, 2.046667e+01
1.000000e+02, 1.984652e+01
1.000000e+02, 1.923006e+01
1.000000e+02, 1.861726e+01
1.000000e+02, 1.800808e+01
1.000000e+02, 1.740249e+01
1.000000e+02, 1.680045e+01
1.000000e+02, 1.620194e+01
1.000000e+02, 1.560690e+01
1.000000e+02, 1.501533e+01
1.000000e+02, 1.442718e+01
1.000000e+02, 1.384241e+01
1.000000e+02, 1.326101e+01
1.000000e+02, 1.268295e+01
1.000000e+02, 1.210818e+01
1.000000e+02, 1.153669e+01
1.000000e+02, 1.096844e+01
1.000000e+02, 1.040340e+01
1.000000e+02, 9.841557e+00
1.000000e+02, 9.282874e+00
1.000000e+02, 8.727326e+00
1.000000e+02, 8.174886e+00
1.000000e+02, 7.625530e+00
1.000000e+02, 7.079231e+00
1.000000e+02, 6.535966e+00
1.000000e+02, 5.995708e+00
1.000000e+02, 5.458435e+00
1.000000e+02, 4.924123e+00
1.000000e+02, 4.392748e+00
1.000000e+02, 3.864287e+00
1.000000e+02, 3.338718e+00
1.000000e+02, 2.816018e+00
1.000000e+02, 2.296165e+00
1.000000e+02, 1.779139e+00
1.000000e+02, 1.264918e+00
1.000000e+02, 7.534802e-01
1.000000e+02, 2.448059e-01
1.000000e+02, 3.597389e+02
1.000000e+02, 3.592357e+02
1.000000e+02, 3.587352e+02
1.000000e+02, 3.582373e+02
1.000000e+02, 3.577422e+02
1.000000e+02, 3.572497e+02
1.000000e+02, 3.567598e+02
1.000000e+02, 3.562725e+02
1.000000e+02, 3.557878e+02
1.000000e+02, 3.553057e+02
1.000000e+02, 3.548262e+02
1.000000e+02, 3.543492e+02
1.000000e+02, 3.538747e+02
1.000000e+02, 3.534027e+02
1.000000e+02, 3.529332e+02
1.000000e+02, 3.524662e+02
1.000000e+02, 3.520016e+02
1.000000e+02, 3.515395e+02
1.000000e+02, 3.510798e+02
1.000000e+02, 3.506225e+02
1.000000e+02, 3.501676e+02
1.000000e+02, 3.497151e+02
1.000000e+02, 3.492649e+02
1.000000e+02, 3.488171e+02
1.000000e+02, 3.483716e+02
1.000000e+02, 3.479285e+02
1.000000e+02, 3.474876e+02
1.000000e+02, 3.470491e+02
1.000000e+02, 3.466128e+02
1.000000e+02, 3.461788e+02
1.000000e+02, 3.457471e+02
1.000000e+02, 3.453176e+02
1.000000e+02, 3.448903e+02
1.000000e+02, 3.444652e+02
1.000000e+02, 3.440424e+02
1.000000e+02, 3.436217e+02
1.000000e+02, 3.432032e+02
1.000000e+02, 3.427869e+02
1.000000e+02, 3.423727e+02
1.000000e+02, 3.419606e+02
1.000000e+02, 3.415507e+02
1.000000e+02, 3.411429e+02
1.000000e+02, 3.407373e+02
1.000000e+02, 3.403337e+02
1.000000e+02, 3.399322e+02
1.000000e+02, 3.395327e+02
1.000000e+02, 3.391354e+02
1.000000e+02, 3.387400e+02
1.000000e+02, 3.383468e+02
1.000000e+02, 3.379555e+02
1.000000e+02, 3.375663e+02
1.000000e+02, 3.371791e+02
1.000000e+02, 3.367938e+02
1.000000e+02, 3.364106e+02
1.000000e+02, 3.360294e+02
1.000000e+02, 3.356501e+02
1.000000e+02, 3.352728e+02
1.000000e+02, 3.348974e+02
1.000000e+02, 3.345240e+02
1.000000e+02, 3.341525e+02
1.000000e+02, 3.337829e+02
1.000000e+02, 3.334152e+02
1.000000e+02, 3.330495e+02
1.000000e+02, 3.326856e+02
1.000000e+02, 3.323236e+02
1.000000e+02, 3.319636e+02
1.000000e+02, 3.316053e+02
1.000000e+02, 3.312490e+02
1.000000e+02, 3.308945e+02
1.000000e+02, 3.305418e+02
1.000000e+02, 3.301910e+02
1.000000e+02, 3.298420e+02
1.000000e+02, 3.294948e+02
1.000000e+02, 3.291494e+02
1.000000e+02, 3.288059e+02
1.000000e+02, 3.284641e+02
1.000000e+02, 3.281241e+02
1.000000e+02, 3.277859e+02
1.000000e+02, 3.274495e+02
1.000000e+02, 3.271148e+02
1.000000e+02, 3.267819e+02
1.000000e+02, 3.264508e+02
1.000000e+02, 3.261214e+02
1.000000e+02, 3.257937e+02
1.000000e+02, 3.254678e+02
1.000000e+02, 3.251436e+02
1.000000e+02, 3.248211e+02
1.000000e+02, 3.245003e+02
1.000000e+02, 3.241812e+02
1.000000e+02, 3.238639e+02
1.000000e+02, 3.235482e+02
1.000000e+02, 3.232342e+02
1.000000e+02, 3.229218e+02
1.000000e+02, 3.226112e+02
1.000000e+02, 3.223022e+02
1.000000e+02, 3.219948e+02
1.000000e+02, 3.216891e+02
1.000000e+02, 3.213851e+02
1.000000e+02, 3.210827e+02
1.000000e+02, 3.207819e+02
1.000000e+02, 3.204828e+02
1.000000e+02, 3.201852e+02
1.000000e+02, 3.198893e+02
1.000000e+02, 3.195950e+02
1.000000e+02, 3.193023e+02
1.000000e+02, 3.190112e+02
1.000000e+02, 3.187217e+02
1.000000e+02, 3.184338e+02
1.000000e+02, 3.181475e+02
1.000000e+02, 3.178627e+02
1.000000e+02, 3.175795e+02
1.000000e+02, 3.172979e+02
1.000000e+02, 3.170178e+02
1.000000e+02, 3.167393e+02
1.000000e+02, 3.164624e+02
1.000000e+02, 3.161870e+02
1.000000e+02, 3.159131e+02
1.000000e+02, 3.156408e+02
1.000000e+02, 3.153699e+02
1.000000e+02, 3.151007e+02
1.000000e+02, 3.148329e+02
1.000000e+02, 3.145666e+02
1.000000e+02, 3.143019e+02
1.000000e+02, 3.140387e+02
1.000000e+02, 3.137769e+02
1.000000e+02, 3.135167e+02
1.000000e+02, 3.132580e+02
1.000000e+02, 3.130007e+02
1.000000e+02, 3.127449e+02
1.000000e+02, 3.124906e+02
1.000000e+02, 3.122378e+02
1.000000e+02, 3.119865e+02
1.000000e+02, 3.117366e+02
1.000000e+02, 3.114882e+02
1.000000e+02, 3.112412e+02
1.000000e+02, 3.109957e+02
1.000000e+02, 3.107516e+02
1.000000e+02, 3.105090e+02
1.000000e+02, 3.102678e+02
1.000000e+02, 3.100280e+02
1.000000e+02, 3.097897e+02
1.000000e+02, 3.095528e+02
1.000000e+02, 3.093174e+02
1.000000e+02, 3.090833e+02
1.000000e+02, 3.088507e+02
1.000000e+02, 3.086195e+02
1.000000e+02, 3.083897e+02
1.000000e+02, 3.081613e+02
1.000000e+02, 3.079343e+02
1.000000e+02, 3.077087e+02
1.000000e+02, 3.074844e+02
1.000000e+02, 3.072616e+02
1.000000e+02, 3.070402e+02
1.000000e+02, 3.068201e+02
1.000000e+02, 3.066015e+02
1.000000e+02, 3.063842e+02
1.000000e+02, 3.061683e+02
1.000000e+02, 3.059537e+02
1.000000e+02, 3.057405e+02
1.000000e+02, 3.055287e+02
1.000000e+02, 3.053182e+02
1.000000e+02, 3.051091e+02
1.000000e+02, 3.049014e+02
1.000000e+02, 3.046950e+02
1.000000e+02, 3.044899e+02
1.000000e+02, 3.042862e+02
1.000000e+02, 3.040838e+02
1.000000e+02, 3.038828e+02
1.000000e+02, 3.036831e+02
1.000000e+02, 3.034847e+02
1.000000e+02, 3.032877e+02
1.000000e+02, 3.030920e+02
1.000000e+02, 3.028976e+02
1.000000e+02, 3.027045e+02
1.000000e+02, 3.025127e+02
1.000000e+02, 3.023223e+02
1.000000e+02, 3.021332e+02
1.000000e+02, 3.019453e+02
1.000000e+02, 3.017588e+02
1.000000e+02, 3.015736e+02
1.000000e+02, 3.013897e+02
1.000000e+02, 3.012071e+02
1.000000e+02, 3.010257e+02
1.000000e+02, 3.008457e+02
1.000000e+02, 3.006669e+02
1.000000e+02, 3.004895e+02
1.000000e+02, 3.003133e+02
1.000000e+02, 3.001384e+02
1.000000e+02, 2.999648e+02
1.000000e+02, 2.997925e+02
1.000000e+02, 2.996214e+02
1.000000e+02, 2.994516e+02
1.000000e+02, 2.992831e+02
1.000000e+02, 2.991158e+02
1.000000e+02, 2.989498e+02
1.000000e+02, 2.987851e+02
1.000000e+02, 2.986216e+02
1.000000e+02, 2.984594e+02
1.000000e+02, 2.982985e+02
1.000000e+02, 2.981388e+02
1.000000e+02, 2.979803e+02
1.000000e+02, 2.978231e+02
1.000000e+02, 2.976671e+02
1.000000e+02, 2.975124e+02
1.000000e+02, 2.973590e+02
1.000000e+02, 2.972067e+02
1.000000e+02, 2.970557e+02
1.000000e+02, 2.969060e+02
1.000000e+02, 2.967574e+02
1.000000e+02, 2.966102e+02
1.000000e+02, 2.964641e+02
1.000000e+02, 2.963193e+02
1.000000e+02, 2.961756e+02
1.000000e+02, 2.960333e+02
1.000000e+02, 2.958921e+02
1.000000e+02, 2.957522e+02
1.000000e+02, 2.956134e+02
1.000000e+02, 2.954759e+02
1.000000e+02, 2.953396e+02
1.000000e+02, 2.952045e+02
1.000000e+02, 2.950707e+02
1.000000e+02, 2.949380e+02
1.000000e+02, 2.948066e+02
1.000000e+02, 2.946763e+02
1.000000e+02, 2.945473e+02
1.000000e+02, 2.944194e+02
1.000000e+02, 2.942928e+02
1.000000e+02, 2.941673e+02
1.000000e+02, 2.940431e+02
1.000000e+02, 2.939200e+02
1.000000e+02, 2.937982e+02
1.000000e+02, 2.936775e+02
1.000000e+02, 2.935580e+02
1.000000e+02, 2.934397e+02
1.000000e+02, 2.933226e+02
1.000000e+02, 2.932067e+02
1.000000e+02, 2.930920e+02
1.000000e+02, 2.929785e+02
1.000000e+02, 2.928661e+02
1.000000e+02, 2.927549e+02
1.000000e+02, 2.926449e+02
1.000000e+02, 2.925361e+02
1.000000e+02, 2.924284e+02
1.000000e+02, 2.923220e+02
1.000000e+02, 2.922167e+02
1.000000e+02, 2.921125e+02
1.000000e+02, 2.920096e+02
1.000000e+02, 2.919078e+02
1.000000e+02, 2.918072e+02
1.000000e+02, 2.917077e+02
1.000000e+02, 2.916094e+02
1.000000e+02, 2.915123e+02
1.000000e+02, 2.914163e+02
1.000000e+02, 2.913215e+02
1.000000e+02, 2.912279e+02
1.000000e+02, 2.911354e+02
1.000000e+02, 2.910441e+02
1.000000e+02, 2.909539e+02
1.000000e+02, 2.908649e+02
1.000000e+02, 2.907770e+02
1.000000e+02, 2.906903e+02
1.000000e+02, 2.906048e+02
1.000000e+02, 2.905204e+02
1.000000e+02, 2.904371e+02
1.000000e+02, 2.903550e+02
1.000000e+02, 2.902741e+02
1.000000e+02, 2.901943e+02
1.000000e+02, 2.901156e+02
1.000000e+02, 2.900381e+02
1.000000e+02, 2.899617e+02
1.000000e+02, 2.898865e+02
1.000000e+02, 2.898124e+02
1.000000e+02, 2.897395e+02
1.000000e+02, 2.896677e+02
1.000000e+02, 2.895970e+02
1.000000e+02, 2.895275e+02
1.000000e+02, 2.894591e+02
1.000000e+02, 2.893919e+02
1.000000e+02, 2.893258e+02
1.000000e+02, 2.892608e+02
1.000000e+02, 2.891970e+02
1.000000e+02, 2.891343e+02
1.000000e+02, 2.890727e+02
1.000000e+02, 2.890123e+02
1.000000e+02, 2.889530e+02
1.000000e+02, 2.888948e+02
1.000000e+02, 2.888378e+02
1.000000e+02, 2.887818e+02
1.000000e+02, 2.887271e+02
1.000000e+02, 2.886734e+02
1.000000e+02, 2.886209e+02
1.000000e+02, 2.885695e+02
1.000000e+02, 2.885192e+02
1.000000e+02, 2.884701e+02
1.000000e+02, 2.884220e+02
1.000000e+02, 2.883751e+02
1.000000e+02, 2.883294e+02
1.000000e+02, 2.882847e+02
1.000000e+02, 2.882412e+02
1.000000e+02, 2.881988e+02
1.000000e+02, 2.881575e+02
1.000000e+02, 2.881173e+02
1.000000e+02, 2.880783e+02
1.000000e+02, 2.880404e+02
1.000000e+02, 2.880036e+02
1.000000e+02, 2.879679e+02
1.000000e+02, 2.879334e+02
1.000000e+02, 2.878999e+02
1.000000e+02, 2.878676e+02
1.000000e+02, 2.878364e+02
1.000000e+02, 2.878063e+02
1.000000e+02, 2.877773e+02
1.000000e+02, 2.877495e+02
1.000000e+02, 2.877227e+02
1.000000e+02, 2.876971e+02
1.000000e+02, 2.876726e+02
1.000000e+02, 2.876492e+02
1.000000e+02, 2.876270e+02
1.000000e+02, 2.876058e+02
1.000000e+02, 2.875858e+02
1.000000e+02, 2.875668e+02
1.000000e+02, 2.875490e+02
1.000000e+02, 2.875323e+02
1.000000e+02, 2.875167e+02
1.000000e+02, 2.875023e+02
1.000000e+02, 2.874889e+02
1.000000e+02, 2.874767e+02
1.000000e+02, 2.874656e+02
1.000000e+02, 2.874555e+02
1.000000e+02, 2.874466e+02
1.000000e+02, 2.874388e+02
1.000000e+02, 2.874322e+02
1.000000e+02, 2.874266e+02
1.000000e+02, 2.874222e+02
1.000000e+02, 2.874188e+02
1.000000e+02, 2.874166e+02
1.000000e+02, 2.874155e+02
1.000000e+02, 2.874155e+02
1.000000e+02, 2.874166e+02
1.000000e+02, 2.874188e+02
1.000000e+02, 2.874222e+02
1.000000e+02, 2.874266e+02
1.000000e+02, 2.874322e+02
1.000000e+02, 2.874388e+02
1.000000e+02, 2.874466e+02
1.000000e+02, 2.874555e+02
1.000000e+02, 2.874656e+02
1.000000e+02, 2.874767e+02
1.000000e+02, 2.874889e+02
1.000000e+02, 2.875023e+02
1.000000e+02, 2.875167e+02
1.000000e+02, 2.875323e+02
1.000000e+02, 2.875490e+02
1.000000e+02, 2.875668e+02
1.000000e+02, 2.875858e+02
1.000000e+02, 2.876058e+02
1.000000e+02, 2.876270e+02
1.000000e+02, 2.876492e+02
1.000000e+02, 2.876726e+02
1.000000e+02, 2.876971e+02
1.000000e+02, 2.877227e+02
1.000000e+02, 2.877495e+02
1.000000e+02, 2.877773e+02
1.000000e+02, 2.878063e+02
1.000000e+02, 2.878364e+02
1.000000e+02, 2.878676e+02
1.000000e+02, 2.878999e+02
1.000000e+02, 2.879334e+02
1.000000e+02, 2.879679e+02
1.000000e+02, 2.880036e+02
1.000000e+02, 2.880404e+02
1.000000e+02, 2.880783e+02
1.000000e+02, 2.881173e+02
1.000000e+02, 2.881575e+02
1.000000e+02, 2.881988e+02
1.000000e+02, 2.882412e+02
1.000000e+02, 2.882847e+02
1.000000e+02, 2.883294e+02
1.000000e+02, 2.883751e+02
1.000000e+02, 2.884220e+02
1.000000e+02, 2.884701e+02
1.000000e+02, 2.885192e+02
1.000000e+02, 2.885695e+02
1.000000e+02, 2.886209e+02
1.000000e+02, 2.886734e+02
1.000000e+02, 2.887271e+02
1.000000e+02, 2.887818e+02
1.000000e+02, 2.888378e+02
1.000000e+02, 2.888948e+02
1.000000e+02, 2.889530e+02
1.000000e+02, 2.890123e+02
1.000000e+02, 2.890727e+02
1.000000e+02, 2.891343e+02
1.000000e+02, 2.891970e+02
1.000000e+02, 2.892608e+02
1.000000e+02, 2.893258e+02
1.000000e+02, 2.893919e+02
1.000000e+02, 2.894591e+02
1.000000e+02, 2.895275e+02
1.000000e+02, 2.895970e+02
1.000000e+02, 2.896677e+02
1.000000e+02, 2.897395e+02
1.000000e+02, 2.898124e+02
1.000000e+02, 2.898865e+02
1.000000e+02, 2.899617e+02
1.000000e+02, 2.900381e+02
1.000000e+02, 2.901156e+02
1.000000e+02, 2.901943e+02
1.000000e+02, 2.902741e+02
1.000000e+02, 2.903550e+02
1.000000e+02, 2.904371e+02
1.000000e+02, 2.905204e+02
1.000000e+02, 2.906048e+02
1.000000e+02, 2.906903e+02
1.000000e+02, 2.907770e+02
1.000000e+02, 2.908649e+02
1.000000e+02, 2.909539e+02
1.000000e+02, 2.910441e+02
1.000000e+02, 2.911354e+02
1.000000e+02, 2.912279e+02
1.000000e+02, 2.913215e+02
1.000000e+02, 2.914163e+02
1.000000e+02, 2.915123e+02
1.000000e+02, 2.916094e+02
1.000000e+02, 2.917077e+02
1.000000e+02, 2.918072e+02
1.000000e+02, 2.919078e+02
1.000000e+02, 2.920096e+02
1.000000e+02, 2.921125e+02
1.000000e+02, 2.922167e+02
1.000000e+02, 2.923220e+02
1.000000e+02, 2.924284e+02
1.000000e+02, 2.925361e+02
1.000000e+02, 2.926449e+02
1.000000e+02, 2.927549e+02
1.000000e+02, 2.928661e+02
1.000000e+02, 2.929785e+02
1.000000e+02, 2.930920e+02
1.000000e+02, 2.932067e+02
1.000000e+02, 2.933226e+02
1.000000e+02, 2.934397e+02
1.000000e+02, 2.935580e+02
1.000000e+02, 2.936775e+02
1.000000e+02, 2.937982e+02
1.000000e+02, 2.939200e+02
1.000000e+02, 2.940431e+02
1.000000e+02, 2.941673e+02
1.000000e+02, 2.942928e+02
1.000000e+02, 2.944194e+02
1.000000e+02, 2.945473e+02
1.000000e+02, 2.946763e+02
1.000000e+02, 2.948066e+02
1.000000e+02, 2.949380e+02
1.000000e+02, 2.950707e+02
1.000000e+02, 2.952045e+02
1.000000e+02, 2.953396e+02
1.000000e+02, 2.954759e+02
1.000000e+02, 2.956134e+02
1.000000e+02, 2.957522e+02
1.000000e+02, 2.958921e+02
1.000000e+02, 2.960333e+02
1.000000e+02, 2.961757e+02
1.000000e+02, 2.963193e+02
1.000000e+02, 2.964641e+02
1.000000e+02, 2.966102e+02
1.000000e+02, 2.967575e+02
1.000000e+02, 2.969060e+02
1.000000e+02, 2.970557e+02
1.000000e+02, 2.972067e+02
1.000000e+02, 2.973590e+02
1.000000e+02, 2.975124e+02
1.000000e+02, 2.976671e+02
1.000000e+02, 2.978231e+02
1.000000e+02, 2.979803e+02
1.000000e+02, 2.981388e+02
1.000000e+02, 2.982985e+02
1.000000e+02, 2.984594e+02
1.000000e+02, 2.986216e+02
1.000000e+02, 2.987851e+02
1.000000e+02, 2.989498e+02
1.000000e+02, 2.991158e+02
1.000000e+02, 2.992831e+02
1.000000e+02, 2.994516e+02
1.000000e+02, 2.996214e+02
1.000000e+02, 2.997925e+02
1.000000e+02, 2.999648e+02
1.000000e+02, 3.001384e+02
1.000000e+02, 3.003133e+02
1.000000e+02, 3.004895e+02
1.000000e+02, 3.006669e+02
1.000000e+02, 3.008457e+02
1.000000e+02, 3.010257e+02
1.000000e+02, 3.012071e+02
1.000000e+02, 3.013897e+02
1.000000e+02, 3.015736e+02
1.000000e+02, 3.017588e+02
1.000000e+02, 3.019453e+02
1.000000e+02, 3.021332e+02
1.000000e+02, 3.023223e+02
1.000000e+02, 3.025127e+02
1.000000e+02, 3.027045e+02
1.000000e+02, 3.028976e+02
1.000000e+02, 3.030920e+02
1.000000e+02, 3.032877e+02
1.000000e+02, 3.034847e+02
1.000000e+02, 3.036831e+02
1.000000e+02, 3.038828e+02
1.000000e+02, 3.040838e+02
1.000000e+02, 3.042862e+02
1.000000e+02, 3.044899e+02
1.000000e+02, 3.046950e+02
1.000000e+02, 3.049014e+02
1.000000e+02, 3.051091e+02
1.000000e+02, 3.053182e+02
1.000000e+02, 3.055287e+02
1.000000e+02, 3.057405e+02
1.000000e+02, 3.059537e+02
1.000000e+02, 3.061683e+02
1.000000e+02, 3.063842e+02
1.000000e+02, 3.066015e+02
1.000000e+02, 3.068201e+02
1.000000e+02, 3.070402e+02
1.000000e+02, 3.072616e+02
1.000000e+02, 3.074844e+02
1.000000e+02, 3.077087e+02
1.000000e+02, 3.079343e+02
1.000000e+02, 3.081613e+02
1.000000e+02, 3.083897e+02
1.000000e+02, 3.086195e+02
1.000000e+02, 3.088507e+02
1.000000e+02, 3.090833e+02
1.000000e+02, 3.093174e+02
1.000000e+02, 3.095528e+02
1.000000e+02, 3.097897e+02
1.000000e+02, 3.100280e+02
1.000000e+02, 3.102678e+02
1.000000e+02, 3.105090e+02
1.000000e+02, 3.107516e+02
1.000000e+02, 3.109957e+02
1.000000e+02, 3.112412e+02
1.000000e+02, 3.114882e+02
1.000000e+02, 3.117366e+02
1.000000e+02, 3.119865e+02
1.000000e+02, 3.122378e+02
1.000000e+02, 3.124906e+02
1.000000e+02, 3.127449e+02
1.000000e+02, 3.130007e+02
1.000000e+02, 3.132580e+02
1.000000e+02, 3.135167e+02
1.000000e+02, 3.137769e+02
1.000000e+02, 3.140387e+02
1.000000e+02, 3.143019e+02
1.000000e+02, 3.145666e+02
1.000000e+02, 3.148329e+02
1.000000e+02, 3.151007e+02
1.000000e+02, 3.153699e+02
1.000000e+02, 3.156408e+02
1.000000e+02, 3.159131e+02
1.000000e+02, 3.161870e+02
1.000000e+02, 3.164624e+02
1.000000e+02, 3.167393e+02
1.000000e+02, 3.170178e+02
1.000000e+02, 3.172979e+02
1.000000e+02, 3.175795e+02
1.000000e+02, 3.178627e+02
1.000000e+02, 3.181475e+02
1.000000e+02, 3.184338e+02
1.000000e+02, 3.187217e+02
1.000000e+02, 3.190112e+02
1.000000e+02, 3.193023e+02
1.000000e+02, 3.195950e+02
1.000000e+02, 3.198893e+02
1.000000e+02, 3.201852e+02
1.000000e+02, 3.204828e+02
1.000000e+02, 3.207819e+02
1.000000e+02, 3.210827e+02
1.000000e+02, 3.213851e+02
1.000000e+02, 3.216891e+02
1.000000e+02, 3.219948e+02
1.000000e+02, 3.223022e+02
1.000000e+02, 3.226112e+02
1.000000e+02, 3.229218e+02
1.000000e+02, 3.232342e+02
1.000000e+02, 3.235482e+02
1.000000e+02, 3.238639e+02
1.000000e+02, 3.241812e+02
1.000000e+02, 3.245003e+02
1.000000e+02, 3.248211e+02
1.000000e+02, 3.251436e+02
1.000000e+02, 3.254678e+02
1.000000e+02, 3.257937e+02
1.000000e+02, 3.261214e+02
1.000000e+02, 3.264508e+02
1.000000e+02, 3.267819e+02
1.000000e+02, 3.271148e+02
1.000000e+02, 3.274495e+02
1.000000e+02, 3.277859e+02
1.000000e+02, 3.281241e+02
1.000000e+02, 3.284641e+02
1.000000e+02, 3.288059e+02
1.000000e+02, 3.291494e+02
1.000000e+02, 3.294948e+02
1.000000e+02, 3.298420e+02
1.000000e+02, 3.301910e+02
1.000000e+02, 3.305418e+02
1.000000e+02, 3.308945e+02
1.000000e+02, 3.312490e+02
1.000000e+02, 3.316053e+02
1.000000e+02, 3.319636e+02
1.000000e+02, 3.323236e+02
1.000000e+02, 3.326856e+02
1.000000e+02, 3.330495e+02
1.000000e+02, 3.334152e+02
1.000000e+02, 3.337829e+02
1.000000e+02, 3.341525e+02
1.000000e+02, 3.345240e+02
1.000000e+02, 3.348974e+02
1.000000e+02, 3.352728e+02
1.000000e+02, 3.356501e+02
1.000000e+02, 3.360294e+02
1.000000e+02, 3.364106e+02
1.000000e+02, 3.367938e+02
1.000000e+02, 3.371791e+02
1.000000e+02, 3.375663e+02
1.000000e+02, 3.379555e+02
1.000000e+02, 3.383468e+02
1.000000e+02, 3.387400e+02
1.000000e+02, 3.391354e+02
1.000000e+02, 3.395327e+02
1.000000e+02, 3.399322e+02
1.000000e+02, 3.403337e+02
1.000000e+02, 3.407373e+02
1.000000e+02, 3.411429e+02
1.000000e+02, 3.415507e+02
1.000000e+02, 3.419607e+02
1.000000e+02, 3.423727e+02
1.000000e+02, 3.427869e+02
1.000000e+02, 3.432032e+02
1.000000e+02, 3.436217e+02
1.000000e+02, 3.440424e+02
1.000000e+02, 3.444652e+02
1.000000e+02, 3.448903e+02
1.000000e+02, 3.453176e+02
1.000000e+02, 3.457471e+02
1.000000e+02, 3.461788e+02
1.000000e+02, 3.466128e+02
1.000000e+02, 3.470491e+02
1.000000e+02, 3.474876e+02
1.000000e+02, 3.479285e+02
1.000000e+02, 3.483716e+02
1.000000e+02, 3.488171e+02
1.000000e+02, 3.492649e+02
1.000000e+02, 3.497151e+02
1.000000e+02, 3.501676e+02
1.000000e+02, 3.506225e+02
1.000000e+02, 3.510798e+02
1.000000e+02, 3.515395e+02
1.000000e+02, 3.520016e+02
1.000000e+02, 3.524662e+02
1.000000e+02, 3.529332e+02
1.000000e+02, 3.534027e+02
1.000000e+02, 3.538747e+02
1.000000e+02, 3.543492e+02
1.000000e+02, 3.548262e+02
1.000000e+02, 3.553057e+02
1.000000e+02, 3.557878e+02
1.000000e+02, 3.562725e+02
1.000000e+02, 3.567598e+02
1.000000e+02, 3.572497e+02
1.000000e+02, 3.577422e+02
1.000000e+02, 3.582373e+02
1.000000e+02, 3.587352e+02
1.000000e+02, 3.592357e+02
1.000000e+02, 3.597389e+02
1.000000e+02, 2.448079e-01
1.000000e+02, 7.534822e-01
1.000000e+02, 1.264920e+00
1.000000e+02, 1.779141e+00
1.000000e+02, 2.296168e+00
1.000000e+02, 2.816020e+00
1.000000e+02, 3.338720e+00
1.000000e+02, 3.864289e+00
1.000000e+02, 4.392750e+00
1.000000e+02, 4.924125e+00
1.000000e+02, 5.458437e+00
1.000000e+02, 5.995710e+00
1.000000e+02, 6.535968e+00
1.000000e+02, 7.079233e+00
1.000000e+02, 7.625532e+00
1.000000e+02, 8.174888e+00
1.000000e+02, 8.727328e+00
1.000000e+02, 9.282876e+00
1.000000e+02, 9.841559e+00
1.000000e+02, 1.040340e+01
1.000000e+02, 1.096844e+01
1.000000e+02, 1.153669e+01
1.000000e+02, 1.210818e+01
1.000000e+02, 1.268295e+01
1.000000e+02, 1.326102e+01
1.000000e+02, 1.384242e+01
1.000000e+02, 1.442718e+01
1.000000e+02, 1.501533e+01
1.000000e+02, 1.560691e+01
1.000000e+02, 1.620194e+01
1.000000e+02, 1.680046e+01
1.000000e+02, 1.740249e+01
1.000000e+02, 1.800809e+01
1.000000e+02, 1.861726e+01
1.000000e+02, 1.923007e+01
1.000000e+02, 1.984652e+01
1.000000e+02, 2.046668e+01
1.000000e+02, 2.109056e+01
1.000000e+02, 2.171821e+01
1.000000e+02, 2.234967e+01
1.000000e+02, 2.298497e+01
1.000000e+02, 2.362416e+01
1.000000e+02, 2.426728e+01
1.000000e+02, 2.491436e+01
1.000000e+02, 2.556545e+01
1.000000e+02, 2.622060e+01
1.000000e+02, 2.687984e+01
1.000000e+02, 2.754322e+01
1.000000e+02, 2.821079e+01
1.000000e+02, 2.888259e+01
1.000000e+02, 2.955868e+01
1.000000e+02, 3.023910e+01
1.000000e+02, 3.092390e+01
1.000000e+02, 3.161313e+01
1.000000e+02, 3.230684e+01
1.000000e+02, 3.300510e+01
1.000000e+02, 3.370794e+01
1.000000e+02, 3.441544e+01
1.000000e+02, 3.512764e+01
1.000000e+02, 3.584460e+01
1.000000e+02, 3.656639e+01
1.000000e+02, 3.729306e+01
1.000000e+02, 3.802468e+01
1.000000e+02, 3.876132e+01
1.000000e+02, 3.950303e+01
1.000000e+02, 4.024988e+01
1.000000e+02, 4.100195e+01
1.000000e+02, 4.175931e+01
1.000000e+02, 4.252202e+01
1.000000e+02, 4.329016e+01
1.000000e+02, 4.406382e+01
1.000000e+02, 4.484306e+01
1.000000e+02, 4.562797e+01
1.000000e+02, 4.641863e+01
1.000000e+02, 4.721512e+01
1.000000e+02, 4.801754e+01
1.000000e+02, 4.882597e+01
1.000000e+02, 4.964051e+01
1.000000e+02, 5.046124e+01
1.000000e+02, 5.128827e+01
1.000000e+02, 5.212170e+01
1.000000e+02, 5.296163e+01
1.000000e+02, 5.380817e+01
1.000000e+02, 5.466142e+01
1.000000e+02, 5.552151e+01
1.000000e+02, 5.638853e+01
1.000000e+02, 5.726263e+01
1.000000e+02, 5.814391e+01
1.000000e+02, 5.903251e+01
1.000000e+02, 5.992857e+01
1.000000e+02, 6.083220e+01
1.000000e+02, 6.174356e+01
1.000000e+02, 6.266280e+01
1.000000e+02, 6.359006e+01
1.000000e+02, 6.452549e+01
1.000000e+02, 6.546927e+01
1.000000e+02, 6.642155e+01
1.000000e+02, 6.738251e+01
1.000000e+02, 6.835233e+01
1.000000e+02, 6.933120e+01
1.000000e+02, 7.031930e+01
1.000000e+02, 7.131685e+01
1.000000e+02, 7.232404e+01
1.000000e+02, 7.334109e+01
1.000000e+02, 7.436824e+01
1.000000e+02, 7.540571e+01
1.000000e+02, 7.645375e+01
1.000000e+02, 7.751261e+01
1.000000e+02, 7.858257e+01
1.000000e+02, 7.966389e+01
1.000000e+02, 8.075688e+01
1.000000e+02, 8.186182e+01
1.000000e+02, 8.297905e+01
1.000000e+02, 8.410888e+01
1.000000e+02, 8.525168e+01
1.000000e+02, 8.640781e+01
1.000000e+02, 8.757765e+01
1.000000e+02, 8.876161e+01
1.000000e+02, 8.996011e+01
1.000000e+02, 9.117360e+01
1.000000e+02, 9.240255e+01
1.000000e+02, 9.364747e+01
1.000000e+02, 9.490887e+01
1.000000e+02, 9.618733e+01
1.000000e+02, 9.748343e+01
1.000000e+02, 9.879781e+01
1.000000e+02, 1.001311e+02
1.000000e+02, 1.014841e+02
1.000000e+02, 1.028575e+02
1.000000e+02, 1.042521e+02
1.000000e+02, 1.056688e+02
1.000000e+02, 1.071086e+02
1.000000e+02, 1.085723e+02
1.000000e+02, 1.100612e+02
1.000000e+02, 1.115764e+02
1.000000e+02, 1.131191e+02
1.000000e+02, 1.146907e+02
1.000000e+02, 1.162927e+02
1.000000e+02, 1.179268e+02
1.000000e+02, 1.195946e+02
1.000000e+02, 1.212982e+02
1.000000e+02, 1.230398e+02
1.000000e+02, 1.248216e+02
1.000000e+02, 1.266464e+02
1.000000e+02, 1.285172e+02
1.000000e+02, 1.304372e+02
1.000000e+02, 1.324103e+02
1.000000e+02, 1.344406e+02
1.000000e+02, 1.365333e+02
1.000000e+02, 1.386937e+02
1.000000e+02, 1.409287e+02
1.000000e+02, 1.432459e+02
1.000000e+02, 1.456545e+02
1.000000e+02, 1.481656e+02
1.000000e+02, 1.507928e+02
1.000000e+02, 1.535531e+02
1.000000e+02, 1.564679e+02
1.000000e+02, 1.595653e+02
1.000000e+02, 1.628835e+02
1.000000e+02, 1.664759e+02
1.000000e+02, 1.704222e+02
1.000000e+02, 1.748516e+02
1.000000e+02, 1.800000e+02
##END= 