##TITLE= /opt/topspin3.0/exp/stan/nmr/lists/wave/user/HypSec_trunc2.84_110
##JCAMP-DX= 5.00 Bruker JCAMP library
##DATA TYPE= Shape Data
##ORIGIN= Bruker BioSpin GmbH
##OWNER= <nmrsu>
##DATE= 15/02/24
##TIME= 16:15:04
##MINX= 1.164538e+01
##MAXX= 9.999960e+01
##MINY= 2.546774e-02
##MAXY= 3.585574e+02
##$SHAPE_EXMODE= Adiabatic
##$SHAPE_TOTROT= 1.800000e+02
##$SHAPE_BWFAC= 1.929340e+02
##$SHAPE_INTEGFAC= 2.356110e-02
##$SHAPE_MODE= 0
##NPOINTS= 1000
##XYPOINTS= (XY..XY)
1.000000e+02, 1.800000e+02
1.000000e+02, 1.709322e+02
1.000000e+02, 1.631307e+02
1.000000e+02, 1.561800e+02
1.000000e+02, 1.498529e+02
1.000000e+02, 1.440086e+02
1.000000e+02, 1.385531e+02
1.000000e+02, 1.334193e+02
1.000000e+02, 1.285577e+02
1.000000e+02, 1.239303e+02
1.000000e+02, 1.195075e+02
1.000000e+02, 1.152653e+02
1.000000e+02, 1.111841e+02
1.000000e+02, 1.072477e+02
1.000000e+02, 1.034424e+02
1.000000e+02, 9.975675e+01
1.000000e+02, 9.618066e+01
1.000000e+02, 9.270554e+01
1.000000e+02, 8.932382e+01
1.000000e+02, 8.602889e+01
1.000000e+02, 8.281486e+01
1.000000e+02, 7.967651e+01
1.000000e+02, 7.660915e+01
1.000000e+02, 7.360859e+01
1.000000e+02, 7.067102e+01
1.000000e+02, 6.779299e+01
1.000000e+02, 6.497137e+01
1.000000e+02, 6.220329e+01
1.000000e+02, 5.948613e+01
1.000000e+02, 5.681749e+01
1.000000e+02, 5.419512e+01
1.000000e+02, 5.161699e+01
1.000000e+02, 4.908119e+01
1.000000e+02, 4.658595e+01
1.000000e+02, 4.412963e+01
1.000000e+02, 4.171069e+01
1.000000e+02, 3.932772e+01
1.000000e+02, 3.697936e+01
1.000000e+02, 3.466437e+01
1.000000e+02, 3.238156e+01
1.000000e+02, 3.012982e+01
1.000000e+02, 2.790811e+01
1.000000e+02, 2.571545e+01
1.000000e+02, 2.355091e+01
1.000000e+02, 2.141360e+01
1.000000e+02, 1.930270e+01
1.000000e+02, 1.721741e+01
1.000000e+02, 1.515698e+01
1.000000e+02, 1.312070e+01
1.000000e+02, 1.110790e+01
1.000000e+02, 9.117926e+00
1.000000e+02, 7.150169e+00
1.000000e+02, 5.204040e+00
1.000000e+02, 3.278980e+00
1.000000e+02, 1.374455e+00
1.000000e+02, 3.594900e+02
1.000000e+02, 3.576250e+02
1.000000e+02, 3.557791e+02
1.000000e+02, 3.539518e+02
1.000000e+02, 3.521427e+02
1.000000e+02, 3.503514e+02
1.000000e+02, 3.485774e+02
1.000000e+02, 3.468204e+02
1.000000e+02, 3.450801e+02
1.000000e+02, 3.433560e+02
1.000000e+02, 3.416479e+02
1.000000e+02, 3.399554e+02
1.000000e+02, 3.382781e+02
1.000000e+02, 3.366159e+02
1.000000e+02, 3.349683e+02
1.000000e+02, 3.333351e+02
1.000000e+02, 3.317161e+02
1.000000e+02, 3.301109e+02
1.000000e+02, 3.285193e+02
1.000000e+02, 3.269411e+02
1.000000e+02, 3.253760e+02
1.000000e+02, 3.238239e+02
1.000000e+02, 3.222843e+02
1.000000e+02, 3.207572e+02
1.000000e+02, 3.192424e+02
1.000000e+02, 3.177395e+02
1.000000e+02, 3.162485e+02
1.000000e+02, 3.147692e+02
1.000000e+02, 3.133013e+02
1.000000e+02, 3.118446e+02
1.000000e+02, 3.103991e+02
1.000000e+02, 3.089645e+02
1.000000e+02, 3.075406e+02
1.000000e+02, 3.061273e+02
1.000000e+02, 3.047244e+02
1.000000e+02, 3.033318e+02
1.000000e+02, 3.019494e+02
1.000000e+02, 3.005769e+02
1.000000e+02, 2.992143e+02
1.000000e+02, 2.978614e+02
1.000000e+02, 2.965180e+02
1.000000e+02, 2.951841e+02
1.000000e+02, 2.938595e+02
1.000000e+02, 2.925440e+02
1.000000e+02, 2.912377e+02
1.000000e+02, 2.899402e+02
1.000000e+02, 2.886516e+02
1.000000e+02, 2.873718e+02
1.000000e+02, 2.861005e+02
1.000000e+02, 2.848377e+02
1.000000e+02, 2.835833e+02
1.000000e+02, 2.823372e+02
1.000000e+02, 2.810993e+02
1.000000e+02, 2.798695e+02
1.000000e+02, 2.786476e+02
1.000000e+02, 2.774337e+02
1.000000e+02, 2.762276e+02
1.000000e+02, 2.750292e+02
1.000000e+02, 2.738384e+02
1.000000e+02, 2.726551e+02
1.000000e+02, 2.714793e+02
1.000000e+02, 2.703109e+02
1.000000e+02, 2.691498e+02
1.000000e+02, 2.679959e+02
1.000000e+02, 2.668492e+02
1.000000e+02, 2.657095e+02
1.000000e+02, 2.645767e+02
1.000000e+02, 2.634509e+02
1.000000e+02, 2.623320e+02
1.000000e+02, 2.612198e+02
1.000000e+02, 2.601143e+02
1.000000e+02, 2.590155e+02
1.000000e+02, 2.579232e+02
1.000000e+02, 2.568375e+02
1.000000e+02, 2.557581e+02
1.000000e+02, 2.546852e+02
1.000000e+02, 2.536186e+02
1.000000e+02, 2.525582e+02
1.000000e+02, 2.515041e+02
1.000000e+02, 2.504560e+02
1.000000e+02, 2.494141e+02
1.000000e+02, 2.483782e+02
1.000000e+02, 2.473483e+02
1.000000e+02, 2.463242e+02
1.000000e+02, 2.453061e+02
1.000000e+02, 2.442938e+02
1.000000e+02, 2.432872e+02
1.000000e+02, 2.422863e+02
1.000000e+02, 2.412912e+02
1.000000e+02, 2.403016e+02
1.000000e+02, 2.393176e+02
1.000000e+02, 2.383391e+02
1.000000e+02, 2.373661e+02
1.000000e+02, 2.363985e+02
1.000000e+02, 2.354363e+02
1.000000e+02, 2.344795e+02
1.000000e+02, 2.335279e+02
1.000000e+02, 2.325816e+02
1.000000e+02, 2.316406e+02
1.000000e+02, 2.307046e+02
1.000000e+02, 2.297739e+02
1.000000e+02, 2.288482e+02
1.000000e+02, 2.279276e+02
1.000000e+02, 2.270120e+02
1.000000e+02, 2.261013e+02
1.000000e+02, 2.251956e+02
1.000000e+02, 2.242948e+02
1.000000e+02, 2.233989e+02
1.000000e+02, 2.225078e+02
1.000000e+02, 2.216215e+02
1.000000e+02, 2.207400e+02
1.000000e+02, 2.198632e+02
1.000000e+02, 2.189911e+02
1.000000e+02, 2.181236e+02
1.000000e+02, 2.172608e+02
1.000000e+02, 2.164026e+02
1.000000e+02, 2.155489e+02
1.000000e+02, 2.146998e+02
1.000000e+02, 2.138551e+02
1.000000e+02, 2.130150e+02
1.000000e+02, 2.121793e+02
1.000000e+02, 2.113480e+02
1.000000e+02, 2.105210e+02
1.000000e+02, 2.096985e+02
1.000000e+02, 2.088802e+02
1.000000e+02, 2.080663e+02
1.000000e+02, 2.072566e+02
1.000000e+02, 2.064512e+02
1.000000e+02, 2.056500e+02
1.000000e+02, 2.048530e+02
1.000000e+02, 2.040601e+02
1.000000e+02, 2.032714e+02
1.000000e+02, 2.024868e+02
1.000000e+02, 2.017063e+02
1.000000e+02, 2.009299e+02
1.000000e+02, 2.001574e+02
1.000000e+02, 1.993891e+02
1.000000e+02, 1.986247e+02
1.000000e+02, 1.978642e+02
1.000000e+02, 1.971077e+02
1.000000e+02, 1.963552e+02
1.000000e+02, 1.956065e+02
1.000000e+02, 1.948617e+02
1.000000e+02, 1.941208e+02
1.000000e+02, 1.933837e+02
1.000000e+02, 1.926504e+02
1.000000e+02, 1.919209e+02
1.000000e+02, 1.911952e+02
1.000000e+02, 1.904732e+02
1.000000e+02, 1.897550e+02
1.000000e+02, 1.890405e+02
1.000000e+02, 1.883296e+02
1.000000e+02, 1.876225e+02
1.000000e+02, 1.869189e+02
1.000000e+02, 1.862191e+02
1.000000e+02, 1.855228e+02
1.000000e+02, 1.848301e+02
1.000000e+02, 1.841410e+02
1.000000e+02, 1.834555e+02
1.000000e+02, 1.827734e+02
1.000000e+02, 1.820950e+02
1.000000e+02, 1.814200e+02
1.000000e+02, 1.807485e+02
1.000000e+02, 1.800805e+02
1.000000e+02, 1.794159e+02
1.000000e+02, 1.787548e+02
1.000000e+02, 1.780970e+02
1.000000e+02, 1.774427e+02
1.000000e+02, 1.767918e+02
1.000000e+02, 1.761443e+02
1.000000e+02, 1.755000e+02
1.000000e+02, 1.748592e+02
1.000000e+02, 1.742217e+02
1.000000e+02, 1.735874e+02
1.000000e+02, 1.729565e+02
1.000000e+02, 1.723288e+02
1.000000e+02, 1.717044e+02
1.000000e+02, 1.710833e+02
1.000000e+02, 1.704654e+02
1.000000e+02, 1.698507e+02
1.000000e+02, 1.692392e+02
1.000000e+02, 1.686309e+02
1.000000e+02, 1.680258e+02
1.000000e+02, 1.674238e+02
1.000000e+02, 1.668250e+02
1.000000e+02, 1.662294e+02
1.000000e+02, 1.656369e+02
1.000000e+02, 1.650474e+02
1.000000e+02, 1.644611e+02
1.000000e+02, 1.638779e+02
1.000000e+02, 1.632977e+02
1.000000e+02, 1.627206e+02
1.000000e+02, 1.621465e+02
1.000000e+02, 1.615755e+02
1.000000e+02, 1.610075e+02
1.000000e+02, 1.604425e+02
1.000000e+02, 1.598805e+02
1.000000e+02, 1.593215e+02
1.000000e+02, 1.587655e+02
1.000000e+02, 1.582124e+02
1.000000e+02, 1.576623e+02
1.000000e+02, 1.571151e+02
1.000000e+02, 1.565709e+02
1.000000e+02, 1.560296e+02
1.000000e+02, 1.554912e+02
1.000000e+02, 1.549557e+02
1.000000e+02, 1.544230e+02
1.000000e+02, 1.538933e+02
1.000000e+02, 1.533664e+02
1.000000e+02, 1.528424e+02
1.000000e+02, 1.523212e+02
1.000000e+02, 1.518028e+02
1.000000e+02, 1.512873e+02
1.000000e+02, 1.507746e+02
1.000000e+02, 1.502647e+02
1.000000e+02, 1.497576e+02
1.000000e+02, 1.492533e+02
1.000000e+02, 1.487517e+02
1.000000e+02, 1.482530e+02
1.000000e+02, 1.477570e+02
1.000000e+02, 1.472637e+02
1.000000e+02, 1.467731e+02
1.000000e+02, 1.462853e+02
1.000000e+02, 1.458003e+02
1.000000e+02, 1.453179e+02
1.000000e+02, 1.448382e+02
1.000000e+02, 1.443613e+02
1.000000e+02, 1.438870e+02
1.000000e+02, 1.434154e+02
1.000000e+02, 1.429464e+02
1.000000e+02, 1.424801e+02
1.000000e+02, 1.420165e+02
1.000000e+02, 1.415555e+02
1.000000e+02, 1.410972e+02
1.000000e+02, 1.406414e+02
1.000000e+02, 1.401883e+02
1.000000e+02, 1.397379e+02
1.000000e+02, 1.392900e+02
1.000000e+02, 1.388447e+02
1.000000e+02, 1.384020e+02
1.000000e+02, 1.379618e+02
1.000000e+02, 1.375243e+02
1.000000e+02, 1.370893e+02
1.000000e+02, 1.366569e+02
1.000000e+02, 1.362270e+02
1.000000e+02, 1.357997e+02
1.000000e+02, 1.353749e+02
1.000000e+02, 1.349526e+02
1.000000e+02, 1.345329e+02
1.000000e+02, 1.341156e+02
1.000000e+02, 1.337009e+02
1.000000e+02, 1.332887e+02
1.000000e+02, 1.328789e+02
1.000000e+02, 1.324717e+02
1.000000e+02, 1.320669e+02
1.000000e+02, 1.316647e+02
1.000000e+02, 1.312648e+02
1.000000e+02, 1.308675e+02
1.000000e+02, 1.304726e+02
1.000000e+02, 1.300801e+02
1.000000e+02, 1.296901e+02
1.000000e+02, 1.293026e+02
1.000000e+02, 1.289174e+02
1.000000e+02, 1.285347e+02
1.000000e+02, 1.281544e+02
1.000000e+02, 1.277765e+02
1.000000e+02, 1.274010e+02
1.000000e+02, 1.270280e+02
1.000000e+02, 1.266573e+02
1.000000e+02, 1.262890e+02
1.000000e+02, 1.259231e+02
1.000000e+02, 1.255595e+02
1.000000e+02, 1.251984e+02
1.000000e+02, 1.248396e+02
1.000000e+02, 1.244831e+02
1.000000e+02, 1.241290e+02
1.000000e+02, 1.237773e+02
1.000000e+02, 1.234279e+02
1.000000e+02, 1.230809e+02
1.000000e+02, 1.227362e+02
1.000000e+02, 1.223938e+02
1.000000e+02, 1.220537e+02
1.000000e+02, 1.217160e+02
1.000000e+02, 1.213805e+02
1.000000e+02, 1.210474e+02
1.000000e+02, 1.207166e+02
1.000000e+02, 1.203881e+02
1.000000e+02, 1.200619e+02
1.000000e+02, 1.197379e+02
1.000000e+02, 1.194163e+02
1.000000e+02, 1.190969e+02
1.000000e+02, 1.187798e+02
1.000000e+02, 1.184650e+02
1.000000e+02, 1.181524e+02
1.000000e+02, 1.178421e+02
1.000000e+02, 1.175341e+02
1.000000e+02, 1.172283e+02
1.000000e+02, 1.169248e+02
1.000000e+02, 1.166235e+02
1.000000e+02, 1.163244e+02
1.000000e+02, 1.160276e+02
1.000000e+02, 1.157330e+02
1.000000e+02, 1.154407e+02
1.000000e+02, 1.151505e+02
1.000000e+02, 1.148626e+02
1.000000e+02, 1.145769e+02
1.000000e+02, 1.142934e+02
1.000000e+02, 1.140121e+02
1.000000e+02, 1.137331e+02
1.000000e+02, 1.134562e+02
1.000000e+02, 1.131815e+02
1.000000e+02, 1.129090e+02
1.000000e+02, 1.126387e+02
1.000000e+02, 1.123706e+02
1.000000e+02, 1.121046e+02
1.000000e+02, 1.118408e+02
1.000000e+02, 1.115793e+02
1.000000e+02, 1.113198e+02
1.000000e+02, 1.110626e+02
1.000000e+02, 1.108075e+02
1.000000e+02, 1.105545e+02
1.000000e+02, 1.103037e+02
1.000000e+02, 1.100551e+02
1.000000e+02, 1.098086e+02
1.000000e+02, 1.095643e+02
1.000000e+02, 1.093221e+02
1.000000e+02, 1.090821e+02
1.000000e+02, 1.088441e+02
1.000000e+02, 1.086083e+02
1.000000e+02, 1.083747e+02
1.000000e+02, 1.081432e+02
1.000000e+02, 1.079138e+02
1.000000e+02, 1.076865e+02
1.000000e+02, 1.074613e+02
1.000000e+02, 1.072382e+02
1.000000e+02, 1.070173e+02
1.000000e+02, 1.067985e+02
1.000000e+02, 1.065817e+02
1.000000e+02, 1.063671e+02
1.000000e+02, 1.061546e+02
1.000000e+02, 1.059441e+02
1.000000e+02, 1.057358e+02
1.000000e+02, 1.055296e+02
1.000000e+02, 1.053254e+02
1.000000e+02, 1.051233e+02
1.000000e+02, 1.049234e+02
1.000000e+02, 1.047255e+02
1.000000e+02, 1.045296e+02
1.000000e+02, 1.043359e+02
1.000000e+02, 1.041442e+02
1.000000e+02, 1.039546e+02
1.000000e+02, 1.037671e+02
1.000000e+02, 1.035816e+02
1.000000e+02, 1.033982e+02
1.000000e+02, 1.032169e+02
1.000000e+02, 1.030376e+02
1.000000e+02, 1.028603e+02
1.000000e+02, 1.026852e+02
1.000000e+02, 1.025120e+02
1.000000e+02, 1.023410e+02
1.000000e+02, 1.021720e+02
1.000000e+02, 1.020050e+02
1.000000e+02, 1.018401e+02
1.000000e+02, 1.016772e+02
1.000000e+02, 1.015163e+02
1.000000e+02, 1.013575e+02
1.000000e+02, 1.012007e+02
1.000000e+02, 1.010460e+02
1.000000e+02, 1.008933e+02
1.000000e+02, 1.007426e+02
1.000000e+02, 1.005940e+02
1.000000e+02, 1.004473e+02
1.000000e+02, 1.003027e+02
1.000000e+02, 1.001601e+02
1.000000e+02, 1.000196e+02
1.000000e+02, 9.988106e+01
1.000000e+02, 9.974454e+01
1.000000e+02, 9.961003e+01
1.000000e+02, 9.947754e+01
1.000000e+02, 9.934706e+01
1.000000e+02, 9.921860e+01
1.000000e+02, 9.909214e+01
1.000000e+02, 9.896769e+01
1.000000e+02, 9.884525e+01
1.000000e+02, 9.872481e+01
1.000000e+02, 9.860638e+01
1.000000e+02, 9.848994e+01
1.000000e+02, 9.837551e+01
1.000000e+02, 9.826308e+01
1.000000e+02, 9.815264e+01
1.000000e+02, 9.804420e+01
1.000000e+02, 9.793776e+01
1.000000e+02, 9.783330e+01
1.000000e+02, 9.773085e+01
1.000000e+02, 9.763038e+01
1.000000e+02, 9.753190e+01
1.000000e+02, 9.743541e+01
1.000000e+02, 9.734091e+01
1.000000e+02, 9.724839e+01
1.000000e+02, 9.715786e+01
1.000000e+02, 9.706932e+01
1.000000e+02, 9.698275e+01
1.000000e+02, 9.689817e+01
1.000000e+02, 9.681557e+01
1.000000e+02, 9.673495e+01
1.000000e+02, 9.665631e+01
1.000000e+02, 9.657965e+01
1.000000e+02, 9.650497e+01
1.000000e+02, 9.643226e+01
1.000000e+02, 9.636152e+01
1.000000e+02, 9.629276e+01
1.000000e+02, 9.622598e+01
1.000000e+02, 9.616117e+01
1.000000e+02, 9.609832e+01
1.000000e+02, 9.603746e+01
1.000000e+02, 9.597856e+01
1.000000e+02, 9.592163e+01
1.000000e+02, 9.586667e+01
1.000000e+02, 9.581368e+01
1.000000e+02, 9.576266e+01
1.000000e+02, 9.571360e+01
1.000000e+02, 9.566651e+01
1.000000e+02, 9.562139e+01
1.000000e+02, 9.557824e+01
1.000000e+02, 9.553705e+01
1.000000e+02, 9.549782e+01
1.000000e+02, 9.546056e+01
1.000000e+02, 9.542526e+01
1.000000e+02, 9.539192e+01
1.000000e+02, 9.536055e+01
1.000000e+02, 9.533114e+01
1.000000e+02, 9.530369e+01
1.000000e+02, 9.527821e+01
1.000000e+02, 9.525468e+01
1.000000e+02, 9.523312e+01
1.000000e+02, 9.521352e+01
1.000000e+02, 9.519588e+01
1.000000e+02, 9.518020e+01
1.000000e+02, 9.516648e+01
1.000000e+02, 9.515472e+01
1.000000e+02, 9.514492e+01
1.000000e+02, 9.513708e+01
1.000000e+02, 9.513120e+01
1.000000e+02, 9.512728e+01
1.000000e+02, 9.512532e+01
1.000000e+02, 9.512532e+01
1.000000e+02, 9.512728e+01
1.000000e+02, 9.513120e+01
1.000000e+02, 9.513708e+01
1.000000e+02, 9.514492e+01
1.000000e+02, 9.515472e+01
1.000000e+02, 9.516648e+01
1.000000e+02, 9.518020e+01
1.000000e+02, 9.519588e+01
1.000000e+02, 9.521352e+01
1.000000e+02, 9.523312e+01
1.000000e+02, 9.525468e+01
1.000000e+02, 9.527821e+01
1.000000e+02, 9.530369e+01
1.000000e+02, 9.533114e+01
1.000000e+02, 9.536055e+01
1.000000e+02, 9.539192e+01
1.000000e+02, 9.542526e+01
1.000000e+02, 9.546056e+01
1.000000e+02, 9.549782e+01
1.000000e+02, 9.553705e+01
1.000000e+02, 9.557824e+01
1.000000e+02, 9.562139e+01
1.000000e+02, 9.566651e+01
1.000000e+02, 9.571360e+01
1.000000e+02, 9.576266e+01
1.000000e+02, 9.581368e+01
1.000000e+02, 9.586667e+01
1.000000e+02, 9.592163e+01
1.000000e+02, 9.597856e+01
1.000000e+02, 9.603746e+01
1.000000e+02, 9.609833e+01
1.000000e+02, 9.616117e+01
1.000000e+02, 9.622598e+01
1.000000e+02, 9.629276e+01
1.000000e+02, 9.636152e+01
1.000000e+02, 9.643226e+01
1.000000e+02, 9.650497e+01
1.000000e+02, 9.657965e+01
1.000000e+02, 9.665631e+01
1.000000e+02, 9.673495e+01
1.000000e+02, 9.681557e+01
1.000000e+02, 9.689817e+01
1.000000e+02, 9.698275e+01
1.000000e+02, 9.706932e+01
1.000000e+02, 9.715786e+01
1.000000e+02, 9.724839e+01
1.000000e+02, 9.734091e+01
1.000000e+02, 9.743541e+01
1.000000e+02, 9.753190e+01
1.000000e+02, 9.763038e+01
1.000000e+02, 9.773085e+01
1.000000e+02, 9.783330e+01
1.000000e+02, 9.793776e+01
1.000000e+02, 9.804420e+01
1.000000e+02, 9.815264e+01
1.000000e+02, 9.826308e+01
1.000000e+02, 9.837551e+01
1.000000e+02, 9.848994e+01
1.000000e+02, 9.860638e+01
1.000000e+02, 9.872481e+01
1.000000e+02, 9.884525e+01
1.000000e+02, 9.896769e+01
1.000000e+02, 9.909214e+01
1.000000e+02, 9.921860e+01
1.000000e+02, 9.934707e+01
1.000000e+02, 9.947754e+01
1.000000e+02, 9.961003e+01
1.000000e+02, 9.974454e+01
1.000000e+02, 9.988106e+01
1.000000e+02, 1.000196e+02
1.000000e+02, 1.001601e+02
1.000000e+02, 1.003027e+02
1.000000e+02, 1.004473e+02
1.000000e+02, 1.005940e+02
1.000000e+02, 1.007426e+02
1.000000e+02, 1.008933e+02
1.000000e+02, 1.010460e+02
1.000000e+02, 1.012007e+02
1.000000e+02, 1.013575e+02
1.000000e+02, 1.015163e+02
1.000000e+02, 1.016772e+02
1.000000e+02, 1.018401e+02
1.000000e+02, 1.020050e+02
1.000000e+02, 1.021720e+02
1.000000e+02, 1.023410e+02
1.000000e+02, 1.025120e+02
1.000000e+02, 1.026852e+02
1.000000e+02, 1.028603e+02
1.000000e+02, 1.030376e+02
1.000000e+02, 1.032169e+02
1.000000e+02, 1.033982e+02
1.000000e+02, 1.035816e+02
1.000000e+02, 1.037671e+02
1.000000e+02, 1.039546e+02
1.000000e+02, 1.041442e+02
1.000000e+02, 1.043359e+02
1.000000e+02, 1.045296e+02
1.000000e+02, 1.047255e+02
1.000000e+02, 1.049234e+02
1.000000e+02, 1.051233e+02
1.000000e+02, 1.053254e+02
1.000000e+02, 1.055296e+02
1.000000e+02, 1.057358e+02
1.000000e+02, 1.059441e+02
1.000000e+02, 1.061546e+02
1.000000e+02, 1.063671e+02
1.000000e+02, 1.065817e+02
1.000000e+02, 1.067985e+02
1.000000e+02, 1.070173e+02
1.000000e+02, 1.072382e+02
1.000000e+02, 1.074613e+02
1.000000e+02, 1.076865e+02
1.000000e+02, 1.079138e+02
1.000000e+02, 1.081432e+02
1.000000e+02, 1.083747e+02
1.000000e+02, 1.086083e+02
1.000000e+02, 1.088441e+02
1.000000e+02, 1.090821e+02
1.000000e+02, 1.093221e+02
1.000000e+02, 1.095643e+02
1.000000e+02, 1.098086e+02
1.000000e+02, 1.100551e+02
1.000000e+02, 1.103037e+02
1.000000e+02, 1.105545e+02
1.000000e+02, 1.108075e+02
1.000000e+02, 1.110626e+02
1.000000e+02, 1.113198e+02
1.000000e+02, 1.115793e+02
1.000000e+02, 1.118408e+02
1.000000e+02, 1.121046e+02
1.000000e+02, 1.123706e+02
1.000000e+02, 1.126387e+02
1.000000e+02, 1.129090e+02
1.000000e+02, 1.131815e+02
1.000000e+02, 1.134562e+02
1.000000e+02, 1.137331e+02
1.000000e+02, 1.140121e+02
1.000000e+02, 1.142934e+02
1.000000e+02, 1.145769e+02
1.000000e+02, 1.148626e+02
1.000000e+02, 1.151505e+02
1.000000e+02, 1.154407e+02
1.000000e+02, 1.157330e+02
1.000000e+02, 1.160276e+02
1.000000e+02, 1.163244e+02
1.000000e+02, 1.166235e+02
1.000000e+02, 1.169248e+02
1.000000e+02, 1.172283e+02
1.000000e+02, 1.175341e+02
1.000000e+02, 1.178422e+02
1.000000e+02, 1.181524e+02
1.000000e+02, 1.184650e+02
1.000000e+02, 1.187798e+02
1.000000e+02, 1.190969e+02
1.000000e+02, 1.194163e+02
1.000000e+02, 1.197379e+02
1.000000e+02, 1.200619e+02
1.000000e+02, 1.203881e+02
1.000000e+02, 1.207166e+02
1.000000e+02, 1.210474e+02
1.000000e+02, 1.213805e+02
1.000000e+02, 1.217160e+02
1.000000e+02, 1.220537e+02
1.000000e+02, 1.223938e+02
1.000000e+02, 1.227362e+02
1.000000e+02, 1.230809e+02
1.000000e+02, 1.234279e+02
1.000000e+02, 1.237773e+02
1.000000e+02, 1.241290e+02
1.000000e+02, 1.244831e+02
1.000000e+02, 1.248396e+02
1.000000e+02, 1.251984e+02
1.000000e+02, 1.255595e+02
1.000000e+02, 1.259231e+02
1.000000e+02, 1.262890e+02
1.000000e+02, 1.266573e+02
1.000000e+02, 1.270280e+02
1.000000e+02, 1.274010e+02
1.000000e+02, 1.277765e+02
1.000000e+02, 1.281544e+02
1.000000e+02, 1.285347e+02
1.000000e+02, 1.289174e+02
1.000000e+02, 1.293026e+02
1.000000e+02, 1.296901e+02
1.000000e+02, 1.300801e+02
1.000000e+02, 1.304726e+02
1.000000e+02, 1.308675e+02
1.000000e+02, 1.312649e+02
1.000000e+02, 1.316647e+02
1.000000e+02, 1.320670e+02
1.000000e+02, 1.324717e+02
1.000000e+02, 1.328789e+02
1.000000e+02, 1.332887e+02
1.000000e+02, 1.337009e+02
1.000000e+02, 1.341156e+02
1.000000e+02, 1.345329e+02
1.000000e+02, 1.349526e+02
1.000000e+02, 1.353749e+02
1.000000e+02, 1.357997e+02
1.000000e+02, 1.362270e+02
1.000000e+02, 1.366569e+02
1.000000e+02, 1.370893e+02
1.000000e+02, 1.375243e+02
1.000000e+02, 1.379618e+02
1.000000e+02, 1.384020e+02
1.000000e+02, 1.388447e+02
1.000000e+02, 1.392900e+02
1.000000e+02, 1.397379e+02
1.000000e+02, 1.401883e+02
1.000000e+02, 1.406415e+02
1.000000e+02, 1.410972e+02
1.000000e+02, 1.415555e+02
1.000000e+02, 1.420165e+02
1.000000e+02, 1.424801e+02
1.000000e+02, 1.429464e+02
1.000000e+02, 1.434154e+02
1.000000e+02, 1.438870e+02
1.000000e+02, 1.443613e+02
1.000000e+02, 1.448382e+02
1.000000e+02, 1.453179e+02
1.000000e+02, 1.458003e+02
1.000000e+02, 1.462853e+02
1.000000e+02, 1.467732e+02
1.000000e+02, 1.472637e+02
1.000000e+02, 1.477570e+02
1.000000e+02, 1.482530e+02
1.000000e+02, 1.487517e+02
1.000000e+02, 1.492533e+02
1.000000e+02, 1.497576e+02
1.000000e+02, 1.502647e+02
1.000000e+02, 1.507746e+02
1.000000e+02, 1.512873e+02
1.000000e+02, 1.518028e+02
1.000000e+02, 1.523212e+02
1.000000e+02, 1.528424e+02
1.000000e+02, 1.533664e+02
1.000000e+02, 1.538933e+02
1.000000e+02, 1.544230e+02
1.000000e+02, 1.549557e+02
1.000000e+02, 1.554912e+02
1.000000e+02, 1.560296e+02
1.000000e+02, 1.565709e+02
1.000000e+02, 1.571151e+02
1.000000e+02, 1.576623e+02
1.000000e+02, 1.582124e+02
1.000000e+02, 1.587655e+02
1.000000e+02, 1.593215e+02
1.000000e+02, 1.598805e+02
1.000000e+02, 1.604425e+02
1.000000e+02, 1.610075e+02
1.000000e+02, 1.615755e+02
1.000000e+02, 1.621465e+02
1.000000e+02, 1.627206e+02
1.000000e+02, 1.632977e+02
1.000000e+02, 1.638779e+02
1.000000e+02, 1.644611e+02
1.000000e+02, 1.650474e+02
1.000000e+02, 1.656369e+02
1.000000e+02, 1.662294e+02
1.000000e+02, 1.668251e+02
1.000000e+02, 1.674239e+02
1.000000e+02, 1.680258e+02
1.000000e+02, 1.686309e+02
1.000000e+02, 1.692392e+02
1.000000e+02, 1.698507e+02
1.000000e+02, 1.704654e+02
1.000000e+02, 1.710833e+02
1.000000e+02, 1.717044e+02
1.000000e+02, 1.723288e+02
1.000000e+02, 1.729565e+02
1.000000e+02, 1.735874e+02
1.000000e+02, 1.742217e+02
1.000000e+02, 1.748592e+02
1.000000e+02, 1.755001e+02
1.000000e+02, 1.761443e+02
1.000000e+02, 1.767918e+02
1.000000e+02, 1.774427e+02
1.000000e+02, 1.780970e+02
1.000000e+02, 1.787548e+02
1.000000e+02, 1.794159e+02
1.000000e+02, 1.800805e+02
1.000000e+02, 1.807485e+02
1.000000e+02, 1.814200e+02
1.000000e+02, 1.820950e+02
1.000000e+02, 1.827734e+02
1.000000e+02, 1.834555e+02
1.000000e+02, 1.841410e+02
1.000000e+02, 1.848301e+02
1.000000e+02, 1.855228e+02
1.000000e+02, 1.862191e+02
1.000000e+02, 1.869189e+02
1.000000e+02, 1.876225e+02
1.000000e+02, 1.883296e+02
1.000000e+02, 1.890405e+02
1.000000e+02, 1.897550e+02
1.000000e+02, 1.904732e+02
1.000000e+02, 1.911952e+02
1.000000e+02, 1.919209e+02
1.000000e+02, 1.926504e+02
1.000000e+02, 1.933837e+02
1.000000e+02, 1.941208e+02
1.000000e+02, 1.948617e+02
1.000000e+02, 1.956065e+02
1.000000e+02, 1.963552e+02
1.000000e+02, 1.971077e+02
1.000000e+02, 1.978642e+02
1.000000e+02, 1.986247e+02
1.000000e+02, 1.993891e+02
1.000000e+02, 2.001575e+02
1.000000e+02, 2.009299e+02
1.000000e+02, 2.017063e+02
1.000000e+02, 2.024868e+02
1.000000e+02, 2.032714e+02
1.000000e+02, 2.040601e+02
1.000000e+02, 2.048530e+02
1.000000e+02, 2.056500e+02
1.000000e+02, 2.064512e+02
1.000000e+02, 2.072566e+02
1.000000e+02, 2.080663e+02
1.000000e+02, 2.088802e+02
1.000000e+02, 2.096985e+02
1.000000e+02, 2.105211e+02
1.000000e+02, 2.113480e+02
1.000000e+02, 2.121793e+02
1.000000e+02, 2.130150e+02
1.000000e+02, 2.138551e+02
1.000000e+02, 2.146998e+02
1.000000e+02, 2.155489e+02
1.000000e+02, 2.164026e+02
1.000000e+02, 2.172608e+02
1.000000e+02, 2.181236e+02
1.000000e+02, 2.189911e+02
1.000000e+02, 2.198632e+02
1.000000e+02, 2.207400e+02
1.000000e+02, 2.216215e+02
1.000000e+02, 2.225078e+02
1.000000e+02, 2.233989e+02
1.000000e+02, 2.242948e+02
1.000000e+02, 2.251956e+02
1.000000e+02, 2.261013e+02
1.000000e+02, 2.270120e+02
1.000000e+02, 2.279276e+02
1.000000e+02, 2.288482e+02
1.000000e+02, 2.297739e+02
1.000000e+02, 2.307046e+02
1.000000e+02, 2.316406e+02
1.000000e+02, 2.325816e+02
1.000000e+02, 2.335279e+02
1.000000e+02, 2.344795e+02
1.000000e+02, 2.354363e+02
1.000000e+02, 2.363985e+02
1.000000e+02, 2.373661e+02
1.000000e+02, 2.383391e+02
1.000000e+02, 2.393176e+02
1.000000e+02, 2.403016e+02
1.000000e+02, 2.412912e+02
1.000000e+02, 2.422863e+02
1.000000e+02, 2.432872e+02
1.000000e+02, 2.442938e+02
1.000000e+02, 2.453061e+02
1.000000e+02, 2.463242e+02
1.000000e+02, 2.473483e+02
1.000000e+02, 2.483782e+02
1.000000e+02, 2.494141e+02
1.000000e+02, 2.504560e+02
1.000000e+02, 2.515041e+02
1.000000e+02, 2.525582e+02
1.000000e+02, 2.536186e+02
1.000000e+02, 2.546852e+02
1.000000e+02, 2.557581e+02
1.000000e+02, 2.568375e+02
1.000000e+02, 2.579232e+02
1.000000e+02, 2.590155e+02
1.000000e+02, 2.601143e+02
1.000000e+02, 2.612198e+02
1.000000e+02, 2.623320e+02
1.000000e+02, 2.634510e+02
1.000000e+02, 2.645768e+02
1.000000e+02, 2.657095e+02
1.000000e+02, 2.668492e+02
1.000000e+02, 2.679959e+02
1.000000e+02, 2.691498e+02
1.000000e+02, 2.703109e+02
1.000000e+02, 2.714793e+02
1.000000e+02, 2.726551e+02
1.000000e+02, 2.738384e+02
1.000000e+02, 2.750292e+02
1.000000e+02, 2.762276e+02
1.000000e+02, 2.774337e+02
1.000000e+02, 2.786476e+02
1.000000e+02, 2.798695e+02
1.000000e+02, 2.810993e+02
1.000000e+02, 2.823372e+02
1.000000e+02, 2.835833e+02
1.000000e+02, 2.848377e+02
1.000000e+02, 2.861005e+02
1.000000e+02, 2.873718e+02
1.000000e+02, 2.886517e+02
1.000000e+02, 2.899402e+02
1.000000e+02, 2.912377e+02
1.000000e+02, 2.925440e+02
1.000000e+02, 2.938595e+02
1.000000e+02, 2.951841e+02
1.000000e+02, 2.965180e+02
1.000000e+02, 2.978614e+02
1.000000e+02, 2.992143e+02
1.000000e+02, 3.005769e+02
1.000000e+02, 3.019494e+02
1.000000e+02, 3.033318e+02
1.000000e+02, 3.047244e+02
1.000000e+02, 3.061273e+02
1.000000e+02, 3.075406e+02
1.000000e+02, 3.089645e+02
1.000000e+02, 3.103991e+02
1.000000e+02, 3.118446e+02
1.000000e+02, 3.133013e+02
1.000000e+02, 3.147692e+02
1.000000e+02, 3.162486e+02
1.000000e+02, 3.177396e+02
1.000000e+02, 3.192424e+02
1.000000e+02, 3.207572e+02
1.000000e+02, 3.222843e+02
1.000000e+02, 3.238239e+02
1.000000e+02, 3.253761e+02
1.000000e+02, 3.269411e+02
1.000000e+02, 3.285193e+02
1.000000e+02, 3.301109e+02
1.000000e+02, 3.317161e+02
1.000000e+02, 3.333351e+02
1.000000e+02, 3.349683e+02
1.000000e+02, 3.366159e+02
1.000000e+02, 3.382781e+02
1.000000e+02, 3.399554e+02
1.000000e+02, 3.416479e+02
1.000000e+02, 3.433560e+02
1.000000e+02, 3.450801e+02
1.000000e+02, 3.468205e+02
1.000000e+02, 3.485774e+02
1.000000e+02, 3.503514e+02
1.000000e+02, 3.521427e+02
1.000000e+02, 3.539518e+02
1.000000e+02, 3.557791e+02
1.000000e+02, 3.576250e+02
1.000000e+02, 3.594900e+02
1.000000e+02, 1.374460e+00
1.000000e+02, 3.278985e+00
1.000000e+02, 5.204045e+00
1.000000e+02, 7.150174e+00
1.000000e+02, 9.117932e+00
1.000000e+02, 1.110790e+01
1.000000e+02, 1.312071e+01
1.000000e+02, 1.515698e+01
1.000000e+02, 1.721741e+01
1.000000e+02, 1.930270e+01
1.000000e+02, 2.141361e+01
1.000000e+02, 2.355092e+01
1.000000e+02, 2.571546e+01
1.000000e+02, 2.790812e+01
1.000000e+02, 3.012982e+01
1.000000e+02, 3.238156e+01
1.000000e+02, 3.466437e+01
1.000000e+02, 3.697937e+01
1.000000e+02, 3.932772e+01
1.000000e+02, 4.171070e+01
1.000000e+02, 4.412963e+01
1.000000e+02, 4.658595e+01
1.000000e+02, 4.908119e+01
1.000000e+02, 5.161699e+01
1.000000e+02, 5.419513e+01
1.000000e+02, 5.681749e+01
1.000000e+02, 5.948614e+01
1.000000e+02, 6.220330e+01
1.000000e+02, 6.497137e+01
1.000000e+02, 6.779299e+01
1.000000e+02, 7.067102e+01
1.000000e+02, 7.360860e+01
1.000000e+02, 7.660916e+01
1.000000e+02, 7.967651e+01
1.000000e+02, 8.281487e+01
1.000000e+02, 8.602889e+01
1.000000e+02, 8.932383e+01
1.000000e+02, 9.270554e+01
1.000000e+02, 9.618067e+01
1.000000e+02, 9.975675e+01
1.000000e+02, 1.034424e+02
1.000000e+02, 1.072477e+02
1.000000e+02, 1.111841e+02
1.000000e+02, 1.152653e+02
1.000000e+02, 1.195075e+02
1.000000e+02, 1.239304e+02
1.000000e+02, 1.285577e+02
1.000000e+02, 1.334193e+02
1.000000e+02, 1.385531e+02
1.000000e+02, 1.440086e+02
1.000000e+02, 1.498529e+02
1.000000e+02, 1.561801e+02
1.000000e+02, 1.631308e+02
1.000000e+02, 1.709322e+02
1.000000e+02, 1.800000e+02
##END= 