##TITLE= /opt/topspin3.0/exp/stan/nmr/lists/wave/user/HypSec_trunc2.84_110
##JCAMP-DX= 5.00 Bruker JCAMP library
##DATA TYPE= Shape Data
##ORIGIN= Bruker BioSpin GmbH
##OWNER= <nmrsu>
##DATE= 15/02/24
##TIME= 16:15:04
##MINX= 1.164538e+01
##MAXX= 9.999960e+01
##MINY= 2.546774e-02
##MAXY= 3.585574e+02
##$SHAPE_EXMODE= Adiabatic
##$SHAPE_TOTROT= 1.800000e+02
##$SHAPE_BWFAC= 1.929340e+02
##$SHAPE_INTEGFAC= 2.356110e-02
##$SHAPE_MODE= 0
##NPOINTS= 1000
##XYPOINTS= (XY..XY)
1.000000e+02, 1.800000e+02
1.000000e+02, 1.762466e+02
1.000000e+02, 1.730175e+02
1.000000e+02, 1.701405e+02
1.000000e+02, 1.675215e+02
1.000000e+02, 1.651025e+02
1.000000e+02, 1.628443e+02
1.000000e+02, 1.607193e+02
1.000000e+02, 1.587070e+02
1.000000e+02, 1.567917e+02
1.000000e+02, 1.549610e+02
1.000000e+02, 1.532050e+02
1.000000e+02, 1.515158e+02
1.000000e+02, 1.498864e+02
1.000000e+02, 1.483113e+02
1.000000e+02, 1.467858e+02
1.000000e+02, 1.453055e+02
1.000000e+02, 1.438671e+02
1.000000e+02, 1.424674e+02
1.000000e+02, 1.411035e+02
1.000000e+02, 1.397732e+02
1.000000e+02, 1.384742e+02
1.000000e+02, 1.372045e+02
1.000000e+02, 1.359625e+02
1.000000e+02, 1.347466e+02
1.000000e+02, 1.335553e+02
1.000000e+02, 1.323874e+02
1.000000e+02, 1.312417e+02
1.000000e+02, 1.301170e+02
1.000000e+02, 1.290124e+02
1.000000e+02, 1.279269e+02
1.000000e+02, 1.268598e+02
1.000000e+02, 1.258102e+02
1.000000e+02, 1.247773e+02
1.000000e+02, 1.237606e+02
1.000000e+02, 1.227594e+02
1.000000e+02, 1.217730e+02
1.000000e+02, 1.208010e+02
1.000000e+02, 1.198428e+02
1.000000e+02, 1.188979e+02
1.000000e+02, 1.179658e+02
1.000000e+02, 1.170462e+02
1.000000e+02, 1.161386e+02
1.000000e+02, 1.152427e+02
1.000000e+02, 1.143580e+02
1.000000e+02, 1.134843e+02
1.000000e+02, 1.126211e+02
1.000000e+02, 1.117683e+02
1.000000e+02, 1.109254e+02
1.000000e+02, 1.100923e+02
1.000000e+02, 1.092686e+02
1.000000e+02, 1.084541e+02
1.000000e+02, 1.076486e+02
1.000000e+02, 1.068517e+02
1.000000e+02, 1.060634e+02
1.000000e+02, 1.052834e+02
1.000000e+02, 1.045114e+02
1.000000e+02, 1.037474e+02
1.000000e+02, 1.029910e+02
1.000000e+02, 1.022422e+02
1.000000e+02, 1.015007e+02
1.000000e+02, 1.007665e+02
1.000000e+02, 1.000392e+02
1.000000e+02, 9.931887e+01
1.000000e+02, 9.860525e+01
1.000000e+02, 9.789822e+01
1.000000e+02, 9.719764e+01
1.000000e+02, 9.650340e+01
1.000000e+02, 9.581536e+01
1.000000e+02, 9.513339e+01
1.000000e+02, 9.445739e+01
1.000000e+02, 9.378724e+01
1.000000e+02, 9.312283e+01
1.000000e+02, 9.246405e+01
1.000000e+02, 9.181080e+01
1.000000e+02, 9.116298e+01
1.000000e+02, 9.052049e+01
1.000000e+02, 8.988325e+01
1.000000e+02, 8.925116e+01
1.000000e+02, 8.862413e+01
1.000000e+02, 8.800208e+01
1.000000e+02, 8.738493e+01
1.000000e+02, 8.677259e+01
1.000000e+02, 8.616500e+01
1.000000e+02, 8.556207e+01
1.000000e+02, 8.496372e+01
1.000000e+02, 8.436990e+01
1.000000e+02, 8.378053e+01
1.000000e+02, 8.319554e+01
1.000000e+02, 8.261487e+01
1.000000e+02, 8.203845e+01
1.000000e+02, 8.146623e+01
1.000000e+02, 8.089814e+01
1.000000e+02, 8.033412e+01
1.000000e+02, 7.977411e+01
1.000000e+02, 7.921807e+01
1.000000e+02, 7.866594e+01
1.000000e+02, 7.811765e+01
1.000000e+02, 7.757317e+01
1.000000e+02, 7.703244e+01
1.000000e+02, 7.649541e+01
1.000000e+02, 7.596204e+01
1.000000e+02, 7.543227e+01
1.000000e+02, 7.490606e+01
1.000000e+02, 7.438337e+01
1.000000e+02, 7.386416e+01
1.000000e+02, 7.334837e+01
1.000000e+02, 7.283597e+01
1.000000e+02, 7.232692e+01
1.000000e+02, 7.182118e+01
1.000000e+02, 7.131871e+01
1.000000e+02, 7.081947e+01
1.000000e+02, 7.032342e+01
1.000000e+02, 6.983053e+01
1.000000e+02, 6.934077e+01
1.000000e+02, 6.885409e+01
1.000000e+02, 6.837046e+01
1.000000e+02, 6.788985e+01
1.000000e+02, 6.741223e+01
1.000000e+02, 6.693756e+01
1.000000e+02, 6.646582e+01
1.000000e+02, 6.599697e+01
1.000000e+02, 6.553098e+01
1.000000e+02, 6.506782e+01
1.000000e+02, 6.460747e+01
1.000000e+02, 6.414989e+01
1.000000e+02, 6.369506e+01
1.000000e+02, 6.324295e+01
1.000000e+02, 6.279353e+01
1.000000e+02, 6.234678e+01
1.000000e+02, 6.190267e+01
1.000000e+02, 6.146117e+01
1.000000e+02, 6.102227e+01
1.000000e+02, 6.058593e+01
1.000000e+02, 6.015213e+01
1.000000e+02, 5.972085e+01
1.000000e+02, 5.929207e+01
1.000000e+02, 5.886576e+01
1.000000e+02, 5.844190e+01
1.000000e+02, 5.802047e+01
1.000000e+02, 5.760145e+01
1.000000e+02, 5.718481e+01
1.000000e+02, 5.677054e+01
1.000000e+02, 5.635861e+01
1.000000e+02, 5.594901e+01
1.000000e+02, 5.554171e+01
1.000000e+02, 5.513670e+01
1.000000e+02, 5.473395e+01
1.000000e+02, 5.433345e+01
1.000000e+02, 5.393518e+01
1.000000e+02, 5.353912e+01
1.000000e+02, 5.314526e+01
1.000000e+02, 5.275357e+01
1.000000e+02, 5.236404e+01
1.000000e+02, 5.197665e+01
1.000000e+02, 5.159138e+01
1.000000e+02, 5.120823e+01
1.000000e+02, 5.082716e+01
1.000000e+02, 5.044817e+01
1.000000e+02, 5.007124e+01
1.000000e+02, 4.969636e+01
1.000000e+02, 4.932350e+01
1.000000e+02, 4.895266e+01
1.000000e+02, 4.858382e+01
1.000000e+02, 4.821697e+01
1.000000e+02, 4.785209e+01
1.000000e+02, 4.748916e+01
1.000000e+02, 4.712817e+01
1.000000e+02, 4.676912e+01
1.000000e+02, 4.641198e+01
1.000000e+02, 4.605674e+01
1.000000e+02, 4.570339e+01
1.000000e+02, 4.535192e+01
1.000000e+02, 4.500231e+01
1.000000e+02, 4.465455e+01
1.000000e+02, 4.430864e+01
1.000000e+02, 4.396454e+01
1.000000e+02, 4.362226e+01
1.000000e+02, 4.328179e+01
1.000000e+02, 4.294310e+01
1.000000e+02, 4.260620e+01
1.000000e+02, 4.227106e+01
1.000000e+02, 4.193768e+01
1.000000e+02, 4.160604e+01
1.000000e+02, 4.127614e+01
1.000000e+02, 4.094797e+01
1.000000e+02, 4.062150e+01
1.000000e+02, 4.029674e+01
1.000000e+02, 3.997367e+01
1.000000e+02, 3.965229e+01
1.000000e+02, 3.933257e+01
1.000000e+02, 3.901452e+01
1.000000e+02, 3.869812e+01
1.000000e+02, 3.838336e+01
1.000000e+02, 3.807024e+01
1.000000e+02, 3.775874e+01
1.000000e+02, 3.744885e+01
1.000000e+02, 3.714057e+01
1.000000e+02, 3.683388e+01
1.000000e+02, 3.652878e+01
1.000000e+02, 3.622527e+01
1.000000e+02, 3.592331e+01
1.000000e+02, 3.562293e+01
1.000000e+02, 3.532409e+01
1.000000e+02, 3.502679e+01
1.000000e+02, 3.473104e+01
1.000000e+02, 3.443681e+01
1.000000e+02, 3.414410e+01
1.000000e+02, 3.385290e+01
1.000000e+02, 3.356320e+01
1.000000e+02, 3.327500e+01
1.000000e+02, 3.298828e+01
1.000000e+02, 3.270305e+01
1.000000e+02, 3.241929e+01
1.000000e+02, 3.213699e+01
1.000000e+02, 3.185616e+01
1.000000e+02, 3.157677e+01
1.000000e+02, 3.129883e+01
1.000000e+02, 3.102232e+01
1.000000e+02, 3.074724e+01
1.000000e+02, 3.047358e+01
1.000000e+02, 3.020134e+01
1.000000e+02, 2.993051e+01
1.000000e+02, 2.966108e+01
1.000000e+02, 2.939304e+01
1.000000e+02, 2.912639e+01
1.000000e+02, 2.886113e+01
1.000000e+02, 2.859724e+01
1.000000e+02, 2.833472e+01
1.000000e+02, 2.807356e+01
1.000000e+02, 2.781376e+01
1.000000e+02, 2.755532e+01
1.000000e+02, 2.729821e+01
1.000000e+02, 2.704245e+01
1.000000e+02, 2.678801e+01
1.000000e+02, 2.653491e+01
1.000000e+02, 2.628313e+01
1.000000e+02, 2.603266e+01
1.000000e+02, 2.578350e+01
1.000000e+02, 2.553564e+01
1.000000e+02, 2.528909e+01
1.000000e+02, 2.504383e+01
1.000000e+02, 2.479985e+01
1.000000e+02, 2.455716e+01
1.000000e+02, 2.431574e+01
1.000000e+02, 2.407560e+01
1.000000e+02, 2.383672e+01
1.000000e+02, 2.359911e+01
1.000000e+02, 2.336275e+01
1.000000e+02, 2.312764e+01
1.000000e+02, 2.289378e+01
1.000000e+02, 2.266116e+01
1.000000e+02, 2.242978e+01
1.000000e+02, 2.219963e+01
1.000000e+02, 2.197070e+01
1.000000e+02, 2.174300e+01
1.000000e+02, 2.151652e+01
1.000000e+02, 2.129125e+01
1.000000e+02, 2.106719e+01
1.000000e+02, 2.084433e+01
1.000000e+02, 2.062267e+01
1.000000e+02, 2.040221e+01
1.000000e+02, 2.018293e+01
1.000000e+02, 1.996485e+01
1.000000e+02, 1.974794e+01
1.000000e+02, 1.953221e+01
1.000000e+02, 1.931766e+01
1.000000e+02, 1.910428e+01
1.000000e+02, 1.889206e+01
1.000000e+02, 1.868100e+01
1.000000e+02, 1.847110e+01
1.000000e+02, 1.826235e+01
1.000000e+02, 1.805475e+01
1.000000e+02, 1.784830e+01
1.000000e+02, 1.764299e+01
1.000000e+02, 1.743881e+01
1.000000e+02, 1.723577e+01
1.000000e+02, 1.703386e+01
1.000000e+02, 1.683308e+01
1.000000e+02, 1.663341e+01
1.000000e+02, 1.643487e+01
1.000000e+02, 1.623744e+01
1.000000e+02, 1.604113e+01
1.000000e+02, 1.584592e+01
1.000000e+02, 1.565181e+01
1.000000e+02, 1.545881e+01
1.000000e+02, 1.526691e+01
1.000000e+02, 1.507610e+01
1.000000e+02, 1.488638e+01
1.000000e+02, 1.469774e+01
1.000000e+02, 1.451019e+01
1.000000e+02, 1.432373e+01
1.000000e+02, 1.413834e+01
1.000000e+02, 1.395402e+01
1.000000e+02, 1.377078e+01
1.000000e+02, 1.358860e+01
1.000000e+02, 1.340749e+01
1.000000e+02, 1.322744e+01
1.000000e+02, 1.304845e+01
1.000000e+02, 1.287052e+01
1.000000e+02, 1.269363e+01
1.000000e+02, 1.251780e+01
1.000000e+02, 1.234302e+01
1.000000e+02, 1.216928e+01
1.000000e+02, 1.199658e+01
1.000000e+02, 1.182491e+01
1.000000e+02, 1.165429e+01
1.000000e+02, 1.148469e+01
1.000000e+02, 1.131613e+01
1.000000e+02, 1.114859e+01
1.000000e+02, 1.098208e+01
1.000000e+02, 1.081659e+01
1.000000e+02, 1.065211e+01
1.000000e+02, 1.048866e+01
1.000000e+02, 1.032621e+01
1.000000e+02, 1.016478e+01
1.000000e+02, 1.000436e+01
1.000000e+02, 9.844942e+00
1.000000e+02, 9.686528e+00
1.000000e+02, 9.529115e+00
1.000000e+02, 9.372701e+00
1.000000e+02, 9.217282e+00
1.000000e+02, 9.062857e+00
1.000000e+02, 8.909423e+00
1.000000e+02, 8.756978e+00
1.000000e+02, 8.605519e+00
1.000000e+02, 8.455044e+00
1.000000e+02, 8.305551e+00
1.000000e+02, 8.157037e+00
1.000000e+02, 8.009501e+00
1.000000e+02, 7.862939e+00
1.000000e+02, 7.717351e+00
1.000000e+02, 7.572732e+00
1.000000e+02, 7.429082e+00
1.000000e+02, 7.286398e+00
1.000000e+02, 7.144678e+00
1.000000e+02, 7.003920e+00
1.000000e+02, 6.864122e+00
1.000000e+02, 6.725282e+00
1.000000e+02, 6.587397e+00
1.000000e+02, 6.450466e+00
1.000000e+02, 6.314486e+00
1.000000e+02, 6.179456e+00
1.000000e+02, 6.045373e+00
1.000000e+02, 5.912236e+00
1.000000e+02, 5.780043e+00
1.000000e+02, 5.648792e+00
1.000000e+02, 5.518481e+00
1.000000e+02, 5.389107e+00
1.000000e+02, 5.260670e+00
1.000000e+02, 5.133167e+00
1.000000e+02, 5.006596e+00
1.000000e+02, 4.880956e+00
1.000000e+02, 4.756245e+00
1.000000e+02, 4.632461e+00
1.000000e+02, 4.509602e+00
1.000000e+02, 4.387667e+00
1.000000e+02, 4.266653e+00
1.000000e+02, 4.146560e+00
1.000000e+02, 4.027385e+00
1.000000e+02, 3.909127e+00
1.000000e+02, 3.791785e+00
1.000000e+02, 3.675355e+00
1.000000e+02, 3.559838e+00
1.000000e+02, 3.445230e+00
1.000000e+02, 3.331532e+00
1.000000e+02, 3.218740e+00
1.000000e+02, 3.106854e+00
1.000000e+02, 2.995872e+00
1.000000e+02, 2.885792e+00
1.000000e+02, 2.776614e+00
1.000000e+02, 2.668335e+00
1.000000e+02, 2.560953e+00
1.000000e+02, 2.454469e+00
1.000000e+02, 2.348879e+00
1.000000e+02, 2.244183e+00
1.000000e+02, 2.140379e+00
1.000000e+02, 2.037467e+00
1.000000e+02, 1.935443e+00
1.000000e+02, 1.834308e+00
1.000000e+02, 1.734059e+00
1.000000e+02, 1.634696e+00
1.000000e+02, 1.536217e+00
1.000000e+02, 1.438620e+00
1.000000e+02, 1.341905e+00
1.000000e+02, 1.246070e+00
1.000000e+02, 1.151114e+00
1.000000e+02, 1.057036e+00
1.000000e+02, 9.638335e-01
1.000000e+02, 8.715065e-01
1.000000e+02, 7.800535e-01
1.000000e+02, 6.894732e-01
1.000000e+02, 5.997645e-01
1.000000e+02, 5.109261e-01
1.000000e+02, 4.229569e-01
1.000000e+02, 3.358558e-01
1.000000e+02, 2.496216e-01
1.000000e+02, 1.642532e-01
1.000000e+02, 7.974953e-02
1.000000e+02, 3.599961e+02
1.000000e+02, 3.599133e+02
1.000000e+02, 3.598314e+02
1.000000e+02, 3.597504e+02
1.000000e+02, 3.596702e+02
1.000000e+02, 3.595908e+02
1.000000e+02, 3.595123e+02
1.000000e+02, 3.594347e+02
1.000000e+02, 3.593580e+02
1.000000e+02, 3.592820e+02
1.000000e+02, 3.592070e+02
1.000000e+02, 3.591328e+02
1.000000e+02, 3.590594e+02
1.000000e+02, 3.589869e+02
1.000000e+02, 3.589152e+02
1.000000e+02, 3.588444e+02
1.000000e+02, 3.587745e+02
1.000000e+02, 3.587054e+02
1.000000e+02, 3.586371e+02
1.000000e+02, 3.585697e+02
1.000000e+02, 3.585031e+02
1.000000e+02, 3.584374e+02
1.000000e+02, 3.583725e+02
1.000000e+02, 3.583084e+02
1.000000e+02, 3.582452e+02
1.000000e+02, 3.581828e+02
1.000000e+02, 3.581213e+02
1.000000e+02, 3.580606e+02
1.000000e+02, 3.580008e+02
1.000000e+02, 3.579417e+02
1.000000e+02, 3.578836e+02
1.000000e+02, 3.578262e+02
1.000000e+02, 3.577697e+02
1.000000e+02, 3.577140e+02
1.000000e+02, 3.576592e+02
1.000000e+02, 3.576052e+02
1.000000e+02, 3.575520e+02
1.000000e+02, 3.574997e+02
1.000000e+02, 3.574482e+02
1.000000e+02, 3.573975e+02
1.000000e+02, 3.573476e+02
1.000000e+02, 3.572986e+02
1.000000e+02, 3.572504e+02
1.000000e+02, 3.572031e+02
1.000000e+02, 3.571565e+02
1.000000e+02, 3.571108e+02
1.000000e+02, 3.570659e+02
1.000000e+02, 3.570219e+02
1.000000e+02, 3.569786e+02
1.000000e+02, 3.569362e+02
1.000000e+02, 3.568946e+02
1.000000e+02, 3.568539e+02
1.000000e+02, 3.568139e+02
1.000000e+02, 3.567748e+02
1.000000e+02, 3.567365e+02
1.000000e+02, 3.566990e+02
1.000000e+02, 3.566624e+02
1.000000e+02, 3.566266e+02
1.000000e+02, 3.565916e+02
1.000000e+02, 3.565574e+02
1.000000e+02, 3.565240e+02
1.000000e+02, 3.564914e+02
1.000000e+02, 3.564597e+02
1.000000e+02, 3.564288e+02
1.000000e+02, 3.563987e+02
1.000000e+02, 3.563694e+02
1.000000e+02, 3.563410e+02
1.000000e+02, 3.563133e+02
1.000000e+02, 3.562865e+02
1.000000e+02, 3.562605e+02
1.000000e+02, 3.562353e+02
1.000000e+02, 3.562109e+02
1.000000e+02, 3.561873e+02
1.000000e+02, 3.561646e+02
1.000000e+02, 3.561427e+02
1.000000e+02, 3.561215e+02
1.000000e+02, 3.561012e+02
1.000000e+02, 3.560817e+02
1.000000e+02, 3.560631e+02
1.000000e+02, 3.560452e+02
1.000000e+02, 3.560282e+02
1.000000e+02, 3.560119e+02
1.000000e+02, 3.559965e+02
1.000000e+02, 3.559819e+02
1.000000e+02, 3.559681e+02
1.000000e+02, 3.559551e+02
1.000000e+02, 3.559429e+02
1.000000e+02, 3.559316e+02
1.000000e+02, 3.559210e+02
1.000000e+02, 3.559113e+02
1.000000e+02, 3.559024e+02
1.000000e+02, 3.558942e+02
1.000000e+02, 3.558869e+02
1.000000e+02, 3.558804e+02
1.000000e+02, 3.558748e+02
1.000000e+02, 3.558699e+02
1.000000e+02, 3.558658e+02
1.000000e+02, 3.558626e+02
1.000000e+02, 3.558602e+02
1.000000e+02, 3.558585e+02
1.000000e+02, 3.558577e+02
1.000000e+02, 3.558577e+02
1.000000e+02, 3.558585e+02
1.000000e+02, 3.558602e+02
1.000000e+02, 3.558626e+02
1.000000e+02, 3.558658e+02
1.000000e+02, 3.558699e+02
1.000000e+02, 3.558748e+02
1.000000e+02, 3.558804e+02
1.000000e+02, 3.558869e+02
1.000000e+02, 3.558942e+02
1.000000e+02, 3.559024e+02
1.000000e+02, 3.559113e+02
1.000000e+02, 3.559210e+02
1.000000e+02, 3.559316e+02
1.000000e+02, 3.559429e+02
1.000000e+02, 3.559551e+02
1.000000e+02, 3.559681e+02
1.000000e+02, 3.559819e+02
1.000000e+02, 3.559965e+02
1.000000e+02, 3.560119e+02
1.000000e+02, 3.560282e+02
1.000000e+02, 3.560452e+02
1.000000e+02, 3.560631e+02
1.000000e+02, 3.560817e+02
1.000000e+02, 3.561012e+02
1.000000e+02, 3.561215e+02
1.000000e+02, 3.561427e+02
1.000000e+02, 3.561646e+02
1.000000e+02, 3.561873e+02
1.000000e+02, 3.562109e+02
1.000000e+02, 3.562353e+02
1.000000e+02, 3.562605e+02
1.000000e+02, 3.562865e+02
1.000000e+02, 3.563133e+02
1.000000e+02, 3.563410e+02
1.000000e+02, 3.563694e+02
1.000000e+02, 3.563987e+02
1.000000e+02, 3.564288e+02
1.000000e+02, 3.564597e+02
1.000000e+02, 3.564914e+02
1.000000e+02, 3.565240e+02
1.000000e+02, 3.565574e+02
1.000000e+02, 3.565916e+02
1.000000e+02, 3.566266e+02
1.000000e+02, 3.566624e+02
1.000000e+02, 3.566990e+02
1.000000e+02, 3.567365e+02
1.000000e+02, 3.567748e+02
1.000000e+02, 3.568139e+02
1.000000e+02, 3.568539e+02
1.000000e+02, 3.568946e+02
1.000000e+02, 3.569362e+02
1.000000e+02, 3.569786e+02
1.000000e+02, 3.570219e+02
1.000000e+02, 3.570659e+02
1.000000e+02, 3.571108e+02
1.000000e+02, 3.571565e+02
1.000000e+02, 3.572031e+02
1.000000e+02, 3.572504e+02
1.000000e+02, 3.572986e+02
1.000000e+02, 3.573476e+02
1.000000e+02, 3.573975e+02
1.000000e+02, 3.574482e+02
1.000000e+02, 3.574997e+02
1.000000e+02, 3.575520e+02
1.000000e+02, 3.576052e+02
1.000000e+02, 3.576592e+02
1.000000e+02, 3.577140e+02
1.000000e+02, 3.577697e+02
1.000000e+02, 3.578262e+02
1.000000e+02, 3.578836e+02
1.000000e+02, 3.579417e+02
1.000000e+02, 3.580008e+02
1.000000e+02, 3.580606e+02
1.000000e+02, 3.581213e+02
1.000000e+02, 3.581828e+02
1.000000e+02, 3.582452e+02
1.000000e+02, 3.583084e+02
1.000000e+02, 3.583725e+02
1.000000e+02, 3.584374e+02
1.000000e+02, 3.585031e+02
1.000000e+02, 3.585697e+02
1.000000e+02, 3.586371e+02
1.000000e+02, 3.587054e+02
1.000000e+02, 3.587745e+02
1.000000e+02, 3.588444e+02
1.000000e+02, 3.589152e+02
1.000000e+02, 3.589869e+02
1.000000e+02, 3.590594e+02
1.000000e+02, 3.591328e+02
1.000000e+02, 3.592070e+02
1.000000e+02, 3.592820e+02
1.000000e+02, 3.593580e+02
1.000000e+02, 3.594347e+02
1.000000e+02, 3.595123e+02
1.000000e+02, 3.595908e+02
1.000000e+02, 3.596702e+02
1.000000e+02, 3.597504e+02
1.000000e+02, 3.598314e+02
1.000000e+02, 3.599133e+02
1.000000e+02, 3.599961e+02
1.000000e+02, 7.974994e-02
1.000000e+02, 1.642536e-01
1.000000e+02, 2.496220e-01
1.000000e+02, 3.358562e-01
1.000000e+02, 4.229574e-01
1.000000e+02, 5.109265e-01
1.000000e+02, 5.997649e-01
1.000000e+02, 6.894737e-01
1.000000e+02, 7.800540e-01
1.000000e+02, 8.715070e-01
1.000000e+02, 9.638339e-01
1.000000e+02, 1.057036e+00
1.000000e+02, 1.151114e+00
1.000000e+02, 1.246071e+00
1.000000e+02, 1.341906e+00
1.000000e+02, 1.438621e+00
1.000000e+02, 1.536217e+00
1.000000e+02, 1.634696e+00
1.000000e+02, 1.734060e+00
1.000000e+02, 1.834308e+00
1.000000e+02, 1.935444e+00
1.000000e+02, 2.037467e+00
1.000000e+02, 2.140380e+00
1.000000e+02, 2.244184e+00
1.000000e+02, 2.348880e+00
1.000000e+02, 2.454469e+00
1.000000e+02, 2.560954e+00
1.000000e+02, 2.668335e+00
1.000000e+02, 2.776614e+00
1.000000e+02, 2.885793e+00
1.000000e+02, 2.995872e+00
1.000000e+02, 3.106854e+00
1.000000e+02, 3.218740e+00
1.000000e+02, 3.331532e+00
1.000000e+02, 3.445231e+00
1.000000e+02, 3.559838e+00
1.000000e+02, 3.675356e+00
1.000000e+02, 3.791785e+00
1.000000e+02, 3.909128e+00
1.000000e+02, 4.027386e+00
1.000000e+02, 4.146561e+00
1.000000e+02, 4.266654e+00
1.000000e+02, 4.387667e+00
1.000000e+02, 4.509603e+00
1.000000e+02, 4.632461e+00
1.000000e+02, 4.756246e+00
1.000000e+02, 4.880957e+00
1.000000e+02, 5.006597e+00
1.000000e+02, 5.133167e+00
1.000000e+02, 5.260670e+00
1.000000e+02, 5.389108e+00
1.000000e+02, 5.518481e+00
1.000000e+02, 5.648793e+00
1.000000e+02, 5.780044e+00
1.000000e+02, 5.912237e+00
1.000000e+02, 6.045374e+00
1.000000e+02, 6.179456e+00
1.000000e+02, 6.314486e+00
1.000000e+02, 6.450466e+00
1.000000e+02, 6.587397e+00
1.000000e+02, 6.725282e+00
1.000000e+02, 6.864123e+00
1.000000e+02, 7.003921e+00
1.000000e+02, 7.144679e+00
1.000000e+02, 7.286399e+00
1.000000e+02, 7.429083e+00
1.000000e+02, 7.572733e+00
1.000000e+02, 7.717351e+00
1.000000e+02, 7.862940e+00
1.000000e+02, 8.009502e+00
1.000000e+02, 8.157038e+00
1.000000e+02, 8.305552e+00
1.000000e+02, 8.455045e+00
1.000000e+02, 8.605520e+00
1.000000e+02, 8.756978e+00
1.000000e+02, 8.909424e+00
1.000000e+02, 9.062858e+00
1.000000e+02, 9.217283e+00
1.000000e+02, 9.372702e+00
1.000000e+02, 9.529116e+00
1.000000e+02, 9.686529e+00
1.000000e+02, 9.844943e+00
1.000000e+02, 1.000436e+01
1.000000e+02, 1.016478e+01
1.000000e+02, 1.032622e+01
1.000000e+02, 1.048866e+01
1.000000e+02, 1.065211e+01
1.000000e+02, 1.081659e+01
1.000000e+02, 1.098208e+01
1.000000e+02, 1.114859e+01
1.000000e+02, 1.131613e+01
1.000000e+02, 1.148469e+01
1.000000e+02, 1.165429e+01
1.000000e+02, 1.182491e+01
1.000000e+02, 1.199658e+01
1.000000e+02, 1.216928e+01
1.000000e+02, 1.234302e+01
1.000000e+02, 1.251780e+01
1.000000e+02, 1.269364e+01
1.000000e+02, 1.287052e+01
1.000000e+02, 1.304845e+01
1.000000e+02, 1.322744e+01
1.000000e+02, 1.340749e+01
1.000000e+02, 1.358860e+01
1.000000e+02, 1.377078e+01
1.000000e+02, 1.395402e+01
1.000000e+02, 1.413834e+01
1.000000e+02, 1.432373e+01
1.000000e+02, 1.451020e+01
1.000000e+02, 1.469774e+01
1.000000e+02, 1.488638e+01
1.000000e+02, 1.507610e+01
1.000000e+02, 1.526691e+01
1.000000e+02, 1.545881e+01
1.000000e+02, 1.565182e+01
1.000000e+02, 1.584592e+01
1.000000e+02, 1.604113e+01
1.000000e+02, 1.623744e+01
1.000000e+02, 1.643487e+01
1.000000e+02, 1.663342e+01
1.000000e+02, 1.683308e+01
1.000000e+02, 1.703386e+01
1.000000e+02, 1.723577e+01
1.000000e+02, 1.743881e+01
1.000000e+02, 1.764299e+01
1.000000e+02, 1.784830e+01
1.000000e+02, 1.805475e+01
1.000000e+02, 1.826235e+01
1.000000e+02, 1.847110e+01
1.000000e+02, 1.868100e+01
1.000000e+02, 1.889206e+01
1.000000e+02, 1.910428e+01
1.000000e+02, 1.931766e+01
1.000000e+02, 1.953221e+01
1.000000e+02, 1.974794e+01
1.000000e+02, 1.996485e+01
1.000000e+02, 2.018293e+01
1.000000e+02, 2.040221e+01
1.000000e+02, 2.062267e+01
1.000000e+02, 2.084433e+01
1.000000e+02, 2.106719e+01
1.000000e+02, 2.129125e+01
1.000000e+02, 2.151652e+01
1.000000e+02, 2.174300e+01
1.000000e+02, 2.197071e+01
1.000000e+02, 2.219963e+01
1.000000e+02, 2.242978e+01
1.000000e+02, 2.266116e+01
1.000000e+02, 2.289378e+01
1.000000e+02, 2.312764e+01
1.000000e+02, 2.336275e+01
1.000000e+02, 2.359911e+01
1.000000e+02, 2.383672e+01
1.000000e+02, 2.407560e+01
1.000000e+02, 2.431574e+01
1.000000e+02, 2.455716e+01
1.000000e+02, 2.479985e+01
1.000000e+02, 2.504383e+01
1.000000e+02, 2.528909e+01
1.000000e+02, 2.553564e+01
1.000000e+02, 2.578350e+01
1.000000e+02, 2.603266e+01
1.000000e+02, 2.628313e+01
1.000000e+02, 2.653491e+01
1.000000e+02, 2.678802e+01
1.000000e+02, 2.704245e+01
1.000000e+02, 2.729821e+01
1.000000e+02, 2.755532e+01
1.000000e+02, 2.781377e+01
1.000000e+02, 2.807357e+01
1.000000e+02, 2.833472e+01
1.000000e+02, 2.859724e+01
1.000000e+02, 2.886113e+01
1.000000e+02, 2.912640e+01
1.000000e+02, 2.939304e+01
1.000000e+02, 2.966108e+01
1.000000e+02, 2.993051e+01
1.000000e+02, 3.020134e+01
1.000000e+02, 3.047358e+01
1.000000e+02, 3.074724e+01
1.000000e+02, 3.102232e+01
1.000000e+02, 3.129883e+01
1.000000e+02, 3.157677e+01
1.000000e+02, 3.185616e+01
1.000000e+02, 3.213700e+01
1.000000e+02, 3.241929e+01
1.000000e+02, 3.270305e+01
1.000000e+02, 3.298829e+01
1.000000e+02, 3.327500e+01
1.000000e+02, 3.356320e+01
1.000000e+02, 3.385290e+01
1.000000e+02, 3.414410e+01
1.000000e+02, 3.443681e+01
1.000000e+02, 3.473104e+01
1.000000e+02, 3.502680e+01
1.000000e+02, 3.532409e+01
1.000000e+02, 3.562293e+01
1.000000e+02, 3.592332e+01
1.000000e+02, 3.622527e+01
1.000000e+02, 3.652879e+01
1.000000e+02, 3.683388e+01
1.000000e+02, 3.714057e+01
1.000000e+02, 3.744885e+01
1.000000e+02, 3.775874e+01
1.000000e+02, 3.807024e+01
1.000000e+02, 3.838336e+01
1.000000e+02, 3.869812e+01
1.000000e+02, 3.901452e+01
1.000000e+02, 3.933257e+01
1.000000e+02, 3.965229e+01
1.000000e+02, 3.997367e+01
1.000000e+02, 4.029674e+01
1.000000e+02, 4.062150e+01
1.000000e+02, 4.094797e+01
1.000000e+02, 4.127614e+01
1.000000e+02, 4.160605e+01
1.000000e+02, 4.193768e+01
1.000000e+02, 4.227106e+01
1.000000e+02, 4.260620e+01
1.000000e+02, 4.294311e+01
1.000000e+02, 4.328179e+01
1.000000e+02, 4.362227e+01
1.000000e+02, 4.396454e+01
1.000000e+02, 4.430864e+01
1.000000e+02, 4.465456e+01
1.000000e+02, 4.500231e+01
1.000000e+02, 4.535192e+01
1.000000e+02, 4.570339e+01
1.000000e+02, 4.605674e+01
1.000000e+02, 4.641198e+01
1.000000e+02, 4.676912e+01
1.000000e+02, 4.712818e+01
1.000000e+02, 4.748916e+01
1.000000e+02, 4.785209e+01
1.000000e+02, 4.821697e+01
1.000000e+02, 4.858383e+01
1.000000e+02, 4.895267e+01
1.000000e+02, 4.932351e+01
1.000000e+02, 4.969636e+01
1.000000e+02, 5.007124e+01
1.000000e+02, 5.044817e+01
1.000000e+02, 5.082716e+01
1.000000e+02, 5.120823e+01
1.000000e+02, 5.159138e+01
1.000000e+02, 5.197665e+01
1.000000e+02, 5.236404e+01
1.000000e+02, 5.275357e+01
1.000000e+02, 5.314526e+01
1.000000e+02, 5.353912e+01
1.000000e+02, 5.393518e+01
1.000000e+02, 5.433345e+01
1.000000e+02, 5.473395e+01
1.000000e+02, 5.513670e+01
1.000000e+02, 5.554171e+01
1.000000e+02, 5.594901e+01
1.000000e+02, 5.635861e+01
1.000000e+02, 5.677054e+01
1.000000e+02, 5.718481e+01
1.000000e+02, 5.760145e+01
1.000000e+02, 5.802047e+01
1.000000e+02, 5.844190e+01
1.000000e+02, 5.886576e+01
1.000000e+02, 5.929207e+01
1.000000e+02, 5.972085e+01
1.000000e+02, 6.015213e+01
1.000000e+02, 6.058593e+01
1.000000e+02, 6.102227e+01
1.000000e+02, 6.146117e+01
1.000000e+02, 6.190267e+01
1.000000e+02, 6.234678e+01
1.000000e+02, 6.279353e+01
1.000000e+02, 6.324295e+01
1.000000e+02, 6.369506e+01
1.000000e+02, 6.414989e+01
1.000000e+02, 6.460747e+01
1.000000e+02, 6.506782e+01
1.000000e+02, 6.553098e+01
1.000000e+02, 6.599697e+01
1.000000e+02, 6.646582e+01
1.000000e+02, 6.693757e+01
1.000000e+02, 6.741223e+01
1.000000e+02, 6.788985e+01
1.000000e+02, 6.837046e+01
1.000000e+02, 6.885409e+01
1.000000e+02, 6.934077e+01
1.000000e+02, 6.983054e+01
1.000000e+02, 7.032342e+01
1.000000e+02, 7.081947e+01
1.000000e+02, 7.131871e+01
1.000000e+02, 7.182118e+01
1.000000e+02, 7.232692e+01
1.000000e+02, 7.283597e+01
1.000000e+02, 7.334837e+01
1.000000e+02, 7.386416e+01
1.000000e+02, 7.438337e+01
1.000000e+02, 7.490606e+01
1.000000e+02, 7.543227e+01
1.000000e+02, 7.596204e+01
1.000000e+02, 7.649541e+01
1.000000e+02, 7.703244e+01
1.000000e+02, 7.757317e+01
1.000000e+02, 7.811766e+01
1.000000e+02, 7.866594e+01
1.000000e+02, 7.921807e+01
1.000000e+02, 7.977412e+01
1.000000e+02, 8.033412e+01
1.000000e+02, 8.089814e+01
1.000000e+02, 8.146623e+01
1.000000e+02, 8.203845e+01
1.000000e+02, 8.261487e+01
1.000000e+02, 8.319554e+01
1.000000e+02, 8.378053e+01
1.000000e+02, 8.436990e+01
1.000000e+02, 8.496373e+01
1.000000e+02, 8.556207e+01
1.000000e+02, 8.616500e+01
1.000000e+02, 8.677260e+01
1.000000e+02, 8.738493e+01
1.000000e+02, 8.800209e+01
1.000000e+02, 8.862413e+01
1.000000e+02, 8.925116e+01
1.000000e+02, 8.988325e+01
1.000000e+02, 9.052050e+01
1.000000e+02, 9.116298e+01
1.000000e+02, 9.181080e+01
1.000000e+02, 9.246405e+01
1.000000e+02, 9.312283e+01
1.000000e+02, 9.378724e+01
1.000000e+02, 9.445740e+01
1.000000e+02, 9.513340e+01
1.000000e+02, 9.581536e+01
1.000000e+02, 9.650340e+01
1.000000e+02, 9.719765e+01
1.000000e+02, 9.789822e+01
1.000000e+02, 9.860525e+01
1.000000e+02, 9.931887e+01
1.000000e+02, 1.000392e+02
1.000000e+02, 1.007665e+02
1.000000e+02, 1.015008e+02
1.000000e+02, 1.022422e+02
1.000000e+02, 1.029910e+02
1.000000e+02, 1.037474e+02
1.000000e+02, 1.045114e+02
1.000000e+02, 1.052834e+02
1.000000e+02, 1.060634e+02
1.000000e+02, 1.068517e+02
1.000000e+02, 1.076486e+02
1.000000e+02, 1.084541e+02
1.000000e+02, 1.092686e+02
1.000000e+02, 1.100923e+02
1.000000e+02, 1.109254e+02
1.000000e+02, 1.117683e+02
1.000000e+02, 1.126211e+02
1.000000e+02, 1.134843e+02
1.000000e+02, 1.143580e+02
1.000000e+02, 1.152427e+02
1.000000e+02, 1.161386e+02
1.000000e+02, 1.170462e+02
1.000000e+02, 1.179658e+02
1.000000e+02, 1.188979e+02
1.000000e+02, 1.198428e+02
1.000000e+02, 1.208010e+02
1.000000e+02, 1.217730e+02
1.000000e+02, 1.227594e+02
1.000000e+02, 1.237606e+02
1.000000e+02, 1.247773e+02
1.000000e+02, 1.258102e+02
1.000000e+02, 1.268598e+02
1.000000e+02, 1.279269e+02
1.000000e+02, 1.290124e+02
1.000000e+02, 1.301170e+02
1.000000e+02, 1.312417e+02
1.000000e+02, 1.323874e+02
1.000000e+02, 1.335553e+02
1.000000e+02, 1.347466e+02
1.000000e+02, 1.359625e+02
1.000000e+02, 1.372045e+02
1.000000e+02, 1.384742e+02
1.000000e+02, 1.397732e+02
1.000000e+02, 1.411035e+02
1.000000e+02, 1.424674e+02
1.000000e+02, 1.438671e+02
1.000000e+02, 1.453056e+02
1.000000e+02, 1.467858e+02
1.000000e+02, 1.483113e+02
1.000000e+02, 1.498864e+02
1.000000e+02, 1.515158e+02
1.000000e+02, 1.532050e+02
1.000000e+02, 1.549610e+02
1.000000e+02, 1.567917e+02
1.000000e+02, 1.587070e+02
1.000000e+02, 1.607193e+02
1.000000e+02, 1.628443e+02
1.000000e+02, 1.651025e+02
1.000000e+02, 1.675215e+02
1.000000e+02, 1.701405e+02
1.000000e+02, 1.730175e+02
1.000000e+02, 1.762466e+02
1.000000e+02, 1.800000e+02
##END= 