##TITLE= /opt/topspin3.0/exp/stan/nmr/lists/wave/user/HypSec_trunc2.84_110
##JCAMP-DX= 5.00 Bruker JCAMP library
##DATA TYPE= Shape Data
##ORIGIN= Bruker BioSpin GmbH
##OWNER= <nmrsu>
##DATE= 15/02/24
##TIME= 16:15:04
##MINX= 1.164538e+01
##MAXX= 9.999960e+01
##MINY= 2.546774e-02
##MAXY= 3.585574e+02
##$SHAPE_EXMODE= Adiabatic
##$SHAPE_TOTROT= 1.800000e+02
##$SHAPE_BWFAC= 1.929340e+02
##$SHAPE_INTEGFAC= 2.356110e-02
##$SHAPE_MODE= 0
##NPOINTS= 1000
##XYPOINTS= (XY..XY)
1.000000e+02, 1.800000e+02
1.000000e+02, 1.761802e+02
1.000000e+02, 1.728939e+02
1.000000e+02, 1.699660e+02
1.000000e+02, 1.673007e+02
1.000000e+02, 1.648388e+02
1.000000e+02, 1.625407e+02
1.000000e+02, 1.603781e+02
1.000000e+02, 1.583301e+02
1.000000e+02, 1.563809e+02
1.000000e+02, 1.545178e+02
1.000000e+02, 1.527308e+02
1.000000e+02, 1.510116e+02
1.000000e+02, 1.493534e+02
1.000000e+02, 1.477505e+02
1.000000e+02, 1.461979e+02
1.000000e+02, 1.446915e+02
1.000000e+02, 1.432276e+02
1.000000e+02, 1.418031e+02
1.000000e+02, 1.404151e+02
1.000000e+02, 1.390612e+02
1.000000e+02, 1.377392e+02
1.000000e+02, 1.364471e+02
1.000000e+02, 1.351831e+02
1.000000e+02, 1.339457e+02
1.000000e+02, 1.327333e+02
1.000000e+02, 1.315447e+02
1.000000e+02, 1.303787e+02
1.000000e+02, 1.292341e+02
1.000000e+02, 1.281099e+02
1.000000e+02, 1.270053e+02
1.000000e+02, 1.259192e+02
1.000000e+02, 1.248510e+02
1.000000e+02, 1.237999e+02
1.000000e+02, 1.227652e+02
1.000000e+02, 1.217463e+02
1.000000e+02, 1.207424e+02
1.000000e+02, 1.197532e+02
1.000000e+02, 1.187780e+02
1.000000e+02, 1.178164e+02
1.000000e+02, 1.168679e+02
1.000000e+02, 1.159320e+02
1.000000e+02, 1.150083e+02
1.000000e+02, 1.140965e+02
1.000000e+02, 1.131962e+02
1.000000e+02, 1.123070e+02
1.000000e+02, 1.114286e+02
1.000000e+02, 1.105606e+02
1.000000e+02, 1.097029e+02
1.000000e+02, 1.088550e+02
1.000000e+02, 1.080167e+02
1.000000e+02, 1.071878e+02
1.000000e+02, 1.063680e+02
1.000000e+02, 1.055571e+02
1.000000e+02, 1.047548e+02
1.000000e+02, 1.039610e+02
1.000000e+02, 1.031754e+02
1.000000e+02, 1.023978e+02
1.000000e+02, 1.016280e+02
1.000000e+02, 1.008660e+02
1.000000e+02, 1.001114e+02
1.000000e+02, 9.936411e+01
1.000000e+02, 9.862400e+01
1.000000e+02, 9.789089e+01
1.000000e+02, 9.716463e+01
1.000000e+02, 9.644509e+01
1.000000e+02, 9.573212e+01
1.000000e+02, 9.502558e+01
1.000000e+02, 9.432536e+01
1.000000e+02, 9.363133e+01
1.000000e+02, 9.294337e+01
1.000000e+02, 9.226135e+01
1.000000e+02, 9.158518e+01
1.000000e+02, 9.091474e+01
1.000000e+02, 9.024993e+01
1.000000e+02, 8.959064e+01
1.000000e+02, 8.893679e+01
1.000000e+02, 8.828827e+01
1.000000e+02, 8.764499e+01
1.000000e+02, 8.700686e+01
1.000000e+02, 8.637380e+01
1.000000e+02, 8.574573e+01
1.000000e+02, 8.512255e+01
1.000000e+02, 8.450420e+01
1.000000e+02, 8.389060e+01
1.000000e+02, 8.328167e+01
1.000000e+02, 8.267733e+01
1.000000e+02, 8.207753e+01
1.000000e+02, 8.148219e+01
1.000000e+02, 8.089124e+01
1.000000e+02, 8.030462e+01
1.000000e+02, 7.972227e+01
1.000000e+02, 7.914412e+01
1.000000e+02, 7.857012e+01
1.000000e+02, 7.800021e+01
1.000000e+02, 7.743432e+01
1.000000e+02, 7.687241e+01
1.000000e+02, 7.631443e+01
1.000000e+02, 7.576031e+01
1.000000e+02, 7.521001e+01
1.000000e+02, 7.466347e+01
1.000000e+02, 7.412066e+01
1.000000e+02, 7.358151e+01
1.000000e+02, 7.304599e+01
1.000000e+02, 7.251405e+01
1.000000e+02, 7.198565e+01
1.000000e+02, 7.146073e+01
1.000000e+02, 7.093926e+01
1.000000e+02, 7.042120e+01
1.000000e+02, 6.990651e+01
1.000000e+02, 6.939515e+01
1.000000e+02, 6.888707e+01
1.000000e+02, 6.838224e+01
1.000000e+02, 6.788063e+01
1.000000e+02, 6.738220e+01
1.000000e+02, 6.688690e+01
1.000000e+02, 6.639472e+01
1.000000e+02, 6.590560e+01
1.000000e+02, 6.541953e+01
1.000000e+02, 6.493646e+01
1.000000e+02, 6.445637e+01
1.000000e+02, 6.397922e+01
1.000000e+02, 6.350498e+01
1.000000e+02, 6.303362e+01
1.000000e+02, 6.256512e+01
1.000000e+02, 6.209945e+01
1.000000e+02, 6.163657e+01
1.000000e+02, 6.117645e+01
1.000000e+02, 6.071908e+01
1.000000e+02, 6.026442e+01
1.000000e+02, 5.981245e+01
1.000000e+02, 5.936314e+01
1.000000e+02, 5.891647e+01
1.000000e+02, 5.847240e+01
1.000000e+02, 5.803093e+01
1.000000e+02, 5.759202e+01
1.000000e+02, 5.715565e+01
1.000000e+02, 5.672179e+01
1.000000e+02, 5.629043e+01
1.000000e+02, 5.586154e+01
1.000000e+02, 5.543510e+01
1.000000e+02, 5.501109e+01
1.000000e+02, 5.458948e+01
1.000000e+02, 5.417027e+01
1.000000e+02, 5.375341e+01
1.000000e+02, 5.333891e+01
1.000000e+02, 5.292673e+01
1.000000e+02, 5.251685e+01
1.000000e+02, 5.210926e+01
1.000000e+02, 5.170395e+01
1.000000e+02, 5.130088e+01
1.000000e+02, 5.090004e+01
1.000000e+02, 5.050142e+01
1.000000e+02, 5.010499e+01
1.000000e+02, 4.971075e+01
1.000000e+02, 4.931866e+01
1.000000e+02, 4.892873e+01
1.000000e+02, 4.854092e+01
1.000000e+02, 4.815522e+01
1.000000e+02, 4.777162e+01
1.000000e+02, 4.739010e+01
1.000000e+02, 4.701065e+01
1.000000e+02, 4.663324e+01
1.000000e+02, 4.625787e+01
1.000000e+02, 4.588453e+01
1.000000e+02, 4.551318e+01
1.000000e+02, 4.514383e+01
1.000000e+02, 4.477646e+01
1.000000e+02, 4.441105e+01
1.000000e+02, 4.404759e+01
1.000000e+02, 4.368606e+01
1.000000e+02, 4.332646e+01
1.000000e+02, 4.296877e+01
1.000000e+02, 4.261297e+01
1.000000e+02, 4.225906e+01
1.000000e+02, 4.190702e+01
1.000000e+02, 4.155684e+01
1.000000e+02, 4.120850e+01
1.000000e+02, 4.086200e+01
1.000000e+02, 4.051732e+01
1.000000e+02, 4.017445e+01
1.000000e+02, 3.983338e+01
1.000000e+02, 3.949410e+01
1.000000e+02, 3.915659e+01
1.000000e+02, 3.882085e+01
1.000000e+02, 3.848687e+01
1.000000e+02, 3.815463e+01
1.000000e+02, 3.782412e+01
1.000000e+02, 3.749533e+01
1.000000e+02, 3.716825e+01
1.000000e+02, 3.684288e+01
1.000000e+02, 3.651920e+01
1.000000e+02, 3.619720e+01
1.000000e+02, 3.587687e+01
1.000000e+02, 3.555821e+01
1.000000e+02, 3.524119e+01
1.000000e+02, 3.492582e+01
1.000000e+02, 3.461208e+01
1.000000e+02, 3.429997e+01
1.000000e+02, 3.398947e+01
1.000000e+02, 3.368058e+01
1.000000e+02, 3.337328e+01
1.000000e+02, 3.306758e+01
1.000000e+02, 3.276345e+01
1.000000e+02, 3.246090e+01
1.000000e+02, 3.215990e+01
1.000000e+02, 3.186047e+01
1.000000e+02, 3.156257e+01
1.000000e+02, 3.126622e+01
1.000000e+02, 3.097140e+01
1.000000e+02, 3.067809e+01
1.000000e+02, 3.038631e+01
1.000000e+02, 3.009603e+01
1.000000e+02, 2.980724e+01
1.000000e+02, 2.951995e+01
1.000000e+02, 2.923414e+01
1.000000e+02, 2.894981e+01
1.000000e+02, 2.866695e+01
1.000000e+02, 2.838554e+01
1.000000e+02, 2.810560e+01
1.000000e+02, 2.782710e+01
1.000000e+02, 2.755004e+01
1.000000e+02, 2.727441e+01
1.000000e+02, 2.700021e+01
1.000000e+02, 2.672743e+01
1.000000e+02, 2.645607e+01
1.000000e+02, 2.618611e+01
1.000000e+02, 2.591755e+01
1.000000e+02, 2.565038e+01
1.000000e+02, 2.538460e+01
1.000000e+02, 2.512020e+01
1.000000e+02, 2.485718e+01
1.000000e+02, 2.459553e+01
1.000000e+02, 2.433523e+01
1.000000e+02, 2.407630e+01
1.000000e+02, 2.381871e+01
1.000000e+02, 2.356247e+01
1.000000e+02, 2.330757e+01
1.000000e+02, 2.305400e+01
1.000000e+02, 2.280176e+01
1.000000e+02, 2.255084e+01
1.000000e+02, 2.230124e+01
1.000000e+02, 2.205295e+01
1.000000e+02, 2.180596e+01
1.000000e+02, 2.156027e+01
1.000000e+02, 2.131588e+01
1.000000e+02, 2.107277e+01
1.000000e+02, 2.083095e+01
1.000000e+02, 2.059041e+01
1.000000e+02, 2.035114e+01
1.000000e+02, 2.011314e+01
1.000000e+02, 1.987640e+01
1.000000e+02, 1.964093e+01
1.000000e+02, 1.940670e+01
1.000000e+02, 1.917373e+01
1.000000e+02, 1.894199e+01
1.000000e+02, 1.871150e+01
1.000000e+02, 1.848224e+01
1.000000e+02, 1.825422e+01
1.000000e+02, 1.802741e+01
1.000000e+02, 1.780183e+01
1.000000e+02, 1.757747e+01
1.000000e+02, 1.735431e+01
1.000000e+02, 1.713237e+01
1.000000e+02, 1.691162e+01
1.000000e+02, 1.669208e+01
1.000000e+02, 1.647373e+01
1.000000e+02, 1.625656e+01
1.000000e+02, 1.604059e+01
1.000000e+02, 1.582580e+01
1.000000e+02, 1.561218e+01
1.000000e+02, 1.539974e+01
1.000000e+02, 1.518847e+01
1.000000e+02, 1.497836e+01
1.000000e+02, 1.476941e+01
1.000000e+02, 1.456162e+01
1.000000e+02, 1.435499e+01
1.000000e+02, 1.414951e+01
1.000000e+02, 1.394517e+01
1.000000e+02, 1.374197e+01
1.000000e+02, 1.353991e+01
1.000000e+02, 1.333899e+01
1.000000e+02, 1.313920e+01
1.000000e+02, 1.294054e+01
1.000000e+02, 1.274300e+01
1.000000e+02, 1.254658e+01
1.000000e+02, 1.235128e+01
1.000000e+02, 1.215709e+01
1.000000e+02, 1.196401e+01
1.000000e+02, 1.177204e+01
1.000000e+02, 1.158117e+01
1.000000e+02, 1.139140e+01
1.000000e+02, 1.120273e+01
1.000000e+02, 1.101515e+01
1.000000e+02, 1.082867e+01
1.000000e+02, 1.064327e+01
1.000000e+02, 1.045895e+01
1.000000e+02, 1.027571e+01
1.000000e+02, 1.009356e+01
1.000000e+02, 9.912472e+00
1.000000e+02, 9.732460e+00
1.000000e+02, 9.553515e+00
1.000000e+02, 9.375637e+00
1.000000e+02, 9.198820e+00
1.000000e+02, 9.023064e+00
1.000000e+02, 8.848363e+00
1.000000e+02, 8.674717e+00
1.000000e+02, 8.502121e+00
1.000000e+02, 8.330573e+00
1.000000e+02, 8.160070e+00
1.000000e+02, 7.990610e+00
1.000000e+02, 7.822190e+00
1.000000e+02, 7.654806e+00
1.000000e+02, 7.488457e+00
1.000000e+02, 7.323139e+00
1.000000e+02, 7.158850e+00
1.000000e+02, 6.995587e+00
1.000000e+02, 6.833348e+00
1.000000e+02, 6.672131e+00
1.000000e+02, 6.511932e+00
1.000000e+02, 6.352749e+00
1.000000e+02, 6.194579e+00
1.000000e+02, 6.037421e+00
1.000000e+02, 5.881271e+00
1.000000e+02, 5.726128e+00
1.000000e+02, 5.571988e+00
1.000000e+02, 5.418850e+00
1.000000e+02, 5.266711e+00
1.000000e+02, 5.115569e+00
1.000000e+02, 4.965421e+00
1.000000e+02, 4.816266e+00
1.000000e+02, 4.668100e+00
1.000000e+02, 4.520922e+00
1.000000e+02, 4.374730e+00
1.000000e+02, 4.229520e+00
1.000000e+02, 4.085292e+00
1.000000e+02, 3.942043e+00
1.000000e+02, 3.799770e+00
1.000000e+02, 3.658472e+00
1.000000e+02, 3.518147e+00
1.000000e+02, 3.378792e+00
1.000000e+02, 3.240406e+00
1.000000e+02, 3.102986e+00
1.000000e+02, 2.966530e+00
1.000000e+02, 2.831037e+00
1.000000e+02, 2.696504e+00
1.000000e+02, 2.562930e+00
1.000000e+02, 2.430312e+00
1.000000e+02, 2.298649e+00
1.000000e+02, 2.167938e+00
1.000000e+02, 2.038178e+00
1.000000e+02, 1.909368e+00
1.000000e+02, 1.781504e+00
1.000000e+02, 1.654586e+00
1.000000e+02, 1.528611e+00
1.000000e+02, 1.403577e+00
1.000000e+02, 1.279484e+00
1.000000e+02, 1.156329e+00
1.000000e+02, 1.034110e+00
1.000000e+02, 9.128259e-01
1.000000e+02, 7.924748e-01
1.000000e+02, 6.730550e-01
1.000000e+02, 5.545649e-01
1.000000e+02, 4.370028e-01
1.000000e+02, 3.203670e-01
1.000000e+02, 2.046560e-01
1.000000e+02, 8.986810e-02
1.000000e+02, 3.599760e+02
1.000000e+02, 3.598631e+02
1.000000e+02, 3.597510e+02
1.000000e+02, 3.596399e+02
1.000000e+02, 3.595297e+02
1.000000e+02, 3.594204e+02
1.000000e+02, 3.593121e+02
1.000000e+02, 3.592046e+02
1.000000e+02, 3.590981e+02
1.000000e+02, 3.589924e+02
1.000000e+02, 3.588877e+02
1.000000e+02, 3.587839e+02
1.000000e+02, 3.586809e+02
1.000000e+02, 3.585789e+02
1.000000e+02, 3.584778e+02
1.000000e+02, 3.583776e+02
1.000000e+02, 3.582782e+02
1.000000e+02, 3.581798e+02
1.000000e+02, 3.580823e+02
1.000000e+02, 3.579856e+02
1.000000e+02, 3.578899e+02
1.000000e+02, 3.577951e+02
1.000000e+02, 3.577011e+02
1.000000e+02, 3.576080e+02
1.000000e+02, 3.575158e+02
1.000000e+02, 3.574245e+02
1.000000e+02, 3.573341e+02
1.000000e+02, 3.572446e+02
1.000000e+02, 3.571560e+02
1.000000e+02, 3.570682e+02
1.000000e+02, 3.569813e+02
1.000000e+02, 3.568953e+02
1.000000e+02, 3.568102e+02
1.000000e+02, 3.567260e+02
1.000000e+02, 3.566426e+02
1.000000e+02, 3.565601e+02
1.000000e+02, 3.564785e+02
1.000000e+02, 3.563977e+02
1.000000e+02, 3.563179e+02
1.000000e+02, 3.562389e+02
1.000000e+02, 3.561607e+02
1.000000e+02, 3.560835e+02
1.000000e+02, 3.560071e+02
1.000000e+02, 3.559316e+02
1.000000e+02, 3.558569e+02
1.000000e+02, 3.557831e+02
1.000000e+02, 3.557102e+02
1.000000e+02, 3.556381e+02
1.000000e+02, 3.555669e+02
1.000000e+02, 3.554966e+02
1.000000e+02, 3.554271e+02
1.000000e+02, 3.553585e+02
1.000000e+02, 3.552908e+02
1.000000e+02, 3.552239e+02
1.000000e+02, 3.551578e+02
1.000000e+02, 3.550926e+02
1.000000e+02, 3.550283e+02
1.000000e+02, 3.549648e+02
1.000000e+02, 3.549022e+02
1.000000e+02, 3.548404e+02
1.000000e+02, 3.547795e+02
1.000000e+02, 3.547195e+02
1.000000e+02, 3.546603e+02
1.000000e+02, 3.546019e+02
1.000000e+02, 3.545444e+02
1.000000e+02, 3.544877e+02
1.000000e+02, 3.544319e+02
1.000000e+02, 3.543770e+02
1.000000e+02, 3.543229e+02
1.000000e+02, 3.542696e+02
1.000000e+02, 3.542172e+02
1.000000e+02, 3.541656e+02
1.000000e+02, 3.541148e+02
1.000000e+02, 3.540650e+02
1.000000e+02, 3.540159e+02
1.000000e+02, 3.539677e+02
1.000000e+02, 3.539203e+02
1.000000e+02, 3.538738e+02
1.000000e+02, 3.538281e+02
1.000000e+02, 3.537833e+02
1.000000e+02, 3.537393e+02
1.000000e+02, 3.536961e+02
1.000000e+02, 3.536538e+02
1.000000e+02, 3.536123e+02
1.000000e+02, 3.535717e+02
1.000000e+02, 3.535319e+02
1.000000e+02, 3.534929e+02
1.000000e+02, 3.534548e+02
1.000000e+02, 3.534175e+02
1.000000e+02, 3.533810e+02
1.000000e+02, 3.533454e+02
1.000000e+02, 3.533106e+02
1.000000e+02, 3.532766e+02
1.000000e+02, 3.532435e+02
1.000000e+02, 3.532112e+02
1.000000e+02, 3.531797e+02
1.000000e+02, 3.531491e+02
1.000000e+02, 3.531193e+02
1.000000e+02, 3.530904e+02
1.000000e+02, 3.530622e+02
1.000000e+02, 3.530349e+02
1.000000e+02, 3.530085e+02
1.000000e+02, 3.529828e+02
1.000000e+02, 3.529580e+02
1.000000e+02, 3.529340e+02
1.000000e+02, 3.529109e+02
1.000000e+02, 3.528885e+02
1.000000e+02, 3.528671e+02
1.000000e+02, 3.528464e+02
1.000000e+02, 3.528266e+02
1.000000e+02, 3.528075e+02
1.000000e+02, 3.527894e+02
1.000000e+02, 3.527720e+02
1.000000e+02, 3.527555e+02
1.000000e+02, 3.527398e+02
1.000000e+02, 3.527249e+02
1.000000e+02, 3.527109e+02
1.000000e+02, 3.526977e+02
1.000000e+02, 3.526853e+02
1.000000e+02, 3.526737e+02
1.000000e+02, 3.526630e+02
1.000000e+02, 3.526531e+02
1.000000e+02, 3.526440e+02
1.000000e+02, 3.526357e+02
1.000000e+02, 3.526283e+02
1.000000e+02, 3.526217e+02
1.000000e+02, 3.526159e+02
1.000000e+02, 3.526110e+02
1.000000e+02, 3.526068e+02
1.000000e+02, 3.526035e+02
1.000000e+02, 3.526011e+02
1.000000e+02, 3.525994e+02
1.000000e+02, 3.525986e+02
1.000000e+02, 3.525986e+02
1.000000e+02, 3.525994e+02
1.000000e+02, 3.526011e+02
1.000000e+02, 3.526035e+02
1.000000e+02, 3.526068e+02
1.000000e+02, 3.526110e+02
1.000000e+02, 3.526159e+02
1.000000e+02, 3.526217e+02
1.000000e+02, 3.526283e+02
1.000000e+02, 3.526357e+02
1.000000e+02, 3.526440e+02
1.000000e+02, 3.526531e+02
1.000000e+02, 3.526630e+02
1.000000e+02, 3.526737e+02
1.000000e+02, 3.526853e+02
1.000000e+02, 3.526977e+02
1.000000e+02, 3.527109e+02
1.000000e+02, 3.527249e+02
1.000000e+02, 3.527398e+02
1.000000e+02, 3.527555e+02
1.000000e+02, 3.527720e+02
1.000000e+02, 3.527894e+02
1.000000e+02, 3.528075e+02
1.000000e+02, 3.528266e+02
1.000000e+02, 3.528464e+02
1.000000e+02, 3.528671e+02
1.000000e+02, 3.528885e+02
1.000000e+02, 3.529109e+02
1.000000e+02, 3.529340e+02
1.000000e+02, 3.529580e+02
1.000000e+02, 3.529828e+02
1.000000e+02, 3.530085e+02
1.000000e+02, 3.530349e+02
1.000000e+02, 3.530622e+02
1.000000e+02, 3.530904e+02
1.000000e+02, 3.531193e+02
1.000000e+02, 3.531491e+02
1.000000e+02, 3.531797e+02
1.000000e+02, 3.532112e+02
1.000000e+02, 3.532435e+02
1.000000e+02, 3.532766e+02
1.000000e+02, 3.533106e+02
1.000000e+02, 3.533454e+02
1.000000e+02, 3.533810e+02
1.000000e+02, 3.534175e+02
1.000000e+02, 3.534548e+02
1.000000e+02, 3.534929e+02
1.000000e+02, 3.535319e+02
1.000000e+02, 3.535717e+02
1.000000e+02, 3.536123e+02
1.000000e+02, 3.536538e+02
1.000000e+02, 3.536961e+02
1.000000e+02, 3.537393e+02
1.000000e+02, 3.537833e+02
1.000000e+02, 3.538281e+02
1.000000e+02, 3.538738e+02
1.000000e+02, 3.539203e+02
1.000000e+02, 3.539677e+02
1.000000e+02, 3.540159e+02
1.000000e+02, 3.540650e+02
1.000000e+02, 3.541148e+02
1.000000e+02, 3.541656e+02
1.000000e+02, 3.542172e+02
1.000000e+02, 3.542696e+02
1.000000e+02, 3.543229e+02
1.000000e+02, 3.543770e+02
1.000000e+02, 3.544319e+02
1.000000e+02, 3.544877e+02
1.000000e+02, 3.545444e+02
1.000000e+02, 3.546019e+02
1.000000e+02, 3.546603e+02
1.000000e+02, 3.547195e+02
1.000000e+02, 3.547795e+02
1.000000e+02, 3.548404e+02
1.000000e+02, 3.549022e+02
1.000000e+02, 3.549648e+02
1.000000e+02, 3.550283e+02
1.000000e+02, 3.550926e+02
1.000000e+02, 3.551578e+02
1.000000e+02, 3.552239e+02
1.000000e+02, 3.552908e+02
1.000000e+02, 3.553585e+02
1.000000e+02, 3.554271e+02
1.000000e+02, 3.554966e+02
1.000000e+02, 3.555669e+02
1.000000e+02, 3.556381e+02
1.000000e+02, 3.557102e+02
1.000000e+02, 3.557831e+02
1.000000e+02, 3.558569e+02
1.000000e+02, 3.559316e+02
1.000000e+02, 3.560071e+02
1.000000e+02, 3.560835e+02
1.000000e+02, 3.561607e+02
1.000000e+02, 3.562389e+02
1.000000e+02, 3.563179e+02
1.000000e+02, 3.563977e+02
1.000000e+02, 3.564785e+02
1.000000e+02, 3.565601e+02
1.000000e+02, 3.566426e+02
1.000000e+02, 3.567260e+02
1.000000e+02, 3.568102e+02
1.000000e+02, 3.568953e+02
1.000000e+02, 3.569813e+02
1.000000e+02, 3.570682e+02
1.000000e+02, 3.571560e+02
1.000000e+02, 3.572446e+02
1.000000e+02, 3.573341e+02
1.000000e+02, 3.574245e+02
1.000000e+02, 3.575158e+02
1.000000e+02, 3.576080e+02
1.000000e+02, 3.577011e+02
1.000000e+02, 3.577951e+02
1.000000e+02, 3.578899e+02
1.000000e+02, 3.579856e+02
1.000000e+02, 3.580823e+02
1.000000e+02, 3.581798e+02
1.000000e+02, 3.582782e+02
1.000000e+02, 3.583776e+02
1.000000e+02, 3.584778e+02
1.000000e+02, 3.585789e+02
1.000000e+02, 3.586809e+02
1.000000e+02, 3.587839e+02
1.000000e+02, 3.588877e+02
1.000000e+02, 3.589924e+02
1.000000e+02, 3.590981e+02
1.000000e+02, 3.592046e+02
1.000000e+02, 3.593121e+02
1.000000e+02, 3.594204e+02
1.000000e+02, 3.595297e+02
1.000000e+02, 3.596399e+02
1.000000e+02, 3.597510e+02
1.000000e+02, 3.598631e+02
1.000000e+02, 3.599760e+02
1.000000e+02, 8.986864e-02
1.000000e+02, 2.046565e-01
1.000000e+02, 3.203676e-01
1.000000e+02, 4.370033e-01
1.000000e+02, 5.545655e-01
1.000000e+02, 6.730556e-01
1.000000e+02, 7.924754e-01
1.000000e+02, 9.128265e-01
1.000000e+02, 1.034111e+00
1.000000e+02, 1.156329e+00
1.000000e+02, 1.279485e+00
1.000000e+02, 1.403578e+00
1.000000e+02, 1.528611e+00
1.000000e+02, 1.654586e+00
1.000000e+02, 1.781505e+00
1.000000e+02, 1.909368e+00
1.000000e+02, 2.038179e+00
1.000000e+02, 2.167939e+00
1.000000e+02, 2.298649e+00
1.000000e+02, 2.430313e+00
1.000000e+02, 2.562931e+00
1.000000e+02, 2.696505e+00
1.000000e+02, 2.831038e+00
1.000000e+02, 2.966531e+00
1.000000e+02, 3.102987e+00
1.000000e+02, 3.240407e+00
1.000000e+02, 3.378793e+00
1.000000e+02, 3.518148e+00
1.000000e+02, 3.658473e+00
1.000000e+02, 3.799771e+00
1.000000e+02, 3.942043e+00
1.000000e+02, 4.085293e+00
1.000000e+02, 4.229521e+00
1.000000e+02, 4.374730e+00
1.000000e+02, 4.520923e+00
1.000000e+02, 4.668101e+00
1.000000e+02, 4.816266e+00
1.000000e+02, 4.965422e+00
1.000000e+02, 5.115570e+00
1.000000e+02, 5.266712e+00
1.000000e+02, 5.418851e+00
1.000000e+02, 5.571989e+00
1.000000e+02, 5.726129e+00
1.000000e+02, 5.881272e+00
1.000000e+02, 6.037422e+00
1.000000e+02, 6.194580e+00
1.000000e+02, 6.352749e+00
1.000000e+02, 6.511932e+00
1.000000e+02, 6.672131e+00
1.000000e+02, 6.833349e+00
1.000000e+02, 6.995588e+00
1.000000e+02, 7.158851e+00
1.000000e+02, 7.323139e+00
1.000000e+02, 7.488457e+00
1.000000e+02, 7.654807e+00
1.000000e+02, 7.822190e+00
1.000000e+02, 7.990611e+00
1.000000e+02, 8.160071e+00
1.000000e+02, 8.330574e+00
1.000000e+02, 8.502122e+00
1.000000e+02, 8.674717e+00
1.000000e+02, 8.848364e+00
1.000000e+02, 9.023064e+00
1.000000e+02, 9.198821e+00
1.000000e+02, 9.375638e+00
1.000000e+02, 9.553516e+00
1.000000e+02, 9.732460e+00
1.000000e+02, 9.912473e+00
1.000000e+02, 1.009356e+01
1.000000e+02, 1.027572e+01
1.000000e+02, 1.045895e+01
1.000000e+02, 1.064327e+01
1.000000e+02, 1.082867e+01
1.000000e+02, 1.101516e+01
1.000000e+02, 1.120273e+01
1.000000e+02, 1.139140e+01
1.000000e+02, 1.158117e+01
1.000000e+02, 1.177204e+01
1.000000e+02, 1.196401e+01
1.000000e+02, 1.215709e+01
1.000000e+02, 1.235128e+01
1.000000e+02, 1.254658e+01
1.000000e+02, 1.274300e+01
1.000000e+02, 1.294054e+01
1.000000e+02, 1.313920e+01
1.000000e+02, 1.333899e+01
1.000000e+02, 1.353991e+01
1.000000e+02, 1.374197e+01
1.000000e+02, 1.394517e+01
1.000000e+02, 1.414951e+01
1.000000e+02, 1.435499e+01
1.000000e+02, 1.456162e+01
1.000000e+02, 1.476941e+01
1.000000e+02, 1.497836e+01
1.000000e+02, 1.518847e+01
1.000000e+02, 1.539974e+01
1.000000e+02, 1.561218e+01
1.000000e+02, 1.582580e+01
1.000000e+02, 1.604059e+01
1.000000e+02, 1.625657e+01
1.000000e+02, 1.647373e+01
1.000000e+02, 1.669208e+01
1.000000e+02, 1.691162e+01
1.000000e+02, 1.713237e+01
1.000000e+02, 1.735431e+01
1.000000e+02, 1.757747e+01
1.000000e+02, 1.780183e+01
1.000000e+02, 1.802741e+01
1.000000e+02, 1.825422e+01
1.000000e+02, 1.848225e+01
1.000000e+02, 1.871150e+01
1.000000e+02, 1.894200e+01
1.000000e+02, 1.917373e+01
1.000000e+02, 1.940670e+01
1.000000e+02, 1.964093e+01
1.000000e+02, 1.987640e+01
1.000000e+02, 2.011314e+01
1.000000e+02, 2.035114e+01
1.000000e+02, 2.059041e+01
1.000000e+02, 2.083095e+01
1.000000e+02, 2.107277e+01
1.000000e+02, 2.131588e+01
1.000000e+02, 2.156027e+01
1.000000e+02, 2.180596e+01
1.000000e+02, 2.205295e+01
1.000000e+02, 2.230124e+01
1.000000e+02, 2.255084e+01
1.000000e+02, 2.280176e+01
1.000000e+02, 2.305400e+01
1.000000e+02, 2.330757e+01
1.000000e+02, 2.356247e+01
1.000000e+02, 2.381871e+01
1.000000e+02, 2.407630e+01
1.000000e+02, 2.433523e+01
1.000000e+02, 2.459553e+01
1.000000e+02, 2.485718e+01
1.000000e+02, 2.512020e+01
1.000000e+02, 2.538460e+01
1.000000e+02, 2.565038e+01
1.000000e+02, 2.591755e+01
1.000000e+02, 2.618611e+01
1.000000e+02, 2.645607e+01
1.000000e+02, 2.672743e+01
1.000000e+02, 2.700021e+01
1.000000e+02, 2.727441e+01
1.000000e+02, 2.755004e+01
1.000000e+02, 2.782710e+01
1.000000e+02, 2.810560e+01
1.000000e+02, 2.838555e+01
1.000000e+02, 2.866695e+01
1.000000e+02, 2.894981e+01
1.000000e+02, 2.923414e+01
1.000000e+02, 2.951995e+01
1.000000e+02, 2.980724e+01
1.000000e+02, 3.009603e+01
1.000000e+02, 3.038631e+01
1.000000e+02, 3.067810e+01
1.000000e+02, 3.097140e+01
1.000000e+02, 3.126622e+01
1.000000e+02, 3.156258e+01
1.000000e+02, 3.186047e+01
1.000000e+02, 3.215991e+01
1.000000e+02, 3.246090e+01
1.000000e+02, 3.276345e+01
1.000000e+02, 3.306758e+01
1.000000e+02, 3.337329e+01
1.000000e+02, 3.368058e+01
1.000000e+02, 3.398947e+01
1.000000e+02, 3.429997e+01
1.000000e+02, 3.461208e+01
1.000000e+02, 3.492582e+01
1.000000e+02, 3.524119e+01
1.000000e+02, 3.555821e+01
1.000000e+02, 3.587687e+01
1.000000e+02, 3.619720e+01
1.000000e+02, 3.651920e+01
1.000000e+02, 3.684288e+01
1.000000e+02, 3.716826e+01
1.000000e+02, 3.749533e+01
1.000000e+02, 3.782412e+01
1.000000e+02, 3.815463e+01
1.000000e+02, 3.848687e+01
1.000000e+02, 3.882085e+01
1.000000e+02, 3.915659e+01
1.000000e+02, 3.949410e+01
1.000000e+02, 3.983338e+01
1.000000e+02, 4.017445e+01
1.000000e+02, 4.051732e+01
1.000000e+02, 4.086200e+01
1.000000e+02, 4.120850e+01
1.000000e+02, 4.155684e+01
1.000000e+02, 4.190702e+01
1.000000e+02, 4.225906e+01
1.000000e+02, 4.261297e+01
1.000000e+02, 4.296877e+01
1.000000e+02, 4.332646e+01
1.000000e+02, 4.368607e+01
1.000000e+02, 4.404759e+01
1.000000e+02, 4.441105e+01
1.000000e+02, 4.477646e+01
1.000000e+02, 4.514384e+01
1.000000e+02, 4.551319e+01
1.000000e+02, 4.588453e+01
1.000000e+02, 4.625788e+01
1.000000e+02, 4.663324e+01
1.000000e+02, 4.701065e+01
1.000000e+02, 4.739010e+01
1.000000e+02, 4.777162e+01
1.000000e+02, 4.815522e+01
1.000000e+02, 4.854092e+01
1.000000e+02, 4.892873e+01
1.000000e+02, 4.931867e+01
1.000000e+02, 4.971075e+01
1.000000e+02, 5.010500e+01
1.000000e+02, 5.050142e+01
1.000000e+02, 5.090004e+01
1.000000e+02, 5.130088e+01
1.000000e+02, 5.170395e+01
1.000000e+02, 5.210927e+01
1.000000e+02, 5.251685e+01
1.000000e+02, 5.292673e+01
1.000000e+02, 5.333891e+01
1.000000e+02, 5.375341e+01
1.000000e+02, 5.417027e+01
1.000000e+02, 5.458949e+01
1.000000e+02, 5.501109e+01
1.000000e+02, 5.543510e+01
1.000000e+02, 5.586154e+01
1.000000e+02, 5.629043e+01
1.000000e+02, 5.672179e+01
1.000000e+02, 5.715565e+01
1.000000e+02, 5.759202e+01
1.000000e+02, 5.803093e+01
1.000000e+02, 5.847241e+01
1.000000e+02, 5.891647e+01
1.000000e+02, 5.936314e+01
1.000000e+02, 5.981245e+01
1.000000e+02, 6.026442e+01
1.000000e+02, 6.071908e+01
1.000000e+02, 6.117645e+01
1.000000e+02, 6.163657e+01
1.000000e+02, 6.209945e+01
1.000000e+02, 6.256513e+01
1.000000e+02, 6.303363e+01
1.000000e+02, 6.350498e+01
1.000000e+02, 6.397922e+01
1.000000e+02, 6.445637e+01
1.000000e+02, 6.493646e+01
1.000000e+02, 6.541953e+01
1.000000e+02, 6.590560e+01
1.000000e+02, 6.639472e+01
1.000000e+02, 6.688690e+01
1.000000e+02, 6.738220e+01
1.000000e+02, 6.788063e+01
1.000000e+02, 6.838225e+01
1.000000e+02, 6.888707e+01
1.000000e+02, 6.939515e+01
1.000000e+02, 6.990651e+01
1.000000e+02, 7.042121e+01
1.000000e+02, 7.093927e+01
1.000000e+02, 7.146073e+01
1.000000e+02, 7.198565e+01
1.000000e+02, 7.251405e+01
1.000000e+02, 7.304599e+01
1.000000e+02, 7.358151e+01
1.000000e+02, 7.412066e+01
1.000000e+02, 7.466347e+01
1.000000e+02, 7.521001e+01
1.000000e+02, 7.576031e+01
1.000000e+02, 7.631443e+01
1.000000e+02, 7.687241e+01
1.000000e+02, 7.743432e+01
1.000000e+02, 7.800021e+01
1.000000e+02, 7.857012e+01
1.000000e+02, 7.914412e+01
1.000000e+02, 7.972227e+01
1.000000e+02, 8.030462e+01
1.000000e+02, 8.089124e+01
1.000000e+02, 8.148219e+01
1.000000e+02, 8.207753e+01
1.000000e+02, 8.267733e+01
1.000000e+02, 8.328167e+01
1.000000e+02, 8.389060e+01
1.000000e+02, 8.450420e+01
1.000000e+02, 8.512255e+01
1.000000e+02, 8.574573e+01
1.000000e+02, 8.637380e+01
1.000000e+02, 8.700686e+01
1.000000e+02, 8.764499e+01
1.000000e+02, 8.828827e+01
1.000000e+02, 8.893679e+01
1.000000e+02, 8.959064e+01
1.000000e+02, 9.024993e+01
1.000000e+02, 9.091474e+01
1.000000e+02, 9.158518e+01
1.000000e+02, 9.226135e+01
1.000000e+02, 9.294337e+01
1.000000e+02, 9.363133e+01
1.000000e+02, 9.432537e+01
1.000000e+02, 9.502559e+01
1.000000e+02, 9.573212e+01
1.000000e+02, 9.644509e+01
1.000000e+02, 9.716463e+01
1.000000e+02, 9.789089e+01
1.000000e+02, 9.862400e+01
1.000000e+02, 9.936411e+01
1.000000e+02, 1.001114e+02
1.000000e+02, 1.008660e+02
1.000000e+02, 1.016280e+02
1.000000e+02, 1.023978e+02
1.000000e+02, 1.031754e+02
1.000000e+02, 1.039610e+02
1.000000e+02, 1.047548e+02
1.000000e+02, 1.055571e+02
1.000000e+02, 1.063680e+02
1.000000e+02, 1.071878e+02
1.000000e+02, 1.080167e+02
1.000000e+02, 1.088550e+02
1.000000e+02, 1.097029e+02
1.000000e+02, 1.105606e+02
1.000000e+02, 1.114286e+02
1.000000e+02, 1.123070e+02
1.000000e+02, 1.131962e+02
1.000000e+02, 1.140965e+02
1.000000e+02, 1.150083e+02
1.000000e+02, 1.159320e+02
1.000000e+02, 1.168679e+02
1.000000e+02, 1.178164e+02
1.000000e+02, 1.187780e+02
1.000000e+02, 1.197532e+02
1.000000e+02, 1.207424e+02
1.000000e+02, 1.217463e+02
1.000000e+02, 1.227652e+02
1.000000e+02, 1.237999e+02
1.000000e+02, 1.248511e+02
1.000000e+02, 1.259192e+02
1.000000e+02, 1.270053e+02
1.000000e+02, 1.281099e+02
1.000000e+02, 1.292341e+02
1.000000e+02, 1.303787e+02
1.000000e+02, 1.315447e+02
1.000000e+02, 1.327333e+02
1.000000e+02, 1.339457e+02
1.000000e+02, 1.351831e+02
1.000000e+02, 1.364471e+02
1.000000e+02, 1.377392e+02
1.000000e+02, 1.390612e+02
1.000000e+02, 1.404151e+02
1.000000e+02, 1.418031e+02
1.000000e+02, 1.432276e+02
1.000000e+02, 1.446915e+02
1.000000e+02, 1.461979e+02
1.000000e+02, 1.477505e+02
1.000000e+02, 1.493534e+02
1.000000e+02, 1.510116e+02
1.000000e+02, 1.527308e+02
1.000000e+02, 1.545178e+02
1.000000e+02, 1.563809e+02
1.000000e+02, 1.583302e+02
1.000000e+02, 1.603781e+02
1.000000e+02, 1.625407e+02
1.000000e+02, 1.648388e+02
1.000000e+02, 1.673007e+02
1.000000e+02, 1.699660e+02
1.000000e+02, 1.728939e+02
1.000000e+02, 1.761802e+02
1.000000e+02, 1.800000e+02
##END= 