##TITLE= /opt/topspin3.0/exp/stan/nmr/lists/wave/user/HypSec_trunc2.84_110
##JCAMP-DX= 5.00 Bruker JCAMP library
##DATA TYPE= Shape Data
##ORIGIN= Bruker BioSpin GmbH
##OWNER= <nmrsu>
##DATE= 15/02/24
##TIME= 16:15:04
##MINX= 1.164538e+01
##MAXX= 9.999960e+01
##MINY= 2.546774e-02
##MAXY= 3.585574e+02
##$SHAPE_EXMODE= Adiabatic
##$SHAPE_TOTROT= 1.800000e+02
##$SHAPE_BWFAC= 1.929340e+02
##$SHAPE_INTEGFAC= 2.356110e-02
##$SHAPE_MODE= 0
##NPOINTS= 1000
##XYPOINTS= (XY..XY)
1.000000e+02, 1.800000e+02
1.000000e+02, 1.725265e+02
1.000000e+02, 1.660968e+02
1.000000e+02, 1.603682e+02
1.000000e+02, 1.551535e+02
1.000000e+02, 1.503368e+02
1.000000e+02, 1.458404e+02
1.000000e+02, 1.416093e+02
1.000000e+02, 1.376025e+02
1.000000e+02, 1.337887e+02
1.000000e+02, 1.301436e+02
1.000000e+02, 1.266472e+02
1.000000e+02, 1.232836e+02
1.000000e+02, 1.200393e+02
1.000000e+02, 1.169031e+02
1.000000e+02, 1.138655e+02
1.000000e+02, 1.109181e+02
1.000000e+02, 1.080540e+02
1.000000e+02, 1.052669e+02
1.000000e+02, 1.025513e+02
1.000000e+02, 9.990236e+01
1.000000e+02, 9.731580e+01
1.000000e+02, 9.478776e+01
1.000000e+02, 9.231477e+01
1.000000e+02, 8.989369e+01
1.000000e+02, 8.752169e+01
1.000000e+02, 8.519618e+01
1.000000e+02, 8.291480e+01
1.000000e+02, 8.067539e+01
1.000000e+02, 7.847595e+01
1.000000e+02, 7.631466e+01
1.000000e+02, 7.418983e+01
1.000000e+02, 7.209988e+01
1.000000e+02, 7.004336e+01
1.000000e+02, 6.801892e+01
1.000000e+02, 6.602530e+01
1.000000e+02, 6.406131e+01
1.000000e+02, 6.212585e+01
1.000000e+02, 6.021788e+01
1.000000e+02, 5.833645e+01
1.000000e+02, 5.648062e+01
1.000000e+02, 5.464954e+01
1.000000e+02, 5.284241e+01
1.000000e+02, 5.105844e+01
1.000000e+02, 4.929693e+01
1.000000e+02, 4.755717e+01
1.000000e+02, 4.583852e+01
1.000000e+02, 4.414037e+01
1.000000e+02, 4.246212e+01
1.000000e+02, 4.080321e+01
1.000000e+02, 3.916313e+01
1.000000e+02, 3.754135e+01
1.000000e+02, 3.593740e+01
1.000000e+02, 3.435081e+01
1.000000e+02, 3.278114e+01
1.000000e+02, 3.122798e+01
1.000000e+02, 2.969092e+01
1.000000e+02, 2.816957e+01
1.000000e+02, 2.666357e+01
1.000000e+02, 2.517255e+01
1.000000e+02, 2.369618e+01
1.000000e+02, 2.223413e+01
1.000000e+02, 2.078608e+01
1.000000e+02, 1.935174e+01
1.000000e+02, 1.793080e+01
1.000000e+02, 1.652300e+01
1.000000e+02, 1.512805e+01
1.000000e+02, 1.374571e+01
1.000000e+02, 1.237571e+01
1.000000e+02, 1.101782e+01
1.000000e+02, 9.671802e+00
1.000000e+02, 8.337429e+00
1.000000e+02, 7.014483e+00
1.000000e+02, 5.702752e+00
1.000000e+02, 4.402033e+00
1.000000e+02, 3.112127e+00
1.000000e+02, 1.832844e+00
1.000000e+02, 5.639973e-01
1.000000e+02, 3.593054e+02
1.000000e+02, 3.580569e+02
1.000000e+02, 3.568183e+02
1.000000e+02, 3.555895e+02
1.000000e+02, 3.543702e+02
1.000000e+02, 3.531604e+02
1.000000e+02, 3.519599e+02
1.000000e+02, 3.507685e+02
1.000000e+02, 3.495861e+02
1.000000e+02, 3.484126e+02
1.000000e+02, 3.472478e+02
1.000000e+02, 3.460916e+02
1.000000e+02, 3.449438e+02
1.000000e+02, 3.438044e+02
1.000000e+02, 3.426733e+02
1.000000e+02, 3.415502e+02
1.000000e+02, 3.404352e+02
1.000000e+02, 3.393280e+02
1.000000e+02, 3.382286e+02
1.000000e+02, 3.371369e+02
1.000000e+02, 3.360528e+02
1.000000e+02, 3.349761e+02
1.000000e+02, 3.339068e+02
1.000000e+02, 3.328448e+02
1.000000e+02, 3.317899e+02
1.000000e+02, 3.307422e+02
1.000000e+02, 3.297014e+02
1.000000e+02, 3.286676e+02
1.000000e+02, 3.276406e+02
1.000000e+02, 3.266203e+02
1.000000e+02, 3.256067e+02
1.000000e+02, 3.245997e+02
1.000000e+02, 3.235992e+02
1.000000e+02, 3.226051e+02
1.000000e+02, 3.216174e+02
1.000000e+02, 3.206360e+02
1.000000e+02, 3.196608e+02
1.000000e+02, 3.186918e+02
1.000000e+02, 3.177288e+02
1.000000e+02, 3.167718e+02
1.000000e+02, 3.158208e+02
1.000000e+02, 3.148757e+02
1.000000e+02, 3.139364e+02
1.000000e+02, 3.130028e+02
1.000000e+02, 3.120750e+02
1.000000e+02, 3.111527e+02
1.000000e+02, 3.102361e+02
1.000000e+02, 3.093250e+02
1.000000e+02, 3.084194e+02
1.000000e+02, 3.075191e+02
1.000000e+02, 3.066243e+02
1.000000e+02, 3.057347e+02
1.000000e+02, 3.048504e+02
1.000000e+02, 3.039714e+02
1.000000e+02, 3.030974e+02
1.000000e+02, 3.022286e+02
1.000000e+02, 3.013649e+02
1.000000e+02, 3.005061e+02
1.000000e+02, 2.996524e+02
1.000000e+02, 2.988035e+02
1.000000e+02, 2.979595e+02
1.000000e+02, 2.971204e+02
1.000000e+02, 2.962861e+02
1.000000e+02, 2.954565e+02
1.000000e+02, 2.946316e+02
1.000000e+02, 2.938114e+02
1.000000e+02, 2.929958e+02
1.000000e+02, 2.921848e+02
1.000000e+02, 2.913784e+02
1.000000e+02, 2.905764e+02
1.000000e+02, 2.897790e+02
1.000000e+02, 2.889860e+02
1.000000e+02, 2.881974e+02
1.000000e+02, 2.874131e+02
1.000000e+02, 2.866332e+02
1.000000e+02, 2.858576e+02
1.000000e+02, 2.850862e+02
1.000000e+02, 2.843191e+02
1.000000e+02, 2.835562e+02
1.000000e+02, 2.827974e+02
1.000000e+02, 2.820428e+02
1.000000e+02, 2.812923e+02
1.000000e+02, 2.805458e+02
1.000000e+02, 2.798034e+02
1.000000e+02, 2.790650e+02
1.000000e+02, 2.783306e+02
1.000000e+02, 2.776002e+02
1.000000e+02, 2.768736e+02
1.000000e+02, 2.761510e+02
1.000000e+02, 2.754322e+02
1.000000e+02, 2.747173e+02
1.000000e+02, 2.740062e+02
1.000000e+02, 2.732988e+02
1.000000e+02, 2.725953e+02
1.000000e+02, 2.718954e+02
1.000000e+02, 2.711993e+02
1.000000e+02, 2.705069e+02
1.000000e+02, 2.698181e+02
1.000000e+02, 2.691329e+02
1.000000e+02, 2.684514e+02
1.000000e+02, 2.677735e+02
1.000000e+02, 2.670991e+02
1.000000e+02, 2.664283e+02
1.000000e+02, 2.657610e+02
1.000000e+02, 2.650971e+02
1.000000e+02, 2.644368e+02
1.000000e+02, 2.637799e+02
1.000000e+02, 2.631265e+02
1.000000e+02, 2.624764e+02
1.000000e+02, 2.618298e+02
1.000000e+02, 2.611865e+02
1.000000e+02, 2.605466e+02
1.000000e+02, 2.599100e+02
1.000000e+02, 2.592767e+02
1.000000e+02, 2.586467e+02
1.000000e+02, 2.580200e+02
1.000000e+02, 2.573965e+02
1.000000e+02, 2.567762e+02
1.000000e+02, 2.561592e+02
1.000000e+02, 2.555454e+02
1.000000e+02, 2.549347e+02
1.000000e+02, 2.543272e+02
1.000000e+02, 2.537229e+02
1.000000e+02, 2.531216e+02
1.000000e+02, 2.525235e+02
1.000000e+02, 2.519285e+02
1.000000e+02, 2.513365e+02
1.000000e+02, 2.507476e+02
1.000000e+02, 2.501618e+02
1.000000e+02, 2.495790e+02
1.000000e+02, 2.489991e+02
1.000000e+02, 2.484223e+02
1.000000e+02, 2.478484e+02
1.000000e+02, 2.472776e+02
1.000000e+02, 2.467096e+02
1.000000e+02, 2.461446e+02
1.000000e+02, 2.455825e+02
1.000000e+02, 2.450233e+02
1.000000e+02, 2.444670e+02
1.000000e+02, 2.439136e+02
1.000000e+02, 2.433630e+02
1.000000e+02, 2.428153e+02
1.000000e+02, 2.422704e+02
1.000000e+02, 2.417283e+02
1.000000e+02, 2.411891e+02
1.000000e+02, 2.406526e+02
1.000000e+02, 2.401189e+02
1.000000e+02, 2.395880e+02
1.000000e+02, 2.390598e+02
1.000000e+02, 2.385343e+02
1.000000e+02, 2.380116e+02
1.000000e+02, 2.374916e+02
1.000000e+02, 2.369743e+02
1.000000e+02, 2.364597e+02
1.000000e+02, 2.359478e+02
1.000000e+02, 2.354385e+02
1.000000e+02, 2.349319e+02
1.000000e+02, 2.344279e+02
1.000000e+02, 2.339266e+02
1.000000e+02, 2.334279e+02
1.000000e+02, 2.329317e+02
1.000000e+02, 2.324382e+02
1.000000e+02, 2.319473e+02
1.000000e+02, 2.314589e+02
1.000000e+02, 2.309732e+02
1.000000e+02, 2.304899e+02
1.000000e+02, 2.300092e+02
1.000000e+02, 2.295311e+02
1.000000e+02, 2.290554e+02
1.000000e+02, 2.285823e+02
1.000000e+02, 2.281117e+02
1.000000e+02, 2.276435e+02
1.000000e+02, 2.271779e+02
1.000000e+02, 2.267147e+02
1.000000e+02, 2.262540e+02
1.000000e+02, 2.257957e+02
1.000000e+02, 2.253399e+02
1.000000e+02, 2.248865e+02
1.000000e+02, 2.244355e+02
1.000000e+02, 2.239870e+02
1.000000e+02, 2.235409e+02
1.000000e+02, 2.230971e+02
1.000000e+02, 2.226558e+02
1.000000e+02, 2.222168e+02
1.000000e+02, 2.217802e+02
1.000000e+02, 2.213459e+02
1.000000e+02, 2.209140e+02
1.000000e+02, 2.204845e+02
1.000000e+02, 2.200573e+02
1.000000e+02, 2.196324e+02
1.000000e+02, 2.192098e+02
1.000000e+02, 2.187896e+02
1.000000e+02, 2.183717e+02
1.000000e+02, 2.179560e+02
1.000000e+02, 2.175426e+02
1.000000e+02, 2.171316e+02
1.000000e+02, 2.167228e+02
1.000000e+02, 2.163162e+02
1.000000e+02, 2.159119e+02
1.000000e+02, 2.155099e+02
1.000000e+02, 2.151101e+02
1.000000e+02, 2.147126e+02
1.000000e+02, 2.143172e+02
1.000000e+02, 2.139241e+02
1.000000e+02, 2.135332e+02
1.000000e+02, 2.131445e+02
1.000000e+02, 2.127580e+02
1.000000e+02, 2.123737e+02
1.000000e+02, 2.119916e+02
1.000000e+02, 2.116117e+02
1.000000e+02, 2.112339e+02
1.000000e+02, 2.108583e+02
1.000000e+02, 2.104849e+02
1.000000e+02, 2.101136e+02
1.000000e+02, 2.097445e+02
1.000000e+02, 2.093775e+02
1.000000e+02, 2.090126e+02
1.000000e+02, 2.086499e+02
1.000000e+02, 2.082893e+02
1.000000e+02, 2.079307e+02
1.000000e+02, 2.075743e+02
1.000000e+02, 2.072201e+02
1.000000e+02, 2.068679e+02
1.000000e+02, 2.065177e+02
1.000000e+02, 2.061697e+02
1.000000e+02, 2.058238e+02
1.000000e+02, 2.054799e+02
1.000000e+02, 2.051381e+02
1.000000e+02, 2.047984e+02
1.000000e+02, 2.044607e+02
1.000000e+02, 2.041250e+02
1.000000e+02, 2.037914e+02
1.000000e+02, 2.034599e+02
1.000000e+02, 2.031304e+02
1.000000e+02, 2.028029e+02
1.000000e+02, 2.024774e+02
1.000000e+02, 2.021540e+02
1.000000e+02, 2.018325e+02
1.000000e+02, 2.015131e+02
1.000000e+02, 2.011957e+02
1.000000e+02, 2.008803e+02
1.000000e+02, 2.005668e+02
1.000000e+02, 2.002554e+02
1.000000e+02, 1.999459e+02
1.000000e+02, 1.996384e+02
1.000000e+02, 1.993329e+02
1.000000e+02, 1.990294e+02
1.000000e+02, 1.987278e+02
1.000000e+02, 1.984282e+02
1.000000e+02, 1.981305e+02
1.000000e+02, 1.978348e+02
1.000000e+02, 1.975410e+02
1.000000e+02, 1.972492e+02
1.000000e+02, 1.969593e+02
1.000000e+02, 1.966714e+02
1.000000e+02, 1.963853e+02
1.000000e+02, 1.961012e+02
1.000000e+02, 1.958190e+02
1.000000e+02, 1.955388e+02
1.000000e+02, 1.952604e+02
1.000000e+02, 1.949840e+02
1.000000e+02, 1.947094e+02
1.000000e+02, 1.944368e+02
1.000000e+02, 1.941660e+02
1.000000e+02, 1.938971e+02
1.000000e+02, 1.936302e+02
1.000000e+02, 1.933651e+02
1.000000e+02, 1.931019e+02
1.000000e+02, 1.928405e+02
1.000000e+02, 1.925810e+02
1.000000e+02, 1.923234e+02
1.000000e+02, 1.920677e+02
1.000000e+02, 1.918138e+02
1.000000e+02, 1.915618e+02
1.000000e+02, 1.913116e+02
1.000000e+02, 1.910633e+02
1.000000e+02, 1.908168e+02
1.000000e+02, 1.905722e+02
1.000000e+02, 1.903294e+02
1.000000e+02, 1.900885e+02
1.000000e+02, 1.898493e+02
1.000000e+02, 1.896121e+02
1.000000e+02, 1.893766e+02
1.000000e+02, 1.891429e+02
1.000000e+02, 1.889111e+02
1.000000e+02, 1.886811e+02
1.000000e+02, 1.884529e+02
1.000000e+02, 1.882265e+02
1.000000e+02, 1.880019e+02
1.000000e+02, 1.877791e+02
1.000000e+02, 1.875582e+02
1.000000e+02, 1.873390e+02
1.000000e+02, 1.871216e+02
1.000000e+02, 1.869060e+02
1.000000e+02, 1.866922e+02
1.000000e+02, 1.864801e+02
1.000000e+02, 1.862699e+02
1.000000e+02, 1.860614e+02
1.000000e+02, 1.858547e+02
1.000000e+02, 1.856498e+02
1.000000e+02, 1.854467e+02
1.000000e+02, 1.852453e+02
1.000000e+02, 1.850457e+02
1.000000e+02, 1.848478e+02
1.000000e+02, 1.846518e+02
1.000000e+02, 1.844574e+02
1.000000e+02, 1.842649e+02
1.000000e+02, 1.840740e+02
1.000000e+02, 1.838850e+02
1.000000e+02, 1.836976e+02
1.000000e+02, 1.835121e+02
1.000000e+02, 1.833282e+02
1.000000e+02, 1.831461e+02
1.000000e+02, 1.829658e+02
1.000000e+02, 1.827871e+02
1.000000e+02, 1.826103e+02
1.000000e+02, 1.824351e+02
1.000000e+02, 1.822617e+02
1.000000e+02, 1.820900e+02
1.000000e+02, 1.819200e+02
1.000000e+02, 1.817517e+02
1.000000e+02, 1.815852e+02
1.000000e+02, 1.814204e+02
1.000000e+02, 1.812572e+02
1.000000e+02, 1.810958e+02
1.000000e+02, 1.809362e+02
1.000000e+02, 1.807782e+02
1.000000e+02, 1.806219e+02
1.000000e+02, 1.804674e+02
1.000000e+02, 1.803145e+02
1.000000e+02, 1.801633e+02
1.000000e+02, 1.800139e+02
1.000000e+02, 1.798661e+02
1.000000e+02, 1.797201e+02
1.000000e+02, 1.795757e+02
1.000000e+02, 1.794330e+02
1.000000e+02, 1.792920e+02
1.000000e+02, 1.791527e+02
1.000000e+02, 1.790151e+02
1.000000e+02, 1.788792e+02
1.000000e+02, 1.787449e+02
1.000000e+02, 1.786123e+02
1.000000e+02, 1.784815e+02
1.000000e+02, 1.783523e+02
1.000000e+02, 1.782247e+02
1.000000e+02, 1.780989e+02
1.000000e+02, 1.779747e+02
1.000000e+02, 1.778522e+02
1.000000e+02, 1.777313e+02
1.000000e+02, 1.776121e+02
1.000000e+02, 1.774946e+02
1.000000e+02, 1.773788e+02
1.000000e+02, 1.772646e+02
1.000000e+02, 1.771521e+02
1.000000e+02, 1.770412e+02
1.000000e+02, 1.769320e+02
1.000000e+02, 1.768245e+02
1.000000e+02, 1.767186e+02
1.000000e+02, 1.766144e+02
1.000000e+02, 1.765118e+02
1.000000e+02, 1.764109e+02
1.000000e+02, 1.763117e+02
1.000000e+02, 1.762140e+02
1.000000e+02, 1.761181e+02
1.000000e+02, 1.760238e+02
1.000000e+02, 1.759311e+02
1.000000e+02, 1.758401e+02
1.000000e+02, 1.757507e+02
1.000000e+02, 1.756630e+02
1.000000e+02, 1.755769e+02
1.000000e+02, 1.754925e+02
1.000000e+02, 1.754097e+02
1.000000e+02, 1.753285e+02
1.000000e+02, 1.752490e+02
1.000000e+02, 1.751711e+02
1.000000e+02, 1.750948e+02
1.000000e+02, 1.750202e+02
1.000000e+02, 1.749472e+02
1.000000e+02, 1.748759e+02
1.000000e+02, 1.748062e+02
1.000000e+02, 1.747381e+02
1.000000e+02, 1.746717e+02
1.000000e+02, 1.746069e+02
1.000000e+02, 1.745437e+02
1.000000e+02, 1.744821e+02
1.000000e+02, 1.744222e+02
1.000000e+02, 1.743639e+02
1.000000e+02, 1.743072e+02
1.000000e+02, 1.742522e+02
1.000000e+02, 1.741988e+02
1.000000e+02, 1.741470e+02
1.000000e+02, 1.740968e+02
1.000000e+02, 1.740483e+02
1.000000e+02, 1.740013e+02
1.000000e+02, 1.739560e+02
1.000000e+02, 1.739124e+02
1.000000e+02, 1.738703e+02
1.000000e+02, 1.738299e+02
1.000000e+02, 1.737911e+02
1.000000e+02, 1.737539e+02
1.000000e+02, 1.737183e+02
1.000000e+02, 1.736844e+02
1.000000e+02, 1.736520e+02
1.000000e+02, 1.736213e+02
1.000000e+02, 1.735922e+02
1.000000e+02, 1.735648e+02
1.000000e+02, 1.735389e+02
1.000000e+02, 1.735147e+02
1.000000e+02, 1.734921e+02
1.000000e+02, 1.734711e+02
1.000000e+02, 1.734517e+02
1.000000e+02, 1.734339e+02
1.000000e+02, 1.734177e+02
1.000000e+02, 1.734032e+02
1.000000e+02, 1.733903e+02
1.000000e+02, 1.733790e+02
1.000000e+02, 1.733693e+02
1.000000e+02, 1.733612e+02
1.000000e+02, 1.733547e+02
1.000000e+02, 1.733499e+02
1.000000e+02, 1.733467e+02
1.000000e+02, 1.733450e+02
1.000000e+02, 1.733450e+02
1.000000e+02, 1.733467e+02
1.000000e+02, 1.733499e+02
1.000000e+02, 1.733547e+02
1.000000e+02, 1.733612e+02
1.000000e+02, 1.733693e+02
1.000000e+02, 1.733790e+02
1.000000e+02, 1.733903e+02
1.000000e+02, 1.734032e+02
1.000000e+02, 1.734177e+02
1.000000e+02, 1.734339e+02
1.000000e+02, 1.734517e+02
1.000000e+02, 1.734711e+02
1.000000e+02, 1.734921e+02
1.000000e+02, 1.735147e+02
1.000000e+02, 1.735389e+02
1.000000e+02, 1.735648e+02
1.000000e+02, 1.735922e+02
1.000000e+02, 1.736213e+02
1.000000e+02, 1.736520e+02
1.000000e+02, 1.736844e+02
1.000000e+02, 1.737183e+02
1.000000e+02, 1.737539e+02
1.000000e+02, 1.737911e+02
1.000000e+02, 1.738299e+02
1.000000e+02, 1.738703e+02
1.000000e+02, 1.739124e+02
1.000000e+02, 1.739560e+02
1.000000e+02, 1.740013e+02
1.000000e+02, 1.740483e+02
1.000000e+02, 1.740968e+02
1.000000e+02, 1.741470e+02
1.000000e+02, 1.741988e+02
1.000000e+02, 1.742522e+02
1.000000e+02, 1.743072e+02
1.000000e+02, 1.743639e+02
1.000000e+02, 1.744222e+02
1.000000e+02, 1.744821e+02
1.000000e+02, 1.745437e+02
1.000000e+02, 1.746069e+02
1.000000e+02, 1.746717e+02
1.000000e+02, 1.747381e+02
1.000000e+02, 1.748062e+02
1.000000e+02, 1.748759e+02
1.000000e+02, 1.749472e+02
1.000000e+02, 1.750202e+02
1.000000e+02, 1.750948e+02
1.000000e+02, 1.751711e+02
1.000000e+02, 1.752490e+02
1.000000e+02, 1.753285e+02
1.000000e+02, 1.754097e+02
1.000000e+02, 1.754925e+02
1.000000e+02, 1.755769e+02
1.000000e+02, 1.756630e+02
1.000000e+02, 1.757507e+02
1.000000e+02, 1.758401e+02
1.000000e+02, 1.759311e+02
1.000000e+02, 1.760238e+02
1.000000e+02, 1.761181e+02
1.000000e+02, 1.762140e+02
1.000000e+02, 1.763117e+02
1.000000e+02, 1.764109e+02
1.000000e+02, 1.765118e+02
1.000000e+02, 1.766144e+02
1.000000e+02, 1.767186e+02
1.000000e+02, 1.768245e+02
1.000000e+02, 1.769320e+02
1.000000e+02, 1.770412e+02
1.000000e+02, 1.771521e+02
1.000000e+02, 1.772646e+02
1.000000e+02, 1.773788e+02
1.000000e+02, 1.774946e+02
1.000000e+02, 1.776121e+02
1.000000e+02, 1.777313e+02
1.000000e+02, 1.778522e+02
1.000000e+02, 1.779747e+02
1.000000e+02, 1.780989e+02
1.000000e+02, 1.782247e+02
1.000000e+02, 1.783523e+02
1.000000e+02, 1.784815e+02
1.000000e+02, 1.786123e+02
1.000000e+02, 1.787449e+02
1.000000e+02, 1.788792e+02
1.000000e+02, 1.790151e+02
1.000000e+02, 1.791527e+02
1.000000e+02, 1.792920e+02
1.000000e+02, 1.794330e+02
1.000000e+02, 1.795757e+02
1.000000e+02, 1.797201e+02
1.000000e+02, 1.798661e+02
1.000000e+02, 1.800139e+02
1.000000e+02, 1.801633e+02
1.000000e+02, 1.803145e+02
1.000000e+02, 1.804674e+02
1.000000e+02, 1.806219e+02
1.000000e+02, 1.807782e+02
1.000000e+02, 1.809362e+02
1.000000e+02, 1.810959e+02
1.000000e+02, 1.812572e+02
1.000000e+02, 1.814204e+02
1.000000e+02, 1.815852e+02
1.000000e+02, 1.817517e+02
1.000000e+02, 1.819200e+02
1.000000e+02, 1.820900e+02
1.000000e+02, 1.822617e+02
1.000000e+02, 1.824351e+02
1.000000e+02, 1.826103e+02
1.000000e+02, 1.827871e+02
1.000000e+02, 1.829658e+02
1.000000e+02, 1.831461e+02
1.000000e+02, 1.833282e+02
1.000000e+02, 1.835121e+02
1.000000e+02, 1.836976e+02
1.000000e+02, 1.838850e+02
1.000000e+02, 1.840740e+02
1.000000e+02, 1.842649e+02
1.000000e+02, 1.844574e+02
1.000000e+02, 1.846518e+02
1.000000e+02, 1.848478e+02
1.000000e+02, 1.850457e+02
1.000000e+02, 1.852453e+02
1.000000e+02, 1.854467e+02
1.000000e+02, 1.856498e+02
1.000000e+02, 1.858547e+02
1.000000e+02, 1.860614e+02
1.000000e+02, 1.862699e+02
1.000000e+02, 1.864801e+02
1.000000e+02, 1.866922e+02
1.000000e+02, 1.869060e+02
1.000000e+02, 1.871216e+02
1.000000e+02, 1.873390e+02
1.000000e+02, 1.875582e+02
1.000000e+02, 1.877791e+02
1.000000e+02, 1.880019e+02
1.000000e+02, 1.882265e+02
1.000000e+02, 1.884529e+02
1.000000e+02, 1.886811e+02
1.000000e+02, 1.889111e+02
1.000000e+02, 1.891429e+02
1.000000e+02, 1.893766e+02
1.000000e+02, 1.896121e+02
1.000000e+02, 1.898493e+02
1.000000e+02, 1.900885e+02
1.000000e+02, 1.903294e+02
1.000000e+02, 1.905722e+02
1.000000e+02, 1.908168e+02
1.000000e+02, 1.910633e+02
1.000000e+02, 1.913116e+02
1.000000e+02, 1.915618e+02
1.000000e+02, 1.918138e+02
1.000000e+02, 1.920677e+02
1.000000e+02, 1.923234e+02
1.000000e+02, 1.925810e+02
1.000000e+02, 1.928405e+02
1.000000e+02, 1.931019e+02
1.000000e+02, 1.933651e+02
1.000000e+02, 1.936302e+02
1.000000e+02, 1.938971e+02
1.000000e+02, 1.941660e+02
1.000000e+02, 1.944368e+02
1.000000e+02, 1.947094e+02
1.000000e+02, 1.949840e+02
1.000000e+02, 1.952604e+02
1.000000e+02, 1.955388e+02
1.000000e+02, 1.958191e+02
1.000000e+02, 1.961012e+02
1.000000e+02, 1.963853e+02
1.000000e+02, 1.966714e+02
1.000000e+02, 1.969593e+02
1.000000e+02, 1.972492e+02
1.000000e+02, 1.975410e+02
1.000000e+02, 1.978348e+02
1.000000e+02, 1.981305e+02
1.000000e+02, 1.984282e+02
1.000000e+02, 1.987278e+02
1.000000e+02, 1.990294e+02
1.000000e+02, 1.993329e+02
1.000000e+02, 1.996384e+02
1.000000e+02, 1.999459e+02
1.000000e+02, 2.002554e+02
1.000000e+02, 2.005668e+02
1.000000e+02, 2.008803e+02
1.000000e+02, 2.011957e+02
1.000000e+02, 2.015131e+02
1.000000e+02, 2.018325e+02
1.000000e+02, 2.021540e+02
1.000000e+02, 2.024774e+02
1.000000e+02, 2.028029e+02
1.000000e+02, 2.031304e+02
1.000000e+02, 2.034599e+02
1.000000e+02, 2.037914e+02
1.000000e+02, 2.041250e+02
1.000000e+02, 2.044607e+02
1.000000e+02, 2.047984e+02
1.000000e+02, 2.051381e+02
1.000000e+02, 2.054799e+02
1.000000e+02, 2.058238e+02
1.000000e+02, 2.061697e+02
1.000000e+02, 2.065177e+02
1.000000e+02, 2.068679e+02
1.000000e+02, 2.072201e+02
1.000000e+02, 2.075744e+02
1.000000e+02, 2.079307e+02
1.000000e+02, 2.082893e+02
1.000000e+02, 2.086499e+02
1.000000e+02, 2.090126e+02
1.000000e+02, 2.093775e+02
1.000000e+02, 2.097445e+02
1.000000e+02, 2.101136e+02
1.000000e+02, 2.104849e+02
1.000000e+02, 2.108583e+02
1.000000e+02, 2.112339e+02
1.000000e+02, 2.116117e+02
1.000000e+02, 2.119916e+02
1.000000e+02, 2.123737e+02
1.000000e+02, 2.127580e+02
1.000000e+02, 2.131445e+02
1.000000e+02, 2.135332e+02
1.000000e+02, 2.139241e+02
1.000000e+02, 2.143172e+02
1.000000e+02, 2.147126e+02
1.000000e+02, 2.151101e+02
1.000000e+02, 2.155099e+02
1.000000e+02, 2.159119e+02
1.000000e+02, 2.163162e+02
1.000000e+02, 2.167228e+02
1.000000e+02, 2.171316e+02
1.000000e+02, 2.175427e+02
1.000000e+02, 2.179560e+02
1.000000e+02, 2.183717e+02
1.000000e+02, 2.187896e+02
1.000000e+02, 2.192099e+02
1.000000e+02, 2.196324e+02
1.000000e+02, 2.200573e+02
1.000000e+02, 2.204845e+02
1.000000e+02, 2.209140e+02
1.000000e+02, 2.213459e+02
1.000000e+02, 2.217802e+02
1.000000e+02, 2.222168e+02
1.000000e+02, 2.226558e+02
1.000000e+02, 2.230971e+02
1.000000e+02, 2.235409e+02
1.000000e+02, 2.239870e+02
1.000000e+02, 2.244355e+02
1.000000e+02, 2.248865e+02
1.000000e+02, 2.253399e+02
1.000000e+02, 2.257957e+02
1.000000e+02, 2.262540e+02
1.000000e+02, 2.267147e+02
1.000000e+02, 2.271779e+02
1.000000e+02, 2.276435e+02
1.000000e+02, 2.281117e+02
1.000000e+02, 2.285823e+02
1.000000e+02, 2.290554e+02
1.000000e+02, 2.295311e+02
1.000000e+02, 2.300092e+02
1.000000e+02, 2.304899e+02
1.000000e+02, 2.309732e+02
1.000000e+02, 2.314589e+02
1.000000e+02, 2.319473e+02
1.000000e+02, 2.324382e+02
1.000000e+02, 2.329317e+02
1.000000e+02, 2.334279e+02
1.000000e+02, 2.339266e+02
1.000000e+02, 2.344279e+02
1.000000e+02, 2.349319e+02
1.000000e+02, 2.354385e+02
1.000000e+02, 2.359478e+02
1.000000e+02, 2.364597e+02
1.000000e+02, 2.369743e+02
1.000000e+02, 2.374916e+02
1.000000e+02, 2.380116e+02
1.000000e+02, 2.385343e+02
1.000000e+02, 2.390598e+02
1.000000e+02, 2.395880e+02
1.000000e+02, 2.401189e+02
1.000000e+02, 2.406526e+02
1.000000e+02, 2.411891e+02
1.000000e+02, 2.417283e+02
1.000000e+02, 2.422704e+02
1.000000e+02, 2.428153e+02
1.000000e+02, 2.433630e+02
1.000000e+02, 2.439136e+02
1.000000e+02, 2.444670e+02
1.000000e+02, 2.450233e+02
1.000000e+02, 2.455825e+02
1.000000e+02, 2.461446e+02
1.000000e+02, 2.467096e+02
1.000000e+02, 2.472776e+02
1.000000e+02, 2.478484e+02
1.000000e+02, 2.484223e+02
1.000000e+02, 2.489991e+02
1.000000e+02, 2.495790e+02
1.000000e+02, 2.501618e+02
1.000000e+02, 2.507476e+02
1.000000e+02, 2.513365e+02
1.000000e+02, 2.519285e+02
1.000000e+02, 2.525235e+02
1.000000e+02, 2.531216e+02
1.000000e+02, 2.537229e+02
1.000000e+02, 2.543272e+02
1.000000e+02, 2.549347e+02
1.000000e+02, 2.555454e+02
1.000000e+02, 2.561592e+02
1.000000e+02, 2.567762e+02
1.000000e+02, 2.573965e+02
1.000000e+02, 2.580200e+02
1.000000e+02, 2.586467e+02
1.000000e+02, 2.592767e+02
1.000000e+02, 2.599100e+02
1.000000e+02, 2.605466e+02
1.000000e+02, 2.611865e+02
1.000000e+02, 2.618298e+02
1.000000e+02, 2.624764e+02
1.000000e+02, 2.631265e+02
1.000000e+02, 2.637799e+02
1.000000e+02, 2.644368e+02
1.000000e+02, 2.650972e+02
1.000000e+02, 2.657610e+02
1.000000e+02, 2.664283e+02
1.000000e+02, 2.670991e+02
1.000000e+02, 2.677735e+02
1.000000e+02, 2.684514e+02
1.000000e+02, 2.691329e+02
1.000000e+02, 2.698181e+02
1.000000e+02, 2.705069e+02
1.000000e+02, 2.711993e+02
1.000000e+02, 2.718954e+02
1.000000e+02, 2.725953e+02
1.000000e+02, 2.732988e+02
1.000000e+02, 2.740062e+02
1.000000e+02, 2.747173e+02
1.000000e+02, 2.754322e+02
1.000000e+02, 2.761510e+02
1.000000e+02, 2.768736e+02
1.000000e+02, 2.776002e+02
1.000000e+02, 2.783306e+02
1.000000e+02, 2.790650e+02
1.000000e+02, 2.798034e+02
1.000000e+02, 2.805459e+02
1.000000e+02, 2.812923e+02
1.000000e+02, 2.820428e+02
1.000000e+02, 2.827974e+02
1.000000e+02, 2.835562e+02
1.000000e+02, 2.843191e+02
1.000000e+02, 2.850862e+02
1.000000e+02, 2.858576e+02
1.000000e+02, 2.866332e+02
1.000000e+02, 2.874131e+02
1.000000e+02, 2.881974e+02
1.000000e+02, 2.889860e+02
1.000000e+02, 2.897790e+02
1.000000e+02, 2.905765e+02
1.000000e+02, 2.913784e+02
1.000000e+02, 2.921848e+02
1.000000e+02, 2.929958e+02
1.000000e+02, 2.938114e+02
1.000000e+02, 2.946316e+02
1.000000e+02, 2.954565e+02
1.000000e+02, 2.962861e+02
1.000000e+02, 2.971204e+02
1.000000e+02, 2.979595e+02
1.000000e+02, 2.988035e+02
1.000000e+02, 2.996524e+02
1.000000e+02, 3.005061e+02
1.000000e+02, 3.013649e+02
1.000000e+02, 3.022286e+02
1.000000e+02, 3.030974e+02
1.000000e+02, 3.039714e+02
1.000000e+02, 3.048504e+02
1.000000e+02, 3.057347e+02
1.000000e+02, 3.066243e+02
1.000000e+02, 3.075191e+02
1.000000e+02, 3.084194e+02
1.000000e+02, 3.093250e+02
1.000000e+02, 3.102361e+02
1.000000e+02, 3.111527e+02
1.000000e+02, 3.120750e+02
1.000000e+02, 3.130028e+02
1.000000e+02, 3.139364e+02
1.000000e+02, 3.148757e+02
1.000000e+02, 3.158208e+02
1.000000e+02, 3.167718e+02
1.000000e+02, 3.177288e+02
1.000000e+02, 3.186918e+02
1.000000e+02, 3.196608e+02
1.000000e+02, 3.206360e+02
1.000000e+02, 3.216174e+02
1.000000e+02, 3.226051e+02
1.000000e+02, 3.235992e+02
1.000000e+02, 3.245997e+02
1.000000e+02, 3.256067e+02
1.000000e+02, 3.266203e+02
1.000000e+02, 3.276406e+02
1.000000e+02, 3.286676e+02
1.000000e+02, 3.297014e+02
1.000000e+02, 3.307422e+02
1.000000e+02, 3.317899e+02
1.000000e+02, 3.328448e+02
1.000000e+02, 3.339068e+02
1.000000e+02, 3.349761e+02
1.000000e+02, 3.360528e+02
1.000000e+02, 3.371369e+02
1.000000e+02, 3.382286e+02
1.000000e+02, 3.393280e+02
1.000000e+02, 3.404352e+02
1.000000e+02, 3.415502e+02
1.000000e+02, 3.426733e+02
1.000000e+02, 3.438044e+02
1.000000e+02, 3.449438e+02
1.000000e+02, 3.460916e+02
1.000000e+02, 3.472478e+02
1.000000e+02, 3.484126e+02
1.000000e+02, 3.495861e+02
1.000000e+02, 3.507685e+02
1.000000e+02, 3.519599e+02
1.000000e+02, 3.531604e+02
1.000000e+02, 3.543702e+02
1.000000e+02, 3.555895e+02
1.000000e+02, 3.568183e+02
1.000000e+02, 3.580569e+02
1.000000e+02, 3.593054e+02
1.000000e+02, 5.640012e-01
1.000000e+02, 1.832848e+00
1.000000e+02, 3.112131e+00
1.000000e+02, 4.402037e+00
1.000000e+02, 5.702756e+00
1.000000e+02, 7.014487e+00
1.000000e+02, 8.337433e+00
1.000000e+02, 9.671806e+00
1.000000e+02, 1.101783e+01
1.000000e+02, 1.237572e+01
1.000000e+02, 1.374571e+01
1.000000e+02, 1.512806e+01
1.000000e+02, 1.652300e+01
1.000000e+02, 1.793081e+01
1.000000e+02, 1.935174e+01
1.000000e+02, 2.078609e+01
1.000000e+02, 2.223413e+01
1.000000e+02, 2.369618e+01
1.000000e+02, 2.517256e+01
1.000000e+02, 2.666357e+01
1.000000e+02, 2.816958e+01
1.000000e+02, 2.969093e+01
1.000000e+02, 3.122799e+01
1.000000e+02, 3.278115e+01
1.000000e+02, 3.435081e+01
1.000000e+02, 3.593740e+01
1.000000e+02, 3.754135e+01
1.000000e+02, 3.916313e+01
1.000000e+02, 4.080322e+01
1.000000e+02, 4.246212e+01
1.000000e+02, 4.414037e+01
1.000000e+02, 4.583853e+01
1.000000e+02, 4.755717e+01
1.000000e+02, 4.929693e+01
1.000000e+02, 5.105845e+01
1.000000e+02, 5.284241e+01
1.000000e+02, 5.464955e+01
1.000000e+02, 5.648062e+01
1.000000e+02, 5.833645e+01
1.000000e+02, 6.021789e+01
1.000000e+02, 6.212585e+01
1.000000e+02, 6.406131e+01
1.000000e+02, 6.602530e+01
1.000000e+02, 6.801893e+01
1.000000e+02, 7.004337e+01
1.000000e+02, 7.209988e+01
1.000000e+02, 7.418983e+01
1.000000e+02, 7.631467e+01
1.000000e+02, 7.847595e+01
1.000000e+02, 8.067539e+01
1.000000e+02, 8.291480e+01
1.000000e+02, 8.519619e+01
1.000000e+02, 8.752170e+01
1.000000e+02, 8.989370e+01
1.000000e+02, 9.231478e+01
1.000000e+02, 9.478777e+01
1.000000e+02, 9.731581e+01
1.000000e+02, 9.990236e+01
1.000000e+02, 1.025513e+02
1.000000e+02, 1.052669e+02
1.000000e+02, 1.080540e+02
1.000000e+02, 1.109181e+02
1.000000e+02, 1.138655e+02
1.000000e+02, 1.169031e+02
1.000000e+02, 1.200393e+02
1.000000e+02, 1.232836e+02
1.000000e+02, 1.266472e+02
1.000000e+02, 1.301436e+02
1.000000e+02, 1.337888e+02
1.000000e+02, 1.376025e+02
1.000000e+02, 1.416093e+02
1.000000e+02, 1.458404e+02
1.000000e+02, 1.503368e+02
1.000000e+02, 1.551535e+02
1.000000e+02, 1.603682e+02
1.000000e+02, 1.660968e+02
1.000000e+02, 1.725265e+02
1.000000e+02, 1.800000e+02
##END= 