##TITLE= /opt/topspin3.0/exp/stan/nmr/lists/wave/user/HypSec_trunc2.84_110
##JCAMP-DX= 5.00 Bruker JCAMP library
##DATA TYPE= Shape Data
##ORIGIN= Bruker BioSpin GmbH
##OWNER= <nmrsu>
##DATE= 15/02/24
##TIME= 16:15:04
##MINX= 1.164538e+01
##MAXX= 9.999960e+01
##MINY= 2.546774e-02
##MAXY= 3.585574e+02
##$SHAPE_EXMODE= Adiabatic
##$SHAPE_TOTROT= 1.800000e+02
##$SHAPE_BWFAC= 1.929340e+02
##$SHAPE_INTEGFAC= 2.356110e-02
##$SHAPE_MODE= 0
##NPOINTS= 1000
##XYPOINTS= (XY..XY)
1.000000e+02, 1.800000e+02
1.000000e+02, 1.701350e+02
1.000000e+02, 1.616477e+02
1.000000e+02, 1.540860e+02
1.000000e+02, 1.472026e+02
1.000000e+02, 1.408446e+02
1.000000e+02, 1.349094e+02
1.000000e+02, 1.293243e+02
1.000000e+02, 1.240353e+02
1.000000e+02, 1.190011e+02
1.000000e+02, 1.141895e+02
1.000000e+02, 1.095743e+02
1.000000e+02, 1.051343e+02
1.000000e+02, 1.008519e+02
1.000000e+02, 9.671209e+01
1.000000e+02, 9.270240e+01
1.000000e+02, 8.881193e+01
1.000000e+02, 8.503130e+01
1.000000e+02, 8.135229e+01
1.000000e+02, 7.776769e+01
1.000000e+02, 7.427111e+01
1.000000e+02, 7.085686e+01
1.000000e+02, 6.751985e+01
1.000000e+02, 6.425550e+01
1.000000e+02, 6.105968e+01
1.000000e+02, 5.792863e+01
1.000000e+02, 5.485896e+01
1.000000e+02, 5.184754e+01
1.000000e+02, 4.889151e+01
1.000000e+02, 4.598825e+01
1.000000e+02, 4.313535e+01
1.000000e+02, 4.033057e+01
1.000000e+02, 3.757184e+01
1.000000e+02, 3.485724e+01
1.000000e+02, 3.218498e+01
1.000000e+02, 2.955339e+01
1.000000e+02, 2.696092e+01
1.000000e+02, 2.440612e+01
1.000000e+02, 2.188761e+01
1.000000e+02, 1.940411e+01
1.000000e+02, 1.695442e+01
1.000000e+02, 1.453740e+01
1.000000e+02, 1.215198e+01
1.000000e+02, 9.797145e+00
1.000000e+02, 7.471942e+00
1.000000e+02, 5.175463e+00
1.000000e+02, 2.906849e+00
1.000000e+02, 6.652840e-01
1.000000e+02, 3.584500e+02
1.000000e+02, 3.562602e+02
1.000000e+02, 3.540953e+02
1.000000e+02, 3.519546e+02
1.000000e+02, 3.498374e+02
1.000000e+02, 3.477431e+02
1.000000e+02, 3.456711e+02
1.000000e+02, 3.436209e+02
1.000000e+02, 3.415920e+02
1.000000e+02, 3.395838e+02
1.000000e+02, 3.375959e+02
1.000000e+02, 3.356278e+02
1.000000e+02, 3.336790e+02
1.000000e+02, 3.317490e+02
1.000000e+02, 3.298376e+02
1.000000e+02, 3.279443e+02
1.000000e+02, 3.260687e+02
1.000000e+02, 3.242104e+02
1.000000e+02, 3.223690e+02
1.000000e+02, 3.205443e+02
1.000000e+02, 3.187359e+02
1.000000e+02, 3.169435e+02
1.000000e+02, 3.151668e+02
1.000000e+02, 3.134054e+02
1.000000e+02, 3.116591e+02
1.000000e+02, 3.099276e+02
1.000000e+02, 3.082107e+02
1.000000e+02, 3.065080e+02
1.000000e+02, 3.048194e+02
1.000000e+02, 3.031445e+02
1.000000e+02, 3.014831e+02
1.000000e+02, 2.998351e+02
1.000000e+02, 2.982002e+02
1.000000e+02, 2.965781e+02
1.000000e+02, 2.949687e+02
1.000000e+02, 2.933717e+02
1.000000e+02, 2.917870e+02
1.000000e+02, 2.902144e+02
1.000000e+02, 2.886536e+02
1.000000e+02, 2.871046e+02
1.000000e+02, 2.855670e+02
1.000000e+02, 2.840409e+02
1.000000e+02, 2.825258e+02
1.000000e+02, 2.810219e+02
1.000000e+02, 2.795287e+02
1.000000e+02, 2.780463e+02
1.000000e+02, 2.765744e+02
1.000000e+02, 2.751130e+02
1.000000e+02, 2.736618e+02
1.000000e+02, 2.722207e+02
1.000000e+02, 2.707897e+02
1.000000e+02, 2.693685e+02
1.000000e+02, 2.679570e+02
1.000000e+02, 2.665551e+02
1.000000e+02, 2.651627e+02
1.000000e+02, 2.637797e+02
1.000000e+02, 2.624059e+02
1.000000e+02, 2.610412e+02
1.000000e+02, 2.596855e+02
1.000000e+02, 2.583388e+02
1.000000e+02, 2.570009e+02
1.000000e+02, 2.556716e+02
1.000000e+02, 2.543509e+02
1.000000e+02, 2.530388e+02
1.000000e+02, 2.517350e+02
1.000000e+02, 2.504395e+02
1.000000e+02, 2.491523e+02
1.000000e+02, 2.478731e+02
1.000000e+02, 2.466020e+02
1.000000e+02, 2.453388e+02
1.000000e+02, 2.440835e+02
1.000000e+02, 2.428359e+02
1.000000e+02, 2.415960e+02
1.000000e+02, 2.403637e+02
1.000000e+02, 2.391389e+02
1.000000e+02, 2.379216e+02
1.000000e+02, 2.367117e+02
1.000000e+02, 2.355090e+02
1.000000e+02, 2.343136e+02
1.000000e+02, 2.331253e+02
1.000000e+02, 2.319441e+02
1.000000e+02, 2.307698e+02
1.000000e+02, 2.296026e+02
1.000000e+02, 2.284422e+02
1.000000e+02, 2.272886e+02
1.000000e+02, 2.261418e+02
1.000000e+02, 2.250016e+02
1.000000e+02, 2.238681e+02
1.000000e+02, 2.227411e+02
1.000000e+02, 2.216206e+02
1.000000e+02, 2.205066e+02
1.000000e+02, 2.193989e+02
1.000000e+02, 2.182976e+02
1.000000e+02, 2.172026e+02
1.000000e+02, 2.161137e+02
1.000000e+02, 2.150310e+02
1.000000e+02, 2.139545e+02
1.000000e+02, 2.128840e+02
1.000000e+02, 2.118195e+02
1.000000e+02, 2.107609e+02
1.000000e+02, 2.097083e+02
1.000000e+02, 2.086615e+02
1.000000e+02, 2.076205e+02
1.000000e+02, 2.065853e+02
1.000000e+02, 2.055558e+02
1.000000e+02, 2.045320e+02
1.000000e+02, 2.035138e+02
1.000000e+02, 2.025012e+02
1.000000e+02, 2.014942e+02
1.000000e+02, 2.004926e+02
1.000000e+02, 1.994965e+02
1.000000e+02, 1.985058e+02
1.000000e+02, 1.975205e+02
1.000000e+02, 1.965405e+02
1.000000e+02, 1.955659e+02
1.000000e+02, 1.945964e+02
1.000000e+02, 1.936322e+02
1.000000e+02, 1.926732e+02
1.000000e+02, 1.917193e+02
1.000000e+02, 1.907705e+02
1.000000e+02, 1.898268e+02
1.000000e+02, 1.888881e+02
1.000000e+02, 1.879544e+02
1.000000e+02, 1.870257e+02
1.000000e+02, 1.861020e+02
1.000000e+02, 1.851831e+02
1.000000e+02, 1.842691e+02
1.000000e+02, 1.833599e+02
1.000000e+02, 1.824555e+02
1.000000e+02, 1.815559e+02
1.000000e+02, 1.806610e+02
1.000000e+02, 1.797708e+02
1.000000e+02, 1.788853e+02
1.000000e+02, 1.780045e+02
1.000000e+02, 1.771282e+02
1.000000e+02, 1.762566e+02
1.000000e+02, 1.753895e+02
1.000000e+02, 1.745270e+02
1.000000e+02, 1.736689e+02
1.000000e+02, 1.728153e+02
1.000000e+02, 1.719662e+02
1.000000e+02, 1.711215e+02
1.000000e+02, 1.702812e+02
1.000000e+02, 1.694452e+02
1.000000e+02, 1.686136e+02
1.000000e+02, 1.677864e+02
1.000000e+02, 1.669634e+02
1.000000e+02, 1.661446e+02
1.000000e+02, 1.653302e+02
1.000000e+02, 1.645199e+02
1.000000e+02, 1.637138e+02
1.000000e+02, 1.629119e+02
1.000000e+02, 1.621142e+02
1.000000e+02, 1.613206e+02
1.000000e+02, 1.605311e+02
1.000000e+02, 1.597456e+02
1.000000e+02, 1.589642e+02
1.000000e+02, 1.581869e+02
1.000000e+02, 1.574136e+02
1.000000e+02, 1.566442e+02
1.000000e+02, 1.558788e+02
1.000000e+02, 1.551174e+02
1.000000e+02, 1.543599e+02
1.000000e+02, 1.536064e+02
1.000000e+02, 1.528567e+02
1.000000e+02, 1.521109e+02
1.000000e+02, 1.513689e+02
1.000000e+02, 1.506308e+02
1.000000e+02, 1.498965e+02
1.000000e+02, 1.491659e+02
1.000000e+02, 1.484392e+02
1.000000e+02, 1.477162e+02
1.000000e+02, 1.469969e+02
1.000000e+02, 1.462814e+02
1.000000e+02, 1.455696e+02
1.000000e+02, 1.448614e+02
1.000000e+02, 1.441569e+02
1.000000e+02, 1.434561e+02
1.000000e+02, 1.427589e+02
1.000000e+02, 1.420653e+02
1.000000e+02, 1.413753e+02
1.000000e+02, 1.406889e+02
1.000000e+02, 1.400061e+02
1.000000e+02, 1.393268e+02
1.000000e+02, 1.386511e+02
1.000000e+02, 1.379788e+02
1.000000e+02, 1.373101e+02
1.000000e+02, 1.366448e+02
1.000000e+02, 1.359831e+02
1.000000e+02, 1.353248e+02
1.000000e+02, 1.346699e+02
1.000000e+02, 1.340185e+02
1.000000e+02, 1.333704e+02
1.000000e+02, 1.327258e+02
1.000000e+02, 1.320846e+02
1.000000e+02, 1.314467e+02
1.000000e+02, 1.308122e+02
1.000000e+02, 1.301810e+02
1.000000e+02, 1.295532e+02
1.000000e+02, 1.289286e+02
1.000000e+02, 1.283074e+02
1.000000e+02, 1.276895e+02
1.000000e+02, 1.270748e+02
1.000000e+02, 1.264634e+02
1.000000e+02, 1.258553e+02
1.000000e+02, 1.252504e+02
1.000000e+02, 1.246487e+02
1.000000e+02, 1.240502e+02
1.000000e+02, 1.234549e+02
1.000000e+02, 1.228628e+02
1.000000e+02, 1.222739e+02
1.000000e+02, 1.216882e+02
1.000000e+02, 1.211056e+02
1.000000e+02, 1.205262e+02
1.000000e+02, 1.199498e+02
1.000000e+02, 1.193766e+02
1.000000e+02, 1.188065e+02
1.000000e+02, 1.182395e+02
1.000000e+02, 1.176756e+02
1.000000e+02, 1.171148e+02
1.000000e+02, 1.165570e+02
1.000000e+02, 1.160023e+02
1.000000e+02, 1.154506e+02
1.000000e+02, 1.149019e+02
1.000000e+02, 1.143563e+02
1.000000e+02, 1.138137e+02
1.000000e+02, 1.132740e+02
1.000000e+02, 1.127374e+02
1.000000e+02, 1.122038e+02
1.000000e+02, 1.116731e+02
1.000000e+02, 1.111453e+02
1.000000e+02, 1.106206e+02
1.000000e+02, 1.100987e+02
1.000000e+02, 1.095798e+02
1.000000e+02, 1.090638e+02
1.000000e+02, 1.085508e+02
1.000000e+02, 1.080406e+02
1.000000e+02, 1.075333e+02
1.000000e+02, 1.070289e+02
1.000000e+02, 1.065274e+02
1.000000e+02, 1.060288e+02
1.000000e+02, 1.055330e+02
1.000000e+02, 1.050401e+02
1.000000e+02, 1.045500e+02
1.000000e+02, 1.040627e+02
1.000000e+02, 1.035783e+02
1.000000e+02, 1.030966e+02
1.000000e+02, 1.026178e+02
1.000000e+02, 1.021418e+02
1.000000e+02, 1.016686e+02
1.000000e+02, 1.011981e+02
1.000000e+02, 1.007305e+02
1.000000e+02, 1.002656e+02
1.000000e+02, 9.980343e+01
1.000000e+02, 9.934404e+01
1.000000e+02, 9.888739e+01
1.000000e+02, 9.843348e+01
1.000000e+02, 9.798229e+01
1.000000e+02, 9.753383e+01
1.000000e+02, 9.708809e+01
1.000000e+02, 9.664504e+01
1.000000e+02, 9.620470e+01
1.000000e+02, 9.576705e+01
1.000000e+02, 9.533209e+01
1.000000e+02, 9.489980e+01
1.000000e+02, 9.447019e+01
1.000000e+02, 9.404324e+01
1.000000e+02, 9.361894e+01
1.000000e+02, 9.319730e+01
1.000000e+02, 9.277830e+01
1.000000e+02, 9.236194e+01
1.000000e+02, 9.194821e+01
1.000000e+02, 9.153710e+01
1.000000e+02, 9.112861e+01
1.000000e+02, 9.072273e+01
1.000000e+02, 9.031946e+01
1.000000e+02, 8.991878e+01
1.000000e+02, 8.952070e+01
1.000000e+02, 8.912520e+01
1.000000e+02, 8.873229e+01
1.000000e+02, 8.834195e+01
1.000000e+02, 8.795417e+01
1.000000e+02, 8.756896e+01
1.000000e+02, 8.718631e+01
1.000000e+02, 8.680621e+01
1.000000e+02, 8.642865e+01
1.000000e+02, 8.605363e+01
1.000000e+02, 8.568115e+01
1.000000e+02, 8.531119e+01
1.000000e+02, 8.494375e+01
1.000000e+02, 8.457884e+01
1.000000e+02, 8.421643e+01
1.000000e+02, 8.385653e+01
1.000000e+02, 8.349914e+01
1.000000e+02, 8.314423e+01
1.000000e+02, 8.279182e+01
1.000000e+02, 8.244190e+01
1.000000e+02, 8.209445e+01
1.000000e+02, 8.174948e+01
1.000000e+02, 8.140698e+01
1.000000e+02, 8.106695e+01
1.000000e+02, 8.072937e+01
1.000000e+02, 8.039425e+01
1.000000e+02, 8.006158e+01
1.000000e+02, 7.973136e+01
1.000000e+02, 7.940358e+01
1.000000e+02, 7.907824e+01
1.000000e+02, 7.875533e+01
1.000000e+02, 7.843484e+01
1.000000e+02, 7.811678e+01
1.000000e+02, 7.780114e+01
1.000000e+02, 7.748791e+01
1.000000e+02, 7.717709e+01
1.000000e+02, 7.686867e+01
1.000000e+02, 7.656266e+01
1.000000e+02, 7.625904e+01
1.000000e+02, 7.595782e+01
1.000000e+02, 7.565898e+01
1.000000e+02, 7.536253e+01
1.000000e+02, 7.506846e+01
1.000000e+02, 7.477676e+01
1.000000e+02, 7.448744e+01
1.000000e+02, 7.420048e+01
1.000000e+02, 7.391589e+01
1.000000e+02, 7.363366e+01
1.000000e+02, 7.335378e+01
1.000000e+02, 7.307626e+01
1.000000e+02, 7.280108e+01
1.000000e+02, 7.252825e+01
1.000000e+02, 7.225777e+01
1.000000e+02, 7.198962e+01
1.000000e+02, 7.172380e+01
1.000000e+02, 7.146031e+01
1.000000e+02, 7.119916e+01
1.000000e+02, 7.094032e+01
1.000000e+02, 7.068381e+01
1.000000e+02, 7.042961e+01
1.000000e+02, 7.017772e+01
1.000000e+02, 6.992815e+01
1.000000e+02, 6.968088e+01
1.000000e+02, 6.943592e+01
1.000000e+02, 6.919325e+01
1.000000e+02, 6.895288e+01
1.000000e+02, 6.871481e+01
1.000000e+02, 6.847903e+01
1.000000e+02, 6.824553e+01
1.000000e+02, 6.801432e+01
1.000000e+02, 6.778539e+01
1.000000e+02, 6.755874e+01
1.000000e+02, 6.733436e+01
1.000000e+02, 6.711226e+01
1.000000e+02, 6.689243e+01
1.000000e+02, 6.667486e+01
1.000000e+02, 6.645956e+01
1.000000e+02, 6.624652e+01
1.000000e+02, 6.603574e+01
1.000000e+02, 6.582721e+01
1.000000e+02, 6.562094e+01
1.000000e+02, 6.541692e+01
1.000000e+02, 6.521515e+01
1.000000e+02, 6.501562e+01
1.000000e+02, 6.481833e+01
1.000000e+02, 6.462329e+01
1.000000e+02, 6.443048e+01
1.000000e+02, 6.423991e+01
1.000000e+02, 6.405157e+01
1.000000e+02, 6.386546e+01
1.000000e+02, 6.368158e+01
1.000000e+02, 6.349993e+01
1.000000e+02, 6.332050e+01
1.000000e+02, 6.314329e+01
1.000000e+02, 6.296830e+01
1.000000e+02, 6.279553e+01
1.000000e+02, 6.262497e+01
1.000000e+02, 6.245663e+01
1.000000e+02, 6.229049e+01
1.000000e+02, 6.212657e+01
1.000000e+02, 6.196485e+01
1.000000e+02, 6.180533e+01
1.000000e+02, 6.164802e+01
1.000000e+02, 6.149291e+01
1.000000e+02, 6.134000e+01
1.000000e+02, 6.118928e+01
1.000000e+02, 6.104076e+01
1.000000e+02, 6.089443e+01
1.000000e+02, 6.075029e+01
1.000000e+02, 6.060835e+01
1.000000e+02, 6.046859e+01
1.000000e+02, 6.033101e+01
1.000000e+02, 6.019562e+01
1.000000e+02, 6.006241e+01
1.000000e+02, 5.993139e+01
1.000000e+02, 5.980254e+01
1.000000e+02, 5.967587e+01
1.000000e+02, 5.955138e+01
1.000000e+02, 5.942906e+01
1.000000e+02, 5.930892e+01
1.000000e+02, 5.919094e+01
1.000000e+02, 5.907514e+01
1.000000e+02, 5.896151e+01
1.000000e+02, 5.885004e+01
1.000000e+02, 5.874074e+01
1.000000e+02, 5.863360e+01
1.000000e+02, 5.852863e+01
1.000000e+02, 5.842582e+01
1.000000e+02, 5.832517e+01
1.000000e+02, 5.822669e+01
1.000000e+02, 5.813036e+01
1.000000e+02, 5.803618e+01
1.000000e+02, 5.794417e+01
1.000000e+02, 5.785431e+01
1.000000e+02, 5.776660e+01
1.000000e+02, 5.768104e+01
1.000000e+02, 5.759764e+01
1.000000e+02, 5.751639e+01
1.000000e+02, 5.743729e+01
1.000000e+02, 5.736034e+01
1.000000e+02, 5.728553e+01
1.000000e+02, 5.721288e+01
1.000000e+02, 5.714237e+01
1.000000e+02, 5.707400e+01
1.000000e+02, 5.700778e+01
1.000000e+02, 5.694371e+01
1.000000e+02, 5.688177e+01
1.000000e+02, 5.682198e+01
1.000000e+02, 5.676433e+01
1.000000e+02, 5.670883e+01
1.000000e+02, 5.665546e+01
1.000000e+02, 5.660423e+01
1.000000e+02, 5.655514e+01
1.000000e+02, 5.650819e+01
1.000000e+02, 5.646338e+01
1.000000e+02, 5.642070e+01
1.000000e+02, 5.638017e+01
1.000000e+02, 5.634176e+01
1.000000e+02, 5.630550e+01
1.000000e+02, 5.627137e+01
1.000000e+02, 5.623937e+01
1.000000e+02, 5.620951e+01
1.000000e+02, 5.618179e+01
1.000000e+02, 5.615620e+01
1.000000e+02, 5.613274e+01
1.000000e+02, 5.611141e+01
1.000000e+02, 5.609222e+01
1.000000e+02, 5.607516e+01
1.000000e+02, 5.606024e+01
1.000000e+02, 5.604744e+01
1.000000e+02, 5.603678e+01
1.000000e+02, 5.602825e+01
1.000000e+02, 5.602186e+01
1.000000e+02, 5.601759e+01
1.000000e+02, 5.601546e+01
1.000000e+02, 5.601546e+01
1.000000e+02, 5.601759e+01
1.000000e+02, 5.602186e+01
1.000000e+02, 5.602825e+01
1.000000e+02, 5.603678e+01
1.000000e+02, 5.604744e+01
1.000000e+02, 5.606024e+01
1.000000e+02, 5.607516e+01
1.000000e+02, 5.609222e+01
1.000000e+02, 5.611141e+01
1.000000e+02, 5.613274e+01
1.000000e+02, 5.615620e+01
1.000000e+02, 5.618179e+01
1.000000e+02, 5.620951e+01
1.000000e+02, 5.623937e+01
1.000000e+02, 5.627137e+01
1.000000e+02, 5.630550e+01
1.000000e+02, 5.634176e+01
1.000000e+02, 5.638017e+01
1.000000e+02, 5.642070e+01
1.000000e+02, 5.646338e+01
1.000000e+02, 5.650819e+01
1.000000e+02, 5.655514e+01
1.000000e+02, 5.660423e+01
1.000000e+02, 5.665546e+01
1.000000e+02, 5.670883e+01
1.000000e+02, 5.676433e+01
1.000000e+02, 5.682198e+01
1.000000e+02, 5.688177e+01
1.000000e+02, 5.694371e+01
1.000000e+02, 5.700778e+01
1.000000e+02, 5.707400e+01
1.000000e+02, 5.714237e+01
1.000000e+02, 5.721288e+01
1.000000e+02, 5.728553e+01
1.000000e+02, 5.736034e+01
1.000000e+02, 5.743729e+01
1.000000e+02, 5.751639e+01
1.000000e+02, 5.759764e+01
1.000000e+02, 5.768104e+01
1.000000e+02, 5.776660e+01
1.000000e+02, 5.785431e+01
1.000000e+02, 5.794417e+01
1.000000e+02, 5.803618e+01
1.000000e+02, 5.813036e+01
1.000000e+02, 5.822669e+01
1.000000e+02, 5.832518e+01
1.000000e+02, 5.842582e+01
1.000000e+02, 5.852863e+01
1.000000e+02, 5.863361e+01
1.000000e+02, 5.874074e+01
1.000000e+02, 5.885004e+01
1.000000e+02, 5.896151e+01
1.000000e+02, 5.907514e+01
1.000000e+02, 5.919094e+01
1.000000e+02, 5.930892e+01
1.000000e+02, 5.942906e+01
1.000000e+02, 5.955138e+01
1.000000e+02, 5.967587e+01
1.000000e+02, 5.980254e+01
1.000000e+02, 5.993139e+01
1.000000e+02, 6.006241e+01
1.000000e+02, 6.019562e+01
1.000000e+02, 6.033101e+01
1.000000e+02, 6.046859e+01
1.000000e+02, 6.060835e+01
1.000000e+02, 6.075029e+01
1.000000e+02, 6.089443e+01
1.000000e+02, 6.104076e+01
1.000000e+02, 6.118928e+01
1.000000e+02, 6.134000e+01
1.000000e+02, 6.149291e+01
1.000000e+02, 6.164802e+01
1.000000e+02, 6.180533e+01
1.000000e+02, 6.196485e+01
1.000000e+02, 6.212657e+01
1.000000e+02, 6.229049e+01
1.000000e+02, 6.245663e+01
1.000000e+02, 6.262497e+01
1.000000e+02, 6.279553e+01
1.000000e+02, 6.296830e+01
1.000000e+02, 6.314329e+01
1.000000e+02, 6.332050e+01
1.000000e+02, 6.349993e+01
1.000000e+02, 6.368158e+01
1.000000e+02, 6.386546e+01
1.000000e+02, 6.405157e+01
1.000000e+02, 6.423991e+01
1.000000e+02, 6.443048e+01
1.000000e+02, 6.462329e+01
1.000000e+02, 6.481833e+01
1.000000e+02, 6.501562e+01
1.000000e+02, 6.521515e+01
1.000000e+02, 6.541692e+01
1.000000e+02, 6.562094e+01
1.000000e+02, 6.582722e+01
1.000000e+02, 6.603574e+01
1.000000e+02, 6.624652e+01
1.000000e+02, 6.645956e+01
1.000000e+02, 6.667486e+01
1.000000e+02, 6.689243e+01
1.000000e+02, 6.711226e+01
1.000000e+02, 6.733437e+01
1.000000e+02, 6.755874e+01
1.000000e+02, 6.778539e+01
1.000000e+02, 6.801432e+01
1.000000e+02, 6.824553e+01
1.000000e+02, 6.847903e+01
1.000000e+02, 6.871481e+01
1.000000e+02, 6.895289e+01
1.000000e+02, 6.919325e+01
1.000000e+02, 6.943592e+01
1.000000e+02, 6.968088e+01
1.000000e+02, 6.992815e+01
1.000000e+02, 7.017773e+01
1.000000e+02, 7.042961e+01
1.000000e+02, 7.068381e+01
1.000000e+02, 7.094032e+01
1.000000e+02, 7.119916e+01
1.000000e+02, 7.146032e+01
1.000000e+02, 7.172380e+01
1.000000e+02, 7.198962e+01
1.000000e+02, 7.225777e+01
1.000000e+02, 7.252826e+01
1.000000e+02, 7.280108e+01
1.000000e+02, 7.307626e+01
1.000000e+02, 7.335378e+01
1.000000e+02, 7.363366e+01
1.000000e+02, 7.391589e+01
1.000000e+02, 7.420048e+01
1.000000e+02, 7.448744e+01
1.000000e+02, 7.477676e+01
1.000000e+02, 7.506846e+01
1.000000e+02, 7.536253e+01
1.000000e+02, 7.565898e+01
1.000000e+02, 7.595782e+01
1.000000e+02, 7.625904e+01
1.000000e+02, 7.656266e+01
1.000000e+02, 7.686867e+01
1.000000e+02, 7.717709e+01
1.000000e+02, 7.748791e+01
1.000000e+02, 7.780114e+01
1.000000e+02, 7.811678e+01
1.000000e+02, 7.843484e+01
1.000000e+02, 7.875533e+01
1.000000e+02, 7.907824e+01
1.000000e+02, 7.940358e+01
1.000000e+02, 7.973136e+01
1.000000e+02, 8.006159e+01
1.000000e+02, 8.039425e+01
1.000000e+02, 8.072937e+01
1.000000e+02, 8.106695e+01
1.000000e+02, 8.140698e+01
1.000000e+02, 8.174948e+01
1.000000e+02, 8.209445e+01
1.000000e+02, 8.244190e+01
1.000000e+02, 8.279182e+01
1.000000e+02, 8.314423e+01
1.000000e+02, 8.349914e+01
1.000000e+02, 8.385653e+01
1.000000e+02, 8.421643e+01
1.000000e+02, 8.457884e+01
1.000000e+02, 8.494376e+01
1.000000e+02, 8.531119e+01
1.000000e+02, 8.568115e+01
1.000000e+02, 8.605363e+01
1.000000e+02, 8.642865e+01
1.000000e+02, 8.680621e+01
1.000000e+02, 8.718631e+01
1.000000e+02, 8.756897e+01
1.000000e+02, 8.795418e+01
1.000000e+02, 8.834195e+01
1.000000e+02, 8.873229e+01
1.000000e+02, 8.912521e+01
1.000000e+02, 8.952070e+01
1.000000e+02, 8.991878e+01
1.000000e+02, 9.031946e+01
1.000000e+02, 9.072273e+01
1.000000e+02, 9.112861e+01
1.000000e+02, 9.153710e+01
1.000000e+02, 9.194821e+01
1.000000e+02, 9.236194e+01
1.000000e+02, 9.277830e+01
1.000000e+02, 9.319730e+01
1.000000e+02, 9.361894e+01
1.000000e+02, 9.404324e+01
1.000000e+02, 9.447019e+01
1.000000e+02, 9.489981e+01
1.000000e+02, 9.533209e+01
1.000000e+02, 9.576706e+01
1.000000e+02, 9.620471e+01
1.000000e+02, 9.664505e+01
1.000000e+02, 9.708809e+01
1.000000e+02, 9.753384e+01
1.000000e+02, 9.798230e+01
1.000000e+02, 9.843348e+01
1.000000e+02, 9.888739e+01
1.000000e+02, 9.934404e+01
1.000000e+02, 9.980343e+01
1.000000e+02, 1.002656e+02
1.000000e+02, 1.007305e+02
1.000000e+02, 1.011981e+02
1.000000e+02, 1.016686e+02
1.000000e+02, 1.021418e+02
1.000000e+02, 1.026178e+02
1.000000e+02, 1.030966e+02
1.000000e+02, 1.035783e+02
1.000000e+02, 1.040627e+02
1.000000e+02, 1.045500e+02
1.000000e+02, 1.050401e+02
1.000000e+02, 1.055330e+02
1.000000e+02, 1.060288e+02
1.000000e+02, 1.065274e+02
1.000000e+02, 1.070290e+02
1.000000e+02, 1.075333e+02
1.000000e+02, 1.080406e+02
1.000000e+02, 1.085508e+02
1.000000e+02, 1.090638e+02
1.000000e+02, 1.095798e+02
1.000000e+02, 1.100987e+02
1.000000e+02, 1.106206e+02
1.000000e+02, 1.111453e+02
1.000000e+02, 1.116731e+02
1.000000e+02, 1.122038e+02
1.000000e+02, 1.127374e+02
1.000000e+02, 1.132740e+02
1.000000e+02, 1.138137e+02
1.000000e+02, 1.143563e+02
1.000000e+02, 1.149019e+02
1.000000e+02, 1.154506e+02
1.000000e+02, 1.160023e+02
1.000000e+02, 1.165570e+02
1.000000e+02, 1.171148e+02
1.000000e+02, 1.176756e+02
1.000000e+02, 1.182395e+02
1.000000e+02, 1.188065e+02
1.000000e+02, 1.193766e+02
1.000000e+02, 1.199498e+02
1.000000e+02, 1.205262e+02
1.000000e+02, 1.211056e+02
1.000000e+02, 1.216882e+02
1.000000e+02, 1.222739e+02
1.000000e+02, 1.228628e+02
1.000000e+02, 1.234549e+02
1.000000e+02, 1.240502e+02
1.000000e+02, 1.246487e+02
1.000000e+02, 1.252504e+02
1.000000e+02, 1.258553e+02
1.000000e+02, 1.264634e+02
1.000000e+02, 1.270748e+02
1.000000e+02, 1.276895e+02
1.000000e+02, 1.283074e+02
1.000000e+02, 1.289286e+02
1.000000e+02, 1.295532e+02
1.000000e+02, 1.301810e+02
1.000000e+02, 1.308122e+02
1.000000e+02, 1.314467e+02
1.000000e+02, 1.320846e+02
1.000000e+02, 1.327258e+02
1.000000e+02, 1.333704e+02
1.000000e+02, 1.340185e+02
1.000000e+02, 1.346699e+02
1.000000e+02, 1.353248e+02
1.000000e+02, 1.359831e+02
1.000000e+02, 1.366449e+02
1.000000e+02, 1.373101e+02
1.000000e+02, 1.379788e+02
1.000000e+02, 1.386511e+02
1.000000e+02, 1.393268e+02
1.000000e+02, 1.400061e+02
1.000000e+02, 1.406889e+02
1.000000e+02, 1.413753e+02
1.000000e+02, 1.420653e+02
1.000000e+02, 1.427589e+02
1.000000e+02, 1.434561e+02
1.000000e+02, 1.441569e+02
1.000000e+02, 1.448614e+02
1.000000e+02, 1.455696e+02
1.000000e+02, 1.462814e+02
1.000000e+02, 1.469969e+02
1.000000e+02, 1.477162e+02
1.000000e+02, 1.484392e+02
1.000000e+02, 1.491659e+02
1.000000e+02, 1.498965e+02
1.000000e+02, 1.506308e+02
1.000000e+02, 1.513689e+02
1.000000e+02, 1.521109e+02
1.000000e+02, 1.528567e+02
1.000000e+02, 1.536064e+02
1.000000e+02, 1.543600e+02
1.000000e+02, 1.551174e+02
1.000000e+02, 1.558789e+02
1.000000e+02, 1.566442e+02
1.000000e+02, 1.574136e+02
1.000000e+02, 1.581869e+02
1.000000e+02, 1.589642e+02
1.000000e+02, 1.597456e+02
1.000000e+02, 1.605311e+02
1.000000e+02, 1.613206e+02
1.000000e+02, 1.621142e+02
1.000000e+02, 1.629119e+02
1.000000e+02, 1.637138e+02
1.000000e+02, 1.645199e+02
1.000000e+02, 1.653302e+02
1.000000e+02, 1.661446e+02
1.000000e+02, 1.669634e+02
1.000000e+02, 1.677864e+02
1.000000e+02, 1.686136e+02
1.000000e+02, 1.694452e+02
1.000000e+02, 1.702812e+02
1.000000e+02, 1.711215e+02
1.000000e+02, 1.719662e+02
1.000000e+02, 1.728153e+02
1.000000e+02, 1.736689e+02
1.000000e+02, 1.745270e+02
1.000000e+02, 1.753895e+02
1.000000e+02, 1.762566e+02
1.000000e+02, 1.771282e+02
1.000000e+02, 1.780045e+02
1.000000e+02, 1.788853e+02
1.000000e+02, 1.797708e+02
1.000000e+02, 1.806610e+02
1.000000e+02, 1.815559e+02
1.000000e+02, 1.824555e+02
1.000000e+02, 1.833599e+02
1.000000e+02, 1.842691e+02
1.000000e+02, 1.851831e+02
1.000000e+02, 1.861020e+02
1.000000e+02, 1.870257e+02
1.000000e+02, 1.879544e+02
1.000000e+02, 1.888881e+02
1.000000e+02, 1.898268e+02
1.000000e+02, 1.907705e+02
1.000000e+02, 1.917193e+02
1.000000e+02, 1.926732e+02
1.000000e+02, 1.936322e+02
1.000000e+02, 1.945964e+02
1.000000e+02, 1.955659e+02
1.000000e+02, 1.965405e+02
1.000000e+02, 1.975205e+02
1.000000e+02, 1.985058e+02
1.000000e+02, 1.994965e+02
1.000000e+02, 2.004926e+02
1.000000e+02, 2.014942e+02
1.000000e+02, 2.025013e+02
1.000000e+02, 2.035138e+02
1.000000e+02, 2.045320e+02
1.000000e+02, 2.055558e+02
1.000000e+02, 2.065853e+02
1.000000e+02, 2.076205e+02
1.000000e+02, 2.086615e+02
1.000000e+02, 2.097083e+02
1.000000e+02, 2.107609e+02
1.000000e+02, 2.118195e+02
1.000000e+02, 2.128840e+02
1.000000e+02, 2.139545e+02
1.000000e+02, 2.150310e+02
1.000000e+02, 2.161137e+02
1.000000e+02, 2.172026e+02
1.000000e+02, 2.182976e+02
1.000000e+02, 2.193989e+02
1.000000e+02, 2.205066e+02
1.000000e+02, 2.216206e+02
1.000000e+02, 2.227411e+02
1.000000e+02, 2.238681e+02
1.000000e+02, 2.250016e+02
1.000000e+02, 2.261418e+02
1.000000e+02, 2.272886e+02
1.000000e+02, 2.284422e+02
1.000000e+02, 2.296026e+02
1.000000e+02, 2.307699e+02
1.000000e+02, 2.319441e+02
1.000000e+02, 2.331253e+02
1.000000e+02, 2.343136e+02
1.000000e+02, 2.355090e+02
1.000000e+02, 2.367117e+02
1.000000e+02, 2.379216e+02
1.000000e+02, 2.391389e+02
1.000000e+02, 2.403637e+02
1.000000e+02, 2.415960e+02
1.000000e+02, 2.428359e+02
1.000000e+02, 2.440835e+02
1.000000e+02, 2.453388e+02
1.000000e+02, 2.466020e+02
1.000000e+02, 2.478731e+02
1.000000e+02, 2.491523e+02
1.000000e+02, 2.504395e+02
1.000000e+02, 2.517350e+02
1.000000e+02, 2.530388e+02
1.000000e+02, 2.543509e+02
1.000000e+02, 2.556716e+02
1.000000e+02, 2.570009e+02
1.000000e+02, 2.583388e+02
1.000000e+02, 2.596855e+02
1.000000e+02, 2.610412e+02
1.000000e+02, 2.624059e+02
1.000000e+02, 2.637797e+02
1.000000e+02, 2.651627e+02
1.000000e+02, 2.665551e+02
1.000000e+02, 2.679570e+02
1.000000e+02, 2.693685e+02
1.000000e+02, 2.707897e+02
1.000000e+02, 2.722207e+02
1.000000e+02, 2.736618e+02
1.000000e+02, 2.751130e+02
1.000000e+02, 2.765744e+02
1.000000e+02, 2.780463e+02
1.000000e+02, 2.795287e+02
1.000000e+02, 2.810219e+02
1.000000e+02, 2.825259e+02
1.000000e+02, 2.840409e+02
1.000000e+02, 2.855670e+02
1.000000e+02, 2.871046e+02
1.000000e+02, 2.886536e+02
1.000000e+02, 2.902144e+02
1.000000e+02, 2.917870e+02
1.000000e+02, 2.933717e+02
1.000000e+02, 2.949687e+02
1.000000e+02, 2.965781e+02
1.000000e+02, 2.982002e+02
1.000000e+02, 2.998351e+02
1.000000e+02, 3.014831e+02
1.000000e+02, 3.031445e+02
1.000000e+02, 3.048194e+02
1.000000e+02, 3.065080e+02
1.000000e+02, 3.082107e+02
1.000000e+02, 3.099276e+02
1.000000e+02, 3.116591e+02
1.000000e+02, 3.134054e+02
1.000000e+02, 3.151668e+02
1.000000e+02, 3.169435e+02
1.000000e+02, 3.187359e+02
1.000000e+02, 3.205443e+02
1.000000e+02, 3.223690e+02
1.000000e+02, 3.242104e+02
1.000000e+02, 3.260687e+02
1.000000e+02, 3.279443e+02
1.000000e+02, 3.298376e+02
1.000000e+02, 3.317491e+02
1.000000e+02, 3.336790e+02
1.000000e+02, 3.356278e+02
1.000000e+02, 3.375959e+02
1.000000e+02, 3.395838e+02
1.000000e+02, 3.415920e+02
1.000000e+02, 3.436209e+02
1.000000e+02, 3.456711e+02
1.000000e+02, 3.477431e+02
1.000000e+02, 3.498374e+02
1.000000e+02, 3.519546e+02
1.000000e+02, 3.540953e+02
1.000000e+02, 3.562602e+02
1.000000e+02, 3.584500e+02
1.000000e+02, 6.652898e-01
1.000000e+02, 2.906854e+00
1.000000e+02, 5.175469e+00
1.000000e+02, 7.471948e+00
1.000000e+02, 9.797151e+00
1.000000e+02, 1.215198e+01
1.000000e+02, 1.453740e+01
1.000000e+02, 1.695442e+01
1.000000e+02, 1.940412e+01
1.000000e+02, 2.188761e+01
1.000000e+02, 2.440612e+01
1.000000e+02, 2.696093e+01
1.000000e+02, 2.955340e+01
1.000000e+02, 3.218498e+01
1.000000e+02, 3.485724e+01
1.000000e+02, 3.757185e+01
1.000000e+02, 4.033058e+01
1.000000e+02, 4.313536e+01
1.000000e+02, 4.598826e+01
1.000000e+02, 4.889151e+01
1.000000e+02, 5.184754e+01
1.000000e+02, 5.485897e+01
1.000000e+02, 5.792864e+01
1.000000e+02, 6.105968e+01
1.000000e+02, 6.425551e+01
1.000000e+02, 6.751985e+01
1.000000e+02, 7.085687e+01
1.000000e+02, 7.427112e+01
1.000000e+02, 7.776770e+01
1.000000e+02, 8.135230e+01
1.000000e+02, 8.503130e+01
1.000000e+02, 8.881194e+01
1.000000e+02, 9.270240e+01
1.000000e+02, 9.671210e+01
1.000000e+02, 1.008519e+02
1.000000e+02, 1.051343e+02
1.000000e+02, 1.095743e+02
1.000000e+02, 1.141895e+02
1.000000e+02, 1.190012e+02
1.000000e+02, 1.240353e+02
1.000000e+02, 1.293243e+02
1.000000e+02, 1.349094e+02
1.000000e+02, 1.408446e+02
1.000000e+02, 1.472026e+02
1.000000e+02, 1.540860e+02
1.000000e+02, 1.616477e+02
1.000000e+02, 1.701350e+02
1.000000e+02, 1.800000e+02
##END= 