##TITLE= /opt/topspin3.0/exp/stan/nmr/lists/wave/user/HypSec_trunc2.84_110
##JCAMP-DX= 5.00 Bruker JCAMP library
##DATA TYPE= Shape Data
##ORIGIN= Bruker BioSpin GmbH
##OWNER= <nmrsu>
##DATE= 15/02/24
##TIME= 16:15:04
##MINX= 1.164538e+01
##MAXX= 9.999960e+01
##MINY= 2.546774e-02
##MAXY= 3.585574e+02
##$SHAPE_EXMODE= Adiabatic
##$SHAPE_TOTROT= 1.800000e+02
##$SHAPE_BWFAC= 1.929340e+02
##$SHAPE_INTEGFAC= 2.356110e-02
##$SHAPE_MODE= 0
##NPOINTS= 1000
##XYPOINTS= (XY..XY)
1.000000e+02, 1.800000e+02
1.000000e+02, 1.759477e+02
1.000000e+02, 1.724614e+02
1.000000e+02, 1.693552e+02
1.000000e+02, 1.665277e+02
1.000000e+02, 1.639159e+02
1.000000e+02, 1.614779e+02
1.000000e+02, 1.591837e+02
1.000000e+02, 1.570111e+02
1.000000e+02, 1.549432e+02
1.000000e+02, 1.529667e+02
1.000000e+02, 1.510709e+02
1.000000e+02, 1.492471e+02
1.000000e+02, 1.474880e+02
1.000000e+02, 1.457875e+02
1.000000e+02, 1.441404e+02
1.000000e+02, 1.425423e+02
1.000000e+02, 1.409893e+02
1.000000e+02, 1.394780e+02
1.000000e+02, 1.380056e+02
1.000000e+02, 1.365693e+02
1.000000e+02, 1.351668e+02
1.000000e+02, 1.337960e+02
1.000000e+02, 1.324551e+02
1.000000e+02, 1.311424e+02
1.000000e+02, 1.298562e+02
1.000000e+02, 1.285953e+02
1.000000e+02, 1.273582e+02
1.000000e+02, 1.261440e+02
1.000000e+02, 1.249514e+02
1.000000e+02, 1.237795e+02
1.000000e+02, 1.226274e+02
1.000000e+02, 1.214942e+02
1.000000e+02, 1.203791e+02
1.000000e+02, 1.192814e+02
1.000000e+02, 1.182004e+02
1.000000e+02, 1.171355e+02
1.000000e+02, 1.160860e+02
1.000000e+02, 1.150515e+02
1.000000e+02, 1.140313e+02
1.000000e+02, 1.130250e+02
1.000000e+02, 1.120322e+02
1.000000e+02, 1.110523e+02
1.000000e+02, 1.100850e+02
1.000000e+02, 1.091299e+02
1.000000e+02, 1.081866e+02
1.000000e+02, 1.072547e+02
1.000000e+02, 1.063339e+02
1.000000e+02, 1.054239e+02
1.000000e+02, 1.045244e+02
1.000000e+02, 1.036351e+02
1.000000e+02, 1.027558e+02
1.000000e+02, 1.018861e+02
1.000000e+02, 1.010258e+02
1.000000e+02, 1.001747e+02
1.000000e+02, 9.933251e+01
1.000000e+02, 9.849908e+01
1.000000e+02, 9.767417e+01
1.000000e+02, 9.685758e+01
1.000000e+02, 9.604912e+01
1.000000e+02, 9.524860e+01
1.000000e+02, 9.445584e+01
1.000000e+02, 9.367068e+01
1.000000e+02, 9.289294e+01
1.000000e+02, 9.212248e+01
1.000000e+02, 9.135914e+01
1.000000e+02, 9.060277e+01
1.000000e+02, 8.985323e+01
1.000000e+02, 8.911039e+01
1.000000e+02, 8.837411e+01
1.000000e+02, 8.764427e+01
1.000000e+02, 8.692074e+01
1.000000e+02, 8.620341e+01
1.000000e+02, 8.549216e+01
1.000000e+02, 8.478688e+01
1.000000e+02, 8.408746e+01
1.000000e+02, 8.339381e+01
1.000000e+02, 8.270581e+01
1.000000e+02, 8.202338e+01
1.000000e+02, 8.134641e+01
1.000000e+02, 8.067482e+01
1.000000e+02, 8.000851e+01
1.000000e+02, 7.934740e+01
1.000000e+02, 7.869141e+01
1.000000e+02, 7.804046e+01
1.000000e+02, 7.739446e+01
1.000000e+02, 7.675334e+01
1.000000e+02, 7.611703e+01
1.000000e+02, 7.548545e+01
1.000000e+02, 7.485853e+01
1.000000e+02, 7.423621e+01
1.000000e+02, 7.361841e+01
1.000000e+02, 7.300507e+01
1.000000e+02, 7.239613e+01
1.000000e+02, 7.179152e+01
1.000000e+02, 7.119119e+01
1.000000e+02, 7.059508e+01
1.000000e+02, 7.000313e+01
1.000000e+02, 6.941528e+01
1.000000e+02, 6.883148e+01
1.000000e+02, 6.825168e+01
1.000000e+02, 6.767583e+01
1.000000e+02, 6.710387e+01
1.000000e+02, 6.653575e+01
1.000000e+02, 6.597143e+01
1.000000e+02, 6.541086e+01
1.000000e+02, 6.485399e+01
1.000000e+02, 6.430078e+01
1.000000e+02, 6.375119e+01
1.000000e+02, 6.320517e+01
1.000000e+02, 6.266268e+01
1.000000e+02, 6.212367e+01
1.000000e+02, 6.158812e+01
1.000000e+02, 6.105597e+01
1.000000e+02, 6.052720e+01
1.000000e+02, 6.000176e+01
1.000000e+02, 5.947961e+01
1.000000e+02, 5.896072e+01
1.000000e+02, 5.844506e+01
1.000000e+02, 5.793259e+01
1.000000e+02, 5.742327e+01
1.000000e+02, 5.691708e+01
1.000000e+02, 5.641398e+01
1.000000e+02, 5.591393e+01
1.000000e+02, 5.541691e+01
1.000000e+02, 5.492289e+01
1.000000e+02, 5.443183e+01
1.000000e+02, 5.394371e+01
1.000000e+02, 5.345850e+01
1.000000e+02, 5.297617e+01
1.000000e+02, 5.249668e+01
1.000000e+02, 5.202003e+01
1.000000e+02, 5.154616e+01
1.000000e+02, 5.107507e+01
1.000000e+02, 5.060673e+01
1.000000e+02, 5.014110e+01
1.000000e+02, 4.967816e+01
1.000000e+02, 4.921790e+01
1.000000e+02, 4.876028e+01
1.000000e+02, 4.830529e+01
1.000000e+02, 4.785289e+01
1.000000e+02, 4.740307e+01
1.000000e+02, 4.695580e+01
1.000000e+02, 4.651106e+01
1.000000e+02, 4.606884e+01
1.000000e+02, 4.562910e+01
1.000000e+02, 4.519183e+01
1.000000e+02, 4.475701e+01
1.000000e+02, 4.432461e+01
1.000000e+02, 4.389462e+01
1.000000e+02, 4.346702e+01
1.000000e+02, 4.304178e+01
1.000000e+02, 4.261890e+01
1.000000e+02, 4.219834e+01
1.000000e+02, 4.178010e+01
1.000000e+02, 4.136415e+01
1.000000e+02, 4.095047e+01
1.000000e+02, 4.053906e+01
1.000000e+02, 4.012989e+01
1.000000e+02, 3.972294e+01
1.000000e+02, 3.931819e+01
1.000000e+02, 3.891564e+01
1.000000e+02, 3.851527e+01
1.000000e+02, 3.811705e+01
1.000000e+02, 3.772098e+01
1.000000e+02, 3.732703e+01
1.000000e+02, 3.693520e+01
1.000000e+02, 3.654546e+01
1.000000e+02, 3.615781e+01
1.000000e+02, 3.577222e+01
1.000000e+02, 3.538869e+01
1.000000e+02, 3.500720e+01
1.000000e+02, 3.462774e+01
1.000000e+02, 3.425028e+01
1.000000e+02, 3.387483e+01
1.000000e+02, 3.350136e+01
1.000000e+02, 3.312986e+01
1.000000e+02, 3.276032e+01
1.000000e+02, 3.239273e+01
1.000000e+02, 3.202707e+01
1.000000e+02, 3.166333e+01
1.000000e+02, 3.130150e+01
1.000000e+02, 3.094157e+01
1.000000e+02, 3.058352e+01
1.000000e+02, 3.022734e+01
1.000000e+02, 2.987302e+01
1.000000e+02, 2.952056e+01
1.000000e+02, 2.916993e+01
1.000000e+02, 2.882113e+01
1.000000e+02, 2.847415e+01
1.000000e+02, 2.812897e+01
1.000000e+02, 2.778559e+01
1.000000e+02, 2.744399e+01
1.000000e+02, 2.710416e+01
1.000000e+02, 2.676610e+01
1.000000e+02, 2.642979e+01
1.000000e+02, 2.609522e+01
1.000000e+02, 2.576238e+01
1.000000e+02, 2.543127e+01
1.000000e+02, 2.510187e+01
1.000000e+02, 2.477418e+01
1.000000e+02, 2.444818e+01
1.000000e+02, 2.412387e+01
1.000000e+02, 2.380123e+01
1.000000e+02, 2.348026e+01
1.000000e+02, 2.316094e+01
1.000000e+02, 2.284328e+01
1.000000e+02, 2.252725e+01
1.000000e+02, 2.221286e+01
1.000000e+02, 2.190009e+01
1.000000e+02, 2.158894e+01
1.000000e+02, 2.127939e+01
1.000000e+02, 2.097144e+01
1.000000e+02, 2.066507e+01
1.000000e+02, 2.036030e+01
1.000000e+02, 2.005709e+01
1.000000e+02, 1.975545e+01
1.000000e+02, 1.945537e+01
1.000000e+02, 1.915684e+01
1.000000e+02, 1.885985e+01
1.000000e+02, 1.856440e+01
1.000000e+02, 1.827047e+01
1.000000e+02, 1.797807e+01
1.000000e+02, 1.768718e+01
1.000000e+02, 1.739780e+01
1.000000e+02, 1.710991e+01
1.000000e+02, 1.682352e+01
1.000000e+02, 1.653861e+01
1.000000e+02, 1.625519e+01
1.000000e+02, 1.597323e+01
1.000000e+02, 1.569274e+01
1.000000e+02, 1.541370e+01
1.000000e+02, 1.513612e+01
1.000000e+02, 1.485999e+01
1.000000e+02, 1.458529e+01
1.000000e+02, 1.431203e+01
1.000000e+02, 1.404019e+01
1.000000e+02, 1.376977e+01
1.000000e+02, 1.350077e+01
1.000000e+02, 1.323317e+01
1.000000e+02, 1.296698e+01
1.000000e+02, 1.270218e+01
1.000000e+02, 1.243878e+01
1.000000e+02, 1.217675e+01
1.000000e+02, 1.191611e+01
1.000000e+02, 1.165684e+01
1.000000e+02, 1.139894e+01
1.000000e+02, 1.114240e+01
1.000000e+02, 1.088722e+01
1.000000e+02, 1.063338e+01
1.000000e+02, 1.038090e+01
1.000000e+02, 1.012975e+01
1.000000e+02, 9.879938e+00
1.000000e+02, 9.631457e+00
1.000000e+02, 9.384300e+00
1.000000e+02, 9.138464e+00
1.000000e+02, 8.893941e+00
1.000000e+02, 8.650729e+00
1.000000e+02, 8.408821e+00
1.000000e+02, 8.168213e+00
1.000000e+02, 7.928900e+00
1.000000e+02, 7.690877e+00
1.000000e+02, 7.454140e+00
1.000000e+02, 7.218683e+00
1.000000e+02, 6.984503e+00
1.000000e+02, 6.751594e+00
1.000000e+02, 6.519952e+00
1.000000e+02, 6.289572e+00
1.000000e+02, 6.060451e+00
1.000000e+02, 5.832583e+00
1.000000e+02, 5.605965e+00
1.000000e+02, 5.380591e+00
1.000000e+02, 5.156459e+00
1.000000e+02, 4.933562e+00
1.000000e+02, 4.711898e+00
1.000000e+02, 4.491462e+00
1.000000e+02, 4.272250e+00
1.000000e+02, 4.054258e+00
1.000000e+02, 3.837481e+00
1.000000e+02, 3.621917e+00
1.000000e+02, 3.407560e+00
1.000000e+02, 3.194408e+00
1.000000e+02, 2.982456e+00
1.000000e+02, 2.771700e+00
1.000000e+02, 2.562136e+00
1.000000e+02, 2.353761e+00
1.000000e+02, 2.146572e+00
1.000000e+02, 1.940563e+00
1.000000e+02, 1.735733e+00
1.000000e+02, 1.532076e+00
1.000000e+02, 1.329591e+00
1.000000e+02, 1.128272e+00
1.000000e+02, 9.281162e-01
1.000000e+02, 7.291208e-01
1.000000e+02, 5.312819e-01
1.000000e+02, 3.345963e-01
1.000000e+02, 1.390604e-01
1.000000e+02, 3.599447e+02
1.000000e+02, 3.597514e+02
1.000000e+02, 3.595593e+02
1.000000e+02, 3.593683e+02
1.000000e+02, 3.591785e+02
1.000000e+02, 3.589898e+02
1.000000e+02, 3.588022e+02
1.000000e+02, 3.586158e+02
1.000000e+02, 3.584304e+02
1.000000e+02, 3.582462e+02
1.000000e+02, 3.580631e+02
1.000000e+02, 3.578811e+02
1.000000e+02, 3.577002e+02
1.000000e+02, 3.575205e+02
1.000000e+02, 3.573418e+02
1.000000e+02, 3.571642e+02
1.000000e+02, 3.569878e+02
1.000000e+02, 3.568124e+02
1.000000e+02, 3.566381e+02
1.000000e+02, 3.564649e+02
1.000000e+02, 3.562928e+02
1.000000e+02, 3.561217e+02
1.000000e+02, 3.559518e+02
1.000000e+02, 3.557829e+02
1.000000e+02, 3.556151e+02
1.000000e+02, 3.554484e+02
1.000000e+02, 3.552827e+02
1.000000e+02, 3.551182e+02
1.000000e+02, 3.549546e+02
1.000000e+02, 3.547922e+02
1.000000e+02, 3.546308e+02
1.000000e+02, 3.544704e+02
1.000000e+02, 3.543111e+02
1.000000e+02, 3.541529e+02
1.000000e+02, 3.539957e+02
1.000000e+02, 3.538396e+02
1.000000e+02, 3.536845e+02
1.000000e+02, 3.535304e+02
1.000000e+02, 3.533774e+02
1.000000e+02, 3.532255e+02
1.000000e+02, 3.530745e+02
1.000000e+02, 3.529246e+02
1.000000e+02, 3.527758e+02
1.000000e+02, 3.526279e+02
1.000000e+02, 3.524811e+02
1.000000e+02, 3.523353e+02
1.000000e+02, 3.521906e+02
1.000000e+02, 3.520468e+02
1.000000e+02, 3.519041e+02
1.000000e+02, 3.517624e+02
1.000000e+02, 3.516217e+02
1.000000e+02, 3.514820e+02
1.000000e+02, 3.513434e+02
1.000000e+02, 3.512057e+02
1.000000e+02, 3.510691e+02
1.000000e+02, 3.509334e+02
1.000000e+02, 3.507988e+02
1.000000e+02, 3.506651e+02
1.000000e+02, 3.505325e+02
1.000000e+02, 3.504008e+02
1.000000e+02, 3.502702e+02
1.000000e+02, 3.501405e+02
1.000000e+02, 3.500119e+02
1.000000e+02, 3.498842e+02
1.000000e+02, 3.497575e+02
1.000000e+02, 3.496318e+02
1.000000e+02, 3.495071e+02
1.000000e+02, 3.493833e+02
1.000000e+02, 3.492606e+02
1.000000e+02, 3.491388e+02
1.000000e+02, 3.490180e+02
1.000000e+02, 3.488982e+02
1.000000e+02, 3.487794e+02
1.000000e+02, 3.486615e+02
1.000000e+02, 3.485446e+02
1.000000e+02, 3.484286e+02
1.000000e+02, 3.483137e+02
1.000000e+02, 3.481997e+02
1.000000e+02, 3.480866e+02
1.000000e+02, 3.479746e+02
1.000000e+02, 3.478635e+02
1.000000e+02, 3.477533e+02
1.000000e+02, 3.476441e+02
1.000000e+02, 3.475359e+02
1.000000e+02, 3.474286e+02
1.000000e+02, 3.473223e+02
1.000000e+02, 3.472169e+02
1.000000e+02, 3.471125e+02
1.000000e+02, 3.470090e+02
1.000000e+02, 3.469065e+02
1.000000e+02, 3.468049e+02
1.000000e+02, 3.467043e+02
1.000000e+02, 3.466046e+02
1.000000e+02, 3.465059e+02
1.000000e+02, 3.464081e+02
1.000000e+02, 3.463113e+02
1.000000e+02, 3.462153e+02
1.000000e+02, 3.461204e+02
1.000000e+02, 3.460263e+02
1.000000e+02, 3.459332e+02
1.000000e+02, 3.458411e+02
1.000000e+02, 3.457498e+02
1.000000e+02, 3.456595e+02
1.000000e+02, 3.455701e+02
1.000000e+02, 3.454817e+02
1.000000e+02, 3.453942e+02
1.000000e+02, 3.453076e+02
1.000000e+02, 3.452220e+02
1.000000e+02, 3.451372e+02
1.000000e+02, 3.450534e+02
1.000000e+02, 3.449705e+02
1.000000e+02, 3.448886e+02
1.000000e+02, 3.448075e+02
1.000000e+02, 3.447274e+02
1.000000e+02, 3.446482e+02
1.000000e+02, 3.445699e+02
1.000000e+02, 3.444926e+02
1.000000e+02, 3.444161e+02
1.000000e+02, 3.443406e+02
1.000000e+02, 3.442660e+02
1.000000e+02, 3.441923e+02
1.000000e+02, 3.441195e+02
1.000000e+02, 3.440476e+02
1.000000e+02, 3.439766e+02
1.000000e+02, 3.439066e+02
1.000000e+02, 3.438374e+02
1.000000e+02, 3.437692e+02
1.000000e+02, 3.437018e+02
1.000000e+02, 3.436354e+02
1.000000e+02, 3.435699e+02
1.000000e+02, 3.435052e+02
1.000000e+02, 3.434415e+02
1.000000e+02, 3.433787e+02
1.000000e+02, 3.433168e+02
1.000000e+02, 3.432558e+02
1.000000e+02, 3.431957e+02
1.000000e+02, 3.431365e+02
1.000000e+02, 3.430782e+02
1.000000e+02, 3.430208e+02
1.000000e+02, 3.429643e+02
1.000000e+02, 3.429086e+02
1.000000e+02, 3.428539e+02
1.000000e+02, 3.428001e+02
1.000000e+02, 3.427472e+02
1.000000e+02, 3.426951e+02
1.000000e+02, 3.426440e+02
1.000000e+02, 3.425938e+02
1.000000e+02, 3.425444e+02
1.000000e+02, 3.424959e+02
1.000000e+02, 3.424484e+02
1.000000e+02, 3.424017e+02
1.000000e+02, 3.423559e+02
1.000000e+02, 3.423110e+02
1.000000e+02, 3.422670e+02
1.000000e+02, 3.422239e+02
1.000000e+02, 3.421817e+02
1.000000e+02, 3.421403e+02
1.000000e+02, 3.420999e+02
1.000000e+02, 3.420603e+02
1.000000e+02, 3.420216e+02
1.000000e+02, 3.419838e+02
1.000000e+02, 3.419469e+02
1.000000e+02, 3.419109e+02
1.000000e+02, 3.418757e+02
1.000000e+02, 3.418415e+02
1.000000e+02, 3.418081e+02
1.000000e+02, 3.417756e+02
1.000000e+02, 3.417440e+02
1.000000e+02, 3.417132e+02
1.000000e+02, 3.416834e+02
1.000000e+02, 3.416544e+02
1.000000e+02, 3.416264e+02
1.000000e+02, 3.415992e+02
1.000000e+02, 3.415728e+02
1.000000e+02, 3.415474e+02
1.000000e+02, 3.415228e+02
1.000000e+02, 3.414992e+02
1.000000e+02, 3.414764e+02
1.000000e+02, 3.414544e+02
1.000000e+02, 3.414334e+02
1.000000e+02, 3.414132e+02
1.000000e+02, 3.413939e+02
1.000000e+02, 3.413755e+02
1.000000e+02, 3.413580e+02
1.000000e+02, 3.413413e+02
1.000000e+02, 3.413256e+02
1.000000e+02, 3.413107e+02
1.000000e+02, 3.412967e+02
1.000000e+02, 3.412835e+02
1.000000e+02, 3.412712e+02
1.000000e+02, 3.412599e+02
1.000000e+02, 3.412493e+02
1.000000e+02, 3.412397e+02
1.000000e+02, 3.412310e+02
1.000000e+02, 3.412231e+02
1.000000e+02, 3.412161e+02
1.000000e+02, 3.412099e+02
1.000000e+02, 3.412047e+02
1.000000e+02, 3.412003e+02
1.000000e+02, 3.411968e+02
1.000000e+02, 3.411942e+02
1.000000e+02, 3.411924e+02
1.000000e+02, 3.411915e+02
1.000000e+02, 3.411915e+02
1.000000e+02, 3.411924e+02
1.000000e+02, 3.411942e+02
1.000000e+02, 3.411968e+02
1.000000e+02, 3.412003e+02
1.000000e+02, 3.412047e+02
1.000000e+02, 3.412099e+02
1.000000e+02, 3.412161e+02
1.000000e+02, 3.412231e+02
1.000000e+02, 3.412310e+02
1.000000e+02, 3.412397e+02
1.000000e+02, 3.412493e+02
1.000000e+02, 3.412599e+02
1.000000e+02, 3.412712e+02
1.000000e+02, 3.412835e+02
1.000000e+02, 3.412967e+02
1.000000e+02, 3.413107e+02
1.000000e+02, 3.413256e+02
1.000000e+02, 3.413413e+02
1.000000e+02, 3.413580e+02
1.000000e+02, 3.413755e+02
1.000000e+02, 3.413939e+02
1.000000e+02, 3.414132e+02
1.000000e+02, 3.414334e+02
1.000000e+02, 3.414544e+02
1.000000e+02, 3.414764e+02
1.000000e+02, 3.414992e+02
1.000000e+02, 3.415228e+02
1.000000e+02, 3.415474e+02
1.000000e+02, 3.415728e+02
1.000000e+02, 3.415992e+02
1.000000e+02, 3.416264e+02
1.000000e+02, 3.416544e+02
1.000000e+02, 3.416834e+02
1.000000e+02, 3.417132e+02
1.000000e+02, 3.417440e+02
1.000000e+02, 3.417756e+02
1.000000e+02, 3.418081e+02
1.000000e+02, 3.418415e+02
1.000000e+02, 3.418757e+02
1.000000e+02, 3.419109e+02
1.000000e+02, 3.419469e+02
1.000000e+02, 3.419838e+02
1.000000e+02, 3.420216e+02
1.000000e+02, 3.420603e+02
1.000000e+02, 3.420999e+02
1.000000e+02, 3.421403e+02
1.000000e+02, 3.421817e+02
1.000000e+02, 3.422239e+02
1.000000e+02, 3.422670e+02
1.000000e+02, 3.423110e+02
1.000000e+02, 3.423559e+02
1.000000e+02, 3.424017e+02
1.000000e+02, 3.424484e+02
1.000000e+02, 3.424959e+02
1.000000e+02, 3.425444e+02
1.000000e+02, 3.425938e+02
1.000000e+02, 3.426440e+02
1.000000e+02, 3.426951e+02
1.000000e+02, 3.427472e+02
1.000000e+02, 3.428001e+02
1.000000e+02, 3.428539e+02
1.000000e+02, 3.429086e+02
1.000000e+02, 3.429643e+02
1.000000e+02, 3.430208e+02
1.000000e+02, 3.430782e+02
1.000000e+02, 3.431365e+02
1.000000e+02, 3.431957e+02
1.000000e+02, 3.432558e+02
1.000000e+02, 3.433168e+02
1.000000e+02, 3.433787e+02
1.000000e+02, 3.434415e+02
1.000000e+02, 3.435052e+02
1.000000e+02, 3.435699e+02
1.000000e+02, 3.436354e+02
1.000000e+02, 3.437018e+02
1.000000e+02, 3.437692e+02
1.000000e+02, 3.438374e+02
1.000000e+02, 3.439066e+02
1.000000e+02, 3.439766e+02
1.000000e+02, 3.440476e+02
1.000000e+02, 3.441195e+02
1.000000e+02, 3.441923e+02
1.000000e+02, 3.442660e+02
1.000000e+02, 3.443406e+02
1.000000e+02, 3.444161e+02
1.000000e+02, 3.444926e+02
1.000000e+02, 3.445699e+02
1.000000e+02, 3.446482e+02
1.000000e+02, 3.447274e+02
1.000000e+02, 3.448075e+02
1.000000e+02, 3.448886e+02
1.000000e+02, 3.449705e+02
1.000000e+02, 3.450534e+02
1.000000e+02, 3.451372e+02
1.000000e+02, 3.452220e+02
1.000000e+02, 3.453076e+02
1.000000e+02, 3.453942e+02
1.000000e+02, 3.454817e+02
1.000000e+02, 3.455701e+02
1.000000e+02, 3.456595e+02
1.000000e+02, 3.457498e+02
1.000000e+02, 3.458411e+02
1.000000e+02, 3.459332e+02
1.000000e+02, 3.460263e+02
1.000000e+02, 3.461204e+02
1.000000e+02, 3.462153e+02
1.000000e+02, 3.463113e+02
1.000000e+02, 3.464081e+02
1.000000e+02, 3.465059e+02
1.000000e+02, 3.466046e+02
1.000000e+02, 3.467043e+02
1.000000e+02, 3.468049e+02
1.000000e+02, 3.469065e+02
1.000000e+02, 3.470090e+02
1.000000e+02, 3.471125e+02
1.000000e+02, 3.472169e+02
1.000000e+02, 3.473223e+02
1.000000e+02, 3.474286e+02
1.000000e+02, 3.475359e+02
1.000000e+02, 3.476441e+02
1.000000e+02, 3.477533e+02
1.000000e+02, 3.478635e+02
1.000000e+02, 3.479746e+02
1.000000e+02, 3.480866e+02
1.000000e+02, 3.481997e+02
1.000000e+02, 3.483137e+02
1.000000e+02, 3.484286e+02
1.000000e+02, 3.485446e+02
1.000000e+02, 3.486615e+02
1.000000e+02, 3.487794e+02
1.000000e+02, 3.488982e+02
1.000000e+02, 3.490180e+02
1.000000e+02, 3.491388e+02
1.000000e+02, 3.492606e+02
1.000000e+02, 3.493833e+02
1.000000e+02, 3.495071e+02
1.000000e+02, 3.496318e+02
1.000000e+02, 3.497575e+02
1.000000e+02, 3.498842e+02
1.000000e+02, 3.500119e+02
1.000000e+02, 3.501405e+02
1.000000e+02, 3.502702e+02
1.000000e+02, 3.504008e+02
1.000000e+02, 3.505325e+02
1.000000e+02, 3.506651e+02
1.000000e+02, 3.507988e+02
1.000000e+02, 3.509334e+02
1.000000e+02, 3.510691e+02
1.000000e+02, 3.512057e+02
1.000000e+02, 3.513434e+02
1.000000e+02, 3.514820e+02
1.000000e+02, 3.516217e+02
1.000000e+02, 3.517624e+02
1.000000e+02, 3.519041e+02
1.000000e+02, 3.520468e+02
1.000000e+02, 3.521906e+02
1.000000e+02, 3.523353e+02
1.000000e+02, 3.524811e+02
1.000000e+02, 3.526279e+02
1.000000e+02, 3.527758e+02
1.000000e+02, 3.529246e+02
1.000000e+02, 3.530745e+02
1.000000e+02, 3.532255e+02
1.000000e+02, 3.533774e+02
1.000000e+02, 3.535304e+02
1.000000e+02, 3.536845e+02
1.000000e+02, 3.538396e+02
1.000000e+02, 3.539957e+02
1.000000e+02, 3.541529e+02
1.000000e+02, 3.543111e+02
1.000000e+02, 3.544704e+02
1.000000e+02, 3.546308e+02
1.000000e+02, 3.547922e+02
1.000000e+02, 3.549546e+02
1.000000e+02, 3.551182e+02
1.000000e+02, 3.552827e+02
1.000000e+02, 3.554484e+02
1.000000e+02, 3.556151e+02
1.000000e+02, 3.557829e+02
1.000000e+02, 3.559518e+02
1.000000e+02, 3.561217e+02
1.000000e+02, 3.562928e+02
1.000000e+02, 3.564649e+02
1.000000e+02, 3.566381e+02
1.000000e+02, 3.568124e+02
1.000000e+02, 3.569878e+02
1.000000e+02, 3.571642e+02
1.000000e+02, 3.573418e+02
1.000000e+02, 3.575205e+02
1.000000e+02, 3.577002e+02
1.000000e+02, 3.578811e+02
1.000000e+02, 3.580631e+02
1.000000e+02, 3.582462e+02
1.000000e+02, 3.584304e+02
1.000000e+02, 3.586158e+02
1.000000e+02, 3.588022e+02
1.000000e+02, 3.589898e+02
1.000000e+02, 3.591785e+02
1.000000e+02, 3.593683e+02
1.000000e+02, 3.595593e+02
1.000000e+02, 3.597514e+02
1.000000e+02, 3.599447e+02
1.000000e+02, 1.390613e-01
1.000000e+02, 3.345972e-01
1.000000e+02, 5.312829e-01
1.000000e+02, 7.291217e-01
1.000000e+02, 9.281171e-01
1.000000e+02, 1.128273e+00
1.000000e+02, 1.329591e+00
1.000000e+02, 1.532077e+00
1.000000e+02, 1.735734e+00
1.000000e+02, 1.940564e+00
1.000000e+02, 2.146573e+00
1.000000e+02, 2.353762e+00
1.000000e+02, 2.562137e+00
1.000000e+02, 2.771700e+00
1.000000e+02, 2.982456e+00
1.000000e+02, 3.194409e+00
1.000000e+02, 3.407561e+00
1.000000e+02, 3.621918e+00
1.000000e+02, 3.837482e+00
1.000000e+02, 4.054259e+00
1.000000e+02, 4.272251e+00
1.000000e+02, 4.491463e+00
1.000000e+02, 4.711899e+00
1.000000e+02, 4.933563e+00
1.000000e+02, 5.156460e+00
1.000000e+02, 5.380593e+00
1.000000e+02, 5.605966e+00
1.000000e+02, 5.832584e+00
1.000000e+02, 6.060452e+00
1.000000e+02, 6.289574e+00
1.000000e+02, 6.519953e+00
1.000000e+02, 6.751595e+00
1.000000e+02, 6.984504e+00
1.000000e+02, 7.218684e+00
1.000000e+02, 7.454141e+00
1.000000e+02, 7.690878e+00
1.000000e+02, 7.928901e+00
1.000000e+02, 8.168214e+00
1.000000e+02, 8.408822e+00
1.000000e+02, 8.650730e+00
1.000000e+02, 8.893942e+00
1.000000e+02, 9.138465e+00
1.000000e+02, 9.384302e+00
1.000000e+02, 9.631458e+00
1.000000e+02, 9.879940e+00
1.000000e+02, 1.012975e+01
1.000000e+02, 1.038090e+01
1.000000e+02, 1.063338e+01
1.000000e+02, 1.088722e+01
1.000000e+02, 1.114240e+01
1.000000e+02, 1.139894e+01
1.000000e+02, 1.165684e+01
1.000000e+02, 1.191611e+01
1.000000e+02, 1.217676e+01
1.000000e+02, 1.243878e+01
1.000000e+02, 1.270218e+01
1.000000e+02, 1.296698e+01
1.000000e+02, 1.323317e+01
1.000000e+02, 1.350077e+01
1.000000e+02, 1.376977e+01
1.000000e+02, 1.404019e+01
1.000000e+02, 1.431203e+01
1.000000e+02, 1.458529e+01
1.000000e+02, 1.485999e+01
1.000000e+02, 1.513612e+01
1.000000e+02, 1.541370e+01
1.000000e+02, 1.569274e+01
1.000000e+02, 1.597323e+01
1.000000e+02, 1.625519e+01
1.000000e+02, 1.653861e+01
1.000000e+02, 1.682352e+01
1.000000e+02, 1.710991e+01
1.000000e+02, 1.739780e+01
1.000000e+02, 1.768718e+01
1.000000e+02, 1.797807e+01
1.000000e+02, 1.827048e+01
1.000000e+02, 1.856440e+01
1.000000e+02, 1.885985e+01
1.000000e+02, 1.915684e+01
1.000000e+02, 1.945537e+01
1.000000e+02, 1.975545e+01
1.000000e+02, 2.005709e+01
1.000000e+02, 2.036030e+01
1.000000e+02, 2.066508e+01
1.000000e+02, 2.097144e+01
1.000000e+02, 2.127939e+01
1.000000e+02, 2.158894e+01
1.000000e+02, 2.190009e+01
1.000000e+02, 2.221286e+01
1.000000e+02, 2.252725e+01
1.000000e+02, 2.284328e+01
1.000000e+02, 2.316094e+01
1.000000e+02, 2.348026e+01
1.000000e+02, 2.380123e+01
1.000000e+02, 2.412387e+01
1.000000e+02, 2.444818e+01
1.000000e+02, 2.477418e+01
1.000000e+02, 2.510188e+01
1.000000e+02, 2.543127e+01
1.000000e+02, 2.576238e+01
1.000000e+02, 2.609522e+01
1.000000e+02, 2.642979e+01
1.000000e+02, 2.676610e+01
1.000000e+02, 2.710416e+01
1.000000e+02, 2.744399e+01
1.000000e+02, 2.778559e+01
1.000000e+02, 2.812897e+01
1.000000e+02, 2.847415e+01
1.000000e+02, 2.882113e+01
1.000000e+02, 2.916993e+01
1.000000e+02, 2.952056e+01
1.000000e+02, 2.987303e+01
1.000000e+02, 3.022734e+01
1.000000e+02, 3.058352e+01
1.000000e+02, 3.094157e+01
1.000000e+02, 3.130150e+01
1.000000e+02, 3.166333e+01
1.000000e+02, 3.202707e+01
1.000000e+02, 3.239273e+01
1.000000e+02, 3.276032e+01
1.000000e+02, 3.312986e+01
1.000000e+02, 3.350136e+01
1.000000e+02, 3.387483e+01
1.000000e+02, 3.425029e+01
1.000000e+02, 3.462774e+01
1.000000e+02, 3.500720e+01
1.000000e+02, 3.538870e+01
1.000000e+02, 3.577223e+01
1.000000e+02, 3.615781e+01
1.000000e+02, 3.654546e+01
1.000000e+02, 3.693520e+01
1.000000e+02, 3.732703e+01
1.000000e+02, 3.772098e+01
1.000000e+02, 3.811705e+01
1.000000e+02, 3.851527e+01
1.000000e+02, 3.891564e+01
1.000000e+02, 3.931819e+01
1.000000e+02, 3.972294e+01
1.000000e+02, 4.012989e+01
1.000000e+02, 4.053906e+01
1.000000e+02, 4.095048e+01
1.000000e+02, 4.136415e+01
1.000000e+02, 4.178010e+01
1.000000e+02, 4.219834e+01
1.000000e+02, 4.261890e+01
1.000000e+02, 4.304178e+01
1.000000e+02, 4.346702e+01
1.000000e+02, 4.389462e+01
1.000000e+02, 4.432461e+01
1.000000e+02, 4.475701e+01
1.000000e+02, 4.519183e+01
1.000000e+02, 4.562910e+01
1.000000e+02, 4.606884e+01
1.000000e+02, 4.651107e+01
1.000000e+02, 4.695580e+01
1.000000e+02, 4.740307e+01
1.000000e+02, 4.785289e+01
1.000000e+02, 4.830529e+01
1.000000e+02, 4.876028e+01
1.000000e+02, 4.921790e+01
1.000000e+02, 4.967817e+01
1.000000e+02, 5.014110e+01
1.000000e+02, 5.060673e+01
1.000000e+02, 5.107507e+01
1.000000e+02, 5.154617e+01
1.000000e+02, 5.202003e+01
1.000000e+02, 5.249669e+01
1.000000e+02, 5.297617e+01
1.000000e+02, 5.345850e+01
1.000000e+02, 5.394372e+01
1.000000e+02, 5.443184e+01
1.000000e+02, 5.492289e+01
1.000000e+02, 5.541692e+01
1.000000e+02, 5.591393e+01
1.000000e+02, 5.641398e+01
1.000000e+02, 5.691708e+01
1.000000e+02, 5.742328e+01
1.000000e+02, 5.793259e+01
1.000000e+02, 5.844506e+01
1.000000e+02, 5.896073e+01
1.000000e+02, 5.947961e+01
1.000000e+02, 6.000176e+01
1.000000e+02, 6.052720e+01
1.000000e+02, 6.105598e+01
1.000000e+02, 6.158812e+01
1.000000e+02, 6.212368e+01
1.000000e+02, 6.266268e+01
1.000000e+02, 6.320517e+01
1.000000e+02, 6.375119e+01
1.000000e+02, 6.430079e+01
1.000000e+02, 6.485399e+01
1.000000e+02, 6.541086e+01
1.000000e+02, 6.597143e+01
1.000000e+02, 6.653575e+01
1.000000e+02, 6.710387e+01
1.000000e+02, 6.767583e+01
1.000000e+02, 6.825169e+01
1.000000e+02, 6.883149e+01
1.000000e+02, 6.941528e+01
1.000000e+02, 7.000313e+01
1.000000e+02, 7.059508e+01
1.000000e+02, 7.119120e+01
1.000000e+02, 7.179152e+01
1.000000e+02, 7.239613e+01
1.000000e+02, 7.300507e+01
1.000000e+02, 7.361841e+01
1.000000e+02, 7.423621e+01
1.000000e+02, 7.485853e+01
1.000000e+02, 7.548545e+01
1.000000e+02, 7.611703e+01
1.000000e+02, 7.675335e+01
1.000000e+02, 7.739446e+01
1.000000e+02, 7.804046e+01
1.000000e+02, 7.869142e+01
1.000000e+02, 7.934741e+01
1.000000e+02, 8.000851e+01
1.000000e+02, 8.067482e+01
1.000000e+02, 8.134641e+01
1.000000e+02, 8.202338e+01
1.000000e+02, 8.270581e+01
1.000000e+02, 8.339381e+01
1.000000e+02, 8.408747e+01
1.000000e+02, 8.478688e+01
1.000000e+02, 8.549216e+01
1.000000e+02, 8.620341e+01
1.000000e+02, 8.692074e+01
1.000000e+02, 8.764427e+01
1.000000e+02, 8.837411e+01
1.000000e+02, 8.911039e+01
1.000000e+02, 8.985323e+01
1.000000e+02, 9.060277e+01
1.000000e+02, 9.135914e+01
1.000000e+02, 9.212248e+01
1.000000e+02, 9.289294e+01
1.000000e+02, 9.367068e+01
1.000000e+02, 9.445584e+01
1.000000e+02, 9.524860e+01
1.000000e+02, 9.604912e+01
1.000000e+02, 9.685758e+01
1.000000e+02, 9.767417e+01
1.000000e+02, 9.849908e+01
1.000000e+02, 9.933251e+01
1.000000e+02, 1.001747e+02
1.000000e+02, 1.010258e+02
1.000000e+02, 1.018861e+02
1.000000e+02, 1.027558e+02
1.000000e+02, 1.036351e+02
1.000000e+02, 1.045244e+02
1.000000e+02, 1.054239e+02
1.000000e+02, 1.063339e+02
1.000000e+02, 1.072547e+02
1.000000e+02, 1.081866e+02
1.000000e+02, 1.091299e+02
1.000000e+02, 1.100850e+02
1.000000e+02, 1.110523e+02
1.000000e+02, 1.120322e+02
1.000000e+02, 1.130250e+02
1.000000e+02, 1.140313e+02
1.000000e+02, 1.150515e+02
1.000000e+02, 1.160860e+02
1.000000e+02, 1.171355e+02
1.000000e+02, 1.182004e+02
1.000000e+02, 1.192814e+02
1.000000e+02, 1.203791e+02
1.000000e+02, 1.214942e+02
1.000000e+02, 1.226274e+02
1.000000e+02, 1.237795e+02
1.000000e+02, 1.249514e+02
1.000000e+02, 1.261440e+02
1.000000e+02, 1.273582e+02
1.000000e+02, 1.285953e+02
1.000000e+02, 1.298562e+02
1.000000e+02, 1.311424e+02
1.000000e+02, 1.324551e+02
1.000000e+02, 1.337960e+02
1.000000e+02, 1.351668e+02
1.000000e+02, 1.365693e+02
1.000000e+02, 1.380056e+02
1.000000e+02, 1.394780e+02
1.000000e+02, 1.409893e+02
1.000000e+02, 1.425423e+02
1.000000e+02, 1.441404e+02
1.000000e+02, 1.457875e+02
1.000000e+02, 1.474880e+02
1.000000e+02, 1.492471e+02
1.000000e+02, 1.510709e+02
1.000000e+02, 1.529667e+02
1.000000e+02, 1.549432e+02
1.000000e+02, 1.570111e+02
1.000000e+02, 1.591837e+02
1.000000e+02, 1.614779e+02
1.000000e+02, 1.639159e+02
1.000000e+02, 1.665277e+02
1.000000e+02, 1.693552e+02
1.000000e+02, 1.724614e+02
1.000000e+02, 1.759477e+02
1.000000e+02, 1.800000e+02
##END= 