##TITLE= /opt/topspin3.0/exp/stan/nmr/lists/wave/user/HypSec_trunc2.84_110
##JCAMP-DX= 5.00 Bruker JCAMP library
##DATA TYPE= Shape Data
##ORIGIN= Bruker BioSpin GmbH
##OWNER= <nmrsu>
##DATE= 15/02/24
##TIME= 16:15:04
##MINX= 1.164538e+01
##MAXX= 9.999960e+01
##MINY= 2.546774e-02
##MAXY= 3.585574e+02
##$SHAPE_EXMODE= Adiabatic
##$SHAPE_TOTROT= 1.800000e+02
##$SHAPE_BWFAC= 1.929340e+02
##$SHAPE_INTEGFAC= 2.356110e-02
##$SHAPE_MODE= 0
##NPOINTS= 1000
##XYPOINTS= (XY..XY)
1.000000e+02, 1.800000e+02
1.000000e+02, 1.765456e+02
1.000000e+02, 1.735736e+02
1.000000e+02, 1.709257e+02
1.000000e+02, 1.685154e+02
1.000000e+02, 1.662890e+02
1.000000e+02, 1.642107e+02
1.000000e+02, 1.622550e+02
1.000000e+02, 1.604029e+02
1.000000e+02, 1.586401e+02
1.000000e+02, 1.569552e+02
1.000000e+02, 1.553392e+02
1.000000e+02, 1.537844e+02
1.000000e+02, 1.522848e+02
1.000000e+02, 1.508352e+02
1.000000e+02, 1.494311e+02
1.000000e+02, 1.480688e+02
1.000000e+02, 1.467450e+02
1.000000e+02, 1.454567e+02
1.000000e+02, 1.442015e+02
1.000000e+02, 1.429771e+02
1.000000e+02, 1.417815e+02
1.000000e+02, 1.406130e+02
1.000000e+02, 1.394699e+02
1.000000e+02, 1.383509e+02
1.000000e+02, 1.372545e+02
1.000000e+02, 1.361796e+02
1.000000e+02, 1.351251e+02
1.000000e+02, 1.340900e+02
1.000000e+02, 1.330733e+02
1.000000e+02, 1.320743e+02
1.000000e+02, 1.310922e+02
1.000000e+02, 1.301262e+02
1.000000e+02, 1.291756e+02
1.000000e+02, 1.282399e+02
1.000000e+02, 1.273184e+02
1.000000e+02, 1.264106e+02
1.000000e+02, 1.255159e+02
1.000000e+02, 1.246340e+02
1.000000e+02, 1.237644e+02
1.000000e+02, 1.229066e+02
1.000000e+02, 1.220602e+02
1.000000e+02, 1.212249e+02
1.000000e+02, 1.204003e+02
1.000000e+02, 1.195861e+02
1.000000e+02, 1.187820e+02
1.000000e+02, 1.179876e+02
1.000000e+02, 1.172027e+02
1.000000e+02, 1.164269e+02
1.000000e+02, 1.156602e+02
1.000000e+02, 1.149021e+02
1.000000e+02, 1.141524e+02
1.000000e+02, 1.134111e+02
1.000000e+02, 1.126777e+02
1.000000e+02, 1.119522e+02
1.000000e+02, 1.112343e+02
1.000000e+02, 1.105238e+02
1.000000e+02, 1.098206e+02
1.000000e+02, 1.091245e+02
1.000000e+02, 1.084353e+02
1.000000e+02, 1.077529e+02
1.000000e+02, 1.070771e+02
1.000000e+02, 1.064078e+02
1.000000e+02, 1.057448e+02
1.000000e+02, 1.050880e+02
1.000000e+02, 1.044373e+02
1.000000e+02, 1.037925e+02
1.000000e+02, 1.031536e+02
1.000000e+02, 1.025203e+02
1.000000e+02, 1.018927e+02
1.000000e+02, 1.012705e+02
1.000000e+02, 1.006537e+02
1.000000e+02, 1.000422e+02
1.000000e+02, 9.943594e+01
1.000000e+02, 9.883472e+01
1.000000e+02, 9.823849e+01
1.000000e+02, 9.764718e+01
1.000000e+02, 9.706069e+01
1.000000e+02, 9.647894e+01
1.000000e+02, 9.590186e+01
1.000000e+02, 9.532935e+01
1.000000e+02, 9.476135e+01
1.000000e+02, 9.419779e+01
1.000000e+02, 9.363858e+01
1.000000e+02, 9.308367e+01
1.000000e+02, 9.253298e+01
1.000000e+02, 9.198646e+01
1.000000e+02, 9.144403e+01
1.000000e+02, 9.090563e+01
1.000000e+02, 9.037121e+01
1.000000e+02, 8.984070e+01
1.000000e+02, 8.931405e+01
1.000000e+02, 8.879121e+01
1.000000e+02, 8.827211e+01
1.000000e+02, 8.775671e+01
1.000000e+02, 8.724495e+01
1.000000e+02, 8.673679e+01
1.000000e+02, 8.623218e+01
1.000000e+02, 8.573106e+01
1.000000e+02, 8.523340e+01
1.000000e+02, 8.473914e+01
1.000000e+02, 8.424825e+01
1.000000e+02, 8.376067e+01
1.000000e+02, 8.327638e+01
1.000000e+02, 8.279532e+01
1.000000e+02, 8.231745e+01
1.000000e+02, 8.184275e+01
1.000000e+02, 8.137116e+01
1.000000e+02, 8.090265e+01
1.000000e+02, 8.043719e+01
1.000000e+02, 7.997474e+01
1.000000e+02, 7.951526e+01
1.000000e+02, 7.905873e+01
1.000000e+02, 7.860509e+01
1.000000e+02, 7.815433e+01
1.000000e+02, 7.770642e+01
1.000000e+02, 7.726131e+01
1.000000e+02, 7.681898e+01
1.000000e+02, 7.637940e+01
1.000000e+02, 7.594254e+01
1.000000e+02, 7.550837e+01
1.000000e+02, 7.507686e+01
1.000000e+02, 7.464798e+01
1.000000e+02, 7.422171e+01
1.000000e+02, 7.379802e+01
1.000000e+02, 7.337689e+01
1.000000e+02, 7.295828e+01
1.000000e+02, 7.254218e+01
1.000000e+02, 7.212856e+01
1.000000e+02, 7.171739e+01
1.000000e+02, 7.130865e+01
1.000000e+02, 7.090232e+01
1.000000e+02, 7.049837e+01
1.000000e+02, 7.009678e+01
1.000000e+02, 6.969754e+01
1.000000e+02, 6.930061e+01
1.000000e+02, 6.890598e+01
1.000000e+02, 6.851362e+01
1.000000e+02, 6.812352e+01
1.000000e+02, 6.773565e+01
1.000000e+02, 6.735000e+01
1.000000e+02, 6.696655e+01
1.000000e+02, 6.658527e+01
1.000000e+02, 6.620615e+01
1.000000e+02, 6.582917e+01
1.000000e+02, 6.545432e+01
1.000000e+02, 6.508156e+01
1.000000e+02, 6.471089e+01
1.000000e+02, 6.434229e+01
1.000000e+02, 6.397574e+01
1.000000e+02, 6.361123e+01
1.000000e+02, 6.324873e+01
1.000000e+02, 6.288824e+01
1.000000e+02, 6.252973e+01
1.000000e+02, 6.217320e+01
1.000000e+02, 6.181862e+01
1.000000e+02, 6.146598e+01
1.000000e+02, 6.111526e+01
1.000000e+02, 6.076646e+01
1.000000e+02, 6.041955e+01
1.000000e+02, 6.007453e+01
1.000000e+02, 5.973137e+01
1.000000e+02, 5.939006e+01
1.000000e+02, 5.905060e+01
1.000000e+02, 5.871296e+01
1.000000e+02, 5.837714e+01
1.000000e+02, 5.804312e+01
1.000000e+02, 5.771089e+01
1.000000e+02, 5.738043e+01
1.000000e+02, 5.705173e+01
1.000000e+02, 5.672479e+01
1.000000e+02, 5.639958e+01
1.000000e+02, 5.607610e+01
1.000000e+02, 5.575434e+01
1.000000e+02, 5.543428e+01
1.000000e+02, 5.511591e+01
1.000000e+02, 5.479923e+01
1.000000e+02, 5.448421e+01
1.000000e+02, 5.417085e+01
1.000000e+02, 5.385914e+01
1.000000e+02, 5.354907e+01
1.000000e+02, 5.324062e+01
1.000000e+02, 5.293379e+01
1.000000e+02, 5.262857e+01
1.000000e+02, 5.232495e+01
1.000000e+02, 5.202291e+01
1.000000e+02, 5.172244e+01
1.000000e+02, 5.142355e+01
1.000000e+02, 5.112621e+01
1.000000e+02, 5.083042e+01
1.000000e+02, 5.053617e+01
1.000000e+02, 5.024345e+01
1.000000e+02, 4.995225e+01
1.000000e+02, 4.966256e+01
1.000000e+02, 4.937438e+01
1.000000e+02, 4.908769e+01
1.000000e+02, 4.880248e+01
1.000000e+02, 4.851875e+01
1.000000e+02, 4.823649e+01
1.000000e+02, 4.795570e+01
1.000000e+02, 4.767635e+01
1.000000e+02, 4.739845e+01
1.000000e+02, 4.712198e+01
1.000000e+02, 4.684695e+01
1.000000e+02, 4.657333e+01
1.000000e+02, 4.630113e+01
1.000000e+02, 4.603034e+01
1.000000e+02, 4.576094e+01
1.000000e+02, 4.549293e+01
1.000000e+02, 4.522631e+01
1.000000e+02, 4.496106e+01
1.000000e+02, 4.469718e+01
1.000000e+02, 4.443467e+01
1.000000e+02, 4.417351e+01
1.000000e+02, 4.391369e+01
1.000000e+02, 4.365522e+01
1.000000e+02, 4.339809e+01
1.000000e+02, 4.314228e+01
1.000000e+02, 4.288780e+01
1.000000e+02, 4.263463e+01
1.000000e+02, 4.238277e+01
1.000000e+02, 4.213221e+01
1.000000e+02, 4.188295e+01
1.000000e+02, 4.163497e+01
1.000000e+02, 4.138829e+01
1.000000e+02, 4.114288e+01
1.000000e+02, 4.089874e+01
1.000000e+02, 4.065587e+01
1.000000e+02, 4.041426e+01
1.000000e+02, 4.017390e+01
1.000000e+02, 3.993479e+01
1.000000e+02, 3.969693e+01
1.000000e+02, 3.946030e+01
1.000000e+02, 3.922491e+01
1.000000e+02, 3.899074e+01
1.000000e+02, 3.875779e+01
1.000000e+02, 3.852606e+01
1.000000e+02, 3.829554e+01
1.000000e+02, 3.806623e+01
1.000000e+02, 3.783811e+01
1.000000e+02, 3.761120e+01
1.000000e+02, 3.738547e+01
1.000000e+02, 3.716092e+01
1.000000e+02, 3.693756e+01
1.000000e+02, 3.671537e+01
1.000000e+02, 3.649436e+01
1.000000e+02, 3.627451e+01
1.000000e+02, 3.605582e+01
1.000000e+02, 3.583828e+01
1.000000e+02, 3.562190e+01
1.000000e+02, 3.540667e+01
1.000000e+02, 3.519257e+01
1.000000e+02, 3.497962e+01
1.000000e+02, 3.476780e+01
1.000000e+02, 3.455711e+01
1.000000e+02, 3.434754e+01
1.000000e+02, 3.413910e+01
1.000000e+02, 3.393177e+01
1.000000e+02, 3.372555e+01
1.000000e+02, 3.352044e+01
1.000000e+02, 3.331644e+01
1.000000e+02, 3.311353e+01
1.000000e+02, 3.291173e+01
1.000000e+02, 3.271101e+01
1.000000e+02, 3.251138e+01
1.000000e+02, 3.231283e+01
1.000000e+02, 3.211537e+01
1.000000e+02, 3.191898e+01
1.000000e+02, 3.172366e+01
1.000000e+02, 3.152942e+01
1.000000e+02, 3.133623e+01
1.000000e+02, 3.114411e+01
1.000000e+02, 3.095305e+01
1.000000e+02, 3.076304e+01
1.000000e+02, 3.057408e+01
1.000000e+02, 3.038616e+01
1.000000e+02, 3.019929e+01
1.000000e+02, 3.001347e+01
1.000000e+02, 2.982867e+01
1.000000e+02, 2.964491e+01
1.000000e+02, 2.946218e+01
1.000000e+02, 2.928048e+01
1.000000e+02, 2.909980e+01
1.000000e+02, 2.892014e+01
1.000000e+02, 2.874149e+01
1.000000e+02, 2.856386e+01
1.000000e+02, 2.838724e+01
1.000000e+02, 2.821163e+01
1.000000e+02, 2.803702e+01
1.000000e+02, 2.786341e+01
1.000000e+02, 2.769080e+01
1.000000e+02, 2.751918e+01
1.000000e+02, 2.734856e+01
1.000000e+02, 2.717892e+01
1.000000e+02, 2.701027e+01
1.000000e+02, 2.684261e+01
1.000000e+02, 2.667592e+01
1.000000e+02, 2.651021e+01
1.000000e+02, 2.634548e+01
1.000000e+02, 2.618171e+01
1.000000e+02, 2.601892e+01
1.000000e+02, 2.585709e+01
1.000000e+02, 2.569623e+01
1.000000e+02, 2.553632e+01
1.000000e+02, 2.537738e+01
1.000000e+02, 2.521939e+01
1.000000e+02, 2.506235e+01
1.000000e+02, 2.490627e+01
1.000000e+02, 2.475113e+01
1.000000e+02, 2.459693e+01
1.000000e+02, 2.444368e+01
1.000000e+02, 2.429137e+01
1.000000e+02, 2.414000e+01
1.000000e+02, 2.398956e+01
1.000000e+02, 2.384006e+01
1.000000e+02, 2.369148e+01
1.000000e+02, 2.354384e+01
1.000000e+02, 2.339712e+01
1.000000e+02, 2.325132e+01
1.000000e+02, 2.310644e+01
1.000000e+02, 2.296249e+01
1.000000e+02, 2.281945e+01
1.000000e+02, 2.267732e+01
1.000000e+02, 2.253611e+01
1.000000e+02, 2.239580e+01
1.000000e+02, 2.225641e+01
1.000000e+02, 2.211792e+01
1.000000e+02, 2.198033e+01
1.000000e+02, 2.184365e+01
1.000000e+02, 2.170786e+01
1.000000e+02, 2.157297e+01
1.000000e+02, 2.143898e+01
1.000000e+02, 2.130588e+01
1.000000e+02, 2.117367e+01
1.000000e+02, 2.104235e+01
1.000000e+02, 2.091192e+01
1.000000e+02, 2.078237e+01
1.000000e+02, 2.065371e+01
1.000000e+02, 2.052592e+01
1.000000e+02, 2.039902e+01
1.000000e+02, 2.027299e+01
1.000000e+02, 2.014785e+01
1.000000e+02, 2.002357e+01
1.000000e+02, 1.990017e+01
1.000000e+02, 1.977763e+01
1.000000e+02, 1.965597e+01
1.000000e+02, 1.953517e+01
1.000000e+02, 1.941524e+01
1.000000e+02, 1.929617e+01
1.000000e+02, 1.917796e+01
1.000000e+02, 1.906061e+01
1.000000e+02, 1.894412e+01
1.000000e+02, 1.882849e+01
1.000000e+02, 1.871371e+01
1.000000e+02, 1.859979e+01
1.000000e+02, 1.848671e+01
1.000000e+02, 1.837449e+01
1.000000e+02, 1.826311e+01
1.000000e+02, 1.815259e+01
1.000000e+02, 1.804290e+01
1.000000e+02, 1.793406e+01
1.000000e+02, 1.782607e+01
1.000000e+02, 1.771891e+01
1.000000e+02, 1.761259e+01
1.000000e+02, 1.750711e+01
1.000000e+02, 1.740247e+01
1.000000e+02, 1.729866e+01
1.000000e+02, 1.719569e+01
1.000000e+02, 1.709355e+01
1.000000e+02, 1.699223e+01
1.000000e+02, 1.689175e+01
1.000000e+02, 1.679210e+01
1.000000e+02, 1.669327e+01
1.000000e+02, 1.659526e+01
1.000000e+02, 1.649808e+01
1.000000e+02, 1.640173e+01
1.000000e+02, 1.630619e+01
1.000000e+02, 1.621147e+01
1.000000e+02, 1.611758e+01
1.000000e+02, 1.602450e+01
1.000000e+02, 1.593223e+01
1.000000e+02, 1.584078e+01
1.000000e+02, 1.575015e+01
1.000000e+02, 1.566032e+01
1.000000e+02, 1.557131e+01
1.000000e+02, 1.548311e+01
1.000000e+02, 1.539572e+01
1.000000e+02, 1.530913e+01
1.000000e+02, 1.522335e+01
1.000000e+02, 1.513838e+01
1.000000e+02, 1.505421e+01
1.000000e+02, 1.497084e+01
1.000000e+02, 1.488828e+01
1.000000e+02, 1.480652e+01
1.000000e+02, 1.472555e+01
1.000000e+02, 1.464539e+01
1.000000e+02, 1.456602e+01
1.000000e+02, 1.448745e+01
1.000000e+02, 1.440968e+01
1.000000e+02, 1.433270e+01
1.000000e+02, 1.425652e+01
1.000000e+02, 1.418113e+01
1.000000e+02, 1.410653e+01
1.000000e+02, 1.403272e+01
1.000000e+02, 1.395970e+01
1.000000e+02, 1.388747e+01
1.000000e+02, 1.381603e+01
1.000000e+02, 1.374537e+01
1.000000e+02, 1.367550e+01
1.000000e+02, 1.360642e+01
1.000000e+02, 1.353812e+01
1.000000e+02, 1.347061e+01
1.000000e+02, 1.340387e+01
1.000000e+02, 1.333792e+01
1.000000e+02, 1.327275e+01
1.000000e+02, 1.320837e+01
1.000000e+02, 1.314476e+01
1.000000e+02, 1.308193e+01
1.000000e+02, 1.301987e+01
1.000000e+02, 1.295860e+01
1.000000e+02, 1.289810e+01
1.000000e+02, 1.283837e+01
1.000000e+02, 1.277942e+01
1.000000e+02, 1.272125e+01
1.000000e+02, 1.266385e+01
1.000000e+02, 1.260722e+01
1.000000e+02, 1.255136e+01
1.000000e+02, 1.249628e+01
1.000000e+02, 1.244196e+01
1.000000e+02, 1.238842e+01
1.000000e+02, 1.233564e+01
1.000000e+02, 1.228363e+01
1.000000e+02, 1.223239e+01
1.000000e+02, 1.218192e+01
1.000000e+02, 1.213222e+01
1.000000e+02, 1.208328e+01
1.000000e+02, 1.203510e+01
1.000000e+02, 1.198769e+01
1.000000e+02, 1.194105e+01
1.000000e+02, 1.189517e+01
1.000000e+02, 1.185005e+01
1.000000e+02, 1.180569e+01
1.000000e+02, 1.176210e+01
1.000000e+02, 1.171927e+01
1.000000e+02, 1.167720e+01
1.000000e+02, 1.163589e+01
1.000000e+02, 1.159534e+01
1.000000e+02, 1.155554e+01
1.000000e+02, 1.151651e+01
1.000000e+02, 1.147824e+01
1.000000e+02, 1.144072e+01
1.000000e+02, 1.140397e+01
1.000000e+02, 1.136797e+01
1.000000e+02, 1.133272e+01
1.000000e+02, 1.129823e+01
1.000000e+02, 1.126450e+01
1.000000e+02, 1.123153e+01
1.000000e+02, 1.119930e+01
1.000000e+02, 1.116784e+01
1.000000e+02, 1.113713e+01
1.000000e+02, 1.110717e+01
1.000000e+02, 1.107796e+01
1.000000e+02, 1.104951e+01
1.000000e+02, 1.102181e+01
1.000000e+02, 1.099487e+01
1.000000e+02, 1.096867e+01
1.000000e+02, 1.094323e+01
1.000000e+02, 1.091854e+01
1.000000e+02, 1.089460e+01
1.000000e+02, 1.087141e+01
1.000000e+02, 1.084897e+01
1.000000e+02, 1.082729e+01
1.000000e+02, 1.080635e+01
1.000000e+02, 1.078616e+01
1.000000e+02, 1.076673e+01
1.000000e+02, 1.074804e+01
1.000000e+02, 1.073010e+01
1.000000e+02, 1.071291e+01
1.000000e+02, 1.069647e+01
1.000000e+02, 1.068078e+01
1.000000e+02, 1.066584e+01
1.000000e+02, 1.065164e+01
1.000000e+02, 1.063819e+01
1.000000e+02, 1.062549e+01
1.000000e+02, 1.061354e+01
1.000000e+02, 1.060234e+01
1.000000e+02, 1.059188e+01
1.000000e+02, 1.058217e+01
1.000000e+02, 1.057321e+01
1.000000e+02, 1.056500e+01
1.000000e+02, 1.055753e+01
1.000000e+02, 1.055081e+01
1.000000e+02, 1.054484e+01
1.000000e+02, 1.053961e+01
1.000000e+02, 1.053513e+01
1.000000e+02, 1.053140e+01
1.000000e+02, 1.052841e+01
1.000000e+02, 1.052617e+01
1.000000e+02, 1.052468e+01
1.000000e+02, 1.052393e+01
1.000000e+02, 1.052393e+01
1.000000e+02, 1.052468e+01
1.000000e+02, 1.052617e+01
1.000000e+02, 1.052841e+01
1.000000e+02, 1.053140e+01
1.000000e+02, 1.053513e+01
1.000000e+02, 1.053961e+01
1.000000e+02, 1.054484e+01
1.000000e+02, 1.055081e+01
1.000000e+02, 1.055753e+01
1.000000e+02, 1.056500e+01
1.000000e+02, 1.057321e+01
1.000000e+02, 1.058217e+01
1.000000e+02, 1.059188e+01
1.000000e+02, 1.060234e+01
1.000000e+02, 1.061354e+01
1.000000e+02, 1.062549e+01
1.000000e+02, 1.063819e+01
1.000000e+02, 1.065164e+01
1.000000e+02, 1.066584e+01
1.000000e+02, 1.068078e+01
1.000000e+02, 1.069647e+01
1.000000e+02, 1.071291e+01
1.000000e+02, 1.073010e+01
1.000000e+02, 1.074804e+01
1.000000e+02, 1.076673e+01
1.000000e+02, 1.078616e+01
1.000000e+02, 1.080635e+01
1.000000e+02, 1.082729e+01
1.000000e+02, 1.084897e+01
1.000000e+02, 1.087141e+01
1.000000e+02, 1.089460e+01
1.000000e+02, 1.091854e+01
1.000000e+02, 1.094323e+01
1.000000e+02, 1.096867e+01
1.000000e+02, 1.099487e+01
1.000000e+02, 1.102181e+01
1.000000e+02, 1.104951e+01
1.000000e+02, 1.107796e+01
1.000000e+02, 1.110717e+01
1.000000e+02, 1.113713e+01
1.000000e+02, 1.116784e+01
1.000000e+02, 1.119930e+01
1.000000e+02, 1.123153e+01
1.000000e+02, 1.126450e+01
1.000000e+02, 1.129823e+01
1.000000e+02, 1.133272e+01
1.000000e+02, 1.136797e+01
1.000000e+02, 1.140397e+01
1.000000e+02, 1.144072e+01
1.000000e+02, 1.147824e+01
1.000000e+02, 1.151651e+01
1.000000e+02, 1.155554e+01
1.000000e+02, 1.159534e+01
1.000000e+02, 1.163589e+01
1.000000e+02, 1.167720e+01
1.000000e+02, 1.171927e+01
1.000000e+02, 1.176210e+01
1.000000e+02, 1.180569e+01
1.000000e+02, 1.185005e+01
1.000000e+02, 1.189517e+01
1.000000e+02, 1.194105e+01
1.000000e+02, 1.198769e+01
1.000000e+02, 1.203510e+01
1.000000e+02, 1.208328e+01
1.000000e+02, 1.213222e+01
1.000000e+02, 1.218192e+01
1.000000e+02, 1.223239e+01
1.000000e+02, 1.228363e+01
1.000000e+02, 1.233564e+01
1.000000e+02, 1.238842e+01
1.000000e+02, 1.244196e+01
1.000000e+02, 1.249628e+01
1.000000e+02, 1.255136e+01
1.000000e+02, 1.260722e+01
1.000000e+02, 1.266385e+01
1.000000e+02, 1.272125e+01
1.000000e+02, 1.277942e+01
1.000000e+02, 1.283837e+01
1.000000e+02, 1.289810e+01
1.000000e+02, 1.295860e+01
1.000000e+02, 1.301987e+01
1.000000e+02, 1.308193e+01
1.000000e+02, 1.314476e+01
1.000000e+02, 1.320837e+01
1.000000e+02, 1.327275e+01
1.000000e+02, 1.333792e+01
1.000000e+02, 1.340387e+01
1.000000e+02, 1.347061e+01
1.000000e+02, 1.353812e+01
1.000000e+02, 1.360642e+01
1.000000e+02, 1.367550e+01
1.000000e+02, 1.374537e+01
1.000000e+02, 1.381603e+01
1.000000e+02, 1.388747e+01
1.000000e+02, 1.395970e+01
1.000000e+02, 1.403272e+01
1.000000e+02, 1.410653e+01
1.000000e+02, 1.418113e+01
1.000000e+02, 1.425652e+01
1.000000e+02, 1.433270e+01
1.000000e+02, 1.440968e+01
1.000000e+02, 1.448745e+01
1.000000e+02, 1.456602e+01
1.000000e+02, 1.464539e+01
1.000000e+02, 1.472555e+01
1.000000e+02, 1.480652e+01
1.000000e+02, 1.488828e+01
1.000000e+02, 1.497084e+01
1.000000e+02, 1.505421e+01
1.000000e+02, 1.513838e+01
1.000000e+02, 1.522335e+01
1.000000e+02, 1.530913e+01
1.000000e+02, 1.539572e+01
1.000000e+02, 1.548311e+01
1.000000e+02, 1.557131e+01
1.000000e+02, 1.566032e+01
1.000000e+02, 1.575015e+01
1.000000e+02, 1.584078e+01
1.000000e+02, 1.593223e+01
1.000000e+02, 1.602450e+01
1.000000e+02, 1.611758e+01
1.000000e+02, 1.621147e+01
1.000000e+02, 1.630619e+01
1.000000e+02, 1.640173e+01
1.000000e+02, 1.649808e+01
1.000000e+02, 1.659526e+01
1.000000e+02, 1.669327e+01
1.000000e+02, 1.679210e+01
1.000000e+02, 1.689175e+01
1.000000e+02, 1.699223e+01
1.000000e+02, 1.709355e+01
1.000000e+02, 1.719569e+01
1.000000e+02, 1.729866e+01
1.000000e+02, 1.740247e+01
1.000000e+02, 1.750712e+01
1.000000e+02, 1.761259e+01
1.000000e+02, 1.771891e+01
1.000000e+02, 1.782607e+01
1.000000e+02, 1.793406e+01
1.000000e+02, 1.804290e+01
1.000000e+02, 1.815259e+01
1.000000e+02, 1.826312e+01
1.000000e+02, 1.837449e+01
1.000000e+02, 1.848671e+01
1.000000e+02, 1.859979e+01
1.000000e+02, 1.871371e+01
1.000000e+02, 1.882849e+01
1.000000e+02, 1.894412e+01
1.000000e+02, 1.906061e+01
1.000000e+02, 1.917796e+01
1.000000e+02, 1.929617e+01
1.000000e+02, 1.941524e+01
1.000000e+02, 1.953517e+01
1.000000e+02, 1.965597e+01
1.000000e+02, 1.977763e+01
1.000000e+02, 1.990017e+01
1.000000e+02, 2.002357e+01
1.000000e+02, 2.014785e+01
1.000000e+02, 2.027300e+01
1.000000e+02, 2.039902e+01
1.000000e+02, 2.052592e+01
1.000000e+02, 2.065371e+01
1.000000e+02, 2.078237e+01
1.000000e+02, 2.091192e+01
1.000000e+02, 2.104235e+01
1.000000e+02, 2.117367e+01
1.000000e+02, 2.130588e+01
1.000000e+02, 2.143898e+01
1.000000e+02, 2.157297e+01
1.000000e+02, 2.170786e+01
1.000000e+02, 2.184365e+01
1.000000e+02, 2.198033e+01
1.000000e+02, 2.211792e+01
1.000000e+02, 2.225641e+01
1.000000e+02, 2.239580e+01
1.000000e+02, 2.253611e+01
1.000000e+02, 2.267732e+01
1.000000e+02, 2.281945e+01
1.000000e+02, 2.296249e+01
1.000000e+02, 2.310644e+01
1.000000e+02, 2.325132e+01
1.000000e+02, 2.339712e+01
1.000000e+02, 2.354384e+01
1.000000e+02, 2.369148e+01
1.000000e+02, 2.384006e+01
1.000000e+02, 2.398956e+01
1.000000e+02, 2.414000e+01
1.000000e+02, 2.429137e+01
1.000000e+02, 2.444368e+01
1.000000e+02, 2.459693e+01
1.000000e+02, 2.475113e+01
1.000000e+02, 2.490627e+01
1.000000e+02, 2.506235e+01
1.000000e+02, 2.521939e+01
1.000000e+02, 2.537738e+01
1.000000e+02, 2.553633e+01
1.000000e+02, 2.569623e+01
1.000000e+02, 2.585709e+01
1.000000e+02, 2.601892e+01
1.000000e+02, 2.618171e+01
1.000000e+02, 2.634548e+01
1.000000e+02, 2.651021e+01
1.000000e+02, 2.667592e+01
1.000000e+02, 2.684261e+01
1.000000e+02, 2.701027e+01
1.000000e+02, 2.717892e+01
1.000000e+02, 2.734856e+01
1.000000e+02, 2.751918e+01
1.000000e+02, 2.769080e+01
1.000000e+02, 2.786341e+01
1.000000e+02, 2.803702e+01
1.000000e+02, 2.821163e+01
1.000000e+02, 2.838724e+01
1.000000e+02, 2.856386e+01
1.000000e+02, 2.874149e+01
1.000000e+02, 2.892014e+01
1.000000e+02, 2.909980e+01
1.000000e+02, 2.928048e+01
1.000000e+02, 2.946218e+01
1.000000e+02, 2.964491e+01
1.000000e+02, 2.982867e+01
1.000000e+02, 3.001347e+01
1.000000e+02, 3.019930e+01
1.000000e+02, 3.038617e+01
1.000000e+02, 3.057408e+01
1.000000e+02, 3.076304e+01
1.000000e+02, 3.095305e+01
1.000000e+02, 3.114411e+01
1.000000e+02, 3.133623e+01
1.000000e+02, 3.152942e+01
1.000000e+02, 3.172366e+01
1.000000e+02, 3.191898e+01
1.000000e+02, 3.211537e+01
1.000000e+02, 3.231283e+01
1.000000e+02, 3.251138e+01
1.000000e+02, 3.271101e+01
1.000000e+02, 3.291173e+01
1.000000e+02, 3.311354e+01
1.000000e+02, 3.331644e+01
1.000000e+02, 3.352044e+01
1.000000e+02, 3.372555e+01
1.000000e+02, 3.393177e+01
1.000000e+02, 3.413910e+01
1.000000e+02, 3.434754e+01
1.000000e+02, 3.455711e+01
1.000000e+02, 3.476780e+01
1.000000e+02, 3.497962e+01
1.000000e+02, 3.519257e+01
1.000000e+02, 3.540667e+01
1.000000e+02, 3.562190e+01
1.000000e+02, 3.583828e+01
1.000000e+02, 3.605582e+01
1.000000e+02, 3.627451e+01
1.000000e+02, 3.649436e+01
1.000000e+02, 3.671537e+01
1.000000e+02, 3.693756e+01
1.000000e+02, 3.716093e+01
1.000000e+02, 3.738547e+01
1.000000e+02, 3.761120e+01
1.000000e+02, 3.783812e+01
1.000000e+02, 3.806623e+01
1.000000e+02, 3.829554e+01
1.000000e+02, 3.852606e+01
1.000000e+02, 3.875779e+01
1.000000e+02, 3.899074e+01
1.000000e+02, 3.922491e+01
1.000000e+02, 3.946030e+01
1.000000e+02, 3.969693e+01
1.000000e+02, 3.993479e+01
1.000000e+02, 4.017390e+01
1.000000e+02, 4.041426e+01
1.000000e+02, 4.065587e+01
1.000000e+02, 4.089874e+01
1.000000e+02, 4.114288e+01
1.000000e+02, 4.138829e+01
1.000000e+02, 4.163497e+01
1.000000e+02, 4.188295e+01
1.000000e+02, 4.213221e+01
1.000000e+02, 4.238277e+01
1.000000e+02, 4.263463e+01
1.000000e+02, 4.288780e+01
1.000000e+02, 4.314228e+01
1.000000e+02, 4.339809e+01
1.000000e+02, 4.365523e+01
1.000000e+02, 4.391370e+01
1.000000e+02, 4.417351e+01
1.000000e+02, 4.443467e+01
1.000000e+02, 4.469718e+01
1.000000e+02, 4.496106e+01
1.000000e+02, 4.522631e+01
1.000000e+02, 4.549293e+01
1.000000e+02, 4.576094e+01
1.000000e+02, 4.603034e+01
1.000000e+02, 4.630113e+01
1.000000e+02, 4.657333e+01
1.000000e+02, 4.684695e+01
1.000000e+02, 4.712199e+01
1.000000e+02, 4.739845e+01
1.000000e+02, 4.767635e+01
1.000000e+02, 4.795570e+01
1.000000e+02, 4.823650e+01
1.000000e+02, 4.851875e+01
1.000000e+02, 4.880248e+01
1.000000e+02, 4.908769e+01
1.000000e+02, 4.937438e+01
1.000000e+02, 4.966256e+01
1.000000e+02, 4.995225e+01
1.000000e+02, 5.024345e+01
1.000000e+02, 5.053617e+01
1.000000e+02, 5.083042e+01
1.000000e+02, 5.112621e+01
1.000000e+02, 5.142355e+01
1.000000e+02, 5.172245e+01
1.000000e+02, 5.202291e+01
1.000000e+02, 5.232495e+01
1.000000e+02, 5.262857e+01
1.000000e+02, 5.293379e+01
1.000000e+02, 5.324062e+01
1.000000e+02, 5.354907e+01
1.000000e+02, 5.385914e+01
1.000000e+02, 5.417085e+01
1.000000e+02, 5.448421e+01
1.000000e+02, 5.479923e+01
1.000000e+02, 5.511591e+01
1.000000e+02, 5.543428e+01
1.000000e+02, 5.575434e+01
1.000000e+02, 5.607611e+01
1.000000e+02, 5.639958e+01
1.000000e+02, 5.672479e+01
1.000000e+02, 5.705173e+01
1.000000e+02, 5.738043e+01
1.000000e+02, 5.771089e+01
1.000000e+02, 5.804312e+01
1.000000e+02, 5.837714e+01
1.000000e+02, 5.871296e+01
1.000000e+02, 5.905060e+01
1.000000e+02, 5.939006e+01
1.000000e+02, 5.973137e+01
1.000000e+02, 6.007453e+01
1.000000e+02, 6.041955e+01
1.000000e+02, 6.076646e+01
1.000000e+02, 6.111526e+01
1.000000e+02, 6.146598e+01
1.000000e+02, 6.181862e+01
1.000000e+02, 6.217320e+01
1.000000e+02, 6.252974e+01
1.000000e+02, 6.288824e+01
1.000000e+02, 6.324873e+01
1.000000e+02, 6.361123e+01
1.000000e+02, 6.397574e+01
1.000000e+02, 6.434229e+01
1.000000e+02, 6.471089e+01
1.000000e+02, 6.508156e+01
1.000000e+02, 6.545432e+01
1.000000e+02, 6.582918e+01
1.000000e+02, 6.620616e+01
1.000000e+02, 6.658527e+01
1.000000e+02, 6.696655e+01
1.000000e+02, 6.735001e+01
1.000000e+02, 6.773566e+01
1.000000e+02, 6.812352e+01
1.000000e+02, 6.851362e+01
1.000000e+02, 6.890598e+01
1.000000e+02, 6.930061e+01
1.000000e+02, 6.969754e+01
1.000000e+02, 7.009678e+01
1.000000e+02, 7.049837e+01
1.000000e+02, 7.090232e+01
1.000000e+02, 7.130865e+01
1.000000e+02, 7.171739e+01
1.000000e+02, 7.212856e+01
1.000000e+02, 7.254218e+01
1.000000e+02, 7.295829e+01
1.000000e+02, 7.337689e+01
1.000000e+02, 7.379803e+01
1.000000e+02, 7.422171e+01
1.000000e+02, 7.464798e+01
1.000000e+02, 7.507686e+01
1.000000e+02, 7.550837e+01
1.000000e+02, 7.594254e+01
1.000000e+02, 7.637940e+01
1.000000e+02, 7.681898e+01
1.000000e+02, 7.726131e+01
1.000000e+02, 7.770642e+01
1.000000e+02, 7.815434e+01
1.000000e+02, 7.860509e+01
1.000000e+02, 7.905873e+01
1.000000e+02, 7.951527e+01
1.000000e+02, 7.997474e+01
1.000000e+02, 8.043720e+01
1.000000e+02, 8.090266e+01
1.000000e+02, 8.137116e+01
1.000000e+02, 8.184275e+01
1.000000e+02, 8.231746e+01
1.000000e+02, 8.279532e+01
1.000000e+02, 8.327638e+01
1.000000e+02, 8.376067e+01
1.000000e+02, 8.424825e+01
1.000000e+02, 8.473914e+01
1.000000e+02, 8.523340e+01
1.000000e+02, 8.573106e+01
1.000000e+02, 8.623218e+01
1.000000e+02, 8.673679e+01
1.000000e+02, 8.724495e+01
1.000000e+02, 8.775671e+01
1.000000e+02, 8.827211e+01
1.000000e+02, 8.879121e+01
1.000000e+02, 8.931405e+01
1.000000e+02, 8.984070e+01
1.000000e+02, 9.037121e+01
1.000000e+02, 9.090563e+01
1.000000e+02, 9.144403e+01
1.000000e+02, 9.198646e+01
1.000000e+02, 9.253299e+01
1.000000e+02, 9.308367e+01
1.000000e+02, 9.363858e+01
1.000000e+02, 9.419779e+01
1.000000e+02, 9.476135e+01
1.000000e+02, 9.532935e+01
1.000000e+02, 9.590186e+01
1.000000e+02, 9.647895e+01
1.000000e+02, 9.706069e+01
1.000000e+02, 9.764718e+01
1.000000e+02, 9.823850e+01
1.000000e+02, 9.883472e+01
1.000000e+02, 9.943594e+01
1.000000e+02, 1.000423e+02
1.000000e+02, 1.006537e+02
1.000000e+02, 1.012705e+02
1.000000e+02, 1.018927e+02
1.000000e+02, 1.025203e+02
1.000000e+02, 1.031536e+02
1.000000e+02, 1.037925e+02
1.000000e+02, 1.044373e+02
1.000000e+02, 1.050880e+02
1.000000e+02, 1.057448e+02
1.000000e+02, 1.064078e+02
1.000000e+02, 1.070771e+02
1.000000e+02, 1.077529e+02
1.000000e+02, 1.084353e+02
1.000000e+02, 1.091245e+02
1.000000e+02, 1.098206e+02
1.000000e+02, 1.105238e+02
1.000000e+02, 1.112343e+02
1.000000e+02, 1.119522e+02
1.000000e+02, 1.126777e+02
1.000000e+02, 1.134111e+02
1.000000e+02, 1.141524e+02
1.000000e+02, 1.149021e+02
1.000000e+02, 1.156602e+02
1.000000e+02, 1.164269e+02
1.000000e+02, 1.172027e+02
1.000000e+02, 1.179876e+02
1.000000e+02, 1.187820e+02
1.000000e+02, 1.195861e+02
1.000000e+02, 1.204003e+02
1.000000e+02, 1.212249e+02
1.000000e+02, 1.220602e+02
1.000000e+02, 1.229066e+02
1.000000e+02, 1.237644e+02
1.000000e+02, 1.246340e+02
1.000000e+02, 1.255159e+02
1.000000e+02, 1.264106e+02
1.000000e+02, 1.273184e+02
1.000000e+02, 1.282399e+02
1.000000e+02, 1.291756e+02
1.000000e+02, 1.301262e+02
1.000000e+02, 1.310922e+02
1.000000e+02, 1.320743e+02
1.000000e+02, 1.330733e+02
1.000000e+02, 1.340900e+02
1.000000e+02, 1.351251e+02
1.000000e+02, 1.361796e+02
1.000000e+02, 1.372545e+02
1.000000e+02, 1.383509e+02
1.000000e+02, 1.394699e+02
1.000000e+02, 1.406130e+02
1.000000e+02, 1.417815e+02
1.000000e+02, 1.429771e+02
1.000000e+02, 1.442015e+02
1.000000e+02, 1.454567e+02
1.000000e+02, 1.467450e+02
1.000000e+02, 1.480688e+02
1.000000e+02, 1.494311e+02
1.000000e+02, 1.508352e+02
1.000000e+02, 1.522848e+02
1.000000e+02, 1.537844e+02
1.000000e+02, 1.553392e+02
1.000000e+02, 1.569553e+02
1.000000e+02, 1.586401e+02
1.000000e+02, 1.604029e+02
1.000000e+02, 1.622550e+02
1.000000e+02, 1.642107e+02
1.000000e+02, 1.662890e+02
1.000000e+02, 1.685154e+02
1.000000e+02, 1.709257e+02
1.000000e+02, 1.735736e+02
1.000000e+02, 1.765456e+02
1.000000e+02, 1.800000e+02
##END= 