##TITLE= /opt/topspin3.0/exp/stan/nmr/lists/wave/user/HypSec_trunc2.84_110
##JCAMP-DX= 5.00 Bruker JCAMP library
##DATA TYPE= Shape Data
##ORIGIN= Bruker BioSpin GmbH
##OWNER= <nmrsu>
##DATE= 15/02/24
##TIME= 16:15:04
##MINX= 1.164538e+01
##MAXX= 9.999960e+01
##MINY= 2.546774e-02
##MAXY= 3.585574e+02
##$SHAPE_EXMODE= Adiabatic
##$SHAPE_TOTROT= 1.800000e+02
##$SHAPE_BWFAC= 1.929340e+02
##$SHAPE_INTEGFAC= 2.356110e-02
##$SHAPE_MODE= 0
##NPOINTS= 1000
##XYPOINTS= (XY..XY)
1.000000e+02, 1.800000e+02
1.000000e+02, 1.745194e+02
1.000000e+02, 1.698043e+02
1.000000e+02, 1.656033e+02
1.000000e+02, 1.617792e+02
1.000000e+02, 1.582470e+02
1.000000e+02, 1.549497e+02
1.000000e+02, 1.518468e+02
1.000000e+02, 1.489085e+02
1.000000e+02, 1.461117e+02
1.000000e+02, 1.434386e+02
1.000000e+02, 1.408746e+02
1.000000e+02, 1.384080e+02
1.000000e+02, 1.360288e+02
1.000000e+02, 1.337289e+02
1.000000e+02, 1.315013e+02
1.000000e+02, 1.293400e+02
1.000000e+02, 1.272396e+02
1.000000e+02, 1.251957e+02
1.000000e+02, 1.232043e+02
1.000000e+02, 1.212617e+02
1.000000e+02, 1.193649e+02
1.000000e+02, 1.175110e+02
1.000000e+02, 1.156975e+02
1.000000e+02, 1.139220e+02
1.000000e+02, 1.121826e+02
1.000000e+02, 1.104772e+02
1.000000e+02, 1.088042e+02
1.000000e+02, 1.071619e+02
1.000000e+02, 1.055490e+02
1.000000e+02, 1.039641e+02
1.000000e+02, 1.024059e+02
1.000000e+02, 1.008732e+02
1.000000e+02, 9.936513e+01
1.000000e+02, 9.788054e+01
1.000000e+02, 9.641855e+01
1.000000e+02, 9.497829e+01
1.000000e+02, 9.355895e+01
1.000000e+02, 9.215978e+01
1.000000e+02, 9.078006e+01
1.000000e+02, 8.941912e+01
1.000000e+02, 8.807633e+01
1.000000e+02, 8.675110e+01
1.000000e+02, 8.544286e+01
1.000000e+02, 8.415108e+01
1.000000e+02, 8.287526e+01
1.000000e+02, 8.161492e+01
1.000000e+02, 8.036960e+01
1.000000e+02, 7.913889e+01
1.000000e+02, 7.792236e+01
1.000000e+02, 7.671963e+01
1.000000e+02, 7.553032e+01
1.000000e+02, 7.435409e+01
1.000000e+02, 7.319059e+01
1.000000e+02, 7.203951e+01
1.000000e+02, 7.090052e+01
1.000000e+02, 6.977334e+01
1.000000e+02, 6.865769e+01
1.000000e+02, 6.755328e+01
1.000000e+02, 6.645987e+01
1.000000e+02, 6.537720e+01
1.000000e+02, 6.430503e+01
1.000000e+02, 6.324313e+01
1.000000e+02, 6.219127e+01
1.000000e+02, 6.114925e+01
1.000000e+02, 6.011687e+01
1.000000e+02, 5.909391e+01
1.000000e+02, 5.808019e+01
1.000000e+02, 5.707552e+01
1.000000e+02, 5.607974e+01
1.000000e+02, 5.509266e+01
1.000000e+02, 5.411411e+01
1.000000e+02, 5.314395e+01
1.000000e+02, 5.218202e+01
1.000000e+02, 5.122816e+01
1.000000e+02, 5.028223e+01
1.000000e+02, 4.934409e+01
1.000000e+02, 4.841360e+01
1.000000e+02, 4.749063e+01
1.000000e+02, 4.657506e+01
1.000000e+02, 4.566676e+01
1.000000e+02, 4.476561e+01
1.000000e+02, 4.387149e+01
1.000000e+02, 4.298429e+01
1.000000e+02, 4.210390e+01
1.000000e+02, 4.123022e+01
1.000000e+02, 4.036313e+01
1.000000e+02, 3.950254e+01
1.000000e+02, 3.864836e+01
1.000000e+02, 3.780047e+01
1.000000e+02, 3.695880e+01
1.000000e+02, 3.612325e+01
1.000000e+02, 3.529374e+01
1.000000e+02, 3.447017e+01
1.000000e+02, 3.365247e+01
1.000000e+02, 3.284055e+01
1.000000e+02, 3.203433e+01
1.000000e+02, 3.123374e+01
1.000000e+02, 3.043870e+01
1.000000e+02, 2.964914e+01
1.000000e+02, 2.886498e+01
1.000000e+02, 2.808616e+01
1.000000e+02, 2.731261e+01
1.000000e+02, 2.654425e+01
1.000000e+02, 2.578103e+01
1.000000e+02, 2.502288e+01
1.000000e+02, 2.426974e+01
1.000000e+02, 2.352155e+01
1.000000e+02, 2.277825e+01
1.000000e+02, 2.203978e+01
1.000000e+02, 2.130608e+01
1.000000e+02, 2.057710e+01
1.000000e+02, 1.985279e+01
1.000000e+02, 1.913308e+01
1.000000e+02, 1.841793e+01
1.000000e+02, 1.770729e+01
1.000000e+02, 1.700111e+01
1.000000e+02, 1.629934e+01
1.000000e+02, 1.560193e+01
1.000000e+02, 1.490883e+01
1.000000e+02, 1.422000e+01
1.000000e+02, 1.353540e+01
1.000000e+02, 1.285497e+01
1.000000e+02, 1.217868e+01
1.000000e+02, 1.150648e+01
1.000000e+02, 1.083834e+01
1.000000e+02, 1.017420e+01
1.000000e+02, 9.514039e+00
1.000000e+02, 8.857809e+00
1.000000e+02, 8.205472e+00
1.000000e+02, 7.556991e+00
1.000000e+02, 6.912330e+00
1.000000e+02, 6.271451e+00
1.000000e+02, 5.634319e+00
1.000000e+02, 5.000899e+00
1.000000e+02, 4.371156e+00
1.000000e+02, 3.745058e+00
1.000000e+02, 3.122570e+00
1.000000e+02, 2.503661e+00
1.000000e+02, 1.888298e+00
1.000000e+02, 1.276449e+00
1.000000e+02, 6.680844e-01
1.000000e+02, 6.317334e-02
1.000000e+02, 3.594617e+02
1.000000e+02, 3.588636e+02
1.000000e+02, 3.582689e+02
1.000000e+02, 3.576775e+02
1.000000e+02, 3.570894e+02
1.000000e+02, 3.565046e+02
1.000000e+02, 3.559231e+02
1.000000e+02, 3.553447e+02
1.000000e+02, 3.547696e+02
1.000000e+02, 3.541977e+02
1.000000e+02, 3.536289e+02
1.000000e+02, 3.530632e+02
1.000000e+02, 3.525007e+02
1.000000e+02, 3.519412e+02
1.000000e+02, 3.513848e+02
1.000000e+02, 3.508314e+02
1.000000e+02, 3.502810e+02
1.000000e+02, 3.497336e+02
1.000000e+02, 3.491892e+02
1.000000e+02, 3.486477e+02
1.000000e+02, 3.481091e+02
1.000000e+02, 3.475735e+02
1.000000e+02, 3.470407e+02
1.000000e+02, 3.465107e+02
1.000000e+02, 3.459836e+02
1.000000e+02, 3.454593e+02
1.000000e+02, 3.449378e+02
1.000000e+02, 3.444191e+02
1.000000e+02, 3.439032e+02
1.000000e+02, 3.433900e+02
1.000000e+02, 3.428795e+02
1.000000e+02, 3.423717e+02
1.000000e+02, 3.418666e+02
1.000000e+02, 3.413642e+02
1.000000e+02, 3.408644e+02
1.000000e+02, 3.403672e+02
1.000000e+02, 3.398727e+02
1.000000e+02, 3.393807e+02
1.000000e+02, 3.388914e+02
1.000000e+02, 3.384046e+02
1.000000e+02, 3.379203e+02
1.000000e+02, 3.374386e+02
1.000000e+02, 3.369594e+02
1.000000e+02, 3.364827e+02
1.000000e+02, 3.360085e+02
1.000000e+02, 3.355368e+02
1.000000e+02, 3.350675e+02
1.000000e+02, 3.346007e+02
1.000000e+02, 3.341362e+02
1.000000e+02, 3.336742e+02
1.000000e+02, 3.332146e+02
1.000000e+02, 3.327574e+02
1.000000e+02, 3.323026e+02
1.000000e+02, 3.318501e+02
1.000000e+02, 3.313999e+02
1.000000e+02, 3.309521e+02
1.000000e+02, 3.305066e+02
1.000000e+02, 3.300634e+02
1.000000e+02, 3.296225e+02
1.000000e+02, 3.291839e+02
1.000000e+02, 3.287476e+02
1.000000e+02, 3.283135e+02
1.000000e+02, 3.278816e+02
1.000000e+02, 3.274520e+02
1.000000e+02, 3.270246e+02
1.000000e+02, 3.265994e+02
1.000000e+02, 3.261764e+02
1.000000e+02, 3.257555e+02
1.000000e+02, 3.253369e+02
1.000000e+02, 3.249204e+02
1.000000e+02, 3.245060e+02
1.000000e+02, 3.240938e+02
1.000000e+02, 3.236838e+02
1.000000e+02, 3.232758e+02
1.000000e+02, 3.228700e+02
1.000000e+02, 3.224662e+02
1.000000e+02, 3.220646e+02
1.000000e+02, 3.216650e+02
1.000000e+02, 3.212674e+02
1.000000e+02, 3.208720e+02
1.000000e+02, 3.204786e+02
1.000000e+02, 3.200872e+02
1.000000e+02, 3.196978e+02
1.000000e+02, 3.193105e+02
1.000000e+02, 3.189252e+02
1.000000e+02, 3.185418e+02
1.000000e+02, 3.181605e+02
1.000000e+02, 3.177812e+02
1.000000e+02, 3.174038e+02
1.000000e+02, 3.170284e+02
1.000000e+02, 3.166549e+02
1.000000e+02, 3.162834e+02
1.000000e+02, 3.159138e+02
1.000000e+02, 3.155462e+02
1.000000e+02, 3.151804e+02
1.000000e+02, 3.148166e+02
1.000000e+02, 3.144547e+02
1.000000e+02, 3.140947e+02
1.000000e+02, 3.137366e+02
1.000000e+02, 3.133803e+02
1.000000e+02, 3.130259e+02
1.000000e+02, 3.126734e+02
1.000000e+02, 3.123228e+02
1.000000e+02, 3.119740e+02
1.000000e+02, 3.116270e+02
1.000000e+02, 3.112819e+02
1.000000e+02, 3.109386e+02
1.000000e+02, 3.105971e+02
1.000000e+02, 3.102574e+02
1.000000e+02, 3.099196e+02
1.000000e+02, 3.095835e+02
1.000000e+02, 3.092493e+02
1.000000e+02, 3.089168e+02
1.000000e+02, 3.085861e+02
1.000000e+02, 3.082571e+02
1.000000e+02, 3.079300e+02
1.000000e+02, 3.076046e+02
1.000000e+02, 3.072809e+02
1.000000e+02, 3.069590e+02
1.000000e+02, 3.066388e+02
1.000000e+02, 3.063204e+02
1.000000e+02, 3.060036e+02
1.000000e+02, 3.056886e+02
1.000000e+02, 3.053753e+02
1.000000e+02, 3.050638e+02
1.000000e+02, 3.047539e+02
1.000000e+02, 3.044457e+02
1.000000e+02, 3.041392e+02
1.000000e+02, 3.038344e+02
1.000000e+02, 3.035313e+02
1.000000e+02, 3.032298e+02
1.000000e+02, 3.029300e+02
1.000000e+02, 3.026319e+02
1.000000e+02, 3.023354e+02
1.000000e+02, 3.020406e+02
1.000000e+02, 3.017474e+02
1.000000e+02, 3.014559e+02
1.000000e+02, 3.011660e+02
1.000000e+02, 3.008777e+02
1.000000e+02, 3.005910e+02
1.000000e+02, 3.003060e+02
1.000000e+02, 3.000226e+02
1.000000e+02, 2.997407e+02
1.000000e+02, 2.994605e+02
1.000000e+02, 2.991819e+02
1.000000e+02, 2.989049e+02
1.000000e+02, 2.986294e+02
1.000000e+02, 2.983556e+02
1.000000e+02, 2.980833e+02
1.000000e+02, 2.978126e+02
1.000000e+02, 2.975435e+02
1.000000e+02, 2.972759e+02
1.000000e+02, 2.970099e+02
1.000000e+02, 2.967455e+02
1.000000e+02, 2.964825e+02
1.000000e+02, 2.962212e+02
1.000000e+02, 2.959614e+02
1.000000e+02, 2.957031e+02
1.000000e+02, 2.954463e+02
1.000000e+02, 2.951911e+02
1.000000e+02, 2.949374e+02
1.000000e+02, 2.946853e+02
1.000000e+02, 2.944346e+02
1.000000e+02, 2.941855e+02
1.000000e+02, 2.939378e+02
1.000000e+02, 2.936917e+02
1.000000e+02, 2.934471e+02
1.000000e+02, 2.932039e+02
1.000000e+02, 2.929623e+02
1.000000e+02, 2.927221e+02
1.000000e+02, 2.924834e+02
1.000000e+02, 2.922462e+02
1.000000e+02, 2.920105e+02
1.000000e+02, 2.917763e+02
1.000000e+02, 2.915435e+02
1.000000e+02, 2.913122e+02
1.000000e+02, 2.910823e+02
1.000000e+02, 2.908539e+02
1.000000e+02, 2.906270e+02
1.000000e+02, 2.904015e+02
1.000000e+02, 2.901775e+02
1.000000e+02, 2.899549e+02
1.000000e+02, 2.897337e+02
1.000000e+02, 2.895140e+02
1.000000e+02, 2.892957e+02
1.000000e+02, 2.890789e+02
1.000000e+02, 2.888634e+02
1.000000e+02, 2.886494e+02
1.000000e+02, 2.884368e+02
1.000000e+02, 2.882257e+02
1.000000e+02, 2.880159e+02
1.000000e+02, 2.878076e+02
1.000000e+02, 2.876006e+02
1.000000e+02, 2.873951e+02
1.000000e+02, 2.871910e+02
1.000000e+02, 2.869882e+02
1.000000e+02, 2.867869e+02
1.000000e+02, 2.865870e+02
1.000000e+02, 2.863884e+02
1.000000e+02, 2.861912e+02
1.000000e+02, 2.859955e+02
1.000000e+02, 2.858011e+02
1.000000e+02, 2.856080e+02
1.000000e+02, 2.854164e+02
1.000000e+02, 2.852261e+02
1.000000e+02, 2.850372e+02
1.000000e+02, 2.848497e+02
1.000000e+02, 2.846635e+02
1.000000e+02, 2.844787e+02
1.000000e+02, 2.842952e+02
1.000000e+02, 2.841131e+02
1.000000e+02, 2.839324e+02
1.000000e+02, 2.837530e+02
1.000000e+02, 2.835749e+02
1.000000e+02, 2.833982e+02
1.000000e+02, 2.832229e+02
1.000000e+02, 2.830488e+02
1.000000e+02, 2.828762e+02
1.000000e+02, 2.827048e+02
1.000000e+02, 2.825348e+02
1.000000e+02, 2.823661e+02
1.000000e+02, 2.821988e+02
1.000000e+02, 2.820328e+02
1.000000e+02, 2.818681e+02
1.000000e+02, 2.817047e+02
1.000000e+02, 2.815426e+02
1.000000e+02, 2.813819e+02
1.000000e+02, 2.812225e+02
1.000000e+02, 2.810644e+02
1.000000e+02, 2.809076e+02
1.000000e+02, 2.807521e+02
1.000000e+02, 2.805979e+02
1.000000e+02, 2.804450e+02
1.000000e+02, 2.802935e+02
1.000000e+02, 2.801432e+02
1.000000e+02, 2.799942e+02
1.000000e+02, 2.798466e+02
1.000000e+02, 2.797002e+02
1.000000e+02, 2.795551e+02
1.000000e+02, 2.794113e+02
1.000000e+02, 2.792688e+02
1.000000e+02, 2.791276e+02
1.000000e+02, 2.789876e+02
1.000000e+02, 2.788490e+02
1.000000e+02, 2.787116e+02
1.000000e+02, 2.785755e+02
1.000000e+02, 2.784407e+02
1.000000e+02, 2.783072e+02
1.000000e+02, 2.781749e+02
1.000000e+02, 2.780439e+02
1.000000e+02, 2.779142e+02
1.000000e+02, 2.777857e+02
1.000000e+02, 2.776586e+02
1.000000e+02, 2.775326e+02
1.000000e+02, 2.774080e+02
1.000000e+02, 2.772846e+02
1.000000e+02, 2.771625e+02
1.000000e+02, 2.770416e+02
1.000000e+02, 2.769220e+02
1.000000e+02, 2.768036e+02
1.000000e+02, 2.766865e+02
1.000000e+02, 2.765707e+02
1.000000e+02, 2.764561e+02
1.000000e+02, 2.763427e+02
1.000000e+02, 2.762306e+02
1.000000e+02, 2.761198e+02
1.000000e+02, 2.760102e+02
1.000000e+02, 2.759018e+02
1.000000e+02, 2.757947e+02
1.000000e+02, 2.756888e+02
1.000000e+02, 2.755842e+02
1.000000e+02, 2.754808e+02
1.000000e+02, 2.753787e+02
1.000000e+02, 2.752777e+02
1.000000e+02, 2.751781e+02
1.000000e+02, 2.750796e+02
1.000000e+02, 2.749824e+02
1.000000e+02, 2.748864e+02
1.000000e+02, 2.747917e+02
1.000000e+02, 2.746981e+02
1.000000e+02, 2.746058e+02
1.000000e+02, 2.745148e+02
1.000000e+02, 2.744249e+02
1.000000e+02, 2.743363e+02
1.000000e+02, 2.742489e+02
1.000000e+02, 2.741627e+02
1.000000e+02, 2.740778e+02
1.000000e+02, 2.739940e+02
1.000000e+02, 2.739115e+02
1.000000e+02, 2.738302e+02
1.000000e+02, 2.737502e+02
1.000000e+02, 2.736713e+02
1.000000e+02, 2.735937e+02
1.000000e+02, 2.735172e+02
1.000000e+02, 2.734420e+02
1.000000e+02, 2.733680e+02
1.000000e+02, 2.732952e+02
1.000000e+02, 2.732236e+02
1.000000e+02, 2.731533e+02
1.000000e+02, 2.730841e+02
1.000000e+02, 2.730161e+02
1.000000e+02, 2.729494e+02
1.000000e+02, 2.728839e+02
1.000000e+02, 2.728195e+02
1.000000e+02, 2.727564e+02
1.000000e+02, 2.726945e+02
1.000000e+02, 2.726337e+02
1.000000e+02, 2.725742e+02
1.000000e+02, 2.725159e+02
1.000000e+02, 2.724588e+02
1.000000e+02, 2.724029e+02
1.000000e+02, 2.723482e+02
1.000000e+02, 2.722946e+02
1.000000e+02, 2.722423e+02
1.000000e+02, 2.721912e+02
1.000000e+02, 2.721413e+02
1.000000e+02, 2.720926e+02
1.000000e+02, 2.720450e+02
1.000000e+02, 2.719987e+02
1.000000e+02, 2.719536e+02
1.000000e+02, 2.719096e+02
1.000000e+02, 2.718669e+02
1.000000e+02, 2.718253e+02
1.000000e+02, 2.717849e+02
1.000000e+02, 2.717458e+02
1.000000e+02, 2.717078e+02
1.000000e+02, 2.716710e+02
1.000000e+02, 2.716354e+02
1.000000e+02, 2.716010e+02
1.000000e+02, 2.715678e+02
1.000000e+02, 2.715357e+02
1.000000e+02, 2.715049e+02
1.000000e+02, 2.714753e+02
1.000000e+02, 2.714468e+02
1.000000e+02, 2.714195e+02
1.000000e+02, 2.713934e+02
1.000000e+02, 2.713685e+02
1.000000e+02, 2.713448e+02
1.000000e+02, 2.713223e+02
1.000000e+02, 2.713010e+02
1.000000e+02, 2.712808e+02
1.000000e+02, 2.712619e+02
1.000000e+02, 2.712441e+02
1.000000e+02, 2.712275e+02
1.000000e+02, 2.712121e+02
1.000000e+02, 2.711979e+02
1.000000e+02, 2.711849e+02
1.000000e+02, 2.711730e+02
1.000000e+02, 2.711623e+02
1.000000e+02, 2.711529e+02
1.000000e+02, 2.711446e+02
1.000000e+02, 2.711375e+02
1.000000e+02, 2.711315e+02
1.000000e+02, 2.711268e+02
1.000000e+02, 2.711233e+02
1.000000e+02, 2.711209e+02
1.000000e+02, 2.711197e+02
1.000000e+02, 2.711197e+02
1.000000e+02, 2.711209e+02
1.000000e+02, 2.711233e+02
1.000000e+02, 2.711268e+02
1.000000e+02, 2.711315e+02
1.000000e+02, 2.711375e+02
1.000000e+02, 2.711446e+02
1.000000e+02, 2.711529e+02
1.000000e+02, 2.711623e+02
1.000000e+02, 2.711730e+02
1.000000e+02, 2.711849e+02
1.000000e+02, 2.711979e+02
1.000000e+02, 2.712121e+02
1.000000e+02, 2.712275e+02
1.000000e+02, 2.712441e+02
1.000000e+02, 2.712619e+02
1.000000e+02, 2.712808e+02
1.000000e+02, 2.713010e+02
1.000000e+02, 2.713223e+02
1.000000e+02, 2.713448e+02
1.000000e+02, 2.713685e+02
1.000000e+02, 2.713934e+02
1.000000e+02, 2.714195e+02
1.000000e+02, 2.714468e+02
1.000000e+02, 2.714753e+02
1.000000e+02, 2.715049e+02
1.000000e+02, 2.715357e+02
1.000000e+02, 2.715678e+02
1.000000e+02, 2.716010e+02
1.000000e+02, 2.716354e+02
1.000000e+02, 2.716710e+02
1.000000e+02, 2.717078e+02
1.000000e+02, 2.717458e+02
1.000000e+02, 2.717849e+02
1.000000e+02, 2.718253e+02
1.000000e+02, 2.718669e+02
1.000000e+02, 2.719096e+02
1.000000e+02, 2.719536e+02
1.000000e+02, 2.719987e+02
1.000000e+02, 2.720450e+02
1.000000e+02, 2.720926e+02
1.000000e+02, 2.721413e+02
1.000000e+02, 2.721912e+02
1.000000e+02, 2.722423e+02
1.000000e+02, 2.722946e+02
1.000000e+02, 2.723482e+02
1.000000e+02, 2.724029e+02
1.000000e+02, 2.724588e+02
1.000000e+02, 2.725159e+02
1.000000e+02, 2.725742e+02
1.000000e+02, 2.726337e+02
1.000000e+02, 2.726945e+02
1.000000e+02, 2.727564e+02
1.000000e+02, 2.728195e+02
1.000000e+02, 2.728839e+02
1.000000e+02, 2.729494e+02
1.000000e+02, 2.730161e+02
1.000000e+02, 2.730841e+02
1.000000e+02, 2.731533e+02
1.000000e+02, 2.732236e+02
1.000000e+02, 2.732952e+02
1.000000e+02, 2.733680e+02
1.000000e+02, 2.734420e+02
1.000000e+02, 2.735172e+02
1.000000e+02, 2.735937e+02
1.000000e+02, 2.736713e+02
1.000000e+02, 2.737502e+02
1.000000e+02, 2.738302e+02
1.000000e+02, 2.739115e+02
1.000000e+02, 2.739940e+02
1.000000e+02, 2.740778e+02
1.000000e+02, 2.741627e+02
1.000000e+02, 2.742489e+02
1.000000e+02, 2.743363e+02
1.000000e+02, 2.744249e+02
1.000000e+02, 2.745148e+02
1.000000e+02, 2.746058e+02
1.000000e+02, 2.746981e+02
1.000000e+02, 2.747917e+02
1.000000e+02, 2.748864e+02
1.000000e+02, 2.749824e+02
1.000000e+02, 2.750796e+02
1.000000e+02, 2.751781e+02
1.000000e+02, 2.752777e+02
1.000000e+02, 2.753787e+02
1.000000e+02, 2.754808e+02
1.000000e+02, 2.755842e+02
1.000000e+02, 2.756888e+02
1.000000e+02, 2.757947e+02
1.000000e+02, 2.759018e+02
1.000000e+02, 2.760102e+02
1.000000e+02, 2.761198e+02
1.000000e+02, 2.762306e+02
1.000000e+02, 2.763427e+02
1.000000e+02, 2.764561e+02
1.000000e+02, 2.765707e+02
1.000000e+02, 2.766865e+02
1.000000e+02, 2.768036e+02
1.000000e+02, 2.769220e+02
1.000000e+02, 2.770416e+02
1.000000e+02, 2.771625e+02
1.000000e+02, 2.772846e+02
1.000000e+02, 2.774080e+02
1.000000e+02, 2.775326e+02
1.000000e+02, 2.776586e+02
1.000000e+02, 2.777857e+02
1.000000e+02, 2.779142e+02
1.000000e+02, 2.780439e+02
1.000000e+02, 2.781749e+02
1.000000e+02, 2.783072e+02
1.000000e+02, 2.784407e+02
1.000000e+02, 2.785755e+02
1.000000e+02, 2.787116e+02
1.000000e+02, 2.788490e+02
1.000000e+02, 2.789876e+02
1.000000e+02, 2.791276e+02
1.000000e+02, 2.792688e+02
1.000000e+02, 2.794113e+02
1.000000e+02, 2.795551e+02
1.000000e+02, 2.797002e+02
1.000000e+02, 2.798466e+02
1.000000e+02, 2.799942e+02
1.000000e+02, 2.801432e+02
1.000000e+02, 2.802935e+02
1.000000e+02, 2.804450e+02
1.000000e+02, 2.805979e+02
1.000000e+02, 2.807521e+02
1.000000e+02, 2.809076e+02
1.000000e+02, 2.810644e+02
1.000000e+02, 2.812225e+02
1.000000e+02, 2.813819e+02
1.000000e+02, 2.815426e+02
1.000000e+02, 2.817047e+02
1.000000e+02, 2.818681e+02
1.000000e+02, 2.820328e+02
1.000000e+02, 2.821988e+02
1.000000e+02, 2.823661e+02
1.000000e+02, 2.825348e+02
1.000000e+02, 2.827048e+02
1.000000e+02, 2.828762e+02
1.000000e+02, 2.830488e+02
1.000000e+02, 2.832229e+02
1.000000e+02, 2.833982e+02
1.000000e+02, 2.835749e+02
1.000000e+02, 2.837530e+02
1.000000e+02, 2.839324e+02
1.000000e+02, 2.841131e+02
1.000000e+02, 2.842952e+02
1.000000e+02, 2.844787e+02
1.000000e+02, 2.846635e+02
1.000000e+02, 2.848497e+02
1.000000e+02, 2.850372e+02
1.000000e+02, 2.852261e+02
1.000000e+02, 2.854164e+02
1.000000e+02, 2.856080e+02
1.000000e+02, 2.858011e+02
1.000000e+02, 2.859955e+02
1.000000e+02, 2.861912e+02
1.000000e+02, 2.863884e+02
1.000000e+02, 2.865870e+02
1.000000e+02, 2.867869e+02
1.000000e+02, 2.869882e+02
1.000000e+02, 2.871910e+02
1.000000e+02, 2.873951e+02
1.000000e+02, 2.876006e+02
1.000000e+02, 2.878076e+02
1.000000e+02, 2.880159e+02
1.000000e+02, 2.882257e+02
1.000000e+02, 2.884368e+02
1.000000e+02, 2.886494e+02
1.000000e+02, 2.888634e+02
1.000000e+02, 2.890789e+02
1.000000e+02, 2.892957e+02
1.000000e+02, 2.895140e+02
1.000000e+02, 2.897337e+02
1.000000e+02, 2.899549e+02
1.000000e+02, 2.901775e+02
1.000000e+02, 2.904015e+02
1.000000e+02, 2.906270e+02
1.000000e+02, 2.908539e+02
1.000000e+02, 2.910823e+02
1.000000e+02, 2.913122e+02
1.000000e+02, 2.915435e+02
1.000000e+02, 2.917763e+02
1.000000e+02, 2.920105e+02
1.000000e+02, 2.922462e+02
1.000000e+02, 2.924834e+02
1.000000e+02, 2.927221e+02
1.000000e+02, 2.929623e+02
1.000000e+02, 2.932039e+02
1.000000e+02, 2.934471e+02
1.000000e+02, 2.936917e+02
1.000000e+02, 2.939378e+02
1.000000e+02, 2.941855e+02
1.000000e+02, 2.944346e+02
1.000000e+02, 2.946853e+02
1.000000e+02, 2.949374e+02
1.000000e+02, 2.951911e+02
1.000000e+02, 2.954463e+02
1.000000e+02, 2.957031e+02
1.000000e+02, 2.959614e+02
1.000000e+02, 2.962212e+02
1.000000e+02, 2.964825e+02
1.000000e+02, 2.967455e+02
1.000000e+02, 2.970099e+02
1.000000e+02, 2.972759e+02
1.000000e+02, 2.975435e+02
1.000000e+02, 2.978126e+02
1.000000e+02, 2.980833e+02
1.000000e+02, 2.983556e+02
1.000000e+02, 2.986294e+02
1.000000e+02, 2.989049e+02
1.000000e+02, 2.991819e+02
1.000000e+02, 2.994605e+02
1.000000e+02, 2.997407e+02
1.000000e+02, 3.000226e+02
1.000000e+02, 3.003060e+02
1.000000e+02, 3.005910e+02
1.000000e+02, 3.008777e+02
1.000000e+02, 3.011660e+02
1.000000e+02, 3.014559e+02
1.000000e+02, 3.017474e+02
1.000000e+02, 3.020406e+02
1.000000e+02, 3.023354e+02
1.000000e+02, 3.026319e+02
1.000000e+02, 3.029300e+02
1.000000e+02, 3.032298e+02
1.000000e+02, 3.035313e+02
1.000000e+02, 3.038344e+02
1.000000e+02, 3.041392e+02
1.000000e+02, 3.044457e+02
1.000000e+02, 3.047539e+02
1.000000e+02, 3.050638e+02
1.000000e+02, 3.053753e+02
1.000000e+02, 3.056886e+02
1.000000e+02, 3.060036e+02
1.000000e+02, 3.063204e+02
1.000000e+02, 3.066388e+02
1.000000e+02, 3.069590e+02
1.000000e+02, 3.072809e+02
1.000000e+02, 3.076046e+02
1.000000e+02, 3.079300e+02
1.000000e+02, 3.082571e+02
1.000000e+02, 3.085861e+02
1.000000e+02, 3.089168e+02
1.000000e+02, 3.092493e+02
1.000000e+02, 3.095835e+02
1.000000e+02, 3.099196e+02
1.000000e+02, 3.102574e+02
1.000000e+02, 3.105971e+02
1.000000e+02, 3.109386e+02
1.000000e+02, 3.112819e+02
1.000000e+02, 3.116270e+02
1.000000e+02, 3.119740e+02
1.000000e+02, 3.123228e+02
1.000000e+02, 3.126734e+02
1.000000e+02, 3.130259e+02
1.000000e+02, 3.133803e+02
1.000000e+02, 3.137366e+02
1.000000e+02, 3.140947e+02
1.000000e+02, 3.144547e+02
1.000000e+02, 3.148166e+02
1.000000e+02, 3.151804e+02
1.000000e+02, 3.155462e+02
1.000000e+02, 3.159138e+02
1.000000e+02, 3.162834e+02
1.000000e+02, 3.166549e+02
1.000000e+02, 3.170284e+02
1.000000e+02, 3.174038e+02
1.000000e+02, 3.177812e+02
1.000000e+02, 3.181605e+02
1.000000e+02, 3.185419e+02
1.000000e+02, 3.189252e+02
1.000000e+02, 3.193105e+02
1.000000e+02, 3.196978e+02
1.000000e+02, 3.200872e+02
1.000000e+02, 3.204786e+02
1.000000e+02, 3.208720e+02
1.000000e+02, 3.212674e+02
1.000000e+02, 3.216650e+02
1.000000e+02, 3.220646e+02
1.000000e+02, 3.224662e+02
1.000000e+02, 3.228700e+02
1.000000e+02, 3.232758e+02
1.000000e+02, 3.236838e+02
1.000000e+02, 3.240938e+02
1.000000e+02, 3.245060e+02
1.000000e+02, 3.249204e+02
1.000000e+02, 3.253369e+02
1.000000e+02, 3.257555e+02
1.000000e+02, 3.261764e+02
1.000000e+02, 3.265994e+02
1.000000e+02, 3.270246e+02
1.000000e+02, 3.274520e+02
1.000000e+02, 3.278816e+02
1.000000e+02, 3.283135e+02
1.000000e+02, 3.287476e+02
1.000000e+02, 3.291839e+02
1.000000e+02, 3.296225e+02
1.000000e+02, 3.300634e+02
1.000000e+02, 3.305066e+02
1.000000e+02, 3.309521e+02
1.000000e+02, 3.313999e+02
1.000000e+02, 3.318501e+02
1.000000e+02, 3.323026e+02
1.000000e+02, 3.327574e+02
1.000000e+02, 3.332146e+02
1.000000e+02, 3.336742e+02
1.000000e+02, 3.341362e+02
1.000000e+02, 3.346007e+02
1.000000e+02, 3.350675e+02
1.000000e+02, 3.355368e+02
1.000000e+02, 3.360085e+02
1.000000e+02, 3.364827e+02
1.000000e+02, 3.369594e+02
1.000000e+02, 3.374386e+02
1.000000e+02, 3.379203e+02
1.000000e+02, 3.384046e+02
1.000000e+02, 3.388914e+02
1.000000e+02, 3.393807e+02
1.000000e+02, 3.398727e+02
1.000000e+02, 3.403672e+02
1.000000e+02, 3.408644e+02
1.000000e+02, 3.413642e+02
1.000000e+02, 3.418666e+02
1.000000e+02, 3.423717e+02
1.000000e+02, 3.428795e+02
1.000000e+02, 3.433900e+02
1.000000e+02, 3.439032e+02
1.000000e+02, 3.444191e+02
1.000000e+02, 3.449378e+02
1.000000e+02, 3.454593e+02
1.000000e+02, 3.459836e+02
1.000000e+02, 3.465107e+02
1.000000e+02, 3.470407e+02
1.000000e+02, 3.475735e+02
1.000000e+02, 3.481091e+02
1.000000e+02, 3.486477e+02
1.000000e+02, 3.491892e+02
1.000000e+02, 3.497336e+02
1.000000e+02, 3.502810e+02
1.000000e+02, 3.508314e+02
1.000000e+02, 3.513848e+02
1.000000e+02, 3.519412e+02
1.000000e+02, 3.525007e+02
1.000000e+02, 3.530632e+02
1.000000e+02, 3.536289e+02
1.000000e+02, 3.541977e+02
1.000000e+02, 3.547696e+02
1.000000e+02, 3.553447e+02
1.000000e+02, 3.559231e+02
1.000000e+02, 3.565046e+02
1.000000e+02, 3.570894e+02
1.000000e+02, 3.576775e+02
1.000000e+02, 3.582689e+02
1.000000e+02, 3.588636e+02
1.000000e+02, 3.594617e+02
1.000000e+02, 6.317564e-02
1.000000e+02, 6.680867e-01
1.000000e+02, 1.276451e+00
1.000000e+02, 1.888300e+00
1.000000e+02, 2.503663e+00
1.000000e+02, 3.122573e+00
1.000000e+02, 3.745060e+00
1.000000e+02, 4.371159e+00
1.000000e+02, 5.000901e+00
1.000000e+02, 5.634321e+00
1.000000e+02, 6.271453e+00
1.000000e+02, 6.912332e+00
1.000000e+02, 7.556994e+00
1.000000e+02, 8.205475e+00
1.000000e+02, 8.857811e+00
1.000000e+02, 9.514042e+00
1.000000e+02, 1.017420e+01
1.000000e+02, 1.083834e+01
1.000000e+02, 1.150648e+01
1.000000e+02, 1.217868e+01
1.000000e+02, 1.285497e+01
1.000000e+02, 1.353540e+01
1.000000e+02, 1.422000e+01
1.000000e+02, 1.490883e+01
1.000000e+02, 1.560193e+01
1.000000e+02, 1.629934e+01
1.000000e+02, 1.700112e+01
1.000000e+02, 1.770730e+01
1.000000e+02, 1.841794e+01
1.000000e+02, 1.913308e+01
1.000000e+02, 1.985279e+01
1.000000e+02, 2.057710e+01
1.000000e+02, 2.130608e+01
1.000000e+02, 2.203978e+01
1.000000e+02, 2.277825e+01
1.000000e+02, 2.352156e+01
1.000000e+02, 2.426975e+01
1.000000e+02, 2.502289e+01
1.000000e+02, 2.578103e+01
1.000000e+02, 2.654425e+01
1.000000e+02, 2.731261e+01
1.000000e+02, 2.808616e+01
1.000000e+02, 2.886498e+01
1.000000e+02, 2.964914e+01
1.000000e+02, 3.043870e+01
1.000000e+02, 3.123374e+01
1.000000e+02, 3.203433e+01
1.000000e+02, 3.284055e+01
1.000000e+02, 3.365247e+01
1.000000e+02, 3.447017e+01
1.000000e+02, 3.529374e+01
1.000000e+02, 3.612326e+01
1.000000e+02, 3.695881e+01
1.000000e+02, 3.780048e+01
1.000000e+02, 3.864836e+01
1.000000e+02, 3.950255e+01
1.000000e+02, 4.036313e+01
1.000000e+02, 4.123022e+01
1.000000e+02, 4.210390e+01
1.000000e+02, 4.298429e+01
1.000000e+02, 4.387149e+01
1.000000e+02, 4.476561e+01
1.000000e+02, 4.566676e+01
1.000000e+02, 4.657506e+01
1.000000e+02, 4.749064e+01
1.000000e+02, 4.841360e+01
1.000000e+02, 4.934409e+01
1.000000e+02, 5.028223e+01
1.000000e+02, 5.122816e+01
1.000000e+02, 5.218202e+01
1.000000e+02, 5.314396e+01
1.000000e+02, 5.411412e+01
1.000000e+02, 5.509266e+01
1.000000e+02, 5.607974e+01
1.000000e+02, 5.707553e+01
1.000000e+02, 5.808019e+01
1.000000e+02, 5.909391e+01
1.000000e+02, 6.011687e+01
1.000000e+02, 6.114926e+01
1.000000e+02, 6.219128e+01
1.000000e+02, 6.324313e+01
1.000000e+02, 6.430503e+01
1.000000e+02, 6.537720e+01
1.000000e+02, 6.645987e+01
1.000000e+02, 6.755329e+01
1.000000e+02, 6.865769e+01
1.000000e+02, 6.977335e+01
1.000000e+02, 7.090052e+01
1.000000e+02, 7.203951e+01
1.000000e+02, 7.319060e+01
1.000000e+02, 7.435409e+01
1.000000e+02, 7.553032e+01
1.000000e+02, 7.671963e+01
1.000000e+02, 7.792236e+01
1.000000e+02, 7.913889e+01
1.000000e+02, 8.036961e+01
1.000000e+02, 8.161492e+01
1.000000e+02, 8.287526e+01
1.000000e+02, 8.415108e+01
1.000000e+02, 8.544286e+01
1.000000e+02, 8.675110e+01
1.000000e+02, 8.807634e+01
1.000000e+02, 8.941912e+01
1.000000e+02, 9.078006e+01
1.000000e+02, 9.215979e+01
1.000000e+02, 9.355896e+01
1.000000e+02, 9.497829e+01
1.000000e+02, 9.641855e+01
1.000000e+02, 9.788055e+01
1.000000e+02, 9.936514e+01
1.000000e+02, 1.008732e+02
1.000000e+02, 1.024059e+02
1.000000e+02, 1.039641e+02
1.000000e+02, 1.055490e+02
1.000000e+02, 1.071620e+02
1.000000e+02, 1.088042e+02
1.000000e+02, 1.104772e+02
1.000000e+02, 1.121826e+02
1.000000e+02, 1.139220e+02
1.000000e+02, 1.156975e+02
1.000000e+02, 1.175110e+02
1.000000e+02, 1.193649e+02
1.000000e+02, 1.212617e+02
1.000000e+02, 1.232043e+02
1.000000e+02, 1.251957e+02
1.000000e+02, 1.272396e+02
1.000000e+02, 1.293400e+02
1.000000e+02, 1.315013e+02
1.000000e+02, 1.337289e+02
1.000000e+02, 1.360288e+02
1.000000e+02, 1.384080e+02
1.000000e+02, 1.408746e+02
1.000000e+02, 1.434386e+02
1.000000e+02, 1.461118e+02
1.000000e+02, 1.489085e+02
1.000000e+02, 1.518468e+02
1.000000e+02, 1.549497e+02
1.000000e+02, 1.582470e+02
1.000000e+02, 1.617792e+02
1.000000e+02, 1.656033e+02
1.000000e+02, 1.698043e+02
1.000000e+02, 1.745194e+02
1.000000e+02, 1.800000e+02
##END= 