##TITLE= /opt/topspin3.0/exp/stan/nmr/lists/wave/user/HypSec_trunc2.84_110
##JCAMP-DX= 5.00 Bruker JCAMP library
##DATA TYPE= Shape Data
##ORIGIN= Bruker BioSpin GmbH
##OWNER= <nmrsu>
##DATE= 15/02/24
##TIME= 16:15:04
##MINX= 1.164538e+01
##MAXX= 9.999960e+01
##MINY= 2.546774e-02
##MAXY= 3.585574e+02
##$SHAPE_EXMODE= Adiabatic
##$SHAPE_TOTROT= 1.800000e+02
##$SHAPE_BWFAC= 1.929340e+02
##$SHAPE_INTEGFAC= 2.356110e-02
##$SHAPE_MODE= 0
##NPOINTS= 1000
##XYPOINTS= (XY..XY)
1.000000e+02, 1.800000e+02
1.000000e+02, 1.718954e+02
1.000000e+02, 1.649227e+02
1.000000e+02, 1.587104e+02
1.000000e+02, 1.530553e+02
1.000000e+02, 1.478319e+02
1.000000e+02, 1.429559e+02
1.000000e+02, 1.383674e+02
1.000000e+02, 1.340222e+02
1.000000e+02, 1.298865e+02
1.000000e+02, 1.259335e+02
1.000000e+02, 1.221419e+02
1.000000e+02, 1.184942e+02
1.000000e+02, 1.149759e+02
1.000000e+02, 1.115749e+02
1.000000e+02, 1.082808e+02
1.000000e+02, 1.050845e+02
1.000000e+02, 1.019786e+02
1.000000e+02, 9.895609e+01
1.000000e+02, 9.601117e+01
1.000000e+02, 9.313856e+01
1.000000e+02, 9.033358e+01
1.000000e+02, 8.759206e+01
1.000000e+02, 8.491024e+01
1.000000e+02, 8.228472e+01
1.000000e+02, 7.971241e+01
1.000000e+02, 7.719053e+01
1.000000e+02, 7.471649e+01
1.000000e+02, 7.228797e+01
1.000000e+02, 6.990281e+01
1.000000e+02, 6.755901e+01
1.000000e+02, 6.525474e+01
1.000000e+02, 6.298831e+01
1.000000e+02, 6.075813e+01
1.000000e+02, 5.856274e+01
1.000000e+02, 5.640077e+01
1.000000e+02, 5.427093e+01
1.000000e+02, 5.217203e+01
1.000000e+02, 5.010295e+01
1.000000e+02, 4.806264e+01
1.000000e+02, 4.605010e+01
1.000000e+02, 4.406440e+01
1.000000e+02, 4.210466e+01
1.000000e+02, 4.017005e+01
1.000000e+02, 3.825978e+01
1.000000e+02, 3.637311e+01
1.000000e+02, 3.450933e+01
1.000000e+02, 3.266778e+01
1.000000e+02, 3.084781e+01
1.000000e+02, 2.904882e+01
1.000000e+02, 2.727023e+01
1.000000e+02, 2.551151e+01
1.000000e+02, 2.377211e+01
1.000000e+02, 2.205154e+01
1.000000e+02, 2.034933e+01
1.000000e+02, 1.866501e+01
1.000000e+02, 1.699816e+01
1.000000e+02, 1.534834e+01
1.000000e+02, 1.371516e+01
1.000000e+02, 1.209823e+01
1.000000e+02, 1.049719e+01
1.000000e+02, 8.911677e+00
1.000000e+02, 7.341351e+00
1.000000e+02, 5.785883e+00
1.000000e+02, 4.244959e+00
1.000000e+02, 2.718273e+00
1.000000e+02, 1.205534e+00
1.000000e+02, 3.597065e+02
1.000000e+02, 3.582208e+02
1.000000e+02, 3.567482e+02
1.000000e+02, 3.552885e+02
1.000000e+02, 3.538415e+02
1.000000e+02, 3.524068e+02
1.000000e+02, 3.509843e+02
1.000000e+02, 3.495738e+02
1.000000e+02, 3.481749e+02
1.000000e+02, 3.467876e+02
1.000000e+02, 3.454116e+02
1.000000e+02, 3.440468e+02
1.000000e+02, 3.426928e+02
1.000000e+02, 3.413496e+02
1.000000e+02, 3.400170e+02
1.000000e+02, 3.386948e+02
1.000000e+02, 3.373828e+02
1.000000e+02, 3.360809e+02
1.000000e+02, 3.347889e+02
1.000000e+02, 3.335067e+02
1.000000e+02, 3.322341e+02
1.000000e+02, 3.309709e+02
1.000000e+02, 3.297171e+02
1.000000e+02, 3.284724e+02
1.000000e+02, 3.272368e+02
1.000000e+02, 3.260101e+02
1.000000e+02, 3.247923e+02
1.000000e+02, 3.235830e+02
1.000000e+02, 3.223824e+02
1.000000e+02, 3.211902e+02
1.000000e+02, 3.200063e+02
1.000000e+02, 3.188306e+02
1.000000e+02, 3.176630e+02
1.000000e+02, 3.165034e+02
1.000000e+02, 3.153517e+02
1.000000e+02, 3.142077e+02
1.000000e+02, 3.130715e+02
1.000000e+02, 3.119429e+02
1.000000e+02, 3.108217e+02
1.000000e+02, 3.097080e+02
1.000000e+02, 3.086016e+02
1.000000e+02, 3.075024e+02
1.000000e+02, 3.064103e+02
1.000000e+02, 3.053254e+02
1.000000e+02, 3.042473e+02
1.000000e+02, 3.031762e+02
1.000000e+02, 3.021119e+02
1.000000e+02, 3.010544e+02
1.000000e+02, 3.000035e+02
1.000000e+02, 2.989592e+02
1.000000e+02, 2.979214e+02
1.000000e+02, 2.968901e+02
1.000000e+02, 2.958652e+02
1.000000e+02, 2.948465e+02
1.000000e+02, 2.938342e+02
1.000000e+02, 2.928280e+02
1.000000e+02, 2.918279e+02
1.000000e+02, 2.908338e+02
1.000000e+02, 2.898458e+02
1.000000e+02, 2.888637e+02
1.000000e+02, 2.878874e+02
1.000000e+02, 2.869170e+02
1.000000e+02, 2.859523e+02
1.000000e+02, 2.849934e+02
1.000000e+02, 2.840401e+02
1.000000e+02, 2.830923e+02
1.000000e+02, 2.821501e+02
1.000000e+02, 2.812135e+02
1.000000e+02, 2.802822e+02
1.000000e+02, 2.793563e+02
1.000000e+02, 2.784358e+02
1.000000e+02, 2.775206e+02
1.000000e+02, 2.766106e+02
1.000000e+02, 2.757058e+02
1.000000e+02, 2.748061e+02
1.000000e+02, 2.739116e+02
1.000000e+02, 2.730221e+02
1.000000e+02, 2.721377e+02
1.000000e+02, 2.712582e+02
1.000000e+02, 2.703837e+02
1.000000e+02, 2.695140e+02
1.000000e+02, 2.686492e+02
1.000000e+02, 2.677892e+02
1.000000e+02, 2.669340e+02
1.000000e+02, 2.660836e+02
1.000000e+02, 2.652378e+02
1.000000e+02, 2.643967e+02
1.000000e+02, 2.635602e+02
1.000000e+02, 2.627283e+02
1.000000e+02, 2.619009e+02
1.000000e+02, 2.610781e+02
1.000000e+02, 2.602598e+02
1.000000e+02, 2.594459e+02
1.000000e+02, 2.586364e+02
1.000000e+02, 2.578313e+02
1.000000e+02, 2.570305e+02
1.000000e+02, 2.562341e+02
1.000000e+02, 2.554420e+02
1.000000e+02, 2.546541e+02
1.000000e+02, 2.538704e+02
1.000000e+02, 2.530909e+02
1.000000e+02, 2.523156e+02
1.000000e+02, 2.515444e+02
1.000000e+02, 2.507774e+02
1.000000e+02, 2.500144e+02
1.000000e+02, 2.492555e+02
1.000000e+02, 2.485006e+02
1.000000e+02, 2.477497e+02
1.000000e+02, 2.470027e+02
1.000000e+02, 2.462597e+02
1.000000e+02, 2.455206e+02
1.000000e+02, 2.447855e+02
1.000000e+02, 2.440541e+02
1.000000e+02, 2.433267e+02
1.000000e+02, 2.426030e+02
1.000000e+02, 2.418831e+02
1.000000e+02, 2.411670e+02
1.000000e+02, 2.404547e+02
1.000000e+02, 2.397460e+02
1.000000e+02, 2.390411e+02
1.000000e+02, 2.383399e+02
1.000000e+02, 2.376423e+02
1.000000e+02, 2.369483e+02
1.000000e+02, 2.362579e+02
1.000000e+02, 2.355712e+02
1.000000e+02, 2.348880e+02
1.000000e+02, 2.342083e+02
1.000000e+02, 2.335322e+02
1.000000e+02, 2.328596e+02
1.000000e+02, 2.321904e+02
1.000000e+02, 2.315248e+02
1.000000e+02, 2.308625e+02
1.000000e+02, 2.302037e+02
1.000000e+02, 2.295484e+02
1.000000e+02, 2.288964e+02
1.000000e+02, 2.282477e+02
1.000000e+02, 2.276025e+02
1.000000e+02, 2.269605e+02
1.000000e+02, 2.263219e+02
1.000000e+02, 2.256866e+02
1.000000e+02, 2.250545e+02
1.000000e+02, 2.244257e+02
1.000000e+02, 2.238002e+02
1.000000e+02, 2.231779e+02
1.000000e+02, 2.225588e+02
1.000000e+02, 2.219429e+02
1.000000e+02, 2.213301e+02
1.000000e+02, 2.207206e+02
1.000000e+02, 2.201142e+02
1.000000e+02, 2.195109e+02
1.000000e+02, 2.189107e+02
1.000000e+02, 2.183137e+02
1.000000e+02, 2.177197e+02
1.000000e+02, 2.171288e+02
1.000000e+02, 2.165409e+02
1.000000e+02, 2.159561e+02
1.000000e+02, 2.153744e+02
1.000000e+02, 2.147956e+02
1.000000e+02, 2.142198e+02
1.000000e+02, 2.136470e+02
1.000000e+02, 2.130772e+02
1.000000e+02, 2.125104e+02
1.000000e+02, 2.119465e+02
1.000000e+02, 2.113855e+02
1.000000e+02, 2.108274e+02
1.000000e+02, 2.102722e+02
1.000000e+02, 2.097200e+02
1.000000e+02, 2.091706e+02
1.000000e+02, 2.086241e+02
1.000000e+02, 2.080804e+02
1.000000e+02, 2.075395e+02
1.000000e+02, 2.070015e+02
1.000000e+02, 2.064663e+02
1.000000e+02, 2.059340e+02
1.000000e+02, 2.054044e+02
1.000000e+02, 2.048776e+02
1.000000e+02, 2.043535e+02
1.000000e+02, 2.038322e+02
1.000000e+02, 2.033137e+02
1.000000e+02, 2.027979e+02
1.000000e+02, 2.022848e+02
1.000000e+02, 2.017744e+02
1.000000e+02, 2.012668e+02
1.000000e+02, 2.007618e+02
1.000000e+02, 2.002595e+02
1.000000e+02, 1.997599e+02
1.000000e+02, 1.992629e+02
1.000000e+02, 1.987686e+02
1.000000e+02, 1.982769e+02
1.000000e+02, 1.977879e+02
1.000000e+02, 1.973015e+02
1.000000e+02, 1.968176e+02
1.000000e+02, 1.963364e+02
1.000000e+02, 1.958578e+02
1.000000e+02, 1.953818e+02
1.000000e+02, 1.949083e+02
1.000000e+02, 1.944374e+02
1.000000e+02, 1.939690e+02
1.000000e+02, 1.935032e+02
1.000000e+02, 1.930399e+02
1.000000e+02, 1.925791e+02
1.000000e+02, 1.921209e+02
1.000000e+02, 1.916652e+02
1.000000e+02, 1.912119e+02
1.000000e+02, 1.907612e+02
1.000000e+02, 1.903129e+02
1.000000e+02, 1.898671e+02
1.000000e+02, 1.894238e+02
1.000000e+02, 1.889829e+02
1.000000e+02, 1.885445e+02
1.000000e+02, 1.881085e+02
1.000000e+02, 1.876750e+02
1.000000e+02, 1.872438e+02
1.000000e+02, 1.868151e+02
1.000000e+02, 1.863888e+02
1.000000e+02, 1.859649e+02
1.000000e+02, 1.855434e+02
1.000000e+02, 1.851243e+02
1.000000e+02, 1.847075e+02
1.000000e+02, 1.842931e+02
1.000000e+02, 1.838811e+02
1.000000e+02, 1.834715e+02
1.000000e+02, 1.830642e+02
1.000000e+02, 1.826592e+02
1.000000e+02, 1.822565e+02
1.000000e+02, 1.818562e+02
1.000000e+02, 1.814582e+02
1.000000e+02, 1.810626e+02
1.000000e+02, 1.806692e+02
1.000000e+02, 1.802781e+02
1.000000e+02, 1.798893e+02
1.000000e+02, 1.795028e+02
1.000000e+02, 1.791186e+02
1.000000e+02, 1.787367e+02
1.000000e+02, 1.783570e+02
1.000000e+02, 1.779796e+02
1.000000e+02, 1.776045e+02
1.000000e+02, 1.772315e+02
1.000000e+02, 1.768609e+02
1.000000e+02, 1.764924e+02
1.000000e+02, 1.761262e+02
1.000000e+02, 1.757623e+02
1.000000e+02, 1.754005e+02
1.000000e+02, 1.750409e+02
1.000000e+02, 1.746836e+02
1.000000e+02, 1.743285e+02
1.000000e+02, 1.739755e+02
1.000000e+02, 1.736247e+02
1.000000e+02, 1.732762e+02
1.000000e+02, 1.729298e+02
1.000000e+02, 1.725855e+02
1.000000e+02, 1.722435e+02
1.000000e+02, 1.719036e+02
1.000000e+02, 1.715658e+02
1.000000e+02, 1.712302e+02
1.000000e+02, 1.708968e+02
1.000000e+02, 1.705655e+02
1.000000e+02, 1.702363e+02
1.000000e+02, 1.699093e+02
1.000000e+02, 1.695843e+02
1.000000e+02, 1.692615e+02
1.000000e+02, 1.689409e+02
1.000000e+02, 1.686223e+02
1.000000e+02, 1.683058e+02
1.000000e+02, 1.679914e+02
1.000000e+02, 1.676792e+02
1.000000e+02, 1.673690e+02
1.000000e+02, 1.670609e+02
1.000000e+02, 1.667549e+02
1.000000e+02, 1.664509e+02
1.000000e+02, 1.661491e+02
1.000000e+02, 1.658493e+02
1.000000e+02, 1.655515e+02
1.000000e+02, 1.652559e+02
1.000000e+02, 1.649623e+02
1.000000e+02, 1.646707e+02
1.000000e+02, 1.643812e+02
1.000000e+02, 1.640937e+02
1.000000e+02, 1.638082e+02
1.000000e+02, 1.635248e+02
1.000000e+02, 1.632434e+02
1.000000e+02, 1.629641e+02
1.000000e+02, 1.626868e+02
1.000000e+02, 1.624114e+02
1.000000e+02, 1.621381e+02
1.000000e+02, 1.618668e+02
1.000000e+02, 1.615976e+02
1.000000e+02, 1.613303e+02
1.000000e+02, 1.610650e+02
1.000000e+02, 1.608017e+02
1.000000e+02, 1.605404e+02
1.000000e+02, 1.602811e+02
1.000000e+02, 1.600237e+02
1.000000e+02, 1.597684e+02
1.000000e+02, 1.595150e+02
1.000000e+02, 1.592636e+02
1.000000e+02, 1.590142e+02
1.000000e+02, 1.587667e+02
1.000000e+02, 1.585212e+02
1.000000e+02, 1.582776e+02
1.000000e+02, 1.580360e+02
1.000000e+02, 1.577964e+02
1.000000e+02, 1.575587e+02
1.000000e+02, 1.573230e+02
1.000000e+02, 1.570891e+02
1.000000e+02, 1.568573e+02
1.000000e+02, 1.566273e+02
1.000000e+02, 1.563993e+02
1.000000e+02, 1.561733e+02
1.000000e+02, 1.559491e+02
1.000000e+02, 1.557269e+02
1.000000e+02, 1.555066e+02
1.000000e+02, 1.552882e+02
1.000000e+02, 1.550718e+02
1.000000e+02, 1.548572e+02
1.000000e+02, 1.546446e+02
1.000000e+02, 1.544338e+02
1.000000e+02, 1.542250e+02
1.000000e+02, 1.540181e+02
1.000000e+02, 1.538130e+02
1.000000e+02, 1.536099e+02
1.000000e+02, 1.534086e+02
1.000000e+02, 1.532093e+02
1.000000e+02, 1.530118e+02
1.000000e+02, 1.528162e+02
1.000000e+02, 1.526225e+02
1.000000e+02, 1.524307e+02
1.000000e+02, 1.522407e+02
1.000000e+02, 1.520526e+02
1.000000e+02, 1.518664e+02
1.000000e+02, 1.516821e+02
1.000000e+02, 1.514996e+02
1.000000e+02, 1.513190e+02
1.000000e+02, 1.511403e+02
1.000000e+02, 1.509634e+02
1.000000e+02, 1.507884e+02
1.000000e+02, 1.506152e+02
1.000000e+02, 1.504439e+02
1.000000e+02, 1.502744e+02
1.000000e+02, 1.501068e+02
1.000000e+02, 1.499411e+02
1.000000e+02, 1.497771e+02
1.000000e+02, 1.496151e+02
1.000000e+02, 1.494548e+02
1.000000e+02, 1.492964e+02
1.000000e+02, 1.491399e+02
1.000000e+02, 1.489851e+02
1.000000e+02, 1.488322e+02
1.000000e+02, 1.486812e+02
1.000000e+02, 1.485319e+02
1.000000e+02, 1.483845e+02
1.000000e+02, 1.482389e+02
1.000000e+02, 1.480952e+02
1.000000e+02, 1.479532e+02
1.000000e+02, 1.478131e+02
1.000000e+02, 1.476748e+02
1.000000e+02, 1.475383e+02
1.000000e+02, 1.474036e+02
1.000000e+02, 1.472708e+02
1.000000e+02, 1.471397e+02
1.000000e+02, 1.470105e+02
1.000000e+02, 1.468831e+02
1.000000e+02, 1.467574e+02
1.000000e+02, 1.466336e+02
1.000000e+02, 1.465116e+02
1.000000e+02, 1.463914e+02
1.000000e+02, 1.462730e+02
1.000000e+02, 1.461564e+02
1.000000e+02, 1.460415e+02
1.000000e+02, 1.459285e+02
1.000000e+02, 1.458173e+02
1.000000e+02, 1.457078e+02
1.000000e+02, 1.456002e+02
1.000000e+02, 1.454943e+02
1.000000e+02, 1.453903e+02
1.000000e+02, 1.452880e+02
1.000000e+02, 1.451875e+02
1.000000e+02, 1.450888e+02
1.000000e+02, 1.449919e+02
1.000000e+02, 1.448967e+02
1.000000e+02, 1.448034e+02
1.000000e+02, 1.447118e+02
1.000000e+02, 1.446220e+02
1.000000e+02, 1.445340e+02
1.000000e+02, 1.444478e+02
1.000000e+02, 1.443633e+02
1.000000e+02, 1.442806e+02
1.000000e+02, 1.441997e+02
1.000000e+02, 1.441206e+02
1.000000e+02, 1.440432e+02
1.000000e+02, 1.439676e+02
1.000000e+02, 1.438938e+02
1.000000e+02, 1.438217e+02
1.000000e+02, 1.437514e+02
1.000000e+02, 1.436829e+02
1.000000e+02, 1.436162e+02
1.000000e+02, 1.435512e+02
1.000000e+02, 1.434880e+02
1.000000e+02, 1.434265e+02
1.000000e+02, 1.433668e+02
1.000000e+02, 1.433089e+02
1.000000e+02, 1.432527e+02
1.000000e+02, 1.431983e+02
1.000000e+02, 1.431457e+02
1.000000e+02, 1.430948e+02
1.000000e+02, 1.430457e+02
1.000000e+02, 1.429983e+02
1.000000e+02, 1.429527e+02
1.000000e+02, 1.429089e+02
1.000000e+02, 1.428668e+02
1.000000e+02, 1.428264e+02
1.000000e+02, 1.427879e+02
1.000000e+02, 1.427511e+02
1.000000e+02, 1.427160e+02
1.000000e+02, 1.426827e+02
1.000000e+02, 1.426511e+02
1.000000e+02, 1.426214e+02
1.000000e+02, 1.425933e+02
1.000000e+02, 1.425670e+02
1.000000e+02, 1.425425e+02
1.000000e+02, 1.425197e+02
1.000000e+02, 1.424987e+02
1.000000e+02, 1.424794e+02
1.000000e+02, 1.424619e+02
1.000000e+02, 1.424461e+02
1.000000e+02, 1.424321e+02
1.000000e+02, 1.424199e+02
1.000000e+02, 1.424093e+02
1.000000e+02, 1.424006e+02
1.000000e+02, 1.423936e+02
1.000000e+02, 1.423883e+02
1.000000e+02, 1.423848e+02
1.000000e+02, 1.423831e+02
1.000000e+02, 1.423831e+02
1.000000e+02, 1.423848e+02
1.000000e+02, 1.423883e+02
1.000000e+02, 1.423936e+02
1.000000e+02, 1.424006e+02
1.000000e+02, 1.424093e+02
1.000000e+02, 1.424199e+02
1.000000e+02, 1.424321e+02
1.000000e+02, 1.424461e+02
1.000000e+02, 1.424619e+02
1.000000e+02, 1.424794e+02
1.000000e+02, 1.424987e+02
1.000000e+02, 1.425197e+02
1.000000e+02, 1.425425e+02
1.000000e+02, 1.425670e+02
1.000000e+02, 1.425933e+02
1.000000e+02, 1.426214e+02
1.000000e+02, 1.426511e+02
1.000000e+02, 1.426827e+02
1.000000e+02, 1.427160e+02
1.000000e+02, 1.427511e+02
1.000000e+02, 1.427879e+02
1.000000e+02, 1.428264e+02
1.000000e+02, 1.428668e+02
1.000000e+02, 1.429089e+02
1.000000e+02, 1.429527e+02
1.000000e+02, 1.429983e+02
1.000000e+02, 1.430457e+02
1.000000e+02, 1.430948e+02
1.000000e+02, 1.431457e+02
1.000000e+02, 1.431983e+02
1.000000e+02, 1.432527e+02
1.000000e+02, 1.433089e+02
1.000000e+02, 1.433668e+02
1.000000e+02, 1.434265e+02
1.000000e+02, 1.434880e+02
1.000000e+02, 1.435512e+02
1.000000e+02, 1.436162e+02
1.000000e+02, 1.436829e+02
1.000000e+02, 1.437514e+02
1.000000e+02, 1.438217e+02
1.000000e+02, 1.438938e+02
1.000000e+02, 1.439676e+02
1.000000e+02, 1.440432e+02
1.000000e+02, 1.441206e+02
1.000000e+02, 1.441997e+02
1.000000e+02, 1.442806e+02
1.000000e+02, 1.443633e+02
1.000000e+02, 1.444478e+02
1.000000e+02, 1.445340e+02
1.000000e+02, 1.446220e+02
1.000000e+02, 1.447118e+02
1.000000e+02, 1.448034e+02
1.000000e+02, 1.448967e+02
1.000000e+02, 1.449919e+02
1.000000e+02, 1.450888e+02
1.000000e+02, 1.451875e+02
1.000000e+02, 1.452880e+02
1.000000e+02, 1.453903e+02
1.000000e+02, 1.454943e+02
1.000000e+02, 1.456002e+02
1.000000e+02, 1.457078e+02
1.000000e+02, 1.458173e+02
1.000000e+02, 1.459285e+02
1.000000e+02, 1.460415e+02
1.000000e+02, 1.461564e+02
1.000000e+02, 1.462730e+02
1.000000e+02, 1.463914e+02
1.000000e+02, 1.465116e+02
1.000000e+02, 1.466336e+02
1.000000e+02, 1.467574e+02
1.000000e+02, 1.468831e+02
1.000000e+02, 1.470105e+02
1.000000e+02, 1.471397e+02
1.000000e+02, 1.472708e+02
1.000000e+02, 1.474036e+02
1.000000e+02, 1.475383e+02
1.000000e+02, 1.476748e+02
1.000000e+02, 1.478131e+02
1.000000e+02, 1.479532e+02
1.000000e+02, 1.480952e+02
1.000000e+02, 1.482389e+02
1.000000e+02, 1.483845e+02
1.000000e+02, 1.485319e+02
1.000000e+02, 1.486812e+02
1.000000e+02, 1.488322e+02
1.000000e+02, 1.489851e+02
1.000000e+02, 1.491399e+02
1.000000e+02, 1.492964e+02
1.000000e+02, 1.494548e+02
1.000000e+02, 1.496151e+02
1.000000e+02, 1.497771e+02
1.000000e+02, 1.499411e+02
1.000000e+02, 1.501068e+02
1.000000e+02, 1.502744e+02
1.000000e+02, 1.504439e+02
1.000000e+02, 1.506152e+02
1.000000e+02, 1.507884e+02
1.000000e+02, 1.509634e+02
1.000000e+02, 1.511403e+02
1.000000e+02, 1.513190e+02
1.000000e+02, 1.514996e+02
1.000000e+02, 1.516821e+02
1.000000e+02, 1.518664e+02
1.000000e+02, 1.520526e+02
1.000000e+02, 1.522407e+02
1.000000e+02, 1.524307e+02
1.000000e+02, 1.526225e+02
1.000000e+02, 1.528162e+02
1.000000e+02, 1.530118e+02
1.000000e+02, 1.532093e+02
1.000000e+02, 1.534086e+02
1.000000e+02, 1.536099e+02
1.000000e+02, 1.538130e+02
1.000000e+02, 1.540181e+02
1.000000e+02, 1.542250e+02
1.000000e+02, 1.544338e+02
1.000000e+02, 1.546446e+02
1.000000e+02, 1.548572e+02
1.000000e+02, 1.550718e+02
1.000000e+02, 1.552882e+02
1.000000e+02, 1.555066e+02
1.000000e+02, 1.557269e+02
1.000000e+02, 1.559491e+02
1.000000e+02, 1.561733e+02
1.000000e+02, 1.563994e+02
1.000000e+02, 1.566273e+02
1.000000e+02, 1.568573e+02
1.000000e+02, 1.570891e+02
1.000000e+02, 1.573230e+02
1.000000e+02, 1.575587e+02
1.000000e+02, 1.577964e+02
1.000000e+02, 1.580360e+02
1.000000e+02, 1.582776e+02
1.000000e+02, 1.585212e+02
1.000000e+02, 1.587667e+02
1.000000e+02, 1.590142e+02
1.000000e+02, 1.592636e+02
1.000000e+02, 1.595150e+02
1.000000e+02, 1.597684e+02
1.000000e+02, 1.600237e+02
1.000000e+02, 1.602811e+02
1.000000e+02, 1.605404e+02
1.000000e+02, 1.608017e+02
1.000000e+02, 1.610650e+02
1.000000e+02, 1.613303e+02
1.000000e+02, 1.615976e+02
1.000000e+02, 1.618668e+02
1.000000e+02, 1.621381e+02
1.000000e+02, 1.624114e+02
1.000000e+02, 1.626868e+02
1.000000e+02, 1.629641e+02
1.000000e+02, 1.632434e+02
1.000000e+02, 1.635248e+02
1.000000e+02, 1.638082e+02
1.000000e+02, 1.640937e+02
1.000000e+02, 1.643812e+02
1.000000e+02, 1.646707e+02
1.000000e+02, 1.649623e+02
1.000000e+02, 1.652559e+02
1.000000e+02, 1.655515e+02
1.000000e+02, 1.658493e+02
1.000000e+02, 1.661491e+02
1.000000e+02, 1.664509e+02
1.000000e+02, 1.667549e+02
1.000000e+02, 1.670609e+02
1.000000e+02, 1.673690e+02
1.000000e+02, 1.676792e+02
1.000000e+02, 1.679914e+02
1.000000e+02, 1.683058e+02
1.000000e+02, 1.686223e+02
1.000000e+02, 1.689409e+02
1.000000e+02, 1.692615e+02
1.000000e+02, 1.695843e+02
1.000000e+02, 1.699093e+02
1.000000e+02, 1.702363e+02
1.000000e+02, 1.705655e+02
1.000000e+02, 1.708968e+02
1.000000e+02, 1.712302e+02
1.000000e+02, 1.715658e+02
1.000000e+02, 1.719036e+02
1.000000e+02, 1.722435e+02
1.000000e+02, 1.725855e+02
1.000000e+02, 1.729298e+02
1.000000e+02, 1.732762e+02
1.000000e+02, 1.736247e+02
1.000000e+02, 1.739755e+02
1.000000e+02, 1.743285e+02
1.000000e+02, 1.746836e+02
1.000000e+02, 1.750409e+02
1.000000e+02, 1.754005e+02
1.000000e+02, 1.757623e+02
1.000000e+02, 1.761262e+02
1.000000e+02, 1.764924e+02
1.000000e+02, 1.768609e+02
1.000000e+02, 1.772315e+02
1.000000e+02, 1.776045e+02
1.000000e+02, 1.779796e+02
1.000000e+02, 1.783570e+02
1.000000e+02, 1.787367e+02
1.000000e+02, 1.791186e+02
1.000000e+02, 1.795029e+02
1.000000e+02, 1.798893e+02
1.000000e+02, 1.802781e+02
1.000000e+02, 1.806692e+02
1.000000e+02, 1.810626e+02
1.000000e+02, 1.814582e+02
1.000000e+02, 1.818562e+02
1.000000e+02, 1.822565e+02
1.000000e+02, 1.826592e+02
1.000000e+02, 1.830642e+02
1.000000e+02, 1.834715e+02
1.000000e+02, 1.838811e+02
1.000000e+02, 1.842931e+02
1.000000e+02, 1.847075e+02
1.000000e+02, 1.851243e+02
1.000000e+02, 1.855434e+02
1.000000e+02, 1.859649e+02
1.000000e+02, 1.863888e+02
1.000000e+02, 1.868151e+02
1.000000e+02, 1.872438e+02
1.000000e+02, 1.876750e+02
1.000000e+02, 1.881085e+02
1.000000e+02, 1.885445e+02
1.000000e+02, 1.889829e+02
1.000000e+02, 1.894238e+02
1.000000e+02, 1.898671e+02
1.000000e+02, 1.903129e+02
1.000000e+02, 1.907612e+02
1.000000e+02, 1.912119e+02
1.000000e+02, 1.916652e+02
1.000000e+02, 1.921209e+02
1.000000e+02, 1.925791e+02
1.000000e+02, 1.930399e+02
1.000000e+02, 1.935032e+02
1.000000e+02, 1.939690e+02
1.000000e+02, 1.944374e+02
1.000000e+02, 1.949083e+02
1.000000e+02, 1.953818e+02
1.000000e+02, 1.958578e+02
1.000000e+02, 1.963364e+02
1.000000e+02, 1.968176e+02
1.000000e+02, 1.973015e+02
1.000000e+02, 1.977879e+02
1.000000e+02, 1.982769e+02
1.000000e+02, 1.987686e+02
1.000000e+02, 1.992629e+02
1.000000e+02, 1.997599e+02
1.000000e+02, 2.002595e+02
1.000000e+02, 2.007618e+02
1.000000e+02, 2.012668e+02
1.000000e+02, 2.017744e+02
1.000000e+02, 2.022848e+02
1.000000e+02, 2.027979e+02
1.000000e+02, 2.033137e+02
1.000000e+02, 2.038322e+02
1.000000e+02, 2.043535e+02
1.000000e+02, 2.048776e+02
1.000000e+02, 2.054044e+02
1.000000e+02, 2.059340e+02
1.000000e+02, 2.064663e+02
1.000000e+02, 2.070015e+02
1.000000e+02, 2.075395e+02
1.000000e+02, 2.080804e+02
1.000000e+02, 2.086241e+02
1.000000e+02, 2.091706e+02
1.000000e+02, 2.097200e+02
1.000000e+02, 2.102722e+02
1.000000e+02, 2.108274e+02
1.000000e+02, 2.113855e+02
1.000000e+02, 2.119465e+02
1.000000e+02, 2.125104e+02
1.000000e+02, 2.130772e+02
1.000000e+02, 2.136470e+02
1.000000e+02, 2.142198e+02
1.000000e+02, 2.147956e+02
1.000000e+02, 2.153744e+02
1.000000e+02, 2.159561e+02
1.000000e+02, 2.165410e+02
1.000000e+02, 2.171288e+02
1.000000e+02, 2.177197e+02
1.000000e+02, 2.183137e+02
1.000000e+02, 2.189107e+02
1.000000e+02, 2.195109e+02
1.000000e+02, 2.201142e+02
1.000000e+02, 2.207206e+02
1.000000e+02, 2.213302e+02
1.000000e+02, 2.219429e+02
1.000000e+02, 2.225588e+02
1.000000e+02, 2.231779e+02
1.000000e+02, 2.238002e+02
1.000000e+02, 2.244257e+02
1.000000e+02, 2.250545e+02
1.000000e+02, 2.256866e+02
1.000000e+02, 2.263219e+02
1.000000e+02, 2.269605e+02
1.000000e+02, 2.276025e+02
1.000000e+02, 2.282477e+02
1.000000e+02, 2.288964e+02
1.000000e+02, 2.295484e+02
1.000000e+02, 2.302038e+02
1.000000e+02, 2.308625e+02
1.000000e+02, 2.315248e+02
1.000000e+02, 2.321904e+02
1.000000e+02, 2.328596e+02
1.000000e+02, 2.335322e+02
1.000000e+02, 2.342083e+02
1.000000e+02, 2.348880e+02
1.000000e+02, 2.355712e+02
1.000000e+02, 2.362579e+02
1.000000e+02, 2.369483e+02
1.000000e+02, 2.376423e+02
1.000000e+02, 2.383399e+02
1.000000e+02, 2.390411e+02
1.000000e+02, 2.397461e+02
1.000000e+02, 2.404547e+02
1.000000e+02, 2.411670e+02
1.000000e+02, 2.418831e+02
1.000000e+02, 2.426030e+02
1.000000e+02, 2.433267e+02
1.000000e+02, 2.440541e+02
1.000000e+02, 2.447855e+02
1.000000e+02, 2.455206e+02
1.000000e+02, 2.462597e+02
1.000000e+02, 2.470027e+02
1.000000e+02, 2.477497e+02
1.000000e+02, 2.485006e+02
1.000000e+02, 2.492555e+02
1.000000e+02, 2.500144e+02
1.000000e+02, 2.507774e+02
1.000000e+02, 2.515445e+02
1.000000e+02, 2.523156e+02
1.000000e+02, 2.530909e+02
1.000000e+02, 2.538704e+02
1.000000e+02, 2.546541e+02
1.000000e+02, 2.554420e+02
1.000000e+02, 2.562341e+02
1.000000e+02, 2.570305e+02
1.000000e+02, 2.578313e+02
1.000000e+02, 2.586364e+02
1.000000e+02, 2.594459e+02
1.000000e+02, 2.602598e+02
1.000000e+02, 2.610781e+02
1.000000e+02, 2.619010e+02
1.000000e+02, 2.627283e+02
1.000000e+02, 2.635602e+02
1.000000e+02, 2.643967e+02
1.000000e+02, 2.652378e+02
1.000000e+02, 2.660836e+02
1.000000e+02, 2.669340e+02
1.000000e+02, 2.677892e+02
1.000000e+02, 2.686492e+02
1.000000e+02, 2.695140e+02
1.000000e+02, 2.703837e+02
1.000000e+02, 2.712582e+02
1.000000e+02, 2.721377e+02
1.000000e+02, 2.730221e+02
1.000000e+02, 2.739116e+02
1.000000e+02, 2.748061e+02
1.000000e+02, 2.757058e+02
1.000000e+02, 2.766106e+02
1.000000e+02, 2.775206e+02
1.000000e+02, 2.784358e+02
1.000000e+02, 2.793563e+02
1.000000e+02, 2.802822e+02
1.000000e+02, 2.812135e+02
1.000000e+02, 2.821501e+02
1.000000e+02, 2.830923e+02
1.000000e+02, 2.840401e+02
1.000000e+02, 2.849934e+02
1.000000e+02, 2.859523e+02
1.000000e+02, 2.869170e+02
1.000000e+02, 2.878874e+02
1.000000e+02, 2.888637e+02
1.000000e+02, 2.898458e+02
1.000000e+02, 2.908338e+02
1.000000e+02, 2.918279e+02
1.000000e+02, 2.928280e+02
1.000000e+02, 2.938342e+02
1.000000e+02, 2.948466e+02
1.000000e+02, 2.958652e+02
1.000000e+02, 2.968901e+02
1.000000e+02, 2.979215e+02
1.000000e+02, 2.989592e+02
1.000000e+02, 3.000035e+02
1.000000e+02, 3.010544e+02
1.000000e+02, 3.021120e+02
1.000000e+02, 3.031762e+02
1.000000e+02, 3.042474e+02
1.000000e+02, 3.053254e+02
1.000000e+02, 3.064103e+02
1.000000e+02, 3.075024e+02
1.000000e+02, 3.086016e+02
1.000000e+02, 3.097080e+02
1.000000e+02, 3.108217e+02
1.000000e+02, 3.119429e+02
1.000000e+02, 3.130715e+02
1.000000e+02, 3.142077e+02
1.000000e+02, 3.153517e+02
1.000000e+02, 3.165034e+02
1.000000e+02, 3.176630e+02
1.000000e+02, 3.188306e+02
1.000000e+02, 3.200063e+02
1.000000e+02, 3.211902e+02
1.000000e+02, 3.223824e+02
1.000000e+02, 3.235830e+02
1.000000e+02, 3.247923e+02
1.000000e+02, 3.260101e+02
1.000000e+02, 3.272368e+02
1.000000e+02, 3.284724e+02
1.000000e+02, 3.297171e+02
1.000000e+02, 3.309709e+02
1.000000e+02, 3.322341e+02
1.000000e+02, 3.335067e+02
1.000000e+02, 3.347889e+02
1.000000e+02, 3.360809e+02
1.000000e+02, 3.373828e+02
1.000000e+02, 3.386948e+02
1.000000e+02, 3.400170e+02
1.000000e+02, 3.413496e+02
1.000000e+02, 3.426928e+02
1.000000e+02, 3.440468e+02
1.000000e+02, 3.454116e+02
1.000000e+02, 3.467876e+02
1.000000e+02, 3.481749e+02
1.000000e+02, 3.495738e+02
1.000000e+02, 3.509843e+02
1.000000e+02, 3.524068e+02
1.000000e+02, 3.538415e+02
1.000000e+02, 3.552885e+02
1.000000e+02, 3.567482e+02
1.000000e+02, 3.582208e+02
1.000000e+02, 3.597065e+02
1.000000e+02, 1.205538e+00
1.000000e+02, 2.718278e+00
1.000000e+02, 4.244963e+00
1.000000e+02, 5.785888e+00
1.000000e+02, 7.341355e+00
1.000000e+02, 8.911682e+00
1.000000e+02, 1.049720e+01
1.000000e+02, 1.209824e+01
1.000000e+02, 1.371516e+01
1.000000e+02, 1.534834e+01
1.000000e+02, 1.699816e+01
1.000000e+02, 1.866502e+01
1.000000e+02, 2.034933e+01
1.000000e+02, 2.205155e+01
1.000000e+02, 2.377211e+01
1.000000e+02, 2.551151e+01
1.000000e+02, 2.727024e+01
1.000000e+02, 2.904882e+01
1.000000e+02, 3.084781e+01
1.000000e+02, 3.266778e+01
1.000000e+02, 3.450934e+01
1.000000e+02, 3.637311e+01
1.000000e+02, 3.825978e+01
1.000000e+02, 4.017005e+01
1.000000e+02, 4.210466e+01
1.000000e+02, 4.406440e+01
1.000000e+02, 4.605010e+01
1.000000e+02, 4.806264e+01
1.000000e+02, 5.010296e+01
1.000000e+02, 5.217203e+01
1.000000e+02, 5.427093e+01
1.000000e+02, 5.640077e+01
1.000000e+02, 5.856275e+01
1.000000e+02, 6.075814e+01
1.000000e+02, 6.298832e+01
1.000000e+02, 6.525475e+01
1.000000e+02, 6.755901e+01
1.000000e+02, 6.990281e+01
1.000000e+02, 7.228798e+01
1.000000e+02, 7.471650e+01
1.000000e+02, 7.719053e+01
1.000000e+02, 7.971242e+01
1.000000e+02, 8.228472e+01
1.000000e+02, 8.491025e+01
1.000000e+02, 8.759207e+01
1.000000e+02, 9.033359e+01
1.000000e+02, 9.313856e+01
1.000000e+02, 9.601117e+01
1.000000e+02, 9.895610e+01
1.000000e+02, 1.019786e+02
1.000000e+02, 1.050846e+02
1.000000e+02, 1.082808e+02
1.000000e+02, 1.115749e+02
1.000000e+02, 1.149759e+02
1.000000e+02, 1.184942e+02
1.000000e+02, 1.221419e+02
1.000000e+02, 1.259335e+02
1.000000e+02, 1.298865e+02
1.000000e+02, 1.340222e+02
1.000000e+02, 1.383674e+02
1.000000e+02, 1.429559e+02
1.000000e+02, 1.478319e+02
1.000000e+02, 1.530553e+02
1.000000e+02, 1.587104e+02
1.000000e+02, 1.649227e+02
1.000000e+02, 1.718954e+02
1.000000e+02, 1.800000e+02
##END= 