##TITLE= /opt/topspin3.0/exp/stan/nmr/lists/wave/user/HypSec_trunc2.84_110
##JCAMP-DX= 5.00 Bruker JCAMP library
##DATA TYPE= Shape Data
##ORIGIN= Bruker BioSpin GmbH
##OWNER= <nmrsu>
##DATE= 15/02/24
##TIME= 16:15:04
##MINX= 1.164538e+01
##MAXX= 9.999960e+01
##MINY= 2.546774e-02
##MAXY= 3.585574e+02
##$SHAPE_EXMODE= Adiabatic
##$SHAPE_TOTROT= 1.800000e+02
##$SHAPE_BWFAC= 1.929340e+02
##$SHAPE_INTEGFAC= 2.356110e-02
##$SHAPE_MODE= 0
##NPOINTS= 1000
##XYPOINTS= (XY..XY)
1.000000e+02, 1.800000e+02
1.000000e+02, 1.739880e+02
1.000000e+02, 1.688156e+02
1.000000e+02, 1.642073e+02
1.000000e+02, 1.600123e+02
1.000000e+02, 1.561376e+02
1.000000e+02, 1.525205e+02
1.000000e+02, 1.491168e+02
1.000000e+02, 1.458935e+02
1.000000e+02, 1.428256e+02
1.000000e+02, 1.398933e+02
1.000000e+02, 1.370806e+02
1.000000e+02, 1.343748e+02
1.000000e+02, 1.317649e+02
1.000000e+02, 1.292420e+02
1.000000e+02, 1.267984e+02
1.000000e+02, 1.244275e+02
1.000000e+02, 1.221235e+02
1.000000e+02, 1.198814e+02
1.000000e+02, 1.176968e+02
1.000000e+02, 1.155659e+02
1.000000e+02, 1.134852e+02
1.000000e+02, 1.114515e+02
1.000000e+02, 1.094621e+02
1.000000e+02, 1.075145e+02
1.000000e+02, 1.056063e+02
1.000000e+02, 1.037356e+02
1.000000e+02, 1.019004e+02
1.000000e+02, 1.000989e+02
1.000000e+02, 9.832954e+01
1.000000e+02, 9.659090e+01
1.000000e+02, 9.488159e+01
1.000000e+02, 9.320035e+01
1.000000e+02, 9.154599e+01
1.000000e+02, 8.991744e+01
1.000000e+02, 8.831368e+01
1.000000e+02, 8.673376e+01
1.000000e+02, 8.517679e+01
1.000000e+02, 8.364194e+01
1.000000e+02, 8.212843e+01
1.000000e+02, 8.063552e+01
1.000000e+02, 7.916252e+01
1.000000e+02, 7.770878e+01
1.000000e+02, 7.627368e+01
1.000000e+02, 7.485664e+01
1.000000e+02, 7.345710e+01
1.000000e+02, 7.207454e+01
1.000000e+02, 7.070847e+01
1.000000e+02, 6.935841e+01
1.000000e+02, 6.802392e+01
1.000000e+02, 6.670456e+01
1.000000e+02, 6.539993e+01
1.000000e+02, 6.410964e+01
1.000000e+02, 6.283332e+01
1.000000e+02, 6.157061e+01
1.000000e+02, 6.032118e+01
1.000000e+02, 5.908470e+01
1.000000e+02, 5.786086e+01
1.000000e+02, 5.664936e+01
1.000000e+02, 5.544992e+01
1.000000e+02, 5.426226e+01
1.000000e+02, 5.308612e+01
1.000000e+02, 5.192125e+01
1.000000e+02, 5.076740e+01
1.000000e+02, 4.962433e+01
1.000000e+02, 4.849183e+01
1.000000e+02, 4.736968e+01
1.000000e+02, 4.625766e+01
1.000000e+02, 4.515557e+01
1.000000e+02, 4.406323e+01
1.000000e+02, 4.298043e+01
1.000000e+02, 4.190700e+01
1.000000e+02, 4.084276e+01
1.000000e+02, 3.978755e+01
1.000000e+02, 3.874119e+01
1.000000e+02, 3.770353e+01
1.000000e+02, 3.667442e+01
1.000000e+02, 3.565370e+01
1.000000e+02, 3.464124e+01
1.000000e+02, 3.363688e+01
1.000000e+02, 3.264050e+01
1.000000e+02, 3.165197e+01
1.000000e+02, 3.067115e+01
1.000000e+02, 2.969792e+01
1.000000e+02, 2.873216e+01
1.000000e+02, 2.777375e+01
1.000000e+02, 2.682258e+01
1.000000e+02, 2.587855e+01
1.000000e+02, 2.494153e+01
1.000000e+02, 2.401143e+01
1.000000e+02, 2.308814e+01
1.000000e+02, 2.217157e+01
1.000000e+02, 2.126162e+01
1.000000e+02, 2.035819e+01
1.000000e+02, 1.946119e+01
1.000000e+02, 1.857054e+01
1.000000e+02, 1.768615e+01
1.000000e+02, 1.680792e+01
1.000000e+02, 1.593579e+01
1.000000e+02, 1.506966e+01
1.000000e+02, 1.420947e+01
1.000000e+02, 1.335512e+01
1.000000e+02, 1.250656e+01
1.000000e+02, 1.166369e+01
1.000000e+02, 1.082646e+01
1.000000e+02, 9.994799e+00
1.000000e+02, 9.168628e+00
1.000000e+02, 8.347885e+00
1.000000e+02, 7.532505e+00
1.000000e+02, 6.722424e+00
1.000000e+02, 5.917579e+00
1.000000e+02, 5.117911e+00
1.000000e+02, 4.323358e+00
1.000000e+02, 3.533864e+00
1.000000e+02, 2.749369e+00
1.000000e+02, 1.969820e+00
1.000000e+02, 1.195160e+00
1.000000e+02, 4.253372e-01
1.000000e+02, 3.596603e+02
1.000000e+02, 3.589000e+02
1.000000e+02, 3.581444e+02
1.000000e+02, 3.573934e+02
1.000000e+02, 3.566470e+02
1.000000e+02, 3.559051e+02
1.000000e+02, 3.551677e+02
1.000000e+02, 3.544348e+02
1.000000e+02, 3.537062e+02
1.000000e+02, 3.529821e+02
1.000000e+02, 3.522622e+02
1.000000e+02, 3.515466e+02
1.000000e+02, 3.508352e+02
1.000000e+02, 3.501281e+02
1.000000e+02, 3.494250e+02
1.000000e+02, 3.487261e+02
1.000000e+02, 3.480313e+02
1.000000e+02, 3.473405e+02
1.000000e+02, 3.466537e+02
1.000000e+02, 3.459708e+02
1.000000e+02, 3.452919e+02
1.000000e+02, 3.446169e+02
1.000000e+02, 3.439457e+02
1.000000e+02, 3.432783e+02
1.000000e+02, 3.426148e+02
1.000000e+02, 3.419549e+02
1.000000e+02, 3.412989e+02
1.000000e+02, 3.406465e+02
1.000000e+02, 3.399977e+02
1.000000e+02, 3.393526e+02
1.000000e+02, 3.387111e+02
1.000000e+02, 3.380732e+02
1.000000e+02, 3.374388e+02
1.000000e+02, 3.368079e+02
1.000000e+02, 3.361805e+02
1.000000e+02, 3.355566e+02
1.000000e+02, 3.349360e+02
1.000000e+02, 3.343189e+02
1.000000e+02, 3.337052e+02
1.000000e+02, 3.330948e+02
1.000000e+02, 3.324878e+02
1.000000e+02, 3.318840e+02
1.000000e+02, 3.312835e+02
1.000000e+02, 3.306863e+02
1.000000e+02, 3.300923e+02
1.000000e+02, 3.295015e+02
1.000000e+02, 3.289139e+02
1.000000e+02, 3.283294e+02
1.000000e+02, 3.277481e+02
1.000000e+02, 3.271699e+02
1.000000e+02, 3.265948e+02
1.000000e+02, 3.260227e+02
1.000000e+02, 3.254537e+02
1.000000e+02, 3.248877e+02
1.000000e+02, 3.243248e+02
1.000000e+02, 3.237648e+02
1.000000e+02, 3.232077e+02
1.000000e+02, 3.226537e+02
1.000000e+02, 3.221025e+02
1.000000e+02, 3.215542e+02
1.000000e+02, 3.210089e+02
1.000000e+02, 3.204664e+02
1.000000e+02, 3.199267e+02
1.000000e+02, 3.193899e+02
1.000000e+02, 3.188559e+02
1.000000e+02, 3.183247e+02
1.000000e+02, 3.177963e+02
1.000000e+02, 3.172706e+02
1.000000e+02, 3.167477e+02
1.000000e+02, 3.162275e+02
1.000000e+02, 3.157100e+02
1.000000e+02, 3.151953e+02
1.000000e+02, 3.146831e+02
1.000000e+02, 3.141737e+02
1.000000e+02, 3.136669e+02
1.000000e+02, 3.131627e+02
1.000000e+02, 3.126612e+02
1.000000e+02, 3.121622e+02
1.000000e+02, 3.116659e+02
1.000000e+02, 3.111721e+02
1.000000e+02, 3.106808e+02
1.000000e+02, 3.101921e+02
1.000000e+02, 3.097060e+02
1.000000e+02, 3.092223e+02
1.000000e+02, 3.087411e+02
1.000000e+02, 3.082625e+02
1.000000e+02, 3.077863e+02
1.000000e+02, 3.073125e+02
1.000000e+02, 3.068413e+02
1.000000e+02, 3.063724e+02
1.000000e+02, 3.059060e+02
1.000000e+02, 3.054419e+02
1.000000e+02, 3.049803e+02
1.000000e+02, 3.045211e+02
1.000000e+02, 3.040642e+02
1.000000e+02, 3.036097e+02
1.000000e+02, 3.031575e+02
1.000000e+02, 3.027076e+02
1.000000e+02, 3.022601e+02
1.000000e+02, 3.018149e+02
1.000000e+02, 3.013720e+02
1.000000e+02, 3.009314e+02
1.000000e+02, 3.004931e+02
1.000000e+02, 3.000570e+02
1.000000e+02, 2.996232e+02
1.000000e+02, 2.991916e+02
1.000000e+02, 2.987623e+02
1.000000e+02, 2.983352e+02
1.000000e+02, 2.979103e+02
1.000000e+02, 2.974876e+02
1.000000e+02, 2.970671e+02
1.000000e+02, 2.966488e+02
1.000000e+02, 2.962327e+02
1.000000e+02, 2.958187e+02
1.000000e+02, 2.954069e+02
1.000000e+02, 2.949972e+02
1.000000e+02, 2.945897e+02
1.000000e+02, 2.941842e+02
1.000000e+02, 2.937809e+02
1.000000e+02, 2.933797e+02
1.000000e+02, 2.929806e+02
1.000000e+02, 2.925836e+02
1.000000e+02, 2.921887e+02
1.000000e+02, 2.917959e+02
1.000000e+02, 2.914051e+02
1.000000e+02, 2.910163e+02
1.000000e+02, 2.906296e+02
1.000000e+02, 2.902450e+02
1.000000e+02, 2.898624e+02
1.000000e+02, 2.894818e+02
1.000000e+02, 2.891032e+02
1.000000e+02, 2.887266e+02
1.000000e+02, 2.883520e+02
1.000000e+02, 2.879794e+02
1.000000e+02, 2.876088e+02
1.000000e+02, 2.872401e+02
1.000000e+02, 2.868734e+02
1.000000e+02, 2.865087e+02
1.000000e+02, 2.861459e+02
1.000000e+02, 2.857851e+02
1.000000e+02, 2.854262e+02
1.000000e+02, 2.850692e+02
1.000000e+02, 2.847142e+02
1.000000e+02, 2.843611e+02
1.000000e+02, 2.840098e+02
1.000000e+02, 2.836605e+02
1.000000e+02, 2.833131e+02
1.000000e+02, 2.829675e+02
1.000000e+02, 2.826239e+02
1.000000e+02, 2.822821e+02
1.000000e+02, 2.819421e+02
1.000000e+02, 2.816041e+02
1.000000e+02, 2.812679e+02
1.000000e+02, 2.809335e+02
1.000000e+02, 2.806010e+02
1.000000e+02, 2.802703e+02
1.000000e+02, 2.799414e+02
1.000000e+02, 2.796144e+02
1.000000e+02, 2.792892e+02
1.000000e+02, 2.789657e+02
1.000000e+02, 2.786441e+02
1.000000e+02, 2.783243e+02
1.000000e+02, 2.780063e+02
1.000000e+02, 2.776901e+02
1.000000e+02, 2.773756e+02
1.000000e+02, 2.770629e+02
1.000000e+02, 2.767520e+02
1.000000e+02, 2.764429e+02
1.000000e+02, 2.761355e+02
1.000000e+02, 2.758299e+02
1.000000e+02, 2.755260e+02
1.000000e+02, 2.752238e+02
1.000000e+02, 2.749234e+02
1.000000e+02, 2.746247e+02
1.000000e+02, 2.743278e+02
1.000000e+02, 2.740325e+02
1.000000e+02, 2.737390e+02
1.000000e+02, 2.734472e+02
1.000000e+02, 2.731571e+02
1.000000e+02, 2.728687e+02
1.000000e+02, 2.725820e+02
1.000000e+02, 2.722970e+02
1.000000e+02, 2.720137e+02
1.000000e+02, 2.717321e+02
1.000000e+02, 2.714521e+02
1.000000e+02, 2.711738e+02
1.000000e+02, 2.708972e+02
1.000000e+02, 2.706222e+02
1.000000e+02, 2.703489e+02
1.000000e+02, 2.700773e+02
1.000000e+02, 2.698072e+02
1.000000e+02, 2.695389e+02
1.000000e+02, 2.692722e+02
1.000000e+02, 2.690071e+02
1.000000e+02, 2.687437e+02
1.000000e+02, 2.684818e+02
1.000000e+02, 2.682216e+02
1.000000e+02, 2.679631e+02
1.000000e+02, 2.677061e+02
1.000000e+02, 2.674507e+02
1.000000e+02, 2.671970e+02
1.000000e+02, 2.669449e+02
1.000000e+02, 2.666943e+02
1.000000e+02, 2.664454e+02
1.000000e+02, 2.661980e+02
1.000000e+02, 2.659523e+02
1.000000e+02, 2.657081e+02
1.000000e+02, 2.654655e+02
1.000000e+02, 2.652245e+02
1.000000e+02, 2.649850e+02
1.000000e+02, 2.647471e+02
1.000000e+02, 2.645108e+02
1.000000e+02, 2.642760e+02
1.000000e+02, 2.640428e+02
1.000000e+02, 2.638112e+02
1.000000e+02, 2.635811e+02
1.000000e+02, 2.633525e+02
1.000000e+02, 2.631255e+02
1.000000e+02, 2.629001e+02
1.000000e+02, 2.626762e+02
1.000000e+02, 2.624538e+02
1.000000e+02, 2.622329e+02
1.000000e+02, 2.620136e+02
1.000000e+02, 2.617958e+02
1.000000e+02, 2.615795e+02
1.000000e+02, 2.613647e+02
1.000000e+02, 2.611515e+02
1.000000e+02, 2.609397e+02
1.000000e+02, 2.607295e+02
1.000000e+02, 2.605208e+02
1.000000e+02, 2.603135e+02
1.000000e+02, 2.601078e+02
1.000000e+02, 2.599036e+02
1.000000e+02, 2.597008e+02
1.000000e+02, 2.594996e+02
1.000000e+02, 2.592998e+02
1.000000e+02, 2.591016e+02
1.000000e+02, 2.589048e+02
1.000000e+02, 2.587094e+02
1.000000e+02, 2.585156e+02
1.000000e+02, 2.583233e+02
1.000000e+02, 2.581324e+02
1.000000e+02, 2.579429e+02
1.000000e+02, 2.577550e+02
1.000000e+02, 2.575685e+02
1.000000e+02, 2.573835e+02
1.000000e+02, 2.571999e+02
1.000000e+02, 2.570178e+02
1.000000e+02, 2.568371e+02
1.000000e+02, 2.566579e+02
1.000000e+02, 2.564801e+02
1.000000e+02, 2.563038e+02
1.000000e+02, 2.561289e+02
1.000000e+02, 2.559555e+02
1.000000e+02, 2.557835e+02
1.000000e+02, 2.556129e+02
1.000000e+02, 2.554438e+02
1.000000e+02, 2.552761e+02
1.000000e+02, 2.551098e+02
1.000000e+02, 2.549450e+02
1.000000e+02, 2.547816e+02
1.000000e+02, 2.546196e+02
1.000000e+02, 2.544590e+02
1.000000e+02, 2.542998e+02
1.000000e+02, 2.541421e+02
1.000000e+02, 2.539858e+02
1.000000e+02, 2.538308e+02
1.000000e+02, 2.536773e+02
1.000000e+02, 2.535252e+02
1.000000e+02, 2.533745e+02
1.000000e+02, 2.532253e+02
1.000000e+02, 2.530774e+02
1.000000e+02, 2.529309e+02
1.000000e+02, 2.527858e+02
1.000000e+02, 2.526421e+02
1.000000e+02, 2.524998e+02
1.000000e+02, 2.523589e+02
1.000000e+02, 2.522194e+02
1.000000e+02, 2.520813e+02
1.000000e+02, 2.519445e+02
1.000000e+02, 2.518092e+02
1.000000e+02, 2.516752e+02
1.000000e+02, 2.515426e+02
1.000000e+02, 2.514114e+02
1.000000e+02, 2.512816e+02
1.000000e+02, 2.511531e+02
1.000000e+02, 2.510260e+02
1.000000e+02, 2.509003e+02
1.000000e+02, 2.507760e+02
1.000000e+02, 2.506530e+02
1.000000e+02, 2.505314e+02
1.000000e+02, 2.504112e+02
1.000000e+02, 2.502923e+02
1.000000e+02, 2.501748e+02
1.000000e+02, 2.500587e+02
1.000000e+02, 2.499439e+02
1.000000e+02, 2.498305e+02
1.000000e+02, 2.497184e+02
1.000000e+02, 2.496077e+02
1.000000e+02, 2.494984e+02
1.000000e+02, 2.493904e+02
1.000000e+02, 2.492837e+02
1.000000e+02, 2.491784e+02
1.000000e+02, 2.490745e+02
1.000000e+02, 2.489719e+02
1.000000e+02, 2.488706e+02
1.000000e+02, 2.487707e+02
1.000000e+02, 2.486722e+02
1.000000e+02, 2.485750e+02
1.000000e+02, 2.484791e+02
1.000000e+02, 2.483846e+02
1.000000e+02, 2.482914e+02
1.000000e+02, 2.481995e+02
1.000000e+02, 2.481090e+02
1.000000e+02, 2.480198e+02
1.000000e+02, 2.479320e+02
1.000000e+02, 2.478455e+02
1.000000e+02, 2.477603e+02
1.000000e+02, 2.476765e+02
1.000000e+02, 2.475940e+02
1.000000e+02, 2.475128e+02
1.000000e+02, 2.474329e+02
1.000000e+02, 2.473544e+02
1.000000e+02, 2.472772e+02
1.000000e+02, 2.472013e+02
1.000000e+02, 2.471268e+02
1.000000e+02, 2.470536e+02
1.000000e+02, 2.469817e+02
1.000000e+02, 2.469111e+02
1.000000e+02, 2.468419e+02
1.000000e+02, 2.467739e+02
1.000000e+02, 2.467073e+02
1.000000e+02, 2.466420e+02
1.000000e+02, 2.465781e+02
1.000000e+02, 2.465154e+02
1.000000e+02, 2.464541e+02
1.000000e+02, 2.463940e+02
1.000000e+02, 2.463353e+02
1.000000e+02, 2.462779e+02
1.000000e+02, 2.462219e+02
1.000000e+02, 2.461671e+02
1.000000e+02, 2.461137e+02
1.000000e+02, 2.460615e+02
1.000000e+02, 2.460107e+02
1.000000e+02, 2.459612e+02
1.000000e+02, 2.459130e+02
1.000000e+02, 2.458661e+02
1.000000e+02, 2.458205e+02
1.000000e+02, 2.457762e+02
1.000000e+02, 2.457332e+02
1.000000e+02, 2.456916e+02
1.000000e+02, 2.456512e+02
1.000000e+02, 2.456122e+02
1.000000e+02, 2.455744e+02
1.000000e+02, 2.455380e+02
1.000000e+02, 2.455028e+02
1.000000e+02, 2.454690e+02
1.000000e+02, 2.454365e+02
1.000000e+02, 2.454053e+02
1.000000e+02, 2.453754e+02
1.000000e+02, 2.453467e+02
1.000000e+02, 2.453194e+02
1.000000e+02, 2.452934e+02
1.000000e+02, 2.452687e+02
1.000000e+02, 2.452453e+02
1.000000e+02, 2.452232e+02
1.000000e+02, 2.452024e+02
1.000000e+02, 2.451829e+02
1.000000e+02, 2.451647e+02
1.000000e+02, 2.451478e+02
1.000000e+02, 2.451322e+02
1.000000e+02, 2.451179e+02
1.000000e+02, 2.451049e+02
1.000000e+02, 2.450932e+02
1.000000e+02, 2.450828e+02
1.000000e+02, 2.450737e+02
1.000000e+02, 2.450660e+02
1.000000e+02, 2.450595e+02
1.000000e+02, 2.450543e+02
1.000000e+02, 2.450504e+02
1.000000e+02, 2.450478e+02
1.000000e+02, 2.450465e+02
1.000000e+02, 2.450465e+02
1.000000e+02, 2.450478e+02
1.000000e+02, 2.450504e+02
1.000000e+02, 2.450543e+02
1.000000e+02, 2.450595e+02
1.000000e+02, 2.450660e+02
1.000000e+02, 2.450737e+02
1.000000e+02, 2.450828e+02
1.000000e+02, 2.450932e+02
1.000000e+02, 2.451049e+02
1.000000e+02, 2.451179e+02
1.000000e+02, 2.451322e+02
1.000000e+02, 2.451478e+02
1.000000e+02, 2.451647e+02
1.000000e+02, 2.451829e+02
1.000000e+02, 2.452024e+02
1.000000e+02, 2.452232e+02
1.000000e+02, 2.452453e+02
1.000000e+02, 2.452687e+02
1.000000e+02, 2.452934e+02
1.000000e+02, 2.453194e+02
1.000000e+02, 2.453467e+02
1.000000e+02, 2.453754e+02
1.000000e+02, 2.454053e+02
1.000000e+02, 2.454365e+02
1.000000e+02, 2.454690e+02
1.000000e+02, 2.455028e+02
1.000000e+02, 2.455380e+02
1.000000e+02, 2.455744e+02
1.000000e+02, 2.456122e+02
1.000000e+02, 2.456512e+02
1.000000e+02, 2.456916e+02
1.000000e+02, 2.457332e+02
1.000000e+02, 2.457762e+02
1.000000e+02, 2.458205e+02
1.000000e+02, 2.458661e+02
1.000000e+02, 2.459130e+02
1.000000e+02, 2.459612e+02
1.000000e+02, 2.460107e+02
1.000000e+02, 2.460615e+02
1.000000e+02, 2.461137e+02
1.000000e+02, 2.461671e+02
1.000000e+02, 2.462219e+02
1.000000e+02, 2.462779e+02
1.000000e+02, 2.463353e+02
1.000000e+02, 2.463940e+02
1.000000e+02, 2.464541e+02
1.000000e+02, 2.465154e+02
1.000000e+02, 2.465781e+02
1.000000e+02, 2.466420e+02
1.000000e+02, 2.467073e+02
1.000000e+02, 2.467739e+02
1.000000e+02, 2.468419e+02
1.000000e+02, 2.469111e+02
1.000000e+02, 2.469817e+02
1.000000e+02, 2.470536e+02
1.000000e+02, 2.471268e+02
1.000000e+02, 2.472013e+02
1.000000e+02, 2.472772e+02
1.000000e+02, 2.473544e+02
1.000000e+02, 2.474329e+02
1.000000e+02, 2.475128e+02
1.000000e+02, 2.475940e+02
1.000000e+02, 2.476765e+02
1.000000e+02, 2.477603e+02
1.000000e+02, 2.478455e+02
1.000000e+02, 2.479320e+02
1.000000e+02, 2.480198e+02
1.000000e+02, 2.481090e+02
1.000000e+02, 2.481995e+02
1.000000e+02, 2.482914e+02
1.000000e+02, 2.483846e+02
1.000000e+02, 2.484791e+02
1.000000e+02, 2.485750e+02
1.000000e+02, 2.486722e+02
1.000000e+02, 2.487707e+02
1.000000e+02, 2.488706e+02
1.000000e+02, 2.489719e+02
1.000000e+02, 2.490745e+02
1.000000e+02, 2.491784e+02
1.000000e+02, 2.492837e+02
1.000000e+02, 2.493904e+02
1.000000e+02, 2.494984e+02
1.000000e+02, 2.496077e+02
1.000000e+02, 2.497184e+02
1.000000e+02, 2.498305e+02
1.000000e+02, 2.499439e+02
1.000000e+02, 2.500587e+02
1.000000e+02, 2.501748e+02
1.000000e+02, 2.502923e+02
1.000000e+02, 2.504112e+02
1.000000e+02, 2.505314e+02
1.000000e+02, 2.506530e+02
1.000000e+02, 2.507760e+02
1.000000e+02, 2.509003e+02
1.000000e+02, 2.510260e+02
1.000000e+02, 2.511531e+02
1.000000e+02, 2.512816e+02
1.000000e+02, 2.514114e+02
1.000000e+02, 2.515426e+02
1.000000e+02, 2.516752e+02
1.000000e+02, 2.518092e+02
1.000000e+02, 2.519445e+02
1.000000e+02, 2.520813e+02
1.000000e+02, 2.522194e+02
1.000000e+02, 2.523589e+02
1.000000e+02, 2.524998e+02
1.000000e+02, 2.526421e+02
1.000000e+02, 2.527858e+02
1.000000e+02, 2.529309e+02
1.000000e+02, 2.530774e+02
1.000000e+02, 2.532253e+02
1.000000e+02, 2.533745e+02
1.000000e+02, 2.535252e+02
1.000000e+02, 2.536773e+02
1.000000e+02, 2.538308e+02
1.000000e+02, 2.539858e+02
1.000000e+02, 2.541421e+02
1.000000e+02, 2.542998e+02
1.000000e+02, 2.544590e+02
1.000000e+02, 2.546196e+02
1.000000e+02, 2.547816e+02
1.000000e+02, 2.549450e+02
1.000000e+02, 2.551098e+02
1.000000e+02, 2.552761e+02
1.000000e+02, 2.554438e+02
1.000000e+02, 2.556129e+02
1.000000e+02, 2.557835e+02
1.000000e+02, 2.559555e+02
1.000000e+02, 2.561289e+02
1.000000e+02, 2.563038e+02
1.000000e+02, 2.564801e+02
1.000000e+02, 2.566579e+02
1.000000e+02, 2.568371e+02
1.000000e+02, 2.570178e+02
1.000000e+02, 2.571999e+02
1.000000e+02, 2.573835e+02
1.000000e+02, 2.575685e+02
1.000000e+02, 2.577550e+02
1.000000e+02, 2.579429e+02
1.000000e+02, 2.581324e+02
1.000000e+02, 2.583233e+02
1.000000e+02, 2.585156e+02
1.000000e+02, 2.587094e+02
1.000000e+02, 2.589048e+02
1.000000e+02, 2.591016e+02
1.000000e+02, 2.592998e+02
1.000000e+02, 2.594996e+02
1.000000e+02, 2.597008e+02
1.000000e+02, 2.599036e+02
1.000000e+02, 2.601078e+02
1.000000e+02, 2.603135e+02
1.000000e+02, 2.605208e+02
1.000000e+02, 2.607295e+02
1.000000e+02, 2.609397e+02
1.000000e+02, 2.611515e+02
1.000000e+02, 2.613647e+02
1.000000e+02, 2.615795e+02
1.000000e+02, 2.617958e+02
1.000000e+02, 2.620136e+02
1.000000e+02, 2.622329e+02
1.000000e+02, 2.624538e+02
1.000000e+02, 2.626762e+02
1.000000e+02, 2.629001e+02
1.000000e+02, 2.631255e+02
1.000000e+02, 2.633526e+02
1.000000e+02, 2.635811e+02
1.000000e+02, 2.638112e+02
1.000000e+02, 2.640428e+02
1.000000e+02, 2.642760e+02
1.000000e+02, 2.645108e+02
1.000000e+02, 2.647471e+02
1.000000e+02, 2.649850e+02
1.000000e+02, 2.652245e+02
1.000000e+02, 2.654655e+02
1.000000e+02, 2.657081e+02
1.000000e+02, 2.659523e+02
1.000000e+02, 2.661980e+02
1.000000e+02, 2.664454e+02
1.000000e+02, 2.666943e+02
1.000000e+02, 2.669449e+02
1.000000e+02, 2.671970e+02
1.000000e+02, 2.674507e+02
1.000000e+02, 2.677061e+02
1.000000e+02, 2.679631e+02
1.000000e+02, 2.682216e+02
1.000000e+02, 2.684818e+02
1.000000e+02, 2.687437e+02
1.000000e+02, 2.690071e+02
1.000000e+02, 2.692722e+02
1.000000e+02, 2.695389e+02
1.000000e+02, 2.698073e+02
1.000000e+02, 2.700773e+02
1.000000e+02, 2.703489e+02
1.000000e+02, 2.706222e+02
1.000000e+02, 2.708972e+02
1.000000e+02, 2.711738e+02
1.000000e+02, 2.714521e+02
1.000000e+02, 2.717321e+02
1.000000e+02, 2.720137e+02
1.000000e+02, 2.722970e+02
1.000000e+02, 2.725820e+02
1.000000e+02, 2.728687e+02
1.000000e+02, 2.731571e+02
1.000000e+02, 2.734472e+02
1.000000e+02, 2.737390e+02
1.000000e+02, 2.740325e+02
1.000000e+02, 2.743278e+02
1.000000e+02, 2.746247e+02
1.000000e+02, 2.749234e+02
1.000000e+02, 2.752238e+02
1.000000e+02, 2.755260e+02
1.000000e+02, 2.758299e+02
1.000000e+02, 2.761355e+02
1.000000e+02, 2.764429e+02
1.000000e+02, 2.767520e+02
1.000000e+02, 2.770629e+02
1.000000e+02, 2.773756e+02
1.000000e+02, 2.776901e+02
1.000000e+02, 2.780063e+02
1.000000e+02, 2.783243e+02
1.000000e+02, 2.786441e+02
1.000000e+02, 2.789657e+02
1.000000e+02, 2.792892e+02
1.000000e+02, 2.796144e+02
1.000000e+02, 2.799414e+02
1.000000e+02, 2.802703e+02
1.000000e+02, 2.806010e+02
1.000000e+02, 2.809335e+02
1.000000e+02, 2.812679e+02
1.000000e+02, 2.816041e+02
1.000000e+02, 2.819421e+02
1.000000e+02, 2.822821e+02
1.000000e+02, 2.826239e+02
1.000000e+02, 2.829675e+02
1.000000e+02, 2.833131e+02
1.000000e+02, 2.836605e+02
1.000000e+02, 2.840098e+02
1.000000e+02, 2.843611e+02
1.000000e+02, 2.847142e+02
1.000000e+02, 2.850692e+02
1.000000e+02, 2.854262e+02
1.000000e+02, 2.857851e+02
1.000000e+02, 2.861459e+02
1.000000e+02, 2.865087e+02
1.000000e+02, 2.868734e+02
1.000000e+02, 2.872401e+02
1.000000e+02, 2.876088e+02
1.000000e+02, 2.879794e+02
1.000000e+02, 2.883520e+02
1.000000e+02, 2.887266e+02
1.000000e+02, 2.891032e+02
1.000000e+02, 2.894818e+02
1.000000e+02, 2.898624e+02
1.000000e+02, 2.902450e+02
1.000000e+02, 2.906296e+02
1.000000e+02, 2.910163e+02
1.000000e+02, 2.914051e+02
1.000000e+02, 2.917959e+02
1.000000e+02, 2.921887e+02
1.000000e+02, 2.925836e+02
1.000000e+02, 2.929806e+02
1.000000e+02, 2.933797e+02
1.000000e+02, 2.937809e+02
1.000000e+02, 2.941842e+02
1.000000e+02, 2.945897e+02
1.000000e+02, 2.949972e+02
1.000000e+02, 2.954069e+02
1.000000e+02, 2.958187e+02
1.000000e+02, 2.962327e+02
1.000000e+02, 2.966488e+02
1.000000e+02, 2.970671e+02
1.000000e+02, 2.974876e+02
1.000000e+02, 2.979103e+02
1.000000e+02, 2.983352e+02
1.000000e+02, 2.987623e+02
1.000000e+02, 2.991916e+02
1.000000e+02, 2.996232e+02
1.000000e+02, 3.000570e+02
1.000000e+02, 3.004931e+02
1.000000e+02, 3.009314e+02
1.000000e+02, 3.013720e+02
1.000000e+02, 3.018149e+02
1.000000e+02, 3.022601e+02
1.000000e+02, 3.027077e+02
1.000000e+02, 3.031575e+02
1.000000e+02, 3.036097e+02
1.000000e+02, 3.040642e+02
1.000000e+02, 3.045211e+02
1.000000e+02, 3.049803e+02
1.000000e+02, 3.054419e+02
1.000000e+02, 3.059060e+02
1.000000e+02, 3.063724e+02
1.000000e+02, 3.068413e+02
1.000000e+02, 3.073125e+02
1.000000e+02, 3.077863e+02
1.000000e+02, 3.082625e+02
1.000000e+02, 3.087411e+02
1.000000e+02, 3.092223e+02
1.000000e+02, 3.097060e+02
1.000000e+02, 3.101921e+02
1.000000e+02, 3.106808e+02
1.000000e+02, 3.111721e+02
1.000000e+02, 3.116659e+02
1.000000e+02, 3.121622e+02
1.000000e+02, 3.126612e+02
1.000000e+02, 3.131627e+02
1.000000e+02, 3.136669e+02
1.000000e+02, 3.141737e+02
1.000000e+02, 3.146831e+02
1.000000e+02, 3.151953e+02
1.000000e+02, 3.157100e+02
1.000000e+02, 3.162275e+02
1.000000e+02, 3.167477e+02
1.000000e+02, 3.172706e+02
1.000000e+02, 3.177963e+02
1.000000e+02, 3.183247e+02
1.000000e+02, 3.188559e+02
1.000000e+02, 3.193899e+02
1.000000e+02, 3.199267e+02
1.000000e+02, 3.204664e+02
1.000000e+02, 3.210089e+02
1.000000e+02, 3.215542e+02
1.000000e+02, 3.221025e+02
1.000000e+02, 3.226537e+02
1.000000e+02, 3.232077e+02
1.000000e+02, 3.237648e+02
1.000000e+02, 3.243248e+02
1.000000e+02, 3.248877e+02
1.000000e+02, 3.254537e+02
1.000000e+02, 3.260227e+02
1.000000e+02, 3.265948e+02
1.000000e+02, 3.271699e+02
1.000000e+02, 3.277481e+02
1.000000e+02, 3.283294e+02
1.000000e+02, 3.289139e+02
1.000000e+02, 3.295015e+02
1.000000e+02, 3.300923e+02
1.000000e+02, 3.306863e+02
1.000000e+02, 3.312836e+02
1.000000e+02, 3.318840e+02
1.000000e+02, 3.324878e+02
1.000000e+02, 3.330948e+02
1.000000e+02, 3.337052e+02
1.000000e+02, 3.343189e+02
1.000000e+02, 3.349360e+02
1.000000e+02, 3.355566e+02
1.000000e+02, 3.361805e+02
1.000000e+02, 3.368079e+02
1.000000e+02, 3.374388e+02
1.000000e+02, 3.380732e+02
1.000000e+02, 3.387111e+02
1.000000e+02, 3.393526e+02
1.000000e+02, 3.399977e+02
1.000000e+02, 3.406465e+02
1.000000e+02, 3.412989e+02
1.000000e+02, 3.419549e+02
1.000000e+02, 3.426148e+02
1.000000e+02, 3.432783e+02
1.000000e+02, 3.439457e+02
1.000000e+02, 3.446169e+02
1.000000e+02, 3.452919e+02
1.000000e+02, 3.459708e+02
1.000000e+02, 3.466537e+02
1.000000e+02, 3.473405e+02
1.000000e+02, 3.480313e+02
1.000000e+02, 3.487261e+02
1.000000e+02, 3.494250e+02
1.000000e+02, 3.501281e+02
1.000000e+02, 3.508352e+02
1.000000e+02, 3.515466e+02
1.000000e+02, 3.522622e+02
1.000000e+02, 3.529821e+02
1.000000e+02, 3.537062e+02
1.000000e+02, 3.544348e+02
1.000000e+02, 3.551677e+02
1.000000e+02, 3.559051e+02
1.000000e+02, 3.566470e+02
1.000000e+02, 3.573934e+02
1.000000e+02, 3.581444e+02
1.000000e+02, 3.589000e+02
1.000000e+02, 3.596603e+02
1.000000e+02, 4.253400e-01
1.000000e+02, 1.195163e+00
1.000000e+02, 1.969823e+00
1.000000e+02, 2.749372e+00
1.000000e+02, 3.533866e+00
1.000000e+02, 4.323361e+00
1.000000e+02, 5.117914e+00
1.000000e+02, 5.917582e+00
1.000000e+02, 6.722427e+00
1.000000e+02, 7.532508e+00
1.000000e+02, 8.347888e+00
1.000000e+02, 9.168631e+00
1.000000e+02, 9.994802e+00
1.000000e+02, 1.082647e+01
1.000000e+02, 1.166370e+01
1.000000e+02, 1.250656e+01
1.000000e+02, 1.335512e+01
1.000000e+02, 1.420947e+01
1.000000e+02, 1.506966e+01
1.000000e+02, 1.593579e+01
1.000000e+02, 1.680793e+01
1.000000e+02, 1.768615e+01
1.000000e+02, 1.857054e+01
1.000000e+02, 1.946120e+01
1.000000e+02, 2.035819e+01
1.000000e+02, 2.126162e+01
1.000000e+02, 2.217157e+01
1.000000e+02, 2.308814e+01
1.000000e+02, 2.401143e+01
1.000000e+02, 2.494153e+01
1.000000e+02, 2.587855e+01
1.000000e+02, 2.682259e+01
1.000000e+02, 2.777375e+01
1.000000e+02, 2.873216e+01
1.000000e+02, 2.969792e+01
1.000000e+02, 3.067115e+01
1.000000e+02, 3.165197e+01
1.000000e+02, 3.264051e+01
1.000000e+02, 3.363689e+01
1.000000e+02, 3.464124e+01
1.000000e+02, 3.565371e+01
1.000000e+02, 3.667442e+01
1.000000e+02, 3.770354e+01
1.000000e+02, 3.874119e+01
1.000000e+02, 3.978755e+01
1.000000e+02, 4.084276e+01
1.000000e+02, 4.190700e+01
1.000000e+02, 4.298043e+01
1.000000e+02, 4.406323e+01
1.000000e+02, 4.515558e+01
1.000000e+02, 4.625766e+01
1.000000e+02, 4.736968e+01
1.000000e+02, 4.849184e+01
1.000000e+02, 4.962434e+01
1.000000e+02, 5.076740e+01
1.000000e+02, 5.192125e+01
1.000000e+02, 5.308612e+01
1.000000e+02, 5.426226e+01
1.000000e+02, 5.544992e+01
1.000000e+02, 5.664936e+01
1.000000e+02, 5.786086e+01
1.000000e+02, 5.908470e+01
1.000000e+02, 6.032118e+01
1.000000e+02, 6.157061e+01
1.000000e+02, 6.283332e+01
1.000000e+02, 6.410964e+01
1.000000e+02, 6.539993e+01
1.000000e+02, 6.670456e+01
1.000000e+02, 6.802392e+01
1.000000e+02, 6.935842e+01
1.000000e+02, 7.070848e+01
1.000000e+02, 7.207455e+01
1.000000e+02, 7.345710e+01
1.000000e+02, 7.485664e+01
1.000000e+02, 7.627368e+01
1.000000e+02, 7.770878e+01
1.000000e+02, 7.916253e+01
1.000000e+02, 8.063552e+01
1.000000e+02, 8.212843e+01
1.000000e+02, 8.364195e+01
1.000000e+02, 8.517680e+01
1.000000e+02, 8.673377e+01
1.000000e+02, 8.831369e+01
1.000000e+02, 8.991745e+01
1.000000e+02, 9.154600e+01
1.000000e+02, 9.320035e+01
1.000000e+02, 9.488160e+01
1.000000e+02, 9.659091e+01
1.000000e+02, 9.832955e+01
1.000000e+02, 1.000989e+02
1.000000e+02, 1.019004e+02
1.000000e+02, 1.037356e+02
1.000000e+02, 1.056063e+02
1.000000e+02, 1.075145e+02
1.000000e+02, 1.094621e+02
1.000000e+02, 1.114515e+02
1.000000e+02, 1.134852e+02
1.000000e+02, 1.155659e+02
1.000000e+02, 1.176968e+02
1.000000e+02, 1.198814e+02
1.000000e+02, 1.221235e+02
1.000000e+02, 1.244275e+02
1.000000e+02, 1.267984e+02
1.000000e+02, 1.292421e+02
1.000000e+02, 1.317649e+02
1.000000e+02, 1.343748e+02
1.000000e+02, 1.370807e+02
1.000000e+02, 1.398933e+02
1.000000e+02, 1.428256e+02
1.000000e+02, 1.458935e+02
1.000000e+02, 1.491168e+02
1.000000e+02, 1.525205e+02
1.000000e+02, 1.561376e+02
1.000000e+02, 1.600123e+02
1.000000e+02, 1.642073e+02
1.000000e+02, 1.688156e+02
1.000000e+02, 1.739880e+02
1.000000e+02, 1.800000e+02
##END= 