##TITLE= /opt/topspin3.0/exp/stan/nmr/lists/wave/user/HypSec_trunc2.84_110
##JCAMP-DX= 5.00 Bruker JCAMP library
##DATA TYPE= Shape Data
##ORIGIN= Bruker BioSpin GmbH
##OWNER= <nmrsu>
##DATE= 15/02/24
##TIME= 16:15:04
##MINX= 1.164538e+01
##MAXX= 9.999960e+01
##MINY= 2.546774e-02
##MAXY= 3.585574e+02
##$SHAPE_EXMODE= Adiabatic
##$SHAPE_TOTROT= 1.800000e+02
##$SHAPE_BWFAC= 1.929340e+02
##$SHAPE_INTEGFAC= 2.356110e-02
##$SHAPE_MODE= 0
##NPOINTS= 1000
##XYPOINTS= (XY..XY)
1.000000e+02, 1.800000e+02
1.000000e+02, 1.746523e+02
1.000000e+02, 1.700515e+02
1.000000e+02, 1.659523e+02
1.000000e+02, 1.622209e+02
1.000000e+02, 1.587743e+02
1.000000e+02, 1.555569e+02
1.000000e+02, 1.525293e+02
1.000000e+02, 1.496622e+02
1.000000e+02, 1.469333e+02
1.000000e+02, 1.443250e+02
1.000000e+02, 1.418231e+02
1.000000e+02, 1.394162e+02
1.000000e+02, 1.370948e+02
1.000000e+02, 1.348507e+02
1.000000e+02, 1.326771e+02
1.000000e+02, 1.305681e+02
1.000000e+02, 1.285186e+02
1.000000e+02, 1.265243e+02
1.000000e+02, 1.245811e+02
1.000000e+02, 1.226857e+02
1.000000e+02, 1.208349e+02
1.000000e+02, 1.190259e+02
1.000000e+02, 1.172563e+02
1.000000e+02, 1.155239e+02
1.000000e+02, 1.138266e+02
1.000000e+02, 1.121626e+02
1.000000e+02, 1.105301e+02
1.000000e+02, 1.089277e+02
1.000000e+02, 1.073539e+02
1.000000e+02, 1.058074e+02
1.000000e+02, 1.042869e+02
1.000000e+02, 1.027915e+02
1.000000e+02, 1.013199e+02
1.000000e+02, 9.987132e+01
1.000000e+02, 9.844477e+01
1.000000e+02, 9.703942e+01
1.000000e+02, 9.565450e+01
1.000000e+02, 9.428924e+01
1.000000e+02, 9.294297e+01
1.000000e+02, 9.161502e+01
1.000000e+02, 9.030479e+01
1.000000e+02, 8.901168e+01
1.000000e+02, 8.773515e+01
1.000000e+02, 8.647469e+01
1.000000e+02, 8.522980e+01
1.000000e+02, 8.400001e+01
1.000000e+02, 8.278488e+01
1.000000e+02, 8.158400e+01
1.000000e+02, 8.039697e+01
1.000000e+02, 7.922339e+01
1.000000e+02, 7.806292e+01
1.000000e+02, 7.691520e+01
1.000000e+02, 7.577991e+01
1.000000e+02, 7.465673e+01
1.000000e+02, 7.354536e+01
1.000000e+02, 7.244550e+01
1.000000e+02, 7.135690e+01
1.000000e+02, 7.027926e+01
1.000000e+02, 6.921236e+01
1.000000e+02, 6.815593e+01
1.000000e+02, 6.710975e+01
1.000000e+02, 6.607360e+01
1.000000e+02, 6.504724e+01
1.000000e+02, 6.403049e+01
1.000000e+02, 6.302312e+01
1.000000e+02, 6.202496e+01
1.000000e+02, 6.103582e+01
1.000000e+02, 6.005551e+01
1.000000e+02, 5.908386e+01
1.000000e+02, 5.812071e+01
1.000000e+02, 5.716589e+01
1.000000e+02, 5.621925e+01
1.000000e+02, 5.528064e+01
1.000000e+02, 5.434990e+01
1.000000e+02, 5.342690e+01
1.000000e+02, 5.251150e+01
1.000000e+02, 5.160357e+01
1.000000e+02, 5.070298e+01
1.000000e+02, 4.980960e+01
1.000000e+02, 4.892332e+01
1.000000e+02, 4.804402e+01
1.000000e+02, 4.717157e+01
1.000000e+02, 4.630588e+01
1.000000e+02, 4.544684e+01
1.000000e+02, 4.459433e+01
1.000000e+02, 4.374827e+01
1.000000e+02, 4.290854e+01
1.000000e+02, 4.207506e+01
1.000000e+02, 4.124773e+01
1.000000e+02, 4.042647e+01
1.000000e+02, 3.961118e+01
1.000000e+02, 3.880177e+01
1.000000e+02, 3.799817e+01
1.000000e+02, 3.720029e+01
1.000000e+02, 3.640805e+01
1.000000e+02, 3.562138e+01
1.000000e+02, 3.484020e+01
1.000000e+02, 3.406443e+01
1.000000e+02, 3.329401e+01
1.000000e+02, 3.252886e+01
1.000000e+02, 3.176892e+01
1.000000e+02, 3.101412e+01
1.000000e+02, 3.026439e+01
1.000000e+02, 2.951967e+01
1.000000e+02, 2.877990e+01
1.000000e+02, 2.804502e+01
1.000000e+02, 2.731497e+01
1.000000e+02, 2.658969e+01
1.000000e+02, 2.586912e+01
1.000000e+02, 2.515321e+01
1.000000e+02, 2.444190e+01
1.000000e+02, 2.373514e+01
1.000000e+02, 2.303288e+01
1.000000e+02, 2.233507e+01
1.000000e+02, 2.164166e+01
1.000000e+02, 2.095260e+01
1.000000e+02, 2.026784e+01
1.000000e+02, 1.958734e+01
1.000000e+02, 1.891104e+01
1.000000e+02, 1.823891e+01
1.000000e+02, 1.757090e+01
1.000000e+02, 1.690697e+01
1.000000e+02, 1.624707e+01
1.000000e+02, 1.559117e+01
1.000000e+02, 1.493922e+01
1.000000e+02, 1.429119e+01
1.000000e+02, 1.364703e+01
1.000000e+02, 1.300671e+01
1.000000e+02, 1.237019e+01
1.000000e+02, 1.173743e+01
1.000000e+02, 1.110839e+01
1.000000e+02, 1.048305e+01
1.000000e+02, 9.861366e+00
1.000000e+02, 9.243301e+00
1.000000e+02, 8.628825e+00
1.000000e+02, 8.017905e+00
1.000000e+02, 7.410508e+00
1.000000e+02, 6.806602e+00
1.000000e+02, 6.206157e+00
1.000000e+02, 5.609141e+00
1.000000e+02, 5.015525e+00
1.000000e+02, 4.425278e+00
1.000000e+02, 3.838372e+00
1.000000e+02, 3.254779e+00
1.000000e+02, 2.674469e+00
1.000000e+02, 2.097416e+00
1.000000e+02, 1.523592e+00
1.000000e+02, 9.529698e-01
1.000000e+02, 3.855242e-01
1.000000e+02, 3.598212e+02
1.000000e+02, 3.592601e+02
1.000000e+02, 3.587020e+02
1.000000e+02, 3.581470e+02
1.000000e+02, 3.575950e+02
1.000000e+02, 3.570461e+02
1.000000e+02, 3.565002e+02
1.000000e+02, 3.559573e+02
1.000000e+02, 3.554173e+02
1.000000e+02, 3.548803e+02
1.000000e+02, 3.543461e+02
1.000000e+02, 3.538149e+02
1.000000e+02, 3.532865e+02
1.000000e+02, 3.527610e+02
1.000000e+02, 3.522383e+02
1.000000e+02, 3.517185e+02
1.000000e+02, 3.512014e+02
1.000000e+02, 3.506870e+02
1.000000e+02, 3.501755e+02
1.000000e+02, 3.496666e+02
1.000000e+02, 3.491605e+02
1.000000e+02, 3.486570e+02
1.000000e+02, 3.481563e+02
1.000000e+02, 3.476582e+02
1.000000e+02, 3.471627e+02
1.000000e+02, 3.466698e+02
1.000000e+02, 3.461796e+02
1.000000e+02, 3.456919e+02
1.000000e+02, 3.452068e+02
1.000000e+02, 3.447242e+02
1.000000e+02, 3.442442e+02
1.000000e+02, 3.437667e+02
1.000000e+02, 3.432917e+02
1.000000e+02, 3.428192e+02
1.000000e+02, 3.423492e+02
1.000000e+02, 3.418816e+02
1.000000e+02, 3.414165e+02
1.000000e+02, 3.409538e+02
1.000000e+02, 3.404935e+02
1.000000e+02, 3.400356e+02
1.000000e+02, 3.395800e+02
1.000000e+02, 3.391269e+02
1.000000e+02, 3.386761e+02
1.000000e+02, 3.382276e+02
1.000000e+02, 3.377815e+02
1.000000e+02, 3.373377e+02
1.000000e+02, 3.368961e+02
1.000000e+02, 3.364569e+02
1.000000e+02, 3.360200e+02
1.000000e+02, 3.355853e+02
1.000000e+02, 3.351528e+02
1.000000e+02, 3.347226e+02
1.000000e+02, 3.342946e+02
1.000000e+02, 3.338688e+02
1.000000e+02, 3.334453e+02
1.000000e+02, 3.330239e+02
1.000000e+02, 3.326047e+02
1.000000e+02, 3.321876e+02
1.000000e+02, 3.317727e+02
1.000000e+02, 3.313600e+02
1.000000e+02, 3.309493e+02
1.000000e+02, 3.305408e+02
1.000000e+02, 3.301344e+02
1.000000e+02, 3.297301e+02
1.000000e+02, 3.293279e+02
1.000000e+02, 3.289278e+02
1.000000e+02, 3.285297e+02
1.000000e+02, 3.281337e+02
1.000000e+02, 3.277398e+02
1.000000e+02, 3.273478e+02
1.000000e+02, 3.269579e+02
1.000000e+02, 3.265701e+02
1.000000e+02, 3.261842e+02
1.000000e+02, 3.258003e+02
1.000000e+02, 3.254184e+02
1.000000e+02, 3.250385e+02
1.000000e+02, 3.246605e+02
1.000000e+02, 3.242846e+02
1.000000e+02, 3.239105e+02
1.000000e+02, 3.235384e+02
1.000000e+02, 3.231683e+02
1.000000e+02, 3.228001e+02
1.000000e+02, 3.224337e+02
1.000000e+02, 3.220693e+02
1.000000e+02, 3.217068e+02
1.000000e+02, 3.213462e+02
1.000000e+02, 3.209875e+02
1.000000e+02, 3.206306e+02
1.000000e+02, 3.202756e+02
1.000000e+02, 3.199225e+02
1.000000e+02, 3.195712e+02
1.000000e+02, 3.192217e+02
1.000000e+02, 3.188741e+02
1.000000e+02, 3.185283e+02
1.000000e+02, 3.181844e+02
1.000000e+02, 3.178422e+02
1.000000e+02, 3.175019e+02
1.000000e+02, 3.171633e+02
1.000000e+02, 3.168266e+02
1.000000e+02, 3.164916e+02
1.000000e+02, 3.161584e+02
1.000000e+02, 3.158270e+02
1.000000e+02, 3.154973e+02
1.000000e+02, 3.151694e+02
1.000000e+02, 3.148432e+02
1.000000e+02, 3.145188e+02
1.000000e+02, 3.141961e+02
1.000000e+02, 3.138751e+02
1.000000e+02, 3.135559e+02
1.000000e+02, 3.132384e+02
1.000000e+02, 3.129226e+02
1.000000e+02, 3.126085e+02
1.000000e+02, 3.122960e+02
1.000000e+02, 3.119853e+02
1.000000e+02, 3.116763e+02
1.000000e+02, 3.113689e+02
1.000000e+02, 3.110632e+02
1.000000e+02, 3.107592e+02
1.000000e+02, 3.104568e+02
1.000000e+02, 3.101561e+02
1.000000e+02, 3.098571e+02
1.000000e+02, 3.095596e+02
1.000000e+02, 3.092639e+02
1.000000e+02, 3.089697e+02
1.000000e+02, 3.086772e+02
1.000000e+02, 3.083863e+02
1.000000e+02, 3.080970e+02
1.000000e+02, 3.078093e+02
1.000000e+02, 3.075232e+02
1.000000e+02, 3.072388e+02
1.000000e+02, 3.069559e+02
1.000000e+02, 3.066746e+02
1.000000e+02, 3.063949e+02
1.000000e+02, 3.061168e+02
1.000000e+02, 3.058402e+02
1.000000e+02, 3.055652e+02
1.000000e+02, 3.052918e+02
1.000000e+02, 3.050199e+02
1.000000e+02, 3.047496e+02
1.000000e+02, 3.044809e+02
1.000000e+02, 3.042136e+02
1.000000e+02, 3.039480e+02
1.000000e+02, 3.036838e+02
1.000000e+02, 3.034212e+02
1.000000e+02, 3.031601e+02
1.000000e+02, 3.029006e+02
1.000000e+02, 3.026425e+02
1.000000e+02, 3.023860e+02
1.000000e+02, 3.021310e+02
1.000000e+02, 3.018775e+02
1.000000e+02, 3.016254e+02
1.000000e+02, 3.013749e+02
1.000000e+02, 3.011259e+02
1.000000e+02, 3.008783e+02
1.000000e+02, 3.006323e+02
1.000000e+02, 3.003877e+02
1.000000e+02, 3.001446e+02
1.000000e+02, 2.999030e+02
1.000000e+02, 2.996628e+02
1.000000e+02, 2.994241e+02
1.000000e+02, 2.991869e+02
1.000000e+02, 2.989511e+02
1.000000e+02, 2.987167e+02
1.000000e+02, 2.984838e+02
1.000000e+02, 2.982524e+02
1.000000e+02, 2.980224e+02
1.000000e+02, 2.977938e+02
1.000000e+02, 2.975667e+02
1.000000e+02, 2.973410e+02
1.000000e+02, 2.971167e+02
1.000000e+02, 2.968938e+02
1.000000e+02, 2.966724e+02
1.000000e+02, 2.964524e+02
1.000000e+02, 2.962338e+02
1.000000e+02, 2.960166e+02
1.000000e+02, 2.958008e+02
1.000000e+02, 2.955864e+02
1.000000e+02, 2.953734e+02
1.000000e+02, 2.951618e+02
1.000000e+02, 2.949516e+02
1.000000e+02, 2.947428e+02
1.000000e+02, 2.945353e+02
1.000000e+02, 2.943293e+02
1.000000e+02, 2.941246e+02
1.000000e+02, 2.939213e+02
1.000000e+02, 2.937194e+02
1.000000e+02, 2.935189e+02
1.000000e+02, 2.933197e+02
1.000000e+02, 2.931219e+02
1.000000e+02, 2.929254e+02
1.000000e+02, 2.927303e+02
1.000000e+02, 2.925366e+02
1.000000e+02, 2.923442e+02
1.000000e+02, 2.921531e+02
1.000000e+02, 2.919635e+02
1.000000e+02, 2.917751e+02
1.000000e+02, 2.915881e+02
1.000000e+02, 2.914024e+02
1.000000e+02, 2.912181e+02
1.000000e+02, 2.910351e+02
1.000000e+02, 2.908534e+02
1.000000e+02, 2.906731e+02
1.000000e+02, 2.904941e+02
1.000000e+02, 2.903164e+02
1.000000e+02, 2.901401e+02
1.000000e+02, 2.899650e+02
1.000000e+02, 2.897913e+02
1.000000e+02, 2.896189e+02
1.000000e+02, 2.894478e+02
1.000000e+02, 2.892780e+02
1.000000e+02, 2.891095e+02
1.000000e+02, 2.889423e+02
1.000000e+02, 2.887764e+02
1.000000e+02, 2.886118e+02
1.000000e+02, 2.884485e+02
1.000000e+02, 2.882865e+02
1.000000e+02, 2.881258e+02
1.000000e+02, 2.879664e+02
1.000000e+02, 2.878083e+02
1.000000e+02, 2.876514e+02
1.000000e+02, 2.874959e+02
1.000000e+02, 2.873416e+02
1.000000e+02, 2.871886e+02
1.000000e+02, 2.870369e+02
1.000000e+02, 2.868865e+02
1.000000e+02, 2.867373e+02
1.000000e+02, 2.865894e+02
1.000000e+02, 2.864428e+02
1.000000e+02, 2.862974e+02
1.000000e+02, 2.861533e+02
1.000000e+02, 2.860105e+02
1.000000e+02, 2.858689e+02
1.000000e+02, 2.857286e+02
1.000000e+02, 2.855895e+02
1.000000e+02, 2.854517e+02
1.000000e+02, 2.853152e+02
1.000000e+02, 2.851799e+02
1.000000e+02, 2.850459e+02
1.000000e+02, 2.849131e+02
1.000000e+02, 2.847815e+02
1.000000e+02, 2.846512e+02
1.000000e+02, 2.845222e+02
1.000000e+02, 2.843944e+02
1.000000e+02, 2.842678e+02
1.000000e+02, 2.841424e+02
1.000000e+02, 2.840183e+02
1.000000e+02, 2.838955e+02
1.000000e+02, 2.837738e+02
1.000000e+02, 2.836534e+02
1.000000e+02, 2.835343e+02
1.000000e+02, 2.834163e+02
1.000000e+02, 2.832996e+02
1.000000e+02, 2.831841e+02
1.000000e+02, 2.830699e+02
1.000000e+02, 2.829568e+02
1.000000e+02, 2.828450e+02
1.000000e+02, 2.827344e+02
1.000000e+02, 2.826250e+02
1.000000e+02, 2.825169e+02
1.000000e+02, 2.824099e+02
1.000000e+02, 2.823042e+02
1.000000e+02, 2.821997e+02
1.000000e+02, 2.820964e+02
1.000000e+02, 2.819943e+02
1.000000e+02, 2.818934e+02
1.000000e+02, 2.817937e+02
1.000000e+02, 2.816952e+02
1.000000e+02, 2.815980e+02
1.000000e+02, 2.815019e+02
1.000000e+02, 2.814071e+02
1.000000e+02, 2.813134e+02
1.000000e+02, 2.812209e+02
1.000000e+02, 2.811297e+02
1.000000e+02, 2.810396e+02
1.000000e+02, 2.809508e+02
1.000000e+02, 2.808631e+02
1.000000e+02, 2.807766e+02
1.000000e+02, 2.806914e+02
1.000000e+02, 2.806073e+02
1.000000e+02, 2.805244e+02
1.000000e+02, 2.804427e+02
1.000000e+02, 2.803622e+02
1.000000e+02, 2.802828e+02
1.000000e+02, 2.802047e+02
1.000000e+02, 2.801278e+02
1.000000e+02, 2.800520e+02
1.000000e+02, 2.799774e+02
1.000000e+02, 2.799040e+02
1.000000e+02, 2.798318e+02
1.000000e+02, 2.797608e+02
1.000000e+02, 2.796909e+02
1.000000e+02, 2.796223e+02
1.000000e+02, 2.795548e+02
1.000000e+02, 2.794885e+02
1.000000e+02, 2.794234e+02
1.000000e+02, 2.793594e+02
1.000000e+02, 2.792966e+02
1.000000e+02, 2.792350e+02
1.000000e+02, 2.791746e+02
1.000000e+02, 2.791154e+02
1.000000e+02, 2.790573e+02
1.000000e+02, 2.790004e+02
1.000000e+02, 2.789446e+02
1.000000e+02, 2.788901e+02
1.000000e+02, 2.788367e+02
1.000000e+02, 2.787845e+02
1.000000e+02, 2.787334e+02
1.000000e+02, 2.786835e+02
1.000000e+02, 2.786348e+02
1.000000e+02, 2.785873e+02
1.000000e+02, 2.785409e+02
1.000000e+02, 2.784957e+02
1.000000e+02, 2.784516e+02
1.000000e+02, 2.784088e+02
1.000000e+02, 2.783671e+02
1.000000e+02, 2.783265e+02
1.000000e+02, 2.782871e+02
1.000000e+02, 2.782489e+02
1.000000e+02, 2.782118e+02
1.000000e+02, 2.781759e+02
1.000000e+02, 2.781412e+02
1.000000e+02, 2.781076e+02
1.000000e+02, 2.780752e+02
1.000000e+02, 2.780440e+02
1.000000e+02, 2.780139e+02
1.000000e+02, 2.779849e+02
1.000000e+02, 2.779572e+02
1.000000e+02, 2.779306e+02
1.000000e+02, 2.779051e+02
1.000000e+02, 2.778808e+02
1.000000e+02, 2.778577e+02
1.000000e+02, 2.778357e+02
1.000000e+02, 2.778149e+02
1.000000e+02, 2.777952e+02
1.000000e+02, 2.777767e+02
1.000000e+02, 2.777594e+02
1.000000e+02, 2.777432e+02
1.000000e+02, 2.777282e+02
1.000000e+02, 2.777143e+02
1.000000e+02, 2.777016e+02
1.000000e+02, 2.776900e+02
1.000000e+02, 2.776796e+02
1.000000e+02, 2.776704e+02
1.000000e+02, 2.776623e+02
1.000000e+02, 2.776553e+02
1.000000e+02, 2.776496e+02
1.000000e+02, 2.776449e+02
1.000000e+02, 2.776415e+02
1.000000e+02, 2.776392e+02
1.000000e+02, 2.776380e+02
1.000000e+02, 2.776380e+02
1.000000e+02, 2.776392e+02
1.000000e+02, 2.776415e+02
1.000000e+02, 2.776449e+02
1.000000e+02, 2.776496e+02
1.000000e+02, 2.776553e+02
1.000000e+02, 2.776623e+02
1.000000e+02, 2.776704e+02
1.000000e+02, 2.776796e+02
1.000000e+02, 2.776900e+02
1.000000e+02, 2.777016e+02
1.000000e+02, 2.777143e+02
1.000000e+02, 2.777282e+02
1.000000e+02, 2.777432e+02
1.000000e+02, 2.777594e+02
1.000000e+02, 2.777767e+02
1.000000e+02, 2.777952e+02
1.000000e+02, 2.778149e+02
1.000000e+02, 2.778357e+02
1.000000e+02, 2.778577e+02
1.000000e+02, 2.778808e+02
1.000000e+02, 2.779051e+02
1.000000e+02, 2.779306e+02
1.000000e+02, 2.779572e+02
1.000000e+02, 2.779849e+02
1.000000e+02, 2.780139e+02
1.000000e+02, 2.780440e+02
1.000000e+02, 2.780752e+02
1.000000e+02, 2.781076e+02
1.000000e+02, 2.781412e+02
1.000000e+02, 2.781759e+02
1.000000e+02, 2.782118e+02
1.000000e+02, 2.782489e+02
1.000000e+02, 2.782871e+02
1.000000e+02, 2.783265e+02
1.000000e+02, 2.783671e+02
1.000000e+02, 2.784088e+02
1.000000e+02, 2.784516e+02
1.000000e+02, 2.784957e+02
1.000000e+02, 2.785409e+02
1.000000e+02, 2.785873e+02
1.000000e+02, 2.786348e+02
1.000000e+02, 2.786835e+02
1.000000e+02, 2.787334e+02
1.000000e+02, 2.787845e+02
1.000000e+02, 2.788367e+02
1.000000e+02, 2.788901e+02
1.000000e+02, 2.789446e+02
1.000000e+02, 2.790004e+02
1.000000e+02, 2.790573e+02
1.000000e+02, 2.791154e+02
1.000000e+02, 2.791746e+02
1.000000e+02, 2.792350e+02
1.000000e+02, 2.792966e+02
1.000000e+02, 2.793594e+02
1.000000e+02, 2.794234e+02
1.000000e+02, 2.794885e+02
1.000000e+02, 2.795548e+02
1.000000e+02, 2.796223e+02
1.000000e+02, 2.796909e+02
1.000000e+02, 2.797608e+02
1.000000e+02, 2.798318e+02
1.000000e+02, 2.799040e+02
1.000000e+02, 2.799774e+02
1.000000e+02, 2.800520e+02
1.000000e+02, 2.801278e+02
1.000000e+02, 2.802047e+02
1.000000e+02, 2.802828e+02
1.000000e+02, 2.803622e+02
1.000000e+02, 2.804427e+02
1.000000e+02, 2.805244e+02
1.000000e+02, 2.806073e+02
1.000000e+02, 2.806914e+02
1.000000e+02, 2.807766e+02
1.000000e+02, 2.808631e+02
1.000000e+02, 2.809508e+02
1.000000e+02, 2.810396e+02
1.000000e+02, 2.811297e+02
1.000000e+02, 2.812209e+02
1.000000e+02, 2.813134e+02
1.000000e+02, 2.814071e+02
1.000000e+02, 2.815019e+02
1.000000e+02, 2.815980e+02
1.000000e+02, 2.816952e+02
1.000000e+02, 2.817937e+02
1.000000e+02, 2.818934e+02
1.000000e+02, 2.819943e+02
1.000000e+02, 2.820964e+02
1.000000e+02, 2.821997e+02
1.000000e+02, 2.823042e+02
1.000000e+02, 2.824099e+02
1.000000e+02, 2.825169e+02
1.000000e+02, 2.826250e+02
1.000000e+02, 2.827344e+02
1.000000e+02, 2.828450e+02
1.000000e+02, 2.829568e+02
1.000000e+02, 2.830699e+02
1.000000e+02, 2.831841e+02
1.000000e+02, 2.832996e+02
1.000000e+02, 2.834163e+02
1.000000e+02, 2.835343e+02
1.000000e+02, 2.836534e+02
1.000000e+02, 2.837738e+02
1.000000e+02, 2.838955e+02
1.000000e+02, 2.840183e+02
1.000000e+02, 2.841424e+02
1.000000e+02, 2.842678e+02
1.000000e+02, 2.843944e+02
1.000000e+02, 2.845222e+02
1.000000e+02, 2.846512e+02
1.000000e+02, 2.847815e+02
1.000000e+02, 2.849131e+02
1.000000e+02, 2.850459e+02
1.000000e+02, 2.851799e+02
1.000000e+02, 2.853152e+02
1.000000e+02, 2.854517e+02
1.000000e+02, 2.855895e+02
1.000000e+02, 2.857286e+02
1.000000e+02, 2.858689e+02
1.000000e+02, 2.860105e+02
1.000000e+02, 2.861533e+02
1.000000e+02, 2.862974e+02
1.000000e+02, 2.864428e+02
1.000000e+02, 2.865894e+02
1.000000e+02, 2.867373e+02
1.000000e+02, 2.868865e+02
1.000000e+02, 2.870369e+02
1.000000e+02, 2.871886e+02
1.000000e+02, 2.873416e+02
1.000000e+02, 2.874959e+02
1.000000e+02, 2.876514e+02
1.000000e+02, 2.878083e+02
1.000000e+02, 2.879664e+02
1.000000e+02, 2.881258e+02
1.000000e+02, 2.882865e+02
1.000000e+02, 2.884485e+02
1.000000e+02, 2.886118e+02
1.000000e+02, 2.887764e+02
1.000000e+02, 2.889423e+02
1.000000e+02, 2.891095e+02
1.000000e+02, 2.892780e+02
1.000000e+02, 2.894478e+02
1.000000e+02, 2.896189e+02
1.000000e+02, 2.897913e+02
1.000000e+02, 2.899650e+02
1.000000e+02, 2.901401e+02
1.000000e+02, 2.903164e+02
1.000000e+02, 2.904941e+02
1.000000e+02, 2.906731e+02
1.000000e+02, 2.908535e+02
1.000000e+02, 2.910351e+02
1.000000e+02, 2.912181e+02
1.000000e+02, 2.914024e+02
1.000000e+02, 2.915881e+02
1.000000e+02, 2.917751e+02
1.000000e+02, 2.919635e+02
1.000000e+02, 2.921531e+02
1.000000e+02, 2.923442e+02
1.000000e+02, 2.925366e+02
1.000000e+02, 2.927303e+02
1.000000e+02, 2.929254e+02
1.000000e+02, 2.931219e+02
1.000000e+02, 2.933197e+02
1.000000e+02, 2.935189e+02
1.000000e+02, 2.937194e+02
1.000000e+02, 2.939213e+02
1.000000e+02, 2.941246e+02
1.000000e+02, 2.943293e+02
1.000000e+02, 2.945353e+02
1.000000e+02, 2.947428e+02
1.000000e+02, 2.949516e+02
1.000000e+02, 2.951618e+02
1.000000e+02, 2.953734e+02
1.000000e+02, 2.955864e+02
1.000000e+02, 2.958008e+02
1.000000e+02, 2.960166e+02
1.000000e+02, 2.962338e+02
1.000000e+02, 2.964524e+02
1.000000e+02, 2.966724e+02
1.000000e+02, 2.968938e+02
1.000000e+02, 2.971167e+02
1.000000e+02, 2.973410e+02
1.000000e+02, 2.975667e+02
1.000000e+02, 2.977938e+02
1.000000e+02, 2.980224e+02
1.000000e+02, 2.982524e+02
1.000000e+02, 2.984838e+02
1.000000e+02, 2.987167e+02
1.000000e+02, 2.989511e+02
1.000000e+02, 2.991869e+02
1.000000e+02, 2.994241e+02
1.000000e+02, 2.996628e+02
1.000000e+02, 2.999030e+02
1.000000e+02, 3.001446e+02
1.000000e+02, 3.003877e+02
1.000000e+02, 3.006323e+02
1.000000e+02, 3.008783e+02
1.000000e+02, 3.011259e+02
1.000000e+02, 3.013749e+02
1.000000e+02, 3.016254e+02
1.000000e+02, 3.018775e+02
1.000000e+02, 3.021310e+02
1.000000e+02, 3.023860e+02
1.000000e+02, 3.026425e+02
1.000000e+02, 3.029006e+02
1.000000e+02, 3.031601e+02
1.000000e+02, 3.034212e+02
1.000000e+02, 3.036838e+02
1.000000e+02, 3.039480e+02
1.000000e+02, 3.042136e+02
1.000000e+02, 3.044809e+02
1.000000e+02, 3.047496e+02
1.000000e+02, 3.050199e+02
1.000000e+02, 3.052918e+02
1.000000e+02, 3.055652e+02
1.000000e+02, 3.058402e+02
1.000000e+02, 3.061168e+02
1.000000e+02, 3.063949e+02
1.000000e+02, 3.066746e+02
1.000000e+02, 3.069559e+02
1.000000e+02, 3.072388e+02
1.000000e+02, 3.075232e+02
1.000000e+02, 3.078093e+02
1.000000e+02, 3.080970e+02
1.000000e+02, 3.083863e+02
1.000000e+02, 3.086772e+02
1.000000e+02, 3.089697e+02
1.000000e+02, 3.092639e+02
1.000000e+02, 3.095596e+02
1.000000e+02, 3.098571e+02
1.000000e+02, 3.101561e+02
1.000000e+02, 3.104568e+02
1.000000e+02, 3.107592e+02
1.000000e+02, 3.110632e+02
1.000000e+02, 3.113689e+02
1.000000e+02, 3.116763e+02
1.000000e+02, 3.119853e+02
1.000000e+02, 3.122960e+02
1.000000e+02, 3.126085e+02
1.000000e+02, 3.129226e+02
1.000000e+02, 3.132384e+02
1.000000e+02, 3.135559e+02
1.000000e+02, 3.138751e+02
1.000000e+02, 3.141961e+02
1.000000e+02, 3.145188e+02
1.000000e+02, 3.148432e+02
1.000000e+02, 3.151694e+02
1.000000e+02, 3.154973e+02
1.000000e+02, 3.158270e+02
1.000000e+02, 3.161584e+02
1.000000e+02, 3.164916e+02
1.000000e+02, 3.168266e+02
1.000000e+02, 3.171633e+02
1.000000e+02, 3.175019e+02
1.000000e+02, 3.178422e+02
1.000000e+02, 3.181844e+02
1.000000e+02, 3.185283e+02
1.000000e+02, 3.188741e+02
1.000000e+02, 3.192217e+02
1.000000e+02, 3.195712e+02
1.000000e+02, 3.199225e+02
1.000000e+02, 3.202756e+02
1.000000e+02, 3.206306e+02
1.000000e+02, 3.209875e+02
1.000000e+02, 3.213462e+02
1.000000e+02, 3.217068e+02
1.000000e+02, 3.220693e+02
1.000000e+02, 3.224337e+02
1.000000e+02, 3.228001e+02
1.000000e+02, 3.231683e+02
1.000000e+02, 3.235384e+02
1.000000e+02, 3.239105e+02
1.000000e+02, 3.242846e+02
1.000000e+02, 3.246605e+02
1.000000e+02, 3.250385e+02
1.000000e+02, 3.254184e+02
1.000000e+02, 3.258003e+02
1.000000e+02, 3.261842e+02
1.000000e+02, 3.265701e+02
1.000000e+02, 3.269579e+02
1.000000e+02, 3.273478e+02
1.000000e+02, 3.277398e+02
1.000000e+02, 3.281337e+02
1.000000e+02, 3.285297e+02
1.000000e+02, 3.289278e+02
1.000000e+02, 3.293279e+02
1.000000e+02, 3.297301e+02
1.000000e+02, 3.301344e+02
1.000000e+02, 3.305408e+02
1.000000e+02, 3.309493e+02
1.000000e+02, 3.313600e+02
1.000000e+02, 3.317727e+02
1.000000e+02, 3.321876e+02
1.000000e+02, 3.326047e+02
1.000000e+02, 3.330239e+02
1.000000e+02, 3.334453e+02
1.000000e+02, 3.338688e+02
1.000000e+02, 3.342946e+02
1.000000e+02, 3.347226e+02
1.000000e+02, 3.351528e+02
1.000000e+02, 3.355853e+02
1.000000e+02, 3.360200e+02
1.000000e+02, 3.364569e+02
1.000000e+02, 3.368962e+02
1.000000e+02, 3.373377e+02
1.000000e+02, 3.377815e+02
1.000000e+02, 3.382276e+02
1.000000e+02, 3.386761e+02
1.000000e+02, 3.391269e+02
1.000000e+02, 3.395800e+02
1.000000e+02, 3.400356e+02
1.000000e+02, 3.404935e+02
1.000000e+02, 3.409538e+02
1.000000e+02, 3.414165e+02
1.000000e+02, 3.418816e+02
1.000000e+02, 3.423492e+02
1.000000e+02, 3.428192e+02
1.000000e+02, 3.432917e+02
1.000000e+02, 3.437667e+02
1.000000e+02, 3.442442e+02
1.000000e+02, 3.447242e+02
1.000000e+02, 3.452068e+02
1.000000e+02, 3.456919e+02
1.000000e+02, 3.461796e+02
1.000000e+02, 3.466698e+02
1.000000e+02, 3.471627e+02
1.000000e+02, 3.476582e+02
1.000000e+02, 3.481563e+02
1.000000e+02, 3.486570e+02
1.000000e+02, 3.491605e+02
1.000000e+02, 3.496666e+02
1.000000e+02, 3.501755e+02
1.000000e+02, 3.506870e+02
1.000000e+02, 3.512014e+02
1.000000e+02, 3.517185e+02
1.000000e+02, 3.522383e+02
1.000000e+02, 3.527610e+02
1.000000e+02, 3.532865e+02
1.000000e+02, 3.538149e+02
1.000000e+02, 3.543461e+02
1.000000e+02, 3.548803e+02
1.000000e+02, 3.554173e+02
1.000000e+02, 3.559573e+02
1.000000e+02, 3.565002e+02
1.000000e+02, 3.570461e+02
1.000000e+02, 3.575950e+02
1.000000e+02, 3.581470e+02
1.000000e+02, 3.587020e+02
1.000000e+02, 3.592601e+02
1.000000e+02, 3.598212e+02
1.000000e+02, 3.855264e-01
1.000000e+02, 9.529720e-01
1.000000e+02, 1.523594e+00
1.000000e+02, 2.097418e+00
1.000000e+02, 2.674471e+00
1.000000e+02, 3.254781e+00
1.000000e+02, 3.838375e+00
1.000000e+02, 4.425280e+00
1.000000e+02, 5.015527e+00
1.000000e+02, 5.609143e+00
1.000000e+02, 6.206159e+00
1.000000e+02, 6.806605e+00
1.000000e+02, 7.410510e+00
1.000000e+02, 8.017907e+00
1.000000e+02, 8.628828e+00
1.000000e+02, 9.243304e+00
1.000000e+02, 9.861368e+00
1.000000e+02, 1.048305e+01
1.000000e+02, 1.110840e+01
1.000000e+02, 1.173743e+01
1.000000e+02, 1.237019e+01
1.000000e+02, 1.300671e+01
1.000000e+02, 1.364703e+01
1.000000e+02, 1.429119e+01
1.000000e+02, 1.493923e+01
1.000000e+02, 1.559118e+01
1.000000e+02, 1.624708e+01
1.000000e+02, 1.690697e+01
1.000000e+02, 1.757090e+01
1.000000e+02, 1.823891e+01
1.000000e+02, 1.891104e+01
1.000000e+02, 1.958734e+01
1.000000e+02, 2.026784e+01
1.000000e+02, 2.095260e+01
1.000000e+02, 2.164167e+01
1.000000e+02, 2.233508e+01
1.000000e+02, 2.303289e+01
1.000000e+02, 2.373514e+01
1.000000e+02, 2.444190e+01
1.000000e+02, 2.515321e+01
1.000000e+02, 2.586912e+01
1.000000e+02, 2.658969e+01
1.000000e+02, 2.731497e+01
1.000000e+02, 2.804503e+01
1.000000e+02, 2.877991e+01
1.000000e+02, 2.951968e+01
1.000000e+02, 3.026439e+01
1.000000e+02, 3.101412e+01
1.000000e+02, 3.176892e+01
1.000000e+02, 3.252886e+01
1.000000e+02, 3.329401e+01
1.000000e+02, 3.406443e+01
1.000000e+02, 3.484020e+01
1.000000e+02, 3.562138e+01
1.000000e+02, 3.640805e+01
1.000000e+02, 3.720029e+01
1.000000e+02, 3.799817e+01
1.000000e+02, 3.880177e+01
1.000000e+02, 3.961118e+01
1.000000e+02, 4.042647e+01
1.000000e+02, 4.124774e+01
1.000000e+02, 4.207506e+01
1.000000e+02, 4.290854e+01
1.000000e+02, 4.374827e+01
1.000000e+02, 4.459433e+01
1.000000e+02, 4.544684e+01
1.000000e+02, 4.630589e+01
1.000000e+02, 4.717158e+01
1.000000e+02, 4.804402e+01
1.000000e+02, 4.892332e+01
1.000000e+02, 4.980961e+01
1.000000e+02, 5.070298e+01
1.000000e+02, 5.160357e+01
1.000000e+02, 5.251150e+01
1.000000e+02, 5.342690e+01
1.000000e+02, 5.434990e+01
1.000000e+02, 5.528064e+01
1.000000e+02, 5.621925e+01
1.000000e+02, 5.716590e+01
1.000000e+02, 5.812071e+01
1.000000e+02, 5.908387e+01
1.000000e+02, 6.005551e+01
1.000000e+02, 6.103582e+01
1.000000e+02, 6.202497e+01
1.000000e+02, 6.302313e+01
1.000000e+02, 6.403049e+01
1.000000e+02, 6.504725e+01
1.000000e+02, 6.607360e+01
1.000000e+02, 6.710976e+01
1.000000e+02, 6.815594e+01
1.000000e+02, 6.921236e+01
1.000000e+02, 7.027927e+01
1.000000e+02, 7.135690e+01
1.000000e+02, 7.244551e+01
1.000000e+02, 7.354536e+01
1.000000e+02, 7.465673e+01
1.000000e+02, 7.577991e+01
1.000000e+02, 7.691521e+01
1.000000e+02, 7.806292e+01
1.000000e+02, 7.922340e+01
1.000000e+02, 8.039697e+01
1.000000e+02, 8.158401e+01
1.000000e+02, 8.278489e+01
1.000000e+02, 8.400001e+01
1.000000e+02, 8.522980e+01
1.000000e+02, 8.647469e+01
1.000000e+02, 8.773516e+01
1.000000e+02, 8.901168e+01
1.000000e+02, 9.030479e+01
1.000000e+02, 9.161502e+01
1.000000e+02, 9.294297e+01
1.000000e+02, 9.428925e+01
1.000000e+02, 9.565450e+01
1.000000e+02, 9.703943e+01
1.000000e+02, 9.844477e+01
1.000000e+02, 9.987132e+01
1.000000e+02, 1.013199e+02
1.000000e+02, 1.027915e+02
1.000000e+02, 1.042869e+02
1.000000e+02, 1.058074e+02
1.000000e+02, 1.073539e+02
1.000000e+02, 1.089277e+02
1.000000e+02, 1.105301e+02
1.000000e+02, 1.121626e+02
1.000000e+02, 1.138266e+02
1.000000e+02, 1.155239e+02
1.000000e+02, 1.172564e+02
1.000000e+02, 1.190259e+02
1.000000e+02, 1.208349e+02
1.000000e+02, 1.226857e+02
1.000000e+02, 1.245811e+02
1.000000e+02, 1.265243e+02
1.000000e+02, 1.285187e+02
1.000000e+02, 1.305681e+02
1.000000e+02, 1.326771e+02
1.000000e+02, 1.348507e+02
1.000000e+02, 1.370948e+02
1.000000e+02, 1.394163e+02
1.000000e+02, 1.418231e+02
1.000000e+02, 1.443250e+02
1.000000e+02, 1.469333e+02
1.000000e+02, 1.496622e+02
1.000000e+02, 1.525293e+02
1.000000e+02, 1.555569e+02
1.000000e+02, 1.587743e+02
1.000000e+02, 1.622209e+02
1.000000e+02, 1.659523e+02
1.000000e+02, 1.700515e+02
1.000000e+02, 1.746523e+02
1.000000e+02, 1.800000e+02
##END= 