##TITLE= /opt/topspin3.0/exp/stan/nmr/lists/wave/user/HypSec_trunc2.84_110
##JCAMP-DX= 5.00 Bruker JCAMP library
##DATA TYPE= Shape Data
##ORIGIN= Bruker BioSpin GmbH
##OWNER= <nmrsu>
##DATE= 15/02/24
##TIME= 16:15:04
##MINX= 1.164538e+01
##MAXX= 9.999960e+01
##MINY= 2.546774e-02
##MAXY= 3.585574e+02
##$SHAPE_EXMODE= Adiabatic
##$SHAPE_TOTROT= 1.800000e+02
##$SHAPE_BWFAC= 1.929340e+02
##$SHAPE_INTEGFAC= 2.356110e-02
##$SHAPE_MODE= 0
##NPOINTS= 1000
##XYPOINTS= (XY..XY)
1.000000e+02, 1.800000e+02
1.000000e+02, 1.779406e+02
1.000000e+02, 1.761689e+02
1.000000e+02, 1.745903e+02
1.000000e+02, 1.731534e+02
1.000000e+02, 1.718261e+02
1.000000e+02, 1.705871e+02
1.000000e+02, 1.694212e+02
1.000000e+02, 1.683171e+02
1.000000e+02, 1.672662e+02
1.000000e+02, 1.662618e+02
1.000000e+02, 1.652983e+02
1.000000e+02, 1.643715e+02
1.000000e+02, 1.634775e+02
1.000000e+02, 1.626133e+02
1.000000e+02, 1.617763e+02
1.000000e+02, 1.609641e+02
1.000000e+02, 1.601749e+02
1.000000e+02, 1.594069e+02
1.000000e+02, 1.586586e+02
1.000000e+02, 1.579286e+02
1.000000e+02, 1.572159e+02
1.000000e+02, 1.565193e+02
1.000000e+02, 1.558378e+02
1.000000e+02, 1.551707e+02
1.000000e+02, 1.545171e+02
1.000000e+02, 1.538763e+02
1.000000e+02, 1.532476e+02
1.000000e+02, 1.526306e+02
1.000000e+02, 1.520245e+02
1.000000e+02, 1.514289e+02
1.000000e+02, 1.508434e+02
1.000000e+02, 1.502675e+02
1.000000e+02, 1.497008e+02
1.000000e+02, 1.491430e+02
1.000000e+02, 1.485936e+02
1.000000e+02, 1.480524e+02
1.000000e+02, 1.475191e+02
1.000000e+02, 1.469934e+02
1.000000e+02, 1.464749e+02
1.000000e+02, 1.459635e+02
1.000000e+02, 1.454590e+02
1.000000e+02, 1.449610e+02
1.000000e+02, 1.444694e+02
1.000000e+02, 1.439840e+02
1.000000e+02, 1.435046e+02
1.000000e+02, 1.430311e+02
1.000000e+02, 1.425631e+02
1.000000e+02, 1.421007e+02
1.000000e+02, 1.416436e+02
1.000000e+02, 1.411916e+02
1.000000e+02, 1.407447e+02
1.000000e+02, 1.403027e+02
1.000000e+02, 1.398656e+02
1.000000e+02, 1.394330e+02
1.000000e+02, 1.390050e+02
1.000000e+02, 1.385815e+02
1.000000e+02, 1.381623e+02
1.000000e+02, 1.377473e+02
1.000000e+02, 1.373364e+02
1.000000e+02, 1.369296e+02
1.000000e+02, 1.365267e+02
1.000000e+02, 1.361277e+02
1.000000e+02, 1.357325e+02
1.000000e+02, 1.353409e+02
1.000000e+02, 1.349530e+02
1.000000e+02, 1.345686e+02
1.000000e+02, 1.341877e+02
1.000000e+02, 1.338102e+02
1.000000e+02, 1.334360e+02
1.000000e+02, 1.330651e+02
1.000000e+02, 1.326974e+02
1.000000e+02, 1.323329e+02
1.000000e+02, 1.319714e+02
1.000000e+02, 1.316130e+02
1.000000e+02, 1.312576e+02
1.000000e+02, 1.309051e+02
1.000000e+02, 1.305554e+02
1.000000e+02, 1.302086e+02
1.000000e+02, 1.298646e+02
1.000000e+02, 1.295233e+02
1.000000e+02, 1.291847e+02
1.000000e+02, 1.288487e+02
1.000000e+02, 1.285153e+02
1.000000e+02, 1.281845e+02
1.000000e+02, 1.278562e+02
1.000000e+02, 1.275304e+02
1.000000e+02, 1.272070e+02
1.000000e+02, 1.268860e+02
1.000000e+02, 1.265675e+02
1.000000e+02, 1.262512e+02
1.000000e+02, 1.259372e+02
1.000000e+02, 1.256255e+02
1.000000e+02, 1.253161e+02
1.000000e+02, 1.250088e+02
1.000000e+02, 1.247037e+02
1.000000e+02, 1.244008e+02
1.000000e+02, 1.241000e+02
1.000000e+02, 1.238012e+02
1.000000e+02, 1.235045e+02
1.000000e+02, 1.232099e+02
1.000000e+02, 1.229172e+02
1.000000e+02, 1.226266e+02
1.000000e+02, 1.223378e+02
1.000000e+02, 1.220511e+02
1.000000e+02, 1.217662e+02
1.000000e+02, 1.214832e+02
1.000000e+02, 1.212020e+02
1.000000e+02, 1.209227e+02
1.000000e+02, 1.206453e+02
1.000000e+02, 1.203696e+02
1.000000e+02, 1.200956e+02
1.000000e+02, 1.198235e+02
1.000000e+02, 1.195530e+02
1.000000e+02, 1.192843e+02
1.000000e+02, 1.190173e+02
1.000000e+02, 1.187519e+02
1.000000e+02, 1.184882e+02
1.000000e+02, 1.182262e+02
1.000000e+02, 1.179657e+02
1.000000e+02, 1.177069e+02
1.000000e+02, 1.174497e+02
1.000000e+02, 1.171940e+02
1.000000e+02, 1.169399e+02
1.000000e+02, 1.166873e+02
1.000000e+02, 1.164362e+02
1.000000e+02, 1.161867e+02
1.000000e+02, 1.159386e+02
1.000000e+02, 1.156920e+02
1.000000e+02, 1.154469e+02
1.000000e+02, 1.152032e+02
1.000000e+02, 1.149610e+02
1.000000e+02, 1.147202e+02
1.000000e+02, 1.144808e+02
1.000000e+02, 1.142428e+02
1.000000e+02, 1.140061e+02
1.000000e+02, 1.137709e+02
1.000000e+02, 1.135370e+02
1.000000e+02, 1.133044e+02
1.000000e+02, 1.130732e+02
1.000000e+02, 1.128433e+02
1.000000e+02, 1.126147e+02
1.000000e+02, 1.123874e+02
1.000000e+02, 1.121614e+02
1.000000e+02, 1.119366e+02
1.000000e+02, 1.117131e+02
1.000000e+02, 1.114909e+02
1.000000e+02, 1.112700e+02
1.000000e+02, 1.110502e+02
1.000000e+02, 1.108317e+02
1.000000e+02, 1.106144e+02
1.000000e+02, 1.103983e+02
1.000000e+02, 1.101834e+02
1.000000e+02, 1.099696e+02
1.000000e+02, 1.097571e+02
1.000000e+02, 1.095457e+02
1.000000e+02, 1.093355e+02
1.000000e+02, 1.091264e+02
1.000000e+02, 1.089185e+02
1.000000e+02, 1.087117e+02
1.000000e+02, 1.085060e+02
1.000000e+02, 1.083014e+02
1.000000e+02, 1.080979e+02
1.000000e+02, 1.078955e+02
1.000000e+02, 1.076943e+02
1.000000e+02, 1.074941e+02
1.000000e+02, 1.072949e+02
1.000000e+02, 1.070969e+02
1.000000e+02, 1.068999e+02
1.000000e+02, 1.067039e+02
1.000000e+02, 1.065090e+02
1.000000e+02, 1.063151e+02
1.000000e+02, 1.061223e+02
1.000000e+02, 1.059305e+02
1.000000e+02, 1.057397e+02
1.000000e+02, 1.055499e+02
1.000000e+02, 1.053611e+02
1.000000e+02, 1.051733e+02
1.000000e+02, 1.049865e+02
1.000000e+02, 1.048006e+02
1.000000e+02, 1.046158e+02
1.000000e+02, 1.044319e+02
1.000000e+02, 1.042490e+02
1.000000e+02, 1.040670e+02
1.000000e+02, 1.038860e+02
1.000000e+02, 1.037060e+02
1.000000e+02, 1.035268e+02
1.000000e+02, 1.033487e+02
1.000000e+02, 1.031714e+02
1.000000e+02, 1.029951e+02
1.000000e+02, 1.028196e+02
1.000000e+02, 1.026451e+02
1.000000e+02, 1.024715e+02
1.000000e+02, 1.022988e+02
1.000000e+02, 1.021270e+02
1.000000e+02, 1.019561e+02
1.000000e+02, 1.017861e+02
1.000000e+02, 1.016169e+02
1.000000e+02, 1.014487e+02
1.000000e+02, 1.012813e+02
1.000000e+02, 1.011147e+02
1.000000e+02, 1.009491e+02
1.000000e+02, 1.007843e+02
1.000000e+02, 1.006203e+02
1.000000e+02, 1.004572e+02
1.000000e+02, 1.002949e+02
1.000000e+02, 1.001335e+02
1.000000e+02, 9.997287e+01
1.000000e+02, 9.981309e+01
1.000000e+02, 9.965414e+01
1.000000e+02, 9.949602e+01
1.000000e+02, 9.933870e+01
1.000000e+02, 9.918220e+01
1.000000e+02, 9.902651e+01
1.000000e+02, 9.887163e+01
1.000000e+02, 9.871754e+01
1.000000e+02, 9.856425e+01
1.000000e+02, 9.841174e+01
1.000000e+02, 9.826003e+01
1.000000e+02, 9.810910e+01
1.000000e+02, 9.795896e+01
1.000000e+02, 9.780959e+01
1.000000e+02, 9.766099e+01
1.000000e+02, 9.751316e+01
1.000000e+02, 9.736609e+01
1.000000e+02, 9.721979e+01
1.000000e+02, 9.707425e+01
1.000000e+02, 9.692946e+01
1.000000e+02, 9.678542e+01
1.000000e+02, 9.664213e+01
1.000000e+02, 9.649959e+01
1.000000e+02, 9.635778e+01
1.000000e+02, 9.621672e+01
1.000000e+02, 9.607639e+01
1.000000e+02, 9.593679e+01
1.000000e+02, 9.579791e+01
1.000000e+02, 9.565977e+01
1.000000e+02, 9.552234e+01
1.000000e+02, 9.538564e+01
1.000000e+02, 9.524965e+01
1.000000e+02, 9.511437e+01
1.000000e+02, 9.497980e+01
1.000000e+02, 9.484594e+01
1.000000e+02, 9.471278e+01
1.000000e+02, 9.458032e+01
1.000000e+02, 9.444856e+01
1.000000e+02, 9.431749e+01
1.000000e+02, 9.418712e+01
1.000000e+02, 9.405744e+01
1.000000e+02, 9.392844e+01
1.000000e+02, 9.380013e+01
1.000000e+02, 9.367250e+01
1.000000e+02, 9.354554e+01
1.000000e+02, 9.341927e+01
1.000000e+02, 9.329366e+01
1.000000e+02, 9.316873e+01
1.000000e+02, 9.304446e+01
1.000000e+02, 9.292086e+01
1.000000e+02, 9.279793e+01
1.000000e+02, 9.267565e+01
1.000000e+02, 9.255403e+01
1.000000e+02, 9.243307e+01
1.000000e+02, 9.231276e+01
1.000000e+02, 9.219310e+01
1.000000e+02, 9.207409e+01
1.000000e+02, 9.195573e+01
1.000000e+02, 9.183801e+01
1.000000e+02, 9.172093e+01
1.000000e+02, 9.160449e+01
1.000000e+02, 9.148869e+01
1.000000e+02, 9.137352e+01
1.000000e+02, 9.125899e+01
1.000000e+02, 9.114509e+01
1.000000e+02, 9.103181e+01
1.000000e+02, 9.091916e+01
1.000000e+02, 9.080714e+01
1.000000e+02, 9.069573e+01
1.000000e+02, 9.058495e+01
1.000000e+02, 9.047479e+01
1.000000e+02, 9.036524e+01
1.000000e+02, 9.025630e+01
1.000000e+02, 9.014798e+01
1.000000e+02, 9.004026e+01
1.000000e+02, 8.993316e+01
1.000000e+02, 8.982666e+01
1.000000e+02, 8.972076e+01
1.000000e+02, 8.961547e+01
1.000000e+02, 8.951078e+01
1.000000e+02, 8.940668e+01
1.000000e+02, 8.930319e+01
1.000000e+02, 8.920028e+01
1.000000e+02, 8.909797e+01
1.000000e+02, 8.899626e+01
1.000000e+02, 8.889513e+01
1.000000e+02, 8.879459e+01
1.000000e+02, 8.869463e+01
1.000000e+02, 8.859526e+01
1.000000e+02, 8.849647e+01
1.000000e+02, 8.839826e+01
1.000000e+02, 8.830064e+01
1.000000e+02, 8.820359e+01
1.000000e+02, 8.810711e+01
1.000000e+02, 8.801121e+01
1.000000e+02, 8.791589e+01
1.000000e+02, 8.782113e+01
1.000000e+02, 8.772694e+01
1.000000e+02, 8.763333e+01
1.000000e+02, 8.754027e+01
1.000000e+02, 8.744779e+01
1.000000e+02, 8.735586e+01
1.000000e+02, 8.726450e+01
1.000000e+02, 8.717370e+01
1.000000e+02, 8.708346e+01
1.000000e+02, 8.699378e+01
1.000000e+02, 8.690465e+01
1.000000e+02, 8.681608e+01
1.000000e+02, 8.672806e+01
1.000000e+02, 8.664059e+01
1.000000e+02, 8.655367e+01
1.000000e+02, 8.646730e+01
1.000000e+02, 8.638148e+01
1.000000e+02, 8.629621e+01
1.000000e+02, 8.621148e+01
1.000000e+02, 8.612729e+01
1.000000e+02, 8.604365e+01
1.000000e+02, 8.596055e+01
1.000000e+02, 8.587799e+01
1.000000e+02, 8.579597e+01
1.000000e+02, 8.571448e+01
1.000000e+02, 8.563353e+01
1.000000e+02, 8.555312e+01
1.000000e+02, 8.547324e+01
1.000000e+02, 8.539389e+01
1.000000e+02, 8.531507e+01
1.000000e+02, 8.523678e+01
1.000000e+02, 8.515903e+01
1.000000e+02, 8.508180e+01
1.000000e+02, 8.500509e+01
1.000000e+02, 8.492892e+01
1.000000e+02, 8.485326e+01
1.000000e+02, 8.477813e+01
1.000000e+02, 8.470352e+01
1.000000e+02, 8.462944e+01
1.000000e+02, 8.455587e+01
1.000000e+02, 8.448282e+01
1.000000e+02, 8.441029e+01
1.000000e+02, 8.433828e+01
1.000000e+02, 8.426678e+01
1.000000e+02, 8.419579e+01
1.000000e+02, 8.412532e+01
1.000000e+02, 8.405537e+01
1.000000e+02, 8.398592e+01
1.000000e+02, 8.391698e+01
1.000000e+02, 8.384856e+01
1.000000e+02, 8.378064e+01
1.000000e+02, 8.371323e+01
1.000000e+02, 8.364633e+01
1.000000e+02, 8.357993e+01
1.000000e+02, 8.351404e+01
1.000000e+02, 8.344865e+01
1.000000e+02, 8.338377e+01
1.000000e+02, 8.331939e+01
1.000000e+02, 8.325550e+01
1.000000e+02, 8.319212e+01
1.000000e+02, 8.312924e+01
1.000000e+02, 8.306686e+01
1.000000e+02, 8.300497e+01
1.000000e+02, 8.294358e+01
1.000000e+02, 8.288269e+01
1.000000e+02, 8.282229e+01
1.000000e+02, 8.276239e+01
1.000000e+02, 8.270298e+01
1.000000e+02, 8.264406e+01
1.000000e+02, 8.258564e+01
1.000000e+02, 8.252770e+01
1.000000e+02, 8.247026e+01
1.000000e+02, 8.241331e+01
1.000000e+02, 8.235684e+01
1.000000e+02, 8.230086e+01
1.000000e+02, 8.224537e+01
1.000000e+02, 8.219037e+01
1.000000e+02, 8.213585e+01
1.000000e+02, 8.208182e+01
1.000000e+02, 8.202827e+01
1.000000e+02, 8.197520e+01
1.000000e+02, 8.192262e+01
1.000000e+02, 8.187052e+01
1.000000e+02, 8.181890e+01
1.000000e+02, 8.176777e+01
1.000000e+02, 8.171711e+01
1.000000e+02, 8.166693e+01
1.000000e+02, 8.161723e+01
1.000000e+02, 8.156801e+01
1.000000e+02, 8.151927e+01
1.000000e+02, 8.147100e+01
1.000000e+02, 8.142321e+01
1.000000e+02, 8.137590e+01
1.000000e+02, 8.132906e+01
1.000000e+02, 8.128269e+01
1.000000e+02, 8.123680e+01
1.000000e+02, 8.119139e+01
1.000000e+02, 8.114644e+01
1.000000e+02, 8.110197e+01
1.000000e+02, 8.105797e+01
1.000000e+02, 8.101444e+01
1.000000e+02, 8.097138e+01
1.000000e+02, 8.092878e+01
1.000000e+02, 8.088666e+01
1.000000e+02, 8.084501e+01
1.000000e+02, 8.080383e+01
1.000000e+02, 8.076311e+01
1.000000e+02, 8.072286e+01
1.000000e+02, 8.068308e+01
1.000000e+02, 8.064376e+01
1.000000e+02, 8.060491e+01
1.000000e+02, 8.056653e+01
1.000000e+02, 8.052860e+01
1.000000e+02, 8.049115e+01
1.000000e+02, 8.045415e+01
1.000000e+02, 8.041762e+01
1.000000e+02, 8.038156e+01
1.000000e+02, 8.034595e+01
1.000000e+02, 8.031081e+01
1.000000e+02, 8.027613e+01
1.000000e+02, 8.024191e+01
1.000000e+02, 8.020815e+01
1.000000e+02, 8.017485e+01
1.000000e+02, 8.014201e+01
1.000000e+02, 8.010963e+01
1.000000e+02, 8.007771e+01
1.000000e+02, 8.004625e+01
1.000000e+02, 8.001524e+01
1.000000e+02, 7.998470e+01
1.000000e+02, 7.995461e+01
1.000000e+02, 7.992497e+01
1.000000e+02, 7.989580e+01
1.000000e+02, 7.986708e+01
1.000000e+02, 7.983882e+01
1.000000e+02, 7.981101e+01
1.000000e+02, 7.978366e+01
1.000000e+02, 7.975676e+01
1.000000e+02, 7.973032e+01
1.000000e+02, 7.970433e+01
1.000000e+02, 7.967879e+01
1.000000e+02, 7.965371e+01
1.000000e+02, 7.962909e+01
1.000000e+02, 7.960491e+01
1.000000e+02, 7.958119e+01
1.000000e+02, 7.955792e+01
1.000000e+02, 7.953510e+01
1.000000e+02, 7.951274e+01
1.000000e+02, 7.949083e+01
1.000000e+02, 7.946936e+01
1.000000e+02, 7.944835e+01
1.000000e+02, 7.942779e+01
1.000000e+02, 7.940768e+01
1.000000e+02, 7.938802e+01
1.000000e+02, 7.936882e+01
1.000000e+02, 7.935006e+01
1.000000e+02, 7.933175e+01
1.000000e+02, 7.931389e+01
1.000000e+02, 7.929648e+01
1.000000e+02, 7.927952e+01
1.000000e+02, 7.926300e+01
1.000000e+02, 7.924694e+01
1.000000e+02, 7.923132e+01
1.000000e+02, 7.921616e+01
1.000000e+02, 7.920144e+01
1.000000e+02, 7.918717e+01
1.000000e+02, 7.917334e+01
1.000000e+02, 7.915997e+01
1.000000e+02, 7.914704e+01
1.000000e+02, 7.913456e+01
1.000000e+02, 7.912252e+01
1.000000e+02, 7.911093e+01
1.000000e+02, 7.909979e+01
1.000000e+02, 7.908910e+01
1.000000e+02, 7.907885e+01
1.000000e+02, 7.906905e+01
1.000000e+02, 7.905970e+01
1.000000e+02, 7.905079e+01
1.000000e+02, 7.904232e+01
1.000000e+02, 7.903431e+01
1.000000e+02, 7.902674e+01
1.000000e+02, 7.901961e+01
1.000000e+02, 7.901293e+01
1.000000e+02, 7.900670e+01
1.000000e+02, 7.900091e+01
1.000000e+02, 7.899557e+01
1.000000e+02, 7.899067e+01
1.000000e+02, 7.898622e+01
1.000000e+02, 7.898221e+01
1.000000e+02, 7.897865e+01
1.000000e+02, 7.897554e+01
1.000000e+02, 7.897287e+01
1.000000e+02, 7.897064e+01
1.000000e+02, 7.896886e+01
1.000000e+02, 7.896753e+01
1.000000e+02, 7.896664e+01
1.000000e+02, 7.896619e+01
1.000000e+02, 7.896619e+01
1.000000e+02, 7.896664e+01
1.000000e+02, 7.896753e+01
1.000000e+02, 7.896886e+01
1.000000e+02, 7.897064e+01
1.000000e+02, 7.897287e+01
1.000000e+02, 7.897554e+01
1.000000e+02, 7.897865e+01
1.000000e+02, 7.898221e+01
1.000000e+02, 7.898622e+01
1.000000e+02, 7.899067e+01
1.000000e+02, 7.899557e+01
1.000000e+02, 7.900091e+01
1.000000e+02, 7.900670e+01
1.000000e+02, 7.901293e+01
1.000000e+02, 7.901961e+01
1.000000e+02, 7.902674e+01
1.000000e+02, 7.903431e+01
1.000000e+02, 7.904232e+01
1.000000e+02, 7.905079e+01
1.000000e+02, 7.905970e+01
1.000000e+02, 7.906905e+01
1.000000e+02, 7.907885e+01
1.000000e+02, 7.908910e+01
1.000000e+02, 7.909979e+01
1.000000e+02, 7.911093e+01
1.000000e+02, 7.912252e+01
1.000000e+02, 7.913456e+01
1.000000e+02, 7.914704e+01
1.000000e+02, 7.915997e+01
1.000000e+02, 7.917334e+01
1.000000e+02, 7.918717e+01
1.000000e+02, 7.920144e+01
1.000000e+02, 7.921616e+01
1.000000e+02, 7.923132e+01
1.000000e+02, 7.924694e+01
1.000000e+02, 7.926300e+01
1.000000e+02, 7.927952e+01
1.000000e+02, 7.929648e+01
1.000000e+02, 7.931389e+01
1.000000e+02, 7.933175e+01
1.000000e+02, 7.935006e+01
1.000000e+02, 7.936882e+01
1.000000e+02, 7.938802e+01
1.000000e+02, 7.940768e+01
1.000000e+02, 7.942779e+01
1.000000e+02, 7.944835e+01
1.000000e+02, 7.946936e+01
1.000000e+02, 7.949083e+01
1.000000e+02, 7.951274e+01
1.000000e+02, 7.953510e+01
1.000000e+02, 7.955792e+01
1.000000e+02, 7.958119e+01
1.000000e+02, 7.960491e+01
1.000000e+02, 7.962909e+01
1.000000e+02, 7.965371e+01
1.000000e+02, 7.967879e+01
1.000000e+02, 7.970433e+01
1.000000e+02, 7.973032e+01
1.000000e+02, 7.975676e+01
1.000000e+02, 7.978366e+01
1.000000e+02, 7.981101e+01
1.000000e+02, 7.983882e+01
1.000000e+02, 7.986708e+01
1.000000e+02, 7.989580e+01
1.000000e+02, 7.992497e+01
1.000000e+02, 7.995461e+01
1.000000e+02, 7.998470e+01
1.000000e+02, 8.001524e+01
1.000000e+02, 8.004625e+01
1.000000e+02, 8.007771e+01
1.000000e+02, 8.010963e+01
1.000000e+02, 8.014201e+01
1.000000e+02, 8.017485e+01
1.000000e+02, 8.020815e+01
1.000000e+02, 8.024191e+01
1.000000e+02, 8.027613e+01
1.000000e+02, 8.031081e+01
1.000000e+02, 8.034595e+01
1.000000e+02, 8.038156e+01
1.000000e+02, 8.041763e+01
1.000000e+02, 8.045415e+01
1.000000e+02, 8.049115e+01
1.000000e+02, 8.052860e+01
1.000000e+02, 8.056653e+01
1.000000e+02, 8.060491e+01
1.000000e+02, 8.064376e+01
1.000000e+02, 8.068308e+01
1.000000e+02, 8.072286e+01
1.000000e+02, 8.076311e+01
1.000000e+02, 8.080383e+01
1.000000e+02, 8.084501e+01
1.000000e+02, 8.088666e+01
1.000000e+02, 8.092878e+01
1.000000e+02, 8.097138e+01
1.000000e+02, 8.101444e+01
1.000000e+02, 8.105797e+01
1.000000e+02, 8.110197e+01
1.000000e+02, 8.114644e+01
1.000000e+02, 8.119139e+01
1.000000e+02, 8.123680e+01
1.000000e+02, 8.128269e+01
1.000000e+02, 8.132906e+01
1.000000e+02, 8.137590e+01
1.000000e+02, 8.142321e+01
1.000000e+02, 8.147100e+01
1.000000e+02, 8.151927e+01
1.000000e+02, 8.156801e+01
1.000000e+02, 8.161723e+01
1.000000e+02, 8.166693e+01
1.000000e+02, 8.171711e+01
1.000000e+02, 8.176777e+01
1.000000e+02, 8.181890e+01
1.000000e+02, 8.187052e+01
1.000000e+02, 8.192262e+01
1.000000e+02, 8.197520e+01
1.000000e+02, 8.202827e+01
1.000000e+02, 8.208182e+01
1.000000e+02, 8.213585e+01
1.000000e+02, 8.219037e+01
1.000000e+02, 8.224537e+01
1.000000e+02, 8.230086e+01
1.000000e+02, 8.235684e+01
1.000000e+02, 8.241331e+01
1.000000e+02, 8.247026e+01
1.000000e+02, 8.252770e+01
1.000000e+02, 8.258564e+01
1.000000e+02, 8.264406e+01
1.000000e+02, 8.270298e+01
1.000000e+02, 8.276239e+01
1.000000e+02, 8.282229e+01
1.000000e+02, 8.288269e+01
1.000000e+02, 8.294358e+01
1.000000e+02, 8.300497e+01
1.000000e+02, 8.306686e+01
1.000000e+02, 8.312924e+01
1.000000e+02, 8.319212e+01
1.000000e+02, 8.325550e+01
1.000000e+02, 8.331939e+01
1.000000e+02, 8.338377e+01
1.000000e+02, 8.344865e+01
1.000000e+02, 8.351404e+01
1.000000e+02, 8.357993e+01
1.000000e+02, 8.364633e+01
1.000000e+02, 8.371323e+01
1.000000e+02, 8.378064e+01
1.000000e+02, 8.384856e+01
1.000000e+02, 8.391699e+01
1.000000e+02, 8.398592e+01
1.000000e+02, 8.405537e+01
1.000000e+02, 8.412532e+01
1.000000e+02, 8.419579e+01
1.000000e+02, 8.426678e+01
1.000000e+02, 8.433828e+01
1.000000e+02, 8.441029e+01
1.000000e+02, 8.448282e+01
1.000000e+02, 8.455587e+01
1.000000e+02, 8.462944e+01
1.000000e+02, 8.470352e+01
1.000000e+02, 8.477813e+01
1.000000e+02, 8.485326e+01
1.000000e+02, 8.492892e+01
1.000000e+02, 8.500509e+01
1.000000e+02, 8.508180e+01
1.000000e+02, 8.515903e+01
1.000000e+02, 8.523679e+01
1.000000e+02, 8.531507e+01
1.000000e+02, 8.539389e+01
1.000000e+02, 8.547324e+01
1.000000e+02, 8.555312e+01
1.000000e+02, 8.563353e+01
1.000000e+02, 8.571448e+01
1.000000e+02, 8.579597e+01
1.000000e+02, 8.587799e+01
1.000000e+02, 8.596055e+01
1.000000e+02, 8.604365e+01
1.000000e+02, 8.612729e+01
1.000000e+02, 8.621148e+01
1.000000e+02, 8.629621e+01
1.000000e+02, 8.638148e+01
1.000000e+02, 8.646730e+01
1.000000e+02, 8.655367e+01
1.000000e+02, 8.664059e+01
1.000000e+02, 8.672806e+01
1.000000e+02, 8.681608e+01
1.000000e+02, 8.690465e+01
1.000000e+02, 8.699378e+01
1.000000e+02, 8.708346e+01
1.000000e+02, 8.717370e+01
1.000000e+02, 8.726450e+01
1.000000e+02, 8.735586e+01
1.000000e+02, 8.744779e+01
1.000000e+02, 8.754027e+01
1.000000e+02, 8.763333e+01
1.000000e+02, 8.772694e+01
1.000000e+02, 8.782113e+01
1.000000e+02, 8.791589e+01
1.000000e+02, 8.801121e+01
1.000000e+02, 8.810711e+01
1.000000e+02, 8.820359e+01
1.000000e+02, 8.830064e+01
1.000000e+02, 8.839827e+01
1.000000e+02, 8.849647e+01
1.000000e+02, 8.859526e+01
1.000000e+02, 8.869463e+01
1.000000e+02, 8.879459e+01
1.000000e+02, 8.889513e+01
1.000000e+02, 8.899626e+01
1.000000e+02, 8.909797e+01
1.000000e+02, 8.920028e+01
1.000000e+02, 8.930319e+01
1.000000e+02, 8.940668e+01
1.000000e+02, 8.951078e+01
1.000000e+02, 8.961547e+01
1.000000e+02, 8.972076e+01
1.000000e+02, 8.982666e+01
1.000000e+02, 8.993316e+01
1.000000e+02, 9.004026e+01
1.000000e+02, 9.014798e+01
1.000000e+02, 9.025630e+01
1.000000e+02, 9.036524e+01
1.000000e+02, 9.047479e+01
1.000000e+02, 9.058495e+01
1.000000e+02, 9.069573e+01
1.000000e+02, 9.080714e+01
1.000000e+02, 9.091916e+01
1.000000e+02, 9.103181e+01
1.000000e+02, 9.114509e+01
1.000000e+02, 9.125899e+01
1.000000e+02, 9.137352e+01
1.000000e+02, 9.148869e+01
1.000000e+02, 9.160449e+01
1.000000e+02, 9.172093e+01
1.000000e+02, 9.183801e+01
1.000000e+02, 9.195573e+01
1.000000e+02, 9.207409e+01
1.000000e+02, 9.219310e+01
1.000000e+02, 9.231276e+01
1.000000e+02, 9.243307e+01
1.000000e+02, 9.255403e+01
1.000000e+02, 9.267565e+01
1.000000e+02, 9.279793e+01
1.000000e+02, 9.292086e+01
1.000000e+02, 9.304446e+01
1.000000e+02, 9.316873e+01
1.000000e+02, 9.329366e+01
1.000000e+02, 9.341927e+01
1.000000e+02, 9.354554e+01
1.000000e+02, 9.367250e+01
1.000000e+02, 9.380013e+01
1.000000e+02, 9.392844e+01
1.000000e+02, 9.405744e+01
1.000000e+02, 9.418712e+01
1.000000e+02, 9.431749e+01
1.000000e+02, 9.444856e+01
1.000000e+02, 9.458032e+01
1.000000e+02, 9.471278e+01
1.000000e+02, 9.484594e+01
1.000000e+02, 9.497980e+01
1.000000e+02, 9.511437e+01
1.000000e+02, 9.524965e+01
1.000000e+02, 9.538564e+01
1.000000e+02, 9.552234e+01
1.000000e+02, 9.565977e+01
1.000000e+02, 9.579792e+01
1.000000e+02, 9.593679e+01
1.000000e+02, 9.607639e+01
1.000000e+02, 9.621672e+01
1.000000e+02, 9.635778e+01
1.000000e+02, 9.649959e+01
1.000000e+02, 9.664213e+01
1.000000e+02, 9.678542e+01
1.000000e+02, 9.692946e+01
1.000000e+02, 9.707425e+01
1.000000e+02, 9.721979e+01
1.000000e+02, 9.736609e+01
1.000000e+02, 9.751316e+01
1.000000e+02, 9.766099e+01
1.000000e+02, 9.780959e+01
1.000000e+02, 9.795896e+01
1.000000e+02, 9.810911e+01
1.000000e+02, 9.826003e+01
1.000000e+02, 9.841175e+01
1.000000e+02, 9.856425e+01
1.000000e+02, 9.871754e+01
1.000000e+02, 9.887163e+01
1.000000e+02, 9.902651e+01
1.000000e+02, 9.918221e+01
1.000000e+02, 9.933871e+01
1.000000e+02, 9.949602e+01
1.000000e+02, 9.965415e+01
1.000000e+02, 9.981309e+01
1.000000e+02, 9.997287e+01
1.000000e+02, 1.001335e+02
1.000000e+02, 1.002949e+02
1.000000e+02, 1.004572e+02
1.000000e+02, 1.006203e+02
1.000000e+02, 1.007843e+02
1.000000e+02, 1.009491e+02
1.000000e+02, 1.011147e+02
1.000000e+02, 1.012813e+02
1.000000e+02, 1.014487e+02
1.000000e+02, 1.016169e+02
1.000000e+02, 1.017861e+02
1.000000e+02, 1.019561e+02
1.000000e+02, 1.021270e+02
1.000000e+02, 1.022988e+02
1.000000e+02, 1.024715e+02
1.000000e+02, 1.026451e+02
1.000000e+02, 1.028196e+02
1.000000e+02, 1.029951e+02
1.000000e+02, 1.031714e+02
1.000000e+02, 1.033487e+02
1.000000e+02, 1.035268e+02
1.000000e+02, 1.037060e+02
1.000000e+02, 1.038860e+02
1.000000e+02, 1.040670e+02
1.000000e+02, 1.042490e+02
1.000000e+02, 1.044319e+02
1.000000e+02, 1.046158e+02
1.000000e+02, 1.048006e+02
1.000000e+02, 1.049865e+02
1.000000e+02, 1.051733e+02
1.000000e+02, 1.053611e+02
1.000000e+02, 1.055499e+02
1.000000e+02, 1.057397e+02
1.000000e+02, 1.059305e+02
1.000000e+02, 1.061223e+02
1.000000e+02, 1.063151e+02
1.000000e+02, 1.065090e+02
1.000000e+02, 1.067039e+02
1.000000e+02, 1.068999e+02
1.000000e+02, 1.070969e+02
1.000000e+02, 1.072949e+02
1.000000e+02, 1.074941e+02
1.000000e+02, 1.076943e+02
1.000000e+02, 1.078956e+02
1.000000e+02, 1.080979e+02
1.000000e+02, 1.083014e+02
1.000000e+02, 1.085060e+02
1.000000e+02, 1.087117e+02
1.000000e+02, 1.089185e+02
1.000000e+02, 1.091264e+02
1.000000e+02, 1.093355e+02
1.000000e+02, 1.095457e+02
1.000000e+02, 1.097571e+02
1.000000e+02, 1.099696e+02
1.000000e+02, 1.101834e+02
1.000000e+02, 1.103983e+02
1.000000e+02, 1.106144e+02
1.000000e+02, 1.108317e+02
1.000000e+02, 1.110502e+02
1.000000e+02, 1.112700e+02
1.000000e+02, 1.114909e+02
1.000000e+02, 1.117132e+02
1.000000e+02, 1.119366e+02
1.000000e+02, 1.121614e+02
1.000000e+02, 1.123874e+02
1.000000e+02, 1.126147e+02
1.000000e+02, 1.128433e+02
1.000000e+02, 1.130732e+02
1.000000e+02, 1.133044e+02
1.000000e+02, 1.135370e+02
1.000000e+02, 1.137709e+02
1.000000e+02, 1.140061e+02
1.000000e+02, 1.142428e+02
1.000000e+02, 1.144808e+02
1.000000e+02, 1.147202e+02
1.000000e+02, 1.149610e+02
1.000000e+02, 1.152032e+02
1.000000e+02, 1.154469e+02
1.000000e+02, 1.156920e+02
1.000000e+02, 1.159386e+02
1.000000e+02, 1.161867e+02
1.000000e+02, 1.164362e+02
1.000000e+02, 1.166873e+02
1.000000e+02, 1.169399e+02
1.000000e+02, 1.171940e+02
1.000000e+02, 1.174497e+02
1.000000e+02, 1.177069e+02
1.000000e+02, 1.179657e+02
1.000000e+02, 1.182262e+02
1.000000e+02, 1.184882e+02
1.000000e+02, 1.187519e+02
1.000000e+02, 1.190173e+02
1.000000e+02, 1.192843e+02
1.000000e+02, 1.195530e+02
1.000000e+02, 1.198235e+02
1.000000e+02, 1.200956e+02
1.000000e+02, 1.203696e+02
1.000000e+02, 1.206453e+02
1.000000e+02, 1.209227e+02
1.000000e+02, 1.212020e+02
1.000000e+02, 1.214832e+02
1.000000e+02, 1.217662e+02
1.000000e+02, 1.220511e+02
1.000000e+02, 1.223378e+02
1.000000e+02, 1.226266e+02
1.000000e+02, 1.229172e+02
1.000000e+02, 1.232099e+02
1.000000e+02, 1.235045e+02
1.000000e+02, 1.238012e+02
1.000000e+02, 1.241000e+02
1.000000e+02, 1.244008e+02
1.000000e+02, 1.247037e+02
1.000000e+02, 1.250088e+02
1.000000e+02, 1.253161e+02
1.000000e+02, 1.256255e+02
1.000000e+02, 1.259372e+02
1.000000e+02, 1.262512e+02
1.000000e+02, 1.265675e+02
1.000000e+02, 1.268860e+02
1.000000e+02, 1.272070e+02
1.000000e+02, 1.275304e+02
1.000000e+02, 1.278562e+02
1.000000e+02, 1.281845e+02
1.000000e+02, 1.285153e+02
1.000000e+02, 1.288487e+02
1.000000e+02, 1.291847e+02
1.000000e+02, 1.295233e+02
1.000000e+02, 1.298646e+02
1.000000e+02, 1.302086e+02
1.000000e+02, 1.305554e+02
1.000000e+02, 1.309051e+02
1.000000e+02, 1.312576e+02
1.000000e+02, 1.316130e+02
1.000000e+02, 1.319714e+02
1.000000e+02, 1.323329e+02
1.000000e+02, 1.326974e+02
1.000000e+02, 1.330651e+02
1.000000e+02, 1.334360e+02
1.000000e+02, 1.338102e+02
1.000000e+02, 1.341877e+02
1.000000e+02, 1.345686e+02
1.000000e+02, 1.349530e+02
1.000000e+02, 1.353409e+02
1.000000e+02, 1.357325e+02
1.000000e+02, 1.361277e+02
1.000000e+02, 1.365267e+02
1.000000e+02, 1.369296e+02
1.000000e+02, 1.373364e+02
1.000000e+02, 1.377473e+02
1.000000e+02, 1.381623e+02
1.000000e+02, 1.385815e+02
1.000000e+02, 1.390050e+02
1.000000e+02, 1.394330e+02
1.000000e+02, 1.398656e+02
1.000000e+02, 1.403028e+02
1.000000e+02, 1.407447e+02
1.000000e+02, 1.411916e+02
1.000000e+02, 1.416436e+02
1.000000e+02, 1.421007e+02
1.000000e+02, 1.425631e+02
1.000000e+02, 1.430311e+02
1.000000e+02, 1.435046e+02
1.000000e+02, 1.439840e+02
1.000000e+02, 1.444694e+02
1.000000e+02, 1.449610e+02
1.000000e+02, 1.454590e+02
1.000000e+02, 1.459635e+02
1.000000e+02, 1.464749e+02
1.000000e+02, 1.469934e+02
1.000000e+02, 1.475191e+02
1.000000e+02, 1.480525e+02
1.000000e+02, 1.485936e+02
1.000000e+02, 1.491430e+02
1.000000e+02, 1.497008e+02
1.000000e+02, 1.502675e+02
1.000000e+02, 1.508434e+02
1.000000e+02, 1.514289e+02
1.000000e+02, 1.520245e+02
1.000000e+02, 1.526306e+02
1.000000e+02, 1.532476e+02
1.000000e+02, 1.538763e+02
1.000000e+02, 1.545171e+02
1.000000e+02, 1.551707e+02
1.000000e+02, 1.558378e+02
1.000000e+02, 1.565193e+02
1.000000e+02, 1.572159e+02
1.000000e+02, 1.579287e+02
1.000000e+02, 1.586586e+02
1.000000e+02, 1.594069e+02
1.000000e+02, 1.601749e+02
1.000000e+02, 1.609641e+02
1.000000e+02, 1.617763e+02
1.000000e+02, 1.626133e+02
1.000000e+02, 1.634775e+02
1.000000e+02, 1.643715e+02
1.000000e+02, 1.652983e+02
1.000000e+02, 1.662618e+02
1.000000e+02, 1.672662e+02
1.000000e+02, 1.683171e+02
1.000000e+02, 1.694212e+02
1.000000e+02, 1.705871e+02
1.000000e+02, 1.718261e+02
1.000000e+02, 1.731534e+02
1.000000e+02, 1.745903e+02
1.000000e+02, 1.761689e+02
1.000000e+02, 1.779406e+02
1.000000e+02, 1.800000e+02
##END= 