##TITLE= /opt/topspin3.0/exp/stan/nmr/lists/wave/user/HypSec_trunc2.84_110
##JCAMP-DX= 5.00 Bruker JCAMP library
##DATA TYPE= Shape Data
##ORIGIN= Bruker BioSpin GmbH
##OWNER= <nmrsu>
##DATE= 15/02/24
##TIME= 16:15:04
##MINX= 1.164538e+01
##MAXX= 9.999960e+01
##MINY= 2.546774e-02
##MAXY= 3.585574e+02
##$SHAPE_EXMODE= Adiabatic
##$SHAPE_TOTROT= 1.800000e+02
##$SHAPE_BWFAC= 1.929340e+02
##$SHAPE_INTEGFAC= 2.356110e-02
##$SHAPE_MODE= 0
##NPOINTS= 1000
##XYPOINTS= (XY..XY)
1.000000e+02, 1.800000e+02
1.000000e+02, 1.743201e+02
1.000000e+02, 1.694335e+02
1.000000e+02, 1.650798e+02
1.000000e+02, 1.611166e+02
1.000000e+02, 1.574560e+02
1.000000e+02, 1.540387e+02
1.000000e+02, 1.508231e+02
1.000000e+02, 1.477779e+02
1.000000e+02, 1.448794e+02
1.000000e+02, 1.421091e+02
1.000000e+02, 1.394519e+02
1.000000e+02, 1.368955e+02
1.000000e+02, 1.344299e+02
1.000000e+02, 1.320464e+02
1.000000e+02, 1.297377e+02
1.000000e+02, 1.274978e+02
1.000000e+02, 1.253211e+02
1.000000e+02, 1.232028e+02
1.000000e+02, 1.211390e+02
1.000000e+02, 1.191258e+02
1.000000e+02, 1.171600e+02
1.000000e+02, 1.152387e+02
1.000000e+02, 1.133592e+02
1.000000e+02, 1.115192e+02
1.000000e+02, 1.097165e+02
1.000000e+02, 1.079491e+02
1.000000e+02, 1.062152e+02
1.000000e+02, 1.045133e+02
1.000000e+02, 1.028417e+02
1.000000e+02, 1.011991e+02
1.000000e+02, 9.958427e+01
1.000000e+02, 9.799591e+01
1.000000e+02, 9.643296e+01
1.000000e+02, 9.489438e+01
1.000000e+02, 9.337923e+01
1.000000e+02, 9.188659e+01
1.000000e+02, 9.041564e+01
1.000000e+02, 8.896559e+01
1.000000e+02, 8.753570e+01
1.000000e+02, 8.612527e+01
1.000000e+02, 8.473365e+01
1.000000e+02, 8.336023e+01
1.000000e+02, 8.200442e+01
1.000000e+02, 8.066566e+01
1.000000e+02, 7.934345e+01
1.000000e+02, 7.803728e+01
1.000000e+02, 7.674668e+01
1.000000e+02, 7.547121e+01
1.000000e+02, 7.421044e+01
1.000000e+02, 7.296398e+01
1.000000e+02, 7.173142e+01
1.000000e+02, 7.051242e+01
1.000000e+02, 6.930661e+01
1.000000e+02, 6.811367e+01
1.000000e+02, 6.693327e+01
1.000000e+02, 6.576510e+01
1.000000e+02, 6.460888e+01
1.000000e+02, 6.346431e+01
1.000000e+02, 6.233114e+01
1.000000e+02, 6.120910e+01
1.000000e+02, 6.009794e+01
1.000000e+02, 5.899742e+01
1.000000e+02, 5.790732e+01
1.000000e+02, 5.682741e+01
1.000000e+02, 5.575748e+01
1.000000e+02, 5.469732e+01
1.000000e+02, 5.364674e+01
1.000000e+02, 5.260554e+01
1.000000e+02, 5.157354e+01
1.000000e+02, 5.055057e+01
1.000000e+02, 4.953645e+01
1.000000e+02, 4.853101e+01
1.000000e+02, 4.753409e+01
1.000000e+02, 4.654555e+01
1.000000e+02, 4.556522e+01
1.000000e+02, 4.459296e+01
1.000000e+02, 4.362864e+01
1.000000e+02, 4.267211e+01
1.000000e+02, 4.172324e+01
1.000000e+02, 4.078191e+01
1.000000e+02, 3.984799e+01
1.000000e+02, 3.892136e+01
1.000000e+02, 3.800190e+01
1.000000e+02, 3.708950e+01
1.000000e+02, 3.618404e+01
1.000000e+02, 3.528543e+01
1.000000e+02, 3.439354e+01
1.000000e+02, 3.350830e+01
1.000000e+02, 3.262958e+01
1.000000e+02, 3.175730e+01
1.000000e+02, 3.089137e+01
1.000000e+02, 3.003169e+01
1.000000e+02, 2.917818e+01
1.000000e+02, 2.833074e+01
1.000000e+02, 2.748930e+01
1.000000e+02, 2.665376e+01
1.000000e+02, 2.582406e+01
1.000000e+02, 2.500011e+01
1.000000e+02, 2.418184e+01
1.000000e+02, 2.336916e+01
1.000000e+02, 2.256202e+01
1.000000e+02, 2.176034e+01
1.000000e+02, 2.096404e+01
1.000000e+02, 2.017307e+01
1.000000e+02, 1.938735e+01
1.000000e+02, 1.860683e+01
1.000000e+02, 1.783143e+01
1.000000e+02, 1.706110e+01
1.000000e+02, 1.629577e+01
1.000000e+02, 1.553539e+01
1.000000e+02, 1.477990e+01
1.000000e+02, 1.402925e+01
1.000000e+02, 1.328337e+01
1.000000e+02, 1.254222e+01
1.000000e+02, 1.180574e+01
1.000000e+02, 1.107388e+01
1.000000e+02, 1.034659e+01
1.000000e+02, 9.623817e+00
1.000000e+02, 8.905516e+00
1.000000e+02, 8.191639e+00
1.000000e+02, 7.482138e+00
1.000000e+02, 6.776969e+00
1.000000e+02, 6.076085e+00
1.000000e+02, 5.379444e+00
1.000000e+02, 4.687003e+00
1.000000e+02, 3.998719e+00
1.000000e+02, 3.314550e+00
1.000000e+02, 2.634457e+00
1.000000e+02, 1.958398e+00
1.000000e+02, 1.286337e+00
1.000000e+02, 6.182327e-01
1.000000e+02, 3.599540e+02
1.000000e+02, 3.592937e+02
1.000000e+02, 3.586373e+02
1.000000e+02, 3.579847e+02
1.000000e+02, 3.573358e+02
1.000000e+02, 3.566907e+02
1.000000e+02, 3.560492e+02
1.000000e+02, 3.554115e+02
1.000000e+02, 3.547774e+02
1.000000e+02, 3.541469e+02
1.000000e+02, 3.535200e+02
1.000000e+02, 3.528967e+02
1.000000e+02, 3.522768e+02
1.000000e+02, 3.516605e+02
1.000000e+02, 3.510476e+02
1.000000e+02, 3.504381e+02
1.000000e+02, 3.498320e+02
1.000000e+02, 3.492293e+02
1.000000e+02, 3.486300e+02
1.000000e+02, 3.480340e+02
1.000000e+02, 3.474412e+02
1.000000e+02, 3.468518e+02
1.000000e+02, 3.462655e+02
1.000000e+02, 3.456825e+02
1.000000e+02, 3.451027e+02
1.000000e+02, 3.445261e+02
1.000000e+02, 3.439525e+02
1.000000e+02, 3.433821e+02
1.000000e+02, 3.428148e+02
1.000000e+02, 3.422506e+02
1.000000e+02, 3.416894e+02
1.000000e+02, 3.411313e+02
1.000000e+02, 3.405761e+02
1.000000e+02, 3.400240e+02
1.000000e+02, 3.394747e+02
1.000000e+02, 3.389285e+02
1.000000e+02, 3.383851e+02
1.000000e+02, 3.378447e+02
1.000000e+02, 3.373071e+02
1.000000e+02, 3.367724e+02
1.000000e+02, 3.362405e+02
1.000000e+02, 3.357115e+02
1.000000e+02, 3.351852e+02
1.000000e+02, 3.346617e+02
1.000000e+02, 3.341410e+02
1.000000e+02, 3.336231e+02
1.000000e+02, 3.331078e+02
1.000000e+02, 3.325953e+02
1.000000e+02, 3.320855e+02
1.000000e+02, 3.315783e+02
1.000000e+02, 3.310738e+02
1.000000e+02, 3.305720e+02
1.000000e+02, 3.300727e+02
1.000000e+02, 3.295761e+02
1.000000e+02, 3.290821e+02
1.000000e+02, 3.285906e+02
1.000000e+02, 3.281018e+02
1.000000e+02, 3.276154e+02
1.000000e+02, 3.271316e+02
1.000000e+02, 3.266503e+02
1.000000e+02, 3.261715e+02
1.000000e+02, 3.256952e+02
1.000000e+02, 3.252213e+02
1.000000e+02, 3.247499e+02
1.000000e+02, 3.242810e+02
1.000000e+02, 3.238145e+02
1.000000e+02, 3.233504e+02
1.000000e+02, 3.228887e+02
1.000000e+02, 3.224294e+02
1.000000e+02, 3.219724e+02
1.000000e+02, 3.215179e+02
1.000000e+02, 3.210657e+02
1.000000e+02, 3.206158e+02
1.000000e+02, 3.201682e+02
1.000000e+02, 3.197230e+02
1.000000e+02, 3.192800e+02
1.000000e+02, 3.188393e+02
1.000000e+02, 3.184009e+02
1.000000e+02, 3.179648e+02
1.000000e+02, 3.175309e+02
1.000000e+02, 3.170993e+02
1.000000e+02, 3.166699e+02
1.000000e+02, 3.162427e+02
1.000000e+02, 3.158177e+02
1.000000e+02, 3.153949e+02
1.000000e+02, 3.149743e+02
1.000000e+02, 3.145559e+02
1.000000e+02, 3.141396e+02
1.000000e+02, 3.137255e+02
1.000000e+02, 3.133135e+02
1.000000e+02, 3.129037e+02
1.000000e+02, 3.124960e+02
1.000000e+02, 3.120904e+02
1.000000e+02, 3.116868e+02
1.000000e+02, 3.112854e+02
1.000000e+02, 3.108861e+02
1.000000e+02, 3.104888e+02
1.000000e+02, 3.100936e+02
1.000000e+02, 3.097005e+02
1.000000e+02, 3.093094e+02
1.000000e+02, 3.089203e+02
1.000000e+02, 3.085333e+02
1.000000e+02, 3.081482e+02
1.000000e+02, 3.077652e+02
1.000000e+02, 3.073842e+02
1.000000e+02, 3.070052e+02
1.000000e+02, 3.066281e+02
1.000000e+02, 3.062531e+02
1.000000e+02, 3.058799e+02
1.000000e+02, 3.055088e+02
1.000000e+02, 3.051396e+02
1.000000e+02, 3.047723e+02
1.000000e+02, 3.044070e+02
1.000000e+02, 3.040436e+02
1.000000e+02, 3.036821e+02
1.000000e+02, 3.033225e+02
1.000000e+02, 3.029649e+02
1.000000e+02, 3.026091e+02
1.000000e+02, 3.022552e+02
1.000000e+02, 3.019032e+02
1.000000e+02, 3.015530e+02
1.000000e+02, 3.012047e+02
1.000000e+02, 3.008583e+02
1.000000e+02, 3.005137e+02
1.000000e+02, 3.001710e+02
1.000000e+02, 2.998301e+02
1.000000e+02, 2.994911e+02
1.000000e+02, 2.991538e+02
1.000000e+02, 2.988184e+02
1.000000e+02, 2.984848e+02
1.000000e+02, 2.981529e+02
1.000000e+02, 2.978229e+02
1.000000e+02, 2.974947e+02
1.000000e+02, 2.971682e+02
1.000000e+02, 2.968435e+02
1.000000e+02, 2.965206e+02
1.000000e+02, 2.961995e+02
1.000000e+02, 2.958801e+02
1.000000e+02, 2.955625e+02
1.000000e+02, 2.952466e+02
1.000000e+02, 2.949324e+02
1.000000e+02, 2.946200e+02
1.000000e+02, 2.943093e+02
1.000000e+02, 2.940003e+02
1.000000e+02, 2.936931e+02
1.000000e+02, 2.933875e+02
1.000000e+02, 2.930837e+02
1.000000e+02, 2.927815e+02
1.000000e+02, 2.924811e+02
1.000000e+02, 2.921823e+02
1.000000e+02, 2.918852e+02
1.000000e+02, 2.915898e+02
1.000000e+02, 2.912961e+02
1.000000e+02, 2.910040e+02
1.000000e+02, 2.907136e+02
1.000000e+02, 2.904249e+02
1.000000e+02, 2.901378e+02
1.000000e+02, 2.898523e+02
1.000000e+02, 2.895685e+02
1.000000e+02, 2.892863e+02
1.000000e+02, 2.890058e+02
1.000000e+02, 2.887269e+02
1.000000e+02, 2.884496e+02
1.000000e+02, 2.881739e+02
1.000000e+02, 2.878998e+02
1.000000e+02, 2.876274e+02
1.000000e+02, 2.873565e+02
1.000000e+02, 2.870872e+02
1.000000e+02, 2.868196e+02
1.000000e+02, 2.865535e+02
1.000000e+02, 2.862890e+02
1.000000e+02, 2.860261e+02
1.000000e+02, 2.857647e+02
1.000000e+02, 2.855050e+02
1.000000e+02, 2.852468e+02
1.000000e+02, 2.849901e+02
1.000000e+02, 2.847350e+02
1.000000e+02, 2.844815e+02
1.000000e+02, 2.842295e+02
1.000000e+02, 2.839791e+02
1.000000e+02, 2.837302e+02
1.000000e+02, 2.834828e+02
1.000000e+02, 2.832370e+02
1.000000e+02, 2.829927e+02
1.000000e+02, 2.827500e+02
1.000000e+02, 2.825087e+02
1.000000e+02, 2.822690e+02
1.000000e+02, 2.820308e+02
1.000000e+02, 2.817941e+02
1.000000e+02, 2.815589e+02
1.000000e+02, 2.813252e+02
1.000000e+02, 2.810930e+02
1.000000e+02, 2.808623e+02
1.000000e+02, 2.806331e+02
1.000000e+02, 2.804054e+02
1.000000e+02, 2.801792e+02
1.000000e+02, 2.799545e+02
1.000000e+02, 2.797312e+02
1.000000e+02, 2.795094e+02
1.000000e+02, 2.792891e+02
1.000000e+02, 2.790702e+02
1.000000e+02, 2.788529e+02
1.000000e+02, 2.786369e+02
1.000000e+02, 2.784225e+02
1.000000e+02, 2.782095e+02
1.000000e+02, 2.779979e+02
1.000000e+02, 2.777878e+02
1.000000e+02, 2.775792e+02
1.000000e+02, 2.773719e+02
1.000000e+02, 2.771662e+02
1.000000e+02, 2.769618e+02
1.000000e+02, 2.767589e+02
1.000000e+02, 2.765575e+02
1.000000e+02, 2.763574e+02
1.000000e+02, 2.761588e+02
1.000000e+02, 2.759616e+02
1.000000e+02, 2.757658e+02
1.000000e+02, 2.755715e+02
1.000000e+02, 2.753785e+02
1.000000e+02, 2.751870e+02
1.000000e+02, 2.749968e+02
1.000000e+02, 2.748081e+02
1.000000e+02, 2.746208e+02
1.000000e+02, 2.744349e+02
1.000000e+02, 2.742504e+02
1.000000e+02, 2.740672e+02
1.000000e+02, 2.738855e+02
1.000000e+02, 2.737052e+02
1.000000e+02, 2.735262e+02
1.000000e+02, 2.733486e+02
1.000000e+02, 2.731724e+02
1.000000e+02, 2.729976e+02
1.000000e+02, 2.728242e+02
1.000000e+02, 2.726521e+02
1.000000e+02, 2.724815e+02
1.000000e+02, 2.723121e+02
1.000000e+02, 2.721442e+02
1.000000e+02, 2.719776e+02
1.000000e+02, 2.718124e+02
1.000000e+02, 2.716485e+02
1.000000e+02, 2.714860e+02
1.000000e+02, 2.713249e+02
1.000000e+02, 2.711651e+02
1.000000e+02, 2.710067e+02
1.000000e+02, 2.708496e+02
1.000000e+02, 2.706939e+02
1.000000e+02, 2.705395e+02
1.000000e+02, 2.703864e+02
1.000000e+02, 2.702347e+02
1.000000e+02, 2.700844e+02
1.000000e+02, 2.699353e+02
1.000000e+02, 2.697876e+02
1.000000e+02, 2.696413e+02
1.000000e+02, 2.694963e+02
1.000000e+02, 2.693526e+02
1.000000e+02, 2.692102e+02
1.000000e+02, 2.690692e+02
1.000000e+02, 2.689294e+02
1.000000e+02, 2.687911e+02
1.000000e+02, 2.686540e+02
1.000000e+02, 2.685182e+02
1.000000e+02, 2.683838e+02
1.000000e+02, 2.682507e+02
1.000000e+02, 2.681189e+02
1.000000e+02, 2.679884e+02
1.000000e+02, 2.678592e+02
1.000000e+02, 2.677313e+02
1.000000e+02, 2.676047e+02
1.000000e+02, 2.674795e+02
1.000000e+02, 2.673555e+02
1.000000e+02, 2.672328e+02
1.000000e+02, 2.671115e+02
1.000000e+02, 2.669914e+02
1.000000e+02, 2.668727e+02
1.000000e+02, 2.667552e+02
1.000000e+02, 2.666390e+02
1.000000e+02, 2.665241e+02
1.000000e+02, 2.664106e+02
1.000000e+02, 2.662983e+02
1.000000e+02, 2.661872e+02
1.000000e+02, 2.660775e+02
1.000000e+02, 2.659691e+02
1.000000e+02, 2.658619e+02
1.000000e+02, 2.657561e+02
1.000000e+02, 2.656515e+02
1.000000e+02, 2.655482e+02
1.000000e+02, 2.654461e+02
1.000000e+02, 2.653454e+02
1.000000e+02, 2.652459e+02
1.000000e+02, 2.651477e+02
1.000000e+02, 2.650508e+02
1.000000e+02, 2.649551e+02
1.000000e+02, 2.648608e+02
1.000000e+02, 2.647676e+02
1.000000e+02, 2.646758e+02
1.000000e+02, 2.645852e+02
1.000000e+02, 2.644959e+02
1.000000e+02, 2.644079e+02
1.000000e+02, 2.643211e+02
1.000000e+02, 2.642356e+02
1.000000e+02, 2.641513e+02
1.000000e+02, 2.640684e+02
1.000000e+02, 2.639866e+02
1.000000e+02, 2.639062e+02
1.000000e+02, 2.638269e+02
1.000000e+02, 2.637490e+02
1.000000e+02, 2.636723e+02
1.000000e+02, 2.635969e+02
1.000000e+02, 2.635227e+02
1.000000e+02, 2.634497e+02
1.000000e+02, 2.633781e+02
1.000000e+02, 2.633076e+02
1.000000e+02, 2.632385e+02
1.000000e+02, 2.631705e+02
1.000000e+02, 2.631039e+02
1.000000e+02, 2.630384e+02
1.000000e+02, 2.629743e+02
1.000000e+02, 2.629113e+02
1.000000e+02, 2.628497e+02
1.000000e+02, 2.627892e+02
1.000000e+02, 2.627300e+02
1.000000e+02, 2.626721e+02
1.000000e+02, 2.626154e+02
1.000000e+02, 2.625599e+02
1.000000e+02, 2.625057e+02
1.000000e+02, 2.624527e+02
1.000000e+02, 2.624010e+02
1.000000e+02, 2.623505e+02
1.000000e+02, 2.623012e+02
1.000000e+02, 2.622532e+02
1.000000e+02, 2.622064e+02
1.000000e+02, 2.621609e+02
1.000000e+02, 2.621166e+02
1.000000e+02, 2.620735e+02
1.000000e+02, 2.620317e+02
1.000000e+02, 2.619911e+02
1.000000e+02, 2.619517e+02
1.000000e+02, 2.619136e+02
1.000000e+02, 2.618767e+02
1.000000e+02, 2.618410e+02
1.000000e+02, 2.618066e+02
1.000000e+02, 2.617734e+02
1.000000e+02, 2.617414e+02
1.000000e+02, 2.617107e+02
1.000000e+02, 2.616812e+02
1.000000e+02, 2.616530e+02
1.000000e+02, 2.616259e+02
1.000000e+02, 2.616001e+02
1.000000e+02, 2.615756e+02
1.000000e+02, 2.615522e+02
1.000000e+02, 2.615301e+02
1.000000e+02, 2.615092e+02
1.000000e+02, 2.614896e+02
1.000000e+02, 2.614712e+02
1.000000e+02, 2.614540e+02
1.000000e+02, 2.614380e+02
1.000000e+02, 2.614233e+02
1.000000e+02, 2.614098e+02
1.000000e+02, 2.613975e+02
1.000000e+02, 2.613864e+02
1.000000e+02, 2.613766e+02
1.000000e+02, 2.613680e+02
1.000000e+02, 2.613606e+02
1.000000e+02, 2.613545e+02
1.000000e+02, 2.613496e+02
1.000000e+02, 2.613459e+02
1.000000e+02, 2.613435e+02
1.000000e+02, 2.613422e+02
1.000000e+02, 2.613422e+02
1.000000e+02, 2.613435e+02
1.000000e+02, 2.613459e+02
1.000000e+02, 2.613496e+02
1.000000e+02, 2.613545e+02
1.000000e+02, 2.613606e+02
1.000000e+02, 2.613680e+02
1.000000e+02, 2.613766e+02
1.000000e+02, 2.613864e+02
1.000000e+02, 2.613975e+02
1.000000e+02, 2.614098e+02
1.000000e+02, 2.614233e+02
1.000000e+02, 2.614380e+02
1.000000e+02, 2.614540e+02
1.000000e+02, 2.614712e+02
1.000000e+02, 2.614896e+02
1.000000e+02, 2.615092e+02
1.000000e+02, 2.615301e+02
1.000000e+02, 2.615522e+02
1.000000e+02, 2.615756e+02
1.000000e+02, 2.616001e+02
1.000000e+02, 2.616259e+02
1.000000e+02, 2.616530e+02
1.000000e+02, 2.616812e+02
1.000000e+02, 2.617107e+02
1.000000e+02, 2.617414e+02
1.000000e+02, 2.617734e+02
1.000000e+02, 2.618066e+02
1.000000e+02, 2.618410e+02
1.000000e+02, 2.618767e+02
1.000000e+02, 2.619136e+02
1.000000e+02, 2.619517e+02
1.000000e+02, 2.619911e+02
1.000000e+02, 2.620317e+02
1.000000e+02, 2.620735e+02
1.000000e+02, 2.621166e+02
1.000000e+02, 2.621609e+02
1.000000e+02, 2.622064e+02
1.000000e+02, 2.622532e+02
1.000000e+02, 2.623012e+02
1.000000e+02, 2.623505e+02
1.000000e+02, 2.624010e+02
1.000000e+02, 2.624527e+02
1.000000e+02, 2.625057e+02
1.000000e+02, 2.625599e+02
1.000000e+02, 2.626154e+02
1.000000e+02, 2.626721e+02
1.000000e+02, 2.627300e+02
1.000000e+02, 2.627892e+02
1.000000e+02, 2.628497e+02
1.000000e+02, 2.629113e+02
1.000000e+02, 2.629743e+02
1.000000e+02, 2.630384e+02
1.000000e+02, 2.631039e+02
1.000000e+02, 2.631705e+02
1.000000e+02, 2.632385e+02
1.000000e+02, 2.633076e+02
1.000000e+02, 2.633781e+02
1.000000e+02, 2.634497e+02
1.000000e+02, 2.635227e+02
1.000000e+02, 2.635969e+02
1.000000e+02, 2.636723e+02
1.000000e+02, 2.637490e+02
1.000000e+02, 2.638269e+02
1.000000e+02, 2.639062e+02
1.000000e+02, 2.639866e+02
1.000000e+02, 2.640684e+02
1.000000e+02, 2.641513e+02
1.000000e+02, 2.642356e+02
1.000000e+02, 2.643211e+02
1.000000e+02, 2.644079e+02
1.000000e+02, 2.644959e+02
1.000000e+02, 2.645852e+02
1.000000e+02, 2.646758e+02
1.000000e+02, 2.647676e+02
1.000000e+02, 2.648608e+02
1.000000e+02, 2.649551e+02
1.000000e+02, 2.650508e+02
1.000000e+02, 2.651477e+02
1.000000e+02, 2.652459e+02
1.000000e+02, 2.653454e+02
1.000000e+02, 2.654461e+02
1.000000e+02, 2.655482e+02
1.000000e+02, 2.656515e+02
1.000000e+02, 2.657561e+02
1.000000e+02, 2.658619e+02
1.000000e+02, 2.659691e+02
1.000000e+02, 2.660775e+02
1.000000e+02, 2.661872e+02
1.000000e+02, 2.662983e+02
1.000000e+02, 2.664106e+02
1.000000e+02, 2.665241e+02
1.000000e+02, 2.666390e+02
1.000000e+02, 2.667552e+02
1.000000e+02, 2.668727e+02
1.000000e+02, 2.669914e+02
1.000000e+02, 2.671115e+02
1.000000e+02, 2.672328e+02
1.000000e+02, 2.673555e+02
1.000000e+02, 2.674795e+02
1.000000e+02, 2.676047e+02
1.000000e+02, 2.677313e+02
1.000000e+02, 2.678592e+02
1.000000e+02, 2.679884e+02
1.000000e+02, 2.681189e+02
1.000000e+02, 2.682507e+02
1.000000e+02, 2.683838e+02
1.000000e+02, 2.685182e+02
1.000000e+02, 2.686540e+02
1.000000e+02, 2.687911e+02
1.000000e+02, 2.689294e+02
1.000000e+02, 2.690692e+02
1.000000e+02, 2.692102e+02
1.000000e+02, 2.693526e+02
1.000000e+02, 2.694963e+02
1.000000e+02, 2.696413e+02
1.000000e+02, 2.697876e+02
1.000000e+02, 2.699353e+02
1.000000e+02, 2.700844e+02
1.000000e+02, 2.702347e+02
1.000000e+02, 2.703864e+02
1.000000e+02, 2.705395e+02
1.000000e+02, 2.706939e+02
1.000000e+02, 2.708496e+02
1.000000e+02, 2.710067e+02
1.000000e+02, 2.711651e+02
1.000000e+02, 2.713249e+02
1.000000e+02, 2.714860e+02
1.000000e+02, 2.716485e+02
1.000000e+02, 2.718124e+02
1.000000e+02, 2.719776e+02
1.000000e+02, 2.721442e+02
1.000000e+02, 2.723121e+02
1.000000e+02, 2.724815e+02
1.000000e+02, 2.726521e+02
1.000000e+02, 2.728242e+02
1.000000e+02, 2.729976e+02
1.000000e+02, 2.731724e+02
1.000000e+02, 2.733486e+02
1.000000e+02, 2.735262e+02
1.000000e+02, 2.737052e+02
1.000000e+02, 2.738855e+02
1.000000e+02, 2.740672e+02
1.000000e+02, 2.742504e+02
1.000000e+02, 2.744349e+02
1.000000e+02, 2.746208e+02
1.000000e+02, 2.748081e+02
1.000000e+02, 2.749968e+02
1.000000e+02, 2.751870e+02
1.000000e+02, 2.753785e+02
1.000000e+02, 2.755715e+02
1.000000e+02, 2.757658e+02
1.000000e+02, 2.759616e+02
1.000000e+02, 2.761588e+02
1.000000e+02, 2.763574e+02
1.000000e+02, 2.765575e+02
1.000000e+02, 2.767589e+02
1.000000e+02, 2.769618e+02
1.000000e+02, 2.771662e+02
1.000000e+02, 2.773719e+02
1.000000e+02, 2.775792e+02
1.000000e+02, 2.777878e+02
1.000000e+02, 2.779979e+02
1.000000e+02, 2.782095e+02
1.000000e+02, 2.784225e+02
1.000000e+02, 2.786369e+02
1.000000e+02, 2.788529e+02
1.000000e+02, 2.790702e+02
1.000000e+02, 2.792891e+02
1.000000e+02, 2.795094e+02
1.000000e+02, 2.797312e+02
1.000000e+02, 2.799545e+02
1.000000e+02, 2.801792e+02
1.000000e+02, 2.804054e+02
1.000000e+02, 2.806331e+02
1.000000e+02, 2.808623e+02
1.000000e+02, 2.810930e+02
1.000000e+02, 2.813252e+02
1.000000e+02, 2.815589e+02
1.000000e+02, 2.817941e+02
1.000000e+02, 2.820308e+02
1.000000e+02, 2.822690e+02
1.000000e+02, 2.825087e+02
1.000000e+02, 2.827500e+02
1.000000e+02, 2.829927e+02
1.000000e+02, 2.832370e+02
1.000000e+02, 2.834828e+02
1.000000e+02, 2.837302e+02
1.000000e+02, 2.839791e+02
1.000000e+02, 2.842295e+02
1.000000e+02, 2.844815e+02
1.000000e+02, 2.847350e+02
1.000000e+02, 2.849901e+02
1.000000e+02, 2.852468e+02
1.000000e+02, 2.855050e+02
1.000000e+02, 2.857647e+02
1.000000e+02, 2.860261e+02
1.000000e+02, 2.862890e+02
1.000000e+02, 2.865535e+02
1.000000e+02, 2.868196e+02
1.000000e+02, 2.870872e+02
1.000000e+02, 2.873565e+02
1.000000e+02, 2.876274e+02
1.000000e+02, 2.878998e+02
1.000000e+02, 2.881739e+02
1.000000e+02, 2.884496e+02
1.000000e+02, 2.887269e+02
1.000000e+02, 2.890058e+02
1.000000e+02, 2.892863e+02
1.000000e+02, 2.895685e+02
1.000000e+02, 2.898523e+02
1.000000e+02, 2.901378e+02
1.000000e+02, 2.904249e+02
1.000000e+02, 2.907136e+02
1.000000e+02, 2.910040e+02
1.000000e+02, 2.912961e+02
1.000000e+02, 2.915898e+02
1.000000e+02, 2.918852e+02
1.000000e+02, 2.921823e+02
1.000000e+02, 2.924811e+02
1.000000e+02, 2.927815e+02
1.000000e+02, 2.930837e+02
1.000000e+02, 2.933875e+02
1.000000e+02, 2.936931e+02
1.000000e+02, 2.940003e+02
1.000000e+02, 2.943093e+02
1.000000e+02, 2.946200e+02
1.000000e+02, 2.949324e+02
1.000000e+02, 2.952466e+02
1.000000e+02, 2.955625e+02
1.000000e+02, 2.958801e+02
1.000000e+02, 2.961995e+02
1.000000e+02, 2.965206e+02
1.000000e+02, 2.968435e+02
1.000000e+02, 2.971682e+02
1.000000e+02, 2.974947e+02
1.000000e+02, 2.978229e+02
1.000000e+02, 2.981529e+02
1.000000e+02, 2.984848e+02
1.000000e+02, 2.988184e+02
1.000000e+02, 2.991538e+02
1.000000e+02, 2.994911e+02
1.000000e+02, 2.998301e+02
1.000000e+02, 3.001710e+02
1.000000e+02, 3.005137e+02
1.000000e+02, 3.008583e+02
1.000000e+02, 3.012047e+02
1.000000e+02, 3.015530e+02
1.000000e+02, 3.019032e+02
1.000000e+02, 3.022552e+02
1.000000e+02, 3.026091e+02
1.000000e+02, 3.029649e+02
1.000000e+02, 3.033225e+02
1.000000e+02, 3.036821e+02
1.000000e+02, 3.040436e+02
1.000000e+02, 3.044070e+02
1.000000e+02, 3.047723e+02
1.000000e+02, 3.051396e+02
1.000000e+02, 3.055088e+02
1.000000e+02, 3.058799e+02
1.000000e+02, 3.062531e+02
1.000000e+02, 3.066281e+02
1.000000e+02, 3.070052e+02
1.000000e+02, 3.073842e+02
1.000000e+02, 3.077652e+02
1.000000e+02, 3.081482e+02
1.000000e+02, 3.085333e+02
1.000000e+02, 3.089203e+02
1.000000e+02, 3.093094e+02
1.000000e+02, 3.097005e+02
1.000000e+02, 3.100936e+02
1.000000e+02, 3.104888e+02
1.000000e+02, 3.108861e+02
1.000000e+02, 3.112854e+02
1.000000e+02, 3.116868e+02
1.000000e+02, 3.120904e+02
1.000000e+02, 3.124960e+02
1.000000e+02, 3.129037e+02
1.000000e+02, 3.133135e+02
1.000000e+02, 3.137255e+02
1.000000e+02, 3.141396e+02
1.000000e+02, 3.145559e+02
1.000000e+02, 3.149743e+02
1.000000e+02, 3.153949e+02
1.000000e+02, 3.158177e+02
1.000000e+02, 3.162427e+02
1.000000e+02, 3.166699e+02
1.000000e+02, 3.170993e+02
1.000000e+02, 3.175309e+02
1.000000e+02, 3.179648e+02
1.000000e+02, 3.184009e+02
1.000000e+02, 3.188393e+02
1.000000e+02, 3.192800e+02
1.000000e+02, 3.197230e+02
1.000000e+02, 3.201682e+02
1.000000e+02, 3.206158e+02
1.000000e+02, 3.210657e+02
1.000000e+02, 3.215179e+02
1.000000e+02, 3.219725e+02
1.000000e+02, 3.224294e+02
1.000000e+02, 3.228887e+02
1.000000e+02, 3.233504e+02
1.000000e+02, 3.238145e+02
1.000000e+02, 3.242810e+02
1.000000e+02, 3.247499e+02
1.000000e+02, 3.252213e+02
1.000000e+02, 3.256952e+02
1.000000e+02, 3.261715e+02
1.000000e+02, 3.266503e+02
1.000000e+02, 3.271316e+02
1.000000e+02, 3.276154e+02
1.000000e+02, 3.281018e+02
1.000000e+02, 3.285906e+02
1.000000e+02, 3.290821e+02
1.000000e+02, 3.295761e+02
1.000000e+02, 3.300727e+02
1.000000e+02, 3.305720e+02
1.000000e+02, 3.310738e+02
1.000000e+02, 3.315783e+02
1.000000e+02, 3.320855e+02
1.000000e+02, 3.325953e+02
1.000000e+02, 3.331078e+02
1.000000e+02, 3.336231e+02
1.000000e+02, 3.341410e+02
1.000000e+02, 3.346617e+02
1.000000e+02, 3.351852e+02
1.000000e+02, 3.357115e+02
1.000000e+02, 3.362405e+02
1.000000e+02, 3.367724e+02
1.000000e+02, 3.373071e+02
1.000000e+02, 3.378447e+02
1.000000e+02, 3.383851e+02
1.000000e+02, 3.389285e+02
1.000000e+02, 3.394747e+02
1.000000e+02, 3.400240e+02
1.000000e+02, 3.405761e+02
1.000000e+02, 3.411313e+02
1.000000e+02, 3.416894e+02
1.000000e+02, 3.422506e+02
1.000000e+02, 3.428148e+02
1.000000e+02, 3.433821e+02
1.000000e+02, 3.439525e+02
1.000000e+02, 3.445261e+02
1.000000e+02, 3.451027e+02
1.000000e+02, 3.456825e+02
1.000000e+02, 3.462655e+02
1.000000e+02, 3.468518e+02
1.000000e+02, 3.474412e+02
1.000000e+02, 3.480340e+02
1.000000e+02, 3.486300e+02
1.000000e+02, 3.492293e+02
1.000000e+02, 3.498320e+02
1.000000e+02, 3.504381e+02
1.000000e+02, 3.510476e+02
1.000000e+02, 3.516605e+02
1.000000e+02, 3.522768e+02
1.000000e+02, 3.528967e+02
1.000000e+02, 3.535200e+02
1.000000e+02, 3.541469e+02
1.000000e+02, 3.547774e+02
1.000000e+02, 3.554115e+02
1.000000e+02, 3.560493e+02
1.000000e+02, 3.566907e+02
1.000000e+02, 3.573358e+02
1.000000e+02, 3.579847e+02
1.000000e+02, 3.586373e+02
1.000000e+02, 3.592938e+02
1.000000e+02, 3.599541e+02
1.000000e+02, 6.182352e-01
1.000000e+02, 1.286339e+00
1.000000e+02, 1.958401e+00
1.000000e+02, 2.634459e+00
1.000000e+02, 3.314552e+00
1.000000e+02, 3.998721e+00
1.000000e+02, 4.687005e+00
1.000000e+02, 5.379447e+00
1.000000e+02, 6.076088e+00
1.000000e+02, 6.776971e+00
1.000000e+02, 7.482141e+00
1.000000e+02, 8.191642e+00
1.000000e+02, 8.905519e+00
1.000000e+02, 9.623820e+00
1.000000e+02, 1.034659e+01
1.000000e+02, 1.107388e+01
1.000000e+02, 1.180574e+01
1.000000e+02, 1.254222e+01
1.000000e+02, 1.328338e+01
1.000000e+02, 1.402925e+01
1.000000e+02, 1.477991e+01
1.000000e+02, 1.553540e+01
1.000000e+02, 1.629577e+01
1.000000e+02, 1.706110e+01
1.000000e+02, 1.783143e+01
1.000000e+02, 1.860683e+01
1.000000e+02, 1.938735e+01
1.000000e+02, 2.017307e+01
1.000000e+02, 2.096404e+01
1.000000e+02, 2.176034e+01
1.000000e+02, 2.256202e+01
1.000000e+02, 2.336917e+01
1.000000e+02, 2.418184e+01
1.000000e+02, 2.500011e+01
1.000000e+02, 2.582406e+01
1.000000e+02, 2.665376e+01
1.000000e+02, 2.748930e+01
1.000000e+02, 2.833074e+01
1.000000e+02, 2.917818e+01
1.000000e+02, 3.003170e+01
1.000000e+02, 3.089138e+01
1.000000e+02, 3.175731e+01
1.000000e+02, 3.262958e+01
1.000000e+02, 3.350830e+01
1.000000e+02, 3.439355e+01
1.000000e+02, 3.528543e+01
1.000000e+02, 3.618404e+01
1.000000e+02, 3.708950e+01
1.000000e+02, 3.800190e+01
1.000000e+02, 3.892136e+01
1.000000e+02, 3.984800e+01
1.000000e+02, 4.078192e+01
1.000000e+02, 4.172325e+01
1.000000e+02, 4.267211e+01
1.000000e+02, 4.362864e+01
1.000000e+02, 4.459296e+01
1.000000e+02, 4.556522e+01
1.000000e+02, 4.654555e+01
1.000000e+02, 4.753409e+01
1.000000e+02, 4.853101e+01
1.000000e+02, 4.953645e+01
1.000000e+02, 5.055057e+01
1.000000e+02, 5.157355e+01
1.000000e+02, 5.260554e+01
1.000000e+02, 5.364674e+01
1.000000e+02, 5.469732e+01
1.000000e+02, 5.575748e+01
1.000000e+02, 5.682741e+01
1.000000e+02, 5.790732e+01
1.000000e+02, 5.899743e+01
1.000000e+02, 6.009794e+01
1.000000e+02, 6.120910e+01
1.000000e+02, 6.233114e+01
1.000000e+02, 6.346432e+01
1.000000e+02, 6.460888e+01
1.000000e+02, 6.576510e+01
1.000000e+02, 6.693327e+01
1.000000e+02, 6.811367e+01
1.000000e+02, 6.930662e+01
1.000000e+02, 7.051242e+01
1.000000e+02, 7.173143e+01
1.000000e+02, 7.296398e+01
1.000000e+02, 7.421045e+01
1.000000e+02, 7.547121e+01
1.000000e+02, 7.674668e+01
1.000000e+02, 7.803728e+01
1.000000e+02, 7.934345e+01
1.000000e+02, 8.066567e+01
1.000000e+02, 8.200442e+01
1.000000e+02, 8.336023e+01
1.000000e+02, 8.473366e+01
1.000000e+02, 8.612527e+01
1.000000e+02, 8.753570e+01
1.000000e+02, 8.896560e+01
1.000000e+02, 9.041565e+01
1.000000e+02, 9.188660e+01
1.000000e+02, 9.337923e+01
1.000000e+02, 9.489438e+01
1.000000e+02, 9.643296e+01
1.000000e+02, 9.799591e+01
1.000000e+02, 9.958427e+01
1.000000e+02, 1.011991e+02
1.000000e+02, 1.028417e+02
1.000000e+02, 1.045133e+02
1.000000e+02, 1.062153e+02
1.000000e+02, 1.079491e+02
1.000000e+02, 1.097165e+02
1.000000e+02, 1.115192e+02
1.000000e+02, 1.133592e+02
1.000000e+02, 1.152387e+02
1.000000e+02, 1.171600e+02
1.000000e+02, 1.191258e+02
1.000000e+02, 1.211390e+02
1.000000e+02, 1.232028e+02
1.000000e+02, 1.253211e+02
1.000000e+02, 1.274978e+02
1.000000e+02, 1.297377e+02
1.000000e+02, 1.320464e+02
1.000000e+02, 1.344299e+02
1.000000e+02, 1.368955e+02
1.000000e+02, 1.394519e+02
1.000000e+02, 1.421091e+02
1.000000e+02, 1.448795e+02
1.000000e+02, 1.477779e+02
1.000000e+02, 1.508231e+02
1.000000e+02, 1.540387e+02
1.000000e+02, 1.574560e+02
1.000000e+02, 1.611166e+02
1.000000e+02, 1.650798e+02
1.000000e+02, 1.694335e+02
1.000000e+02, 1.743201e+02
1.000000e+02, 1.800000e+02
##END= 