##TITLE= /opt/topspin3.0/exp/stan/nmr/lists/wave/user/HypSec_trunc2.84_110
##JCAMP-DX= 5.00 Bruker JCAMP library
##DATA TYPE= Shape Data
##ORIGIN= Bruker BioSpin GmbH
##OWNER= <nmrsu>
##DATE= 15/02/24
##TIME= 16:15:04
##MINX= 1.164538e+01
##MAXX= 9.999960e+01
##MINY= 2.546774e-02
##MAXY= 3.585574e+02
##$SHAPE_EXMODE= Adiabatic
##$SHAPE_TOTROT= 1.800000e+02
##$SHAPE_BWFAC= 1.929340e+02
##$SHAPE_INTEGFAC= 2.356110e-02
##$SHAPE_MODE= 0
##NPOINTS= 1000
##XYPOINTS= (XY..XY)
1.000000e+02, 1.800000e+02
1.000000e+02, 1.709654e+02
1.000000e+02, 1.631925e+02
1.000000e+02, 1.562673e+02
1.000000e+02, 1.499633e+02
1.000000e+02, 1.441405e+02
1.000000e+02, 1.387049e+02
1.000000e+02, 1.335899e+02
1.000000e+02, 1.287461e+02
1.000000e+02, 1.241357e+02
1.000000e+02, 1.197291e+02
1.000000e+02, 1.155024e+02
1.000000e+02, 1.114361e+02
1.000000e+02, 1.075142e+02
1.000000e+02, 1.037229e+02
1.000000e+02, 1.000507e+02
1.000000e+02, 9.648769e+01
1.000000e+02, 9.302530e+01
1.000000e+02, 8.965597e+01
1.000000e+02, 8.637311e+01
1.000000e+02, 8.317085e+01
1.000000e+02, 8.004399e+01
1.000000e+02, 7.698787e+01
1.000000e+02, 7.399830e+01
1.000000e+02, 7.107149e+01
1.000000e+02, 6.820400e+01
1.000000e+02, 6.539272e+01
1.000000e+02, 6.263478e+01
1.000000e+02, 5.992758e+01
1.000000e+02, 5.726870e+01
1.000000e+02, 5.465595e+01
1.000000e+02, 5.208726e+01
1.000000e+02, 4.956074e+01
1.000000e+02, 4.707464e+01
1.000000e+02, 4.462732e+01
1.000000e+02, 4.221725e+01
1.000000e+02, 3.984300e+01
1.000000e+02, 3.750325e+01
1.000000e+02, 3.519673e+01
1.000000e+02, 3.292228e+01
1.000000e+02, 3.067879e+01
1.000000e+02, 2.846523e+01
1.000000e+02, 2.628060e+01
1.000000e+02, 2.412398e+01
1.000000e+02, 2.199451e+01
1.000000e+02, 1.989133e+01
1.000000e+02, 1.781368e+01
1.000000e+02, 1.576080e+01
1.000000e+02, 1.373198e+01
1.000000e+02, 1.172655e+01
1.000000e+02, 9.743868e+00
1.000000e+02, 7.783318e+00
1.000000e+02, 5.844318e+00
1.000000e+02, 3.926310e+00
1.000000e+02, 2.028761e+00
1.000000e+02, 1.511621e-01
1.000000e+02, 3.582930e+02
1.000000e+02, 3.564539e+02
1.000000e+02, 3.546333e+02
1.000000e+02, 3.528308e+02
1.000000e+02, 3.510460e+02
1.000000e+02, 3.492786e+02
1.000000e+02, 3.475281e+02
1.000000e+02, 3.457941e+02
1.000000e+02, 3.440763e+02
1.000000e+02, 3.423745e+02
1.000000e+02, 3.406881e+02
1.000000e+02, 3.390170e+02
1.000000e+02, 3.373609e+02
1.000000e+02, 3.357193e+02
1.000000e+02, 3.340921e+02
1.000000e+02, 3.324790e+02
1.000000e+02, 3.308797e+02
1.000000e+02, 3.292940e+02
1.000000e+02, 3.277216e+02
1.000000e+02, 3.261622e+02
1.000000e+02, 3.246157e+02
1.000000e+02, 3.230818e+02
1.000000e+02, 3.215603e+02
1.000000e+02, 3.200510e+02
1.000000e+02, 3.185537e+02
1.000000e+02, 3.170682e+02
1.000000e+02, 3.155942e+02
1.000000e+02, 3.141317e+02
1.000000e+02, 3.126804e+02
1.000000e+02, 3.112401e+02
1.000000e+02, 3.098107e+02
1.000000e+02, 3.083921e+02
1.000000e+02, 3.069840e+02
1.000000e+02, 3.055862e+02
1.000000e+02, 3.041988e+02
1.000000e+02, 3.028214e+02
1.000000e+02, 3.014539e+02
1.000000e+02, 3.000963e+02
1.000000e+02, 2.987483e+02
1.000000e+02, 2.974099e+02
1.000000e+02, 2.960808e+02
1.000000e+02, 2.947611e+02
1.000000e+02, 2.934505e+02
1.000000e+02, 2.921489e+02
1.000000e+02, 2.908562e+02
1.000000e+02, 2.895723e+02
1.000000e+02, 2.882971e+02
1.000000e+02, 2.870305e+02
1.000000e+02, 2.857724e+02
1.000000e+02, 2.845226e+02
1.000000e+02, 2.832810e+02
1.000000e+02, 2.820477e+02
1.000000e+02, 2.808223e+02
1.000000e+02, 2.796050e+02
1.000000e+02, 2.783955e+02
1.000000e+02, 2.771938e+02
1.000000e+02, 2.759997e+02
1.000000e+02, 2.748133e+02
1.000000e+02, 2.736344e+02
1.000000e+02, 2.724629e+02
1.000000e+02, 2.712988e+02
1.000000e+02, 2.701419e+02
1.000000e+02, 2.689923e+02
1.000000e+02, 2.678497e+02
1.000000e+02, 2.667142e+02
1.000000e+02, 2.655856e+02
1.000000e+02, 2.644640e+02
1.000000e+02, 2.633491e+02
1.000000e+02, 2.622410e+02
1.000000e+02, 2.611396e+02
1.000000e+02, 2.600447e+02
1.000000e+02, 2.589565e+02
1.000000e+02, 2.578747e+02
1.000000e+02, 2.567993e+02
1.000000e+02, 2.557303e+02
1.000000e+02, 2.546676e+02
1.000000e+02, 2.536111e+02
1.000000e+02, 2.525608e+02
1.000000e+02, 2.515166e+02
1.000000e+02, 2.504785e+02
1.000000e+02, 2.494464e+02
1.000000e+02, 2.484202e+02
1.000000e+02, 2.474000e+02
1.000000e+02, 2.463856e+02
1.000000e+02, 2.453769e+02
1.000000e+02, 2.443741e+02
1.000000e+02, 2.433769e+02
1.000000e+02, 2.423853e+02
1.000000e+02, 2.413994e+02
1.000000e+02, 2.404190e+02
1.000000e+02, 2.394441e+02
1.000000e+02, 2.384746e+02
1.000000e+02, 2.375106e+02
1.000000e+02, 2.365519e+02
1.000000e+02, 2.355986e+02
1.000000e+02, 2.346505e+02
1.000000e+02, 2.337077e+02
1.000000e+02, 2.327701e+02
1.000000e+02, 2.318376e+02
1.000000e+02, 2.309102e+02
1.000000e+02, 2.299879e+02
1.000000e+02, 2.290707e+02
1.000000e+02, 2.281584e+02
1.000000e+02, 2.272511e+02
1.000000e+02, 2.263488e+02
1.000000e+02, 2.254513e+02
1.000000e+02, 2.245586e+02
1.000000e+02, 2.236708e+02
1.000000e+02, 2.227878e+02
1.000000e+02, 2.219094e+02
1.000000e+02, 2.210358e+02
1.000000e+02, 2.201669e+02
1.000000e+02, 2.193027e+02
1.000000e+02, 2.184430e+02
1.000000e+02, 2.175879e+02
1.000000e+02, 2.167374e+02
1.000000e+02, 2.158913e+02
1.000000e+02, 2.150498e+02
1.000000e+02, 2.142127e+02
1.000000e+02, 2.133801e+02
1.000000e+02, 2.125518e+02
1.000000e+02, 2.117279e+02
1.000000e+02, 2.109084e+02
1.000000e+02, 2.100931e+02
1.000000e+02, 2.092822e+02
1.000000e+02, 2.084755e+02
1.000000e+02, 2.076730e+02
1.000000e+02, 2.068747e+02
1.000000e+02, 2.060806e+02
1.000000e+02, 2.052907e+02
1.000000e+02, 2.045049e+02
1.000000e+02, 2.037231e+02
1.000000e+02, 2.029455e+02
1.000000e+02, 2.021719e+02
1.000000e+02, 2.014023e+02
1.000000e+02, 2.006367e+02
1.000000e+02, 1.998751e+02
1.000000e+02, 1.991175e+02
1.000000e+02, 1.983638e+02
1.000000e+02, 1.976139e+02
1.000000e+02, 1.968680e+02
1.000000e+02, 1.961260e+02
1.000000e+02, 1.953878e+02
1.000000e+02, 1.946534e+02
1.000000e+02, 1.939228e+02
1.000000e+02, 1.931959e+02
1.000000e+02, 1.924729e+02
1.000000e+02, 1.917536e+02
1.000000e+02, 1.910379e+02
1.000000e+02, 1.903260e+02
1.000000e+02, 1.896178e+02
1.000000e+02, 1.889132e+02
1.000000e+02, 1.882123e+02
1.000000e+02, 1.875150e+02
1.000000e+02, 1.868212e+02
1.000000e+02, 1.861311e+02
1.000000e+02, 1.854445e+02
1.000000e+02, 1.847615e+02
1.000000e+02, 1.840820e+02
1.000000e+02, 1.834060e+02
1.000000e+02, 1.827335e+02
1.000000e+02, 1.820644e+02
1.000000e+02, 1.813989e+02
1.000000e+02, 1.807367e+02
1.000000e+02, 1.800780e+02
1.000000e+02, 1.794227e+02
1.000000e+02, 1.787708e+02
1.000000e+02, 1.781222e+02
1.000000e+02, 1.774771e+02
1.000000e+02, 1.768352e+02
1.000000e+02, 1.761967e+02
1.000000e+02, 1.755615e+02
1.000000e+02, 1.749296e+02
1.000000e+02, 1.743010e+02
1.000000e+02, 1.736756e+02
1.000000e+02, 1.730535e+02
1.000000e+02, 1.724346e+02
1.000000e+02, 1.718190e+02
1.000000e+02, 1.712065e+02
1.000000e+02, 1.705973e+02
1.000000e+02, 1.699912e+02
1.000000e+02, 1.693883e+02
1.000000e+02, 1.687886e+02
1.000000e+02, 1.681920e+02
1.000000e+02, 1.675985e+02
1.000000e+02, 1.670081e+02
1.000000e+02, 1.664209e+02
1.000000e+02, 1.658367e+02
1.000000e+02, 1.652556e+02
1.000000e+02, 1.646775e+02
1.000000e+02, 1.641026e+02
1.000000e+02, 1.635306e+02
1.000000e+02, 1.629617e+02
1.000000e+02, 1.623957e+02
1.000000e+02, 1.618328e+02
1.000000e+02, 1.612729e+02
1.000000e+02, 1.607159e+02
1.000000e+02, 1.601619e+02
1.000000e+02, 1.596109e+02
1.000000e+02, 1.590628e+02
1.000000e+02, 1.585176e+02
1.000000e+02, 1.579754e+02
1.000000e+02, 1.574361e+02
1.000000e+02, 1.568996e+02
1.000000e+02, 1.563661e+02
1.000000e+02, 1.558354e+02
1.000000e+02, 1.553076e+02
1.000000e+02, 1.547826e+02
1.000000e+02, 1.542605e+02
1.000000e+02, 1.537413e+02
1.000000e+02, 1.532248e+02
1.000000e+02, 1.527112e+02
1.000000e+02, 1.522004e+02
1.000000e+02, 1.516923e+02
1.000000e+02, 1.511871e+02
1.000000e+02, 1.506846e+02
1.000000e+02, 1.501849e+02
1.000000e+02, 1.496879e+02
1.000000e+02, 1.491937e+02
1.000000e+02, 1.487023e+02
1.000000e+02, 1.482135e+02
1.000000e+02, 1.477275e+02
1.000000e+02, 1.472442e+02
1.000000e+02, 1.467636e+02
1.000000e+02, 1.462857e+02
1.000000e+02, 1.458105e+02
1.000000e+02, 1.453379e+02
1.000000e+02, 1.448681e+02
1.000000e+02, 1.444008e+02
1.000000e+02, 1.439363e+02
1.000000e+02, 1.434743e+02
1.000000e+02, 1.430150e+02
1.000000e+02, 1.425584e+02
1.000000e+02, 1.421043e+02
1.000000e+02, 1.416529e+02
1.000000e+02, 1.412040e+02
1.000000e+02, 1.407578e+02
1.000000e+02, 1.403141e+02
1.000000e+02, 1.398730e+02
1.000000e+02, 1.394345e+02
1.000000e+02, 1.389986e+02
1.000000e+02, 1.385652e+02
1.000000e+02, 1.381343e+02
1.000000e+02, 1.377060e+02
1.000000e+02, 1.372803e+02
1.000000e+02, 1.368570e+02
1.000000e+02, 1.364363e+02
1.000000e+02, 1.360181e+02
1.000000e+02, 1.356024e+02
1.000000e+02, 1.351892e+02
1.000000e+02, 1.347785e+02
1.000000e+02, 1.343702e+02
1.000000e+02, 1.339645e+02
1.000000e+02, 1.335612e+02
1.000000e+02, 1.331604e+02
1.000000e+02, 1.327620e+02
1.000000e+02, 1.323661e+02
1.000000e+02, 1.319727e+02
1.000000e+02, 1.315817e+02
1.000000e+02, 1.311931e+02
1.000000e+02, 1.308070e+02
1.000000e+02, 1.304232e+02
1.000000e+02, 1.300419e+02
1.000000e+02, 1.296630e+02
1.000000e+02, 1.292865e+02
1.000000e+02, 1.289124e+02
1.000000e+02, 1.285407e+02
1.000000e+02, 1.281714e+02
1.000000e+02, 1.278044e+02
1.000000e+02, 1.274398e+02
1.000000e+02, 1.270776e+02
1.000000e+02, 1.267178e+02
1.000000e+02, 1.263603e+02
1.000000e+02, 1.260052e+02
1.000000e+02, 1.256524e+02
1.000000e+02, 1.253019e+02
1.000000e+02, 1.249538e+02
1.000000e+02, 1.246081e+02
1.000000e+02, 1.242646e+02
1.000000e+02, 1.239235e+02
1.000000e+02, 1.235847e+02
1.000000e+02, 1.232482e+02
1.000000e+02, 1.229140e+02
1.000000e+02, 1.225821e+02
1.000000e+02, 1.222524e+02
1.000000e+02, 1.219251e+02
1.000000e+02, 1.216001e+02
1.000000e+02, 1.212774e+02
1.000000e+02, 1.209569e+02
1.000000e+02, 1.206387e+02
1.000000e+02, 1.203228e+02
1.000000e+02, 1.200091e+02
1.000000e+02, 1.196977e+02
1.000000e+02, 1.193885e+02
1.000000e+02, 1.190816e+02
1.000000e+02, 1.187769e+02
1.000000e+02, 1.184745e+02
1.000000e+02, 1.181743e+02
1.000000e+02, 1.178764e+02
1.000000e+02, 1.175806e+02
1.000000e+02, 1.172871e+02
1.000000e+02, 1.169958e+02
1.000000e+02, 1.167068e+02
1.000000e+02, 1.164199e+02
1.000000e+02, 1.161352e+02
1.000000e+02, 1.158528e+02
1.000000e+02, 1.155725e+02
1.000000e+02, 1.152945e+02
1.000000e+02, 1.150186e+02
1.000000e+02, 1.147449e+02
1.000000e+02, 1.144734e+02
1.000000e+02, 1.142041e+02
1.000000e+02, 1.139370e+02
1.000000e+02, 1.136720e+02
1.000000e+02, 1.134092e+02
1.000000e+02, 1.131486e+02
1.000000e+02, 1.128901e+02
1.000000e+02, 1.126338e+02
1.000000e+02, 1.123796e+02
1.000000e+02, 1.121276e+02
1.000000e+02, 1.118777e+02
1.000000e+02, 1.116300e+02
1.000000e+02, 1.113844e+02
1.000000e+02, 1.111410e+02
1.000000e+02, 1.108997e+02
1.000000e+02, 1.106605e+02
1.000000e+02, 1.104235e+02
1.000000e+02, 1.101885e+02
1.000000e+02, 1.099557e+02
1.000000e+02, 1.097251e+02
1.000000e+02, 1.094965e+02
1.000000e+02, 1.092700e+02
1.000000e+02, 1.090457e+02
1.000000e+02, 1.088234e+02
1.000000e+02, 1.086033e+02
1.000000e+02, 1.083853e+02
1.000000e+02, 1.081693e+02
1.000000e+02, 1.079555e+02
1.000000e+02, 1.077438e+02
1.000000e+02, 1.075341e+02
1.000000e+02, 1.073265e+02
1.000000e+02, 1.071210e+02
1.000000e+02, 1.069176e+02
1.000000e+02, 1.067163e+02
1.000000e+02, 1.065170e+02
1.000000e+02, 1.063199e+02
1.000000e+02, 1.061248e+02
1.000000e+02, 1.059317e+02
1.000000e+02, 1.057407e+02
1.000000e+02, 1.055518e+02
1.000000e+02, 1.053650e+02
1.000000e+02, 1.051802e+02
1.000000e+02, 1.049975e+02
1.000000e+02, 1.048168e+02
1.000000e+02, 1.046382e+02
1.000000e+02, 1.044616e+02
1.000000e+02, 1.042871e+02
1.000000e+02, 1.041146e+02
1.000000e+02, 1.039441e+02
1.000000e+02, 1.037757e+02
1.000000e+02, 1.036094e+02
1.000000e+02, 1.034450e+02
1.000000e+02, 1.032827e+02
1.000000e+02, 1.031225e+02
1.000000e+02, 1.029643e+02
1.000000e+02, 1.028081e+02
1.000000e+02, 1.026539e+02
1.000000e+02, 1.025017e+02
1.000000e+02, 1.023516e+02
1.000000e+02, 1.022035e+02
1.000000e+02, 1.020574e+02
1.000000e+02, 1.019133e+02
1.000000e+02, 1.017713e+02
1.000000e+02, 1.016312e+02
1.000000e+02, 1.014932e+02
1.000000e+02, 1.013572e+02
1.000000e+02, 1.012232e+02
1.000000e+02, 1.010912e+02
1.000000e+02, 1.009612e+02
1.000000e+02, 1.008332e+02
1.000000e+02, 1.007072e+02
1.000000e+02, 1.005832e+02
1.000000e+02, 1.004612e+02
1.000000e+02, 1.003412e+02
1.000000e+02, 1.002232e+02
1.000000e+02, 1.001072e+02
1.000000e+02, 9.999318e+01
1.000000e+02, 9.988116e+01
1.000000e+02, 9.977113e+01
1.000000e+02, 9.966309e+01
1.000000e+02, 9.955703e+01
1.000000e+02, 9.945296e+01
1.000000e+02, 9.935088e+01
1.000000e+02, 9.925078e+01
1.000000e+02, 9.915266e+01
1.000000e+02, 9.905653e+01
1.000000e+02, 9.896237e+01
1.000000e+02, 9.887019e+01
1.000000e+02, 9.878000e+01
1.000000e+02, 9.869177e+01
1.000000e+02, 9.860553e+01
1.000000e+02, 9.852126e+01
1.000000e+02, 9.843896e+01
1.000000e+02, 9.835864e+01
1.000000e+02, 9.828028e+01
1.000000e+02, 9.820390e+01
1.000000e+02, 9.812949e+01
1.000000e+02, 9.805705e+01
1.000000e+02, 9.798657e+01
1.000000e+02, 9.791806e+01
1.000000e+02, 9.785152e+01
1.000000e+02, 9.778695e+01
1.000000e+02, 9.772434e+01
1.000000e+02, 9.766369e+01
1.000000e+02, 9.760501e+01
1.000000e+02, 9.754829e+01
1.000000e+02, 9.749353e+01
1.000000e+02, 9.744074e+01
1.000000e+02, 9.738990e+01
1.000000e+02, 9.734103e+01
1.000000e+02, 9.729411e+01
1.000000e+02, 9.724915e+01
1.000000e+02, 9.720615e+01
1.000000e+02, 9.716511e+01
1.000000e+02, 9.712603e+01
1.000000e+02, 9.708891e+01
1.000000e+02, 9.705374e+01
1.000000e+02, 9.702052e+01
1.000000e+02, 9.698927e+01
1.000000e+02, 9.695996e+01
1.000000e+02, 9.693262e+01
1.000000e+02, 9.690723e+01
1.000000e+02, 9.688379e+01
1.000000e+02, 9.686230e+01
1.000000e+02, 9.684277e+01
1.000000e+02, 9.682520e+01
1.000000e+02, 9.680958e+01
1.000000e+02, 9.679591e+01
1.000000e+02, 9.678419e+01
1.000000e+02, 9.677443e+01
1.000000e+02, 9.676662e+01
1.000000e+02, 9.676076e+01
1.000000e+02, 9.675685e+01
1.000000e+02, 9.675490e+01
1.000000e+02, 9.675490e+01
1.000000e+02, 9.675685e+01
1.000000e+02, 9.676076e+01
1.000000e+02, 9.676662e+01
1.000000e+02, 9.677443e+01
1.000000e+02, 9.678419e+01
1.000000e+02, 9.679591e+01
1.000000e+02, 9.680958e+01
1.000000e+02, 9.682520e+01
1.000000e+02, 9.684277e+01
1.000000e+02, 9.686230e+01
1.000000e+02, 9.688379e+01
1.000000e+02, 9.690723e+01
1.000000e+02, 9.693262e+01
1.000000e+02, 9.695996e+01
1.000000e+02, 9.698927e+01
1.000000e+02, 9.702052e+01
1.000000e+02, 9.705374e+01
1.000000e+02, 9.708891e+01
1.000000e+02, 9.712603e+01
1.000000e+02, 9.716511e+01
1.000000e+02, 9.720616e+01
1.000000e+02, 9.724915e+01
1.000000e+02, 9.729411e+01
1.000000e+02, 9.734103e+01
1.000000e+02, 9.738990e+01
1.000000e+02, 9.744074e+01
1.000000e+02, 9.749353e+01
1.000000e+02, 9.754829e+01
1.000000e+02, 9.760501e+01
1.000000e+02, 9.766369e+01
1.000000e+02, 9.772434e+01
1.000000e+02, 9.778695e+01
1.000000e+02, 9.785152e+01
1.000000e+02, 9.791806e+01
1.000000e+02, 9.798657e+01
1.000000e+02, 9.805705e+01
1.000000e+02, 9.812949e+01
1.000000e+02, 9.820390e+01
1.000000e+02, 9.828028e+01
1.000000e+02, 9.835864e+01
1.000000e+02, 9.843896e+01
1.000000e+02, 9.852126e+01
1.000000e+02, 9.860553e+01
1.000000e+02, 9.869177e+01
1.000000e+02, 9.878000e+01
1.000000e+02, 9.887019e+01
1.000000e+02, 9.896237e+01
1.000000e+02, 9.905653e+01
1.000000e+02, 9.915266e+01
1.000000e+02, 9.925078e+01
1.000000e+02, 9.935088e+01
1.000000e+02, 9.945296e+01
1.000000e+02, 9.955703e+01
1.000000e+02, 9.966309e+01
1.000000e+02, 9.977113e+01
1.000000e+02, 9.988116e+01
1.000000e+02, 9.999318e+01
1.000000e+02, 1.001072e+02
1.000000e+02, 1.002232e+02
1.000000e+02, 1.003412e+02
1.000000e+02, 1.004612e+02
1.000000e+02, 1.005832e+02
1.000000e+02, 1.007072e+02
1.000000e+02, 1.008332e+02
1.000000e+02, 1.009612e+02
1.000000e+02, 1.010912e+02
1.000000e+02, 1.012232e+02
1.000000e+02, 1.013572e+02
1.000000e+02, 1.014932e+02
1.000000e+02, 1.016312e+02
1.000000e+02, 1.017713e+02
1.000000e+02, 1.019133e+02
1.000000e+02, 1.020574e+02
1.000000e+02, 1.022035e+02
1.000000e+02, 1.023516e+02
1.000000e+02, 1.025017e+02
1.000000e+02, 1.026539e+02
1.000000e+02, 1.028081e+02
1.000000e+02, 1.029643e+02
1.000000e+02, 1.031225e+02
1.000000e+02, 1.032827e+02
1.000000e+02, 1.034450e+02
1.000000e+02, 1.036094e+02
1.000000e+02, 1.037757e+02
1.000000e+02, 1.039441e+02
1.000000e+02, 1.041146e+02
1.000000e+02, 1.042871e+02
1.000000e+02, 1.044616e+02
1.000000e+02, 1.046382e+02
1.000000e+02, 1.048168e+02
1.000000e+02, 1.049975e+02
1.000000e+02, 1.051802e+02
1.000000e+02, 1.053650e+02
1.000000e+02, 1.055518e+02
1.000000e+02, 1.057407e+02
1.000000e+02, 1.059317e+02
1.000000e+02, 1.061248e+02
1.000000e+02, 1.063199e+02
1.000000e+02, 1.065170e+02
1.000000e+02, 1.067163e+02
1.000000e+02, 1.069176e+02
1.000000e+02, 1.071210e+02
1.000000e+02, 1.073265e+02
1.000000e+02, 1.075341e+02
1.000000e+02, 1.077438e+02
1.000000e+02, 1.079555e+02
1.000000e+02, 1.081693e+02
1.000000e+02, 1.083853e+02
1.000000e+02, 1.086033e+02
1.000000e+02, 1.088235e+02
1.000000e+02, 1.090457e+02
1.000000e+02, 1.092700e+02
1.000000e+02, 1.094965e+02
1.000000e+02, 1.097251e+02
1.000000e+02, 1.099557e+02
1.000000e+02, 1.101885e+02
1.000000e+02, 1.104235e+02
1.000000e+02, 1.106605e+02
1.000000e+02, 1.108997e+02
1.000000e+02, 1.111410e+02
1.000000e+02, 1.113844e+02
1.000000e+02, 1.116300e+02
1.000000e+02, 1.118777e+02
1.000000e+02, 1.121276e+02
1.000000e+02, 1.123796e+02
1.000000e+02, 1.126338e+02
1.000000e+02, 1.128901e+02
1.000000e+02, 1.131486e+02
1.000000e+02, 1.134092e+02
1.000000e+02, 1.136720e+02
1.000000e+02, 1.139370e+02
1.000000e+02, 1.142041e+02
1.000000e+02, 1.144734e+02
1.000000e+02, 1.147449e+02
1.000000e+02, 1.150186e+02
1.000000e+02, 1.152945e+02
1.000000e+02, 1.155725e+02
1.000000e+02, 1.158528e+02
1.000000e+02, 1.161352e+02
1.000000e+02, 1.164199e+02
1.000000e+02, 1.167068e+02
1.000000e+02, 1.169958e+02
1.000000e+02, 1.172871e+02
1.000000e+02, 1.175806e+02
1.000000e+02, 1.178764e+02
1.000000e+02, 1.181743e+02
1.000000e+02, 1.184745e+02
1.000000e+02, 1.187769e+02
1.000000e+02, 1.190816e+02
1.000000e+02, 1.193885e+02
1.000000e+02, 1.196977e+02
1.000000e+02, 1.200091e+02
1.000000e+02, 1.203228e+02
1.000000e+02, 1.206387e+02
1.000000e+02, 1.209569e+02
1.000000e+02, 1.212774e+02
1.000000e+02, 1.216001e+02
1.000000e+02, 1.219251e+02
1.000000e+02, 1.222524e+02
1.000000e+02, 1.225821e+02
1.000000e+02, 1.229140e+02
1.000000e+02, 1.232482e+02
1.000000e+02, 1.235847e+02
1.000000e+02, 1.239235e+02
1.000000e+02, 1.242646e+02
1.000000e+02, 1.246081e+02
1.000000e+02, 1.249538e+02
1.000000e+02, 1.253019e+02
1.000000e+02, 1.256524e+02
1.000000e+02, 1.260052e+02
1.000000e+02, 1.263603e+02
1.000000e+02, 1.267178e+02
1.000000e+02, 1.270776e+02
1.000000e+02, 1.274398e+02
1.000000e+02, 1.278044e+02
1.000000e+02, 1.281714e+02
1.000000e+02, 1.285407e+02
1.000000e+02, 1.289124e+02
1.000000e+02, 1.292865e+02
1.000000e+02, 1.296630e+02
1.000000e+02, 1.300419e+02
1.000000e+02, 1.304232e+02
1.000000e+02, 1.308070e+02
1.000000e+02, 1.311931e+02
1.000000e+02, 1.315817e+02
1.000000e+02, 1.319727e+02
1.000000e+02, 1.323662e+02
1.000000e+02, 1.327621e+02
1.000000e+02, 1.331604e+02
1.000000e+02, 1.335612e+02
1.000000e+02, 1.339645e+02
1.000000e+02, 1.343702e+02
1.000000e+02, 1.347785e+02
1.000000e+02, 1.351892e+02
1.000000e+02, 1.356024e+02
1.000000e+02, 1.360181e+02
1.000000e+02, 1.364363e+02
1.000000e+02, 1.368570e+02
1.000000e+02, 1.372803e+02
1.000000e+02, 1.377060e+02
1.000000e+02, 1.381343e+02
1.000000e+02, 1.385652e+02
1.000000e+02, 1.389986e+02
1.000000e+02, 1.394345e+02
1.000000e+02, 1.398730e+02
1.000000e+02, 1.403141e+02
1.000000e+02, 1.407578e+02
1.000000e+02, 1.412040e+02
1.000000e+02, 1.416529e+02
1.000000e+02, 1.421043e+02
1.000000e+02, 1.425584e+02
1.000000e+02, 1.430150e+02
1.000000e+02, 1.434743e+02
1.000000e+02, 1.439363e+02
1.000000e+02, 1.444008e+02
1.000000e+02, 1.448681e+02
1.000000e+02, 1.453379e+02
1.000000e+02, 1.458105e+02
1.000000e+02, 1.462857e+02
1.000000e+02, 1.467636e+02
1.000000e+02, 1.472442e+02
1.000000e+02, 1.477275e+02
1.000000e+02, 1.482135e+02
1.000000e+02, 1.487023e+02
1.000000e+02, 1.491937e+02
1.000000e+02, 1.496879e+02
1.000000e+02, 1.501849e+02
1.000000e+02, 1.506846e+02
1.000000e+02, 1.511871e+02
1.000000e+02, 1.516923e+02
1.000000e+02, 1.522004e+02
1.000000e+02, 1.527112e+02
1.000000e+02, 1.532248e+02
1.000000e+02, 1.537413e+02
1.000000e+02, 1.542605e+02
1.000000e+02, 1.547826e+02
1.000000e+02, 1.553076e+02
1.000000e+02, 1.558354e+02
1.000000e+02, 1.563661e+02
1.000000e+02, 1.568996e+02
1.000000e+02, 1.574361e+02
1.000000e+02, 1.579754e+02
1.000000e+02, 1.585176e+02
1.000000e+02, 1.590628e+02
1.000000e+02, 1.596109e+02
1.000000e+02, 1.601619e+02
1.000000e+02, 1.607159e+02
1.000000e+02, 1.612729e+02
1.000000e+02, 1.618328e+02
1.000000e+02, 1.623957e+02
1.000000e+02, 1.629617e+02
1.000000e+02, 1.635306e+02
1.000000e+02, 1.641026e+02
1.000000e+02, 1.646776e+02
1.000000e+02, 1.652556e+02
1.000000e+02, 1.658367e+02
1.000000e+02, 1.664209e+02
1.000000e+02, 1.670081e+02
1.000000e+02, 1.675985e+02
1.000000e+02, 1.681920e+02
1.000000e+02, 1.687886e+02
1.000000e+02, 1.693883e+02
1.000000e+02, 1.699912e+02
1.000000e+02, 1.705973e+02
1.000000e+02, 1.712066e+02
1.000000e+02, 1.718190e+02
1.000000e+02, 1.724346e+02
1.000000e+02, 1.730535e+02
1.000000e+02, 1.736756e+02
1.000000e+02, 1.743010e+02
1.000000e+02, 1.749296e+02
1.000000e+02, 1.755615e+02
1.000000e+02, 1.761967e+02
1.000000e+02, 1.768352e+02
1.000000e+02, 1.774771e+02
1.000000e+02, 1.781222e+02
1.000000e+02, 1.787708e+02
1.000000e+02, 1.794227e+02
1.000000e+02, 1.800780e+02
1.000000e+02, 1.807367e+02
1.000000e+02, 1.813989e+02
1.000000e+02, 1.820644e+02
1.000000e+02, 1.827335e+02
1.000000e+02, 1.834060e+02
1.000000e+02, 1.840820e+02
1.000000e+02, 1.847615e+02
1.000000e+02, 1.854445e+02
1.000000e+02, 1.861311e+02
1.000000e+02, 1.868212e+02
1.000000e+02, 1.875150e+02
1.000000e+02, 1.882123e+02
1.000000e+02, 1.889132e+02
1.000000e+02, 1.896178e+02
1.000000e+02, 1.903260e+02
1.000000e+02, 1.910380e+02
1.000000e+02, 1.917536e+02
1.000000e+02, 1.924729e+02
1.000000e+02, 1.931959e+02
1.000000e+02, 1.939228e+02
1.000000e+02, 1.946534e+02
1.000000e+02, 1.953878e+02
1.000000e+02, 1.961260e+02
1.000000e+02, 1.968680e+02
1.000000e+02, 1.976140e+02
1.000000e+02, 1.983638e+02
1.000000e+02, 1.991175e+02
1.000000e+02, 1.998751e+02
1.000000e+02, 2.006367e+02
1.000000e+02, 2.014023e+02
1.000000e+02, 2.021719e+02
1.000000e+02, 2.029455e+02
1.000000e+02, 2.037231e+02
1.000000e+02, 2.045049e+02
1.000000e+02, 2.052907e+02
1.000000e+02, 2.060806e+02
1.000000e+02, 2.068747e+02
1.000000e+02, 2.076730e+02
1.000000e+02, 2.084755e+02
1.000000e+02, 2.092822e+02
1.000000e+02, 2.100931e+02
1.000000e+02, 2.109084e+02
1.000000e+02, 2.117279e+02
1.000000e+02, 2.125518e+02
1.000000e+02, 2.133801e+02
1.000000e+02, 2.142127e+02
1.000000e+02, 2.150498e+02
1.000000e+02, 2.158914e+02
1.000000e+02, 2.167374e+02
1.000000e+02, 2.175879e+02
1.000000e+02, 2.184430e+02
1.000000e+02, 2.193027e+02
1.000000e+02, 2.201669e+02
1.000000e+02, 2.210359e+02
1.000000e+02, 2.219094e+02
1.000000e+02, 2.227878e+02
1.000000e+02, 2.236708e+02
1.000000e+02, 2.245586e+02
1.000000e+02, 2.254513e+02
1.000000e+02, 2.263488e+02
1.000000e+02, 2.272511e+02
1.000000e+02, 2.281584e+02
1.000000e+02, 2.290707e+02
1.000000e+02, 2.299879e+02
1.000000e+02, 2.309102e+02
1.000000e+02, 2.318376e+02
1.000000e+02, 2.327701e+02
1.000000e+02, 2.337077e+02
1.000000e+02, 2.346505e+02
1.000000e+02, 2.355986e+02
1.000000e+02, 2.365519e+02
1.000000e+02, 2.375106e+02
1.000000e+02, 2.384746e+02
1.000000e+02, 2.394441e+02
1.000000e+02, 2.404190e+02
1.000000e+02, 2.413994e+02
1.000000e+02, 2.423853e+02
1.000000e+02, 2.433769e+02
1.000000e+02, 2.443741e+02
1.000000e+02, 2.453769e+02
1.000000e+02, 2.463856e+02
1.000000e+02, 2.474000e+02
1.000000e+02, 2.484202e+02
1.000000e+02, 2.494464e+02
1.000000e+02, 2.504785e+02
1.000000e+02, 2.515166e+02
1.000000e+02, 2.525608e+02
1.000000e+02, 2.536111e+02
1.000000e+02, 2.546676e+02
1.000000e+02, 2.557303e+02
1.000000e+02, 2.567993e+02
1.000000e+02, 2.578747e+02
1.000000e+02, 2.589565e+02
1.000000e+02, 2.600447e+02
1.000000e+02, 2.611396e+02
1.000000e+02, 2.622410e+02
1.000000e+02, 2.633491e+02
1.000000e+02, 2.644640e+02
1.000000e+02, 2.655856e+02
1.000000e+02, 2.667142e+02
1.000000e+02, 2.678497e+02
1.000000e+02, 2.689923e+02
1.000000e+02, 2.701419e+02
1.000000e+02, 2.712988e+02
1.000000e+02, 2.724629e+02
1.000000e+02, 2.736344e+02
1.000000e+02, 2.748133e+02
1.000000e+02, 2.759997e+02
1.000000e+02, 2.771938e+02
1.000000e+02, 2.783955e+02
1.000000e+02, 2.796050e+02
1.000000e+02, 2.808223e+02
1.000000e+02, 2.820477e+02
1.000000e+02, 2.832810e+02
1.000000e+02, 2.845226e+02
1.000000e+02, 2.857724e+02
1.000000e+02, 2.870305e+02
1.000000e+02, 2.882971e+02
1.000000e+02, 2.895723e+02
1.000000e+02, 2.908562e+02
1.000000e+02, 2.921489e+02
1.000000e+02, 2.934505e+02
1.000000e+02, 2.947611e+02
1.000000e+02, 2.960808e+02
1.000000e+02, 2.974099e+02
1.000000e+02, 2.987483e+02
1.000000e+02, 3.000963e+02
1.000000e+02, 3.014539e+02
1.000000e+02, 3.028214e+02
1.000000e+02, 3.041988e+02
1.000000e+02, 3.055862e+02
1.000000e+02, 3.069840e+02
1.000000e+02, 3.083921e+02
1.000000e+02, 3.098107e+02
1.000000e+02, 3.112401e+02
1.000000e+02, 3.126804e+02
1.000000e+02, 3.141317e+02
1.000000e+02, 3.155942e+02
1.000000e+02, 3.170682e+02
1.000000e+02, 3.185537e+02
1.000000e+02, 3.200510e+02
1.000000e+02, 3.215603e+02
1.000000e+02, 3.230818e+02
1.000000e+02, 3.246157e+02
1.000000e+02, 3.261622e+02
1.000000e+02, 3.277216e+02
1.000000e+02, 3.292940e+02
1.000000e+02, 3.308797e+02
1.000000e+02, 3.324790e+02
1.000000e+02, 3.340921e+02
1.000000e+02, 3.357193e+02
1.000000e+02, 3.373609e+02
1.000000e+02, 3.390170e+02
1.000000e+02, 3.406881e+02
1.000000e+02, 3.423745e+02
1.000000e+02, 3.440764e+02
1.000000e+02, 3.457941e+02
1.000000e+02, 3.475281e+02
1.000000e+02, 3.492786e+02
1.000000e+02, 3.510461e+02
1.000000e+02, 3.528308e+02
1.000000e+02, 3.546333e+02
1.000000e+02, 3.564539e+02
1.000000e+02, 3.582930e+02
1.000000e+02, 1.511673e-01
1.000000e+02, 2.028766e+00
1.000000e+02, 3.926315e+00
1.000000e+02, 5.844323e+00
1.000000e+02, 7.783323e+00
1.000000e+02, 9.743873e+00
1.000000e+02, 1.172656e+01
1.000000e+02, 1.373199e+01
1.000000e+02, 1.576080e+01
1.000000e+02, 1.781368e+01
1.000000e+02, 1.989134e+01
1.000000e+02, 2.199451e+01
1.000000e+02, 2.412399e+01
1.000000e+02, 2.628061e+01
1.000000e+02, 2.846523e+01
1.000000e+02, 3.067880e+01
1.000000e+02, 3.292229e+01
1.000000e+02, 3.519674e+01
1.000000e+02, 3.750325e+01
1.000000e+02, 3.984301e+01
1.000000e+02, 4.221725e+01
1.000000e+02, 4.462732e+01
1.000000e+02, 4.707465e+01
1.000000e+02, 4.956075e+01
1.000000e+02, 5.208726e+01
1.000000e+02, 5.465595e+01
1.000000e+02, 5.726871e+01
1.000000e+02, 5.992758e+01
1.000000e+02, 6.263479e+01
1.000000e+02, 6.539272e+01
1.000000e+02, 6.820401e+01
1.000000e+02, 7.107149e+01
1.000000e+02, 7.399831e+01
1.000000e+02, 7.698788e+01
1.000000e+02, 8.004400e+01
1.000000e+02, 8.317086e+01
1.000000e+02, 8.637311e+01
1.000000e+02, 8.965598e+01
1.000000e+02, 9.302530e+01
1.000000e+02, 9.648770e+01
1.000000e+02, 1.000507e+02
1.000000e+02, 1.037229e+02
1.000000e+02, 1.075142e+02
1.000000e+02, 1.114362e+02
1.000000e+02, 1.155024e+02
1.000000e+02, 1.197291e+02
1.000000e+02, 1.241357e+02
1.000000e+02, 1.287461e+02
1.000000e+02, 1.335899e+02
1.000000e+02, 1.387049e+02
1.000000e+02, 1.441405e+02
1.000000e+02, 1.499633e+02
1.000000e+02, 1.562673e+02
1.000000e+02, 1.631925e+02
1.000000e+02, 1.709654e+02
1.000000e+02, 1.800000e+02
##END= 