##TITLE= /opt/topspin3.0/exp/stan/nmr/lists/wave/user/HypSec_trunc2.84_110
##JCAMP-DX= 5.00 Bruker JCAMP library
##DATA TYPE= Shape Data
##ORIGIN= Bruker BioSpin GmbH
##OWNER= <nmrsu>
##DATE= 15/02/24
##TIME= 16:15:04
##MINX= 1.164538e+01
##MAXX= 9.999960e+01
##MINY= 2.546774e-02
##MAXY= 3.585574e+02
##$SHAPE_EXMODE= Adiabatic
##$SHAPE_TOTROT= 1.800000e+02
##$SHAPE_BWFAC= 1.929340e+02
##$SHAPE_INTEGFAC= 2.356110e-02
##$SHAPE_MODE= 0
##NPOINTS= 1000
##XYPOINTS= (XY..XY)
1.000000e+02, 1.800000e+02
1.000000e+02, 1.752502e+02
1.000000e+02, 1.711637e+02
1.000000e+02, 1.675229e+02
1.000000e+02, 1.642086e+02
1.000000e+02, 1.611474e+02
1.000000e+02, 1.582897e+02
1.000000e+02, 1.556006e+02
1.000000e+02, 1.530540e+02
1.000000e+02, 1.506302e+02
1.000000e+02, 1.483135e+02
1.000000e+02, 1.460913e+02
1.000000e+02, 1.439536e+02
1.000000e+02, 1.418916e+02
1.000000e+02, 1.398984e+02
1.000000e+02, 1.379678e+02
1.000000e+02, 1.360946e+02
1.000000e+02, 1.342743e+02
1.000000e+02, 1.325030e+02
1.000000e+02, 1.307770e+02
1.000000e+02, 1.290935e+02
1.000000e+02, 1.274496e+02
1.000000e+02, 1.258429e+02
1.000000e+02, 1.242712e+02
1.000000e+02, 1.227324e+02
1.000000e+02, 1.212249e+02
1.000000e+02, 1.197469e+02
1.000000e+02, 1.182970e+02
1.000000e+02, 1.168737e+02
1.000000e+02, 1.154758e+02
1.000000e+02, 1.141022e+02
1.000000e+02, 1.127518e+02
1.000000e+02, 1.114235e+02
1.000000e+02, 1.101164e+02
1.000000e+02, 1.088298e+02
1.000000e+02, 1.075627e+02
1.000000e+02, 1.063145e+02
1.000000e+02, 1.050844e+02
1.000000e+02, 1.038718e+02
1.000000e+02, 1.026761e+02
1.000000e+02, 1.014966e+02
1.000000e+02, 1.003328e+02
1.000000e+02, 9.918429e+01
1.000000e+02, 9.805048e+01
1.000000e+02, 9.693094e+01
1.000000e+02, 9.582522e+01
1.000000e+02, 9.473293e+01
1.000000e+02, 9.365366e+01
1.000000e+02, 9.258703e+01
1.000000e+02, 9.153271e+01
1.000000e+02, 9.049034e+01
1.000000e+02, 8.945961e+01
1.000000e+02, 8.844021e+01
1.000000e+02, 8.743185e+01
1.000000e+02, 8.643424e+01
1.000000e+02, 8.544712e+01
1.000000e+02, 8.447023e+01
1.000000e+02, 8.350333e+01
1.000000e+02, 8.254618e+01
1.000000e+02, 8.159855e+01
1.000000e+02, 8.066024e+01
1.000000e+02, 7.973102e+01
1.000000e+02, 7.881071e+01
1.000000e+02, 7.789910e+01
1.000000e+02, 7.699602e+01
1.000000e+02, 7.610128e+01
1.000000e+02, 7.521472e+01
1.000000e+02, 7.433616e+01
1.000000e+02, 7.346545e+01
1.000000e+02, 7.260244e+01
1.000000e+02, 7.174697e+01
1.000000e+02, 7.089890e+01
1.000000e+02, 7.005809e+01
1.000000e+02, 6.922442e+01
1.000000e+02, 6.839774e+01
1.000000e+02, 6.757793e+01
1.000000e+02, 6.676487e+01
1.000000e+02, 6.595845e+01
1.000000e+02, 6.515855e+01
1.000000e+02, 6.436505e+01
1.000000e+02, 6.357786e+01
1.000000e+02, 6.279686e+01
1.000000e+02, 6.202196e+01
1.000000e+02, 6.125305e+01
1.000000e+02, 6.049005e+01
1.000000e+02, 5.973285e+01
1.000000e+02, 5.898138e+01
1.000000e+02, 5.823554e+01
1.000000e+02, 5.749524e+01
1.000000e+02, 5.676041e+01
1.000000e+02, 5.603096e+01
1.000000e+02, 5.530682e+01
1.000000e+02, 5.458791e+01
1.000000e+02, 5.387415e+01
1.000000e+02, 5.316547e+01
1.000000e+02, 5.246181e+01
1.000000e+02, 5.176309e+01
1.000000e+02, 5.106924e+01
1.000000e+02, 5.038021e+01
1.000000e+02, 4.969592e+01
1.000000e+02, 4.901632e+01
1.000000e+02, 4.834134e+01
1.000000e+02, 4.767092e+01
1.000000e+02, 4.700502e+01
1.000000e+02, 4.634356e+01
1.000000e+02, 4.568650e+01
1.000000e+02, 4.503378e+01
1.000000e+02, 4.438535e+01
1.000000e+02, 4.374115e+01
1.000000e+02, 4.310114e+01
1.000000e+02, 4.246527e+01
1.000000e+02, 4.183349e+01
1.000000e+02, 4.120575e+01
1.000000e+02, 4.058200e+01
1.000000e+02, 3.996221e+01
1.000000e+02, 3.934632e+01
1.000000e+02, 3.873430e+01
1.000000e+02, 3.812610e+01
1.000000e+02, 3.752167e+01
1.000000e+02, 3.692099e+01
1.000000e+02, 3.632400e+01
1.000000e+02, 3.573068e+01
1.000000e+02, 3.514097e+01
1.000000e+02, 3.455485e+01
1.000000e+02, 3.397228e+01
1.000000e+02, 3.339322e+01
1.000000e+02, 3.281764e+01
1.000000e+02, 3.224550e+01
1.000000e+02, 3.167677e+01
1.000000e+02, 3.111141e+01
1.000000e+02, 3.054939e+01
1.000000e+02, 2.999069e+01
1.000000e+02, 2.943526e+01
1.000000e+02, 2.888308e+01
1.000000e+02, 2.833411e+01
1.000000e+02, 2.778834e+01
1.000000e+02, 2.724572e+01
1.000000e+02, 2.670623e+01
1.000000e+02, 2.616984e+01
1.000000e+02, 2.563652e+01
1.000000e+02, 2.510626e+01
1.000000e+02, 2.457901e+01
1.000000e+02, 2.405475e+01
1.000000e+02, 2.353346e+01
1.000000e+02, 2.301511e+01
1.000000e+02, 2.249968e+01
1.000000e+02, 2.198715e+01
1.000000e+02, 2.147748e+01
1.000000e+02, 2.097065e+01
1.000000e+02, 2.046665e+01
1.000000e+02, 1.996544e+01
1.000000e+02, 1.946701e+01
1.000000e+02, 1.897133e+01
1.000000e+02, 1.847838e+01
1.000000e+02, 1.798815e+01
1.000000e+02, 1.750060e+01
1.000000e+02, 1.701572e+01
1.000000e+02, 1.653349e+01
1.000000e+02, 1.605388e+01
1.000000e+02, 1.557688e+01
1.000000e+02, 1.510247e+01
1.000000e+02, 1.463063e+01
1.000000e+02, 1.416134e+01
1.000000e+02, 1.369457e+01
1.000000e+02, 1.323032e+01
1.000000e+02, 1.276857e+01
1.000000e+02, 1.230929e+01
1.000000e+02, 1.185247e+01
1.000000e+02, 1.139809e+01
1.000000e+02, 1.094613e+01
1.000000e+02, 1.049658e+01
1.000000e+02, 1.004943e+01
1.000000e+02, 9.604643e+00
1.000000e+02, 9.162218e+00
1.000000e+02, 8.722136e+00
1.000000e+02, 8.284380e+00
1.000000e+02, 7.848935e+00
1.000000e+02, 7.415787e+00
1.000000e+02, 6.984919e+00
1.000000e+02, 6.556318e+00
1.000000e+02, 6.129968e+00
1.000000e+02, 5.705856e+00
1.000000e+02, 5.283966e+00
1.000000e+02, 4.864286e+00
1.000000e+02, 4.446800e+00
1.000000e+02, 4.031496e+00
1.000000e+02, 3.618361e+00
1.000000e+02, 3.207380e+00
1.000000e+02, 2.798540e+00
1.000000e+02, 2.391830e+00
1.000000e+02, 1.987235e+00
1.000000e+02, 1.584744e+00
1.000000e+02, 1.184344e+00
1.000000e+02, 7.860229e-01
1.000000e+02, 3.897682e-01
1.000000e+02, 3.599956e+02
1.000000e+02, 3.596034e+02
1.000000e+02, 3.592133e+02
1.000000e+02, 3.588252e+02
1.000000e+02, 3.584391e+02
1.000000e+02, 3.580550e+02
1.000000e+02, 3.576729e+02
1.000000e+02, 3.572927e+02
1.000000e+02, 3.569146e+02
1.000000e+02, 3.565383e+02
1.000000e+02, 3.561641e+02
1.000000e+02, 3.557917e+02
1.000000e+02, 3.554213e+02
1.000000e+02, 3.550528e+02
1.000000e+02, 3.546862e+02
1.000000e+02, 3.543215e+02
1.000000e+02, 3.539586e+02
1.000000e+02, 3.535977e+02
1.000000e+02, 3.532386e+02
1.000000e+02, 3.528813e+02
1.000000e+02, 3.525259e+02
1.000000e+02, 3.521724e+02
1.000000e+02, 3.518206e+02
1.000000e+02, 3.514707e+02
1.000000e+02, 3.511226e+02
1.000000e+02, 3.507763e+02
1.000000e+02, 3.504318e+02
1.000000e+02, 3.500890e+02
1.000000e+02, 3.497481e+02
1.000000e+02, 3.494089e+02
1.000000e+02, 3.490715e+02
1.000000e+02, 3.487358e+02
1.000000e+02, 3.484018e+02
1.000000e+02, 3.480696e+02
1.000000e+02, 3.477391e+02
1.000000e+02, 3.474103e+02
1.000000e+02, 3.470833e+02
1.000000e+02, 3.467579e+02
1.000000e+02, 3.464342e+02
1.000000e+02, 3.461123e+02
1.000000e+02, 3.457920e+02
1.000000e+02, 3.454733e+02
1.000000e+02, 3.451564e+02
1.000000e+02, 3.448411e+02
1.000000e+02, 3.445274e+02
1.000000e+02, 3.442154e+02
1.000000e+02, 3.439050e+02
1.000000e+02, 3.435963e+02
1.000000e+02, 3.432891e+02
1.000000e+02, 3.429836e+02
1.000000e+02, 3.426797e+02
1.000000e+02, 3.423774e+02
1.000000e+02, 3.420767e+02
1.000000e+02, 3.417776e+02
1.000000e+02, 3.414801e+02
1.000000e+02, 3.411842e+02
1.000000e+02, 3.408898e+02
1.000000e+02, 3.405970e+02
1.000000e+02, 3.403057e+02
1.000000e+02, 3.400160e+02
1.000000e+02, 3.397279e+02
1.000000e+02, 3.394413e+02
1.000000e+02, 3.391562e+02
1.000000e+02, 3.388726e+02
1.000000e+02, 3.385906e+02
1.000000e+02, 3.383101e+02
1.000000e+02, 3.380311e+02
1.000000e+02, 3.377536e+02
1.000000e+02, 3.374776e+02
1.000000e+02, 3.372031e+02
1.000000e+02, 3.369301e+02
1.000000e+02, 3.366586e+02
1.000000e+02, 3.363886e+02
1.000000e+02, 3.361200e+02
1.000000e+02, 3.358529e+02
1.000000e+02, 3.355873e+02
1.000000e+02, 3.353232e+02
1.000000e+02, 3.350604e+02
1.000000e+02, 3.347992e+02
1.000000e+02, 3.345394e+02
1.000000e+02, 3.342810e+02
1.000000e+02, 3.340240e+02
1.000000e+02, 3.337685e+02
1.000000e+02, 3.335144e+02
1.000000e+02, 3.332618e+02
1.000000e+02, 3.330105e+02
1.000000e+02, 3.327607e+02
1.000000e+02, 3.325122e+02
1.000000e+02, 3.322652e+02
1.000000e+02, 3.320196e+02
1.000000e+02, 3.317753e+02
1.000000e+02, 3.315325e+02
1.000000e+02, 3.312910e+02
1.000000e+02, 3.310509e+02
1.000000e+02, 3.308122e+02
1.000000e+02, 3.305748e+02
1.000000e+02, 3.303389e+02
1.000000e+02, 3.301043e+02
1.000000e+02, 3.298710e+02
1.000000e+02, 3.296391e+02
1.000000e+02, 3.294086e+02
1.000000e+02, 3.291794e+02
1.000000e+02, 3.289515e+02
1.000000e+02, 3.287250e+02
1.000000e+02, 3.284999e+02
1.000000e+02, 3.282760e+02
1.000000e+02, 3.280535e+02
1.000000e+02, 3.278323e+02
1.000000e+02, 3.276124e+02
1.000000e+02, 3.273939e+02
1.000000e+02, 3.271767e+02
1.000000e+02, 3.269607e+02
1.000000e+02, 3.267461e+02
1.000000e+02, 3.265328e+02
1.000000e+02, 3.263208e+02
1.000000e+02, 3.261101e+02
1.000000e+02, 3.259006e+02
1.000000e+02, 3.256925e+02
1.000000e+02, 3.254856e+02
1.000000e+02, 3.252801e+02
1.000000e+02, 3.250758e+02
1.000000e+02, 3.248728e+02
1.000000e+02, 3.246710e+02
1.000000e+02, 3.244706e+02
1.000000e+02, 3.242714e+02
1.000000e+02, 3.240734e+02
1.000000e+02, 3.238767e+02
1.000000e+02, 3.236813e+02
1.000000e+02, 3.234871e+02
1.000000e+02, 3.232942e+02
1.000000e+02, 3.231026e+02
1.000000e+02, 3.229121e+02
1.000000e+02, 3.227230e+02
1.000000e+02, 3.225350e+02
1.000000e+02, 3.223483e+02
1.000000e+02, 3.221628e+02
1.000000e+02, 3.219786e+02
1.000000e+02, 3.217956e+02
1.000000e+02, 3.216138e+02
1.000000e+02, 3.214332e+02
1.000000e+02, 3.212539e+02
1.000000e+02, 3.210758e+02
1.000000e+02, 3.208988e+02
1.000000e+02, 3.207231e+02
1.000000e+02, 3.205487e+02
1.000000e+02, 3.203754e+02
1.000000e+02, 3.202033e+02
1.000000e+02, 3.200324e+02
1.000000e+02, 3.198627e+02
1.000000e+02, 3.196942e+02
1.000000e+02, 3.195270e+02
1.000000e+02, 3.193609e+02
1.000000e+02, 3.191960e+02
1.000000e+02, 3.190322e+02
1.000000e+02, 3.188697e+02
1.000000e+02, 3.187083e+02
1.000000e+02, 3.185482e+02
1.000000e+02, 3.183892e+02
1.000000e+02, 3.182314e+02
1.000000e+02, 3.180747e+02
1.000000e+02, 3.179192e+02
1.000000e+02, 3.177649e+02
1.000000e+02, 3.176118e+02
1.000000e+02, 3.174598e+02
1.000000e+02, 3.173090e+02
1.000000e+02, 3.171593e+02
1.000000e+02, 3.170108e+02
1.000000e+02, 3.168635e+02
1.000000e+02, 3.167173e+02
1.000000e+02, 3.165723e+02
1.000000e+02, 3.164284e+02
1.000000e+02, 3.162857e+02
1.000000e+02, 3.161441e+02
1.000000e+02, 3.160036e+02
1.000000e+02, 3.158643e+02
1.000000e+02, 3.157262e+02
1.000000e+02, 3.155891e+02
1.000000e+02, 3.154532e+02
1.000000e+02, 3.153185e+02
1.000000e+02, 3.151849e+02
1.000000e+02, 3.150524e+02
1.000000e+02, 3.149210e+02
1.000000e+02, 3.147908e+02
1.000000e+02, 3.146617e+02
1.000000e+02, 3.145337e+02
1.000000e+02, 3.144068e+02
1.000000e+02, 3.142811e+02
1.000000e+02, 3.141565e+02
1.000000e+02, 3.140329e+02
1.000000e+02, 3.139106e+02
1.000000e+02, 3.137893e+02
1.000000e+02, 3.136691e+02
1.000000e+02, 3.135501e+02
1.000000e+02, 3.134321e+02
1.000000e+02, 3.133153e+02
1.000000e+02, 3.131995e+02
1.000000e+02, 3.130849e+02
1.000000e+02, 3.129714e+02
1.000000e+02, 3.128590e+02
1.000000e+02, 3.127476e+02
1.000000e+02, 3.126374e+02
1.000000e+02, 3.125283e+02
1.000000e+02, 3.124202e+02
1.000000e+02, 3.123133e+02
1.000000e+02, 3.122075e+02
1.000000e+02, 3.121027e+02
1.000000e+02, 3.119990e+02
1.000000e+02, 3.118965e+02
1.000000e+02, 3.117950e+02
1.000000e+02, 3.116946e+02
1.000000e+02, 3.115953e+02
1.000000e+02, 3.114970e+02
1.000000e+02, 3.113999e+02
1.000000e+02, 3.113038e+02
1.000000e+02, 3.112088e+02
1.000000e+02, 3.111149e+02
1.000000e+02, 3.110221e+02
1.000000e+02, 3.109303e+02
1.000000e+02, 3.108396e+02
1.000000e+02, 3.107500e+02
1.000000e+02, 3.106615e+02
1.000000e+02, 3.105740e+02
1.000000e+02, 3.104876e+02
1.000000e+02, 3.104023e+02
1.000000e+02, 3.103181e+02
1.000000e+02, 3.102349e+02
1.000000e+02, 3.101528e+02
1.000000e+02, 3.100717e+02
1.000000e+02, 3.099917e+02
1.000000e+02, 3.099128e+02
1.000000e+02, 3.098349e+02
1.000000e+02, 3.097581e+02
1.000000e+02, 3.096824e+02
1.000000e+02, 3.096077e+02
1.000000e+02, 3.095341e+02
1.000000e+02, 3.094615e+02
1.000000e+02, 3.093900e+02
1.000000e+02, 3.093195e+02
1.000000e+02, 3.092501e+02
1.000000e+02, 3.091818e+02
1.000000e+02, 3.091145e+02
1.000000e+02, 3.090483e+02
1.000000e+02, 3.089831e+02
1.000000e+02, 3.089189e+02
1.000000e+02, 3.088559e+02
1.000000e+02, 3.087938e+02
1.000000e+02, 3.087328e+02
1.000000e+02, 3.086729e+02
1.000000e+02, 3.086140e+02
1.000000e+02, 3.085561e+02
1.000000e+02, 3.084993e+02
1.000000e+02, 3.084436e+02
1.000000e+02, 3.083889e+02
1.000000e+02, 3.083352e+02
1.000000e+02, 3.082826e+02
1.000000e+02, 3.082310e+02
1.000000e+02, 3.081805e+02
1.000000e+02, 3.081310e+02
1.000000e+02, 3.080825e+02
1.000000e+02, 3.080351e+02
1.000000e+02, 3.079887e+02
1.000000e+02, 3.079433e+02
1.000000e+02, 3.078990e+02
1.000000e+02, 3.078558e+02
1.000000e+02, 3.078135e+02
1.000000e+02, 3.077724e+02
1.000000e+02, 3.077322e+02
1.000000e+02, 3.076931e+02
1.000000e+02, 3.076550e+02
1.000000e+02, 3.076179e+02
1.000000e+02, 3.075819e+02
1.000000e+02, 3.075469e+02
1.000000e+02, 3.075130e+02
1.000000e+02, 3.074801e+02
1.000000e+02, 3.074482e+02
1.000000e+02, 3.074173e+02
1.000000e+02, 3.073875e+02
1.000000e+02, 3.073587e+02
1.000000e+02, 3.073310e+02
1.000000e+02, 3.073042e+02
1.000000e+02, 3.072786e+02
1.000000e+02, 3.072539e+02
1.000000e+02, 3.072303e+02
1.000000e+02, 3.072076e+02
1.000000e+02, 3.071861e+02
1.000000e+02, 3.071655e+02
1.000000e+02, 3.071460e+02
1.000000e+02, 3.071275e+02
1.000000e+02, 3.071101e+02
1.000000e+02, 3.070936e+02
1.000000e+02, 3.070782e+02
1.000000e+02, 3.070638e+02
1.000000e+02, 3.070505e+02
1.000000e+02, 3.070382e+02
1.000000e+02, 3.070269e+02
1.000000e+02, 3.070166e+02
1.000000e+02, 3.070074e+02
1.000000e+02, 3.069992e+02
1.000000e+02, 3.069920e+02
1.000000e+02, 3.069858e+02
1.000000e+02, 3.069807e+02
1.000000e+02, 3.069766e+02
1.000000e+02, 3.069735e+02
1.000000e+02, 3.069714e+02
1.000000e+02, 3.069704e+02
1.000000e+02, 3.069704e+02
1.000000e+02, 3.069714e+02
1.000000e+02, 3.069735e+02
1.000000e+02, 3.069766e+02
1.000000e+02, 3.069807e+02
1.000000e+02, 3.069858e+02
1.000000e+02, 3.069920e+02
1.000000e+02, 3.069992e+02
1.000000e+02, 3.070074e+02
1.000000e+02, 3.070166e+02
1.000000e+02, 3.070269e+02
1.000000e+02, 3.070382e+02
1.000000e+02, 3.070505e+02
1.000000e+02, 3.070638e+02
1.000000e+02, 3.070782e+02
1.000000e+02, 3.070936e+02
1.000000e+02, 3.071101e+02
1.000000e+02, 3.071275e+02
1.000000e+02, 3.071460e+02
1.000000e+02, 3.071655e+02
1.000000e+02, 3.071861e+02
1.000000e+02, 3.072076e+02
1.000000e+02, 3.072303e+02
1.000000e+02, 3.072539e+02
1.000000e+02, 3.072786e+02
1.000000e+02, 3.073042e+02
1.000000e+02, 3.073310e+02
1.000000e+02, 3.073587e+02
1.000000e+02, 3.073875e+02
1.000000e+02, 3.074173e+02
1.000000e+02, 3.074482e+02
1.000000e+02, 3.074801e+02
1.000000e+02, 3.075130e+02
1.000000e+02, 3.075469e+02
1.000000e+02, 3.075819e+02
1.000000e+02, 3.076179e+02
1.000000e+02, 3.076550e+02
1.000000e+02, 3.076931e+02
1.000000e+02, 3.077322e+02
1.000000e+02, 3.077724e+02
1.000000e+02, 3.078135e+02
1.000000e+02, 3.078558e+02
1.000000e+02, 3.078990e+02
1.000000e+02, 3.079433e+02
1.000000e+02, 3.079887e+02
1.000000e+02, 3.080351e+02
1.000000e+02, 3.080825e+02
1.000000e+02, 3.081310e+02
1.000000e+02, 3.081805e+02
1.000000e+02, 3.082310e+02
1.000000e+02, 3.082826e+02
1.000000e+02, 3.083352e+02
1.000000e+02, 3.083889e+02
1.000000e+02, 3.084436e+02
1.000000e+02, 3.084993e+02
1.000000e+02, 3.085561e+02
1.000000e+02, 3.086140e+02
1.000000e+02, 3.086729e+02
1.000000e+02, 3.087328e+02
1.000000e+02, 3.087938e+02
1.000000e+02, 3.088559e+02
1.000000e+02, 3.089189e+02
1.000000e+02, 3.089831e+02
1.000000e+02, 3.090483e+02
1.000000e+02, 3.091145e+02
1.000000e+02, 3.091818e+02
1.000000e+02, 3.092501e+02
1.000000e+02, 3.093195e+02
1.000000e+02, 3.093900e+02
1.000000e+02, 3.094615e+02
1.000000e+02, 3.095341e+02
1.000000e+02, 3.096077e+02
1.000000e+02, 3.096824e+02
1.000000e+02, 3.097581e+02
1.000000e+02, 3.098349e+02
1.000000e+02, 3.099128e+02
1.000000e+02, 3.099917e+02
1.000000e+02, 3.100717e+02
1.000000e+02, 3.101528e+02
1.000000e+02, 3.102349e+02
1.000000e+02, 3.103181e+02
1.000000e+02, 3.104023e+02
1.000000e+02, 3.104876e+02
1.000000e+02, 3.105740e+02
1.000000e+02, 3.106615e+02
1.000000e+02, 3.107500e+02
1.000000e+02, 3.108396e+02
1.000000e+02, 3.109303e+02
1.000000e+02, 3.110221e+02
1.000000e+02, 3.111149e+02
1.000000e+02, 3.112088e+02
1.000000e+02, 3.113038e+02
1.000000e+02, 3.113999e+02
1.000000e+02, 3.114970e+02
1.000000e+02, 3.115953e+02
1.000000e+02, 3.116946e+02
1.000000e+02, 3.117950e+02
1.000000e+02, 3.118965e+02
1.000000e+02, 3.119990e+02
1.000000e+02, 3.121027e+02
1.000000e+02, 3.122075e+02
1.000000e+02, 3.123133e+02
1.000000e+02, 3.124203e+02
1.000000e+02, 3.125283e+02
1.000000e+02, 3.126374e+02
1.000000e+02, 3.127476e+02
1.000000e+02, 3.128590e+02
1.000000e+02, 3.129714e+02
1.000000e+02, 3.130849e+02
1.000000e+02, 3.131995e+02
1.000000e+02, 3.133153e+02
1.000000e+02, 3.134321e+02
1.000000e+02, 3.135501e+02
1.000000e+02, 3.136691e+02
1.000000e+02, 3.137893e+02
1.000000e+02, 3.139106e+02
1.000000e+02, 3.140329e+02
1.000000e+02, 3.141565e+02
1.000000e+02, 3.142811e+02
1.000000e+02, 3.144068e+02
1.000000e+02, 3.145337e+02
1.000000e+02, 3.146617e+02
1.000000e+02, 3.147908e+02
1.000000e+02, 3.149210e+02
1.000000e+02, 3.150524e+02
1.000000e+02, 3.151849e+02
1.000000e+02, 3.153185e+02
1.000000e+02, 3.154532e+02
1.000000e+02, 3.155891e+02
1.000000e+02, 3.157262e+02
1.000000e+02, 3.158643e+02
1.000000e+02, 3.160036e+02
1.000000e+02, 3.161441e+02
1.000000e+02, 3.162857e+02
1.000000e+02, 3.164284e+02
1.000000e+02, 3.165723e+02
1.000000e+02, 3.167173e+02
1.000000e+02, 3.168635e+02
1.000000e+02, 3.170108e+02
1.000000e+02, 3.171593e+02
1.000000e+02, 3.173090e+02
1.000000e+02, 3.174598e+02
1.000000e+02, 3.176118e+02
1.000000e+02, 3.177649e+02
1.000000e+02, 3.179192e+02
1.000000e+02, 3.180747e+02
1.000000e+02, 3.182314e+02
1.000000e+02, 3.183892e+02
1.000000e+02, 3.185482e+02
1.000000e+02, 3.187083e+02
1.000000e+02, 3.188697e+02
1.000000e+02, 3.190322e+02
1.000000e+02, 3.191960e+02
1.000000e+02, 3.193609e+02
1.000000e+02, 3.195270e+02
1.000000e+02, 3.196942e+02
1.000000e+02, 3.198627e+02
1.000000e+02, 3.200324e+02
1.000000e+02, 3.202033e+02
1.000000e+02, 3.203754e+02
1.000000e+02, 3.205487e+02
1.000000e+02, 3.207231e+02
1.000000e+02, 3.208988e+02
1.000000e+02, 3.210758e+02
1.000000e+02, 3.212539e+02
1.000000e+02, 3.214332e+02
1.000000e+02, 3.216138e+02
1.000000e+02, 3.217956e+02
1.000000e+02, 3.219786e+02
1.000000e+02, 3.221628e+02
1.000000e+02, 3.223483e+02
1.000000e+02, 3.225350e+02
1.000000e+02, 3.227230e+02
1.000000e+02, 3.229121e+02
1.000000e+02, 3.231026e+02
1.000000e+02, 3.232942e+02
1.000000e+02, 3.234871e+02
1.000000e+02, 3.236813e+02
1.000000e+02, 3.238767e+02
1.000000e+02, 3.240734e+02
1.000000e+02, 3.242714e+02
1.000000e+02, 3.244706e+02
1.000000e+02, 3.246710e+02
1.000000e+02, 3.248728e+02
1.000000e+02, 3.250758e+02
1.000000e+02, 3.252801e+02
1.000000e+02, 3.254856e+02
1.000000e+02, 3.256925e+02
1.000000e+02, 3.259006e+02
1.000000e+02, 3.261101e+02
1.000000e+02, 3.263208e+02
1.000000e+02, 3.265328e+02
1.000000e+02, 3.267461e+02
1.000000e+02, 3.269607e+02
1.000000e+02, 3.271767e+02
1.000000e+02, 3.273939e+02
1.000000e+02, 3.276124e+02
1.000000e+02, 3.278323e+02
1.000000e+02, 3.280535e+02
1.000000e+02, 3.282760e+02
1.000000e+02, 3.284999e+02
1.000000e+02, 3.287250e+02
1.000000e+02, 3.289515e+02
1.000000e+02, 3.291794e+02
1.000000e+02, 3.294086e+02
1.000000e+02, 3.296391e+02
1.000000e+02, 3.298710e+02
1.000000e+02, 3.301043e+02
1.000000e+02, 3.303389e+02
1.000000e+02, 3.305748e+02
1.000000e+02, 3.308122e+02
1.000000e+02, 3.310509e+02
1.000000e+02, 3.312910e+02
1.000000e+02, 3.315325e+02
1.000000e+02, 3.317753e+02
1.000000e+02, 3.320196e+02
1.000000e+02, 3.322652e+02
1.000000e+02, 3.325122e+02
1.000000e+02, 3.327607e+02
1.000000e+02, 3.330105e+02
1.000000e+02, 3.332618e+02
1.000000e+02, 3.335144e+02
1.000000e+02, 3.337685e+02
1.000000e+02, 3.340240e+02
1.000000e+02, 3.342810e+02
1.000000e+02, 3.345394e+02
1.000000e+02, 3.347992e+02
1.000000e+02, 3.350604e+02
1.000000e+02, 3.353232e+02
1.000000e+02, 3.355873e+02
1.000000e+02, 3.358529e+02
1.000000e+02, 3.361200e+02
1.000000e+02, 3.363886e+02
1.000000e+02, 3.366586e+02
1.000000e+02, 3.369301e+02
1.000000e+02, 3.372031e+02
1.000000e+02, 3.374776e+02
1.000000e+02, 3.377536e+02
1.000000e+02, 3.380311e+02
1.000000e+02, 3.383101e+02
1.000000e+02, 3.385906e+02
1.000000e+02, 3.388726e+02
1.000000e+02, 3.391562e+02
1.000000e+02, 3.394413e+02
1.000000e+02, 3.397279e+02
1.000000e+02, 3.400160e+02
1.000000e+02, 3.403057e+02
1.000000e+02, 3.405970e+02
1.000000e+02, 3.408898e+02
1.000000e+02, 3.411842e+02
1.000000e+02, 3.414801e+02
1.000000e+02, 3.417776e+02
1.000000e+02, 3.420767e+02
1.000000e+02, 3.423774e+02
1.000000e+02, 3.426797e+02
1.000000e+02, 3.429836e+02
1.000000e+02, 3.432891e+02
1.000000e+02, 3.435963e+02
1.000000e+02, 3.439050e+02
1.000000e+02, 3.442154e+02
1.000000e+02, 3.445274e+02
1.000000e+02, 3.448411e+02
1.000000e+02, 3.451564e+02
1.000000e+02, 3.454733e+02
1.000000e+02, 3.457920e+02
1.000000e+02, 3.461123e+02
1.000000e+02, 3.464342e+02
1.000000e+02, 3.467579e+02
1.000000e+02, 3.470833e+02
1.000000e+02, 3.474103e+02
1.000000e+02, 3.477391e+02
1.000000e+02, 3.480696e+02
1.000000e+02, 3.484018e+02
1.000000e+02, 3.487358e+02
1.000000e+02, 3.490715e+02
1.000000e+02, 3.494089e+02
1.000000e+02, 3.497481e+02
1.000000e+02, 3.500891e+02
1.000000e+02, 3.504318e+02
1.000000e+02, 3.507763e+02
1.000000e+02, 3.511226e+02
1.000000e+02, 3.514707e+02
1.000000e+02, 3.518206e+02
1.000000e+02, 3.521724e+02
1.000000e+02, 3.525259e+02
1.000000e+02, 3.528813e+02
1.000000e+02, 3.532386e+02
1.000000e+02, 3.535977e+02
1.000000e+02, 3.539586e+02
1.000000e+02, 3.543215e+02
1.000000e+02, 3.546862e+02
1.000000e+02, 3.550528e+02
1.000000e+02, 3.554213e+02
1.000000e+02, 3.557917e+02
1.000000e+02, 3.561641e+02
1.000000e+02, 3.565383e+02
1.000000e+02, 3.569146e+02
1.000000e+02, 3.572927e+02
1.000000e+02, 3.576729e+02
1.000000e+02, 3.580550e+02
1.000000e+02, 3.584391e+02
1.000000e+02, 3.588252e+02
1.000000e+02, 3.592133e+02
1.000000e+02, 3.596034e+02
1.000000e+02, 3.599956e+02
1.000000e+02, 3.897699e-01
1.000000e+02, 7.860245e-01
1.000000e+02, 1.184346e+00
1.000000e+02, 1.584746e+00
1.000000e+02, 1.987237e+00
1.000000e+02, 2.391832e+00
1.000000e+02, 2.798542e+00
1.000000e+02, 3.207381e+00
1.000000e+02, 3.618362e+00
1.000000e+02, 4.031498e+00
1.000000e+02, 4.446802e+00
1.000000e+02, 4.864287e+00
1.000000e+02, 5.283968e+00
1.000000e+02, 5.705857e+00
1.000000e+02, 6.129970e+00
1.000000e+02, 6.556320e+00
1.000000e+02, 6.984921e+00
1.000000e+02, 7.415788e+00
1.000000e+02, 7.848937e+00
1.000000e+02, 8.284381e+00
1.000000e+02, 8.722137e+00
1.000000e+02, 9.162220e+00
1.000000e+02, 9.604645e+00
1.000000e+02, 1.004943e+01
1.000000e+02, 1.049659e+01
1.000000e+02, 1.094613e+01
1.000000e+02, 1.139809e+01
1.000000e+02, 1.185247e+01
1.000000e+02, 1.230929e+01
1.000000e+02, 1.276857e+01
1.000000e+02, 1.323033e+01
1.000000e+02, 1.369458e+01
1.000000e+02, 1.416134e+01
1.000000e+02, 1.463063e+01
1.000000e+02, 1.510247e+01
1.000000e+02, 1.557689e+01
1.000000e+02, 1.605388e+01
1.000000e+02, 1.653349e+01
1.000000e+02, 1.701572e+01
1.000000e+02, 1.750060e+01
1.000000e+02, 1.798815e+01
1.000000e+02, 1.847839e+01
1.000000e+02, 1.897133e+01
1.000000e+02, 1.946701e+01
1.000000e+02, 1.996544e+01
1.000000e+02, 2.046665e+01
1.000000e+02, 2.097065e+01
1.000000e+02, 2.147748e+01
1.000000e+02, 2.198715e+01
1.000000e+02, 2.249969e+01
1.000000e+02, 2.301512e+01
1.000000e+02, 2.353346e+01
1.000000e+02, 2.405475e+01
1.000000e+02, 2.457901e+01
1.000000e+02, 2.510626e+01
1.000000e+02, 2.563653e+01
1.000000e+02, 2.616984e+01
1.000000e+02, 2.670623e+01
1.000000e+02, 2.724572e+01
1.000000e+02, 2.778834e+01
1.000000e+02, 2.833411e+01
1.000000e+02, 2.888308e+01
1.000000e+02, 2.943526e+01
1.000000e+02, 2.999069e+01
1.000000e+02, 3.054939e+01
1.000000e+02, 3.111141e+01
1.000000e+02, 3.167677e+01
1.000000e+02, 3.224550e+01
1.000000e+02, 3.281764e+01
1.000000e+02, 3.339323e+01
1.000000e+02, 3.397229e+01
1.000000e+02, 3.455486e+01
1.000000e+02, 3.514098e+01
1.000000e+02, 3.573068e+01
1.000000e+02, 3.632400e+01
1.000000e+02, 3.692099e+01
1.000000e+02, 3.752167e+01
1.000000e+02, 3.812610e+01
1.000000e+02, 3.873430e+01
1.000000e+02, 3.934632e+01
1.000000e+02, 3.996221e+01
1.000000e+02, 4.058200e+01
1.000000e+02, 4.120575e+01
1.000000e+02, 4.183349e+01
1.000000e+02, 4.246527e+01
1.000000e+02, 4.310114e+01
1.000000e+02, 4.374115e+01
1.000000e+02, 4.438535e+01
1.000000e+02, 4.503378e+01
1.000000e+02, 4.568650e+01
1.000000e+02, 4.634356e+01
1.000000e+02, 4.700502e+01
1.000000e+02, 4.767093e+01
1.000000e+02, 4.834134e+01
1.000000e+02, 4.901632e+01
1.000000e+02, 4.969592e+01
1.000000e+02, 5.038021e+01
1.000000e+02, 5.106924e+01
1.000000e+02, 5.176309e+01
1.000000e+02, 5.246181e+01
1.000000e+02, 5.316548e+01
1.000000e+02, 5.387415e+01
1.000000e+02, 5.458791e+01
1.000000e+02, 5.530682e+01
1.000000e+02, 5.603096e+01
1.000000e+02, 5.676041e+01
1.000000e+02, 5.749524e+01
1.000000e+02, 5.823554e+01
1.000000e+02, 5.898138e+01
1.000000e+02, 5.973286e+01
1.000000e+02, 6.049005e+01
1.000000e+02, 6.125305e+01
1.000000e+02, 6.202196e+01
1.000000e+02, 6.279686e+01
1.000000e+02, 6.357786e+01
1.000000e+02, 6.436505e+01
1.000000e+02, 6.515855e+01
1.000000e+02, 6.595845e+01
1.000000e+02, 6.676488e+01
1.000000e+02, 6.757793e+01
1.000000e+02, 6.839774e+01
1.000000e+02, 6.922442e+01
1.000000e+02, 7.005810e+01
1.000000e+02, 7.089890e+01
1.000000e+02, 7.174697e+01
1.000000e+02, 7.260244e+01
1.000000e+02, 7.346546e+01
1.000000e+02, 7.433616e+01
1.000000e+02, 7.521472e+01
1.000000e+02, 7.610129e+01
1.000000e+02, 7.699602e+01
1.000000e+02, 7.789911e+01
1.000000e+02, 7.881071e+01
1.000000e+02, 7.973103e+01
1.000000e+02, 8.066024e+01
1.000000e+02, 8.159856e+01
1.000000e+02, 8.254618e+01
1.000000e+02, 8.350333e+01
1.000000e+02, 8.447023e+01
1.000000e+02, 8.544712e+01
1.000000e+02, 8.643424e+01
1.000000e+02, 8.743185e+01
1.000000e+02, 8.844021e+01
1.000000e+02, 8.945961e+01
1.000000e+02, 9.049035e+01
1.000000e+02, 9.153271e+01
1.000000e+02, 9.258704e+01
1.000000e+02, 9.365366e+01
1.000000e+02, 9.473293e+01
1.000000e+02, 9.582523e+01
1.000000e+02, 9.693094e+01
1.000000e+02, 9.805048e+01
1.000000e+02, 9.918429e+01
1.000000e+02, 1.003328e+02
1.000000e+02, 1.014966e+02
1.000000e+02, 1.026761e+02
1.000000e+02, 1.038718e+02
1.000000e+02, 1.050844e+02
1.000000e+02, 1.063145e+02
1.000000e+02, 1.075627e+02
1.000000e+02, 1.088298e+02
1.000000e+02, 1.101165e+02
1.000000e+02, 1.114235e+02
1.000000e+02, 1.127518e+02
1.000000e+02, 1.141022e+02
1.000000e+02, 1.154758e+02
1.000000e+02, 1.168737e+02
1.000000e+02, 1.182970e+02
1.000000e+02, 1.197469e+02
1.000000e+02, 1.212249e+02
1.000000e+02, 1.227324e+02
1.000000e+02, 1.242712e+02
1.000000e+02, 1.258429e+02
1.000000e+02, 1.274496e+02
1.000000e+02, 1.290935e+02
1.000000e+02, 1.307770e+02
1.000000e+02, 1.325030e+02
1.000000e+02, 1.342743e+02
1.000000e+02, 1.360946e+02
1.000000e+02, 1.379678e+02
1.000000e+02, 1.398984e+02
1.000000e+02, 1.418916e+02
1.000000e+02, 1.439536e+02
1.000000e+02, 1.460913e+02
1.000000e+02, 1.483135e+02
1.000000e+02, 1.506302e+02
1.000000e+02, 1.530540e+02
1.000000e+02, 1.556006e+02
1.000000e+02, 1.582897e+02
1.000000e+02, 1.611474e+02
1.000000e+02, 1.642086e+02
1.000000e+02, 1.675229e+02
1.000000e+02, 1.711637e+02
1.000000e+02, 1.752502e+02
1.000000e+02, 1.800000e+02
##END= 