##TITLE= /opt/topspin3.0/exp/stan/nmr/lists/wave/user/HypSec_trunc2.84_110
##JCAMP-DX= 5.00 Bruker JCAMP library
##DATA TYPE= Shape Data
##ORIGIN= Bruker BioSpin GmbH
##OWNER= <nmrsu>
##DATE= 15/02/24
##TIME= 16:15:04
##MINX= 1.164538e+01
##MAXX= 9.999960e+01
##MINY= 2.546774e-02
##MAXY= 3.585574e+02
##$SHAPE_EXMODE= Adiabatic
##$SHAPE_TOTROT= 1.800000e+02
##$SHAPE_BWFAC= 1.929340e+02
##$SHAPE_INTEGFAC= 2.356110e-02
##$SHAPE_MODE= 0
##NPOINTS= 1000
##XYPOINTS= (XY..XY)
1.000000e+02, 1.800000e+02
1.000000e+02, 1.762134e+02
1.000000e+02, 1.729557e+02
1.000000e+02, 1.700532e+02
1.000000e+02, 1.674111e+02
1.000000e+02, 1.649706e+02
1.000000e+02, 1.626925e+02
1.000000e+02, 1.605487e+02
1.000000e+02, 1.585186e+02
1.000000e+02, 1.565863e+02
1.000000e+02, 1.547394e+02
1.000000e+02, 1.529679e+02
1.000000e+02, 1.512637e+02
1.000000e+02, 1.496199e+02
1.000000e+02, 1.480309e+02
1.000000e+02, 1.464918e+02
1.000000e+02, 1.449985e+02
1.000000e+02, 1.435474e+02
1.000000e+02, 1.421352e+02
1.000000e+02, 1.407593e+02
1.000000e+02, 1.394172e+02
1.000000e+02, 1.381067e+02
1.000000e+02, 1.368258e+02
1.000000e+02, 1.355728e+02
1.000000e+02, 1.343461e+02
1.000000e+02, 1.331443e+02
1.000000e+02, 1.319661e+02
1.000000e+02, 1.308102e+02
1.000000e+02, 1.296755e+02
1.000000e+02, 1.285611e+02
1.000000e+02, 1.274661e+02
1.000000e+02, 1.263895e+02
1.000000e+02, 1.253306e+02
1.000000e+02, 1.242886e+02
1.000000e+02, 1.232629e+02
1.000000e+02, 1.222528e+02
1.000000e+02, 1.212577e+02
1.000000e+02, 1.202771e+02
1.000000e+02, 1.193104e+02
1.000000e+02, 1.183571e+02
1.000000e+02, 1.174168e+02
1.000000e+02, 1.164891e+02
1.000000e+02, 1.155735e+02
1.000000e+02, 1.146696e+02
1.000000e+02, 1.137771e+02
1.000000e+02, 1.128956e+02
1.000000e+02, 1.120249e+02
1.000000e+02, 1.111645e+02
1.000000e+02, 1.103141e+02
1.000000e+02, 1.094736e+02
1.000000e+02, 1.086427e+02
1.000000e+02, 1.078209e+02
1.000000e+02, 1.070083e+02
1.000000e+02, 1.062044e+02
1.000000e+02, 1.054091e+02
1.000000e+02, 1.046222e+02
1.000000e+02, 1.038434e+02
1.000000e+02, 1.030726e+02
1.000000e+02, 1.023095e+02
1.000000e+02, 1.015541e+02
1.000000e+02, 1.008061e+02
1.000000e+02, 1.000653e+02
1.000000e+02, 9.933161e+01
1.000000e+02, 9.860488e+01
1.000000e+02, 9.788494e+01
1.000000e+02, 9.717165e+01
1.000000e+02, 9.646488e+01
1.000000e+02, 9.576449e+01
1.000000e+02, 9.507036e+01
1.000000e+02, 9.438236e+01
1.000000e+02, 9.370038e+01
1.000000e+02, 9.302430e+01
1.000000e+02, 9.235400e+01
1.000000e+02, 9.168939e+01
1.000000e+02, 9.103036e+01
1.000000e+02, 9.037681e+01
1.000000e+02, 8.972864e+01
1.000000e+02, 8.908576e+01
1.000000e+02, 8.844807e+01
1.000000e+02, 8.781550e+01
1.000000e+02, 8.718794e+01
1.000000e+02, 8.656533e+01
1.000000e+02, 8.594757e+01
1.000000e+02, 8.533460e+01
1.000000e+02, 8.472633e+01
1.000000e+02, 8.412269e+01
1.000000e+02, 8.352362e+01
1.000000e+02, 8.292903e+01
1.000000e+02, 8.233886e+01
1.000000e+02, 8.175305e+01
1.000000e+02, 8.117154e+01
1.000000e+02, 8.059425e+01
1.000000e+02, 8.002113e+01
1.000000e+02, 7.945212e+01
1.000000e+02, 7.888716e+01
1.000000e+02, 7.832620e+01
1.000000e+02, 7.776917e+01
1.000000e+02, 7.721604e+01
1.000000e+02, 7.666674e+01
1.000000e+02, 7.612122e+01
1.000000e+02, 7.557944e+01
1.000000e+02, 7.504135e+01
1.000000e+02, 7.450689e+01
1.000000e+02, 7.397603e+01
1.000000e+02, 7.344871e+01
1.000000e+02, 7.292490e+01
1.000000e+02, 7.240455e+01
1.000000e+02, 7.188762e+01
1.000000e+02, 7.137406e+01
1.000000e+02, 7.086385e+01
1.000000e+02, 7.035693e+01
1.000000e+02, 6.985327e+01
1.000000e+02, 6.935283e+01
1.000000e+02, 6.885558e+01
1.000000e+02, 6.836148e+01
1.000000e+02, 6.787049e+01
1.000000e+02, 6.738259e+01
1.000000e+02, 6.689773e+01
1.000000e+02, 6.641588e+01
1.000000e+02, 6.593701e+01
1.000000e+02, 6.546109e+01
1.000000e+02, 6.498809e+01
1.000000e+02, 6.451798e+01
1.000000e+02, 6.405072e+01
1.000000e+02, 6.358630e+01
1.000000e+02, 6.312467e+01
1.000000e+02, 6.266581e+01
1.000000e+02, 6.220970e+01
1.000000e+02, 6.175630e+01
1.000000e+02, 6.130560e+01
1.000000e+02, 6.085756e+01
1.000000e+02, 6.041216e+01
1.000000e+02, 5.996937e+01
1.000000e+02, 5.952917e+01
1.000000e+02, 5.909153e+01
1.000000e+02, 5.865644e+01
1.000000e+02, 5.822386e+01
1.000000e+02, 5.779378e+01
1.000000e+02, 5.736617e+01
1.000000e+02, 5.694101e+01
1.000000e+02, 5.651827e+01
1.000000e+02, 5.609795e+01
1.000000e+02, 5.568001e+01
1.000000e+02, 5.526444e+01
1.000000e+02, 5.485121e+01
1.000000e+02, 5.444031e+01
1.000000e+02, 5.403171e+01
1.000000e+02, 5.362540e+01
1.000000e+02, 5.322136e+01
1.000000e+02, 5.281956e+01
1.000000e+02, 5.242000e+01
1.000000e+02, 5.202265e+01
1.000000e+02, 5.162749e+01
1.000000e+02, 5.123452e+01
1.000000e+02, 5.084370e+01
1.000000e+02, 5.045502e+01
1.000000e+02, 5.006848e+01
1.000000e+02, 4.968404e+01
1.000000e+02, 4.930170e+01
1.000000e+02, 4.892143e+01
1.000000e+02, 4.854323e+01
1.000000e+02, 4.816708e+01
1.000000e+02, 4.779295e+01
1.000000e+02, 4.742085e+01
1.000000e+02, 4.705075e+01
1.000000e+02, 4.668264e+01
1.000000e+02, 4.631650e+01
1.000000e+02, 4.595232e+01
1.000000e+02, 4.559008e+01
1.000000e+02, 4.522978e+01
1.000000e+02, 4.487140e+01
1.000000e+02, 4.451493e+01
1.000000e+02, 4.416034e+01
1.000000e+02, 4.380764e+01
1.000000e+02, 4.345681e+01
1.000000e+02, 4.310783e+01
1.000000e+02, 4.276069e+01
1.000000e+02, 4.241538e+01
1.000000e+02, 4.207189e+01
1.000000e+02, 4.173021e+01
1.000000e+02, 4.139032e+01
1.000000e+02, 4.105222e+01
1.000000e+02, 4.071589e+01
1.000000e+02, 4.038132e+01
1.000000e+02, 4.004850e+01
1.000000e+02, 3.971742e+01
1.000000e+02, 3.938806e+01
1.000000e+02, 3.906043e+01
1.000000e+02, 3.873450e+01
1.000000e+02, 3.841027e+01
1.000000e+02, 3.808773e+01
1.000000e+02, 3.776686e+01
1.000000e+02, 3.744766e+01
1.000000e+02, 3.713012e+01
1.000000e+02, 3.681422e+01
1.000000e+02, 3.649996e+01
1.000000e+02, 3.618733e+01
1.000000e+02, 3.587633e+01
1.000000e+02, 3.556693e+01
1.000000e+02, 3.525913e+01
1.000000e+02, 3.495292e+01
1.000000e+02, 3.464830e+01
1.000000e+02, 3.434525e+01
1.000000e+02, 3.404377e+01
1.000000e+02, 3.374385e+01
1.000000e+02, 3.344547e+01
1.000000e+02, 3.314864e+01
1.000000e+02, 3.285333e+01
1.000000e+02, 3.255956e+01
1.000000e+02, 3.226730e+01
1.000000e+02, 3.197655e+01
1.000000e+02, 3.168730e+01
1.000000e+02, 3.139954e+01
1.000000e+02, 3.111327e+01
1.000000e+02, 3.082847e+01
1.000000e+02, 3.054515e+01
1.000000e+02, 3.026329e+01
1.000000e+02, 2.998289e+01
1.000000e+02, 2.970393e+01
1.000000e+02, 2.942642e+01
1.000000e+02, 2.915034e+01
1.000000e+02, 2.887569e+01
1.000000e+02, 2.860246e+01
1.000000e+02, 2.833064e+01
1.000000e+02, 2.806024e+01
1.000000e+02, 2.779123e+01
1.000000e+02, 2.752362e+01
1.000000e+02, 2.725739e+01
1.000000e+02, 2.699255e+01
1.000000e+02, 2.672908e+01
1.000000e+02, 2.646698e+01
1.000000e+02, 2.620625e+01
1.000000e+02, 2.594687e+01
1.000000e+02, 2.568884e+01
1.000000e+02, 2.543216e+01
1.000000e+02, 2.517681e+01
1.000000e+02, 2.492280e+01
1.000000e+02, 2.467011e+01
1.000000e+02, 2.441875e+01
1.000000e+02, 2.416870e+01
1.000000e+02, 2.391996e+01
1.000000e+02, 2.367253e+01
1.000000e+02, 2.342640e+01
1.000000e+02, 2.318156e+01
1.000000e+02, 2.293801e+01
1.000000e+02, 2.269574e+01
1.000000e+02, 2.245475e+01
1.000000e+02, 2.221503e+01
1.000000e+02, 2.197658e+01
1.000000e+02, 2.173939e+01
1.000000e+02, 2.150346e+01
1.000000e+02, 2.126878e+01
1.000000e+02, 2.103535e+01
1.000000e+02, 2.080316e+01
1.000000e+02, 2.057222e+01
1.000000e+02, 2.034250e+01
1.000000e+02, 2.011401e+01
1.000000e+02, 1.988675e+01
1.000000e+02, 1.966070e+01
1.000000e+02, 1.943587e+01
1.000000e+02, 1.921225e+01
1.000000e+02, 1.898984e+01
1.000000e+02, 1.876862e+01
1.000000e+02, 1.854861e+01
1.000000e+02, 1.832978e+01
1.000000e+02, 1.811214e+01
1.000000e+02, 1.789569e+01
1.000000e+02, 1.768042e+01
1.000000e+02, 1.746632e+01
1.000000e+02, 1.725340e+01
1.000000e+02, 1.704164e+01
1.000000e+02, 1.683104e+01
1.000000e+02, 1.662161e+01
1.000000e+02, 1.641333e+01
1.000000e+02, 1.620620e+01
1.000000e+02, 1.600022e+01
1.000000e+02, 1.579538e+01
1.000000e+02, 1.559168e+01
1.000000e+02, 1.538912e+01
1.000000e+02, 1.518769e+01
1.000000e+02, 1.498739e+01
1.000000e+02, 1.478822e+01
1.000000e+02, 1.459016e+01
1.000000e+02, 1.439323e+01
1.000000e+02, 1.419741e+01
1.000000e+02, 1.400270e+01
1.000000e+02, 1.380909e+01
1.000000e+02, 1.361659e+01
1.000000e+02, 1.342519e+01
1.000000e+02, 1.323489e+01
1.000000e+02, 1.304568e+01
1.000000e+02, 1.285757e+01
1.000000e+02, 1.267053e+01
1.000000e+02, 1.248459e+01
1.000000e+02, 1.229972e+01
1.000000e+02, 1.211593e+01
1.000000e+02, 1.193322e+01
1.000000e+02, 1.175158e+01
1.000000e+02, 1.157100e+01
1.000000e+02, 1.139149e+01
1.000000e+02, 1.121305e+01
1.000000e+02, 1.103566e+01
1.000000e+02, 1.085933e+01
1.000000e+02, 1.068405e+01
1.000000e+02, 1.050982e+01
1.000000e+02, 1.033664e+01
1.000000e+02, 1.016450e+01
1.000000e+02, 9.993407e+00
1.000000e+02, 9.823351e+00
1.000000e+02, 9.654331e+00
1.000000e+02, 9.486344e+00
1.000000e+02, 9.319388e+00
1.000000e+02, 9.153460e+00
1.000000e+02, 8.988557e+00
1.000000e+02, 8.824677e+00
1.000000e+02, 8.661816e+00
1.000000e+02, 8.499973e+00
1.000000e+02, 8.339145e+00
1.000000e+02, 8.179330e+00
1.000000e+02, 8.020524e+00
1.000000e+02, 7.862725e+00
1.000000e+02, 7.705931e+00
1.000000e+02, 7.550139e+00
1.000000e+02, 7.395347e+00
1.000000e+02, 7.241553e+00
1.000000e+02, 7.088754e+00
1.000000e+02, 6.936947e+00
1.000000e+02, 6.786131e+00
1.000000e+02, 6.636303e+00
1.000000e+02, 6.487461e+00
1.000000e+02, 6.339603e+00
1.000000e+02, 6.192725e+00
1.000000e+02, 6.046827e+00
1.000000e+02, 5.901906e+00
1.000000e+02, 5.757959e+00
1.000000e+02, 5.614985e+00
1.000000e+02, 5.472982e+00
1.000000e+02, 5.331946e+00
1.000000e+02, 5.191877e+00
1.000000e+02, 5.052772e+00
1.000000e+02, 4.914629e+00
1.000000e+02, 4.777446e+00
1.000000e+02, 4.641221e+00
1.000000e+02, 4.505952e+00
1.000000e+02, 4.371637e+00
1.000000e+02, 4.238274e+00
1.000000e+02, 4.105861e+00
1.000000e+02, 3.974396e+00
1.000000e+02, 3.843878e+00
1.000000e+02, 3.714304e+00
1.000000e+02, 3.585673e+00
1.000000e+02, 3.457982e+00
1.000000e+02, 3.331230e+00
1.000000e+02, 3.205415e+00
1.000000e+02, 3.080536e+00
1.000000e+02, 2.956590e+00
1.000000e+02, 2.833575e+00
1.000000e+02, 2.711491e+00
1.000000e+02, 2.590335e+00
1.000000e+02, 2.470106e+00
1.000000e+02, 2.350801e+00
1.000000e+02, 2.232420e+00
1.000000e+02, 2.114960e+00
1.000000e+02, 1.998420e+00
1.000000e+02, 1.882799e+00
1.000000e+02, 1.768094e+00
1.000000e+02, 1.654304e+00
1.000000e+02, 1.541428e+00
1.000000e+02, 1.429464e+00
1.000000e+02, 1.318410e+00
1.000000e+02, 1.208265e+00
1.000000e+02, 1.099028e+00
1.000000e+02, 9.906963e-01
1.000000e+02, 8.832693e-01
1.000000e+02, 7.767453e-01
1.000000e+02, 6.711229e-01
1.000000e+02, 5.664005e-01
1.000000e+02, 4.625769e-01
1.000000e+02, 3.596506e-01
1.000000e+02, 2.576203e-01
1.000000e+02, 1.564845e-01
1.000000e+02, 5.624187e-02
1.000000e+02, 3.599569e+02
1.000000e+02, 3.598584e+02
1.000000e+02, 3.597609e+02
1.000000e+02, 3.596642e+02
1.000000e+02, 3.595684e+02
1.000000e+02, 3.594735e+02
1.000000e+02, 3.593794e+02
1.000000e+02, 3.592863e+02
1.000000e+02, 3.591940e+02
1.000000e+02, 3.591027e+02
1.000000e+02, 3.590122e+02
1.000000e+02, 3.589225e+02
1.000000e+02, 3.588338e+02
1.000000e+02, 3.587459e+02
1.000000e+02, 3.586589e+02
1.000000e+02, 3.585728e+02
1.000000e+02, 3.584875e+02
1.000000e+02, 3.584032e+02
1.000000e+02, 3.583196e+02
1.000000e+02, 3.582370e+02
1.000000e+02, 3.581552e+02
1.000000e+02, 3.580743e+02
1.000000e+02, 3.579943e+02
1.000000e+02, 3.579151e+02
1.000000e+02, 3.578368e+02
1.000000e+02, 3.577593e+02
1.000000e+02, 3.576828e+02
1.000000e+02, 3.576070e+02
1.000000e+02, 3.575322e+02
1.000000e+02, 3.574582e+02
1.000000e+02, 3.573850e+02
1.000000e+02, 3.573127e+02
1.000000e+02, 3.572413e+02
1.000000e+02, 3.571707e+02
1.000000e+02, 3.571010e+02
1.000000e+02, 3.570321e+02
1.000000e+02, 3.569641e+02
1.000000e+02, 3.568969e+02
1.000000e+02, 3.568306e+02
1.000000e+02, 3.567651e+02
1.000000e+02, 3.567005e+02
1.000000e+02, 3.566368e+02
1.000000e+02, 3.565738e+02
1.000000e+02, 3.565118e+02
1.000000e+02, 3.564505e+02
1.000000e+02, 3.563901e+02
1.000000e+02, 3.563306e+02
1.000000e+02, 3.562719e+02
1.000000e+02, 3.562141e+02
1.000000e+02, 3.561571e+02
1.000000e+02, 3.561009e+02
1.000000e+02, 3.560456e+02
1.000000e+02, 3.559911e+02
1.000000e+02, 3.559374e+02
1.000000e+02, 3.558846e+02
1.000000e+02, 3.558327e+02
1.000000e+02, 3.557815e+02
1.000000e+02, 3.557312e+02
1.000000e+02, 3.556818e+02
1.000000e+02, 3.556332e+02
1.000000e+02, 3.555854e+02
1.000000e+02, 3.555384e+02
1.000000e+02, 3.554923e+02
1.000000e+02, 3.554470e+02
1.000000e+02, 3.554026e+02
1.000000e+02, 3.553590e+02
1.000000e+02, 3.553162e+02
1.000000e+02, 3.552742e+02
1.000000e+02, 3.552331e+02
1.000000e+02, 3.551928e+02
1.000000e+02, 3.551533e+02
1.000000e+02, 3.551147e+02
1.000000e+02, 3.550769e+02
1.000000e+02, 3.550399e+02
1.000000e+02, 3.550038e+02
1.000000e+02, 3.549685e+02
1.000000e+02, 3.549340e+02
1.000000e+02, 3.549003e+02
1.000000e+02, 3.548675e+02
1.000000e+02, 3.548355e+02
1.000000e+02, 3.548043e+02
1.000000e+02, 3.547739e+02
1.000000e+02, 3.547444e+02
1.000000e+02, 3.547157e+02
1.000000e+02, 3.546878e+02
1.000000e+02, 3.546607e+02
1.000000e+02, 3.546345e+02
1.000000e+02, 3.546090e+02
1.000000e+02, 3.545845e+02
1.000000e+02, 3.545607e+02
1.000000e+02, 3.545377e+02
1.000000e+02, 3.545156e+02
1.000000e+02, 3.544943e+02
1.000000e+02, 3.544738e+02
1.000000e+02, 3.544541e+02
1.000000e+02, 3.544353e+02
1.000000e+02, 3.544173e+02
1.000000e+02, 3.544001e+02
1.000000e+02, 3.543837e+02
1.000000e+02, 3.543681e+02
1.000000e+02, 3.543534e+02
1.000000e+02, 3.543395e+02
1.000000e+02, 3.543264e+02
1.000000e+02, 3.543141e+02
1.000000e+02, 3.543026e+02
1.000000e+02, 3.542920e+02
1.000000e+02, 3.542822e+02
1.000000e+02, 3.542732e+02
1.000000e+02, 3.542650e+02
1.000000e+02, 3.542576e+02
1.000000e+02, 3.542511e+02
1.000000e+02, 3.542453e+02
1.000000e+02, 3.542404e+02
1.000000e+02, 3.542363e+02
1.000000e+02, 3.542331e+02
1.000000e+02, 3.542306e+02
1.000000e+02, 3.542290e+02
1.000000e+02, 3.542282e+02
1.000000e+02, 3.542282e+02
1.000000e+02, 3.542290e+02
1.000000e+02, 3.542306e+02
1.000000e+02, 3.542331e+02
1.000000e+02, 3.542363e+02
1.000000e+02, 3.542404e+02
1.000000e+02, 3.542453e+02
1.000000e+02, 3.542511e+02
1.000000e+02, 3.542576e+02
1.000000e+02, 3.542650e+02
1.000000e+02, 3.542732e+02
1.000000e+02, 3.542822e+02
1.000000e+02, 3.542920e+02
1.000000e+02, 3.543026e+02
1.000000e+02, 3.543141e+02
1.000000e+02, 3.543264e+02
1.000000e+02, 3.543395e+02
1.000000e+02, 3.543534e+02
1.000000e+02, 3.543681e+02
1.000000e+02, 3.543837e+02
1.000000e+02, 3.544001e+02
1.000000e+02, 3.544173e+02
1.000000e+02, 3.544353e+02
1.000000e+02, 3.544541e+02
1.000000e+02, 3.544738e+02
1.000000e+02, 3.544943e+02
1.000000e+02, 3.545156e+02
1.000000e+02, 3.545377e+02
1.000000e+02, 3.545607e+02
1.000000e+02, 3.545845e+02
1.000000e+02, 3.546090e+02
1.000000e+02, 3.546345e+02
1.000000e+02, 3.546607e+02
1.000000e+02, 3.546878e+02
1.000000e+02, 3.547157e+02
1.000000e+02, 3.547444e+02
1.000000e+02, 3.547739e+02
1.000000e+02, 3.548043e+02
1.000000e+02, 3.548355e+02
1.000000e+02, 3.548675e+02
1.000000e+02, 3.549003e+02
1.000000e+02, 3.549340e+02
1.000000e+02, 3.549685e+02
1.000000e+02, 3.550038e+02
1.000000e+02, 3.550399e+02
1.000000e+02, 3.550769e+02
1.000000e+02, 3.551147e+02
1.000000e+02, 3.551533e+02
1.000000e+02, 3.551928e+02
1.000000e+02, 3.552331e+02
1.000000e+02, 3.552742e+02
1.000000e+02, 3.553162e+02
1.000000e+02, 3.553590e+02
1.000000e+02, 3.554026e+02
1.000000e+02, 3.554470e+02
1.000000e+02, 3.554923e+02
1.000000e+02, 3.555384e+02
1.000000e+02, 3.555854e+02
1.000000e+02, 3.556332e+02
1.000000e+02, 3.556818e+02
1.000000e+02, 3.557312e+02
1.000000e+02, 3.557815e+02
1.000000e+02, 3.558327e+02
1.000000e+02, 3.558846e+02
1.000000e+02, 3.559374e+02
1.000000e+02, 3.559911e+02
1.000000e+02, 3.560456e+02
1.000000e+02, 3.561009e+02
1.000000e+02, 3.561571e+02
1.000000e+02, 3.562141e+02
1.000000e+02, 3.562719e+02
1.000000e+02, 3.563306e+02
1.000000e+02, 3.563901e+02
1.000000e+02, 3.564505e+02
1.000000e+02, 3.565118e+02
1.000000e+02, 3.565738e+02
1.000000e+02, 3.566368e+02
1.000000e+02, 3.567005e+02
1.000000e+02, 3.567651e+02
1.000000e+02, 3.568306e+02
1.000000e+02, 3.568969e+02
1.000000e+02, 3.569641e+02
1.000000e+02, 3.570321e+02
1.000000e+02, 3.571010e+02
1.000000e+02, 3.571707e+02
1.000000e+02, 3.572413e+02
1.000000e+02, 3.573127e+02
1.000000e+02, 3.573850e+02
1.000000e+02, 3.574582e+02
1.000000e+02, 3.575322e+02
1.000000e+02, 3.576070e+02
1.000000e+02, 3.576828e+02
1.000000e+02, 3.577593e+02
1.000000e+02, 3.578368e+02
1.000000e+02, 3.579151e+02
1.000000e+02, 3.579943e+02
1.000000e+02, 3.580743e+02
1.000000e+02, 3.581552e+02
1.000000e+02, 3.582370e+02
1.000000e+02, 3.583196e+02
1.000000e+02, 3.584032e+02
1.000000e+02, 3.584875e+02
1.000000e+02, 3.585728e+02
1.000000e+02, 3.586589e+02
1.000000e+02, 3.587459e+02
1.000000e+02, 3.588338e+02
1.000000e+02, 3.589225e+02
1.000000e+02, 3.590122e+02
1.000000e+02, 3.591027e+02
1.000000e+02, 3.591940e+02
1.000000e+02, 3.592863e+02
1.000000e+02, 3.593794e+02
1.000000e+02, 3.594735e+02
1.000000e+02, 3.595684e+02
1.000000e+02, 3.596642e+02
1.000000e+02, 3.597609e+02
1.000000e+02, 3.598584e+02
1.000000e+02, 3.599569e+02
1.000000e+02, 5.624235e-02
1.000000e+02, 1.564850e-01
1.000000e+02, 2.576208e-01
1.000000e+02, 3.596511e-01
1.000000e+02, 4.625774e-01
1.000000e+02, 5.664010e-01
1.000000e+02, 6.711234e-01
1.000000e+02, 7.767458e-01
1.000000e+02, 8.832698e-01
1.000000e+02, 9.906968e-01
1.000000e+02, 1.099028e+00
1.000000e+02, 1.208266e+00
1.000000e+02, 1.318410e+00
1.000000e+02, 1.429464e+00
1.000000e+02, 1.541428e+00
1.000000e+02, 1.654305e+00
1.000000e+02, 1.768094e+00
1.000000e+02, 1.882799e+00
1.000000e+02, 1.998421e+00
1.000000e+02, 2.114961e+00
1.000000e+02, 2.232420e+00
1.000000e+02, 2.350802e+00
1.000000e+02, 2.470106e+00
1.000000e+02, 2.590336e+00
1.000000e+02, 2.711492e+00
1.000000e+02, 2.833576e+00
1.000000e+02, 2.956590e+00
1.000000e+02, 3.080536e+00
1.000000e+02, 3.205416e+00
1.000000e+02, 3.331231e+00
1.000000e+02, 3.457982e+00
1.000000e+02, 3.585673e+00
1.000000e+02, 3.714305e+00
1.000000e+02, 3.843879e+00
1.000000e+02, 3.974397e+00
1.000000e+02, 4.105862e+00
1.000000e+02, 4.238274e+00
1.000000e+02, 4.371637e+00
1.000000e+02, 4.505952e+00
1.000000e+02, 4.641222e+00
1.000000e+02, 4.777447e+00
1.000000e+02, 4.914630e+00
1.000000e+02, 5.052773e+00
1.000000e+02, 5.191878e+00
1.000000e+02, 5.331947e+00
1.000000e+02, 5.472982e+00
1.000000e+02, 5.614986e+00
1.000000e+02, 5.757960e+00
1.000000e+02, 5.901907e+00
1.000000e+02, 6.046828e+00
1.000000e+02, 6.192726e+00
1.000000e+02, 6.339603e+00
1.000000e+02, 6.487462e+00
1.000000e+02, 6.636304e+00
1.000000e+02, 6.786132e+00
1.000000e+02, 6.936948e+00
1.000000e+02, 7.088754e+00
1.000000e+02, 7.241554e+00
1.000000e+02, 7.395348e+00
1.000000e+02, 7.550140e+00
1.000000e+02, 7.705931e+00
1.000000e+02, 7.862725e+00
1.000000e+02, 8.020524e+00
1.000000e+02, 8.179330e+00
1.000000e+02, 8.339146e+00
1.000000e+02, 8.499974e+00
1.000000e+02, 8.661817e+00
1.000000e+02, 8.824677e+00
1.000000e+02, 8.988558e+00
1.000000e+02, 9.153461e+00
1.000000e+02, 9.319389e+00
1.000000e+02, 9.486345e+00
1.000000e+02, 9.654331e+00
1.000000e+02, 9.823351e+00
1.000000e+02, 9.993407e+00
1.000000e+02, 1.016450e+01
1.000000e+02, 1.033664e+01
1.000000e+02, 1.050982e+01
1.000000e+02, 1.068405e+01
1.000000e+02, 1.085933e+01
1.000000e+02, 1.103566e+01
1.000000e+02, 1.121305e+01
1.000000e+02, 1.139149e+01
1.000000e+02, 1.157100e+01
1.000000e+02, 1.175158e+01
1.000000e+02, 1.193322e+01
1.000000e+02, 1.211594e+01
1.000000e+02, 1.229972e+01
1.000000e+02, 1.248459e+01
1.000000e+02, 1.267054e+01
1.000000e+02, 1.285757e+01
1.000000e+02, 1.304568e+01
1.000000e+02, 1.323489e+01
1.000000e+02, 1.342519e+01
1.000000e+02, 1.361659e+01
1.000000e+02, 1.380909e+01
1.000000e+02, 1.400270e+01
1.000000e+02, 1.419741e+01
1.000000e+02, 1.439323e+01
1.000000e+02, 1.459016e+01
1.000000e+02, 1.478822e+01
1.000000e+02, 1.498739e+01
1.000000e+02, 1.518769e+01
1.000000e+02, 1.538912e+01
1.000000e+02, 1.559168e+01
1.000000e+02, 1.579538e+01
1.000000e+02, 1.600022e+01
1.000000e+02, 1.620620e+01
1.000000e+02, 1.641333e+01
1.000000e+02, 1.662161e+01
1.000000e+02, 1.683105e+01
1.000000e+02, 1.704164e+01
1.000000e+02, 1.725340e+01
1.000000e+02, 1.746632e+01
1.000000e+02, 1.768042e+01
1.000000e+02, 1.789569e+01
1.000000e+02, 1.811215e+01
1.000000e+02, 1.832978e+01
1.000000e+02, 1.854861e+01
1.000000e+02, 1.876862e+01
1.000000e+02, 1.898984e+01
1.000000e+02, 1.921225e+01
1.000000e+02, 1.943587e+01
1.000000e+02, 1.966070e+01
1.000000e+02, 1.988675e+01
1.000000e+02, 2.011401e+01
1.000000e+02, 2.034250e+01
1.000000e+02, 2.057222e+01
1.000000e+02, 2.080317e+01
1.000000e+02, 2.103535e+01
1.000000e+02, 2.126878e+01
1.000000e+02, 2.150346e+01
1.000000e+02, 2.173939e+01
1.000000e+02, 2.197658e+01
1.000000e+02, 2.221503e+01
1.000000e+02, 2.245475e+01
1.000000e+02, 2.269574e+01
1.000000e+02, 2.293801e+01
1.000000e+02, 2.318156e+01
1.000000e+02, 2.342640e+01
1.000000e+02, 2.367253e+01
1.000000e+02, 2.391997e+01
1.000000e+02, 2.416870e+01
1.000000e+02, 2.441875e+01
1.000000e+02, 2.467011e+01
1.000000e+02, 2.492280e+01
1.000000e+02, 2.517681e+01
1.000000e+02, 2.543216e+01
1.000000e+02, 2.568884e+01
1.000000e+02, 2.594687e+01
1.000000e+02, 2.620625e+01
1.000000e+02, 2.646698e+01
1.000000e+02, 2.672908e+01
1.000000e+02, 2.699255e+01
1.000000e+02, 2.725739e+01
1.000000e+02, 2.752362e+01
1.000000e+02, 2.779123e+01
1.000000e+02, 2.806024e+01
1.000000e+02, 2.833065e+01
1.000000e+02, 2.860246e+01
1.000000e+02, 2.887569e+01
1.000000e+02, 2.915034e+01
1.000000e+02, 2.942642e+01
1.000000e+02, 2.970393e+01
1.000000e+02, 2.998289e+01
1.000000e+02, 3.026329e+01
1.000000e+02, 3.054515e+01
1.000000e+02, 3.082847e+01
1.000000e+02, 3.111327e+01
1.000000e+02, 3.139954e+01
1.000000e+02, 3.168730e+01
1.000000e+02, 3.197655e+01
1.000000e+02, 3.226730e+01
1.000000e+02, 3.255956e+01
1.000000e+02, 3.285334e+01
1.000000e+02, 3.314864e+01
1.000000e+02, 3.344547e+01
1.000000e+02, 3.374385e+01
1.000000e+02, 3.404377e+01
1.000000e+02, 3.434525e+01
1.000000e+02, 3.464830e+01
1.000000e+02, 3.495292e+01
1.000000e+02, 3.525913e+01
1.000000e+02, 3.556693e+01
1.000000e+02, 3.587633e+01
1.000000e+02, 3.618734e+01
1.000000e+02, 3.649996e+01
1.000000e+02, 3.681422e+01
1.000000e+02, 3.713012e+01
1.000000e+02, 3.744766e+01
1.000000e+02, 3.776686e+01
1.000000e+02, 3.808773e+01
1.000000e+02, 3.841027e+01
1.000000e+02, 3.873450e+01
1.000000e+02, 3.906043e+01
1.000000e+02, 3.938807e+01
1.000000e+02, 3.971742e+01
1.000000e+02, 4.004850e+01
1.000000e+02, 4.038132e+01
1.000000e+02, 4.071589e+01
1.000000e+02, 4.105222e+01
1.000000e+02, 4.139033e+01
1.000000e+02, 4.173021e+01
1.000000e+02, 4.207190e+01
1.000000e+02, 4.241538e+01
1.000000e+02, 4.276069e+01
1.000000e+02, 4.310783e+01
1.000000e+02, 4.345681e+01
1.000000e+02, 4.380764e+01
1.000000e+02, 4.416035e+01
1.000000e+02, 4.451493e+01
1.000000e+02, 4.487140e+01
1.000000e+02, 4.522978e+01
1.000000e+02, 4.559009e+01
1.000000e+02, 4.595232e+01
1.000000e+02, 4.631650e+01
1.000000e+02, 4.668264e+01
1.000000e+02, 4.705075e+01
1.000000e+02, 4.742085e+01
1.000000e+02, 4.779296e+01
1.000000e+02, 4.816708e+01
1.000000e+02, 4.854323e+01
1.000000e+02, 4.892143e+01
1.000000e+02, 4.930170e+01
1.000000e+02, 4.968404e+01
1.000000e+02, 5.006848e+01
1.000000e+02, 5.045503e+01
1.000000e+02, 5.084370e+01
1.000000e+02, 5.123452e+01
1.000000e+02, 5.162750e+01
1.000000e+02, 5.202265e+01
1.000000e+02, 5.242000e+01
1.000000e+02, 5.281957e+01
1.000000e+02, 5.322136e+01
1.000000e+02, 5.362540e+01
1.000000e+02, 5.403171e+01
1.000000e+02, 5.444031e+01
1.000000e+02, 5.485121e+01
1.000000e+02, 5.526444e+01
1.000000e+02, 5.568001e+01
1.000000e+02, 5.609795e+01
1.000000e+02, 5.651828e+01
1.000000e+02, 5.694101e+01
1.000000e+02, 5.736617e+01
1.000000e+02, 5.779378e+01
1.000000e+02, 5.822386e+01
1.000000e+02, 5.865644e+01
1.000000e+02, 5.909153e+01
1.000000e+02, 5.952917e+01
1.000000e+02, 5.996937e+01
1.000000e+02, 6.041216e+01
1.000000e+02, 6.085756e+01
1.000000e+02, 6.130560e+01
1.000000e+02, 6.175631e+01
1.000000e+02, 6.220970e+01
1.000000e+02, 6.266581e+01
1.000000e+02, 6.312467e+01
1.000000e+02, 6.358630e+01
1.000000e+02, 6.405073e+01
1.000000e+02, 6.451798e+01
1.000000e+02, 6.498809e+01
1.000000e+02, 6.546109e+01
1.000000e+02, 6.593701e+01
1.000000e+02, 6.641588e+01
1.000000e+02, 6.689773e+01
1.000000e+02, 6.738259e+01
1.000000e+02, 6.787050e+01
1.000000e+02, 6.836148e+01
1.000000e+02, 6.885558e+01
1.000000e+02, 6.935284e+01
1.000000e+02, 6.985327e+01
1.000000e+02, 7.035693e+01
1.000000e+02, 7.086385e+01
1.000000e+02, 7.137407e+01
1.000000e+02, 7.188762e+01
1.000000e+02, 7.240455e+01
1.000000e+02, 7.292490e+01
1.000000e+02, 7.344871e+01
1.000000e+02, 7.397603e+01
1.000000e+02, 7.450689e+01
1.000000e+02, 7.504135e+01
1.000000e+02, 7.557944e+01
1.000000e+02, 7.612123e+01
1.000000e+02, 7.666674e+01
1.000000e+02, 7.721604e+01
1.000000e+02, 7.776918e+01
1.000000e+02, 7.832620e+01
1.000000e+02, 7.888716e+01
1.000000e+02, 7.945212e+01
1.000000e+02, 8.002113e+01
1.000000e+02, 8.059425e+01
1.000000e+02, 8.117154e+01
1.000000e+02, 8.175306e+01
1.000000e+02, 8.233887e+01
1.000000e+02, 8.292903e+01
1.000000e+02, 8.352362e+01
1.000000e+02, 8.412270e+01
1.000000e+02, 8.472633e+01
1.000000e+02, 8.533460e+01
1.000000e+02, 8.594758e+01
1.000000e+02, 8.656533e+01
1.000000e+02, 8.718794e+01
1.000000e+02, 8.781550e+01
1.000000e+02, 8.844808e+01
1.000000e+02, 8.908576e+01
1.000000e+02, 8.972864e+01
1.000000e+02, 9.037681e+01
1.000000e+02, 9.103037e+01
1.000000e+02, 9.168940e+01
1.000000e+02, 9.235401e+01
1.000000e+02, 9.302430e+01
1.000000e+02, 9.370038e+01
1.000000e+02, 9.438236e+01
1.000000e+02, 9.507036e+01
1.000000e+02, 9.576449e+01
1.000000e+02, 9.646488e+01
1.000000e+02, 9.717165e+01
1.000000e+02, 9.788494e+01
1.000000e+02, 9.860488e+01
1.000000e+02, 9.933162e+01
1.000000e+02, 1.000653e+02
1.000000e+02, 1.008061e+02
1.000000e+02, 1.015541e+02
1.000000e+02, 1.023095e+02
1.000000e+02, 1.030726e+02
1.000000e+02, 1.038434e+02
1.000000e+02, 1.046222e+02
1.000000e+02, 1.054091e+02
1.000000e+02, 1.062044e+02
1.000000e+02, 1.070083e+02
1.000000e+02, 1.078210e+02
1.000000e+02, 1.086427e+02
1.000000e+02, 1.094736e+02
1.000000e+02, 1.103141e+02
1.000000e+02, 1.111645e+02
1.000000e+02, 1.120249e+02
1.000000e+02, 1.128956e+02
1.000000e+02, 1.137771e+02
1.000000e+02, 1.146696e+02
1.000000e+02, 1.155735e+02
1.000000e+02, 1.164891e+02
1.000000e+02, 1.174168e+02
1.000000e+02, 1.183571e+02
1.000000e+02, 1.193104e+02
1.000000e+02, 1.202771e+02
1.000000e+02, 1.212577e+02
1.000000e+02, 1.222528e+02
1.000000e+02, 1.232629e+02
1.000000e+02, 1.242886e+02
1.000000e+02, 1.253306e+02
1.000000e+02, 1.263895e+02
1.000000e+02, 1.274661e+02
1.000000e+02, 1.285612e+02
1.000000e+02, 1.296755e+02
1.000000e+02, 1.308102e+02
1.000000e+02, 1.319661e+02
1.000000e+02, 1.331443e+02
1.000000e+02, 1.343461e+02
1.000000e+02, 1.355728e+02
1.000000e+02, 1.368258e+02
1.000000e+02, 1.381067e+02
1.000000e+02, 1.394172e+02
1.000000e+02, 1.407593e+02
1.000000e+02, 1.421352e+02
1.000000e+02, 1.435474e+02
1.000000e+02, 1.449985e+02
1.000000e+02, 1.464918e+02
1.000000e+02, 1.480309e+02
1.000000e+02, 1.496199e+02
1.000000e+02, 1.512637e+02
1.000000e+02, 1.529679e+02
1.000000e+02, 1.547394e+02
1.000000e+02, 1.565863e+02
1.000000e+02, 1.585186e+02
1.000000e+02, 1.605487e+02
1.000000e+02, 1.626925e+02
1.000000e+02, 1.649706e+02
1.000000e+02, 1.674111e+02
1.000000e+02, 1.700532e+02
1.000000e+02, 1.729557e+02
1.000000e+02, 1.762134e+02
1.000000e+02, 1.800000e+02
##END= 