##TITLE= /opt/topspin3.0/exp/stan/nmr/lists/wave/user/HypSec_trunc2.84_110
##JCAMP-DX= 5.00 Bruker JCAMP library
##DATA TYPE= Shape Data
##ORIGIN= Bruker BioSpin GmbH
##OWNER= <nmrsu>
##DATE= 15/02/24
##TIME= 16:15:04
##MINX= 1.164538e+01
##MAXX= 9.999960e+01
##MINY= 2.546774e-02
##MAXY= 3.585574e+02
##$SHAPE_EXMODE= Adiabatic
##$SHAPE_TOTROT= 1.800000e+02
##$SHAPE_BWFAC= 1.929340e+02
##$SHAPE_INTEGFAC= 2.356110e-02
##$SHAPE_MODE= 0
##NPOINTS= 1000
##XYPOINTS= (XY..XY)
1.000000e+02, 1.800000e+02
1.000000e+02, 1.705668e+02
1.000000e+02, 1.624510e+02
1.000000e+02, 1.552203e+02
1.000000e+02, 1.486381e+02
1.000000e+02, 1.425584e+02
1.000000e+02, 1.368830e+02
1.000000e+02, 1.315424e+02
1.000000e+02, 1.264849e+02
1.000000e+02, 1.216711e+02
1.000000e+02, 1.170701e+02
1.000000e+02, 1.126569e+02
1.000000e+02, 1.084113e+02
1.000000e+02, 1.043163e+02
1.000000e+02, 1.003577e+02
1.000000e+02, 9.652350e+01
1.000000e+02, 9.280333e+01
1.000000e+02, 8.918818e+01
1.000000e+02, 8.567020e+01
1.000000e+02, 8.224251e+01
1.000000e+02, 7.889898e+01
1.000000e+02, 7.563417e+01
1.000000e+02, 7.244322e+01
1.000000e+02, 6.932176e+01
1.000000e+02, 6.626582e+01
1.000000e+02, 6.327183e+01
1.000000e+02, 6.033651e+01
1.000000e+02, 5.745690e+01
1.000000e+02, 5.463026e+01
1.000000e+02, 5.185409e+01
1.000000e+02, 4.912606e+01
1.000000e+02, 4.644405e+01
1.000000e+02, 4.380607e+01
1.000000e+02, 4.121029e+01
1.000000e+02, 3.865500e+01
1.000000e+02, 3.613860e+01
1.000000e+02, 3.365960e+01
1.000000e+02, 3.121662e+01
1.000000e+02, 2.880835e+01
1.000000e+02, 2.643356e+01
1.000000e+02, 2.409109e+01
1.000000e+02, 2.177987e+01
1.000000e+02, 1.949886e+01
1.000000e+02, 1.724710e+01
1.000000e+02, 1.502368e+01
1.000000e+02, 1.282772e+01
1.000000e+02, 1.065840e+01
1.000000e+02, 8.514952e+00
1.000000e+02, 6.396627e+00
1.000000e+02, 4.302723e+00
1.000000e+02, 2.232568e+00
1.000000e+02, 1.855233e-01
1.000000e+02, 3.581610e+02
1.000000e+02, 3.561584e+02
1.000000e+02, 3.541771e+02
1.000000e+02, 3.522167e+02
1.000000e+02, 3.502765e+02
1.000000e+02, 3.483563e+02
1.000000e+02, 3.464553e+02
1.000000e+02, 3.445734e+02
1.000000e+02, 3.427098e+02
1.000000e+02, 3.408644e+02
1.000000e+02, 3.390367e+02
1.000000e+02, 3.372262e+02
1.000000e+02, 3.354327e+02
1.000000e+02, 3.336557e+02
1.000000e+02, 3.318950e+02
1.000000e+02, 3.301501e+02
1.000000e+02, 3.284209e+02
1.000000e+02, 3.267069e+02
1.000000e+02, 3.250080e+02
1.000000e+02, 3.233237e+02
1.000000e+02, 3.216538e+02
1.000000e+02, 3.199981e+02
1.000000e+02, 3.183563e+02
1.000000e+02, 3.167282e+02
1.000000e+02, 3.151135e+02
1.000000e+02, 3.135119e+02
1.000000e+02, 3.119233e+02
1.000000e+02, 3.103474e+02
1.000000e+02, 3.087840e+02
1.000000e+02, 3.072329e+02
1.000000e+02, 3.056940e+02
1.000000e+02, 3.041669e+02
1.000000e+02, 3.026516e+02
1.000000e+02, 3.011478e+02
1.000000e+02, 2.996553e+02
1.000000e+02, 2.981741e+02
1.000000e+02, 2.967038e+02
1.000000e+02, 2.952445e+02
1.000000e+02, 2.937958e+02
1.000000e+02, 2.923576e+02
1.000000e+02, 2.909298e+02
1.000000e+02, 2.895123e+02
1.000000e+02, 2.881049e+02
1.000000e+02, 2.867074e+02
1.000000e+02, 2.853197e+02
1.000000e+02, 2.839417e+02
1.000000e+02, 2.825733e+02
1.000000e+02, 2.812143e+02
1.000000e+02, 2.798646e+02
1.000000e+02, 2.785241e+02
1.000000e+02, 2.771926e+02
1.000000e+02, 2.758701e+02
1.000000e+02, 2.745564e+02
1.000000e+02, 2.732515e+02
1.000000e+02, 2.719552e+02
1.000000e+02, 2.706674e+02
1.000000e+02, 2.693880e+02
1.000000e+02, 2.681170e+02
1.000000e+02, 2.668541e+02
1.000000e+02, 2.655994e+02
1.000000e+02, 2.643527e+02
1.000000e+02, 2.631139e+02
1.000000e+02, 2.618830e+02
1.000000e+02, 2.606598e+02
1.000000e+02, 2.594443e+02
1.000000e+02, 2.582364e+02
1.000000e+02, 2.570360e+02
1.000000e+02, 2.558431e+02
1.000000e+02, 2.546575e+02
1.000000e+02, 2.534791e+02
1.000000e+02, 2.523079e+02
1.000000e+02, 2.511439e+02
1.000000e+02, 2.499869e+02
1.000000e+02, 2.488369e+02
1.000000e+02, 2.476938e+02
1.000000e+02, 2.465575e+02
1.000000e+02, 2.454280e+02
1.000000e+02, 2.443052e+02
1.000000e+02, 2.431890e+02
1.000000e+02, 2.420794e+02
1.000000e+02, 2.409763e+02
1.000000e+02, 2.398797e+02
1.000000e+02, 2.387894e+02
1.000000e+02, 2.377055e+02
1.000000e+02, 2.366279e+02
1.000000e+02, 2.355564e+02
1.000000e+02, 2.344911e+02
1.000000e+02, 2.334320e+02
1.000000e+02, 2.323789e+02
1.000000e+02, 2.313317e+02
1.000000e+02, 2.302906e+02
1.000000e+02, 2.292553e+02
1.000000e+02, 2.282258e+02
1.000000e+02, 2.272022e+02
1.000000e+02, 2.261843e+02
1.000000e+02, 2.251720e+02
1.000000e+02, 2.241655e+02
1.000000e+02, 2.231645e+02
1.000000e+02, 2.221691e+02
1.000000e+02, 2.211792e+02
1.000000e+02, 2.201948e+02
1.000000e+02, 2.192158e+02
1.000000e+02, 2.182422e+02
1.000000e+02, 2.172739e+02
1.000000e+02, 2.163109e+02
1.000000e+02, 2.153532e+02
1.000000e+02, 2.144007e+02
1.000000e+02, 2.134534e+02
1.000000e+02, 2.125112e+02
1.000000e+02, 2.115741e+02
1.000000e+02, 2.106421e+02
1.000000e+02, 2.097151e+02
1.000000e+02, 2.087931e+02
1.000000e+02, 2.078760e+02
1.000000e+02, 2.069639e+02
1.000000e+02, 2.060566e+02
1.000000e+02, 2.051542e+02
1.000000e+02, 2.042567e+02
1.000000e+02, 2.033638e+02
1.000000e+02, 2.024758e+02
1.000000e+02, 2.015924e+02
1.000000e+02, 2.007138e+02
1.000000e+02, 1.998398e+02
1.000000e+02, 1.989704e+02
1.000000e+02, 1.981056e+02
1.000000e+02, 1.972453e+02
1.000000e+02, 1.963896e+02
1.000000e+02, 1.955384e+02
1.000000e+02, 1.946917e+02
1.000000e+02, 1.938494e+02
1.000000e+02, 1.930115e+02
1.000000e+02, 1.921780e+02
1.000000e+02, 1.913489e+02
1.000000e+02, 1.905241e+02
1.000000e+02, 1.897036e+02
1.000000e+02, 1.888874e+02
1.000000e+02, 1.880754e+02
1.000000e+02, 1.872677e+02
1.000000e+02, 1.864642e+02
1.000000e+02, 1.856648e+02
1.000000e+02, 1.848696e+02
1.000000e+02, 1.840785e+02
1.000000e+02, 1.832916e+02
1.000000e+02, 1.825087e+02
1.000000e+02, 1.817299e+02
1.000000e+02, 1.809551e+02
1.000000e+02, 1.801843e+02
1.000000e+02, 1.794175e+02
1.000000e+02, 1.786546e+02
1.000000e+02, 1.778958e+02
1.000000e+02, 1.771408e+02
1.000000e+02, 1.763897e+02
1.000000e+02, 1.756426e+02
1.000000e+02, 1.748992e+02
1.000000e+02, 1.741598e+02
1.000000e+02, 1.734241e+02
1.000000e+02, 1.726922e+02
1.000000e+02, 1.719641e+02
1.000000e+02, 1.712398e+02
1.000000e+02, 1.705192e+02
1.000000e+02, 1.698024e+02
1.000000e+02, 1.690892e+02
1.000000e+02, 1.683797e+02
1.000000e+02, 1.676739e+02
1.000000e+02, 1.669717e+02
1.000000e+02, 1.662732e+02
1.000000e+02, 1.655782e+02
1.000000e+02, 1.648869e+02
1.000000e+02, 1.641991e+02
1.000000e+02, 1.635149e+02
1.000000e+02, 1.628342e+02
1.000000e+02, 1.621570e+02
1.000000e+02, 1.614834e+02
1.000000e+02, 1.608132e+02
1.000000e+02, 1.601466e+02
1.000000e+02, 1.594833e+02
1.000000e+02, 1.588235e+02
1.000000e+02, 1.581672e+02
1.000000e+02, 1.575142e+02
1.000000e+02, 1.568647e+02
1.000000e+02, 1.562185e+02
1.000000e+02, 1.555757e+02
1.000000e+02, 1.549362e+02
1.000000e+02, 1.543001e+02
1.000000e+02, 1.536673e+02
1.000000e+02, 1.530378e+02
1.000000e+02, 1.524116e+02
1.000000e+02, 1.517887e+02
1.000000e+02, 1.511690e+02
1.000000e+02, 1.505526e+02
1.000000e+02, 1.499394e+02
1.000000e+02, 1.493295e+02
1.000000e+02, 1.487228e+02
1.000000e+02, 1.481192e+02
1.000000e+02, 1.475188e+02
1.000000e+02, 1.469217e+02
1.000000e+02, 1.463276e+02
1.000000e+02, 1.457367e+02
1.000000e+02, 1.451490e+02
1.000000e+02, 1.445643e+02
1.000000e+02, 1.439828e+02
1.000000e+02, 1.434044e+02
1.000000e+02, 1.428290e+02
1.000000e+02, 1.422568e+02
1.000000e+02, 1.416875e+02
1.000000e+02, 1.411214e+02
1.000000e+02, 1.405582e+02
1.000000e+02, 1.399981e+02
1.000000e+02, 1.394410e+02
1.000000e+02, 1.388870e+02
1.000000e+02, 1.383359e+02
1.000000e+02, 1.377878e+02
1.000000e+02, 1.372426e+02
1.000000e+02, 1.367004e+02
1.000000e+02, 1.361612e+02
1.000000e+02, 1.356249e+02
1.000000e+02, 1.350915e+02
1.000000e+02, 1.345611e+02
1.000000e+02, 1.340336e+02
1.000000e+02, 1.335089e+02
1.000000e+02, 1.329872e+02
1.000000e+02, 1.324683e+02
1.000000e+02, 1.319523e+02
1.000000e+02, 1.314391e+02
1.000000e+02, 1.309288e+02
1.000000e+02, 1.304214e+02
1.000000e+02, 1.299168e+02
1.000000e+02, 1.294150e+02
1.000000e+02, 1.289160e+02
1.000000e+02, 1.284198e+02
1.000000e+02, 1.279264e+02
1.000000e+02, 1.274358e+02
1.000000e+02, 1.269479e+02
1.000000e+02, 1.264629e+02
1.000000e+02, 1.259805e+02
1.000000e+02, 1.255010e+02
1.000000e+02, 1.250242e+02
1.000000e+02, 1.245501e+02
1.000000e+02, 1.240787e+02
1.000000e+02, 1.236101e+02
1.000000e+02, 1.231441e+02
1.000000e+02, 1.226809e+02
1.000000e+02, 1.222204e+02
1.000000e+02, 1.217625e+02
1.000000e+02, 1.213073e+02
1.000000e+02, 1.208548e+02
1.000000e+02, 1.204050e+02
1.000000e+02, 1.199578e+02
1.000000e+02, 1.195132e+02
1.000000e+02, 1.190713e+02
1.000000e+02, 1.186320e+02
1.000000e+02, 1.181953e+02
1.000000e+02, 1.177613e+02
1.000000e+02, 1.173299e+02
1.000000e+02, 1.169010e+02
1.000000e+02, 1.164748e+02
1.000000e+02, 1.160512e+02
1.000000e+02, 1.156301e+02
1.000000e+02, 1.152116e+02
1.000000e+02, 1.147957e+02
1.000000e+02, 1.143823e+02
1.000000e+02, 1.139715e+02
1.000000e+02, 1.135632e+02
1.000000e+02, 1.131575e+02
1.000000e+02, 1.127543e+02
1.000000e+02, 1.123537e+02
1.000000e+02, 1.119555e+02
1.000000e+02, 1.115599e+02
1.000000e+02, 1.111668e+02
1.000000e+02, 1.107762e+02
1.000000e+02, 1.103881e+02
1.000000e+02, 1.100024e+02
1.000000e+02, 1.096193e+02
1.000000e+02, 1.092386e+02
1.000000e+02, 1.088605e+02
1.000000e+02, 1.084847e+02
1.000000e+02, 1.081115e+02
1.000000e+02, 1.077407e+02
1.000000e+02, 1.073723e+02
1.000000e+02, 1.070064e+02
1.000000e+02, 1.066430e+02
1.000000e+02, 1.062819e+02
1.000000e+02, 1.059233e+02
1.000000e+02, 1.055672e+02
1.000000e+02, 1.052134e+02
1.000000e+02, 1.048620e+02
1.000000e+02, 1.045131e+02
1.000000e+02, 1.041666e+02
1.000000e+02, 1.038224e+02
1.000000e+02, 1.034807e+02
1.000000e+02, 1.031413e+02
1.000000e+02, 1.028043e+02
1.000000e+02, 1.024697e+02
1.000000e+02, 1.021375e+02
1.000000e+02, 1.018076e+02
1.000000e+02, 1.014801e+02
1.000000e+02, 1.011549e+02
1.000000e+02, 1.008321e+02
1.000000e+02, 1.005117e+02
1.000000e+02, 1.001936e+02
1.000000e+02, 9.987780e+01
1.000000e+02, 9.956437e+01
1.000000e+02, 9.925326e+01
1.000000e+02, 9.894449e+01
1.000000e+02, 9.863803e+01
1.000000e+02, 9.833389e+01
1.000000e+02, 9.803206e+01
1.000000e+02, 9.773254e+01
1.000000e+02, 9.743533e+01
1.000000e+02, 9.714041e+01
1.000000e+02, 9.684780e+01
1.000000e+02, 9.655747e+01
1.000000e+02, 9.626943e+01
1.000000e+02, 9.598367e+01
1.000000e+02, 9.570020e+01
1.000000e+02, 9.541900e+01
1.000000e+02, 9.514007e+01
1.000000e+02, 9.486341e+01
1.000000e+02, 9.458901e+01
1.000000e+02, 9.431688e+01
1.000000e+02, 9.404700e+01
1.000000e+02, 9.377937e+01
1.000000e+02, 9.351400e+01
1.000000e+02, 9.325087e+01
1.000000e+02, 9.298998e+01
1.000000e+02, 9.273133e+01
1.000000e+02, 9.247492e+01
1.000000e+02, 9.222074e+01
1.000000e+02, 9.196879e+01
1.000000e+02, 9.171906e+01
1.000000e+02, 9.147155e+01
1.000000e+02, 9.122627e+01
1.000000e+02, 9.098319e+01
1.000000e+02, 9.074234e+01
1.000000e+02, 9.050368e+01
1.000000e+02, 9.026724e+01
1.000000e+02, 9.003300e+01
1.000000e+02, 8.980095e+01
1.000000e+02, 8.957111e+01
1.000000e+02, 8.934345e+01
1.000000e+02, 8.911799e+01
1.000000e+02, 8.889472e+01
1.000000e+02, 8.867363e+01
1.000000e+02, 8.845472e+01
1.000000e+02, 8.823799e+01
1.000000e+02, 8.802343e+01
1.000000e+02, 8.781105e+01
1.000000e+02, 8.760084e+01
1.000000e+02, 8.739280e+01
1.000000e+02, 8.718692e+01
1.000000e+02, 8.698321e+01
1.000000e+02, 8.678165e+01
1.000000e+02, 8.658225e+01
1.000000e+02, 8.638501e+01
1.000000e+02, 8.618992e+01
1.000000e+02, 8.599697e+01
1.000000e+02, 8.580618e+01
1.000000e+02, 8.561753e+01
1.000000e+02, 8.543102e+01
1.000000e+02, 8.524665e+01
1.000000e+02, 8.506442e+01
1.000000e+02, 8.488433e+01
1.000000e+02, 8.470637e+01
1.000000e+02, 8.453054e+01
1.000000e+02, 8.435683e+01
1.000000e+02, 8.418526e+01
1.000000e+02, 8.401581e+01
1.000000e+02, 8.384848e+01
1.000000e+02, 8.368327e+01
1.000000e+02, 8.352017e+01
1.000000e+02, 8.335920e+01
1.000000e+02, 8.320034e+01
1.000000e+02, 8.304359e+01
1.000000e+02, 8.288894e+01
1.000000e+02, 8.273641e+01
1.000000e+02, 8.258599e+01
1.000000e+02, 8.243766e+01
1.000000e+02, 8.229144e+01
1.000000e+02, 8.214732e+01
1.000000e+02, 8.200530e+01
1.000000e+02, 8.186538e+01
1.000000e+02, 8.172755e+01
1.000000e+02, 8.159182e+01
1.000000e+02, 8.145818e+01
1.000000e+02, 8.132662e+01
1.000000e+02, 8.119716e+01
1.000000e+02, 8.106978e+01
1.000000e+02, 8.094449e+01
1.000000e+02, 8.082129e+01
1.000000e+02, 8.070016e+01
1.000000e+02, 8.058112e+01
1.000000e+02, 8.046415e+01
1.000000e+02, 8.034927e+01
1.000000e+02, 8.023646e+01
1.000000e+02, 8.012572e+01
1.000000e+02, 8.001706e+01
1.000000e+02, 7.991048e+01
1.000000e+02, 7.980596e+01
1.000000e+02, 7.970351e+01
1.000000e+02, 7.960314e+01
1.000000e+02, 7.950483e+01
1.000000e+02, 7.940858e+01
1.000000e+02, 7.931441e+01
1.000000e+02, 7.922229e+01
1.000000e+02, 7.913224e+01
1.000000e+02, 7.904425e+01
1.000000e+02, 7.895833e+01
1.000000e+02, 7.887446e+01
1.000000e+02, 7.879265e+01
1.000000e+02, 7.871290e+01
1.000000e+02, 7.863520e+01
1.000000e+02, 7.855956e+01
1.000000e+02, 7.848598e+01
1.000000e+02, 7.841445e+01
1.000000e+02, 7.834497e+01
1.000000e+02, 7.827755e+01
1.000000e+02, 7.821218e+01
1.000000e+02, 7.814886e+01
1.000000e+02, 7.808758e+01
1.000000e+02, 7.802836e+01
1.000000e+02, 7.797119e+01
1.000000e+02, 7.791606e+01
1.000000e+02, 7.786298e+01
1.000000e+02, 7.781195e+01
1.000000e+02, 7.776297e+01
1.000000e+02, 7.771603e+01
1.000000e+02, 7.767113e+01
1.000000e+02, 7.762828e+01
1.000000e+02, 7.758747e+01
1.000000e+02, 7.754871e+01
1.000000e+02, 7.751199e+01
1.000000e+02, 7.747731e+01
1.000000e+02, 7.744468e+01
1.000000e+02, 7.741408e+01
1.000000e+02, 7.738553e+01
1.000000e+02, 7.735902e+01
1.000000e+02, 7.733454e+01
1.000000e+02, 7.731211e+01
1.000000e+02, 7.729172e+01
1.000000e+02, 7.727337e+01
1.000000e+02, 7.725706e+01
1.000000e+02, 7.724278e+01
1.000000e+02, 7.723055e+01
1.000000e+02, 7.722036e+01
1.000000e+02, 7.721220e+01
1.000000e+02, 7.720609e+01
1.000000e+02, 7.720201e+01
1.000000e+02, 7.719997e+01
1.000000e+02, 7.719997e+01
1.000000e+02, 7.720201e+01
1.000000e+02, 7.720609e+01
1.000000e+02, 7.721220e+01
1.000000e+02, 7.722036e+01
1.000000e+02, 7.723055e+01
1.000000e+02, 7.724278e+01
1.000000e+02, 7.725706e+01
1.000000e+02, 7.727337e+01
1.000000e+02, 7.729172e+01
1.000000e+02, 7.731211e+01
1.000000e+02, 7.733454e+01
1.000000e+02, 7.735902e+01
1.000000e+02, 7.738553e+01
1.000000e+02, 7.741408e+01
1.000000e+02, 7.744468e+01
1.000000e+02, 7.747731e+01
1.000000e+02, 7.751199e+01
1.000000e+02, 7.754871e+01
1.000000e+02, 7.758747e+01
1.000000e+02, 7.762828e+01
1.000000e+02, 7.767113e+01
1.000000e+02, 7.771603e+01
1.000000e+02, 7.776297e+01
1.000000e+02, 7.781195e+01
1.000000e+02, 7.786298e+01
1.000000e+02, 7.791606e+01
1.000000e+02, 7.797119e+01
1.000000e+02, 7.802836e+01
1.000000e+02, 7.808758e+01
1.000000e+02, 7.814886e+01
1.000000e+02, 7.821218e+01
1.000000e+02, 7.827755e+01
1.000000e+02, 7.834497e+01
1.000000e+02, 7.841445e+01
1.000000e+02, 7.848598e+01
1.000000e+02, 7.855956e+01
1.000000e+02, 7.863520e+01
1.000000e+02, 7.871290e+01
1.000000e+02, 7.879265e+01
1.000000e+02, 7.887446e+01
1.000000e+02, 7.895833e+01
1.000000e+02, 7.904425e+01
1.000000e+02, 7.913224e+01
1.000000e+02, 7.922229e+01
1.000000e+02, 7.931441e+01
1.000000e+02, 7.940858e+01
1.000000e+02, 7.950483e+01
1.000000e+02, 7.960314e+01
1.000000e+02, 7.970351e+01
1.000000e+02, 7.980596e+01
1.000000e+02, 7.991048e+01
1.000000e+02, 8.001706e+01
1.000000e+02, 8.012572e+01
1.000000e+02, 8.023646e+01
1.000000e+02, 8.034927e+01
1.000000e+02, 8.046415e+01
1.000000e+02, 8.058112e+01
1.000000e+02, 8.070016e+01
1.000000e+02, 8.082129e+01
1.000000e+02, 8.094449e+01
1.000000e+02, 8.106978e+01
1.000000e+02, 8.119716e+01
1.000000e+02, 8.132662e+01
1.000000e+02, 8.145818e+01
1.000000e+02, 8.159182e+01
1.000000e+02, 8.172755e+01
1.000000e+02, 8.186538e+01
1.000000e+02, 8.200531e+01
1.000000e+02, 8.214733e+01
1.000000e+02, 8.229144e+01
1.000000e+02, 8.243766e+01
1.000000e+02, 8.258599e+01
1.000000e+02, 8.273641e+01
1.000000e+02, 8.288895e+01
1.000000e+02, 8.304359e+01
1.000000e+02, 8.320034e+01
1.000000e+02, 8.335920e+01
1.000000e+02, 8.352017e+01
1.000000e+02, 8.368327e+01
1.000000e+02, 8.384848e+01
1.000000e+02, 8.401581e+01
1.000000e+02, 8.418526e+01
1.000000e+02, 8.435683e+01
1.000000e+02, 8.453054e+01
1.000000e+02, 8.470637e+01
1.000000e+02, 8.488433e+01
1.000000e+02, 8.506442e+01
1.000000e+02, 8.524666e+01
1.000000e+02, 8.543102e+01
1.000000e+02, 8.561753e+01
1.000000e+02, 8.580618e+01
1.000000e+02, 8.599698e+01
1.000000e+02, 8.618992e+01
1.000000e+02, 8.638501e+01
1.000000e+02, 8.658225e+01
1.000000e+02, 8.678165e+01
1.000000e+02, 8.698321e+01
1.000000e+02, 8.718692e+01
1.000000e+02, 8.739280e+01
1.000000e+02, 8.760084e+01
1.000000e+02, 8.781105e+01
1.000000e+02, 8.802343e+01
1.000000e+02, 8.823799e+01
1.000000e+02, 8.845472e+01
1.000000e+02, 8.867363e+01
1.000000e+02, 8.889472e+01
1.000000e+02, 8.911799e+01
1.000000e+02, 8.934346e+01
1.000000e+02, 8.957111e+01
1.000000e+02, 8.980096e+01
1.000000e+02, 9.003300e+01
1.000000e+02, 9.026724e+01
1.000000e+02, 9.050369e+01
1.000000e+02, 9.074234e+01
1.000000e+02, 9.098320e+01
1.000000e+02, 9.122627e+01
1.000000e+02, 9.147155e+01
1.000000e+02, 9.171906e+01
1.000000e+02, 9.196879e+01
1.000000e+02, 9.222074e+01
1.000000e+02, 9.247492e+01
1.000000e+02, 9.273133e+01
1.000000e+02, 9.298998e+01
1.000000e+02, 9.325087e+01
1.000000e+02, 9.351400e+01
1.000000e+02, 9.377937e+01
1.000000e+02, 9.404700e+01
1.000000e+02, 9.431688e+01
1.000000e+02, 9.458901e+01
1.000000e+02, 9.486341e+01
1.000000e+02, 9.514007e+01
1.000000e+02, 9.541900e+01
1.000000e+02, 9.570020e+01
1.000000e+02, 9.598367e+01
1.000000e+02, 9.626943e+01
1.000000e+02, 9.655747e+01
1.000000e+02, 9.684780e+01
1.000000e+02, 9.714042e+01
1.000000e+02, 9.743533e+01
1.000000e+02, 9.773255e+01
1.000000e+02, 9.803206e+01
1.000000e+02, 9.833389e+01
1.000000e+02, 9.863803e+01
1.000000e+02, 9.894449e+01
1.000000e+02, 9.925327e+01
1.000000e+02, 9.956437e+01
1.000000e+02, 9.987780e+01
1.000000e+02, 1.001936e+02
1.000000e+02, 1.005117e+02
1.000000e+02, 1.008321e+02
1.000000e+02, 1.011549e+02
1.000000e+02, 1.014801e+02
1.000000e+02, 1.018076e+02
1.000000e+02, 1.021375e+02
1.000000e+02, 1.024697e+02
1.000000e+02, 1.028043e+02
1.000000e+02, 1.031413e+02
1.000000e+02, 1.034807e+02
1.000000e+02, 1.038224e+02
1.000000e+02, 1.041666e+02
1.000000e+02, 1.045131e+02
1.000000e+02, 1.048620e+02
1.000000e+02, 1.052134e+02
1.000000e+02, 1.055672e+02
1.000000e+02, 1.059233e+02
1.000000e+02, 1.062819e+02
1.000000e+02, 1.066430e+02
1.000000e+02, 1.070064e+02
1.000000e+02, 1.073723e+02
1.000000e+02, 1.077407e+02
1.000000e+02, 1.081115e+02
1.000000e+02, 1.084847e+02
1.000000e+02, 1.088605e+02
1.000000e+02, 1.092387e+02
1.000000e+02, 1.096193e+02
1.000000e+02, 1.100024e+02
1.000000e+02, 1.103881e+02
1.000000e+02, 1.107762e+02
1.000000e+02, 1.111668e+02
1.000000e+02, 1.115599e+02
1.000000e+02, 1.119555e+02
1.000000e+02, 1.123537e+02
1.000000e+02, 1.127543e+02
1.000000e+02, 1.131575e+02
1.000000e+02, 1.135632e+02
1.000000e+02, 1.139715e+02
1.000000e+02, 1.143823e+02
1.000000e+02, 1.147957e+02
1.000000e+02, 1.152116e+02
1.000000e+02, 1.156301e+02
1.000000e+02, 1.160512e+02
1.000000e+02, 1.164748e+02
1.000000e+02, 1.169010e+02
1.000000e+02, 1.173299e+02
1.000000e+02, 1.177613e+02
1.000000e+02, 1.181953e+02
1.000000e+02, 1.186320e+02
1.000000e+02, 1.190713e+02
1.000000e+02, 1.195132e+02
1.000000e+02, 1.199578e+02
1.000000e+02, 1.204050e+02
1.000000e+02, 1.208548e+02
1.000000e+02, 1.213073e+02
1.000000e+02, 1.217625e+02
1.000000e+02, 1.222204e+02
1.000000e+02, 1.226809e+02
1.000000e+02, 1.231441e+02
1.000000e+02, 1.236101e+02
1.000000e+02, 1.240787e+02
1.000000e+02, 1.245501e+02
1.000000e+02, 1.250242e+02
1.000000e+02, 1.255010e+02
1.000000e+02, 1.259805e+02
1.000000e+02, 1.264629e+02
1.000000e+02, 1.269479e+02
1.000000e+02, 1.274358e+02
1.000000e+02, 1.279264e+02
1.000000e+02, 1.284198e+02
1.000000e+02, 1.289160e+02
1.000000e+02, 1.294150e+02
1.000000e+02, 1.299168e+02
1.000000e+02, 1.304214e+02
1.000000e+02, 1.309288e+02
1.000000e+02, 1.314391e+02
1.000000e+02, 1.319523e+02
1.000000e+02, 1.324683e+02
1.000000e+02, 1.329872e+02
1.000000e+02, 1.335089e+02
1.000000e+02, 1.340336e+02
1.000000e+02, 1.345611e+02
1.000000e+02, 1.350915e+02
1.000000e+02, 1.356249e+02
1.000000e+02, 1.361612e+02
1.000000e+02, 1.367004e+02
1.000000e+02, 1.372426e+02
1.000000e+02, 1.377878e+02
1.000000e+02, 1.383359e+02
1.000000e+02, 1.388870e+02
1.000000e+02, 1.394410e+02
1.000000e+02, 1.399981e+02
1.000000e+02, 1.405582e+02
1.000000e+02, 1.411214e+02
1.000000e+02, 1.416875e+02
1.000000e+02, 1.422568e+02
1.000000e+02, 1.428290e+02
1.000000e+02, 1.434044e+02
1.000000e+02, 1.439828e+02
1.000000e+02, 1.445643e+02
1.000000e+02, 1.451490e+02
1.000000e+02, 1.457367e+02
1.000000e+02, 1.463276e+02
1.000000e+02, 1.469217e+02
1.000000e+02, 1.475188e+02
1.000000e+02, 1.481192e+02
1.000000e+02, 1.487228e+02
1.000000e+02, 1.493295e+02
1.000000e+02, 1.499394e+02
1.000000e+02, 1.505526e+02
1.000000e+02, 1.511690e+02
1.000000e+02, 1.517887e+02
1.000000e+02, 1.524116e+02
1.000000e+02, 1.530378e+02
1.000000e+02, 1.536673e+02
1.000000e+02, 1.543001e+02
1.000000e+02, 1.549363e+02
1.000000e+02, 1.555757e+02
1.000000e+02, 1.562185e+02
1.000000e+02, 1.568647e+02
1.000000e+02, 1.575142e+02
1.000000e+02, 1.581672e+02
1.000000e+02, 1.588235e+02
1.000000e+02, 1.594833e+02
1.000000e+02, 1.601466e+02
1.000000e+02, 1.608132e+02
1.000000e+02, 1.614834e+02
1.000000e+02, 1.621570e+02
1.000000e+02, 1.628342e+02
1.000000e+02, 1.635149e+02
1.000000e+02, 1.641991e+02
1.000000e+02, 1.648869e+02
1.000000e+02, 1.655782e+02
1.000000e+02, 1.662732e+02
1.000000e+02, 1.669717e+02
1.000000e+02, 1.676739e+02
1.000000e+02, 1.683797e+02
1.000000e+02, 1.690892e+02
1.000000e+02, 1.698024e+02
1.000000e+02, 1.705192e+02
1.000000e+02, 1.712398e+02
1.000000e+02, 1.719641e+02
1.000000e+02, 1.726922e+02
1.000000e+02, 1.734241e+02
1.000000e+02, 1.741598e+02
1.000000e+02, 1.748992e+02
1.000000e+02, 1.756426e+02
1.000000e+02, 1.763897e+02
1.000000e+02, 1.771408e+02
1.000000e+02, 1.778958e+02
1.000000e+02, 1.786547e+02
1.000000e+02, 1.794175e+02
1.000000e+02, 1.801843e+02
1.000000e+02, 1.809551e+02
1.000000e+02, 1.817299e+02
1.000000e+02, 1.825087e+02
1.000000e+02, 1.832916e+02
1.000000e+02, 1.840785e+02
1.000000e+02, 1.848696e+02
1.000000e+02, 1.856648e+02
1.000000e+02, 1.864642e+02
1.000000e+02, 1.872677e+02
1.000000e+02, 1.880754e+02
1.000000e+02, 1.888874e+02
1.000000e+02, 1.897036e+02
1.000000e+02, 1.905241e+02
1.000000e+02, 1.913489e+02
1.000000e+02, 1.921780e+02
1.000000e+02, 1.930115e+02
1.000000e+02, 1.938494e+02
1.000000e+02, 1.946917e+02
1.000000e+02, 1.955384e+02
1.000000e+02, 1.963896e+02
1.000000e+02, 1.972453e+02
1.000000e+02, 1.981056e+02
1.000000e+02, 1.989704e+02
1.000000e+02, 1.998398e+02
1.000000e+02, 2.007138e+02
1.000000e+02, 2.015924e+02
1.000000e+02, 2.024758e+02
1.000000e+02, 2.033638e+02
1.000000e+02, 2.042567e+02
1.000000e+02, 2.051542e+02
1.000000e+02, 2.060567e+02
1.000000e+02, 2.069639e+02
1.000000e+02, 2.078760e+02
1.000000e+02, 2.087931e+02
1.000000e+02, 2.097151e+02
1.000000e+02, 2.106421e+02
1.000000e+02, 2.115741e+02
1.000000e+02, 2.125112e+02
1.000000e+02, 2.134534e+02
1.000000e+02, 2.144007e+02
1.000000e+02, 2.153532e+02
1.000000e+02, 2.163109e+02
1.000000e+02, 2.172739e+02
1.000000e+02, 2.182422e+02
1.000000e+02, 2.192158e+02
1.000000e+02, 2.201948e+02
1.000000e+02, 2.211792e+02
1.000000e+02, 2.221691e+02
1.000000e+02, 2.231645e+02
1.000000e+02, 2.241655e+02
1.000000e+02, 2.251721e+02
1.000000e+02, 2.261843e+02
1.000000e+02, 2.272022e+02
1.000000e+02, 2.282258e+02
1.000000e+02, 2.292553e+02
1.000000e+02, 2.302906e+02
1.000000e+02, 2.313317e+02
1.000000e+02, 2.323789e+02
1.000000e+02, 2.334320e+02
1.000000e+02, 2.344912e+02
1.000000e+02, 2.355564e+02
1.000000e+02, 2.366279e+02
1.000000e+02, 2.377055e+02
1.000000e+02, 2.387894e+02
1.000000e+02, 2.398797e+02
1.000000e+02, 2.409763e+02
1.000000e+02, 2.420794e+02
1.000000e+02, 2.431890e+02
1.000000e+02, 2.443052e+02
1.000000e+02, 2.454280e+02
1.000000e+02, 2.465575e+02
1.000000e+02, 2.476938e+02
1.000000e+02, 2.488369e+02
1.000000e+02, 2.499869e+02
1.000000e+02, 2.511439e+02
1.000000e+02, 2.523080e+02
1.000000e+02, 2.534791e+02
1.000000e+02, 2.546575e+02
1.000000e+02, 2.558431e+02
1.000000e+02, 2.570361e+02
1.000000e+02, 2.582364e+02
1.000000e+02, 2.594443e+02
1.000000e+02, 2.606598e+02
1.000000e+02, 2.618830e+02
1.000000e+02, 2.631139e+02
1.000000e+02, 2.643527e+02
1.000000e+02, 2.655994e+02
1.000000e+02, 2.668541e+02
1.000000e+02, 2.681170e+02
1.000000e+02, 2.693880e+02
1.000000e+02, 2.706674e+02
1.000000e+02, 2.719552e+02
1.000000e+02, 2.732515e+02
1.000000e+02, 2.745564e+02
1.000000e+02, 2.758701e+02
1.000000e+02, 2.771926e+02
1.000000e+02, 2.785241e+02
1.000000e+02, 2.798646e+02
1.000000e+02, 2.812143e+02
1.000000e+02, 2.825733e+02
1.000000e+02, 2.839417e+02
1.000000e+02, 2.853197e+02
1.000000e+02, 2.867074e+02
1.000000e+02, 2.881049e+02
1.000000e+02, 2.895123e+02
1.000000e+02, 2.909298e+02
1.000000e+02, 2.923576e+02
1.000000e+02, 2.937958e+02
1.000000e+02, 2.952445e+02
1.000000e+02, 2.967038e+02
1.000000e+02, 2.981741e+02
1.000000e+02, 2.996553e+02
1.000000e+02, 3.011478e+02
1.000000e+02, 3.026516e+02
1.000000e+02, 3.041669e+02
1.000000e+02, 3.056940e+02
1.000000e+02, 3.072329e+02
1.000000e+02, 3.087840e+02
1.000000e+02, 3.103474e+02
1.000000e+02, 3.119233e+02
1.000000e+02, 3.135119e+02
1.000000e+02, 3.151135e+02
1.000000e+02, 3.167282e+02
1.000000e+02, 3.183563e+02
1.000000e+02, 3.199981e+02
1.000000e+02, 3.216538e+02
1.000000e+02, 3.233237e+02
1.000000e+02, 3.250080e+02
1.000000e+02, 3.267069e+02
1.000000e+02, 3.284209e+02
1.000000e+02, 3.301501e+02
1.000000e+02, 3.318950e+02
1.000000e+02, 3.336557e+02
1.000000e+02, 3.354327e+02
1.000000e+02, 3.372262e+02
1.000000e+02, 3.390367e+02
1.000000e+02, 3.408644e+02
1.000000e+02, 3.427099e+02
1.000000e+02, 3.445734e+02
1.000000e+02, 3.464554e+02
1.000000e+02, 3.483563e+02
1.000000e+02, 3.502765e+02
1.000000e+02, 3.522167e+02
1.000000e+02, 3.541771e+02
1.000000e+02, 3.561584e+02
1.000000e+02, 3.581610e+02
1.000000e+02, 1.855288e-01
1.000000e+02, 2.232574e+00
1.000000e+02, 4.302729e+00
1.000000e+02, 6.396633e+00
1.000000e+02, 8.514957e+00
1.000000e+02, 1.065841e+01
1.000000e+02, 1.282772e+01
1.000000e+02, 1.502368e+01
1.000000e+02, 1.724711e+01
1.000000e+02, 1.949887e+01
1.000000e+02, 2.177988e+01
1.000000e+02, 2.409110e+01
1.000000e+02, 2.643357e+01
1.000000e+02, 2.880836e+01
1.000000e+02, 3.121663e+01
1.000000e+02, 3.365961e+01
1.000000e+02, 3.613860e+01
1.000000e+02, 3.865500e+01
1.000000e+02, 4.121029e+01
1.000000e+02, 4.380607e+01
1.000000e+02, 4.644405e+01
1.000000e+02, 4.912607e+01
1.000000e+02, 5.185409e+01
1.000000e+02, 5.463027e+01
1.000000e+02, 5.745691e+01
1.000000e+02, 6.033652e+01
1.000000e+02, 6.327183e+01
1.000000e+02, 6.626583e+01
1.000000e+02, 6.932176e+01
1.000000e+02, 7.244323e+01
1.000000e+02, 7.563418e+01
1.000000e+02, 7.889898e+01
1.000000e+02, 8.224251e+01
1.000000e+02, 8.567021e+01
1.000000e+02, 8.918818e+01
1.000000e+02, 9.280333e+01
1.000000e+02, 9.652351e+01
1.000000e+02, 1.003577e+02
1.000000e+02, 1.043163e+02
1.000000e+02, 1.084113e+02
1.000000e+02, 1.126569e+02
1.000000e+02, 1.170701e+02
1.000000e+02, 1.216711e+02
1.000000e+02, 1.264849e+02
1.000000e+02, 1.315424e+02
1.000000e+02, 1.368831e+02
1.000000e+02, 1.425584e+02
1.000000e+02, 1.486382e+02
1.000000e+02, 1.552203e+02
1.000000e+02, 1.624510e+02
1.000000e+02, 1.705668e+02
1.000000e+02, 1.800000e+02
##END= 