##TITLE= /opt/topspin3.0/exp/stan/nmr/lists/wave/user/HypSec_trunc2.84_110
##JCAMP-DX= 5.00 Bruker JCAMP library
##DATA TYPE= Shape Data
##ORIGIN= Bruker BioSpin GmbH
##OWNER= <nmrsu>
##DATE= 15/02/24
##TIME= 16:15:04
##MINX= 1.164538e+01
##MAXX= 9.999960e+01
##MINY= 2.546774e-02
##MAXY= 3.585574e+02
##$SHAPE_EXMODE= Adiabatic
##$SHAPE_TOTROT= 1.800000e+02
##$SHAPE_BWFAC= 1.929340e+02
##$SHAPE_INTEGFAC= 2.356110e-02
##$SHAPE_MODE= 0
##NPOINTS= 500
##XYPOINTS= (XY..XY)
1.000000e+02, 1.800000e+02
1.000000e+02, 1.772346e+02
1.000000e+02, 1.750792e+02
1.000000e+02, 1.732506e+02
1.000000e+02, 1.716352e+02
1.000000e+02, 1.701735e+02
1.000000e+02, 1.688298e+02
1.000000e+02, 1.675804e+02
1.000000e+02, 1.664086e+02
1.000000e+02, 1.653023e+02
1.000000e+02, 1.642522e+02
1.000000e+02, 1.632512e+02
1.000000e+02, 1.622933e+02
1.000000e+02, 1.613740e+02
1.000000e+02, 1.604893e+02
1.000000e+02, 1.596359e+02
1.000000e+02, 1.588111e+02
1.000000e+02, 1.580126e+02
1.000000e+02, 1.572382e+02
1.000000e+02, 1.564861e+02
1.000000e+02, 1.557548e+02
1.000000e+02, 1.550430e+02
1.000000e+02, 1.543492e+02
1.000000e+02, 1.536726e+02
1.000000e+02, 1.530119e+02
1.000000e+02, 1.523665e+02
1.000000e+02, 1.517353e+02
1.000000e+02, 1.511178e+02
1.000000e+02, 1.505132e+02
1.000000e+02, 1.499209e+02
1.000000e+02, 1.493403e+02
1.000000e+02, 1.487710e+02
1.000000e+02, 1.482124e+02
1.000000e+02, 1.476640e+02
1.000000e+02, 1.471255e+02
1.000000e+02, 1.465965e+02
1.000000e+02, 1.460767e+02
1.000000e+02, 1.455656e+02
1.000000e+02, 1.450629e+02
1.000000e+02, 1.445685e+02
1.000000e+02, 1.440819e+02
1.000000e+02, 1.436030e+02
1.000000e+02, 1.431315e+02
1.000000e+02, 1.426671e+02
1.000000e+02, 1.422096e+02
1.000000e+02, 1.417589e+02
1.000000e+02, 1.413147e+02
1.000000e+02, 1.408769e+02
1.000000e+02, 1.404452e+02
1.000000e+02, 1.400196e+02
1.000000e+02, 1.395998e+02
1.000000e+02, 1.391857e+02
1.000000e+02, 1.387771e+02
1.000000e+02, 1.383740e+02
1.000000e+02, 1.379761e+02
1.000000e+02, 1.375834e+02
1.000000e+02, 1.371958e+02
1.000000e+02, 1.368130e+02
1.000000e+02, 1.364351e+02
1.000000e+02, 1.360619e+02
1.000000e+02, 1.356932e+02
1.000000e+02, 1.353291e+02
1.000000e+02, 1.349694e+02
1.000000e+02, 1.346141e+02
1.000000e+02, 1.342629e+02
1.000000e+02, 1.339160e+02
1.000000e+02, 1.335731e+02
1.000000e+02, 1.332342e+02
1.000000e+02, 1.328992e+02
1.000000e+02, 1.325681e+02
1.000000e+02, 1.322408e+02
1.000000e+02, 1.319172e+02
1.000000e+02, 1.315972e+02
1.000000e+02, 1.312809e+02
1.000000e+02, 1.309680e+02
1.000000e+02, 1.306587e+02
1.000000e+02, 1.303527e+02
1.000000e+02, 1.300502e+02
1.000000e+02, 1.297509e+02
1.000000e+02, 1.294549e+02
1.000000e+02, 1.291621e+02
1.000000e+02, 1.288725e+02
1.000000e+02, 1.285860e+02
1.000000e+02, 1.283026e+02
1.000000e+02, 1.280222e+02
1.000000e+02, 1.277448e+02
1.000000e+02, 1.274703e+02
1.000000e+02, 1.271987e+02
1.000000e+02, 1.269300e+02
1.000000e+02, 1.266642e+02
1.000000e+02, 1.264011e+02
1.000000e+02, 1.261408e+02
1.000000e+02, 1.258832e+02
1.000000e+02, 1.256282e+02
1.000000e+02, 1.253760e+02
1.000000e+02, 1.251264e+02
1.000000e+02, 1.248793e+02
1.000000e+02, 1.246348e+02
1.000000e+02, 1.243929e+02
1.000000e+02, 1.241534e+02
1.000000e+02, 1.239164e+02
1.000000e+02, 1.236819e+02
1.000000e+02, 1.234498e+02
1.000000e+02, 1.232201e+02
1.000000e+02, 1.229927e+02
1.000000e+02, 1.227677e+02
1.000000e+02, 1.225450e+02
1.000000e+02, 1.223246e+02
1.000000e+02, 1.221065e+02
1.000000e+02, 1.218907e+02
1.000000e+02, 1.216770e+02
1.000000e+02, 1.214656e+02
1.000000e+02, 1.212563e+02
1.000000e+02, 1.210493e+02
1.000000e+02, 1.208443e+02
1.000000e+02, 1.206415e+02
1.000000e+02, 1.204408e+02
1.000000e+02, 1.202422e+02
1.000000e+02, 1.200456e+02
1.000000e+02, 1.198511e+02
1.000000e+02, 1.196587e+02
1.000000e+02, 1.194682e+02
1.000000e+02, 1.192798e+02
1.000000e+02, 1.190933e+02
1.000000e+02, 1.189088e+02
1.000000e+02, 1.187263e+02
1.000000e+02, 1.185456e+02
1.000000e+02, 1.183670e+02
1.000000e+02, 1.181902e+02
1.000000e+02, 1.180153e+02
1.000000e+02, 1.178423e+02
1.000000e+02, 1.176711e+02
1.000000e+02, 1.175018e+02
1.000000e+02, 1.173343e+02
1.000000e+02, 1.171687e+02
1.000000e+02, 1.170048e+02
1.000000e+02, 1.168428e+02
1.000000e+02, 1.166826e+02
1.000000e+02, 1.165241e+02
1.000000e+02, 1.163674e+02
1.000000e+02, 1.162124e+02
1.000000e+02, 1.160592e+02
1.000000e+02, 1.159077e+02
1.000000e+02, 1.157579e+02
1.000000e+02, 1.156098e+02
1.000000e+02, 1.154634e+02
1.000000e+02, 1.153187e+02
1.000000e+02, 1.151757e+02
1.000000e+02, 1.150344e+02
1.000000e+02, 1.148947e+02
1.000000e+02, 1.147566e+02
1.000000e+02, 1.146202e+02
1.000000e+02, 1.144854e+02
1.000000e+02, 1.143522e+02
1.000000e+02, 1.142207e+02
1.000000e+02, 1.140907e+02
1.000000e+02, 1.139624e+02
1.000000e+02, 1.138356e+02
1.000000e+02, 1.137104e+02
1.000000e+02, 1.135868e+02
1.000000e+02, 1.134647e+02
1.000000e+02, 1.133442e+02
1.000000e+02, 1.132252e+02
1.000000e+02, 1.131077e+02
1.000000e+02, 1.129918e+02
1.000000e+02, 1.128775e+02
1.000000e+02, 1.127646e+02
1.000000e+02, 1.126532e+02
1.000000e+02, 1.125434e+02
1.000000e+02, 1.124350e+02
1.000000e+02, 1.123282e+02
1.000000e+02, 1.122228e+02
1.000000e+02, 1.121189e+02
1.000000e+02, 1.120165e+02
1.000000e+02, 1.119155e+02
1.000000e+02, 1.118160e+02
1.000000e+02, 1.117180e+02
1.000000e+02, 1.116213e+02
1.000000e+02, 1.115262e+02
1.000000e+02, 1.114325e+02
1.000000e+02, 1.113402e+02
1.000000e+02, 1.112493e+02
1.000000e+02, 1.111599e+02
1.000000e+02, 1.110719e+02
1.000000e+02, 1.109853e+02
1.000000e+02, 1.109001e+02
1.000000e+02, 1.108163e+02
1.000000e+02, 1.107339e+02
1.000000e+02, 1.106529e+02
1.000000e+02, 1.105732e+02
1.000000e+02, 1.104950e+02
1.000000e+02, 1.104182e+02
1.000000e+02, 1.103427e+02
1.000000e+02, 1.102686e+02
1.000000e+02, 1.101958e+02
1.000000e+02, 1.101245e+02
1.000000e+02, 1.100545e+02
1.000000e+02, 1.099858e+02
1.000000e+02, 1.099185e+02
1.000000e+02, 1.098526e+02
1.000000e+02, 1.097880e+02
1.000000e+02, 1.097247e+02
1.000000e+02, 1.096628e+02
1.000000e+02, 1.096023e+02
1.000000e+02, 1.095430e+02
1.000000e+02, 1.094851e+02
1.000000e+02, 1.094285e+02
1.000000e+02, 1.093733e+02
1.000000e+02, 1.093193e+02
1.000000e+02, 1.092667e+02
1.000000e+02, 1.092154e+02
1.000000e+02, 1.091654e+02
1.000000e+02, 1.091168e+02
1.000000e+02, 1.090694e+02
1.000000e+02, 1.090234e+02
1.000000e+02, 1.089786e+02
1.000000e+02, 1.089352e+02
1.000000e+02, 1.088930e+02
1.000000e+02, 1.088522e+02
1.000000e+02, 1.088126e+02
1.000000e+02, 1.087744e+02
1.000000e+02, 1.087374e+02
1.000000e+02, 1.087017e+02
1.000000e+02, 1.086674e+02
1.000000e+02, 1.086343e+02
1.000000e+02, 1.086025e+02
1.000000e+02, 1.085719e+02
1.000000e+02, 1.085427e+02
1.000000e+02, 1.085147e+02
1.000000e+02, 1.084881e+02
1.000000e+02, 1.084627e+02
1.000000e+02, 1.084385e+02
1.000000e+02, 1.084157e+02
1.000000e+02, 1.083941e+02
1.000000e+02, 1.083738e+02
1.000000e+02, 1.083548e+02
1.000000e+02, 1.083370e+02
1.000000e+02, 1.083206e+02
1.000000e+02, 1.083054e+02
1.000000e+02, 1.082914e+02
1.000000e+02, 1.082787e+02
1.000000e+02, 1.082673e+02
1.000000e+02, 1.082572e+02
1.000000e+02, 1.082483e+02
1.000000e+02, 1.082408e+02
1.000000e+02, 1.082344e+02
1.000000e+02, 1.082294e+02
1.000000e+02, 1.082256e+02
1.000000e+02, 1.082230e+02
1.000000e+02, 1.082218e+02
1.000000e+02, 1.082218e+02
1.000000e+02, 1.082230e+02
1.000000e+02, 1.082256e+02
1.000000e+02, 1.082294e+02
1.000000e+02, 1.082344e+02
1.000000e+02, 1.082408e+02
1.000000e+02, 1.082483e+02
1.000000e+02, 1.082572e+02
1.000000e+02, 1.082673e+02
1.000000e+02, 1.082787e+02
1.000000e+02, 1.082914e+02
1.000000e+02, 1.083054e+02
1.000000e+02, 1.083206e+02
1.000000e+02, 1.083370e+02
1.000000e+02, 1.083548e+02
1.000000e+02, 1.083738e+02
1.000000e+02, 1.083941e+02
1.000000e+02, 1.084157e+02
1.000000e+02, 1.084385e+02
1.000000e+02, 1.084627e+02
1.000000e+02, 1.084881e+02
1.000000e+02, 1.085147e+02
1.000000e+02, 1.085427e+02
1.000000e+02, 1.085719e+02
1.000000e+02, 1.086025e+02
1.000000e+02, 1.086343e+02
1.000000e+02, 1.086674e+02
1.000000e+02, 1.087017e+02
1.000000e+02, 1.087374e+02
1.000000e+02, 1.087744e+02
1.000000e+02, 1.088126e+02
1.000000e+02, 1.088522e+02
1.000000e+02, 1.088930e+02
1.000000e+02, 1.089352e+02
1.000000e+02, 1.089786e+02
1.000000e+02, 1.090234e+02
1.000000e+02, 1.090694e+02
1.000000e+02, 1.091168e+02
1.000000e+02, 1.091654e+02
1.000000e+02, 1.092154e+02
1.000000e+02, 1.092667e+02
1.000000e+02, 1.093193e+02
1.000000e+02, 1.093733e+02
1.000000e+02, 1.094285e+02
1.000000e+02, 1.094851e+02
1.000000e+02, 1.095430e+02
1.000000e+02, 1.096023e+02
1.000000e+02, 1.096628e+02
1.000000e+02, 1.097247e+02
1.000000e+02, 1.097880e+02
1.000000e+02, 1.098526e+02
1.000000e+02, 1.099185e+02
1.000000e+02, 1.099858e+02
1.000000e+02, 1.100545e+02
1.000000e+02, 1.101245e+02
1.000000e+02, 1.101958e+02
1.000000e+02, 1.102686e+02
1.000000e+02, 1.103427e+02
1.000000e+02, 1.104182e+02
1.000000e+02, 1.104950e+02
1.000000e+02, 1.105732e+02
1.000000e+02, 1.106529e+02
1.000000e+02, 1.107339e+02
1.000000e+02, 1.108163e+02
1.000000e+02, 1.109001e+02
1.000000e+02, 1.109853e+02
1.000000e+02, 1.110719e+02
1.000000e+02, 1.111599e+02
1.000000e+02, 1.112493e+02
1.000000e+02, 1.113402e+02
1.000000e+02, 1.114325e+02
1.000000e+02, 1.115262e+02
1.000000e+02, 1.116214e+02
1.000000e+02, 1.117180e+02
1.000000e+02, 1.118160e+02
1.000000e+02, 1.119155e+02
1.000000e+02, 1.120165e+02
1.000000e+02, 1.121189e+02
1.000000e+02, 1.122228e+02
1.000000e+02, 1.123282e+02
1.000000e+02, 1.124350e+02
1.000000e+02, 1.125434e+02
1.000000e+02, 1.126532e+02
1.000000e+02, 1.127646e+02
1.000000e+02, 1.128775e+02
1.000000e+02, 1.129918e+02
1.000000e+02, 1.131077e+02
1.000000e+02, 1.132252e+02
1.000000e+02, 1.133442e+02
1.000000e+02, 1.134647e+02
1.000000e+02, 1.135868e+02
1.000000e+02, 1.137104e+02
1.000000e+02, 1.138356e+02
1.000000e+02, 1.139624e+02
1.000000e+02, 1.140907e+02
1.000000e+02, 1.142207e+02
1.000000e+02, 1.143522e+02
1.000000e+02, 1.144854e+02
1.000000e+02, 1.146202e+02
1.000000e+02, 1.147566e+02
1.000000e+02, 1.148947e+02
1.000000e+02, 1.150344e+02
1.000000e+02, 1.151757e+02
1.000000e+02, 1.153187e+02
1.000000e+02, 1.154634e+02
1.000000e+02, 1.156098e+02
1.000000e+02, 1.157579e+02
1.000000e+02, 1.159077e+02
1.000000e+02, 1.160592e+02
1.000000e+02, 1.162124e+02
1.000000e+02, 1.163674e+02
1.000000e+02, 1.165241e+02
1.000000e+02, 1.166826e+02
1.000000e+02, 1.168428e+02
1.000000e+02, 1.170048e+02
1.000000e+02, 1.171687e+02
1.000000e+02, 1.173343e+02
1.000000e+02, 1.175018e+02
1.000000e+02, 1.176711e+02
1.000000e+02, 1.178423e+02
1.000000e+02, 1.180153e+02
1.000000e+02, 1.181902e+02
1.000000e+02, 1.183670e+02
1.000000e+02, 1.185456e+02
1.000000e+02, 1.187263e+02
1.000000e+02, 1.189088e+02
1.000000e+02, 1.190933e+02
1.000000e+02, 1.192798e+02
1.000000e+02, 1.194682e+02
1.000000e+02, 1.196587e+02
1.000000e+02, 1.198511e+02
1.000000e+02, 1.200456e+02
1.000000e+02, 1.202422e+02
1.000000e+02, 1.204408e+02
1.000000e+02, 1.206415e+02
1.000000e+02, 1.208443e+02
1.000000e+02, 1.210493e+02
1.000000e+02, 1.212563e+02
1.000000e+02, 1.214656e+02
1.000000e+02, 1.216770e+02
1.000000e+02, 1.218907e+02
1.000000e+02, 1.221065e+02
1.000000e+02, 1.223246e+02
1.000000e+02, 1.225450e+02
1.000000e+02, 1.227677e+02
1.000000e+02, 1.229927e+02
1.000000e+02, 1.232201e+02
1.000000e+02, 1.234498e+02
1.000000e+02, 1.236819e+02
1.000000e+02, 1.239164e+02
1.000000e+02, 1.241534e+02
1.000000e+02, 1.243929e+02
1.000000e+02, 1.246348e+02
1.000000e+02, 1.248793e+02
1.000000e+02, 1.251264e+02
1.000000e+02, 1.253760e+02
1.000000e+02, 1.256283e+02
1.000000e+02, 1.258832e+02
1.000000e+02, 1.261408e+02
1.000000e+02, 1.264011e+02
1.000000e+02, 1.266642e+02
1.000000e+02, 1.269300e+02
1.000000e+02, 1.271987e+02
1.000000e+02, 1.274703e+02
1.000000e+02, 1.277448e+02
1.000000e+02, 1.280222e+02
1.000000e+02, 1.283026e+02
1.000000e+02, 1.285860e+02
1.000000e+02, 1.288725e+02
1.000000e+02, 1.291621e+02
1.000000e+02, 1.294549e+02
1.000000e+02, 1.297509e+02
1.000000e+02, 1.300502e+02
1.000000e+02, 1.303527e+02
1.000000e+02, 1.306587e+02
1.000000e+02, 1.309680e+02
1.000000e+02, 1.312809e+02
1.000000e+02, 1.315972e+02
1.000000e+02, 1.319172e+02
1.000000e+02, 1.322408e+02
1.000000e+02, 1.325681e+02
1.000000e+02, 1.328992e+02
1.000000e+02, 1.332342e+02
1.000000e+02, 1.335731e+02
1.000000e+02, 1.339160e+02
1.000000e+02, 1.342629e+02
1.000000e+02, 1.346141e+02
1.000000e+02, 1.349694e+02
1.000000e+02, 1.353291e+02
1.000000e+02, 1.356932e+02
1.000000e+02, 1.360619e+02
1.000000e+02, 1.364351e+02
1.000000e+02, 1.368130e+02
1.000000e+02, 1.371958e+02
1.000000e+02, 1.375834e+02
1.000000e+02, 1.379761e+02
1.000000e+02, 1.383740e+02
1.000000e+02, 1.387771e+02
1.000000e+02, 1.391857e+02
1.000000e+02, 1.395998e+02
1.000000e+02, 1.400196e+02
1.000000e+02, 1.404452e+02
1.000000e+02, 1.408769e+02
1.000000e+02, 1.413147e+02
1.000000e+02, 1.417589e+02
1.000000e+02, 1.422096e+02
1.000000e+02, 1.426671e+02
1.000000e+02, 1.431315e+02
1.000000e+02, 1.436030e+02
1.000000e+02, 1.440819e+02
1.000000e+02, 1.445685e+02
1.000000e+02, 1.450629e+02
1.000000e+02, 1.455656e+02
1.000000e+02, 1.460767e+02
1.000000e+02, 1.465965e+02
1.000000e+02, 1.471255e+02
1.000000e+02, 1.476640e+02
1.000000e+02, 1.482124e+02
1.000000e+02, 1.487710e+02
1.000000e+02, 1.493403e+02
1.000000e+02, 1.499209e+02
1.000000e+02, 1.505132e+02
1.000000e+02, 1.511178e+02
1.000000e+02, 1.517353e+02
1.000000e+02, 1.523665e+02
1.000000e+02, 1.530119e+02
1.000000e+02, 1.536726e+02
1.000000e+02, 1.543492e+02
1.000000e+02, 1.550430e+02
1.000000e+02, 1.557548e+02
1.000000e+02, 1.564861e+02
1.000000e+02, 1.572382e+02
1.000000e+02, 1.580126e+02
1.000000e+02, 1.588111e+02
1.000000e+02, 1.596359e+02
1.000000e+02, 1.604893e+02
1.000000e+02, 1.613740e+02
1.000000e+02, 1.622933e+02
1.000000e+02, 1.632512e+02
1.000000e+02, 1.642522e+02
1.000000e+02, 1.653023e+02
1.000000e+02, 1.664086e+02
1.000000e+02, 1.675804e+02
1.000000e+02, 1.688298e+02
1.000000e+02, 1.701735e+02
1.000000e+02, 1.716352e+02
1.000000e+02, 1.732506e+02
1.000000e+02, 1.750792e+02
1.000000e+02, 1.772346e+02
1.000000e+02, 1.800000e+02
##END= 