##TITLE= /opt/topspin3.0/exp/stan/nmr/lists/wave/user/HypSec_trunc2.84_110
##JCAMP-DX= 5.00 Bruker JCAMP library
##DATA TYPE= Shape Data
##ORIGIN= Bruker BioSpin GmbH
##OWNER= <nmrsu>
##DATE= 15/02/24
##TIME= 16:15:04
##MINX= 1.164538e+01
##MAXX= 9.999960e+01
##MINY= 2.546774e-02
##MAXY= 3.585574e+02
##$SHAPE_EXMODE= Adiabatic
##$SHAPE_TOTROT= 1.800000e+02
##$SHAPE_BWFAC= 1.929340e+02
##$SHAPE_INTEGFAC= 2.356110e-02
##$SHAPE_MODE= 0
##NPOINTS= 1000
##XYPOINTS= (XY..XY)
1.000000e+02, 1.800000e+02
1.000000e+02, 1.772431e+02
1.000000e+02, 1.748713e+02
1.000000e+02, 1.727580e+02
1.000000e+02, 1.708344e+02
1.000000e+02, 1.690576e+02
1.000000e+02, 1.673989e+02
1.000000e+02, 1.658381e+02
1.000000e+02, 1.643600e+02
1.000000e+02, 1.629532e+02
1.000000e+02, 1.616085e+02
1.000000e+02, 1.603187e+02
1.000000e+02, 1.590779e+02
1.000000e+02, 1.578812e+02
1.000000e+02, 1.567243e+02
1.000000e+02, 1.556037e+02
1.000000e+02, 1.545165e+02
1.000000e+02, 1.534599e+02
1.000000e+02, 1.524318e+02
1.000000e+02, 1.514300e+02
1.000000e+02, 1.504529e+02
1.000000e+02, 1.494987e+02
1.000000e+02, 1.485662e+02
1.000000e+02, 1.476539e+02
1.000000e+02, 1.467608e+02
1.000000e+02, 1.458858e+02
1.000000e+02, 1.450279e+02
1.000000e+02, 1.441863e+02
1.000000e+02, 1.433603e+02
1.000000e+02, 1.425489e+02
1.000000e+02, 1.417516e+02
1.000000e+02, 1.409678e+02
1.000000e+02, 1.401968e+02
1.000000e+02, 1.394382e+02
1.000000e+02, 1.386914e+02
1.000000e+02, 1.379560e+02
1.000000e+02, 1.372315e+02
1.000000e+02, 1.365175e+02
1.000000e+02, 1.358137e+02
1.000000e+02, 1.351197e+02
1.000000e+02, 1.344351e+02
1.000000e+02, 1.337596e+02
1.000000e+02, 1.330930e+02
1.000000e+02, 1.324349e+02
1.000000e+02, 1.317851e+02
1.000000e+02, 1.311433e+02
1.000000e+02, 1.305093e+02
1.000000e+02, 1.298829e+02
1.000000e+02, 1.292638e+02
1.000000e+02, 1.286519e+02
1.000000e+02, 1.280468e+02
1.000000e+02, 1.274486e+02
1.000000e+02, 1.268569e+02
1.000000e+02, 1.262716e+02
1.000000e+02, 1.256926e+02
1.000000e+02, 1.251197e+02
1.000000e+02, 1.245527e+02
1.000000e+02, 1.239914e+02
1.000000e+02, 1.234359e+02
1.000000e+02, 1.228859e+02
1.000000e+02, 1.223413e+02
1.000000e+02, 1.218019e+02
1.000000e+02, 1.212678e+02
1.000000e+02, 1.207386e+02
1.000000e+02, 1.202145e+02
1.000000e+02, 1.196952e+02
1.000000e+02, 1.191806e+02
1.000000e+02, 1.186706e+02
1.000000e+02, 1.181653e+02
1.000000e+02, 1.176644e+02
1.000000e+02, 1.171678e+02
1.000000e+02, 1.166756e+02
1.000000e+02, 1.161876e+02
1.000000e+02, 1.157037e+02
1.000000e+02, 1.152239e+02
1.000000e+02, 1.147480e+02
1.000000e+02, 1.142761e+02
1.000000e+02, 1.138081e+02
1.000000e+02, 1.133438e+02
1.000000e+02, 1.128832e+02
1.000000e+02, 1.124263e+02
1.000000e+02, 1.119730e+02
1.000000e+02, 1.115232e+02
1.000000e+02, 1.110769e+02
1.000000e+02, 1.106341e+02
1.000000e+02, 1.101946e+02
1.000000e+02, 1.097584e+02
1.000000e+02, 1.093255e+02
1.000000e+02, 1.088958e+02
1.000000e+02, 1.084693e+02
1.000000e+02, 1.080459e+02
1.000000e+02, 1.076256e+02
1.000000e+02, 1.072084e+02
1.000000e+02, 1.067941e+02
1.000000e+02, 1.063828e+02
1.000000e+02, 1.059743e+02
1.000000e+02, 1.055688e+02
1.000000e+02, 1.051661e+02
1.000000e+02, 1.047661e+02
1.000000e+02, 1.043690e+02
1.000000e+02, 1.039745e+02
1.000000e+02, 1.035827e+02
1.000000e+02, 1.031936e+02
1.000000e+02, 1.028071e+02
1.000000e+02, 1.024232e+02
1.000000e+02, 1.020418e+02
1.000000e+02, 1.016630e+02
1.000000e+02, 1.012866e+02
1.000000e+02, 1.009127e+02
1.000000e+02, 1.005412e+02
1.000000e+02, 1.001721e+02
1.000000e+02, 9.980545e+01
1.000000e+02, 9.944110e+01
1.000000e+02, 9.907906e+01
1.000000e+02, 9.871932e+01
1.000000e+02, 9.836185e+01
1.000000e+02, 9.800662e+01
1.000000e+02, 9.765361e+01
1.000000e+02, 9.730279e+01
1.000000e+02, 9.695414e+01
1.000000e+02, 9.660764e+01
1.000000e+02, 9.626326e+01
1.000000e+02, 9.592098e+01
1.000000e+02, 9.558079e+01
1.000000e+02, 9.524265e+01
1.000000e+02, 9.490656e+01
1.000000e+02, 9.457248e+01
1.000000e+02, 9.424040e+01
1.000000e+02, 9.391029e+01
1.000000e+02, 9.358215e+01
1.000000e+02, 9.325594e+01
1.000000e+02, 9.293166e+01
1.000000e+02, 9.260928e+01
1.000000e+02, 9.228878e+01
1.000000e+02, 9.197015e+01
1.000000e+02, 9.165337e+01
1.000000e+02, 9.133842e+01
1.000000e+02, 9.102529e+01
1.000000e+02, 9.071396e+01
1.000000e+02, 9.040442e+01
1.000000e+02, 9.009664e+01
1.000000e+02, 8.979061e+01
1.000000e+02, 8.948632e+01
1.000000e+02, 8.918376e+01
1.000000e+02, 8.888290e+01
1.000000e+02, 8.858373e+01
1.000000e+02, 8.828625e+01
1.000000e+02, 8.799042e+01
1.000000e+02, 8.769625e+01
1.000000e+02, 8.740372e+01
1.000000e+02, 8.711281e+01
1.000000e+02, 8.682351e+01
1.000000e+02, 8.653581e+01
1.000000e+02, 8.624969e+01
1.000000e+02, 8.596515e+01
1.000000e+02, 8.568217e+01
1.000000e+02, 8.540073e+01
1.000000e+02, 8.512084e+01
1.000000e+02, 8.484246e+01
1.000000e+02, 8.456560e+01
1.000000e+02, 8.429025e+01
1.000000e+02, 8.401638e+01
1.000000e+02, 8.374399e+01
1.000000e+02, 8.347307e+01
1.000000e+02, 8.320361e+01
1.000000e+02, 8.293560e+01
1.000000e+02, 8.266903e+01
1.000000e+02, 8.240388e+01
1.000000e+02, 8.214015e+01
1.000000e+02, 8.187782e+01
1.000000e+02, 8.161690e+01
1.000000e+02, 8.135736e+01
1.000000e+02, 8.109920e+01
1.000000e+02, 8.084241e+01
1.000000e+02, 8.058697e+01
1.000000e+02, 8.033289e+01
1.000000e+02, 8.008015e+01
1.000000e+02, 7.982874e+01
1.000000e+02, 7.957866e+01
1.000000e+02, 7.932989e+01
1.000000e+02, 7.908243e+01
1.000000e+02, 7.883627e+01
1.000000e+02, 7.859139e+01
1.000000e+02, 7.834780e+01
1.000000e+02, 7.810549e+01
1.000000e+02, 7.786443e+01
1.000000e+02, 7.762464e+01
1.000000e+02, 7.738610e+01
1.000000e+02, 7.714880e+01
1.000000e+02, 7.691274e+01
1.000000e+02, 7.667791e+01
1.000000e+02, 7.644429e+01
1.000000e+02, 7.621189e+01
1.000000e+02, 7.598070e+01
1.000000e+02, 7.575070e+01
1.000000e+02, 7.552190e+01
1.000000e+02, 7.529429e+01
1.000000e+02, 7.506785e+01
1.000000e+02, 7.484259e+01
1.000000e+02, 7.461849e+01
1.000000e+02, 7.439555e+01
1.000000e+02, 7.417376e+01
1.000000e+02, 7.395312e+01
1.000000e+02, 7.373362e+01
1.000000e+02, 7.351526e+01
1.000000e+02, 7.329802e+01
1.000000e+02, 7.308190e+01
1.000000e+02, 7.286690e+01
1.000000e+02, 7.265301e+01
1.000000e+02, 7.244023e+01
1.000000e+02, 7.222854e+01
1.000000e+02, 7.201794e+01
1.000000e+02, 7.180844e+01
1.000000e+02, 7.160001e+01
1.000000e+02, 7.139266e+01
1.000000e+02, 7.118638e+01
1.000000e+02, 7.098117e+01
1.000000e+02, 7.077701e+01
1.000000e+02, 7.057391e+01
1.000000e+02, 7.037187e+01
1.000000e+02, 7.017086e+01
1.000000e+02, 6.997090e+01
1.000000e+02, 6.977197e+01
1.000000e+02, 6.957407e+01
1.000000e+02, 6.937719e+01
1.000000e+02, 6.918133e+01
1.000000e+02, 6.898649e+01
1.000000e+02, 6.879266e+01
1.000000e+02, 6.859984e+01
1.000000e+02, 6.840802e+01
1.000000e+02, 6.821719e+01
1.000000e+02, 6.802736e+01
1.000000e+02, 6.783851e+01
1.000000e+02, 6.765065e+01
1.000000e+02, 6.746376e+01
1.000000e+02, 6.727785e+01
1.000000e+02, 6.709291e+01
1.000000e+02, 6.690894e+01
1.000000e+02, 6.672593e+01
1.000000e+02, 6.654388e+01
1.000000e+02, 6.636278e+01
1.000000e+02, 6.618263e+01
1.000000e+02, 6.600343e+01
1.000000e+02, 6.582517e+01
1.000000e+02, 6.564785e+01
1.000000e+02, 6.547146e+01
1.000000e+02, 6.529600e+01
1.000000e+02, 6.512147e+01
1.000000e+02, 6.494786e+01
1.000000e+02, 6.477517e+01
1.000000e+02, 6.460340e+01
1.000000e+02, 6.443253e+01
1.000000e+02, 6.426258e+01
1.000000e+02, 6.409353e+01
1.000000e+02, 6.392538e+01
1.000000e+02, 6.375814e+01
1.000000e+02, 6.359178e+01
1.000000e+02, 6.342632e+01
1.000000e+02, 6.326174e+01
1.000000e+02, 6.309805e+01
1.000000e+02, 6.293524e+01
1.000000e+02, 6.277330e+01
1.000000e+02, 6.261224e+01
1.000000e+02, 6.245205e+01
1.000000e+02, 6.229274e+01
1.000000e+02, 6.213428e+01
1.000000e+02, 6.197669e+01
1.000000e+02, 6.181996e+01
1.000000e+02, 6.166408e+01
1.000000e+02, 6.150905e+01
1.000000e+02, 6.135488e+01
1.000000e+02, 6.120155e+01
1.000000e+02, 6.104907e+01
1.000000e+02, 6.089742e+01
1.000000e+02, 6.074662e+01
1.000000e+02, 6.059665e+01
1.000000e+02, 6.044751e+01
1.000000e+02, 6.029921e+01
1.000000e+02, 6.015173e+01
1.000000e+02, 6.000507e+01
1.000000e+02, 5.985924e+01
1.000000e+02, 5.971423e+01
1.000000e+02, 5.957003e+01
1.000000e+02, 5.942665e+01
1.000000e+02, 5.928408e+01
1.000000e+02, 5.914231e+01
1.000000e+02, 5.900136e+01
1.000000e+02, 5.886120e+01
1.000000e+02, 5.872185e+01
1.000000e+02, 5.858330e+01
1.000000e+02, 5.844554e+01
1.000000e+02, 5.830858e+01
1.000000e+02, 5.817241e+01
1.000000e+02, 5.803702e+01
1.000000e+02, 5.790243e+01
1.000000e+02, 5.776862e+01
1.000000e+02, 5.763559e+01
1.000000e+02, 5.750334e+01
1.000000e+02, 5.737187e+01
1.000000e+02, 5.724118e+01
1.000000e+02, 5.711125e+01
1.000000e+02, 5.698210e+01
1.000000e+02, 5.685372e+01
1.000000e+02, 5.672611e+01
1.000000e+02, 5.659925e+01
1.000000e+02, 5.647317e+01
1.000000e+02, 5.634784e+01
1.000000e+02, 5.622327e+01
1.000000e+02, 5.609946e+01
1.000000e+02, 5.597640e+01
1.000000e+02, 5.585409e+01
1.000000e+02, 5.573254e+01
1.000000e+02, 5.561173e+01
1.000000e+02, 5.549167e+01
1.000000e+02, 5.537235e+01
1.000000e+02, 5.525378e+01
1.000000e+02, 5.513595e+01
1.000000e+02, 5.501885e+01
1.000000e+02, 5.490249e+01
1.000000e+02, 5.478687e+01
1.000000e+02, 5.467198e+01
1.000000e+02, 5.455783e+01
1.000000e+02, 5.444440e+01
1.000000e+02, 5.433170e+01
1.000000e+02, 5.421973e+01
1.000000e+02, 5.410848e+01
1.000000e+02, 5.399795e+01
1.000000e+02, 5.388815e+01
1.000000e+02, 5.377906e+01
1.000000e+02, 5.367070e+01
1.000000e+02, 5.356304e+01
1.000000e+02, 5.345611e+01
1.000000e+02, 5.334988e+01
1.000000e+02, 5.324437e+01
1.000000e+02, 5.313957e+01
1.000000e+02, 5.303547e+01
1.000000e+02, 5.293208e+01
1.000000e+02, 5.282940e+01
1.000000e+02, 5.272742e+01
1.000000e+02, 5.262614e+01
1.000000e+02, 5.252556e+01
1.000000e+02, 5.242568e+01
1.000000e+02, 5.232650e+01
1.000000e+02, 5.222802e+01
1.000000e+02, 5.213023e+01
1.000000e+02, 5.203313e+01
1.000000e+02, 5.193672e+01
1.000000e+02, 5.184101e+01
1.000000e+02, 5.174598e+01
1.000000e+02, 5.165164e+01
1.000000e+02, 5.155799e+01
1.000000e+02, 5.146502e+01
1.000000e+02, 5.137274e+01
1.000000e+02, 5.128114e+01
1.000000e+02, 5.119021e+01
1.000000e+02, 5.109997e+01
1.000000e+02, 5.101041e+01
1.000000e+02, 5.092152e+01
1.000000e+02, 5.083331e+01
1.000000e+02, 5.074578e+01
1.000000e+02, 5.065892e+01
1.000000e+02, 5.057273e+01
1.000000e+02, 5.048721e+01
1.000000e+02, 5.040236e+01
1.000000e+02, 5.031818e+01
1.000000e+02, 5.023466e+01
1.000000e+02, 5.015182e+01
1.000000e+02, 5.006964e+01
1.000000e+02, 4.998812e+01
1.000000e+02, 4.990726e+01
1.000000e+02, 4.982707e+01
1.000000e+02, 4.974754e+01
1.000000e+02, 4.966866e+01
1.000000e+02, 4.959045e+01
1.000000e+02, 4.951289e+01
1.000000e+02, 4.943599e+01
1.000000e+02, 4.935975e+01
1.000000e+02, 4.928416e+01
1.000000e+02, 4.920922e+01
1.000000e+02, 4.913493e+01
1.000000e+02, 4.906130e+01
1.000000e+02, 4.898832e+01
1.000000e+02, 4.891598e+01
1.000000e+02, 4.884430e+01
1.000000e+02, 4.877326e+01
1.000000e+02, 4.870287e+01
1.000000e+02, 4.863312e+01
1.000000e+02, 4.856402e+01
1.000000e+02, 4.849556e+01
1.000000e+02, 4.842774e+01
1.000000e+02, 4.836057e+01
1.000000e+02, 4.829404e+01
1.000000e+02, 4.822815e+01
1.000000e+02, 4.816289e+01
1.000000e+02, 4.809828e+01
1.000000e+02, 4.803430e+01
1.000000e+02, 4.797096e+01
1.000000e+02, 4.790826e+01
1.000000e+02, 4.784619e+01
1.000000e+02, 4.778475e+01
1.000000e+02, 4.772395e+01
1.000000e+02, 4.766378e+01
1.000000e+02, 4.760425e+01
1.000000e+02, 4.754534e+01
1.000000e+02, 4.748707e+01
1.000000e+02, 4.742942e+01
1.000000e+02, 4.737241e+01
1.000000e+02, 4.731602e+01
1.000000e+02, 4.726026e+01
1.000000e+02, 4.720512e+01
1.000000e+02, 4.715062e+01
1.000000e+02, 4.709673e+01
1.000000e+02, 4.704348e+01
1.000000e+02, 4.699084e+01
1.000000e+02, 4.693883e+01
1.000000e+02, 4.688745e+01
1.000000e+02, 4.683668e+01
1.000000e+02, 4.678654e+01
1.000000e+02, 4.673701e+01
1.000000e+02, 4.668811e+01
1.000000e+02, 4.663983e+01
1.000000e+02, 4.659216e+01
1.000000e+02, 4.654512e+01
1.000000e+02, 4.649869e+01
1.000000e+02, 4.645288e+01
1.000000e+02, 4.640768e+01
1.000000e+02, 4.636311e+01
1.000000e+02, 4.631914e+01
1.000000e+02, 4.627580e+01
1.000000e+02, 4.623306e+01
1.000000e+02, 4.619094e+01
1.000000e+02, 4.614944e+01
1.000000e+02, 4.610854e+01
1.000000e+02, 4.606826e+01
1.000000e+02, 4.602859e+01
1.000000e+02, 4.598954e+01
1.000000e+02, 4.595109e+01
1.000000e+02, 4.591325e+01
1.000000e+02, 4.587603e+01
1.000000e+02, 4.583941e+01
1.000000e+02, 4.580340e+01
1.000000e+02, 4.576800e+01
1.000000e+02, 4.573321e+01
1.000000e+02, 4.569903e+01
1.000000e+02, 4.566545e+01
1.000000e+02, 4.563249e+01
1.000000e+02, 4.560012e+01
1.000000e+02, 4.556837e+01
1.000000e+02, 4.553722e+01
1.000000e+02, 4.550667e+01
1.000000e+02, 4.547673e+01
1.000000e+02, 4.544740e+01
1.000000e+02, 4.541866e+01
1.000000e+02, 4.539054e+01
1.000000e+02, 4.536301e+01
1.000000e+02, 4.533609e+01
1.000000e+02, 4.530978e+01
1.000000e+02, 4.528406e+01
1.000000e+02, 4.525895e+01
1.000000e+02, 4.523444e+01
1.000000e+02, 4.521053e+01
1.000000e+02, 4.518722e+01
1.000000e+02, 4.516451e+01
1.000000e+02, 4.514241e+01
1.000000e+02, 4.512090e+01
1.000000e+02, 4.510000e+01
1.000000e+02, 4.507969e+01
1.000000e+02, 4.505999e+01
1.000000e+02, 4.504088e+01
1.000000e+02, 4.502238e+01
1.000000e+02, 4.500447e+01
1.000000e+02, 4.498716e+01
1.000000e+02, 4.497045e+01
1.000000e+02, 4.495434e+01
1.000000e+02, 4.493883e+01
1.000000e+02, 4.492392e+01
1.000000e+02, 4.490960e+01
1.000000e+02, 4.489588e+01
1.000000e+02, 4.488276e+01
1.000000e+02, 4.487024e+01
1.000000e+02, 4.485831e+01
1.000000e+02, 4.484698e+01
1.000000e+02, 4.483625e+01
1.000000e+02, 4.482612e+01
1.000000e+02, 4.481658e+01
1.000000e+02, 4.480764e+01
1.000000e+02, 4.479929e+01
1.000000e+02, 4.479154e+01
1.000000e+02, 4.478439e+01
1.000000e+02, 4.477784e+01
1.000000e+02, 4.477188e+01
1.000000e+02, 4.476651e+01
1.000000e+02, 4.476175e+01
1.000000e+02, 4.475757e+01
1.000000e+02, 4.475400e+01
1.000000e+02, 4.475102e+01
1.000000e+02, 4.474864e+01
1.000000e+02, 4.474685e+01
1.000000e+02, 4.474566e+01
1.000000e+02, 4.474506e+01
1.000000e+02, 4.474506e+01
1.000000e+02, 4.474566e+01
1.000000e+02, 4.474685e+01
1.000000e+02, 4.474864e+01
1.000000e+02, 4.475102e+01
1.000000e+02, 4.475400e+01
1.000000e+02, 4.475757e+01
1.000000e+02, 4.476175e+01
1.000000e+02, 4.476651e+01
1.000000e+02, 4.477188e+01
1.000000e+02, 4.477784e+01
1.000000e+02, 4.478439e+01
1.000000e+02, 4.479154e+01
1.000000e+02, 4.479929e+01
1.000000e+02, 4.480764e+01
1.000000e+02, 4.481658e+01
1.000000e+02, 4.482612e+01
1.000000e+02, 4.483625e+01
1.000000e+02, 4.484698e+01
1.000000e+02, 4.485831e+01
1.000000e+02, 4.487024e+01
1.000000e+02, 4.488276e+01
1.000000e+02, 4.489588e+01
1.000000e+02, 4.490960e+01
1.000000e+02, 4.492392e+01
1.000000e+02, 4.493883e+01
1.000000e+02, 4.495434e+01
1.000000e+02, 4.497045e+01
1.000000e+02, 4.498716e+01
1.000000e+02, 4.500447e+01
1.000000e+02, 4.502238e+01
1.000000e+02, 4.504088e+01
1.000000e+02, 4.505999e+01
1.000000e+02, 4.507969e+01
1.000000e+02, 4.510000e+01
1.000000e+02, 4.512090e+01
1.000000e+02, 4.514241e+01
1.000000e+02, 4.516451e+01
1.000000e+02, 4.518722e+01
1.000000e+02, 4.521053e+01
1.000000e+02, 4.523444e+01
1.000000e+02, 4.525895e+01
1.000000e+02, 4.528406e+01
1.000000e+02, 4.530978e+01
1.000000e+02, 4.533609e+01
1.000000e+02, 4.536301e+01
1.000000e+02, 4.539054e+01
1.000000e+02, 4.541866e+01
1.000000e+02, 4.544740e+01
1.000000e+02, 4.547673e+01
1.000000e+02, 4.550667e+01
1.000000e+02, 4.553722e+01
1.000000e+02, 4.556837e+01
1.000000e+02, 4.560012e+01
1.000000e+02, 4.563249e+01
1.000000e+02, 4.566545e+01
1.000000e+02, 4.569903e+01
1.000000e+02, 4.573321e+01
1.000000e+02, 4.576800e+01
1.000000e+02, 4.580340e+01
1.000000e+02, 4.583941e+01
1.000000e+02, 4.587603e+01
1.000000e+02, 4.591325e+01
1.000000e+02, 4.595109e+01
1.000000e+02, 4.598954e+01
1.000000e+02, 4.602859e+01
1.000000e+02, 4.606826e+01
1.000000e+02, 4.610854e+01
1.000000e+02, 4.614944e+01
1.000000e+02, 4.619094e+01
1.000000e+02, 4.623306e+01
1.000000e+02, 4.627580e+01
1.000000e+02, 4.631914e+01
1.000000e+02, 4.636311e+01
1.000000e+02, 4.640768e+01
1.000000e+02, 4.645288e+01
1.000000e+02, 4.649869e+01
1.000000e+02, 4.654512e+01
1.000000e+02, 4.659216e+01
1.000000e+02, 4.663983e+01
1.000000e+02, 4.668811e+01
1.000000e+02, 4.673701e+01
1.000000e+02, 4.678654e+01
1.000000e+02, 4.683668e+01
1.000000e+02, 4.688745e+01
1.000000e+02, 4.693883e+01
1.000000e+02, 4.699084e+01
1.000000e+02, 4.704348e+01
1.000000e+02, 4.709673e+01
1.000000e+02, 4.715062e+01
1.000000e+02, 4.720512e+01
1.000000e+02, 4.726026e+01
1.000000e+02, 4.731602e+01
1.000000e+02, 4.737241e+01
1.000000e+02, 4.742942e+01
1.000000e+02, 4.748707e+01
1.000000e+02, 4.754534e+01
1.000000e+02, 4.760425e+01
1.000000e+02, 4.766378e+01
1.000000e+02, 4.772395e+01
1.000000e+02, 4.778475e+01
1.000000e+02, 4.784619e+01
1.000000e+02, 4.790826e+01
1.000000e+02, 4.797096e+01
1.000000e+02, 4.803430e+01
1.000000e+02, 4.809828e+01
1.000000e+02, 4.816289e+01
1.000000e+02, 4.822815e+01
1.000000e+02, 4.829404e+01
1.000000e+02, 4.836057e+01
1.000000e+02, 4.842774e+01
1.000000e+02, 4.849556e+01
1.000000e+02, 4.856402e+01
1.000000e+02, 4.863312e+01
1.000000e+02, 4.870287e+01
1.000000e+02, 4.877326e+01
1.000000e+02, 4.884430e+01
1.000000e+02, 4.891598e+01
1.000000e+02, 4.898832e+01
1.000000e+02, 4.906130e+01
1.000000e+02, 4.913493e+01
1.000000e+02, 4.920922e+01
1.000000e+02, 4.928416e+01
1.000000e+02, 4.935975e+01
1.000000e+02, 4.943599e+01
1.000000e+02, 4.951289e+01
1.000000e+02, 4.959045e+01
1.000000e+02, 4.966867e+01
1.000000e+02, 4.974754e+01
1.000000e+02, 4.982707e+01
1.000000e+02, 4.990726e+01
1.000000e+02, 4.998812e+01
1.000000e+02, 5.006964e+01
1.000000e+02, 5.015182e+01
1.000000e+02, 5.023467e+01
1.000000e+02, 5.031818e+01
1.000000e+02, 5.040236e+01
1.000000e+02, 5.048721e+01
1.000000e+02, 5.057273e+01
1.000000e+02, 5.065892e+01
1.000000e+02, 5.074578e+01
1.000000e+02, 5.083331e+01
1.000000e+02, 5.092152e+01
1.000000e+02, 5.101041e+01
1.000000e+02, 5.109997e+01
1.000000e+02, 5.119022e+01
1.000000e+02, 5.128114e+01
1.000000e+02, 5.137274e+01
1.000000e+02, 5.146502e+01
1.000000e+02, 5.155799e+01
1.000000e+02, 5.165164e+01
1.000000e+02, 5.174598e+01
1.000000e+02, 5.184101e+01
1.000000e+02, 5.193672e+01
1.000000e+02, 5.203313e+01
1.000000e+02, 5.213023e+01
1.000000e+02, 5.222802e+01
1.000000e+02, 5.232650e+01
1.000000e+02, 5.242568e+01
1.000000e+02, 5.252556e+01
1.000000e+02, 5.262614e+01
1.000000e+02, 5.272742e+01
1.000000e+02, 5.282940e+01
1.000000e+02, 5.293208e+01
1.000000e+02, 5.303547e+01
1.000000e+02, 5.313957e+01
1.000000e+02, 5.324437e+01
1.000000e+02, 5.334988e+01
1.000000e+02, 5.345611e+01
1.000000e+02, 5.356304e+01
1.000000e+02, 5.367070e+01
1.000000e+02, 5.377906e+01
1.000000e+02, 5.388815e+01
1.000000e+02, 5.399795e+01
1.000000e+02, 5.410848e+01
1.000000e+02, 5.421973e+01
1.000000e+02, 5.433170e+01
1.000000e+02, 5.444440e+01
1.000000e+02, 5.455783e+01
1.000000e+02, 5.467198e+01
1.000000e+02, 5.478687e+01
1.000000e+02, 5.490249e+01
1.000000e+02, 5.501885e+01
1.000000e+02, 5.513595e+01
1.000000e+02, 5.525378e+01
1.000000e+02, 5.537235e+01
1.000000e+02, 5.549167e+01
1.000000e+02, 5.561173e+01
1.000000e+02, 5.573254e+01
1.000000e+02, 5.585409e+01
1.000000e+02, 5.597640e+01
1.000000e+02, 5.609946e+01
1.000000e+02, 5.622327e+01
1.000000e+02, 5.634784e+01
1.000000e+02, 5.647317e+01
1.000000e+02, 5.659926e+01
1.000000e+02, 5.672611e+01
1.000000e+02, 5.685372e+01
1.000000e+02, 5.698210e+01
1.000000e+02, 5.711125e+01
1.000000e+02, 5.724118e+01
1.000000e+02, 5.737187e+01
1.000000e+02, 5.750334e+01
1.000000e+02, 5.763559e+01
1.000000e+02, 5.776862e+01
1.000000e+02, 5.790243e+01
1.000000e+02, 5.803703e+01
1.000000e+02, 5.817241e+01
1.000000e+02, 5.830858e+01
1.000000e+02, 5.844554e+01
1.000000e+02, 5.858330e+01
1.000000e+02, 5.872185e+01
1.000000e+02, 5.886120e+01
1.000000e+02, 5.900136e+01
1.000000e+02, 5.914231e+01
1.000000e+02, 5.928408e+01
1.000000e+02, 5.942665e+01
1.000000e+02, 5.957003e+01
1.000000e+02, 5.971423e+01
1.000000e+02, 5.985924e+01
1.000000e+02, 6.000508e+01
1.000000e+02, 6.015173e+01
1.000000e+02, 6.029921e+01
1.000000e+02, 6.044751e+01
1.000000e+02, 6.059665e+01
1.000000e+02, 6.074662e+01
1.000000e+02, 6.089742e+01
1.000000e+02, 6.104907e+01
1.000000e+02, 6.120155e+01
1.000000e+02, 6.135488e+01
1.000000e+02, 6.150905e+01
1.000000e+02, 6.166408e+01
1.000000e+02, 6.181996e+01
1.000000e+02, 6.197669e+01
1.000000e+02, 6.213428e+01
1.000000e+02, 6.229274e+01
1.000000e+02, 6.245206e+01
1.000000e+02, 6.261224e+01
1.000000e+02, 6.277330e+01
1.000000e+02, 6.293524e+01
1.000000e+02, 6.309805e+01
1.000000e+02, 6.326174e+01
1.000000e+02, 6.342632e+01
1.000000e+02, 6.359178e+01
1.000000e+02, 6.375814e+01
1.000000e+02, 6.392539e+01
1.000000e+02, 6.409353e+01
1.000000e+02, 6.426258e+01
1.000000e+02, 6.443254e+01
1.000000e+02, 6.460340e+01
1.000000e+02, 6.477517e+01
1.000000e+02, 6.494786e+01
1.000000e+02, 6.512147e+01
1.000000e+02, 6.529600e+01
1.000000e+02, 6.547146e+01
1.000000e+02, 6.564785e+01
1.000000e+02, 6.582517e+01
1.000000e+02, 6.600343e+01
1.000000e+02, 6.618263e+01
1.000000e+02, 6.636278e+01
1.000000e+02, 6.654388e+01
1.000000e+02, 6.672593e+01
1.000000e+02, 6.690894e+01
1.000000e+02, 6.709292e+01
1.000000e+02, 6.727785e+01
1.000000e+02, 6.746376e+01
1.000000e+02, 6.765065e+01
1.000000e+02, 6.783851e+01
1.000000e+02, 6.802736e+01
1.000000e+02, 6.821719e+01
1.000000e+02, 6.840802e+01
1.000000e+02, 6.859984e+01
1.000000e+02, 6.879266e+01
1.000000e+02, 6.898649e+01
1.000000e+02, 6.918133e+01
1.000000e+02, 6.937719e+01
1.000000e+02, 6.957407e+01
1.000000e+02, 6.977197e+01
1.000000e+02, 6.997090e+01
1.000000e+02, 7.017086e+01
1.000000e+02, 7.037187e+01
1.000000e+02, 7.057392e+01
1.000000e+02, 7.077701e+01
1.000000e+02, 7.098117e+01
1.000000e+02, 7.118638e+01
1.000000e+02, 7.139266e+01
1.000000e+02, 7.160001e+01
1.000000e+02, 7.180844e+01
1.000000e+02, 7.201794e+01
1.000000e+02, 7.222854e+01
1.000000e+02, 7.244023e+01
1.000000e+02, 7.265301e+01
1.000000e+02, 7.286690e+01
1.000000e+02, 7.308190e+01
1.000000e+02, 7.329802e+01
1.000000e+02, 7.351526e+01
1.000000e+02, 7.373362e+01
1.000000e+02, 7.395312e+01
1.000000e+02, 7.417376e+01
1.000000e+02, 7.439555e+01
1.000000e+02, 7.461849e+01
1.000000e+02, 7.484259e+01
1.000000e+02, 7.506785e+01
1.000000e+02, 7.529429e+01
1.000000e+02, 7.552190e+01
1.000000e+02, 7.575071e+01
1.000000e+02, 7.598070e+01
1.000000e+02, 7.621189e+01
1.000000e+02, 7.644429e+01
1.000000e+02, 7.667791e+01
1.000000e+02, 7.691274e+01
1.000000e+02, 7.714880e+01
1.000000e+02, 7.738610e+01
1.000000e+02, 7.762464e+01
1.000000e+02, 7.786444e+01
1.000000e+02, 7.810549e+01
1.000000e+02, 7.834780e+01
1.000000e+02, 7.859139e+01
1.000000e+02, 7.883627e+01
1.000000e+02, 7.908243e+01
1.000000e+02, 7.932989e+01
1.000000e+02, 7.957866e+01
1.000000e+02, 7.982874e+01
1.000000e+02, 8.008015e+01
1.000000e+02, 8.033289e+01
1.000000e+02, 8.058697e+01
1.000000e+02, 8.084241e+01
1.000000e+02, 8.109920e+01
1.000000e+02, 8.135736e+01
1.000000e+02, 8.161690e+01
1.000000e+02, 8.187783e+01
1.000000e+02, 8.214015e+01
1.000000e+02, 8.240388e+01
1.000000e+02, 8.266903e+01
1.000000e+02, 8.293560e+01
1.000000e+02, 8.320362e+01
1.000000e+02, 8.347308e+01
1.000000e+02, 8.374399e+01
1.000000e+02, 8.401638e+01
1.000000e+02, 8.429025e+01
1.000000e+02, 8.456560e+01
1.000000e+02, 8.484246e+01
1.000000e+02, 8.512084e+01
1.000000e+02, 8.540073e+01
1.000000e+02, 8.568217e+01
1.000000e+02, 8.596515e+01
1.000000e+02, 8.624969e+01
1.000000e+02, 8.653581e+01
1.000000e+02, 8.682351e+01
1.000000e+02, 8.711281e+01
1.000000e+02, 8.740372e+01
1.000000e+02, 8.769625e+01
1.000000e+02, 8.799042e+01
1.000000e+02, 8.828625e+01
1.000000e+02, 8.858373e+01
1.000000e+02, 8.888290e+01
1.000000e+02, 8.918376e+01
1.000000e+02, 8.948632e+01
1.000000e+02, 8.979061e+01
1.000000e+02, 9.009664e+01
1.000000e+02, 9.040442e+01
1.000000e+02, 9.071396e+01
1.000000e+02, 9.102529e+01
1.000000e+02, 9.133842e+01
1.000000e+02, 9.165337e+01
1.000000e+02, 9.197015e+01
1.000000e+02, 9.228878e+01
1.000000e+02, 9.260928e+01
1.000000e+02, 9.293166e+01
1.000000e+02, 9.325594e+01
1.000000e+02, 9.358215e+01
1.000000e+02, 9.391029e+01
1.000000e+02, 9.424040e+01
1.000000e+02, 9.457248e+01
1.000000e+02, 9.490656e+01
1.000000e+02, 9.524266e+01
1.000000e+02, 9.558079e+01
1.000000e+02, 9.592099e+01
1.000000e+02, 9.626326e+01
1.000000e+02, 9.660764e+01
1.000000e+02, 9.695414e+01
1.000000e+02, 9.730279e+01
1.000000e+02, 9.765361e+01
1.000000e+02, 9.800662e+01
1.000000e+02, 9.836185e+01
1.000000e+02, 9.871933e+01
1.000000e+02, 9.907907e+01
1.000000e+02, 9.944110e+01
1.000000e+02, 9.980545e+01
1.000000e+02, 1.001722e+02
1.000000e+02, 1.005412e+02
1.000000e+02, 1.009127e+02
1.000000e+02, 1.012866e+02
1.000000e+02, 1.016630e+02
1.000000e+02, 1.020418e+02
1.000000e+02, 1.024232e+02
1.000000e+02, 1.028071e+02
1.000000e+02, 1.031936e+02
1.000000e+02, 1.035827e+02
1.000000e+02, 1.039745e+02
1.000000e+02, 1.043690e+02
1.000000e+02, 1.047661e+02
1.000000e+02, 1.051661e+02
1.000000e+02, 1.055688e+02
1.000000e+02, 1.059743e+02
1.000000e+02, 1.063828e+02
1.000000e+02, 1.067941e+02
1.000000e+02, 1.072084e+02
1.000000e+02, 1.076256e+02
1.000000e+02, 1.080459e+02
1.000000e+02, 1.084693e+02
1.000000e+02, 1.088958e+02
1.000000e+02, 1.093255e+02
1.000000e+02, 1.097584e+02
1.000000e+02, 1.101946e+02
1.000000e+02, 1.106341e+02
1.000000e+02, 1.110769e+02
1.000000e+02, 1.115232e+02
1.000000e+02, 1.119730e+02
1.000000e+02, 1.124263e+02
1.000000e+02, 1.128832e+02
1.000000e+02, 1.133438e+02
1.000000e+02, 1.138081e+02
1.000000e+02, 1.142761e+02
1.000000e+02, 1.147480e+02
1.000000e+02, 1.152239e+02
1.000000e+02, 1.157037e+02
1.000000e+02, 1.161876e+02
1.000000e+02, 1.166756e+02
1.000000e+02, 1.171678e+02
1.000000e+02, 1.176644e+02
1.000000e+02, 1.181653e+02
1.000000e+02, 1.186706e+02
1.000000e+02, 1.191806e+02
1.000000e+02, 1.196952e+02
1.000000e+02, 1.202145e+02
1.000000e+02, 1.207386e+02
1.000000e+02, 1.212678e+02
1.000000e+02, 1.218019e+02
1.000000e+02, 1.223413e+02
1.000000e+02, 1.228859e+02
1.000000e+02, 1.234359e+02
1.000000e+02, 1.239914e+02
1.000000e+02, 1.245527e+02
1.000000e+02, 1.251197e+02
1.000000e+02, 1.256926e+02
1.000000e+02, 1.262716e+02
1.000000e+02, 1.268569e+02
1.000000e+02, 1.274486e+02
1.000000e+02, 1.280468e+02
1.000000e+02, 1.286519e+02
1.000000e+02, 1.292638e+02
1.000000e+02, 1.298829e+02
1.000000e+02, 1.305093e+02
1.000000e+02, 1.311433e+02
1.000000e+02, 1.317851e+02
1.000000e+02, 1.324349e+02
1.000000e+02, 1.330930e+02
1.000000e+02, 1.337596e+02
1.000000e+02, 1.344351e+02
1.000000e+02, 1.351197e+02
1.000000e+02, 1.358137e+02
1.000000e+02, 1.365175e+02
1.000000e+02, 1.372315e+02
1.000000e+02, 1.379560e+02
1.000000e+02, 1.386914e+02
1.000000e+02, 1.394382e+02
1.000000e+02, 1.401968e+02
1.000000e+02, 1.409678e+02
1.000000e+02, 1.417516e+02
1.000000e+02, 1.425489e+02
1.000000e+02, 1.433603e+02
1.000000e+02, 1.441864e+02
1.000000e+02, 1.450279e+02
1.000000e+02, 1.458858e+02
1.000000e+02, 1.467608e+02
1.000000e+02, 1.476539e+02
1.000000e+02, 1.485662e+02
1.000000e+02, 1.494987e+02
1.000000e+02, 1.504529e+02
1.000000e+02, 1.514300e+02
1.000000e+02, 1.524318e+02
1.000000e+02, 1.534599e+02
1.000000e+02, 1.545165e+02
1.000000e+02, 1.556037e+02
1.000000e+02, 1.567243e+02
1.000000e+02, 1.578812e+02
1.000000e+02, 1.590779e+02
1.000000e+02, 1.603188e+02
1.000000e+02, 1.616085e+02
1.000000e+02, 1.629532e+02
1.000000e+02, 1.643600e+02
1.000000e+02, 1.658381e+02
1.000000e+02, 1.673989e+02
1.000000e+02, 1.690576e+02
1.000000e+02, 1.708344e+02
1.000000e+02, 1.727580e+02
1.000000e+02, 1.748713e+02
1.000000e+02, 1.772431e+02
1.000000e+02, 1.800000e+02
##END= 