##TITLE= /opt/topspin3.0/exp/stan/nmr/lists/wave/user/HypSec_trunc2.84_110
##JCAMP-DX= 5.00 Bruker JCAMP library
##DATA TYPE= Shape Data
##ORIGIN= Bruker BioSpin GmbH
##OWNER= <nmrsu>
##DATE= 15/02/24
##TIME= 16:15:04
##MINX= 1.164538e+01
##MAXX= 9.999960e+01
##MINY= 2.546774e-02
##MAXY= 3.585574e+02
##$SHAPE_EXMODE= Adiabatic
##$SHAPE_TOTROT= 1.800000e+02
##$SHAPE_BWFAC= 1.929340e+02
##$SHAPE_INTEGFAC= 2.356110e-02
##$SHAPE_MODE= 0
##NPOINTS= 1000
##XYPOINTS= (XY..XY)
1.000000e+02, 1.800000e+02
1.000000e+02, 1.760141e+02
1.000000e+02, 1.725849e+02
1.000000e+02, 1.695297e+02
1.000000e+02, 1.667485e+02
1.000000e+02, 1.641796e+02
1.000000e+02, 1.617816e+02
1.000000e+02, 1.595250e+02
1.000000e+02, 1.573880e+02
1.000000e+02, 1.553540e+02
1.000000e+02, 1.534099e+02
1.000000e+02, 1.515452e+02
1.000000e+02, 1.497512e+02
1.000000e+02, 1.480210e+02
1.000000e+02, 1.463483e+02
1.000000e+02, 1.447282e+02
1.000000e+02, 1.431563e+02
1.000000e+02, 1.416288e+02
1.000000e+02, 1.401423e+02
1.000000e+02, 1.386940e+02
1.000000e+02, 1.372813e+02
1.000000e+02, 1.359018e+02
1.000000e+02, 1.345535e+02
1.000000e+02, 1.332345e+02
1.000000e+02, 1.319433e+02
1.000000e+02, 1.306782e+02
1.000000e+02, 1.294380e+02
1.000000e+02, 1.282212e+02
1.000000e+02, 1.270269e+02
1.000000e+02, 1.258538e+02
1.000000e+02, 1.247012e+02
1.000000e+02, 1.235679e+02
1.000000e+02, 1.224533e+02
1.000000e+02, 1.213565e+02
1.000000e+02, 1.202768e+02
1.000000e+02, 1.192135e+02
1.000000e+02, 1.181660e+02
1.000000e+02, 1.171338e+02
1.000000e+02, 1.161162e+02
1.000000e+02, 1.151128e+02
1.000000e+02, 1.141230e+02
1.000000e+02, 1.131464e+02
1.000000e+02, 1.121826e+02
1.000000e+02, 1.112312e+02
1.000000e+02, 1.102917e+02
1.000000e+02, 1.093638e+02
1.000000e+02, 1.084472e+02
1.000000e+02, 1.075415e+02
1.000000e+02, 1.066465e+02
1.000000e+02, 1.057617e+02
1.000000e+02, 1.048870e+02
1.000000e+02, 1.040221e+02
1.000000e+02, 1.031666e+02
1.000000e+02, 1.023204e+02
1.000000e+02, 1.014833e+02
1.000000e+02, 1.006549e+02
1.000000e+02, 9.983516e+01
1.000000e+02, 9.902377e+01
1.000000e+02, 9.822057e+01
1.000000e+02, 9.742536e+01
1.000000e+02, 9.663796e+01
1.000000e+02, 9.585820e+01
1.000000e+02, 9.508591e+01
1.000000e+02, 9.432093e+01
1.000000e+02, 9.356309e+01
1.000000e+02, 9.281227e+01
1.000000e+02, 9.206830e+01
1.000000e+02, 9.133104e+01
1.000000e+02, 9.060038e+01
1.000000e+02, 8.987617e+01
1.000000e+02, 8.915829e+01
1.000000e+02, 8.844663e+01
1.000000e+02, 8.774106e+01
1.000000e+02, 8.704147e+01
1.000000e+02, 8.634775e+01
1.000000e+02, 8.565980e+01
1.000000e+02, 8.497752e+01
1.000000e+02, 8.430080e+01
1.000000e+02, 8.362955e+01
1.000000e+02, 8.296368e+01
1.000000e+02, 8.230310e+01
1.000000e+02, 8.164771e+01
1.000000e+02, 8.099745e+01
1.000000e+02, 8.035221e+01
1.000000e+02, 7.971193e+01
1.000000e+02, 7.907652e+01
1.000000e+02, 7.844591e+01
1.000000e+02, 7.782003e+01
1.000000e+02, 7.719880e+01
1.000000e+02, 7.658216e+01
1.000000e+02, 7.597004e+01
1.000000e+02, 7.536237e+01
1.000000e+02, 7.475908e+01
1.000000e+02, 7.416012e+01
1.000000e+02, 7.356543e+01
1.000000e+02, 7.297494e+01
1.000000e+02, 7.238860e+01
1.000000e+02, 7.180636e+01
1.000000e+02, 7.122815e+01
1.000000e+02, 7.065392e+01
1.000000e+02, 7.008362e+01
1.000000e+02, 6.951721e+01
1.000000e+02, 6.895462e+01
1.000000e+02, 6.839582e+01
1.000000e+02, 6.784075e+01
1.000000e+02, 6.728937e+01
1.000000e+02, 6.674163e+01
1.000000e+02, 6.619749e+01
1.000000e+02, 6.565691e+01
1.000000e+02, 6.511984e+01
1.000000e+02, 6.458624e+01
1.000000e+02, 6.405607e+01
1.000000e+02, 6.352930e+01
1.000000e+02, 6.300588e+01
1.000000e+02, 6.248577e+01
1.000000e+02, 6.196894e+01
1.000000e+02, 6.145535e+01
1.000000e+02, 6.094497e+01
1.000000e+02, 6.043777e+01
1.000000e+02, 5.993370e+01
1.000000e+02, 5.943273e+01
1.000000e+02, 5.893483e+01
1.000000e+02, 5.843998e+01
1.000000e+02, 5.794813e+01
1.000000e+02, 5.745926e+01
1.000000e+02, 5.697334e+01
1.000000e+02, 5.649033e+01
1.000000e+02, 5.601021e+01
1.000000e+02, 5.553295e+01
1.000000e+02, 5.505853e+01
1.000000e+02, 5.458690e+01
1.000000e+02, 5.411806e+01
1.000000e+02, 5.365196e+01
1.000000e+02, 5.318860e+01
1.000000e+02, 5.272793e+01
1.000000e+02, 5.226993e+01
1.000000e+02, 5.181459e+01
1.000000e+02, 5.136187e+01
1.000000e+02, 5.091175e+01
1.000000e+02, 5.046422e+01
1.000000e+02, 5.001924e+01
1.000000e+02, 4.957679e+01
1.000000e+02, 4.913685e+01
1.000000e+02, 4.869941e+01
1.000000e+02, 4.826443e+01
1.000000e+02, 4.783190e+01
1.000000e+02, 4.740180e+01
1.000000e+02, 4.697411e+01
1.000000e+02, 4.654880e+01
1.000000e+02, 4.612586e+01
1.000000e+02, 4.570526e+01
1.000000e+02, 4.528700e+01
1.000000e+02, 4.487105e+01
1.000000e+02, 4.445739e+01
1.000000e+02, 4.404600e+01
1.000000e+02, 4.363687e+01
1.000000e+02, 4.322997e+01
1.000000e+02, 4.282530e+01
1.000000e+02, 4.242284e+01
1.000000e+02, 4.202256e+01
1.000000e+02, 4.162445e+01
1.000000e+02, 4.122850e+01
1.000000e+02, 4.083469e+01
1.000000e+02, 4.044300e+01
1.000000e+02, 4.005342e+01
1.000000e+02, 3.966593e+01
1.000000e+02, 3.928052e+01
1.000000e+02, 3.889718e+01
1.000000e+02, 3.851588e+01
1.000000e+02, 3.813661e+01
1.000000e+02, 3.775937e+01
1.000000e+02, 3.738413e+01
1.000000e+02, 3.701089e+01
1.000000e+02, 3.663962e+01
1.000000e+02, 3.627032e+01
1.000000e+02, 3.590298e+01
1.000000e+02, 3.553757e+01
1.000000e+02, 3.517409e+01
1.000000e+02, 3.481252e+01
1.000000e+02, 3.445285e+01
1.000000e+02, 3.409508e+01
1.000000e+02, 3.373918e+01
1.000000e+02, 3.338515e+01
1.000000e+02, 3.303297e+01
1.000000e+02, 3.268263e+01
1.000000e+02, 3.233412e+01
1.000000e+02, 3.198744e+01
1.000000e+02, 3.164256e+01
1.000000e+02, 3.129947e+01
1.000000e+02, 3.095818e+01
1.000000e+02, 3.061866e+01
1.000000e+02, 3.028090e+01
1.000000e+02, 2.994490e+01
1.000000e+02, 2.961065e+01
1.000000e+02, 2.927813e+01
1.000000e+02, 2.894733e+01
1.000000e+02, 2.861825e+01
1.000000e+02, 2.829087e+01
1.000000e+02, 2.796519e+01
1.000000e+02, 2.764119e+01
1.000000e+02, 2.731887e+01
1.000000e+02, 2.699821e+01
1.000000e+02, 2.667921e+01
1.000000e+02, 2.636186e+01
1.000000e+02, 2.604615e+01
1.000000e+02, 2.573207e+01
1.000000e+02, 2.541962e+01
1.000000e+02, 2.510877e+01
1.000000e+02, 2.479953e+01
1.000000e+02, 2.449189e+01
1.000000e+02, 2.418584e+01
1.000000e+02, 2.388136e+01
1.000000e+02, 2.357846e+01
1.000000e+02, 2.327712e+01
1.000000e+02, 2.297734e+01
1.000000e+02, 2.267910e+01
1.000000e+02, 2.238241e+01
1.000000e+02, 2.208725e+01
1.000000e+02, 2.179361e+01
1.000000e+02, 2.150149e+01
1.000000e+02, 2.121088e+01
1.000000e+02, 2.092178e+01
1.000000e+02, 2.063417e+01
1.000000e+02, 2.034805e+01
1.000000e+02, 2.006341e+01
1.000000e+02, 1.978024e+01
1.000000e+02, 1.949854e+01
1.000000e+02, 1.921831e+01
1.000000e+02, 1.893953e+01
1.000000e+02, 1.866219e+01
1.000000e+02, 1.838630e+01
1.000000e+02, 1.811184e+01
1.000000e+02, 1.783881e+01
1.000000e+02, 1.756720e+01
1.000000e+02, 1.729701e+01
1.000000e+02, 1.702822e+01
1.000000e+02, 1.676084e+01
1.000000e+02, 1.649486e+01
1.000000e+02, 1.623026e+01
1.000000e+02, 1.596705e+01
1.000000e+02, 1.570523e+01
1.000000e+02, 1.544477e+01
1.000000e+02, 1.518568e+01
1.000000e+02, 1.492796e+01
1.000000e+02, 1.467159e+01
1.000000e+02, 1.441657e+01
1.000000e+02, 1.416289e+01
1.000000e+02, 1.391056e+01
1.000000e+02, 1.365956e+01
1.000000e+02, 1.340989e+01
1.000000e+02, 1.316154e+01
1.000000e+02, 1.291451e+01
1.000000e+02, 1.266879e+01
1.000000e+02, 1.242438e+01
1.000000e+02, 1.218128e+01
1.000000e+02, 1.193947e+01
1.000000e+02, 1.169896e+01
1.000000e+02, 1.145973e+01
1.000000e+02, 1.122179e+01
1.000000e+02, 1.098513e+01
1.000000e+02, 1.074974e+01
1.000000e+02, 1.051562e+01
1.000000e+02, 1.028276e+01
1.000000e+02, 1.005116e+01
1.000000e+02, 9.820822e+00
1.000000e+02, 9.591732e+00
1.000000e+02, 9.363887e+00
1.000000e+02, 9.137284e+00
1.000000e+02, 8.911919e+00
1.000000e+02, 8.687787e+00
1.000000e+02, 8.464884e+00
1.000000e+02, 8.243205e+00
1.000000e+02, 8.022746e+00
1.000000e+02, 7.803504e+00
1.000000e+02, 7.585474e+00
1.000000e+02, 7.368651e+00
1.000000e+02, 7.153033e+00
1.000000e+02, 6.938614e+00
1.000000e+02, 6.725391e+00
1.000000e+02, 6.513361e+00
1.000000e+02, 6.302518e+00
1.000000e+02, 6.092860e+00
1.000000e+02, 5.884382e+00
1.000000e+02, 5.677081e+00
1.000000e+02, 5.470953e+00
1.000000e+02, 5.265995e+00
1.000000e+02, 5.062202e+00
1.000000e+02, 4.859571e+00
1.000000e+02, 4.658098e+00
1.000000e+02, 4.457780e+00
1.000000e+02, 4.258614e+00
1.000000e+02, 4.060595e+00
1.000000e+02, 3.863721e+00
1.000000e+02, 3.667988e+00
1.000000e+02, 3.473392e+00
1.000000e+02, 3.279931e+00
1.000000e+02, 3.087600e+00
1.000000e+02, 2.896398e+00
1.000000e+02, 2.706319e+00
1.000000e+02, 2.517362e+00
1.000000e+02, 2.329523e+00
1.000000e+02, 2.142799e+00
1.000000e+02, 1.957186e+00
1.000000e+02, 1.772682e+00
1.000000e+02, 1.589284e+00
1.000000e+02, 1.406988e+00
1.000000e+02, 1.225791e+00
1.000000e+02, 1.045691e+00
1.000000e+02, 8.666848e-01
1.000000e+02, 6.887690e-01
1.000000e+02, 5.119410e-01
1.000000e+02, 3.361978e-01
1.000000e+02, 1.615366e-01
1.000000e+02, 3.599880e+02
1.000000e+02, 3.598154e+02
1.000000e+02, 3.596440e+02
1.000000e+02, 3.594737e+02
1.000000e+02, 3.593044e+02
1.000000e+02, 3.591361e+02
1.000000e+02, 3.589690e+02
1.000000e+02, 3.588029e+02
1.000000e+02, 3.586378e+02
1.000000e+02, 3.584738e+02
1.000000e+02, 3.583109e+02
1.000000e+02, 3.581490e+02
1.000000e+02, 3.579882e+02
1.000000e+02, 3.578284e+02
1.000000e+02, 3.576696e+02
1.000000e+02, 3.575119e+02
1.000000e+02, 3.573552e+02
1.000000e+02, 3.571996e+02
1.000000e+02, 3.570450e+02
1.000000e+02, 3.568914e+02
1.000000e+02, 3.567388e+02
1.000000e+02, 3.565873e+02
1.000000e+02, 3.564368e+02
1.000000e+02, 3.562873e+02
1.000000e+02, 3.561389e+02
1.000000e+02, 3.559914e+02
1.000000e+02, 3.558450e+02
1.000000e+02, 3.556996e+02
1.000000e+02, 3.555552e+02
1.000000e+02, 3.554118e+02
1.000000e+02, 3.552694e+02
1.000000e+02, 3.551280e+02
1.000000e+02, 3.549877e+02
1.000000e+02, 3.548483e+02
1.000000e+02, 3.547099e+02
1.000000e+02, 3.545725e+02
1.000000e+02, 3.544361e+02
1.000000e+02, 3.543007e+02
1.000000e+02, 3.541663e+02
1.000000e+02, 3.540329e+02
1.000000e+02, 3.539004e+02
1.000000e+02, 3.537690e+02
1.000000e+02, 3.536385e+02
1.000000e+02, 3.535090e+02
1.000000e+02, 3.533805e+02
1.000000e+02, 3.532530e+02
1.000000e+02, 3.531264e+02
1.000000e+02, 3.530008e+02
1.000000e+02, 3.528762e+02
1.000000e+02, 3.527526e+02
1.000000e+02, 3.526299e+02
1.000000e+02, 3.525082e+02
1.000000e+02, 3.523875e+02
1.000000e+02, 3.522677e+02
1.000000e+02, 3.521489e+02
1.000000e+02, 3.520310e+02
1.000000e+02, 3.519141e+02
1.000000e+02, 3.517982e+02
1.000000e+02, 3.516832e+02
1.000000e+02, 3.515692e+02
1.000000e+02, 3.514561e+02
1.000000e+02, 3.513439e+02
1.000000e+02, 3.512328e+02
1.000000e+02, 3.511225e+02
1.000000e+02, 3.510132e+02
1.000000e+02, 3.509049e+02
1.000000e+02, 3.507975e+02
1.000000e+02, 3.506910e+02
1.000000e+02, 3.505855e+02
1.000000e+02, 3.504809e+02
1.000000e+02, 3.503773e+02
1.000000e+02, 3.502746e+02
1.000000e+02, 3.501728e+02
1.000000e+02, 3.500720e+02
1.000000e+02, 3.499721e+02
1.000000e+02, 3.498731e+02
1.000000e+02, 3.497751e+02
1.000000e+02, 3.496779e+02
1.000000e+02, 3.495817e+02
1.000000e+02, 3.494865e+02
1.000000e+02, 3.493921e+02
1.000000e+02, 3.492987e+02
1.000000e+02, 3.492062e+02
1.000000e+02, 3.491146e+02
1.000000e+02, 3.490240e+02
1.000000e+02, 3.489342e+02
1.000000e+02, 3.488454e+02
1.000000e+02, 3.487575e+02
1.000000e+02, 3.486705e+02
1.000000e+02, 3.485845e+02
1.000000e+02, 3.484993e+02
1.000000e+02, 3.484150e+02
1.000000e+02, 3.483317e+02
1.000000e+02, 3.482493e+02
1.000000e+02, 3.481677e+02
1.000000e+02, 3.480871e+02
1.000000e+02, 3.480074e+02
1.000000e+02, 3.479286e+02
1.000000e+02, 3.478507e+02
1.000000e+02, 3.477737e+02
1.000000e+02, 3.476976e+02
1.000000e+02, 3.476224e+02
1.000000e+02, 3.475481e+02
1.000000e+02, 3.474747e+02
1.000000e+02, 3.474022e+02
1.000000e+02, 3.473306e+02
1.000000e+02, 3.472599e+02
1.000000e+02, 3.471901e+02
1.000000e+02, 3.471212e+02
1.000000e+02, 3.470532e+02
1.000000e+02, 3.469861e+02
1.000000e+02, 3.469198e+02
1.000000e+02, 3.468545e+02
1.000000e+02, 3.467900e+02
1.000000e+02, 3.467265e+02
1.000000e+02, 3.466638e+02
1.000000e+02, 3.466020e+02
1.000000e+02, 3.465411e+02
1.000000e+02, 3.464811e+02
1.000000e+02, 3.464220e+02
1.000000e+02, 3.463638e+02
1.000000e+02, 3.463064e+02
1.000000e+02, 3.462499e+02
1.000000e+02, 3.461943e+02
1.000000e+02, 3.461396e+02
1.000000e+02, 3.460858e+02
1.000000e+02, 3.460329e+02
1.000000e+02, 3.459808e+02
1.000000e+02, 3.459296e+02
1.000000e+02, 3.458793e+02
1.000000e+02, 3.458299e+02
1.000000e+02, 3.457814e+02
1.000000e+02, 3.457337e+02
1.000000e+02, 3.456869e+02
1.000000e+02, 3.456410e+02
1.000000e+02, 3.455960e+02
1.000000e+02, 3.455518e+02
1.000000e+02, 3.455085e+02
1.000000e+02, 3.454661e+02
1.000000e+02, 3.454246e+02
1.000000e+02, 3.453839e+02
1.000000e+02, 3.453441e+02
1.000000e+02, 3.453052e+02
1.000000e+02, 3.452671e+02
1.000000e+02, 3.452300e+02
1.000000e+02, 3.451937e+02
1.000000e+02, 3.451582e+02
1.000000e+02, 3.451237e+02
1.000000e+02, 3.450900e+02
1.000000e+02, 3.450571e+02
1.000000e+02, 3.450252e+02
1.000000e+02, 3.449941e+02
1.000000e+02, 3.449639e+02
1.000000e+02, 3.449345e+02
1.000000e+02, 3.449060e+02
1.000000e+02, 3.448784e+02
1.000000e+02, 3.448516e+02
1.000000e+02, 3.448257e+02
1.000000e+02, 3.448007e+02
1.000000e+02, 3.447766e+02
1.000000e+02, 3.447533e+02
1.000000e+02, 3.447308e+02
1.000000e+02, 3.447093e+02
1.000000e+02, 3.446886e+02
1.000000e+02, 3.446687e+02
1.000000e+02, 3.446498e+02
1.000000e+02, 3.446317e+02
1.000000e+02, 3.446144e+02
1.000000e+02, 3.445980e+02
1.000000e+02, 3.445825e+02
1.000000e+02, 3.445679e+02
1.000000e+02, 3.445541e+02
1.000000e+02, 3.445412e+02
1.000000e+02, 3.445291e+02
1.000000e+02, 3.445179e+02
1.000000e+02, 3.445076e+02
1.000000e+02, 3.444981e+02
1.000000e+02, 3.444895e+02
1.000000e+02, 3.444817e+02
1.000000e+02, 3.444748e+02
1.000000e+02, 3.444688e+02
1.000000e+02, 3.444636e+02
1.000000e+02, 3.444593e+02
1.000000e+02, 3.444559e+02
1.000000e+02, 3.444533e+02
1.000000e+02, 3.444516e+02
1.000000e+02, 3.444507e+02
1.000000e+02, 3.444507e+02
1.000000e+02, 3.444516e+02
1.000000e+02, 3.444533e+02
1.000000e+02, 3.444559e+02
1.000000e+02, 3.444593e+02
1.000000e+02, 3.444636e+02
1.000000e+02, 3.444688e+02
1.000000e+02, 3.444748e+02
1.000000e+02, 3.444817e+02
1.000000e+02, 3.444895e+02
1.000000e+02, 3.444981e+02
1.000000e+02, 3.445076e+02
1.000000e+02, 3.445179e+02
1.000000e+02, 3.445291e+02
1.000000e+02, 3.445412e+02
1.000000e+02, 3.445541e+02
1.000000e+02, 3.445679e+02
1.000000e+02, 3.445825e+02
1.000000e+02, 3.445980e+02
1.000000e+02, 3.446144e+02
1.000000e+02, 3.446317e+02
1.000000e+02, 3.446498e+02
1.000000e+02, 3.446687e+02
1.000000e+02, 3.446886e+02
1.000000e+02, 3.447093e+02
1.000000e+02, 3.447308e+02
1.000000e+02, 3.447533e+02
1.000000e+02, 3.447766e+02
1.000000e+02, 3.448007e+02
1.000000e+02, 3.448257e+02
1.000000e+02, 3.448516e+02
1.000000e+02, 3.448784e+02
1.000000e+02, 3.449060e+02
1.000000e+02, 3.449345e+02
1.000000e+02, 3.449639e+02
1.000000e+02, 3.449941e+02
1.000000e+02, 3.450252e+02
1.000000e+02, 3.450571e+02
1.000000e+02, 3.450900e+02
1.000000e+02, 3.451237e+02
1.000000e+02, 3.451582e+02
1.000000e+02, 3.451937e+02
1.000000e+02, 3.452300e+02
1.000000e+02, 3.452671e+02
1.000000e+02, 3.453052e+02
1.000000e+02, 3.453441e+02
1.000000e+02, 3.453839e+02
1.000000e+02, 3.454246e+02
1.000000e+02, 3.454661e+02
1.000000e+02, 3.455085e+02
1.000000e+02, 3.455518e+02
1.000000e+02, 3.455960e+02
1.000000e+02, 3.456410e+02
1.000000e+02, 3.456869e+02
1.000000e+02, 3.457337e+02
1.000000e+02, 3.457814e+02
1.000000e+02, 3.458299e+02
1.000000e+02, 3.458793e+02
1.000000e+02, 3.459296e+02
1.000000e+02, 3.459808e+02
1.000000e+02, 3.460329e+02
1.000000e+02, 3.460858e+02
1.000000e+02, 3.461396e+02
1.000000e+02, 3.461943e+02
1.000000e+02, 3.462499e+02
1.000000e+02, 3.463064e+02
1.000000e+02, 3.463638e+02
1.000000e+02, 3.464220e+02
1.000000e+02, 3.464811e+02
1.000000e+02, 3.465411e+02
1.000000e+02, 3.466020e+02
1.000000e+02, 3.466638e+02
1.000000e+02, 3.467265e+02
1.000000e+02, 3.467900e+02
1.000000e+02, 3.468545e+02
1.000000e+02, 3.469198e+02
1.000000e+02, 3.469861e+02
1.000000e+02, 3.470532e+02
1.000000e+02, 3.471212e+02
1.000000e+02, 3.471901e+02
1.000000e+02, 3.472599e+02
1.000000e+02, 3.473306e+02
1.000000e+02, 3.474022e+02
1.000000e+02, 3.474747e+02
1.000000e+02, 3.475481e+02
1.000000e+02, 3.476224e+02
1.000000e+02, 3.476976e+02
1.000000e+02, 3.477737e+02
1.000000e+02, 3.478507e+02
1.000000e+02, 3.479286e+02
1.000000e+02, 3.480074e+02
1.000000e+02, 3.480871e+02
1.000000e+02, 3.481677e+02
1.000000e+02, 3.482493e+02
1.000000e+02, 3.483317e+02
1.000000e+02, 3.484150e+02
1.000000e+02, 3.484993e+02
1.000000e+02, 3.485845e+02
1.000000e+02, 3.486705e+02
1.000000e+02, 3.487575e+02
1.000000e+02, 3.488454e+02
1.000000e+02, 3.489342e+02
1.000000e+02, 3.490240e+02
1.000000e+02, 3.491146e+02
1.000000e+02, 3.492062e+02
1.000000e+02, 3.492987e+02
1.000000e+02, 3.493921e+02
1.000000e+02, 3.494865e+02
1.000000e+02, 3.495817e+02
1.000000e+02, 3.496779e+02
1.000000e+02, 3.497751e+02
1.000000e+02, 3.498731e+02
1.000000e+02, 3.499721e+02
1.000000e+02, 3.500720e+02
1.000000e+02, 3.501728e+02
1.000000e+02, 3.502746e+02
1.000000e+02, 3.503773e+02
1.000000e+02, 3.504809e+02
1.000000e+02, 3.505855e+02
1.000000e+02, 3.506910e+02
1.000000e+02, 3.507975e+02
1.000000e+02, 3.509049e+02
1.000000e+02, 3.510132e+02
1.000000e+02, 3.511225e+02
1.000000e+02, 3.512328e+02
1.000000e+02, 3.513439e+02
1.000000e+02, 3.514561e+02
1.000000e+02, 3.515692e+02
1.000000e+02, 3.516832e+02
1.000000e+02, 3.517982e+02
1.000000e+02, 3.519141e+02
1.000000e+02, 3.520310e+02
1.000000e+02, 3.521489e+02
1.000000e+02, 3.522677e+02
1.000000e+02, 3.523875e+02
1.000000e+02, 3.525082e+02
1.000000e+02, 3.526299e+02
1.000000e+02, 3.527526e+02
1.000000e+02, 3.528762e+02
1.000000e+02, 3.530008e+02
1.000000e+02, 3.531264e+02
1.000000e+02, 3.532530e+02
1.000000e+02, 3.533805e+02
1.000000e+02, 3.535090e+02
1.000000e+02, 3.536385e+02
1.000000e+02, 3.537690e+02
1.000000e+02, 3.539004e+02
1.000000e+02, 3.540329e+02
1.000000e+02, 3.541663e+02
1.000000e+02, 3.543007e+02
1.000000e+02, 3.544361e+02
1.000000e+02, 3.545725e+02
1.000000e+02, 3.547099e+02
1.000000e+02, 3.548483e+02
1.000000e+02, 3.549877e+02
1.000000e+02, 3.551280e+02
1.000000e+02, 3.552694e+02
1.000000e+02, 3.554118e+02
1.000000e+02, 3.555552e+02
1.000000e+02, 3.556996e+02
1.000000e+02, 3.558450e+02
1.000000e+02, 3.559915e+02
1.000000e+02, 3.561389e+02
1.000000e+02, 3.562873e+02
1.000000e+02, 3.564368e+02
1.000000e+02, 3.565873e+02
1.000000e+02, 3.567388e+02
1.000000e+02, 3.568914e+02
1.000000e+02, 3.570450e+02
1.000000e+02, 3.571996e+02
1.000000e+02, 3.573552e+02
1.000000e+02, 3.575119e+02
1.000000e+02, 3.576696e+02
1.000000e+02, 3.578284e+02
1.000000e+02, 3.579882e+02
1.000000e+02, 3.581490e+02
1.000000e+02, 3.583109e+02
1.000000e+02, 3.584738e+02
1.000000e+02, 3.586378e+02
1.000000e+02, 3.588029e+02
1.000000e+02, 3.589690e+02
1.000000e+02, 3.591361e+02
1.000000e+02, 3.593044e+02
1.000000e+02, 3.594737e+02
1.000000e+02, 3.596440e+02
1.000000e+02, 3.598154e+02
1.000000e+02, 3.599880e+02
1.000000e+02, 1.615374e-01
1.000000e+02, 3.361986e-01
1.000000e+02, 5.119418e-01
1.000000e+02, 6.887699e-01
1.000000e+02, 8.666857e-01
1.000000e+02, 1.045692e+00
1.000000e+02, 1.225792e+00
1.000000e+02, 1.406989e+00
1.000000e+02, 1.589285e+00
1.000000e+02, 1.772683e+00
1.000000e+02, 1.957187e+00
1.000000e+02, 2.142800e+00
1.000000e+02, 2.329524e+00
1.000000e+02, 2.517363e+00
1.000000e+02, 2.706320e+00
1.000000e+02, 2.896399e+00
1.000000e+02, 3.087601e+00
1.000000e+02, 3.279932e+00
1.000000e+02, 3.473393e+00
1.000000e+02, 3.667989e+00
1.000000e+02, 3.863722e+00
1.000000e+02, 4.060596e+00
1.000000e+02, 4.258615e+00
1.000000e+02, 4.457781e+00
1.000000e+02, 4.658099e+00
1.000000e+02, 4.859572e+00
1.000000e+02, 5.062203e+00
1.000000e+02, 5.265996e+00
1.000000e+02, 5.470954e+00
1.000000e+02, 5.677082e+00
1.000000e+02, 5.884383e+00
1.000000e+02, 6.092861e+00
1.000000e+02, 6.302519e+00
1.000000e+02, 6.513362e+00
1.000000e+02, 6.725392e+00
1.000000e+02, 6.938615e+00
1.000000e+02, 7.153034e+00
1.000000e+02, 7.368652e+00
1.000000e+02, 7.585474e+00
1.000000e+02, 7.803505e+00
1.000000e+02, 8.022747e+00
1.000000e+02, 8.243206e+00
1.000000e+02, 8.464885e+00
1.000000e+02, 8.687788e+00
1.000000e+02, 8.911920e+00
1.000000e+02, 9.137285e+00
1.000000e+02, 9.363888e+00
1.000000e+02, 9.591733e+00
1.000000e+02, 9.820823e+00
1.000000e+02, 1.005116e+01
1.000000e+02, 1.028276e+01
1.000000e+02, 1.051562e+01
1.000000e+02, 1.074974e+01
1.000000e+02, 1.098513e+01
1.000000e+02, 1.122179e+01
1.000000e+02, 1.145973e+01
1.000000e+02, 1.169896e+01
1.000000e+02, 1.193947e+01
1.000000e+02, 1.218128e+01
1.000000e+02, 1.242439e+01
1.000000e+02, 1.266879e+01
1.000000e+02, 1.291451e+01
1.000000e+02, 1.316154e+01
1.000000e+02, 1.340989e+01
1.000000e+02, 1.365956e+01
1.000000e+02, 1.391056e+01
1.000000e+02, 1.416289e+01
1.000000e+02, 1.441657e+01
1.000000e+02, 1.467159e+01
1.000000e+02, 1.492796e+01
1.000000e+02, 1.518568e+01
1.000000e+02, 1.544477e+01
1.000000e+02, 1.570523e+01
1.000000e+02, 1.596706e+01
1.000000e+02, 1.623026e+01
1.000000e+02, 1.649486e+01
1.000000e+02, 1.676084e+01
1.000000e+02, 1.702822e+01
1.000000e+02, 1.729701e+01
1.000000e+02, 1.756720e+01
1.000000e+02, 1.783881e+01
1.000000e+02, 1.811184e+01
1.000000e+02, 1.838630e+01
1.000000e+02, 1.866219e+01
1.000000e+02, 1.893953e+01
1.000000e+02, 1.921831e+01
1.000000e+02, 1.949855e+01
1.000000e+02, 1.978024e+01
1.000000e+02, 2.006341e+01
1.000000e+02, 2.034805e+01
1.000000e+02, 2.063417e+01
1.000000e+02, 2.092178e+01
1.000000e+02, 2.121088e+01
1.000000e+02, 2.150149e+01
1.000000e+02, 2.179361e+01
1.000000e+02, 2.208725e+01
1.000000e+02, 2.238241e+01
1.000000e+02, 2.267911e+01
1.000000e+02, 2.297734e+01
1.000000e+02, 2.327712e+01
1.000000e+02, 2.357846e+01
1.000000e+02, 2.388136e+01
1.000000e+02, 2.418584e+01
1.000000e+02, 2.449189e+01
1.000000e+02, 2.479954e+01
1.000000e+02, 2.510877e+01
1.000000e+02, 2.541962e+01
1.000000e+02, 2.573208e+01
1.000000e+02, 2.604615e+01
1.000000e+02, 2.636186e+01
1.000000e+02, 2.667921e+01
1.000000e+02, 2.699821e+01
1.000000e+02, 2.731887e+01
1.000000e+02, 2.764119e+01
1.000000e+02, 2.796519e+01
1.000000e+02, 2.829087e+01
1.000000e+02, 2.861825e+01
1.000000e+02, 2.894733e+01
1.000000e+02, 2.927813e+01
1.000000e+02, 2.961065e+01
1.000000e+02, 2.994491e+01
1.000000e+02, 3.028091e+01
1.000000e+02, 3.061866e+01
1.000000e+02, 3.095818e+01
1.000000e+02, 3.129948e+01
1.000000e+02, 3.164256e+01
1.000000e+02, 3.198744e+01
1.000000e+02, 3.233412e+01
1.000000e+02, 3.268263e+01
1.000000e+02, 3.303297e+01
1.000000e+02, 3.338515e+01
1.000000e+02, 3.373918e+01
1.000000e+02, 3.409508e+01
1.000000e+02, 3.445286e+01
1.000000e+02, 3.481252e+01
1.000000e+02, 3.517409e+01
1.000000e+02, 3.553757e+01
1.000000e+02, 3.590298e+01
1.000000e+02, 3.627033e+01
1.000000e+02, 3.663963e+01
1.000000e+02, 3.701089e+01
1.000000e+02, 3.738414e+01
1.000000e+02, 3.775937e+01
1.000000e+02, 3.813662e+01
1.000000e+02, 3.851588e+01
1.000000e+02, 3.889718e+01
1.000000e+02, 3.928052e+01
1.000000e+02, 3.966593e+01
1.000000e+02, 4.005342e+01
1.000000e+02, 4.044300e+01
1.000000e+02, 4.083469e+01
1.000000e+02, 4.122850e+01
1.000000e+02, 4.162445e+01
1.000000e+02, 4.202256e+01
1.000000e+02, 4.242284e+01
1.000000e+02, 4.282531e+01
1.000000e+02, 4.322998e+01
1.000000e+02, 4.363687e+01
1.000000e+02, 4.404600e+01
1.000000e+02, 4.445739e+01
1.000000e+02, 4.487105e+01
1.000000e+02, 4.528700e+01
1.000000e+02, 4.570527e+01
1.000000e+02, 4.612586e+01
1.000000e+02, 4.654880e+01
1.000000e+02, 4.697411e+01
1.000000e+02, 4.740180e+01
1.000000e+02, 4.783190e+01
1.000000e+02, 4.826443e+01
1.000000e+02, 4.869941e+01
1.000000e+02, 4.913686e+01
1.000000e+02, 4.957679e+01
1.000000e+02, 5.001924e+01
1.000000e+02, 5.046422e+01
1.000000e+02, 5.091176e+01
1.000000e+02, 5.136187e+01
1.000000e+02, 5.181459e+01
1.000000e+02, 5.226993e+01
1.000000e+02, 5.272793e+01
1.000000e+02, 5.318860e+01
1.000000e+02, 5.365197e+01
1.000000e+02, 5.411806e+01
1.000000e+02, 5.458690e+01
1.000000e+02, 5.505853e+01
1.000000e+02, 5.553295e+01
1.000000e+02, 5.601021e+01
1.000000e+02, 5.649033e+01
1.000000e+02, 5.697334e+01
1.000000e+02, 5.745926e+01
1.000000e+02, 5.794813e+01
1.000000e+02, 5.843998e+01
1.000000e+02, 5.893484e+01
1.000000e+02, 5.943273e+01
1.000000e+02, 5.993370e+01
1.000000e+02, 6.043777e+01
1.000000e+02, 6.094498e+01
1.000000e+02, 6.145536e+01
1.000000e+02, 6.196894e+01
1.000000e+02, 6.248577e+01
1.000000e+02, 6.300588e+01
1.000000e+02, 6.352930e+01
1.000000e+02, 6.405608e+01
1.000000e+02, 6.458624e+01
1.000000e+02, 6.511984e+01
1.000000e+02, 6.565691e+01
1.000000e+02, 6.619749e+01
1.000000e+02, 6.674163e+01
1.000000e+02, 6.728937e+01
1.000000e+02, 6.784075e+01
1.000000e+02, 6.839582e+01
1.000000e+02, 6.895462e+01
1.000000e+02, 6.951721e+01
1.000000e+02, 7.008363e+01
1.000000e+02, 7.065392e+01
1.000000e+02, 7.122815e+01
1.000000e+02, 7.180636e+01
1.000000e+02, 7.238861e+01
1.000000e+02, 7.297495e+01
1.000000e+02, 7.356543e+01
1.000000e+02, 7.416013e+01
1.000000e+02, 7.475909e+01
1.000000e+02, 7.536237e+01
1.000000e+02, 7.597004e+01
1.000000e+02, 7.658216e+01
1.000000e+02, 7.719881e+01
1.000000e+02, 7.782003e+01
1.000000e+02, 7.844591e+01
1.000000e+02, 7.907652e+01
1.000000e+02, 7.971193e+01
1.000000e+02, 8.035221e+01
1.000000e+02, 8.099745e+01
1.000000e+02, 8.164772e+01
1.000000e+02, 8.230310e+01
1.000000e+02, 8.296368e+01
1.000000e+02, 8.362955e+01
1.000000e+02, 8.430080e+01
1.000000e+02, 8.497752e+01
1.000000e+02, 8.565980e+01
1.000000e+02, 8.634775e+01
1.000000e+02, 8.704147e+01
1.000000e+02, 8.774106e+01
1.000000e+02, 8.844663e+01
1.000000e+02, 8.915830e+01
1.000000e+02, 8.987617e+01
1.000000e+02, 9.060038e+01
1.000000e+02, 9.133105e+01
1.000000e+02, 9.206830e+01
1.000000e+02, 9.281227e+01
1.000000e+02, 9.356310e+01
1.000000e+02, 9.432093e+01
1.000000e+02, 9.508591e+01
1.000000e+02, 9.585820e+01
1.000000e+02, 9.663796e+01
1.000000e+02, 9.742536e+01
1.000000e+02, 9.822057e+01
1.000000e+02, 9.902377e+01
1.000000e+02, 9.983516e+01
1.000000e+02, 1.006549e+02
1.000000e+02, 1.014833e+02
1.000000e+02, 1.023204e+02
1.000000e+02, 1.031666e+02
1.000000e+02, 1.040221e+02
1.000000e+02, 1.048870e+02
1.000000e+02, 1.057617e+02
1.000000e+02, 1.066465e+02
1.000000e+02, 1.075415e+02
1.000000e+02, 1.084472e+02
1.000000e+02, 1.093638e+02
1.000000e+02, 1.102917e+02
1.000000e+02, 1.112312e+02
1.000000e+02, 1.121826e+02
1.000000e+02, 1.131464e+02
1.000000e+02, 1.141230e+02
1.000000e+02, 1.151128e+02
1.000000e+02, 1.161162e+02
1.000000e+02, 1.171338e+02
1.000000e+02, 1.181660e+02
1.000000e+02, 1.192135e+02
1.000000e+02, 1.202768e+02
1.000000e+02, 1.213565e+02
1.000000e+02, 1.224533e+02
1.000000e+02, 1.235679e+02
1.000000e+02, 1.247012e+02
1.000000e+02, 1.258538e+02
1.000000e+02, 1.270269e+02
1.000000e+02, 1.282212e+02
1.000000e+02, 1.294380e+02
1.000000e+02, 1.306782e+02
1.000000e+02, 1.319433e+02
1.000000e+02, 1.332345e+02
1.000000e+02, 1.345535e+02
1.000000e+02, 1.359018e+02
1.000000e+02, 1.372813e+02
1.000000e+02, 1.386940e+02
1.000000e+02, 1.401423e+02
1.000000e+02, 1.416288e+02
1.000000e+02, 1.431563e+02
1.000000e+02, 1.447282e+02
1.000000e+02, 1.463483e+02
1.000000e+02, 1.480210e+02
1.000000e+02, 1.497512e+02
1.000000e+02, 1.515452e+02
1.000000e+02, 1.534099e+02
1.000000e+02, 1.553540e+02
1.000000e+02, 1.573880e+02
1.000000e+02, 1.595250e+02
1.000000e+02, 1.617816e+02
1.000000e+02, 1.641796e+02
1.000000e+02, 1.667485e+02
1.000000e+02, 1.695297e+02
1.000000e+02, 1.725849e+02
1.000000e+02, 1.760141e+02
1.000000e+02, 1.800000e+02
##END= 