##TITLE= /opt/topspin3.0/exp/stan/nmr/lists/wave/user/HypSec_trunc2.84_110
##JCAMP-DX= 5.00 Bruker JCAMP library
##DATA TYPE= Shape Data
##ORIGIN= Bruker BioSpin GmbH
##OWNER= <nmrsu>
##DATE= 15/02/24
##TIME= 16:15:04
##MINX= 1.164538e+01
##MAXX= 9.999960e+01
##MINY= 2.546774e-02
##MAXY= 3.585574e+02
##$SHAPE_EXMODE= Adiabatic
##$SHAPE_TOTROT= 1.800000e+02
##$SHAPE_BWFAC= 1.929340e+02
##$SHAPE_INTEGFAC= 2.356110e-02
##$SHAPE_MODE= 0
##NPOINTS= 500
##XYPOINTS= (XY..XY)
1.000000e+02, 1.800000e+02
1.000000e+02, 1.776117e+02
1.000000e+02, 1.757503e+02
1.000000e+02, 1.741710e+02
1.000000e+02, 1.727758e+02
1.000000e+02, 1.715135e+02
1.000000e+02, 1.703530e+02
1.000000e+02, 1.692740e+02
1.000000e+02, 1.682620e+02
1.000000e+02, 1.673065e+02
1.000000e+02, 1.663997e+02
1.000000e+02, 1.655351e+02
1.000000e+02, 1.647079e+02
1.000000e+02, 1.639139e+02
1.000000e+02, 1.631498e+02
1.000000e+02, 1.624128e+02
1.000000e+02, 1.617005e+02
1.000000e+02, 1.610109e+02
1.000000e+02, 1.603421e+02
1.000000e+02, 1.596926e+02
1.000000e+02, 1.590610e+02
1.000000e+02, 1.584462e+02
1.000000e+02, 1.578471e+02
1.000000e+02, 1.572627e+02
1.000000e+02, 1.566921e+02
1.000000e+02, 1.561347e+02
1.000000e+02, 1.555896e+02
1.000000e+02, 1.550563e+02
1.000000e+02, 1.545341e+02
1.000000e+02, 1.540226e+02
1.000000e+02, 1.535212e+02
1.000000e+02, 1.530295e+02
1.000000e+02, 1.525470e+02
1.000000e+02, 1.520735e+02
1.000000e+02, 1.516084e+02
1.000000e+02, 1.511516e+02
1.000000e+02, 1.507026e+02
1.000000e+02, 1.502612e+02
1.000000e+02, 1.498271e+02
1.000000e+02, 1.494001e+02
1.000000e+02, 1.489798e+02
1.000000e+02, 1.485662e+02
1.000000e+02, 1.481590e+02
1.000000e+02, 1.477579e+02
1.000000e+02, 1.473629e+02
1.000000e+02, 1.469736e+02
1.000000e+02, 1.465900e+02
1.000000e+02, 1.462119e+02
1.000000e+02, 1.458391e+02
1.000000e+02, 1.454715e+02
1.000000e+02, 1.451089e+02
1.000000e+02, 1.447513e+02
1.000000e+02, 1.443984e+02
1.000000e+02, 1.440503e+02
1.000000e+02, 1.437067e+02
1.000000e+02, 1.433675e+02
1.000000e+02, 1.430327e+02
1.000000e+02, 1.427022e+02
1.000000e+02, 1.423758e+02
1.000000e+02, 1.420534e+02
1.000000e+02, 1.417351e+02
1.000000e+02, 1.414206e+02
1.000000e+02, 1.411100e+02
1.000000e+02, 1.408031e+02
1.000000e+02, 1.404998e+02
1.000000e+02, 1.402002e+02
1.000000e+02, 1.399040e+02
1.000000e+02, 1.396113e+02
1.000000e+02, 1.393221e+02
1.000000e+02, 1.390361e+02
1.000000e+02, 1.387534e+02
1.000000e+02, 1.384739e+02
1.000000e+02, 1.381976e+02
1.000000e+02, 1.379244e+02
1.000000e+02, 1.376542e+02
1.000000e+02, 1.373870e+02
1.000000e+02, 1.371228e+02
1.000000e+02, 1.368615e+02
1.000000e+02, 1.366031e+02
1.000000e+02, 1.363474e+02
1.000000e+02, 1.360946e+02
1.000000e+02, 1.358445e+02
1.000000e+02, 1.355970e+02
1.000000e+02, 1.353522e+02
1.000000e+02, 1.351101e+02
1.000000e+02, 1.348705e+02
1.000000e+02, 1.346334e+02
1.000000e+02, 1.343989e+02
1.000000e+02, 1.341669e+02
1.000000e+02, 1.339372e+02
1.000000e+02, 1.337100e+02
1.000000e+02, 1.334852e+02
1.000000e+02, 1.332627e+02
1.000000e+02, 1.330426e+02
1.000000e+02, 1.328247e+02
1.000000e+02, 1.326091e+02
1.000000e+02, 1.323958e+02
1.000000e+02, 1.321846e+02
1.000000e+02, 1.319757e+02
1.000000e+02, 1.317689e+02
1.000000e+02, 1.315642e+02
1.000000e+02, 1.313616e+02
1.000000e+02, 1.311612e+02
1.000000e+02, 1.309628e+02
1.000000e+02, 1.307664e+02
1.000000e+02, 1.305721e+02
1.000000e+02, 1.303798e+02
1.000000e+02, 1.301895e+02
1.000000e+02, 1.300011e+02
1.000000e+02, 1.298147e+02
1.000000e+02, 1.296302e+02
1.000000e+02, 1.294476e+02
1.000000e+02, 1.292668e+02
1.000000e+02, 1.290880e+02
1.000000e+02, 1.289110e+02
1.000000e+02, 1.287359e+02
1.000000e+02, 1.285625e+02
1.000000e+02, 1.283910e+02
1.000000e+02, 1.282212e+02
1.000000e+02, 1.280533e+02
1.000000e+02, 1.278870e+02
1.000000e+02, 1.277226e+02
1.000000e+02, 1.275598e+02
1.000000e+02, 1.273988e+02
1.000000e+02, 1.272394e+02
1.000000e+02, 1.270818e+02
1.000000e+02, 1.269258e+02
1.000000e+02, 1.267715e+02
1.000000e+02, 1.266188e+02
1.000000e+02, 1.264677e+02
1.000000e+02, 1.263183e+02
1.000000e+02, 1.261705e+02
1.000000e+02, 1.260243e+02
1.000000e+02, 1.258796e+02
1.000000e+02, 1.257366e+02
1.000000e+02, 1.255951e+02
1.000000e+02, 1.254552e+02
1.000000e+02, 1.253168e+02
1.000000e+02, 1.251799e+02
1.000000e+02, 1.250445e+02
1.000000e+02, 1.249107e+02
1.000000e+02, 1.247784e+02
1.000000e+02, 1.246475e+02
1.000000e+02, 1.245182e+02
1.000000e+02, 1.243903e+02
1.000000e+02, 1.242639e+02
1.000000e+02, 1.241389e+02
1.000000e+02, 1.240154e+02
1.000000e+02, 1.238933e+02
1.000000e+02, 1.237727e+02
1.000000e+02, 1.236534e+02
1.000000e+02, 1.235356e+02
1.000000e+02, 1.234192e+02
1.000000e+02, 1.233042e+02
1.000000e+02, 1.231906e+02
1.000000e+02, 1.230784e+02
1.000000e+02, 1.229675e+02
1.000000e+02, 1.228580e+02
1.000000e+02, 1.227499e+02
1.000000e+02, 1.226431e+02
1.000000e+02, 1.225377e+02
1.000000e+02, 1.224336e+02
1.000000e+02, 1.223308e+02
1.000000e+02, 1.222294e+02
1.000000e+02, 1.221293e+02
1.000000e+02, 1.220305e+02
1.000000e+02, 1.219331e+02
1.000000e+02, 1.218369e+02
1.000000e+02, 1.217420e+02
1.000000e+02, 1.216484e+02
1.000000e+02, 1.215562e+02
1.000000e+02, 1.214651e+02
1.000000e+02, 1.213754e+02
1.000000e+02, 1.212869e+02
1.000000e+02, 1.211998e+02
1.000000e+02, 1.211138e+02
1.000000e+02, 1.210291e+02
1.000000e+02, 1.209457e+02
1.000000e+02, 1.208635e+02
1.000000e+02, 1.207826e+02
1.000000e+02, 1.207029e+02
1.000000e+02, 1.206244e+02
1.000000e+02, 1.205472e+02
1.000000e+02, 1.204712e+02
1.000000e+02, 1.203964e+02
1.000000e+02, 1.203228e+02
1.000000e+02, 1.202504e+02
1.000000e+02, 1.201792e+02
1.000000e+02, 1.201093e+02
1.000000e+02, 1.200405e+02
1.000000e+02, 1.199730e+02
1.000000e+02, 1.199066e+02
1.000000e+02, 1.198414e+02
1.000000e+02, 1.197774e+02
1.000000e+02, 1.197146e+02
1.000000e+02, 1.196530e+02
1.000000e+02, 1.195925e+02
1.000000e+02, 1.195332e+02
1.000000e+02, 1.194751e+02
1.000000e+02, 1.194181e+02
1.000000e+02, 1.193624e+02
1.000000e+02, 1.193077e+02
1.000000e+02, 1.192543e+02
1.000000e+02, 1.192019e+02
1.000000e+02, 1.191508e+02
1.000000e+02, 1.191008e+02
1.000000e+02, 1.190519e+02
1.000000e+02, 1.190042e+02
1.000000e+02, 1.189576e+02
1.000000e+02, 1.189122e+02
1.000000e+02, 1.188679e+02
1.000000e+02, 1.188247e+02
1.000000e+02, 1.187827e+02
1.000000e+02, 1.187418e+02
1.000000e+02, 1.187020e+02
1.000000e+02, 1.186633e+02
1.000000e+02, 1.186258e+02
1.000000e+02, 1.185894e+02
1.000000e+02, 1.185542e+02
1.000000e+02, 1.185200e+02
1.000000e+02, 1.184870e+02
1.000000e+02, 1.184550e+02
1.000000e+02, 1.184242e+02
1.000000e+02, 1.183945e+02
1.000000e+02, 1.183660e+02
1.000000e+02, 1.183385e+02
1.000000e+02, 1.183121e+02
1.000000e+02, 1.182869e+02
1.000000e+02, 1.182627e+02
1.000000e+02, 1.182397e+02
1.000000e+02, 1.182178e+02
1.000000e+02, 1.181969e+02
1.000000e+02, 1.181772e+02
1.000000e+02, 1.181586e+02
1.000000e+02, 1.181410e+02
1.000000e+02, 1.181246e+02
1.000000e+02, 1.181093e+02
1.000000e+02, 1.180950e+02
1.000000e+02, 1.180819e+02
1.000000e+02, 1.180699e+02
1.000000e+02, 1.180589e+02
1.000000e+02, 1.180491e+02
1.000000e+02, 1.180403e+02
1.000000e+02, 1.180327e+02
1.000000e+02, 1.180261e+02
1.000000e+02, 1.180206e+02
1.000000e+02, 1.180163e+02
1.000000e+02, 1.180130e+02
1.000000e+02, 1.180108e+02
1.000000e+02, 1.180097e+02
1.000000e+02, 1.180097e+02
1.000000e+02, 1.180108e+02
1.000000e+02, 1.180130e+02
1.000000e+02, 1.180163e+02
1.000000e+02, 1.180206e+02
1.000000e+02, 1.180261e+02
1.000000e+02, 1.180327e+02
1.000000e+02, 1.180403e+02
1.000000e+02, 1.180491e+02
1.000000e+02, 1.180589e+02
1.000000e+02, 1.180699e+02
1.000000e+02, 1.180819e+02
1.000000e+02, 1.180950e+02
1.000000e+02, 1.181093e+02
1.000000e+02, 1.181246e+02
1.000000e+02, 1.181410e+02
1.000000e+02, 1.181586e+02
1.000000e+02, 1.181772e+02
1.000000e+02, 1.181969e+02
1.000000e+02, 1.182178e+02
1.000000e+02, 1.182397e+02
1.000000e+02, 1.182627e+02
1.000000e+02, 1.182869e+02
1.000000e+02, 1.183121e+02
1.000000e+02, 1.183385e+02
1.000000e+02, 1.183660e+02
1.000000e+02, 1.183945e+02
1.000000e+02, 1.184242e+02
1.000000e+02, 1.184550e+02
1.000000e+02, 1.184870e+02
1.000000e+02, 1.185200e+02
1.000000e+02, 1.185542e+02
1.000000e+02, 1.185894e+02
1.000000e+02, 1.186258e+02
1.000000e+02, 1.186633e+02
1.000000e+02, 1.187020e+02
1.000000e+02, 1.187418e+02
1.000000e+02, 1.187827e+02
1.000000e+02, 1.188247e+02
1.000000e+02, 1.188679e+02
1.000000e+02, 1.189122e+02
1.000000e+02, 1.189576e+02
1.000000e+02, 1.190042e+02
1.000000e+02, 1.190519e+02
1.000000e+02, 1.191008e+02
1.000000e+02, 1.191508e+02
1.000000e+02, 1.192019e+02
1.000000e+02, 1.192543e+02
1.000000e+02, 1.193077e+02
1.000000e+02, 1.193624e+02
1.000000e+02, 1.194181e+02
1.000000e+02, 1.194751e+02
1.000000e+02, 1.195332e+02
1.000000e+02, 1.195925e+02
1.000000e+02, 1.196530e+02
1.000000e+02, 1.197146e+02
1.000000e+02, 1.197774e+02
1.000000e+02, 1.198414e+02
1.000000e+02, 1.199066e+02
1.000000e+02, 1.199730e+02
1.000000e+02, 1.200405e+02
1.000000e+02, 1.201093e+02
1.000000e+02, 1.201792e+02
1.000000e+02, 1.202504e+02
1.000000e+02, 1.203228e+02
1.000000e+02, 1.203964e+02
1.000000e+02, 1.204712e+02
1.000000e+02, 1.205472e+02
1.000000e+02, 1.206244e+02
1.000000e+02, 1.207029e+02
1.000000e+02, 1.207826e+02
1.000000e+02, 1.208635e+02
1.000000e+02, 1.209457e+02
1.000000e+02, 1.210291e+02
1.000000e+02, 1.211138e+02
1.000000e+02, 1.211998e+02
1.000000e+02, 1.212869e+02
1.000000e+02, 1.213754e+02
1.000000e+02, 1.214651e+02
1.000000e+02, 1.215562e+02
1.000000e+02, 1.216484e+02
1.000000e+02, 1.217420e+02
1.000000e+02, 1.218369e+02
1.000000e+02, 1.219331e+02
1.000000e+02, 1.220305e+02
1.000000e+02, 1.221293e+02
1.000000e+02, 1.222294e+02
1.000000e+02, 1.223308e+02
1.000000e+02, 1.224336e+02
1.000000e+02, 1.225377e+02
1.000000e+02, 1.226431e+02
1.000000e+02, 1.227499e+02
1.000000e+02, 1.228580e+02
1.000000e+02, 1.229675e+02
1.000000e+02, 1.230784e+02
1.000000e+02, 1.231906e+02
1.000000e+02, 1.233042e+02
1.000000e+02, 1.234192e+02
1.000000e+02, 1.235356e+02
1.000000e+02, 1.236534e+02
1.000000e+02, 1.237727e+02
1.000000e+02, 1.238933e+02
1.000000e+02, 1.240154e+02
1.000000e+02, 1.241389e+02
1.000000e+02, 1.242639e+02
1.000000e+02, 1.243903e+02
1.000000e+02, 1.245182e+02
1.000000e+02, 1.246475e+02
1.000000e+02, 1.247784e+02
1.000000e+02, 1.249107e+02
1.000000e+02, 1.250445e+02
1.000000e+02, 1.251799e+02
1.000000e+02, 1.253168e+02
1.000000e+02, 1.254552e+02
1.000000e+02, 1.255951e+02
1.000000e+02, 1.257366e+02
1.000000e+02, 1.258796e+02
1.000000e+02, 1.260243e+02
1.000000e+02, 1.261705e+02
1.000000e+02, 1.263183e+02
1.000000e+02, 1.264677e+02
1.000000e+02, 1.266188e+02
1.000000e+02, 1.267715e+02
1.000000e+02, 1.269258e+02
1.000000e+02, 1.270818e+02
1.000000e+02, 1.272394e+02
1.000000e+02, 1.273988e+02
1.000000e+02, 1.275598e+02
1.000000e+02, 1.277226e+02
1.000000e+02, 1.278870e+02
1.000000e+02, 1.280533e+02
1.000000e+02, 1.282212e+02
1.000000e+02, 1.283910e+02
1.000000e+02, 1.285625e+02
1.000000e+02, 1.287359e+02
1.000000e+02, 1.289110e+02
1.000000e+02, 1.290880e+02
1.000000e+02, 1.292668e+02
1.000000e+02, 1.294476e+02
1.000000e+02, 1.296302e+02
1.000000e+02, 1.298147e+02
1.000000e+02, 1.300011e+02
1.000000e+02, 1.301895e+02
1.000000e+02, 1.303798e+02
1.000000e+02, 1.305721e+02
1.000000e+02, 1.307664e+02
1.000000e+02, 1.309628e+02
1.000000e+02, 1.311612e+02
1.000000e+02, 1.313616e+02
1.000000e+02, 1.315642e+02
1.000000e+02, 1.317689e+02
1.000000e+02, 1.319757e+02
1.000000e+02, 1.321846e+02
1.000000e+02, 1.323958e+02
1.000000e+02, 1.326091e+02
1.000000e+02, 1.328247e+02
1.000000e+02, 1.330426e+02
1.000000e+02, 1.332627e+02
1.000000e+02, 1.334852e+02
1.000000e+02, 1.337100e+02
1.000000e+02, 1.339372e+02
1.000000e+02, 1.341669e+02
1.000000e+02, 1.343989e+02
1.000000e+02, 1.346334e+02
1.000000e+02, 1.348705e+02
1.000000e+02, 1.351101e+02
1.000000e+02, 1.353522e+02
1.000000e+02, 1.355970e+02
1.000000e+02, 1.358445e+02
1.000000e+02, 1.360946e+02
1.000000e+02, 1.363474e+02
1.000000e+02, 1.366031e+02
1.000000e+02, 1.368615e+02
1.000000e+02, 1.371228e+02
1.000000e+02, 1.373870e+02
1.000000e+02, 1.376542e+02
1.000000e+02, 1.379244e+02
1.000000e+02, 1.381976e+02
1.000000e+02, 1.384739e+02
1.000000e+02, 1.387534e+02
1.000000e+02, 1.390361e+02
1.000000e+02, 1.393221e+02
1.000000e+02, 1.396113e+02
1.000000e+02, 1.399040e+02
1.000000e+02, 1.402002e+02
1.000000e+02, 1.404998e+02
1.000000e+02, 1.408031e+02
1.000000e+02, 1.411100e+02
1.000000e+02, 1.414206e+02
1.000000e+02, 1.417351e+02
1.000000e+02, 1.420534e+02
1.000000e+02, 1.423758e+02
1.000000e+02, 1.427022e+02
1.000000e+02, 1.430327e+02
1.000000e+02, 1.433675e+02
1.000000e+02, 1.437067e+02
1.000000e+02, 1.440503e+02
1.000000e+02, 1.443984e+02
1.000000e+02, 1.447513e+02
1.000000e+02, 1.451089e+02
1.000000e+02, 1.454715e+02
1.000000e+02, 1.458391e+02
1.000000e+02, 1.462119e+02
1.000000e+02, 1.465900e+02
1.000000e+02, 1.469736e+02
1.000000e+02, 1.473629e+02
1.000000e+02, 1.477579e+02
1.000000e+02, 1.481590e+02
1.000000e+02, 1.485662e+02
1.000000e+02, 1.489798e+02
1.000000e+02, 1.494001e+02
1.000000e+02, 1.498271e+02
1.000000e+02, 1.502612e+02
1.000000e+02, 1.507026e+02
1.000000e+02, 1.511516e+02
1.000000e+02, 1.516084e+02
1.000000e+02, 1.520735e+02
1.000000e+02, 1.525470e+02
1.000000e+02, 1.530295e+02
1.000000e+02, 1.535212e+02
1.000000e+02, 1.540226e+02
1.000000e+02, 1.545341e+02
1.000000e+02, 1.550563e+02
1.000000e+02, 1.555896e+02
1.000000e+02, 1.561347e+02
1.000000e+02, 1.566921e+02
1.000000e+02, 1.572627e+02
1.000000e+02, 1.578471e+02
1.000000e+02, 1.584462e+02
1.000000e+02, 1.590610e+02
1.000000e+02, 1.596926e+02
1.000000e+02, 1.603421e+02
1.000000e+02, 1.610109e+02
1.000000e+02, 1.617005e+02
1.000000e+02, 1.624128e+02
1.000000e+02, 1.631498e+02
1.000000e+02, 1.639139e+02
1.000000e+02, 1.647079e+02
1.000000e+02, 1.655351e+02
1.000000e+02, 1.663997e+02
1.000000e+02, 1.673065e+02
1.000000e+02, 1.682620e+02
1.000000e+02, 1.692740e+02
1.000000e+02, 1.703530e+02
1.000000e+02, 1.715135e+02
1.000000e+02, 1.727758e+02
1.000000e+02, 1.741710e+02
1.000000e+02, 1.757503e+02
1.000000e+02, 1.776117e+02
1.000000e+02, 1.800000e+02
##END= 