##TITLE= /opt/topspin3.0/exp/stan/nmr/lists/wave/user/HypSec_trunc2.84_110
##JCAMP-DX= 5.00 Bruker JCAMP library
##DATA TYPE= Shape Data
##ORIGIN= Bruker BioSpin GmbH
##OWNER= <nmrsu>
##DATE= 15/02/24
##TIME= 16:15:04
##MINX= 1.164538e+01
##MAXX= 9.999960e+01
##MINY= 2.546774e-02
##MAXY= 3.585574e+02
##$SHAPE_EXMODE= Adiabatic
##$SHAPE_TOTROT= 1.800000e+02
##$SHAPE_BWFAC= 1.929340e+02
##$SHAPE_INTEGFAC= 2.356110e-02
##$SHAPE_MODE= 0
##NPOINTS= 1000
##XYPOINTS= (XY..XY)
1.000000e+02, 1.800000e+02
1.000000e+02, 1.733237e+02
1.000000e+02, 1.675798e+02
1.000000e+02, 1.624622e+02
1.000000e+02, 1.578038e+02
1.000000e+02, 1.535009e+02
1.000000e+02, 1.494841e+02
1.000000e+02, 1.457043e+02
1.000000e+02, 1.421249e+02
1.000000e+02, 1.387179e+02
1.000000e+02, 1.354616e+02
1.000000e+02, 1.323382e+02
1.000000e+02, 1.293333e+02
1.000000e+02, 1.264351e+02
1.000000e+02, 1.236334e+02
1.000000e+02, 1.209198e+02
1.000000e+02, 1.182869e+02
1.000000e+02, 1.157283e+02
1.000000e+02, 1.132384e+02
1.000000e+02, 1.108125e+02
1.000000e+02, 1.084461e+02
1.000000e+02, 1.061355e+02
1.000000e+02, 1.038771e+02
1.000000e+02, 1.016679e+02
1.000000e+02, 9.950503e+01
1.000000e+02, 9.738605e+01
1.000000e+02, 9.530859e+01
1.000000e+02, 9.327055e+01
1.000000e+02, 9.127001e+01
1.000000e+02, 8.930518e+01
1.000000e+02, 8.737443e+01
1.000000e+02, 8.547624e+01
1.000000e+02, 8.360922e+01
1.000000e+02, 8.177207e+01
1.000000e+02, 7.996357e+01
1.000000e+02, 7.818260e+01
1.000000e+02, 7.642810e+01
1.000000e+02, 7.469909e+01
1.000000e+02, 7.299464e+01
1.000000e+02, 7.131389e+01
1.000000e+02, 6.965602e+01
1.000000e+02, 6.802026e+01
1.000000e+02, 6.640588e+01
1.000000e+02, 6.481221e+01
1.000000e+02, 6.323859e+01
1.000000e+02, 6.168440e+01
1.000000e+02, 6.014908e+01
1.000000e+02, 5.863206e+01
1.000000e+02, 5.713282e+01
1.000000e+02, 5.565087e+01
1.000000e+02, 5.418573e+01
1.000000e+02, 5.273694e+01
1.000000e+02, 5.130407e+01
1.000000e+02, 4.988672e+01
1.000000e+02, 4.848449e+01
1.000000e+02, 4.709700e+01
1.000000e+02, 4.572389e+01
1.000000e+02, 4.436482e+01
1.000000e+02, 4.301945e+01
1.000000e+02, 4.168748e+01
1.000000e+02, 4.036859e+01
1.000000e+02, 3.906249e+01
1.000000e+02, 3.776890e+01
1.000000e+02, 3.648755e+01
1.000000e+02, 3.521818e+01
1.000000e+02, 3.396054e+01
1.000000e+02, 3.271439e+01
1.000000e+02, 3.147950e+01
1.000000e+02, 3.025564e+01
1.000000e+02, 2.904259e+01
1.000000e+02, 2.784014e+01
1.000000e+02, 2.664810e+01
1.000000e+02, 2.546627e+01
1.000000e+02, 2.429446e+01
1.000000e+02, 2.313248e+01
1.000000e+02, 2.198017e+01
1.000000e+02, 2.083734e+01
1.000000e+02, 1.970384e+01
1.000000e+02, 1.857950e+01
1.000000e+02, 1.746416e+01
1.000000e+02, 1.635769e+01
1.000000e+02, 1.525992e+01
1.000000e+02, 1.417072e+01
1.000000e+02, 1.308995e+01
1.000000e+02, 1.201748e+01
1.000000e+02, 1.095317e+01
1.000000e+02, 9.896904e+00
1.000000e+02, 8.848552e+00
1.000000e+02, 7.807997e+00
1.000000e+02, 6.775122e+00
1.000000e+02, 5.749815e+00
1.000000e+02, 4.731964e+00
1.000000e+02, 3.721464e+00
1.000000e+02, 2.718209e+00
1.000000e+02, 1.722098e+00
1.000000e+02, 7.330319e-01
1.000000e+02, 3.597509e+02
1.000000e+02, 3.587756e+02
1.000000e+02, 3.578071e+02
1.000000e+02, 3.568453e+02
1.000000e+02, 3.558901e+02
1.000000e+02, 3.549413e+02
1.000000e+02, 3.539990e+02
1.000000e+02, 3.530630e+02
1.000000e+02, 3.521333e+02
1.000000e+02, 3.512097e+02
1.000000e+02, 3.502922e+02
1.000000e+02, 3.493808e+02
1.000000e+02, 3.484753e+02
1.000000e+02, 3.475757e+02
1.000000e+02, 3.466820e+02
1.000000e+02, 3.457939e+02
1.000000e+02, 3.449116e+02
1.000000e+02, 3.440348e+02
1.000000e+02, 3.431637e+02
1.000000e+02, 3.422980e+02
1.000000e+02, 3.414377e+02
1.000000e+02, 3.405828e+02
1.000000e+02, 3.397333e+02
1.000000e+02, 3.388889e+02
1.000000e+02, 3.380498e+02
1.000000e+02, 3.372158e+02
1.000000e+02, 3.363870e+02
1.000000e+02, 3.355631e+02
1.000000e+02, 3.347443e+02
1.000000e+02, 3.339303e+02
1.000000e+02, 3.331213e+02
1.000000e+02, 3.323171e+02
1.000000e+02, 3.315177e+02
1.000000e+02, 3.307230e+02
1.000000e+02, 3.299331e+02
1.000000e+02, 3.291477e+02
1.000000e+02, 3.283670e+02
1.000000e+02, 3.275909e+02
1.000000e+02, 3.268193e+02
1.000000e+02, 3.260521e+02
1.000000e+02, 3.252894e+02
1.000000e+02, 3.245311e+02
1.000000e+02, 3.237772e+02
1.000000e+02, 3.230276e+02
1.000000e+02, 3.222822e+02
1.000000e+02, 3.215411e+02
1.000000e+02, 3.208042e+02
1.000000e+02, 3.200715e+02
1.000000e+02, 3.193429e+02
1.000000e+02, 3.186184e+02
1.000000e+02, 3.178980e+02
1.000000e+02, 3.171816e+02
1.000000e+02, 3.164692e+02
1.000000e+02, 3.157608e+02
1.000000e+02, 3.150563e+02
1.000000e+02, 3.143557e+02
1.000000e+02, 3.136590e+02
1.000000e+02, 3.129661e+02
1.000000e+02, 3.122770e+02
1.000000e+02, 3.115918e+02
1.000000e+02, 3.109102e+02
1.000000e+02, 3.102324e+02
1.000000e+02, 3.095583e+02
1.000000e+02, 3.088878e+02
1.000000e+02, 3.082210e+02
1.000000e+02, 3.075577e+02
1.000000e+02, 3.068981e+02
1.000000e+02, 3.062420e+02
1.000000e+02, 3.055895e+02
1.000000e+02, 3.049404e+02
1.000000e+02, 3.042949e+02
1.000000e+02, 3.036528e+02
1.000000e+02, 3.030141e+02
1.000000e+02, 3.023788e+02
1.000000e+02, 3.017469e+02
1.000000e+02, 3.011184e+02
1.000000e+02, 3.004932e+02
1.000000e+02, 2.998714e+02
1.000000e+02, 2.992528e+02
1.000000e+02, 2.986375e+02
1.000000e+02, 2.980254e+02
1.000000e+02, 2.974166e+02
1.000000e+02, 2.968110e+02
1.000000e+02, 2.962085e+02
1.000000e+02, 2.956093e+02
1.000000e+02, 2.950131e+02
1.000000e+02, 2.944201e+02
1.000000e+02, 2.938302e+02
1.000000e+02, 2.932434e+02
1.000000e+02, 2.926597e+02
1.000000e+02, 2.920790e+02
1.000000e+02, 2.915013e+02
1.000000e+02, 2.909266e+02
1.000000e+02, 2.903549e+02
1.000000e+02, 2.897863e+02
1.000000e+02, 2.892205e+02
1.000000e+02, 2.886577e+02
1.000000e+02, 2.880978e+02
1.000000e+02, 2.875409e+02
1.000000e+02, 2.869868e+02
1.000000e+02, 2.864356e+02
1.000000e+02, 2.858872e+02
1.000000e+02, 2.853417e+02
1.000000e+02, 2.847990e+02
1.000000e+02, 2.842591e+02
1.000000e+02, 2.837220e+02
1.000000e+02, 2.831877e+02
1.000000e+02, 2.826561e+02
1.000000e+02, 2.821273e+02
1.000000e+02, 2.816012e+02
1.000000e+02, 2.810779e+02
1.000000e+02, 2.805572e+02
1.000000e+02, 2.800392e+02
1.000000e+02, 2.795239e+02
1.000000e+02, 2.790113e+02
1.000000e+02, 2.785013e+02
1.000000e+02, 2.779939e+02
1.000000e+02, 2.774892e+02
1.000000e+02, 2.769870e+02
1.000000e+02, 2.764875e+02
1.000000e+02, 2.759905e+02
1.000000e+02, 2.754961e+02
1.000000e+02, 2.750043e+02
1.000000e+02, 2.745150e+02
1.000000e+02, 2.740282e+02
1.000000e+02, 2.735440e+02
1.000000e+02, 2.730622e+02
1.000000e+02, 2.725830e+02
1.000000e+02, 2.721062e+02
1.000000e+02, 2.716319e+02
1.000000e+02, 2.711601e+02
1.000000e+02, 2.706907e+02
1.000000e+02, 2.702237e+02
1.000000e+02, 2.697592e+02
1.000000e+02, 2.692970e+02
1.000000e+02, 2.688373e+02
1.000000e+02, 2.683800e+02
1.000000e+02, 2.679251e+02
1.000000e+02, 2.674725e+02
1.000000e+02, 2.670223e+02
1.000000e+02, 2.665744e+02
1.000000e+02, 2.661289e+02
1.000000e+02, 2.656857e+02
1.000000e+02, 2.652448e+02
1.000000e+02, 2.648063e+02
1.000000e+02, 2.643700e+02
1.000000e+02, 2.639360e+02
1.000000e+02, 2.635043e+02
1.000000e+02, 2.630749e+02
1.000000e+02, 2.626477e+02
1.000000e+02, 2.622228e+02
1.000000e+02, 2.618002e+02
1.000000e+02, 2.613798e+02
1.000000e+02, 2.609616e+02
1.000000e+02, 2.605456e+02
1.000000e+02, 2.601318e+02
1.000000e+02, 2.597202e+02
1.000000e+02, 2.593108e+02
1.000000e+02, 2.589036e+02
1.000000e+02, 2.584986e+02
1.000000e+02, 2.580958e+02
1.000000e+02, 2.576951e+02
1.000000e+02, 2.572965e+02
1.000000e+02, 2.569001e+02
1.000000e+02, 2.565058e+02
1.000000e+02, 2.561137e+02
1.000000e+02, 2.557236e+02
1.000000e+02, 2.553357e+02
1.000000e+02, 2.549499e+02
1.000000e+02, 2.545662e+02
1.000000e+02, 2.541845e+02
1.000000e+02, 2.538050e+02
1.000000e+02, 2.534275e+02
1.000000e+02, 2.530520e+02
1.000000e+02, 2.526787e+02
1.000000e+02, 2.523074e+02
1.000000e+02, 2.519381e+02
1.000000e+02, 2.515709e+02
1.000000e+02, 2.512057e+02
1.000000e+02, 2.508425e+02
1.000000e+02, 2.504813e+02
1.000000e+02, 2.501222e+02
1.000000e+02, 2.497650e+02
1.000000e+02, 2.494099e+02
1.000000e+02, 2.490567e+02
1.000000e+02, 2.487055e+02
1.000000e+02, 2.483563e+02
1.000000e+02, 2.480091e+02
1.000000e+02, 2.476638e+02
1.000000e+02, 2.473205e+02
1.000000e+02, 2.469792e+02
1.000000e+02, 2.466398e+02
1.000000e+02, 2.463023e+02
1.000000e+02, 2.459668e+02
1.000000e+02, 2.456332e+02
1.000000e+02, 2.453015e+02
1.000000e+02, 2.449717e+02
1.000000e+02, 2.446439e+02
1.000000e+02, 2.443179e+02
1.000000e+02, 2.439939e+02
1.000000e+02, 2.436717e+02
1.000000e+02, 2.433515e+02
1.000000e+02, 2.430331e+02
1.000000e+02, 2.427166e+02
1.000000e+02, 2.424020e+02
1.000000e+02, 2.420892e+02
1.000000e+02, 2.417783e+02
1.000000e+02, 2.414692e+02
1.000000e+02, 2.411621e+02
1.000000e+02, 2.408567e+02
1.000000e+02, 2.405532e+02
1.000000e+02, 2.402515e+02
1.000000e+02, 2.399517e+02
1.000000e+02, 2.396537e+02
1.000000e+02, 2.393575e+02
1.000000e+02, 2.390631e+02
1.000000e+02, 2.387706e+02
1.000000e+02, 2.384798e+02
1.000000e+02, 2.381909e+02
1.000000e+02, 2.379037e+02
1.000000e+02, 2.376184e+02
1.000000e+02, 2.373348e+02
1.000000e+02, 2.370530e+02
1.000000e+02, 2.367730e+02
1.000000e+02, 2.364948e+02
1.000000e+02, 2.362184e+02
1.000000e+02, 2.359437e+02
1.000000e+02, 2.356707e+02
1.000000e+02, 2.353996e+02
1.000000e+02, 2.351302e+02
1.000000e+02, 2.348625e+02
1.000000e+02, 2.345966e+02
1.000000e+02, 2.343324e+02
1.000000e+02, 2.340700e+02
1.000000e+02, 2.338093e+02
1.000000e+02, 2.335503e+02
1.000000e+02, 2.332931e+02
1.000000e+02, 2.330376e+02
1.000000e+02, 2.327838e+02
1.000000e+02, 2.325317e+02
1.000000e+02, 2.322813e+02
1.000000e+02, 2.320326e+02
1.000000e+02, 2.317857e+02
1.000000e+02, 2.315404e+02
1.000000e+02, 2.312968e+02
1.000000e+02, 2.310550e+02
1.000000e+02, 2.308148e+02
1.000000e+02, 2.305763e+02
1.000000e+02, 2.303395e+02
1.000000e+02, 2.301043e+02
1.000000e+02, 2.298709e+02
1.000000e+02, 2.296391e+02
1.000000e+02, 2.294089e+02
1.000000e+02, 2.291805e+02
1.000000e+02, 2.289537e+02
1.000000e+02, 2.287285e+02
1.000000e+02, 2.285051e+02
1.000000e+02, 2.282832e+02
1.000000e+02, 2.280630e+02
1.000000e+02, 2.278445e+02
1.000000e+02, 2.276276e+02
1.000000e+02, 2.274124e+02
1.000000e+02, 2.271987e+02
1.000000e+02, 2.269868e+02
1.000000e+02, 2.267764e+02
1.000000e+02, 2.265677e+02
1.000000e+02, 2.263606e+02
1.000000e+02, 2.261551e+02
1.000000e+02, 2.259513e+02
1.000000e+02, 2.257490e+02
1.000000e+02, 2.255484e+02
1.000000e+02, 2.253494e+02
1.000000e+02, 2.251519e+02
1.000000e+02, 2.249561e+02
1.000000e+02, 2.247619e+02
1.000000e+02, 2.245693e+02
1.000000e+02, 2.243783e+02
1.000000e+02, 2.241889e+02
1.000000e+02, 2.240011e+02
1.000000e+02, 2.238149e+02
1.000000e+02, 2.236302e+02
1.000000e+02, 2.234472e+02
1.000000e+02, 2.232657e+02
1.000000e+02, 2.230858e+02
1.000000e+02, 2.229075e+02
1.000000e+02, 2.227307e+02
1.000000e+02, 2.225556e+02
1.000000e+02, 2.223820e+02
1.000000e+02, 2.222099e+02
1.000000e+02, 2.220395e+02
1.000000e+02, 2.218706e+02
1.000000e+02, 2.217032e+02
1.000000e+02, 2.215374e+02
1.000000e+02, 2.213732e+02
1.000000e+02, 2.212105e+02
1.000000e+02, 2.210494e+02
1.000000e+02, 2.208898e+02
1.000000e+02, 2.207318e+02
1.000000e+02, 2.205753e+02
1.000000e+02, 2.204204e+02
1.000000e+02, 2.202670e+02
1.000000e+02, 2.201152e+02
1.000000e+02, 2.199649e+02
1.000000e+02, 2.198161e+02
1.000000e+02, 2.196688e+02
1.000000e+02, 2.195231e+02
1.000000e+02, 2.193790e+02
1.000000e+02, 2.192363e+02
1.000000e+02, 2.190952e+02
1.000000e+02, 2.189556e+02
1.000000e+02, 2.188175e+02
1.000000e+02, 2.186810e+02
1.000000e+02, 2.185459e+02
1.000000e+02, 2.184124e+02
1.000000e+02, 2.182804e+02
1.000000e+02, 2.181499e+02
1.000000e+02, 2.180209e+02
1.000000e+02, 2.178935e+02
1.000000e+02, 2.177675e+02
1.000000e+02, 2.176431e+02
1.000000e+02, 2.175202e+02
1.000000e+02, 2.173987e+02
1.000000e+02, 2.172788e+02
1.000000e+02, 2.171604e+02
1.000000e+02, 2.170434e+02
1.000000e+02, 2.169280e+02
1.000000e+02, 2.168141e+02
1.000000e+02, 2.167016e+02
1.000000e+02, 2.165907e+02
1.000000e+02, 2.164813e+02
1.000000e+02, 2.163733e+02
1.000000e+02, 2.162668e+02
1.000000e+02, 2.161619e+02
1.000000e+02, 2.160584e+02
1.000000e+02, 2.159564e+02
1.000000e+02, 2.158559e+02
1.000000e+02, 2.157568e+02
1.000000e+02, 2.156593e+02
1.000000e+02, 2.155632e+02
1.000000e+02, 2.154686e+02
1.000000e+02, 2.153755e+02
1.000000e+02, 2.152839e+02
1.000000e+02, 2.151938e+02
1.000000e+02, 2.151051e+02
1.000000e+02, 2.150179e+02
1.000000e+02, 2.149322e+02
1.000000e+02, 2.148479e+02
1.000000e+02, 2.147651e+02
1.000000e+02, 2.146838e+02
1.000000e+02, 2.146040e+02
1.000000e+02, 2.145256e+02
1.000000e+02, 2.144487e+02
1.000000e+02, 2.143733e+02
1.000000e+02, 2.142993e+02
1.000000e+02, 2.142268e+02
1.000000e+02, 2.141557e+02
1.000000e+02, 2.140862e+02
1.000000e+02, 2.140180e+02
1.000000e+02, 2.139514e+02
1.000000e+02, 2.138862e+02
1.000000e+02, 2.138225e+02
1.000000e+02, 2.137602e+02
1.000000e+02, 2.136994e+02
1.000000e+02, 2.136400e+02
1.000000e+02, 2.135821e+02
1.000000e+02, 2.135257e+02
1.000000e+02, 2.134707e+02
1.000000e+02, 2.134172e+02
1.000000e+02, 2.133651e+02
1.000000e+02, 2.133145e+02
1.000000e+02, 2.132653e+02
1.000000e+02, 2.132176e+02
1.000000e+02, 2.131713e+02
1.000000e+02, 2.131265e+02
1.000000e+02, 2.130831e+02
1.000000e+02, 2.130412e+02
1.000000e+02, 2.130007e+02
1.000000e+02, 2.129617e+02
1.000000e+02, 2.129242e+02
1.000000e+02, 2.128880e+02
1.000000e+02, 2.128534e+02
1.000000e+02, 2.128201e+02
1.000000e+02, 2.127884e+02
1.000000e+02, 2.127580e+02
1.000000e+02, 2.127292e+02
1.000000e+02, 2.127017e+02
1.000000e+02, 2.126757e+02
1.000000e+02, 2.126512e+02
1.000000e+02, 2.126281e+02
1.000000e+02, 2.126064e+02
1.000000e+02, 2.125862e+02
1.000000e+02, 2.125675e+02
1.000000e+02, 2.125502e+02
1.000000e+02, 2.125343e+02
1.000000e+02, 2.125198e+02
1.000000e+02, 2.125069e+02
1.000000e+02, 2.124953e+02
1.000000e+02, 2.124852e+02
1.000000e+02, 2.124766e+02
1.000000e+02, 2.124693e+02
1.000000e+02, 2.124636e+02
1.000000e+02, 2.124592e+02
1.000000e+02, 2.124564e+02
1.000000e+02, 2.124549e+02
1.000000e+02, 2.124549e+02
1.000000e+02, 2.124564e+02
1.000000e+02, 2.124592e+02
1.000000e+02, 2.124636e+02
1.000000e+02, 2.124693e+02
1.000000e+02, 2.124766e+02
1.000000e+02, 2.124852e+02
1.000000e+02, 2.124953e+02
1.000000e+02, 2.125069e+02
1.000000e+02, 2.125198e+02
1.000000e+02, 2.125343e+02
1.000000e+02, 2.125502e+02
1.000000e+02, 2.125675e+02
1.000000e+02, 2.125862e+02
1.000000e+02, 2.126064e+02
1.000000e+02, 2.126281e+02
1.000000e+02, 2.126512e+02
1.000000e+02, 2.126757e+02
1.000000e+02, 2.127017e+02
1.000000e+02, 2.127292e+02
1.000000e+02, 2.127580e+02
1.000000e+02, 2.127884e+02
1.000000e+02, 2.128201e+02
1.000000e+02, 2.128534e+02
1.000000e+02, 2.128880e+02
1.000000e+02, 2.129242e+02
1.000000e+02, 2.129617e+02
1.000000e+02, 2.130007e+02
1.000000e+02, 2.130412e+02
1.000000e+02, 2.130831e+02
1.000000e+02, 2.131265e+02
1.000000e+02, 2.131713e+02
1.000000e+02, 2.132176e+02
1.000000e+02, 2.132653e+02
1.000000e+02, 2.133145e+02
1.000000e+02, 2.133651e+02
1.000000e+02, 2.134172e+02
1.000000e+02, 2.134707e+02
1.000000e+02, 2.135257e+02
1.000000e+02, 2.135821e+02
1.000000e+02, 2.136400e+02
1.000000e+02, 2.136994e+02
1.000000e+02, 2.137602e+02
1.000000e+02, 2.138225e+02
1.000000e+02, 2.138862e+02
1.000000e+02, 2.139514e+02
1.000000e+02, 2.140180e+02
1.000000e+02, 2.140862e+02
1.000000e+02, 2.141557e+02
1.000000e+02, 2.142268e+02
1.000000e+02, 2.142993e+02
1.000000e+02, 2.143733e+02
1.000000e+02, 2.144487e+02
1.000000e+02, 2.145256e+02
1.000000e+02, 2.146040e+02
1.000000e+02, 2.146838e+02
1.000000e+02, 2.147651e+02
1.000000e+02, 2.148479e+02
1.000000e+02, 2.149322e+02
1.000000e+02, 2.150179e+02
1.000000e+02, 2.151051e+02
1.000000e+02, 2.151938e+02
1.000000e+02, 2.152839e+02
1.000000e+02, 2.153755e+02
1.000000e+02, 2.154686e+02
1.000000e+02, 2.155632e+02
1.000000e+02, 2.156593e+02
1.000000e+02, 2.157568e+02
1.000000e+02, 2.158559e+02
1.000000e+02, 2.159564e+02
1.000000e+02, 2.160584e+02
1.000000e+02, 2.161619e+02
1.000000e+02, 2.162668e+02
1.000000e+02, 2.163733e+02
1.000000e+02, 2.164813e+02
1.000000e+02, 2.165907e+02
1.000000e+02, 2.167016e+02
1.000000e+02, 2.168141e+02
1.000000e+02, 2.169280e+02
1.000000e+02, 2.170434e+02
1.000000e+02, 2.171604e+02
1.000000e+02, 2.172788e+02
1.000000e+02, 2.173987e+02
1.000000e+02, 2.175202e+02
1.000000e+02, 2.176431e+02
1.000000e+02, 2.177675e+02
1.000000e+02, 2.178935e+02
1.000000e+02, 2.180209e+02
1.000000e+02, 2.181499e+02
1.000000e+02, 2.182804e+02
1.000000e+02, 2.184124e+02
1.000000e+02, 2.185459e+02
1.000000e+02, 2.186810e+02
1.000000e+02, 2.188175e+02
1.000000e+02, 2.189556e+02
1.000000e+02, 2.190952e+02
1.000000e+02, 2.192363e+02
1.000000e+02, 2.193790e+02
1.000000e+02, 2.195231e+02
1.000000e+02, 2.196688e+02
1.000000e+02, 2.198161e+02
1.000000e+02, 2.199649e+02
1.000000e+02, 2.201152e+02
1.000000e+02, 2.202670e+02
1.000000e+02, 2.204204e+02
1.000000e+02, 2.205753e+02
1.000000e+02, 2.207318e+02
1.000000e+02, 2.208898e+02
1.000000e+02, 2.210494e+02
1.000000e+02, 2.212105e+02
1.000000e+02, 2.213732e+02
1.000000e+02, 2.215374e+02
1.000000e+02, 2.217032e+02
1.000000e+02, 2.218706e+02
1.000000e+02, 2.220395e+02
1.000000e+02, 2.222099e+02
1.000000e+02, 2.223820e+02
1.000000e+02, 2.225556e+02
1.000000e+02, 2.227307e+02
1.000000e+02, 2.229075e+02
1.000000e+02, 2.230858e+02
1.000000e+02, 2.232657e+02
1.000000e+02, 2.234472e+02
1.000000e+02, 2.236302e+02
1.000000e+02, 2.238149e+02
1.000000e+02, 2.240011e+02
1.000000e+02, 2.241889e+02
1.000000e+02, 2.243783e+02
1.000000e+02, 2.245693e+02
1.000000e+02, 2.247619e+02
1.000000e+02, 2.249561e+02
1.000000e+02, 2.251520e+02
1.000000e+02, 2.253494e+02
1.000000e+02, 2.255484e+02
1.000000e+02, 2.257490e+02
1.000000e+02, 2.259513e+02
1.000000e+02, 2.261551e+02
1.000000e+02, 2.263606e+02
1.000000e+02, 2.265677e+02
1.000000e+02, 2.267764e+02
1.000000e+02, 2.269868e+02
1.000000e+02, 2.271987e+02
1.000000e+02, 2.274124e+02
1.000000e+02, 2.276276e+02
1.000000e+02, 2.278445e+02
1.000000e+02, 2.280631e+02
1.000000e+02, 2.282832e+02
1.000000e+02, 2.285051e+02
1.000000e+02, 2.287285e+02
1.000000e+02, 2.289537e+02
1.000000e+02, 2.291805e+02
1.000000e+02, 2.294089e+02
1.000000e+02, 2.296391e+02
1.000000e+02, 2.298709e+02
1.000000e+02, 2.301043e+02
1.000000e+02, 2.303395e+02
1.000000e+02, 2.305763e+02
1.000000e+02, 2.308148e+02
1.000000e+02, 2.310550e+02
1.000000e+02, 2.312968e+02
1.000000e+02, 2.315404e+02
1.000000e+02, 2.317857e+02
1.000000e+02, 2.320326e+02
1.000000e+02, 2.322813e+02
1.000000e+02, 2.325317e+02
1.000000e+02, 2.327838e+02
1.000000e+02, 2.330376e+02
1.000000e+02, 2.332931e+02
1.000000e+02, 2.335503e+02
1.000000e+02, 2.338093e+02
1.000000e+02, 2.340700e+02
1.000000e+02, 2.343324e+02
1.000000e+02, 2.345966e+02
1.000000e+02, 2.348625e+02
1.000000e+02, 2.351302e+02
1.000000e+02, 2.353996e+02
1.000000e+02, 2.356707e+02
1.000000e+02, 2.359437e+02
1.000000e+02, 2.362184e+02
1.000000e+02, 2.364948e+02
1.000000e+02, 2.367730e+02
1.000000e+02, 2.370530e+02
1.000000e+02, 2.373348e+02
1.000000e+02, 2.376184e+02
1.000000e+02, 2.379037e+02
1.000000e+02, 2.381909e+02
1.000000e+02, 2.384798e+02
1.000000e+02, 2.387706e+02
1.000000e+02, 2.390631e+02
1.000000e+02, 2.393575e+02
1.000000e+02, 2.396537e+02
1.000000e+02, 2.399517e+02
1.000000e+02, 2.402515e+02
1.000000e+02, 2.405532e+02
1.000000e+02, 2.408567e+02
1.000000e+02, 2.411621e+02
1.000000e+02, 2.414692e+02
1.000000e+02, 2.417783e+02
1.000000e+02, 2.420892e+02
1.000000e+02, 2.424020e+02
1.000000e+02, 2.427166e+02
1.000000e+02, 2.430331e+02
1.000000e+02, 2.433515e+02
1.000000e+02, 2.436717e+02
1.000000e+02, 2.439939e+02
1.000000e+02, 2.443179e+02
1.000000e+02, 2.446439e+02
1.000000e+02, 2.449717e+02
1.000000e+02, 2.453015e+02
1.000000e+02, 2.456332e+02
1.000000e+02, 2.459668e+02
1.000000e+02, 2.463023e+02
1.000000e+02, 2.466398e+02
1.000000e+02, 2.469792e+02
1.000000e+02, 2.473205e+02
1.000000e+02, 2.476638e+02
1.000000e+02, 2.480091e+02
1.000000e+02, 2.483563e+02
1.000000e+02, 2.487055e+02
1.000000e+02, 2.490567e+02
1.000000e+02, 2.494099e+02
1.000000e+02, 2.497650e+02
1.000000e+02, 2.501222e+02
1.000000e+02, 2.504813e+02
1.000000e+02, 2.508425e+02
1.000000e+02, 2.512057e+02
1.000000e+02, 2.515709e+02
1.000000e+02, 2.519381e+02
1.000000e+02, 2.523074e+02
1.000000e+02, 2.526787e+02
1.000000e+02, 2.530520e+02
1.000000e+02, 2.534275e+02
1.000000e+02, 2.538050e+02
1.000000e+02, 2.541845e+02
1.000000e+02, 2.545662e+02
1.000000e+02, 2.549499e+02
1.000000e+02, 2.553357e+02
1.000000e+02, 2.557236e+02
1.000000e+02, 2.561137e+02
1.000000e+02, 2.565058e+02
1.000000e+02, 2.569001e+02
1.000000e+02, 2.572965e+02
1.000000e+02, 2.576951e+02
1.000000e+02, 2.580958e+02
1.000000e+02, 2.584986e+02
1.000000e+02, 2.589036e+02
1.000000e+02, 2.593108e+02
1.000000e+02, 2.597202e+02
1.000000e+02, 2.601318e+02
1.000000e+02, 2.605456e+02
1.000000e+02, 2.609616e+02
1.000000e+02, 2.613798e+02
1.000000e+02, 2.618002e+02
1.000000e+02, 2.622228e+02
1.000000e+02, 2.626477e+02
1.000000e+02, 2.630749e+02
1.000000e+02, 2.635043e+02
1.000000e+02, 2.639360e+02
1.000000e+02, 2.643700e+02
1.000000e+02, 2.648063e+02
1.000000e+02, 2.652448e+02
1.000000e+02, 2.656857e+02
1.000000e+02, 2.661289e+02
1.000000e+02, 2.665744e+02
1.000000e+02, 2.670223e+02
1.000000e+02, 2.674725e+02
1.000000e+02, 2.679251e+02
1.000000e+02, 2.683800e+02
1.000000e+02, 2.688373e+02
1.000000e+02, 2.692971e+02
1.000000e+02, 2.697592e+02
1.000000e+02, 2.702237e+02
1.000000e+02, 2.706907e+02
1.000000e+02, 2.711601e+02
1.000000e+02, 2.716319e+02
1.000000e+02, 2.721062e+02
1.000000e+02, 2.725830e+02
1.000000e+02, 2.730622e+02
1.000000e+02, 2.735440e+02
1.000000e+02, 2.740282e+02
1.000000e+02, 2.745150e+02
1.000000e+02, 2.750043e+02
1.000000e+02, 2.754961e+02
1.000000e+02, 2.759905e+02
1.000000e+02, 2.764875e+02
1.000000e+02, 2.769870e+02
1.000000e+02, 2.774892e+02
1.000000e+02, 2.779939e+02
1.000000e+02, 2.785013e+02
1.000000e+02, 2.790113e+02
1.000000e+02, 2.795239e+02
1.000000e+02, 2.800392e+02
1.000000e+02, 2.805572e+02
1.000000e+02, 2.810779e+02
1.000000e+02, 2.816012e+02
1.000000e+02, 2.821273e+02
1.000000e+02, 2.826561e+02
1.000000e+02, 2.831877e+02
1.000000e+02, 2.837220e+02
1.000000e+02, 2.842591e+02
1.000000e+02, 2.847990e+02
1.000000e+02, 2.853417e+02
1.000000e+02, 2.858872e+02
1.000000e+02, 2.864356e+02
1.000000e+02, 2.869868e+02
1.000000e+02, 2.875409e+02
1.000000e+02, 2.880978e+02
1.000000e+02, 2.886577e+02
1.000000e+02, 2.892205e+02
1.000000e+02, 2.897863e+02
1.000000e+02, 2.903550e+02
1.000000e+02, 2.909266e+02
1.000000e+02, 2.915013e+02
1.000000e+02, 2.920790e+02
1.000000e+02, 2.926597e+02
1.000000e+02, 2.932434e+02
1.000000e+02, 2.938302e+02
1.000000e+02, 2.944201e+02
1.000000e+02, 2.950131e+02
1.000000e+02, 2.956093e+02
1.000000e+02, 2.962085e+02
1.000000e+02, 2.968110e+02
1.000000e+02, 2.974166e+02
1.000000e+02, 2.980254e+02
1.000000e+02, 2.986375e+02
1.000000e+02, 2.992528e+02
1.000000e+02, 2.998714e+02
1.000000e+02, 3.004932e+02
1.000000e+02, 3.011184e+02
1.000000e+02, 3.017469e+02
1.000000e+02, 3.023788e+02
1.000000e+02, 3.030141e+02
1.000000e+02, 3.036528e+02
1.000000e+02, 3.042949e+02
1.000000e+02, 3.049404e+02
1.000000e+02, 3.055895e+02
1.000000e+02, 3.062420e+02
1.000000e+02, 3.068981e+02
1.000000e+02, 3.075577e+02
1.000000e+02, 3.082210e+02
1.000000e+02, 3.088878e+02
1.000000e+02, 3.095583e+02
1.000000e+02, 3.102324e+02
1.000000e+02, 3.109102e+02
1.000000e+02, 3.115918e+02
1.000000e+02, 3.122770e+02
1.000000e+02, 3.129661e+02
1.000000e+02, 3.136590e+02
1.000000e+02, 3.143557e+02
1.000000e+02, 3.150563e+02
1.000000e+02, 3.157608e+02
1.000000e+02, 3.164692e+02
1.000000e+02, 3.171816e+02
1.000000e+02, 3.178980e+02
1.000000e+02, 3.186184e+02
1.000000e+02, 3.193429e+02
1.000000e+02, 3.200715e+02
1.000000e+02, 3.208042e+02
1.000000e+02, 3.215411e+02
1.000000e+02, 3.222822e+02
1.000000e+02, 3.230276e+02
1.000000e+02, 3.237772e+02
1.000000e+02, 3.245311e+02
1.000000e+02, 3.252894e+02
1.000000e+02, 3.260521e+02
1.000000e+02, 3.268193e+02
1.000000e+02, 3.275909e+02
1.000000e+02, 3.283670e+02
1.000000e+02, 3.291478e+02
1.000000e+02, 3.299331e+02
1.000000e+02, 3.307230e+02
1.000000e+02, 3.315177e+02
1.000000e+02, 3.323171e+02
1.000000e+02, 3.331213e+02
1.000000e+02, 3.339303e+02
1.000000e+02, 3.347443e+02
1.000000e+02, 3.355631e+02
1.000000e+02, 3.363870e+02
1.000000e+02, 3.372158e+02
1.000000e+02, 3.380498e+02
1.000000e+02, 3.388889e+02
1.000000e+02, 3.397333e+02
1.000000e+02, 3.405828e+02
1.000000e+02, 3.414377e+02
1.000000e+02, 3.422980e+02
1.000000e+02, 3.431637e+02
1.000000e+02, 3.440348e+02
1.000000e+02, 3.449116e+02
1.000000e+02, 3.457939e+02
1.000000e+02, 3.466820e+02
1.000000e+02, 3.475757e+02
1.000000e+02, 3.484753e+02
1.000000e+02, 3.493808e+02
1.000000e+02, 3.502922e+02
1.000000e+02, 3.512097e+02
1.000000e+02, 3.521333e+02
1.000000e+02, 3.530630e+02
1.000000e+02, 3.539990e+02
1.000000e+02, 3.549413e+02
1.000000e+02, 3.558901e+02
1.000000e+02, 3.568453e+02
1.000000e+02, 3.578071e+02
1.000000e+02, 3.587757e+02
1.000000e+02, 3.597509e+02
1.000000e+02, 7.330352e-01
1.000000e+02, 1.722102e+00
1.000000e+02, 2.718213e+00
1.000000e+02, 3.721467e+00
1.000000e+02, 4.731968e+00
1.000000e+02, 5.749818e+00
1.000000e+02, 6.775125e+00
1.000000e+02, 7.808000e+00
1.000000e+02, 8.848555e+00
1.000000e+02, 9.896907e+00
1.000000e+02, 1.095318e+01
1.000000e+02, 1.201748e+01
1.000000e+02, 1.308996e+01
1.000000e+02, 1.417073e+01
1.000000e+02, 1.525992e+01
1.000000e+02, 1.635769e+01
1.000000e+02, 1.746417e+01
1.000000e+02, 1.857950e+01
1.000000e+02, 1.970384e+01
1.000000e+02, 2.083734e+01
1.000000e+02, 2.198017e+01
1.000000e+02, 2.313249e+01
1.000000e+02, 2.429446e+01
1.000000e+02, 2.546627e+01
1.000000e+02, 2.664811e+01
1.000000e+02, 2.784015e+01
1.000000e+02, 2.904259e+01
1.000000e+02, 3.025564e+01
1.000000e+02, 3.147950e+01
1.000000e+02, 3.271440e+01
1.000000e+02, 3.396055e+01
1.000000e+02, 3.521819e+01
1.000000e+02, 3.648755e+01
1.000000e+02, 3.776890e+01
1.000000e+02, 3.906249e+01
1.000000e+02, 4.036859e+01
1.000000e+02, 4.168748e+01
1.000000e+02, 4.301946e+01
1.000000e+02, 4.436482e+01
1.000000e+02, 4.572389e+01
1.000000e+02, 4.709700e+01
1.000000e+02, 4.848449e+01
1.000000e+02, 4.988673e+01
1.000000e+02, 5.130408e+01
1.000000e+02, 5.273694e+01
1.000000e+02, 5.418573e+01
1.000000e+02, 5.565087e+01
1.000000e+02, 5.713283e+01
1.000000e+02, 5.863206e+01
1.000000e+02, 6.014908e+01
1.000000e+02, 6.168441e+01
1.000000e+02, 6.323859e+01
1.000000e+02, 6.481221e+01
1.000000e+02, 6.640589e+01
1.000000e+02, 6.802026e+01
1.000000e+02, 6.965602e+01
1.000000e+02, 7.131390e+01
1.000000e+02, 7.299465e+01
1.000000e+02, 7.469909e+01
1.000000e+02, 7.642810e+01
1.000000e+02, 7.818260e+01
1.000000e+02, 7.996357e+01
1.000000e+02, 8.177207e+01
1.000000e+02, 8.360923e+01
1.000000e+02, 8.547625e+01
1.000000e+02, 8.737443e+01
1.000000e+02, 8.930519e+01
1.000000e+02, 9.127001e+01
1.000000e+02, 9.327056e+01
1.000000e+02, 9.530859e+01
1.000000e+02, 9.738605e+01
1.000000e+02, 9.950504e+01
1.000000e+02, 1.016679e+02
1.000000e+02, 1.038771e+02
1.000000e+02, 1.061355e+02
1.000000e+02, 1.084461e+02
1.000000e+02, 1.108125e+02
1.000000e+02, 1.132384e+02
1.000000e+02, 1.157283e+02
1.000000e+02, 1.182869e+02
1.000000e+02, 1.209198e+02
1.000000e+02, 1.236334e+02
1.000000e+02, 1.264351e+02
1.000000e+02, 1.293333e+02
1.000000e+02, 1.323382e+02
1.000000e+02, 1.354616e+02
1.000000e+02, 1.387180e+02
1.000000e+02, 1.421249e+02
1.000000e+02, 1.457043e+02
1.000000e+02, 1.494841e+02
1.000000e+02, 1.535009e+02
1.000000e+02, 1.578038e+02
1.000000e+02, 1.624622e+02
1.000000e+02, 1.675798e+02
1.000000e+02, 1.733237e+02
1.000000e+02, 1.800000e+02
##END= 