##TITLE= /opt/topspin3.0/exp/stan/nmr/lists/wave/user/HypSec_trunc2.84_110
##JCAMP-DX= 5.00 Bruker JCAMP library
##DATA TYPE= Shape Data
##ORIGIN= Bruker BioSpin GmbH
##OWNER= <nmrsu>
##DATE= 15/02/24
##TIME= 16:15:04
##MINX= 1.164538e+01
##MAXX= 9.999960e+01
##MINY= 2.546774e-02
##MAXY= 3.585574e+02
##$SHAPE_EXMODE= Adiabatic
##$SHAPE_TOTROT= 1.800000e+02
##$SHAPE_BWFAC= 1.929340e+02
##$SHAPE_INTEGFAC= 2.356110e-02
##$SHAPE_MODE= 0
##NPOINTS= 1000
##XYPOINTS= (XY..XY)
1.000000e+02, 1.800000e+02
1.000000e+02, 1.709986e+02
1.000000e+02, 1.632543e+02
1.000000e+02, 1.563546e+02
1.000000e+02, 1.500737e+02
1.000000e+02, 1.442723e+02
1.000000e+02, 1.388567e+02
1.000000e+02, 1.337605e+02
1.000000e+02, 1.289345e+02
1.000000e+02, 1.243411e+02
1.000000e+02, 1.199507e+02
1.000000e+02, 1.157395e+02
1.000000e+02, 1.116882e+02
1.000000e+02, 1.077807e+02
1.000000e+02, 1.040033e+02
1.000000e+02, 1.003446e+02
1.000000e+02, 9.679472e+01
1.000000e+02, 9.334506e+01
1.000000e+02, 8.998812e+01
1.000000e+02, 8.671732e+01
1.000000e+02, 8.352684e+01
1.000000e+02, 8.041148e+01
1.000000e+02, 7.736660e+01
1.000000e+02, 7.438801e+01
1.000000e+02, 7.147196e+01
1.000000e+02, 6.861502e+01
1.000000e+02, 6.581407e+01
1.000000e+02, 6.306627e+01
1.000000e+02, 6.036902e+01
1.000000e+02, 5.771992e+01
1.000000e+02, 5.511677e+01
1.000000e+02, 5.255752e+01
1.000000e+02, 5.004030e+01
1.000000e+02, 4.756334e+01
1.000000e+02, 4.512501e+01
1.000000e+02, 4.272380e+01
1.000000e+02, 4.035828e+01
1.000000e+02, 3.802713e+01
1.000000e+02, 3.572910e+01
1.000000e+02, 3.346301e+01
1.000000e+02, 3.122777e+01
1.000000e+02, 2.902234e+01
1.000000e+02, 2.684574e+01
1.000000e+02, 2.469706e+01
1.000000e+02, 2.257541e+01
1.000000e+02, 2.047997e+01
1.000000e+02, 1.840995e+01
1.000000e+02, 1.636462e+01
1.000000e+02, 1.434326e+01
1.000000e+02, 1.234520e+01
1.000000e+02, 1.036981e+01
1.000000e+02, 8.416468e+00
1.000000e+02, 6.484596e+00
1.000000e+02, 4.573639e+00
1.000000e+02, 2.683067e+00
1.000000e+02, 8.123711e-01
1.000000e+02, 3.589611e+02
1.000000e+02, 3.571287e+02
1.000000e+02, 3.553148e+02
1.000000e+02, 3.535189e+02
1.000000e+02, 3.517407e+02
1.000000e+02, 3.499798e+02
1.000000e+02, 3.482357e+02
1.000000e+02, 3.465081e+02
1.000000e+02, 3.447967e+02
1.000000e+02, 3.431010e+02
1.000000e+02, 3.414209e+02
1.000000e+02, 3.397559e+02
1.000000e+02, 3.381059e+02
1.000000e+02, 3.364704e+02
1.000000e+02, 3.348491e+02
1.000000e+02, 3.332420e+02
1.000000e+02, 3.316486e+02
1.000000e+02, 3.300686e+02
1.000000e+02, 3.285020e+02
1.000000e+02, 3.269484e+02
1.000000e+02, 3.254076e+02
1.000000e+02, 3.238793e+02
1.000000e+02, 3.223634e+02
1.000000e+02, 3.208596e+02
1.000000e+02, 3.193678e+02
1.000000e+02, 3.178878e+02
1.000000e+02, 3.164192e+02
1.000000e+02, 3.149621e+02
1.000000e+02, 3.135161e+02
1.000000e+02, 3.120811e+02
1.000000e+02, 3.106570e+02
1.000000e+02, 3.092436e+02
1.000000e+02, 3.078406e+02
1.000000e+02, 3.064480e+02
1.000000e+02, 3.050657e+02
1.000000e+02, 3.036933e+02
1.000000e+02, 3.023309e+02
1.000000e+02, 3.009783e+02
1.000000e+02, 2.996353e+02
1.000000e+02, 2.983017e+02
1.000000e+02, 2.969776e+02
1.000000e+02, 2.956627e+02
1.000000e+02, 2.943569e+02
1.000000e+02, 2.930601e+02
1.000000e+02, 2.917722e+02
1.000000e+02, 2.904930e+02
1.000000e+02, 2.892225e+02
1.000000e+02, 2.879606e+02
1.000000e+02, 2.867070e+02
1.000000e+02, 2.854618e+02
1.000000e+02, 2.842249e+02
1.000000e+02, 2.829960e+02
1.000000e+02, 2.817752e+02
1.000000e+02, 2.805623e+02
1.000000e+02, 2.793573e+02
1.000000e+02, 2.781600e+02
1.000000e+02, 2.769703e+02
1.000000e+02, 2.757883e+02
1.000000e+02, 2.746137e+02
1.000000e+02, 2.734465e+02
1.000000e+02, 2.722867e+02
1.000000e+02, 2.711341e+02
1.000000e+02, 2.699886e+02
1.000000e+02, 2.688503e+02
1.000000e+02, 2.677189e+02
1.000000e+02, 2.665945e+02
1.000000e+02, 2.654770e+02
1.000000e+02, 2.643662e+02
1.000000e+02, 2.632622e+02
1.000000e+02, 2.621648e+02
1.000000e+02, 2.610740e+02
1.000000e+02, 2.599897e+02
1.000000e+02, 2.589119e+02
1.000000e+02, 2.578405e+02
1.000000e+02, 2.567754e+02
1.000000e+02, 2.557166e+02
1.000000e+02, 2.546640e+02
1.000000e+02, 2.536176e+02
1.000000e+02, 2.525772e+02
1.000000e+02, 2.515429e+02
1.000000e+02, 2.505146e+02
1.000000e+02, 2.494922e+02
1.000000e+02, 2.484757e+02
1.000000e+02, 2.474650e+02
1.000000e+02, 2.464601e+02
1.000000e+02, 2.454609e+02
1.000000e+02, 2.444674e+02
1.000000e+02, 2.434795e+02
1.000000e+02, 2.424972e+02
1.000000e+02, 2.415204e+02
1.000000e+02, 2.405491e+02
1.000000e+02, 2.395832e+02
1.000000e+02, 2.386227e+02
1.000000e+02, 2.376676e+02
1.000000e+02, 2.367177e+02
1.000000e+02, 2.357731e+02
1.000000e+02, 2.348338e+02
1.000000e+02, 2.338996e+02
1.000000e+02, 2.329705e+02
1.000000e+02, 2.320466e+02
1.000000e+02, 2.311277e+02
1.000000e+02, 2.302138e+02
1.000000e+02, 2.293049e+02
1.000000e+02, 2.284009e+02
1.000000e+02, 2.275019e+02
1.000000e+02, 2.266077e+02
1.000000e+02, 2.257183e+02
1.000000e+02, 2.248338e+02
1.000000e+02, 2.239540e+02
1.000000e+02, 2.230789e+02
1.000000e+02, 2.222085e+02
1.000000e+02, 2.213428e+02
1.000000e+02, 2.204817e+02
1.000000e+02, 2.196252e+02
1.000000e+02, 2.187732e+02
1.000000e+02, 2.179258e+02
1.000000e+02, 2.170829e+02
1.000000e+02, 2.162445e+02
1.000000e+02, 2.154105e+02
1.000000e+02, 2.145809e+02
1.000000e+02, 2.137557e+02
1.000000e+02, 2.129348e+02
1.000000e+02, 2.121183e+02
1.000000e+02, 2.113060e+02
1.000000e+02, 2.104981e+02
1.000000e+02, 2.096943e+02
1.000000e+02, 2.088948e+02
1.000000e+02, 2.080995e+02
1.000000e+02, 2.073083e+02
1.000000e+02, 2.065212e+02
1.000000e+02, 2.057383e+02
1.000000e+02, 2.049594e+02
1.000000e+02, 2.041846e+02
1.000000e+02, 2.034139e+02
1.000000e+02, 2.026471e+02
1.000000e+02, 2.018844e+02
1.000000e+02, 2.011256e+02
1.000000e+02, 2.003707e+02
1.000000e+02, 1.996198e+02
1.000000e+02, 1.988727e+02
1.000000e+02, 1.981295e+02
1.000000e+02, 1.973902e+02
1.000000e+02, 1.966547e+02
1.000000e+02, 1.959230e+02
1.000000e+02, 1.951951e+02
1.000000e+02, 1.944710e+02
1.000000e+02, 1.937506e+02
1.000000e+02, 1.930339e+02
1.000000e+02, 1.923209e+02
1.000000e+02, 1.916116e+02
1.000000e+02, 1.909060e+02
1.000000e+02, 1.902040e+02
1.000000e+02, 1.895056e+02
1.000000e+02, 1.888109e+02
1.000000e+02, 1.881197e+02
1.000000e+02, 1.874321e+02
1.000000e+02, 1.867480e+02
1.000000e+02, 1.860675e+02
1.000000e+02, 1.853905e+02
1.000000e+02, 1.847170e+02
1.000000e+02, 1.840469e+02
1.000000e+02, 1.833804e+02
1.000000e+02, 1.827172e+02
1.000000e+02, 1.820575e+02
1.000000e+02, 1.814012e+02
1.000000e+02, 1.807483e+02
1.000000e+02, 1.800988e+02
1.000000e+02, 1.794527e+02
1.000000e+02, 1.788099e+02
1.000000e+02, 1.781704e+02
1.000000e+02, 1.775342e+02
1.000000e+02, 1.769013e+02
1.000000e+02, 1.762718e+02
1.000000e+02, 1.756454e+02
1.000000e+02, 1.750224e+02
1.000000e+02, 1.744026e+02
1.000000e+02, 1.737860e+02
1.000000e+02, 1.731726e+02
1.000000e+02, 1.725624e+02
1.000000e+02, 1.719554e+02
1.000000e+02, 1.713516e+02
1.000000e+02, 1.707509e+02
1.000000e+02, 1.701533e+02
1.000000e+02, 1.695589e+02
1.000000e+02, 1.689676e+02
1.000000e+02, 1.683794e+02
1.000000e+02, 1.677943e+02
1.000000e+02, 1.672123e+02
1.000000e+02, 1.666333e+02
1.000000e+02, 1.660574e+02
1.000000e+02, 1.654845e+02
1.000000e+02, 1.649147e+02
1.000000e+02, 1.643478e+02
1.000000e+02, 1.637840e+02
1.000000e+02, 1.632231e+02
1.000000e+02, 1.626653e+02
1.000000e+02, 1.621104e+02
1.000000e+02, 1.615584e+02
1.000000e+02, 1.610094e+02
1.000000e+02, 1.604633e+02
1.000000e+02, 1.599201e+02
1.000000e+02, 1.593799e+02
1.000000e+02, 1.588425e+02
1.000000e+02, 1.583081e+02
1.000000e+02, 1.577765e+02
1.000000e+02, 1.572478e+02
1.000000e+02, 1.567219e+02
1.000000e+02, 1.561989e+02
1.000000e+02, 1.556787e+02
1.000000e+02, 1.551613e+02
1.000000e+02, 1.546468e+02
1.000000e+02, 1.541350e+02
1.000000e+02, 1.536261e+02
1.000000e+02, 1.531199e+02
1.000000e+02, 1.526165e+02
1.000000e+02, 1.521159e+02
1.000000e+02, 1.516180e+02
1.000000e+02, 1.511229e+02
1.000000e+02, 1.506305e+02
1.000000e+02, 1.501409e+02
1.000000e+02, 1.496539e+02
1.000000e+02, 1.491697e+02
1.000000e+02, 1.486882e+02
1.000000e+02, 1.482093e+02
1.000000e+02, 1.477332e+02
1.000000e+02, 1.472597e+02
1.000000e+02, 1.467889e+02
1.000000e+02, 1.463207e+02
1.000000e+02, 1.458552e+02
1.000000e+02, 1.453924e+02
1.000000e+02, 1.449321e+02
1.000000e+02, 1.444745e+02
1.000000e+02, 1.440195e+02
1.000000e+02, 1.435672e+02
1.000000e+02, 1.431174e+02
1.000000e+02, 1.426702e+02
1.000000e+02, 1.422256e+02
1.000000e+02, 1.417835e+02
1.000000e+02, 1.413441e+02
1.000000e+02, 1.409072e+02
1.000000e+02, 1.404728e+02
1.000000e+02, 1.400410e+02
1.000000e+02, 1.396118e+02
1.000000e+02, 1.391850e+02
1.000000e+02, 1.387608e+02
1.000000e+02, 1.383392e+02
1.000000e+02, 1.379200e+02
1.000000e+02, 1.375033e+02
1.000000e+02, 1.370891e+02
1.000000e+02, 1.366774e+02
1.000000e+02, 1.362682e+02
1.000000e+02, 1.358615e+02
1.000000e+02, 1.354573e+02
1.000000e+02, 1.350555e+02
1.000000e+02, 1.346561e+02
1.000000e+02, 1.342592e+02
1.000000e+02, 1.338648e+02
1.000000e+02, 1.334728e+02
1.000000e+02, 1.330832e+02
1.000000e+02, 1.326961e+02
1.000000e+02, 1.323113e+02
1.000000e+02, 1.319290e+02
1.000000e+02, 1.315491e+02
1.000000e+02, 1.311716e+02
1.000000e+02, 1.307965e+02
1.000000e+02, 1.304237e+02
1.000000e+02, 1.300534e+02
1.000000e+02, 1.296854e+02
1.000000e+02, 1.293198e+02
1.000000e+02, 1.289566e+02
1.000000e+02, 1.285957e+02
1.000000e+02, 1.282372e+02
1.000000e+02, 1.278810e+02
1.000000e+02, 1.275272e+02
1.000000e+02, 1.271757e+02
1.000000e+02, 1.268266e+02
1.000000e+02, 1.264797e+02
1.000000e+02, 1.261352e+02
1.000000e+02, 1.257930e+02
1.000000e+02, 1.254532e+02
1.000000e+02, 1.251156e+02
1.000000e+02, 1.247803e+02
1.000000e+02, 1.244474e+02
1.000000e+02, 1.241167e+02
1.000000e+02, 1.237883e+02
1.000000e+02, 1.234622e+02
1.000000e+02, 1.231383e+02
1.000000e+02, 1.228168e+02
1.000000e+02, 1.224975e+02
1.000000e+02, 1.221805e+02
1.000000e+02, 1.218657e+02
1.000000e+02, 1.215532e+02
1.000000e+02, 1.212429e+02
1.000000e+02, 1.209349e+02
1.000000e+02, 1.206291e+02
1.000000e+02, 1.203256e+02
1.000000e+02, 1.200242e+02
1.000000e+02, 1.197252e+02
1.000000e+02, 1.194283e+02
1.000000e+02, 1.191336e+02
1.000000e+02, 1.188412e+02
1.000000e+02, 1.185510e+02
1.000000e+02, 1.182630e+02
1.000000e+02, 1.179772e+02
1.000000e+02, 1.176936e+02
1.000000e+02, 1.174122e+02
1.000000e+02, 1.171329e+02
1.000000e+02, 1.168559e+02
1.000000e+02, 1.165810e+02
1.000000e+02, 1.163084e+02
1.000000e+02, 1.160379e+02
1.000000e+02, 1.157695e+02
1.000000e+02, 1.155034e+02
1.000000e+02, 1.152394e+02
1.000000e+02, 1.149775e+02
1.000000e+02, 1.147179e+02
1.000000e+02, 1.144603e+02
1.000000e+02, 1.142050e+02
1.000000e+02, 1.139517e+02
1.000000e+02, 1.137007e+02
1.000000e+02, 1.134517e+02
1.000000e+02, 1.132049e+02
1.000000e+02, 1.129602e+02
1.000000e+02, 1.127177e+02
1.000000e+02, 1.124773e+02
1.000000e+02, 1.122390e+02
1.000000e+02, 1.120028e+02
1.000000e+02, 1.117687e+02
1.000000e+02, 1.115368e+02
1.000000e+02, 1.113069e+02
1.000000e+02, 1.110792e+02
1.000000e+02, 1.108536e+02
1.000000e+02, 1.106301e+02
1.000000e+02, 1.104087e+02
1.000000e+02, 1.101893e+02
1.000000e+02, 1.099721e+02
1.000000e+02, 1.097570e+02
1.000000e+02, 1.095439e+02
1.000000e+02, 1.093329e+02
1.000000e+02, 1.091240e+02
1.000000e+02, 1.089172e+02
1.000000e+02, 1.087125e+02
1.000000e+02, 1.085098e+02
1.000000e+02, 1.083093e+02
1.000000e+02, 1.081107e+02
1.000000e+02, 1.079143e+02
1.000000e+02, 1.077199e+02
1.000000e+02, 1.075276e+02
1.000000e+02, 1.073373e+02
1.000000e+02, 1.071491e+02
1.000000e+02, 1.069629e+02
1.000000e+02, 1.067788e+02
1.000000e+02, 1.065967e+02
1.000000e+02, 1.064167e+02
1.000000e+02, 1.062388e+02
1.000000e+02, 1.060628e+02
1.000000e+02, 1.058889e+02
1.000000e+02, 1.057171e+02
1.000000e+02, 1.055473e+02
1.000000e+02, 1.053795e+02
1.000000e+02, 1.052137e+02
1.000000e+02, 1.050500e+02
1.000000e+02, 1.048883e+02
1.000000e+02, 1.047287e+02
1.000000e+02, 1.045710e+02
1.000000e+02, 1.044154e+02
1.000000e+02, 1.042618e+02
1.000000e+02, 1.041102e+02
1.000000e+02, 1.039606e+02
1.000000e+02, 1.038130e+02
1.000000e+02, 1.036675e+02
1.000000e+02, 1.035240e+02
1.000000e+02, 1.033824e+02
1.000000e+02, 1.032429e+02
1.000000e+02, 1.031054e+02
1.000000e+02, 1.029699e+02
1.000000e+02, 1.028363e+02
1.000000e+02, 1.027048e+02
1.000000e+02, 1.025753e+02
1.000000e+02, 1.024478e+02
1.000000e+02, 1.023222e+02
1.000000e+02, 1.021987e+02
1.000000e+02, 1.020772e+02
1.000000e+02, 1.019576e+02
1.000000e+02, 1.018400e+02
1.000000e+02, 1.017244e+02
1.000000e+02, 1.016109e+02
1.000000e+02, 1.014992e+02
1.000000e+02, 1.013896e+02
1.000000e+02, 1.012820e+02
1.000000e+02, 1.011763e+02
1.000000e+02, 1.010726e+02
1.000000e+02, 1.009709e+02
1.000000e+02, 1.008712e+02
1.000000e+02, 1.007734e+02
1.000000e+02, 1.006776e+02
1.000000e+02, 1.005838e+02
1.000000e+02, 1.004920e+02
1.000000e+02, 1.004021e+02
1.000000e+02, 1.003142e+02
1.000000e+02, 1.002283e+02
1.000000e+02, 1.001443e+02
1.000000e+02, 1.000623e+02
1.000000e+02, 9.998232e+01
1.000000e+02, 9.990425e+01
1.000000e+02, 9.982815e+01
1.000000e+02, 9.975401e+01
1.000000e+02, 9.968184e+01
1.000000e+02, 9.961162e+01
1.000000e+02, 9.954337e+01
1.000000e+02, 9.947707e+01
1.000000e+02, 9.941273e+01
1.000000e+02, 9.935035e+01
1.000000e+02, 9.928993e+01
1.000000e+02, 9.923146e+01
1.000000e+02, 9.917495e+01
1.000000e+02, 9.912039e+01
1.000000e+02, 9.906779e+01
1.000000e+02, 9.901714e+01
1.000000e+02, 9.896845e+01
1.000000e+02, 9.892170e+01
1.000000e+02, 9.887691e+01
1.000000e+02, 9.883407e+01
1.000000e+02, 9.879318e+01
1.000000e+02, 9.875424e+01
1.000000e+02, 9.871726e+01
1.000000e+02, 9.868222e+01
1.000000e+02, 9.864912e+01
1.000000e+02, 9.861798e+01
1.000000e+02, 9.858879e+01
1.000000e+02, 9.856154e+01
1.000000e+02, 9.853624e+01
1.000000e+02, 9.851289e+01
1.000000e+02, 9.849149e+01
1.000000e+02, 9.847203e+01
1.000000e+02, 9.845452e+01
1.000000e+02, 9.843895e+01
1.000000e+02, 9.842533e+01
1.000000e+02, 9.841366e+01
1.000000e+02, 9.840393e+01
1.000000e+02, 9.839615e+01
1.000000e+02, 9.839031e+01
1.000000e+02, 9.838642e+01
1.000000e+02, 9.838448e+01
1.000000e+02, 9.838448e+01
1.000000e+02, 9.838642e+01
1.000000e+02, 9.839031e+01
1.000000e+02, 9.839615e+01
1.000000e+02, 9.840393e+01
1.000000e+02, 9.841366e+01
1.000000e+02, 9.842533e+01
1.000000e+02, 9.843895e+01
1.000000e+02, 9.845452e+01
1.000000e+02, 9.847203e+01
1.000000e+02, 9.849149e+01
1.000000e+02, 9.851289e+01
1.000000e+02, 9.853624e+01
1.000000e+02, 9.856154e+01
1.000000e+02, 9.858879e+01
1.000000e+02, 9.861798e+01
1.000000e+02, 9.864913e+01
1.000000e+02, 9.868222e+01
1.000000e+02, 9.871726e+01
1.000000e+02, 9.875425e+01
1.000000e+02, 9.879318e+01
1.000000e+02, 9.883407e+01
1.000000e+02, 9.887691e+01
1.000000e+02, 9.892171e+01
1.000000e+02, 9.896845e+01
1.000000e+02, 9.901714e+01
1.000000e+02, 9.906779e+01
1.000000e+02, 9.912039e+01
1.000000e+02, 9.917495e+01
1.000000e+02, 9.923146e+01
1.000000e+02, 9.928993e+01
1.000000e+02, 9.935035e+01
1.000000e+02, 9.941273e+01
1.000000e+02, 9.947707e+01
1.000000e+02, 9.954337e+01
1.000000e+02, 9.961162e+01
1.000000e+02, 9.968184e+01
1.000000e+02, 9.975401e+01
1.000000e+02, 9.982815e+01
1.000000e+02, 9.990425e+01
1.000000e+02, 9.998232e+01
1.000000e+02, 1.000623e+02
1.000000e+02, 1.001443e+02
1.000000e+02, 1.002283e+02
1.000000e+02, 1.003142e+02
1.000000e+02, 1.004021e+02
1.000000e+02, 1.004920e+02
1.000000e+02, 1.005838e+02
1.000000e+02, 1.006776e+02
1.000000e+02, 1.007734e+02
1.000000e+02, 1.008712e+02
1.000000e+02, 1.009709e+02
1.000000e+02, 1.010726e+02
1.000000e+02, 1.011763e+02
1.000000e+02, 1.012820e+02
1.000000e+02, 1.013896e+02
1.000000e+02, 1.014992e+02
1.000000e+02, 1.016109e+02
1.000000e+02, 1.017244e+02
1.000000e+02, 1.018400e+02
1.000000e+02, 1.019576e+02
1.000000e+02, 1.020772e+02
1.000000e+02, 1.021987e+02
1.000000e+02, 1.023222e+02
1.000000e+02, 1.024478e+02
1.000000e+02, 1.025753e+02
1.000000e+02, 1.027048e+02
1.000000e+02, 1.028363e+02
1.000000e+02, 1.029699e+02
1.000000e+02, 1.031054e+02
1.000000e+02, 1.032429e+02
1.000000e+02, 1.033824e+02
1.000000e+02, 1.035240e+02
1.000000e+02, 1.036675e+02
1.000000e+02, 1.038130e+02
1.000000e+02, 1.039606e+02
1.000000e+02, 1.041102e+02
1.000000e+02, 1.042618e+02
1.000000e+02, 1.044154e+02
1.000000e+02, 1.045710e+02
1.000000e+02, 1.047287e+02
1.000000e+02, 1.048883e+02
1.000000e+02, 1.050500e+02
1.000000e+02, 1.052137e+02
1.000000e+02, 1.053795e+02
1.000000e+02, 1.055473e+02
1.000000e+02, 1.057171e+02
1.000000e+02, 1.058889e+02
1.000000e+02, 1.060628e+02
1.000000e+02, 1.062388e+02
1.000000e+02, 1.064167e+02
1.000000e+02, 1.065967e+02
1.000000e+02, 1.067788e+02
1.000000e+02, 1.069629e+02
1.000000e+02, 1.071491e+02
1.000000e+02, 1.073373e+02
1.000000e+02, 1.075276e+02
1.000000e+02, 1.077199e+02
1.000000e+02, 1.079143e+02
1.000000e+02, 1.081107e+02
1.000000e+02, 1.083093e+02
1.000000e+02, 1.085098e+02
1.000000e+02, 1.087125e+02
1.000000e+02, 1.089172e+02
1.000000e+02, 1.091240e+02
1.000000e+02, 1.093329e+02
1.000000e+02, 1.095439e+02
1.000000e+02, 1.097570e+02
1.000000e+02, 1.099721e+02
1.000000e+02, 1.101893e+02
1.000000e+02, 1.104087e+02
1.000000e+02, 1.106301e+02
1.000000e+02, 1.108536e+02
1.000000e+02, 1.110792e+02
1.000000e+02, 1.113069e+02
1.000000e+02, 1.115368e+02
1.000000e+02, 1.117687e+02
1.000000e+02, 1.120028e+02
1.000000e+02, 1.122390e+02
1.000000e+02, 1.124773e+02
1.000000e+02, 1.127177e+02
1.000000e+02, 1.129602e+02
1.000000e+02, 1.132049e+02
1.000000e+02, 1.134517e+02
1.000000e+02, 1.137007e+02
1.000000e+02, 1.139517e+02
1.000000e+02, 1.142050e+02
1.000000e+02, 1.144603e+02
1.000000e+02, 1.147179e+02
1.000000e+02, 1.149775e+02
1.000000e+02, 1.152394e+02
1.000000e+02, 1.155034e+02
1.000000e+02, 1.157695e+02
1.000000e+02, 1.160379e+02
1.000000e+02, 1.163084e+02
1.000000e+02, 1.165810e+02
1.000000e+02, 1.168559e+02
1.000000e+02, 1.171329e+02
1.000000e+02, 1.174122e+02
1.000000e+02, 1.176936e+02
1.000000e+02, 1.179772e+02
1.000000e+02, 1.182630e+02
1.000000e+02, 1.185510e+02
1.000000e+02, 1.188412e+02
1.000000e+02, 1.191336e+02
1.000000e+02, 1.194283e+02
1.000000e+02, 1.197252e+02
1.000000e+02, 1.200242e+02
1.000000e+02, 1.203256e+02
1.000000e+02, 1.206291e+02
1.000000e+02, 1.209349e+02
1.000000e+02, 1.212429e+02
1.000000e+02, 1.215532e+02
1.000000e+02, 1.218657e+02
1.000000e+02, 1.221805e+02
1.000000e+02, 1.224975e+02
1.000000e+02, 1.228168e+02
1.000000e+02, 1.231383e+02
1.000000e+02, 1.234622e+02
1.000000e+02, 1.237883e+02
1.000000e+02, 1.241167e+02
1.000000e+02, 1.244474e+02
1.000000e+02, 1.247803e+02
1.000000e+02, 1.251156e+02
1.000000e+02, 1.254532e+02
1.000000e+02, 1.257930e+02
1.000000e+02, 1.261352e+02
1.000000e+02, 1.264797e+02
1.000000e+02, 1.268266e+02
1.000000e+02, 1.271757e+02
1.000000e+02, 1.275272e+02
1.000000e+02, 1.278810e+02
1.000000e+02, 1.282372e+02
1.000000e+02, 1.285957e+02
1.000000e+02, 1.289566e+02
1.000000e+02, 1.293198e+02
1.000000e+02, 1.296854e+02
1.000000e+02, 1.300534e+02
1.000000e+02, 1.304237e+02
1.000000e+02, 1.307965e+02
1.000000e+02, 1.311716e+02
1.000000e+02, 1.315491e+02
1.000000e+02, 1.319290e+02
1.000000e+02, 1.323113e+02
1.000000e+02, 1.326961e+02
1.000000e+02, 1.330832e+02
1.000000e+02, 1.334728e+02
1.000000e+02, 1.338648e+02
1.000000e+02, 1.342592e+02
1.000000e+02, 1.346561e+02
1.000000e+02, 1.350555e+02
1.000000e+02, 1.354573e+02
1.000000e+02, 1.358615e+02
1.000000e+02, 1.362682e+02
1.000000e+02, 1.366774e+02
1.000000e+02, 1.370891e+02
1.000000e+02, 1.375033e+02
1.000000e+02, 1.379200e+02
1.000000e+02, 1.383392e+02
1.000000e+02, 1.387608e+02
1.000000e+02, 1.391850e+02
1.000000e+02, 1.396118e+02
1.000000e+02, 1.400410e+02
1.000000e+02, 1.404728e+02
1.000000e+02, 1.409072e+02
1.000000e+02, 1.413441e+02
1.000000e+02, 1.417835e+02
1.000000e+02, 1.422256e+02
1.000000e+02, 1.426702e+02
1.000000e+02, 1.431174e+02
1.000000e+02, 1.435672e+02
1.000000e+02, 1.440195e+02
1.000000e+02, 1.444745e+02
1.000000e+02, 1.449321e+02
1.000000e+02, 1.453924e+02
1.000000e+02, 1.458552e+02
1.000000e+02, 1.463207e+02
1.000000e+02, 1.467889e+02
1.000000e+02, 1.472597e+02
1.000000e+02, 1.477332e+02
1.000000e+02, 1.482093e+02
1.000000e+02, 1.486882e+02
1.000000e+02, 1.491697e+02
1.000000e+02, 1.496539e+02
1.000000e+02, 1.501409e+02
1.000000e+02, 1.506305e+02
1.000000e+02, 1.511229e+02
1.000000e+02, 1.516180e+02
1.000000e+02, 1.521159e+02
1.000000e+02, 1.526165e+02
1.000000e+02, 1.531199e+02
1.000000e+02, 1.536261e+02
1.000000e+02, 1.541350e+02
1.000000e+02, 1.546468e+02
1.000000e+02, 1.551613e+02
1.000000e+02, 1.556787e+02
1.000000e+02, 1.561989e+02
1.000000e+02, 1.567219e+02
1.000000e+02, 1.572478e+02
1.000000e+02, 1.577765e+02
1.000000e+02, 1.583081e+02
1.000000e+02, 1.588425e+02
1.000000e+02, 1.593799e+02
1.000000e+02, 1.599202e+02
1.000000e+02, 1.604633e+02
1.000000e+02, 1.610094e+02
1.000000e+02, 1.615584e+02
1.000000e+02, 1.621104e+02
1.000000e+02, 1.626653e+02
1.000000e+02, 1.632231e+02
1.000000e+02, 1.637840e+02
1.000000e+02, 1.643478e+02
1.000000e+02, 1.649147e+02
1.000000e+02, 1.654845e+02
1.000000e+02, 1.660574e+02
1.000000e+02, 1.666333e+02
1.000000e+02, 1.672123e+02
1.000000e+02, 1.677943e+02
1.000000e+02, 1.683794e+02
1.000000e+02, 1.689676e+02
1.000000e+02, 1.695589e+02
1.000000e+02, 1.701533e+02
1.000000e+02, 1.707509e+02
1.000000e+02, 1.713516e+02
1.000000e+02, 1.719554e+02
1.000000e+02, 1.725624e+02
1.000000e+02, 1.731726e+02
1.000000e+02, 1.737860e+02
1.000000e+02, 1.744026e+02
1.000000e+02, 1.750224e+02
1.000000e+02, 1.756455e+02
1.000000e+02, 1.762718e+02
1.000000e+02, 1.769013e+02
1.000000e+02, 1.775342e+02
1.000000e+02, 1.781704e+02
1.000000e+02, 1.788099e+02
1.000000e+02, 1.794527e+02
1.000000e+02, 1.800988e+02
1.000000e+02, 1.807484e+02
1.000000e+02, 1.814012e+02
1.000000e+02, 1.820575e+02
1.000000e+02, 1.827172e+02
1.000000e+02, 1.833804e+02
1.000000e+02, 1.840469e+02
1.000000e+02, 1.847170e+02
1.000000e+02, 1.853905e+02
1.000000e+02, 1.860675e+02
1.000000e+02, 1.867480e+02
1.000000e+02, 1.874321e+02
1.000000e+02, 1.881197e+02
1.000000e+02, 1.888109e+02
1.000000e+02, 1.895056e+02
1.000000e+02, 1.902040e+02
1.000000e+02, 1.909060e+02
1.000000e+02, 1.916116e+02
1.000000e+02, 1.923209e+02
1.000000e+02, 1.930339e+02
1.000000e+02, 1.937506e+02
1.000000e+02, 1.944710e+02
1.000000e+02, 1.951951e+02
1.000000e+02, 1.959230e+02
1.000000e+02, 1.966547e+02
1.000000e+02, 1.973902e+02
1.000000e+02, 1.981295e+02
1.000000e+02, 1.988727e+02
1.000000e+02, 1.996198e+02
1.000000e+02, 2.003707e+02
1.000000e+02, 2.011256e+02
1.000000e+02, 2.018844e+02
1.000000e+02, 2.026471e+02
1.000000e+02, 2.034139e+02
1.000000e+02, 2.041846e+02
1.000000e+02, 2.049594e+02
1.000000e+02, 2.057383e+02
1.000000e+02, 2.065212e+02
1.000000e+02, 2.073083e+02
1.000000e+02, 2.080995e+02
1.000000e+02, 2.088948e+02
1.000000e+02, 2.096943e+02
1.000000e+02, 2.104981e+02
1.000000e+02, 2.113060e+02
1.000000e+02, 2.121183e+02
1.000000e+02, 2.129348e+02
1.000000e+02, 2.137557e+02
1.000000e+02, 2.145809e+02
1.000000e+02, 2.154105e+02
1.000000e+02, 2.162445e+02
1.000000e+02, 2.170829e+02
1.000000e+02, 2.179258e+02
1.000000e+02, 2.187732e+02
1.000000e+02, 2.196252e+02
1.000000e+02, 2.204817e+02
1.000000e+02, 2.213428e+02
1.000000e+02, 2.222085e+02
1.000000e+02, 2.230789e+02
1.000000e+02, 2.239540e+02
1.000000e+02, 2.248338e+02
1.000000e+02, 2.257183e+02
1.000000e+02, 2.266077e+02
1.000000e+02, 2.275019e+02
1.000000e+02, 2.284010e+02
1.000000e+02, 2.293049e+02
1.000000e+02, 2.302138e+02
1.000000e+02, 2.311277e+02
1.000000e+02, 2.320466e+02
1.000000e+02, 2.329705e+02
1.000000e+02, 2.338996e+02
1.000000e+02, 2.348338e+02
1.000000e+02, 2.357731e+02
1.000000e+02, 2.367177e+02
1.000000e+02, 2.376676e+02
1.000000e+02, 2.386227e+02
1.000000e+02, 2.395832e+02
1.000000e+02, 2.405491e+02
1.000000e+02, 2.415204e+02
1.000000e+02, 2.424972e+02
1.000000e+02, 2.434795e+02
1.000000e+02, 2.444674e+02
1.000000e+02, 2.454609e+02
1.000000e+02, 2.464601e+02
1.000000e+02, 2.474650e+02
1.000000e+02, 2.484757e+02
1.000000e+02, 2.494922e+02
1.000000e+02, 2.505146e+02
1.000000e+02, 2.515429e+02
1.000000e+02, 2.525772e+02
1.000000e+02, 2.536176e+02
1.000000e+02, 2.546640e+02
1.000000e+02, 2.557166e+02
1.000000e+02, 2.567754e+02
1.000000e+02, 2.578405e+02
1.000000e+02, 2.589119e+02
1.000000e+02, 2.599897e+02
1.000000e+02, 2.610740e+02
1.000000e+02, 2.621648e+02
1.000000e+02, 2.632622e+02
1.000000e+02, 2.643662e+02
1.000000e+02, 2.654770e+02
1.000000e+02, 2.665945e+02
1.000000e+02, 2.677189e+02
1.000000e+02, 2.688503e+02
1.000000e+02, 2.699886e+02
1.000000e+02, 2.711341e+02
1.000000e+02, 2.722867e+02
1.000000e+02, 2.734465e+02
1.000000e+02, 2.746137e+02
1.000000e+02, 2.757883e+02
1.000000e+02, 2.769703e+02
1.000000e+02, 2.781600e+02
1.000000e+02, 2.793573e+02
1.000000e+02, 2.805623e+02
1.000000e+02, 2.817752e+02
1.000000e+02, 2.829960e+02
1.000000e+02, 2.842249e+02
1.000000e+02, 2.854618e+02
1.000000e+02, 2.867070e+02
1.000000e+02, 2.879606e+02
1.000000e+02, 2.892225e+02
1.000000e+02, 2.904930e+02
1.000000e+02, 2.917722e+02
1.000000e+02, 2.930601e+02
1.000000e+02, 2.943569e+02
1.000000e+02, 2.956627e+02
1.000000e+02, 2.969776e+02
1.000000e+02, 2.983018e+02
1.000000e+02, 2.996353e+02
1.000000e+02, 3.009783e+02
1.000000e+02, 3.023309e+02
1.000000e+02, 3.036933e+02
1.000000e+02, 3.050657e+02
1.000000e+02, 3.064481e+02
1.000000e+02, 3.078406e+02
1.000000e+02, 3.092436e+02
1.000000e+02, 3.106570e+02
1.000000e+02, 3.120811e+02
1.000000e+02, 3.135161e+02
1.000000e+02, 3.149621e+02
1.000000e+02, 3.164192e+02
1.000000e+02, 3.178878e+02
1.000000e+02, 3.193678e+02
1.000000e+02, 3.208596e+02
1.000000e+02, 3.223634e+02
1.000000e+02, 3.238793e+02
1.000000e+02, 3.254076e+02
1.000000e+02, 3.269484e+02
1.000000e+02, 3.285020e+02
1.000000e+02, 3.300687e+02
1.000000e+02, 3.316486e+02
1.000000e+02, 3.332420e+02
1.000000e+02, 3.348492e+02
1.000000e+02, 3.364704e+02
1.000000e+02, 3.381059e+02
1.000000e+02, 3.397559e+02
1.000000e+02, 3.414209e+02
1.000000e+02, 3.431010e+02
1.000000e+02, 3.447967e+02
1.000000e+02, 3.465081e+02
1.000000e+02, 3.482357e+02
1.000000e+02, 3.499798e+02
1.000000e+02, 3.517407e+02
1.000000e+02, 3.535189e+02
1.000000e+02, 3.553148e+02
1.000000e+02, 3.571287e+02
1.000000e+02, 3.589611e+02
1.000000e+02, 8.123762e-01
1.000000e+02, 2.683072e+00
1.000000e+02, 4.573645e+00
1.000000e+02, 6.484601e+00
1.000000e+02, 8.416473e+00
1.000000e+02, 1.036981e+01
1.000000e+02, 1.234521e+01
1.000000e+02, 1.434327e+01
1.000000e+02, 1.636462e+01
1.000000e+02, 1.840996e+01
1.000000e+02, 2.047997e+01
1.000000e+02, 2.257541e+01
1.000000e+02, 2.469706e+01
1.000000e+02, 2.684575e+01
1.000000e+02, 2.902235e+01
1.000000e+02, 3.122777e+01
1.000000e+02, 3.346301e+01
1.000000e+02, 3.572910e+01
1.000000e+02, 3.802714e+01
1.000000e+02, 4.035829e+01
1.000000e+02, 4.272381e+01
1.000000e+02, 4.512502e+01
1.000000e+02, 4.756334e+01
1.000000e+02, 5.004030e+01
1.000000e+02, 5.255753e+01
1.000000e+02, 5.511677e+01
1.000000e+02, 5.771993e+01
1.000000e+02, 6.036903e+01
1.000000e+02, 6.306628e+01
1.000000e+02, 6.581407e+01
1.000000e+02, 6.861502e+01
1.000000e+02, 7.147197e+01
1.000000e+02, 7.438802e+01
1.000000e+02, 7.736660e+01
1.000000e+02, 8.041148e+01
1.000000e+02, 8.352684e+01
1.000000e+02, 8.671733e+01
1.000000e+02, 8.998812e+01
1.000000e+02, 9.334506e+01
1.000000e+02, 9.679473e+01
1.000000e+02, 1.003446e+02
1.000000e+02, 1.040033e+02
1.000000e+02, 1.077807e+02
1.000000e+02, 1.116882e+02
1.000000e+02, 1.157395e+02
1.000000e+02, 1.199507e+02
1.000000e+02, 1.243411e+02
1.000000e+02, 1.289345e+02
1.000000e+02, 1.337605e+02
1.000000e+02, 1.388567e+02
1.000000e+02, 1.442723e+02
1.000000e+02, 1.500737e+02
1.000000e+02, 1.563546e+02
1.000000e+02, 1.632543e+02
1.000000e+02, 1.709986e+02
1.000000e+02, 1.800000e+02
##END= 