##TITLE= /opt/topspin3.0/exp/stan/nmr/lists/wave/user/HypSec_trunc2.84_110
##JCAMP-DX= 5.00 Bruker JCAMP library
##DATA TYPE= Shape Data
##ORIGIN= Bruker BioSpin GmbH
##OWNER= <nmrsu>
##DATE= 15/02/24
##TIME= 16:15:04
##MINX= 1.164538e+01
##MAXX= 9.999960e+01
##MINY= 2.546774e-02
##MAXY= 3.585574e+02
##$SHAPE_EXMODE= Adiabatic
##$SHAPE_TOTROT= 1.800000e+02
##$SHAPE_BWFAC= 1.929340e+02
##$SHAPE_INTEGFAC= 2.356110e-02
##$SHAPE_MODE= 0
##NPOINTS= 1000
##XYPOINTS= (XY..XY)
1.000000e+02, 1.800000e+02
1.000000e+02, 1.722940e+02
1.000000e+02, 1.656642e+02
1.000000e+02, 1.597574e+02
1.000000e+02, 1.543805e+02
1.000000e+02, 1.494139e+02
1.000000e+02, 1.447777e+02
1.000000e+02, 1.404149e+02
1.000000e+02, 1.362834e+02
1.000000e+02, 1.323511e+02
1.000000e+02, 1.285925e+02
1.000000e+02, 1.249873e+02
1.000000e+02, 1.215191e+02
1.000000e+02, 1.181738e+02
1.000000e+02, 1.149401e+02
1.000000e+02, 1.118079e+02
1.000000e+02, 1.087689e+02
1.000000e+02, 1.058157e+02
1.000000e+02, 1.029419e+02
1.000000e+02, 1.001418e+02
1.000000e+02, 9.741043e+01
1.000000e+02, 9.474341e+01
1.000000e+02, 9.213672e+01
1.000000e+02, 8.958679e+01
1.000000e+02, 8.709039e+01
1.000000e+02, 8.464459e+01
1.000000e+02, 8.224673e+01
1.000000e+02, 7.989437e+01
1.000000e+02, 7.758529e+01
1.000000e+02, 7.531742e+01
1.000000e+02, 7.308889e+01
1.000000e+02, 7.089795e+01
1.000000e+02, 6.874299e+01
1.000000e+02, 6.662249e+01
1.000000e+02, 6.453507e+01
1.000000e+02, 6.247942e+01
1.000000e+02, 6.045432e+01
1.000000e+02, 5.845865e+01
1.000000e+02, 5.649133e+01
1.000000e+02, 5.455136e+01
1.000000e+02, 5.263780e+01
1.000000e+02, 5.074975e+01
1.000000e+02, 4.888639e+01
1.000000e+02, 4.704693e+01
1.000000e+02, 4.523061e+01
1.000000e+02, 4.343673e+01
1.000000e+02, 4.166461e+01
1.000000e+02, 3.991362e+01
1.000000e+02, 3.818316e+01
1.000000e+02, 3.647265e+01
1.000000e+02, 3.478153e+01
1.000000e+02, 3.310930e+01
1.000000e+02, 3.145545e+01
1.000000e+02, 2.981950e+01
1.000000e+02, 2.820100e+01
1.000000e+02, 2.659952e+01
1.000000e+02, 2.501464e+01
1.000000e+02, 2.344596e+01
1.000000e+02, 2.189310e+01
1.000000e+02, 2.035570e+01
1.000000e+02, 1.883339e+01
1.000000e+02, 1.732586e+01
1.000000e+02, 1.583276e+01
1.000000e+02, 1.435379e+01
1.000000e+02, 1.288865e+01
1.000000e+02, 1.143705e+01
1.000000e+02, 9.998704e+00
1.000000e+02, 8.573353e+00
1.000000e+02, 7.160734e+00
1.000000e+02, 5.760598e+00
1.000000e+02, 4.372703e+00
1.000000e+02, 2.996816e+00
1.000000e+02, 1.632711e+00
1.000000e+02, 2.801710e-01
1.000000e+02, 3.589390e+02
1.000000e+02, 3.576089e+02
1.000000e+02, 3.562899e+02
1.000000e+02, 3.549815e+02
1.000000e+02, 3.536838e+02
1.000000e+02, 3.523964e+02
1.000000e+02, 3.511193e+02
1.000000e+02, 3.498522e+02
1.000000e+02, 3.485951e+02
1.000000e+02, 3.473476e+02
1.000000e+02, 3.461097e+02
1.000000e+02, 3.448813e+02
1.000000e+02, 3.436621e+02
1.000000e+02, 3.424521e+02
1.000000e+02, 3.412510e+02
1.000000e+02, 3.400588e+02
1.000000e+02, 3.388754e+02
1.000000e+02, 3.377006e+02
1.000000e+02, 3.365342e+02
1.000000e+02, 3.353762e+02
1.000000e+02, 3.342265e+02
1.000000e+02, 3.330849e+02
1.000000e+02, 3.319513e+02
1.000000e+02, 3.308256e+02
1.000000e+02, 3.297078e+02
1.000000e+02, 3.285976e+02
1.000000e+02, 3.274950e+02
1.000000e+02, 3.263999e+02
1.000000e+02, 3.253123e+02
1.000000e+02, 3.242319e+02
1.000000e+02, 3.231588e+02
1.000000e+02, 3.220928e+02
1.000000e+02, 3.210338e+02
1.000000e+02, 3.199818e+02
1.000000e+02, 3.189367e+02
1.000000e+02, 3.178984e+02
1.000000e+02, 3.168667e+02
1.000000e+02, 3.158417e+02
1.000000e+02, 3.148233e+02
1.000000e+02, 3.138114e+02
1.000000e+02, 3.128058e+02
1.000000e+02, 3.118066e+02
1.000000e+02, 3.108137e+02
1.000000e+02, 3.098270e+02
1.000000e+02, 3.088463e+02
1.000000e+02, 3.078718e+02
1.000000e+02, 3.069033e+02
1.000000e+02, 3.059407e+02
1.000000e+02, 3.049840e+02
1.000000e+02, 3.040331e+02
1.000000e+02, 3.030879e+02
1.000000e+02, 3.021484e+02
1.000000e+02, 3.012146e+02
1.000000e+02, 3.002864e+02
1.000000e+02, 2.993637e+02
1.000000e+02, 2.984465e+02
1.000000e+02, 2.975347e+02
1.000000e+02, 2.966282e+02
1.000000e+02, 2.957271e+02
1.000000e+02, 2.948313e+02
1.000000e+02, 2.939407e+02
1.000000e+02, 2.930552e+02
1.000000e+02, 2.921749e+02
1.000000e+02, 2.912996e+02
1.000000e+02, 2.904294e+02
1.000000e+02, 2.895642e+02
1.000000e+02, 2.887039e+02
1.000000e+02, 2.878485e+02
1.000000e+02, 2.869979e+02
1.000000e+02, 2.861522e+02
1.000000e+02, 2.853112e+02
1.000000e+02, 2.844750e+02
1.000000e+02, 2.836435e+02
1.000000e+02, 2.828166e+02
1.000000e+02, 2.819943e+02
1.000000e+02, 2.811767e+02
1.000000e+02, 2.803635e+02
1.000000e+02, 2.795549e+02
1.000000e+02, 2.787507e+02
1.000000e+02, 2.779509e+02
1.000000e+02, 2.771556e+02
1.000000e+02, 2.763646e+02
1.000000e+02, 2.755780e+02
1.000000e+02, 2.747956e+02
1.000000e+02, 2.740175e+02
1.000000e+02, 2.732436e+02
1.000000e+02, 2.724739e+02
1.000000e+02, 2.717084e+02
1.000000e+02, 2.709471e+02
1.000000e+02, 2.701898e+02
1.000000e+02, 2.694366e+02
1.000000e+02, 2.686875e+02
1.000000e+02, 2.679423e+02
1.000000e+02, 2.672012e+02
1.000000e+02, 2.664640e+02
1.000000e+02, 2.657308e+02
1.000000e+02, 2.650015e+02
1.000000e+02, 2.642760e+02
1.000000e+02, 2.635544e+02
1.000000e+02, 2.628366e+02
1.000000e+02, 2.621226e+02
1.000000e+02, 2.614124e+02
1.000000e+02, 2.607060e+02
1.000000e+02, 2.600032e+02
1.000000e+02, 2.593042e+02
1.000000e+02, 2.586089e+02
1.000000e+02, 2.579172e+02
1.000000e+02, 2.572291e+02
1.000000e+02, 2.565446e+02
1.000000e+02, 2.558637e+02
1.000000e+02, 2.551864e+02
1.000000e+02, 2.545126e+02
1.000000e+02, 2.538424e+02
1.000000e+02, 2.531756e+02
1.000000e+02, 2.525123e+02
1.000000e+02, 2.518525e+02
1.000000e+02, 2.511961e+02
1.000000e+02, 2.505431e+02
1.000000e+02, 2.498935e+02
1.000000e+02, 2.492473e+02
1.000000e+02, 2.486044e+02
1.000000e+02, 2.479648e+02
1.000000e+02, 2.473286e+02
1.000000e+02, 2.466957e+02
1.000000e+02, 2.460660e+02
1.000000e+02, 2.454396e+02
1.000000e+02, 2.448165e+02
1.000000e+02, 2.441965e+02
1.000000e+02, 2.435798e+02
1.000000e+02, 2.429663e+02
1.000000e+02, 2.423559e+02
1.000000e+02, 2.417487e+02
1.000000e+02, 2.411446e+02
1.000000e+02, 2.405436e+02
1.000000e+02, 2.399458e+02
1.000000e+02, 2.393510e+02
1.000000e+02, 2.387593e+02
1.000000e+02, 2.381706e+02
1.000000e+02, 2.375850e+02
1.000000e+02, 2.370024e+02
1.000000e+02, 2.364229e+02
1.000000e+02, 2.358463e+02
1.000000e+02, 2.352727e+02
1.000000e+02, 2.347020e+02
1.000000e+02, 2.341343e+02
1.000000e+02, 2.335696e+02
1.000000e+02, 2.330077e+02
1.000000e+02, 2.324488e+02
1.000000e+02, 2.318927e+02
1.000000e+02, 2.313396e+02
1.000000e+02, 2.307893e+02
1.000000e+02, 2.302418e+02
1.000000e+02, 2.296972e+02
1.000000e+02, 2.291554e+02
1.000000e+02, 2.286164e+02
1.000000e+02, 2.280802e+02
1.000000e+02, 2.275468e+02
1.000000e+02, 2.270162e+02
1.000000e+02, 2.264884e+02
1.000000e+02, 2.259633e+02
1.000000e+02, 2.254409e+02
1.000000e+02, 2.249212e+02
1.000000e+02, 2.244043e+02
1.000000e+02, 2.238901e+02
1.000000e+02, 2.233785e+02
1.000000e+02, 2.228696e+02
1.000000e+02, 2.223634e+02
1.000000e+02, 2.218599e+02
1.000000e+02, 2.213590e+02
1.000000e+02, 2.208607e+02
1.000000e+02, 2.203651e+02
1.000000e+02, 2.198720e+02
1.000000e+02, 2.193816e+02
1.000000e+02, 2.188937e+02
1.000000e+02, 2.184085e+02
1.000000e+02, 2.179258e+02
1.000000e+02, 2.174456e+02
1.000000e+02, 2.169680e+02
1.000000e+02, 2.164930e+02
1.000000e+02, 2.160205e+02
1.000000e+02, 2.155505e+02
1.000000e+02, 2.150830e+02
1.000000e+02, 2.146180e+02
1.000000e+02, 2.141555e+02
1.000000e+02, 2.136955e+02
1.000000e+02, 2.132379e+02
1.000000e+02, 2.127828e+02
1.000000e+02, 2.123302e+02
1.000000e+02, 2.118800e+02
1.000000e+02, 2.114322e+02
1.000000e+02, 2.109869e+02
1.000000e+02, 2.105440e+02
1.000000e+02, 2.101035e+02
1.000000e+02, 2.096654e+02
1.000000e+02, 2.092297e+02
1.000000e+02, 2.087964e+02
1.000000e+02, 2.083654e+02
1.000000e+02, 2.079369e+02
1.000000e+02, 2.075106e+02
1.000000e+02, 2.070868e+02
1.000000e+02, 2.066652e+02
1.000000e+02, 2.062461e+02
1.000000e+02, 2.058292e+02
1.000000e+02, 2.054147e+02
1.000000e+02, 2.050024e+02
1.000000e+02, 2.045925e+02
1.000000e+02, 2.041849e+02
1.000000e+02, 2.037795e+02
1.000000e+02, 2.033765e+02
1.000000e+02, 2.029757e+02
1.000000e+02, 2.025772e+02
1.000000e+02, 2.021809e+02
1.000000e+02, 2.017869e+02
1.000000e+02, 2.013952e+02
1.000000e+02, 2.010057e+02
1.000000e+02, 2.006184e+02
1.000000e+02, 2.002333e+02
1.000000e+02, 1.998505e+02
1.000000e+02, 1.994699e+02
1.000000e+02, 1.990914e+02
1.000000e+02, 1.987152e+02
1.000000e+02, 1.983412e+02
1.000000e+02, 1.979694e+02
1.000000e+02, 1.975997e+02
1.000000e+02, 1.972322e+02
1.000000e+02, 1.968669e+02
1.000000e+02, 1.965037e+02
1.000000e+02, 1.961427e+02
1.000000e+02, 1.957839e+02
1.000000e+02, 1.954272e+02
1.000000e+02, 1.950726e+02
1.000000e+02, 1.947202e+02
1.000000e+02, 1.943699e+02
1.000000e+02, 1.940217e+02
1.000000e+02, 1.936756e+02
1.000000e+02, 1.933316e+02
1.000000e+02, 1.929898e+02
1.000000e+02, 1.926500e+02
1.000000e+02, 1.923123e+02
1.000000e+02, 1.919767e+02
1.000000e+02, 1.916432e+02
1.000000e+02, 1.913118e+02
1.000000e+02, 1.909824e+02
1.000000e+02, 1.906551e+02
1.000000e+02, 1.903299e+02
1.000000e+02, 1.900067e+02
1.000000e+02, 1.896855e+02
1.000000e+02, 1.893665e+02
1.000000e+02, 1.890494e+02
1.000000e+02, 1.887344e+02
1.000000e+02, 1.884214e+02
1.000000e+02, 1.881104e+02
1.000000e+02, 1.878015e+02
1.000000e+02, 1.874946e+02
1.000000e+02, 1.871897e+02
1.000000e+02, 1.868868e+02
1.000000e+02, 1.865859e+02
1.000000e+02, 1.862869e+02
1.000000e+02, 1.859900e+02
1.000000e+02, 1.856951e+02
1.000000e+02, 1.854022e+02
1.000000e+02, 1.851112e+02
1.000000e+02, 1.848222e+02
1.000000e+02, 1.845352e+02
1.000000e+02, 1.842501e+02
1.000000e+02, 1.839670e+02
1.000000e+02, 1.836859e+02
1.000000e+02, 1.834067e+02
1.000000e+02, 1.831295e+02
1.000000e+02, 1.828542e+02
1.000000e+02, 1.825809e+02
1.000000e+02, 1.823095e+02
1.000000e+02, 1.820400e+02
1.000000e+02, 1.817725e+02
1.000000e+02, 1.815068e+02
1.000000e+02, 1.812431e+02
1.000000e+02, 1.809814e+02
1.000000e+02, 1.807215e+02
1.000000e+02, 1.804636e+02
1.000000e+02, 1.802075e+02
1.000000e+02, 1.799534e+02
1.000000e+02, 1.797011e+02
1.000000e+02, 1.794508e+02
1.000000e+02, 1.792023e+02
1.000000e+02, 1.789558e+02
1.000000e+02, 1.787111e+02
1.000000e+02, 1.784683e+02
1.000000e+02, 1.782274e+02
1.000000e+02, 1.779883e+02
1.000000e+02, 1.777512e+02
1.000000e+02, 1.775159e+02
1.000000e+02, 1.772824e+02
1.000000e+02, 1.770509e+02
1.000000e+02, 1.768212e+02
1.000000e+02, 1.765933e+02
1.000000e+02, 1.763673e+02
1.000000e+02, 1.761431e+02
1.000000e+02, 1.759208e+02
1.000000e+02, 1.757004e+02
1.000000e+02, 1.754817e+02
1.000000e+02, 1.752650e+02
1.000000e+02, 1.750500e+02
1.000000e+02, 1.748369e+02
1.000000e+02, 1.746256e+02
1.000000e+02, 1.744161e+02
1.000000e+02, 1.742085e+02
1.000000e+02, 1.740027e+02
1.000000e+02, 1.737987e+02
1.000000e+02, 1.735965e+02
1.000000e+02, 1.733961e+02
1.000000e+02, 1.731975e+02
1.000000e+02, 1.730008e+02
1.000000e+02, 1.728058e+02
1.000000e+02, 1.726127e+02
1.000000e+02, 1.724213e+02
1.000000e+02, 1.722318e+02
1.000000e+02, 1.720440e+02
1.000000e+02, 1.718580e+02
1.000000e+02, 1.716739e+02
1.000000e+02, 1.714915e+02
1.000000e+02, 1.713108e+02
1.000000e+02, 1.711320e+02
1.000000e+02, 1.709550e+02
1.000000e+02, 1.707797e+02
1.000000e+02, 1.706062e+02
1.000000e+02, 1.704345e+02
1.000000e+02, 1.702645e+02
1.000000e+02, 1.700964e+02
1.000000e+02, 1.699299e+02
1.000000e+02, 1.697653e+02
1.000000e+02, 1.696024e+02
1.000000e+02, 1.694413e+02
1.000000e+02, 1.692819e+02
1.000000e+02, 1.691243e+02
1.000000e+02, 1.689684e+02
1.000000e+02, 1.688143e+02
1.000000e+02, 1.686620e+02
1.000000e+02, 1.685114e+02
1.000000e+02, 1.683625e+02
1.000000e+02, 1.682154e+02
1.000000e+02, 1.680700e+02
1.000000e+02, 1.679264e+02
1.000000e+02, 1.677845e+02
1.000000e+02, 1.676443e+02
1.000000e+02, 1.675059e+02
1.000000e+02, 1.673692e+02
1.000000e+02, 1.672342e+02
1.000000e+02, 1.671010e+02
1.000000e+02, 1.669695e+02
1.000000e+02, 1.668397e+02
1.000000e+02, 1.667117e+02
1.000000e+02, 1.665853e+02
1.000000e+02, 1.664607e+02
1.000000e+02, 1.663378e+02
1.000000e+02, 1.662167e+02
1.000000e+02, 1.660972e+02
1.000000e+02, 1.659795e+02
1.000000e+02, 1.658635e+02
1.000000e+02, 1.657492e+02
1.000000e+02, 1.656366e+02
1.000000e+02, 1.655257e+02
1.000000e+02, 1.654165e+02
1.000000e+02, 1.653091e+02
1.000000e+02, 1.652033e+02
1.000000e+02, 1.650993e+02
1.000000e+02, 1.649969e+02
1.000000e+02, 1.648963e+02
1.000000e+02, 1.647973e+02
1.000000e+02, 1.647001e+02
1.000000e+02, 1.646045e+02
1.000000e+02, 1.645107e+02
1.000000e+02, 1.644185e+02
1.000000e+02, 1.643281e+02
1.000000e+02, 1.642393e+02
1.000000e+02, 1.641522e+02
1.000000e+02, 1.640668e+02
1.000000e+02, 1.639832e+02
1.000000e+02, 1.639012e+02
1.000000e+02, 1.638208e+02
1.000000e+02, 1.637422e+02
1.000000e+02, 1.636653e+02
1.000000e+02, 1.635900e+02
1.000000e+02, 1.635165e+02
1.000000e+02, 1.634446e+02
1.000000e+02, 1.633744e+02
1.000000e+02, 1.633059e+02
1.000000e+02, 1.632391e+02
1.000000e+02, 1.631739e+02
1.000000e+02, 1.631104e+02
1.000000e+02, 1.630487e+02
1.000000e+02, 1.629885e+02
1.000000e+02, 1.629301e+02
1.000000e+02, 1.628734e+02
1.000000e+02, 1.628183e+02
1.000000e+02, 1.627649e+02
1.000000e+02, 1.627131e+02
1.000000e+02, 1.626631e+02
1.000000e+02, 1.626147e+02
1.000000e+02, 1.625680e+02
1.000000e+02, 1.625230e+02
1.000000e+02, 1.624796e+02
1.000000e+02, 1.624379e+02
1.000000e+02, 1.623979e+02
1.000000e+02, 1.623596e+02
1.000000e+02, 1.623229e+02
1.000000e+02, 1.622879e+02
1.000000e+02, 1.622546e+02
1.000000e+02, 1.622229e+02
1.000000e+02, 1.621929e+02
1.000000e+02, 1.621646e+02
1.000000e+02, 1.621379e+02
1.000000e+02, 1.621129e+02
1.000000e+02, 1.620896e+02
1.000000e+02, 1.620679e+02
1.000000e+02, 1.620479e+02
1.000000e+02, 1.620296e+02
1.000000e+02, 1.620130e+02
1.000000e+02, 1.619980e+02
1.000000e+02, 1.619846e+02
1.000000e+02, 1.619730e+02
1.000000e+02, 1.619630e+02
1.000000e+02, 1.619547e+02
1.000000e+02, 1.619480e+02
1.000000e+02, 1.619430e+02
1.000000e+02, 1.619397e+02
1.000000e+02, 1.619380e+02
1.000000e+02, 1.619380e+02
1.000000e+02, 1.619397e+02
1.000000e+02, 1.619430e+02
1.000000e+02, 1.619480e+02
1.000000e+02, 1.619547e+02
1.000000e+02, 1.619630e+02
1.000000e+02, 1.619730e+02
1.000000e+02, 1.619846e+02
1.000000e+02, 1.619980e+02
1.000000e+02, 1.620130e+02
1.000000e+02, 1.620296e+02
1.000000e+02, 1.620479e+02
1.000000e+02, 1.620679e+02
1.000000e+02, 1.620896e+02
1.000000e+02, 1.621129e+02
1.000000e+02, 1.621379e+02
1.000000e+02, 1.621646e+02
1.000000e+02, 1.621929e+02
1.000000e+02, 1.622229e+02
1.000000e+02, 1.622546e+02
1.000000e+02, 1.622879e+02
1.000000e+02, 1.623229e+02
1.000000e+02, 1.623596e+02
1.000000e+02, 1.623979e+02
1.000000e+02, 1.624379e+02
1.000000e+02, 1.624796e+02
1.000000e+02, 1.625230e+02
1.000000e+02, 1.625680e+02
1.000000e+02, 1.626147e+02
1.000000e+02, 1.626631e+02
1.000000e+02, 1.627131e+02
1.000000e+02, 1.627649e+02
1.000000e+02, 1.628183e+02
1.000000e+02, 1.628734e+02
1.000000e+02, 1.629301e+02
1.000000e+02, 1.629885e+02
1.000000e+02, 1.630487e+02
1.000000e+02, 1.631104e+02
1.000000e+02, 1.631739e+02
1.000000e+02, 1.632391e+02
1.000000e+02, 1.633059e+02
1.000000e+02, 1.633744e+02
1.000000e+02, 1.634446e+02
1.000000e+02, 1.635165e+02
1.000000e+02, 1.635900e+02
1.000000e+02, 1.636653e+02
1.000000e+02, 1.637422e+02
1.000000e+02, 1.638208e+02
1.000000e+02, 1.639012e+02
1.000000e+02, 1.639832e+02
1.000000e+02, 1.640668e+02
1.000000e+02, 1.641522e+02
1.000000e+02, 1.642393e+02
1.000000e+02, 1.643281e+02
1.000000e+02, 1.644185e+02
1.000000e+02, 1.645107e+02
1.000000e+02, 1.646045e+02
1.000000e+02, 1.647001e+02
1.000000e+02, 1.647973e+02
1.000000e+02, 1.648963e+02
1.000000e+02, 1.649969e+02
1.000000e+02, 1.650993e+02
1.000000e+02, 1.652033e+02
1.000000e+02, 1.653091e+02
1.000000e+02, 1.654165e+02
1.000000e+02, 1.655257e+02
1.000000e+02, 1.656366e+02
1.000000e+02, 1.657492e+02
1.000000e+02, 1.658635e+02
1.000000e+02, 1.659795e+02
1.000000e+02, 1.660972e+02
1.000000e+02, 1.662167e+02
1.000000e+02, 1.663378e+02
1.000000e+02, 1.664607e+02
1.000000e+02, 1.665853e+02
1.000000e+02, 1.667117e+02
1.000000e+02, 1.668397e+02
1.000000e+02, 1.669695e+02
1.000000e+02, 1.671010e+02
1.000000e+02, 1.672342e+02
1.000000e+02, 1.673692e+02
1.000000e+02, 1.675059e+02
1.000000e+02, 1.676443e+02
1.000000e+02, 1.677845e+02
1.000000e+02, 1.679264e+02
1.000000e+02, 1.680700e+02
1.000000e+02, 1.682154e+02
1.000000e+02, 1.683625e+02
1.000000e+02, 1.685114e+02
1.000000e+02, 1.686620e+02
1.000000e+02, 1.688143e+02
1.000000e+02, 1.689684e+02
1.000000e+02, 1.691243e+02
1.000000e+02, 1.692819e+02
1.000000e+02, 1.694413e+02
1.000000e+02, 1.696024e+02
1.000000e+02, 1.697653e+02
1.000000e+02, 1.699299e+02
1.000000e+02, 1.700964e+02
1.000000e+02, 1.702645e+02
1.000000e+02, 1.704345e+02
1.000000e+02, 1.706062e+02
1.000000e+02, 1.707797e+02
1.000000e+02, 1.709550e+02
1.000000e+02, 1.711320e+02
1.000000e+02, 1.713109e+02
1.000000e+02, 1.714915e+02
1.000000e+02, 1.716739e+02
1.000000e+02, 1.718580e+02
1.000000e+02, 1.720440e+02
1.000000e+02, 1.722318e+02
1.000000e+02, 1.724213e+02
1.000000e+02, 1.726127e+02
1.000000e+02, 1.728058e+02
1.000000e+02, 1.730008e+02
1.000000e+02, 1.731975e+02
1.000000e+02, 1.733961e+02
1.000000e+02, 1.735965e+02
1.000000e+02, 1.737987e+02
1.000000e+02, 1.740027e+02
1.000000e+02, 1.742085e+02
1.000000e+02, 1.744161e+02
1.000000e+02, 1.746256e+02
1.000000e+02, 1.748369e+02
1.000000e+02, 1.750500e+02
1.000000e+02, 1.752650e+02
1.000000e+02, 1.754817e+02
1.000000e+02, 1.757004e+02
1.000000e+02, 1.759208e+02
1.000000e+02, 1.761431e+02
1.000000e+02, 1.763673e+02
1.000000e+02, 1.765933e+02
1.000000e+02, 1.768212e+02
1.000000e+02, 1.770509e+02
1.000000e+02, 1.772824e+02
1.000000e+02, 1.775159e+02
1.000000e+02, 1.777512e+02
1.000000e+02, 1.779883e+02
1.000000e+02, 1.782274e+02
1.000000e+02, 1.784683e+02
1.000000e+02, 1.787111e+02
1.000000e+02, 1.789558e+02
1.000000e+02, 1.792023e+02
1.000000e+02, 1.794508e+02
1.000000e+02, 1.797011e+02
1.000000e+02, 1.799534e+02
1.000000e+02, 1.802075e+02
1.000000e+02, 1.804636e+02
1.000000e+02, 1.807215e+02
1.000000e+02, 1.809814e+02
1.000000e+02, 1.812431e+02
1.000000e+02, 1.815068e+02
1.000000e+02, 1.817725e+02
1.000000e+02, 1.820400e+02
1.000000e+02, 1.823095e+02
1.000000e+02, 1.825809e+02
1.000000e+02, 1.828542e+02
1.000000e+02, 1.831295e+02
1.000000e+02, 1.834067e+02
1.000000e+02, 1.836859e+02
1.000000e+02, 1.839670e+02
1.000000e+02, 1.842501e+02
1.000000e+02, 1.845352e+02
1.000000e+02, 1.848222e+02
1.000000e+02, 1.851112e+02
1.000000e+02, 1.854022e+02
1.000000e+02, 1.856951e+02
1.000000e+02, 1.859900e+02
1.000000e+02, 1.862870e+02
1.000000e+02, 1.865859e+02
1.000000e+02, 1.868868e+02
1.000000e+02, 1.871897e+02
1.000000e+02, 1.874946e+02
1.000000e+02, 1.878015e+02
1.000000e+02, 1.881104e+02
1.000000e+02, 1.884214e+02
1.000000e+02, 1.887344e+02
1.000000e+02, 1.890494e+02
1.000000e+02, 1.893665e+02
1.000000e+02, 1.896855e+02
1.000000e+02, 1.900067e+02
1.000000e+02, 1.903299e+02
1.000000e+02, 1.906551e+02
1.000000e+02, 1.909824e+02
1.000000e+02, 1.913118e+02
1.000000e+02, 1.916432e+02
1.000000e+02, 1.919767e+02
1.000000e+02, 1.923123e+02
1.000000e+02, 1.926500e+02
1.000000e+02, 1.929898e+02
1.000000e+02, 1.933316e+02
1.000000e+02, 1.936756e+02
1.000000e+02, 1.940217e+02
1.000000e+02, 1.943699e+02
1.000000e+02, 1.947202e+02
1.000000e+02, 1.950726e+02
1.000000e+02, 1.954272e+02
1.000000e+02, 1.957839e+02
1.000000e+02, 1.961427e+02
1.000000e+02, 1.965037e+02
1.000000e+02, 1.968669e+02
1.000000e+02, 1.972322e+02
1.000000e+02, 1.975997e+02
1.000000e+02, 1.979694e+02
1.000000e+02, 1.983412e+02
1.000000e+02, 1.987152e+02
1.000000e+02, 1.990914e+02
1.000000e+02, 1.994699e+02
1.000000e+02, 1.998505e+02
1.000000e+02, 2.002333e+02
1.000000e+02, 2.006184e+02
1.000000e+02, 2.010057e+02
1.000000e+02, 2.013952e+02
1.000000e+02, 2.017869e+02
1.000000e+02, 2.021809e+02
1.000000e+02, 2.025772e+02
1.000000e+02, 2.029757e+02
1.000000e+02, 2.033765e+02
1.000000e+02, 2.037795e+02
1.000000e+02, 2.041849e+02
1.000000e+02, 2.045925e+02
1.000000e+02, 2.050024e+02
1.000000e+02, 2.054147e+02
1.000000e+02, 2.058292e+02
1.000000e+02, 2.062461e+02
1.000000e+02, 2.066653e+02
1.000000e+02, 2.070868e+02
1.000000e+02, 2.075106e+02
1.000000e+02, 2.079369e+02
1.000000e+02, 2.083654e+02
1.000000e+02, 2.087964e+02
1.000000e+02, 2.092297e+02
1.000000e+02, 2.096654e+02
1.000000e+02, 2.101035e+02
1.000000e+02, 2.105440e+02
1.000000e+02, 2.109869e+02
1.000000e+02, 2.114323e+02
1.000000e+02, 2.118800e+02
1.000000e+02, 2.123302e+02
1.000000e+02, 2.127828e+02
1.000000e+02, 2.132379e+02
1.000000e+02, 2.136955e+02
1.000000e+02, 2.141555e+02
1.000000e+02, 2.146180e+02
1.000000e+02, 2.150830e+02
1.000000e+02, 2.155505e+02
1.000000e+02, 2.160205e+02
1.000000e+02, 2.164930e+02
1.000000e+02, 2.169681e+02
1.000000e+02, 2.174456e+02
1.000000e+02, 2.179258e+02
1.000000e+02, 2.184085e+02
1.000000e+02, 2.188937e+02
1.000000e+02, 2.193816e+02
1.000000e+02, 2.198720e+02
1.000000e+02, 2.203651e+02
1.000000e+02, 2.208607e+02
1.000000e+02, 2.213590e+02
1.000000e+02, 2.218599e+02
1.000000e+02, 2.223634e+02
1.000000e+02, 2.228696e+02
1.000000e+02, 2.233785e+02
1.000000e+02, 2.238901e+02
1.000000e+02, 2.244043e+02
1.000000e+02, 2.249212e+02
1.000000e+02, 2.254409e+02
1.000000e+02, 2.259633e+02
1.000000e+02, 2.264884e+02
1.000000e+02, 2.270162e+02
1.000000e+02, 2.275468e+02
1.000000e+02, 2.280802e+02
1.000000e+02, 2.286164e+02
1.000000e+02, 2.291554e+02
1.000000e+02, 2.296972e+02
1.000000e+02, 2.302418e+02
1.000000e+02, 2.307893e+02
1.000000e+02, 2.313396e+02
1.000000e+02, 2.318927e+02
1.000000e+02, 2.324488e+02
1.000000e+02, 2.330077e+02
1.000000e+02, 2.335696e+02
1.000000e+02, 2.341343e+02
1.000000e+02, 2.347020e+02
1.000000e+02, 2.352727e+02
1.000000e+02, 2.358463e+02
1.000000e+02, 2.364229e+02
1.000000e+02, 2.370024e+02
1.000000e+02, 2.375850e+02
1.000000e+02, 2.381706e+02
1.000000e+02, 2.387593e+02
1.000000e+02, 2.393510e+02
1.000000e+02, 2.399458e+02
1.000000e+02, 2.405436e+02
1.000000e+02, 2.411446e+02
1.000000e+02, 2.417487e+02
1.000000e+02, 2.423559e+02
1.000000e+02, 2.429663e+02
1.000000e+02, 2.435798e+02
1.000000e+02, 2.441965e+02
1.000000e+02, 2.448165e+02
1.000000e+02, 2.454396e+02
1.000000e+02, 2.460660e+02
1.000000e+02, 2.466957e+02
1.000000e+02, 2.473286e+02
1.000000e+02, 2.479648e+02
1.000000e+02, 2.486044e+02
1.000000e+02, 2.492473e+02
1.000000e+02, 2.498935e+02
1.000000e+02, 2.505431e+02
1.000000e+02, 2.511961e+02
1.000000e+02, 2.518525e+02
1.000000e+02, 2.525123e+02
1.000000e+02, 2.531756e+02
1.000000e+02, 2.538424e+02
1.000000e+02, 2.545126e+02
1.000000e+02, 2.551864e+02
1.000000e+02, 2.558637e+02
1.000000e+02, 2.565446e+02
1.000000e+02, 2.572291e+02
1.000000e+02, 2.579172e+02
1.000000e+02, 2.586089e+02
1.000000e+02, 2.593042e+02
1.000000e+02, 2.600032e+02
1.000000e+02, 2.607060e+02
1.000000e+02, 2.614124e+02
1.000000e+02, 2.621226e+02
1.000000e+02, 2.628366e+02
1.000000e+02, 2.635544e+02
1.000000e+02, 2.642760e+02
1.000000e+02, 2.650015e+02
1.000000e+02, 2.657308e+02
1.000000e+02, 2.664640e+02
1.000000e+02, 2.672012e+02
1.000000e+02, 2.679423e+02
1.000000e+02, 2.686875e+02
1.000000e+02, 2.694366e+02
1.000000e+02, 2.701898e+02
1.000000e+02, 2.709471e+02
1.000000e+02, 2.717084e+02
1.000000e+02, 2.724739e+02
1.000000e+02, 2.732436e+02
1.000000e+02, 2.740175e+02
1.000000e+02, 2.747956e+02
1.000000e+02, 2.755780e+02
1.000000e+02, 2.763646e+02
1.000000e+02, 2.771556e+02
1.000000e+02, 2.779509e+02
1.000000e+02, 2.787507e+02
1.000000e+02, 2.795549e+02
1.000000e+02, 2.803635e+02
1.000000e+02, 2.811767e+02
1.000000e+02, 2.819943e+02
1.000000e+02, 2.828166e+02
1.000000e+02, 2.836435e+02
1.000000e+02, 2.844750e+02
1.000000e+02, 2.853112e+02
1.000000e+02, 2.861522e+02
1.000000e+02, 2.869979e+02
1.000000e+02, 2.878485e+02
1.000000e+02, 2.887039e+02
1.000000e+02, 2.895642e+02
1.000000e+02, 2.904294e+02
1.000000e+02, 2.912996e+02
1.000000e+02, 2.921749e+02
1.000000e+02, 2.930552e+02
1.000000e+02, 2.939407e+02
1.000000e+02, 2.948313e+02
1.000000e+02, 2.957271e+02
1.000000e+02, 2.966282e+02
1.000000e+02, 2.975347e+02
1.000000e+02, 2.984465e+02
1.000000e+02, 2.993637e+02
1.000000e+02, 3.002864e+02
1.000000e+02, 3.012146e+02
1.000000e+02, 3.021485e+02
1.000000e+02, 3.030879e+02
1.000000e+02, 3.040331e+02
1.000000e+02, 3.049840e+02
1.000000e+02, 3.059407e+02
1.000000e+02, 3.069033e+02
1.000000e+02, 3.078718e+02
1.000000e+02, 3.088464e+02
1.000000e+02, 3.098270e+02
1.000000e+02, 3.108137e+02
1.000000e+02, 3.118066e+02
1.000000e+02, 3.128058e+02
1.000000e+02, 3.138114e+02
1.000000e+02, 3.148233e+02
1.000000e+02, 3.158417e+02
1.000000e+02, 3.168667e+02
1.000000e+02, 3.178984e+02
1.000000e+02, 3.189367e+02
1.000000e+02, 3.199818e+02
1.000000e+02, 3.210338e+02
1.000000e+02, 3.220928e+02
1.000000e+02, 3.231588e+02
1.000000e+02, 3.242319e+02
1.000000e+02, 3.253123e+02
1.000000e+02, 3.263999e+02
1.000000e+02, 3.274950e+02
1.000000e+02, 3.285976e+02
1.000000e+02, 3.297078e+02
1.000000e+02, 3.308256e+02
1.000000e+02, 3.319513e+02
1.000000e+02, 3.330849e+02
1.000000e+02, 3.342265e+02
1.000000e+02, 3.353762e+02
1.000000e+02, 3.365342e+02
1.000000e+02, 3.377006e+02
1.000000e+02, 3.388754e+02
1.000000e+02, 3.400589e+02
1.000000e+02, 3.412510e+02
1.000000e+02, 3.424521e+02
1.000000e+02, 3.436621e+02
1.000000e+02, 3.448813e+02
1.000000e+02, 3.461097e+02
1.000000e+02, 3.473476e+02
1.000000e+02, 3.485951e+02
1.000000e+02, 3.498523e+02
1.000000e+02, 3.511193e+02
1.000000e+02, 3.523965e+02
1.000000e+02, 3.536838e+02
1.000000e+02, 3.549815e+02
1.000000e+02, 3.562899e+02
1.000000e+02, 3.576090e+02
1.000000e+02, 3.589390e+02
1.000000e+02, 2.801751e-01
1.000000e+02, 1.632715e+00
1.000000e+02, 2.996820e+00
1.000000e+02, 4.372707e+00
1.000000e+02, 5.760602e+00
1.000000e+02, 7.160739e+00
1.000000e+02, 8.573357e+00
1.000000e+02, 9.998708e+00
1.000000e+02, 1.143705e+01
1.000000e+02, 1.288865e+01
1.000000e+02, 1.435379e+01
1.000000e+02, 1.583276e+01
1.000000e+02, 1.732586e+01
1.000000e+02, 1.883340e+01
1.000000e+02, 2.035570e+01
1.000000e+02, 2.189311e+01
1.000000e+02, 2.344596e+01
1.000000e+02, 2.501464e+01
1.000000e+02, 2.659953e+01
1.000000e+02, 2.820101e+01
1.000000e+02, 2.981950e+01
1.000000e+02, 3.145545e+01
1.000000e+02, 3.310931e+01
1.000000e+02, 3.478154e+01
1.000000e+02, 3.647265e+01
1.000000e+02, 3.818316e+01
1.000000e+02, 3.991363e+01
1.000000e+02, 4.166461e+01
1.000000e+02, 4.343673e+01
1.000000e+02, 4.523061e+01
1.000000e+02, 4.704693e+01
1.000000e+02, 4.888640e+01
1.000000e+02, 5.074976e+01
1.000000e+02, 5.263780e+01
1.000000e+02, 5.455136e+01
1.000000e+02, 5.649133e+01
1.000000e+02, 5.845866e+01
1.000000e+02, 6.045433e+01
1.000000e+02, 6.247942e+01
1.000000e+02, 6.453507e+01
1.000000e+02, 6.662249e+01
1.000000e+02, 6.874299e+01
1.000000e+02, 7.089796e+01
1.000000e+02, 7.308890e+01
1.000000e+02, 7.531743e+01
1.000000e+02, 7.758529e+01
1.000000e+02, 7.989438e+01
1.000000e+02, 8.224673e+01
1.000000e+02, 8.464459e+01
1.000000e+02, 8.709039e+01
1.000000e+02, 8.958679e+01
1.000000e+02, 9.213672e+01
1.000000e+02, 9.474341e+01
1.000000e+02, 9.741044e+01
1.000000e+02, 1.001418e+02
1.000000e+02, 1.029419e+02
1.000000e+02, 1.058157e+02
1.000000e+02, 1.087689e+02
1.000000e+02, 1.118079e+02
1.000000e+02, 1.149401e+02
1.000000e+02, 1.181738e+02
1.000000e+02, 1.215191e+02
1.000000e+02, 1.249874e+02
1.000000e+02, 1.285925e+02
1.000000e+02, 1.323511e+02
1.000000e+02, 1.362834e+02
1.000000e+02, 1.404149e+02
1.000000e+02, 1.447777e+02
1.000000e+02, 1.494139e+02
1.000000e+02, 1.543805e+02
1.000000e+02, 1.597574e+02
1.000000e+02, 1.656642e+02
1.000000e+02, 1.722940e+02
1.000000e+02, 1.800000e+02
##END= 