##TITLE= /opt/topspin3.0/exp/stan/nmr/lists/wave/user/HypSec_trunc2.84_110
##JCAMP-DX= 5.00 Bruker JCAMP library
##DATA TYPE= Shape Data
##ORIGIN= Bruker BioSpin GmbH
##OWNER= <nmrsu>
##DATE= 15/02/24
##TIME= 16:15:04
##MINX= 1.164538e+01
##MAXX= 9.999960e+01
##MINY= 2.546774e-02
##MAXY= 3.585574e+02
##$SHAPE_EXMODE= Adiabatic
##$SHAPE_TOTROT= 1.800000e+02
##$SHAPE_BWFAC= 1.929340e+02
##$SHAPE_INTEGFAC= 2.356110e-02
##$SHAPE_MODE= 0
##NPOINTS= 1000
##XYPOINTS= (XY..XY)
1.000000e+02, 1.800000e+02
1.000000e+02, 1.753166e+02
1.000000e+02, 1.712873e+02
1.000000e+02, 1.676974e+02
1.000000e+02, 1.644295e+02
1.000000e+02, 1.614111e+02
1.000000e+02, 1.585933e+02
1.000000e+02, 1.559418e+02
1.000000e+02, 1.534309e+02
1.000000e+02, 1.510409e+02
1.000000e+02, 1.487566e+02
1.000000e+02, 1.465656e+02
1.000000e+02, 1.444577e+02
1.000000e+02, 1.424246e+02
1.000000e+02, 1.404593e+02
1.000000e+02, 1.385557e+02
1.000000e+02, 1.367087e+02
1.000000e+02, 1.349138e+02
1.000000e+02, 1.331672e+02
1.000000e+02, 1.314655e+02
1.000000e+02, 1.298055e+02
1.000000e+02, 1.281846e+02
1.000000e+02, 1.266003e+02
1.000000e+02, 1.250506e+02
1.000000e+02, 1.235334e+02
1.000000e+02, 1.220469e+02
1.000000e+02, 1.205896e+02
1.000000e+02, 1.191599e+02
1.000000e+02, 1.177566e+02
1.000000e+02, 1.163783e+02
1.000000e+02, 1.150239e+02
1.000000e+02, 1.136923e+02
1.000000e+02, 1.123826e+02
1.000000e+02, 1.110938e+02
1.000000e+02, 1.098252e+02
1.000000e+02, 1.085759e+02
1.000000e+02, 1.073451e+02
1.000000e+02, 1.061322e+02
1.000000e+02, 1.049365e+02
1.000000e+02, 1.037575e+02
1.000000e+02, 1.025945e+02
1.000000e+02, 1.014470e+02
1.000000e+02, 1.003146e+02
1.000000e+02, 9.919662e+01
1.000000e+02, 9.809274e+01
1.000000e+02, 9.700249e+01
1.000000e+02, 9.592547e+01
1.000000e+02, 9.486130e+01
1.000000e+02, 9.380959e+01
1.000000e+02, 9.277001e+01
1.000000e+02, 9.174223e+01
1.000000e+02, 9.072591e+01
1.000000e+02, 8.972077e+01
1.000000e+02, 8.872651e+01
1.000000e+02, 8.774285e+01
1.000000e+02, 8.676954e+01
1.000000e+02, 8.580631e+01
1.000000e+02, 8.485293e+01
1.000000e+02, 8.390917e+01
1.000000e+02, 8.297480e+01
1.000000e+02, 8.204961e+01
1.000000e+02, 8.113339e+01
1.000000e+02, 8.022594e+01
1.000000e+02, 7.932709e+01
1.000000e+02, 7.843664e+01
1.000000e+02, 7.755441e+01
1.000000e+02, 7.668025e+01
1.000000e+02, 7.581398e+01
1.000000e+02, 7.495545e+01
1.000000e+02, 7.410450e+01
1.000000e+02, 7.326100e+01
1.000000e+02, 7.242479e+01
1.000000e+02, 7.159574e+01
1.000000e+02, 7.077372e+01
1.000000e+02, 6.995861e+01
1.000000e+02, 6.915027e+01
1.000000e+02, 6.834858e+01
1.000000e+02, 6.755344e+01
1.000000e+02, 6.676472e+01
1.000000e+02, 6.598232e+01
1.000000e+02, 6.520614e+01
1.000000e+02, 6.443606e+01
1.000000e+02, 6.367200e+01
1.000000e+02, 6.291385e+01
1.000000e+02, 6.216152e+01
1.000000e+02, 6.141491e+01
1.000000e+02, 6.067395e+01
1.000000e+02, 5.993854e+01
1.000000e+02, 5.920859e+01
1.000000e+02, 5.848404e+01
1.000000e+02, 5.776480e+01
1.000000e+02, 5.705078e+01
1.000000e+02, 5.634192e+01
1.000000e+02, 5.563815e+01
1.000000e+02, 5.493938e+01
1.000000e+02, 5.424556e+01
1.000000e+02, 5.355661e+01
1.000000e+02, 5.287247e+01
1.000000e+02, 5.219307e+01
1.000000e+02, 5.151836e+01
1.000000e+02, 5.084826e+01
1.000000e+02, 5.018272e+01
1.000000e+02, 4.952168e+01
1.000000e+02, 4.886509e+01
1.000000e+02, 4.821288e+01
1.000000e+02, 4.756501e+01
1.000000e+02, 4.692142e+01
1.000000e+02, 4.628205e+01
1.000000e+02, 4.564687e+01
1.000000e+02, 4.501581e+01
1.000000e+02, 4.438883e+01
1.000000e+02, 4.376589e+01
1.000000e+02, 4.314693e+01
1.000000e+02, 4.253190e+01
1.000000e+02, 4.192078e+01
1.000000e+02, 4.131351e+01
1.000000e+02, 4.071004e+01
1.000000e+02, 4.011035e+01
1.000000e+02, 3.951438e+01
1.000000e+02, 3.892209e+01
1.000000e+02, 3.833346e+01
1.000000e+02, 3.774843e+01
1.000000e+02, 3.716697e+01
1.000000e+02, 3.658905e+01
1.000000e+02, 3.601463e+01
1.000000e+02, 3.544367e+01
1.000000e+02, 3.487614e+01
1.000000e+02, 3.431200e+01
1.000000e+02, 3.375122e+01
1.000000e+02, 3.319377e+01
1.000000e+02, 3.263961e+01
1.000000e+02, 3.208872e+01
1.000000e+02, 3.154106e+01
1.000000e+02, 3.099660e+01
1.000000e+02, 3.045531e+01
1.000000e+02, 2.991717e+01
1.000000e+02, 2.938214e+01
1.000000e+02, 2.885020e+01
1.000000e+02, 2.832131e+01
1.000000e+02, 2.779545e+01
1.000000e+02, 2.727260e+01
1.000000e+02, 2.675273e+01
1.000000e+02, 2.623580e+01
1.000000e+02, 2.572180e+01
1.000000e+02, 2.521071e+01
1.000000e+02, 2.470249e+01
1.000000e+02, 2.419712e+01
1.000000e+02, 2.369457e+01
1.000000e+02, 2.319484e+01
1.000000e+02, 2.269788e+01
1.000000e+02, 2.220368e+01
1.000000e+02, 2.171223e+01
1.000000e+02, 2.122348e+01
1.000000e+02, 2.073743e+01
1.000000e+02, 2.025405e+01
1.000000e+02, 1.977332e+01
1.000000e+02, 1.929522e+01
1.000000e+02, 1.881973e+01
1.000000e+02, 1.834683e+01
1.000000e+02, 1.787651e+01
1.000000e+02, 1.740873e+01
1.000000e+02, 1.694349e+01
1.000000e+02, 1.648076e+01
1.000000e+02, 1.602052e+01
1.000000e+02, 1.556277e+01
1.000000e+02, 1.510747e+01
1.000000e+02, 1.465461e+01
1.000000e+02, 1.420418e+01
1.000000e+02, 1.375616e+01
1.000000e+02, 1.331052e+01
1.000000e+02, 1.286726e+01
1.000000e+02, 1.242636e+01
1.000000e+02, 1.198779e+01
1.000000e+02, 1.155156e+01
1.000000e+02, 1.111763e+01
1.000000e+02, 1.068600e+01
1.000000e+02, 1.025664e+01
1.000000e+02, 9.829552e+00
1.000000e+02, 9.404711e+00
1.000000e+02, 8.982104e+00
1.000000e+02, 8.561717e+00
1.000000e+02, 8.143536e+00
1.000000e+02, 7.727547e+00
1.000000e+02, 7.313736e+00
1.000000e+02, 6.902090e+00
1.000000e+02, 6.492594e+00
1.000000e+02, 6.085237e+00
1.000000e+02, 5.680004e+00
1.000000e+02, 5.276882e+00
1.000000e+02, 4.875860e+00
1.000000e+02, 4.476924e+00
1.000000e+02, 4.080063e+00
1.000000e+02, 3.685262e+00
1.000000e+02, 3.292512e+00
1.000000e+02, 2.901799e+00
1.000000e+02, 2.513113e+00
1.000000e+02, 2.126440e+00
1.000000e+02, 1.741771e+00
1.000000e+02, 1.359093e+00
1.000000e+02, 9.783953e-01
1.000000e+02, 5.996670e-01
1.000000e+02, 2.228971e-01
1.000000e+02, 3.598481e+02
1.000000e+02, 3.594752e+02
1.000000e+02, 3.591042e+02
1.000000e+02, 3.587352e+02
1.000000e+02, 3.583681e+02
1.000000e+02, 3.580028e+02
1.000000e+02, 3.576395e+02
1.000000e+02, 3.572780e+02
1.000000e+02, 3.569184e+02
1.000000e+02, 3.565606e+02
1.000000e+02, 3.562047e+02
1.000000e+02, 3.558506e+02
1.000000e+02, 3.554984e+02
1.000000e+02, 3.551479e+02
1.000000e+02, 3.547993e+02
1.000000e+02, 3.544525e+02
1.000000e+02, 3.541075e+02
1.000000e+02, 3.537643e+02
1.000000e+02, 3.534228e+02
1.000000e+02, 3.530831e+02
1.000000e+02, 3.527451e+02
1.000000e+02, 3.524090e+02
1.000000e+02, 3.520745e+02
1.000000e+02, 3.517418e+02
1.000000e+02, 3.514108e+02
1.000000e+02, 3.510815e+02
1.000000e+02, 3.507539e+02
1.000000e+02, 3.504281e+02
1.000000e+02, 3.501039e+02
1.000000e+02, 3.497814e+02
1.000000e+02, 3.494606e+02
1.000000e+02, 3.491415e+02
1.000000e+02, 3.488240e+02
1.000000e+02, 3.485082e+02
1.000000e+02, 3.481940e+02
1.000000e+02, 3.478815e+02
1.000000e+02, 3.475706e+02
1.000000e+02, 3.472613e+02
1.000000e+02, 3.469536e+02
1.000000e+02, 3.466476e+02
1.000000e+02, 3.463432e+02
1.000000e+02, 3.460403e+02
1.000000e+02, 3.457391e+02
1.000000e+02, 3.454395e+02
1.000000e+02, 3.451414e+02
1.000000e+02, 3.448449e+02
1.000000e+02, 3.445500e+02
1.000000e+02, 3.442566e+02
1.000000e+02, 3.439648e+02
1.000000e+02, 3.436745e+02
1.000000e+02, 3.433858e+02
1.000000e+02, 3.430987e+02
1.000000e+02, 3.428130e+02
1.000000e+02, 3.425289e+02
1.000000e+02, 3.422463e+02
1.000000e+02, 3.419652e+02
1.000000e+02, 3.416856e+02
1.000000e+02, 3.414075e+02
1.000000e+02, 3.411309e+02
1.000000e+02, 3.408558e+02
1.000000e+02, 3.405822e+02
1.000000e+02, 3.403101e+02
1.000000e+02, 3.400395e+02
1.000000e+02, 3.397703e+02
1.000000e+02, 3.395026e+02
1.000000e+02, 3.392363e+02
1.000000e+02, 3.389715e+02
1.000000e+02, 3.387081e+02
1.000000e+02, 3.384462e+02
1.000000e+02, 3.381858e+02
1.000000e+02, 3.379267e+02
1.000000e+02, 3.376691e+02
1.000000e+02, 3.374129e+02
1.000000e+02, 3.371582e+02
1.000000e+02, 3.369048e+02
1.000000e+02, 3.366529e+02
1.000000e+02, 3.364023e+02
1.000000e+02, 3.361532e+02
1.000000e+02, 3.359055e+02
1.000000e+02, 3.356591e+02
1.000000e+02, 3.354141e+02
1.000000e+02, 3.351706e+02
1.000000e+02, 3.349284e+02
1.000000e+02, 3.346875e+02
1.000000e+02, 3.344481e+02
1.000000e+02, 3.342100e+02
1.000000e+02, 3.339733e+02
1.000000e+02, 3.337379e+02
1.000000e+02, 3.335039e+02
1.000000e+02, 3.332712e+02
1.000000e+02, 3.330399e+02
1.000000e+02, 3.328099e+02
1.000000e+02, 3.325812e+02
1.000000e+02, 3.323539e+02
1.000000e+02, 3.321279e+02
1.000000e+02, 3.319033e+02
1.000000e+02, 3.316799e+02
1.000000e+02, 3.314579e+02
1.000000e+02, 3.312372e+02
1.000000e+02, 3.310178e+02
1.000000e+02, 3.307997e+02
1.000000e+02, 3.305829e+02
1.000000e+02, 3.303674e+02
1.000000e+02, 3.301532e+02
1.000000e+02, 3.299403e+02
1.000000e+02, 3.297287e+02
1.000000e+02, 3.295184e+02
1.000000e+02, 3.293093e+02
1.000000e+02, 3.291015e+02
1.000000e+02, 3.288950e+02
1.000000e+02, 3.286898e+02
1.000000e+02, 3.284858e+02
1.000000e+02, 3.282832e+02
1.000000e+02, 3.280817e+02
1.000000e+02, 3.278815e+02
1.000000e+02, 3.276826e+02
1.000000e+02, 3.274850e+02
1.000000e+02, 3.272885e+02
1.000000e+02, 3.270934e+02
1.000000e+02, 3.268994e+02
1.000000e+02, 3.267068e+02
1.000000e+02, 3.265153e+02
1.000000e+02, 3.263251e+02
1.000000e+02, 3.261361e+02
1.000000e+02, 3.259483e+02
1.000000e+02, 3.257618e+02
1.000000e+02, 3.255765e+02
1.000000e+02, 3.253924e+02
1.000000e+02, 3.252095e+02
1.000000e+02, 3.250278e+02
1.000000e+02, 3.248474e+02
1.000000e+02, 3.246681e+02
1.000000e+02, 3.244901e+02
1.000000e+02, 3.243133e+02
1.000000e+02, 3.241376e+02
1.000000e+02, 3.239632e+02
1.000000e+02, 3.237900e+02
1.000000e+02, 3.236179e+02
1.000000e+02, 3.234470e+02
1.000000e+02, 3.232774e+02
1.000000e+02, 3.231089e+02
1.000000e+02, 3.229416e+02
1.000000e+02, 3.227754e+02
1.000000e+02, 3.226105e+02
1.000000e+02, 3.224467e+02
1.000000e+02, 3.222841e+02
1.000000e+02, 3.221227e+02
1.000000e+02, 3.219624e+02
1.000000e+02, 3.218033e+02
1.000000e+02, 3.216454e+02
1.000000e+02, 3.214886e+02
1.000000e+02, 3.213330e+02
1.000000e+02, 3.211786e+02
1.000000e+02, 3.210253e+02
1.000000e+02, 3.208731e+02
1.000000e+02, 3.207221e+02
1.000000e+02, 3.205723e+02
1.000000e+02, 3.204236e+02
1.000000e+02, 3.202760e+02
1.000000e+02, 3.201296e+02
1.000000e+02, 3.199843e+02
1.000000e+02, 3.198402e+02
1.000000e+02, 3.196971e+02
1.000000e+02, 3.195553e+02
1.000000e+02, 3.194145e+02
1.000000e+02, 3.192749e+02
1.000000e+02, 3.191364e+02
1.000000e+02, 3.189991e+02
1.000000e+02, 3.188629e+02
1.000000e+02, 3.187277e+02
1.000000e+02, 3.185938e+02
1.000000e+02, 3.184609e+02
1.000000e+02, 3.183291e+02
1.000000e+02, 3.181985e+02
1.000000e+02, 3.180690e+02
1.000000e+02, 3.179406e+02
1.000000e+02, 3.178133e+02
1.000000e+02, 3.176871e+02
1.000000e+02, 3.175620e+02
1.000000e+02, 3.174380e+02
1.000000e+02, 3.173151e+02
1.000000e+02, 3.171933e+02
1.000000e+02, 3.170726e+02
1.000000e+02, 3.169531e+02
1.000000e+02, 3.168346e+02
1.000000e+02, 3.167172e+02
1.000000e+02, 3.166009e+02
1.000000e+02, 3.164857e+02
1.000000e+02, 3.163716e+02
1.000000e+02, 3.162585e+02
1.000000e+02, 3.161466e+02
1.000000e+02, 3.160358e+02
1.000000e+02, 3.159260e+02
1.000000e+02, 3.158173e+02
1.000000e+02, 3.157097e+02
1.000000e+02, 3.156032e+02
1.000000e+02, 3.154977e+02
1.000000e+02, 3.153934e+02
1.000000e+02, 3.152901e+02
1.000000e+02, 3.151879e+02
1.000000e+02, 3.150867e+02
1.000000e+02, 3.149867e+02
1.000000e+02, 3.148877e+02
1.000000e+02, 3.147897e+02
1.000000e+02, 3.146929e+02
1.000000e+02, 3.145971e+02
1.000000e+02, 3.145024e+02
1.000000e+02, 3.144087e+02
1.000000e+02, 3.143161e+02
1.000000e+02, 3.142246e+02
1.000000e+02, 3.141341e+02
1.000000e+02, 3.140447e+02
1.000000e+02, 3.139563e+02
1.000000e+02, 3.138690e+02
1.000000e+02, 3.137828e+02
1.000000e+02, 3.136976e+02
1.000000e+02, 3.136135e+02
1.000000e+02, 3.135304e+02
1.000000e+02, 3.134484e+02
1.000000e+02, 3.133674e+02
1.000000e+02, 3.132875e+02
1.000000e+02, 3.132086e+02
1.000000e+02, 3.131308e+02
1.000000e+02, 3.130540e+02
1.000000e+02, 3.129783e+02
1.000000e+02, 3.129036e+02
1.000000e+02, 3.128300e+02
1.000000e+02, 3.127574e+02
1.000000e+02, 3.126858e+02
1.000000e+02, 3.126153e+02
1.000000e+02, 3.125458e+02
1.000000e+02, 3.124774e+02
1.000000e+02, 3.124100e+02
1.000000e+02, 3.123437e+02
1.000000e+02, 3.122784e+02
1.000000e+02, 3.122141e+02
1.000000e+02, 3.121508e+02
1.000000e+02, 3.120886e+02
1.000000e+02, 3.120275e+02
1.000000e+02, 3.119673e+02
1.000000e+02, 3.119082e+02
1.000000e+02, 3.118502e+02
1.000000e+02, 3.117931e+02
1.000000e+02, 3.117371e+02
1.000000e+02, 3.116821e+02
1.000000e+02, 3.116282e+02
1.000000e+02, 3.115753e+02
1.000000e+02, 3.115234e+02
1.000000e+02, 3.114725e+02
1.000000e+02, 3.114227e+02
1.000000e+02, 3.113739e+02
1.000000e+02, 3.113261e+02
1.000000e+02, 3.112793e+02
1.000000e+02, 3.112336e+02
1.000000e+02, 3.111889e+02
1.000000e+02, 3.111452e+02
1.000000e+02, 3.111025e+02
1.000000e+02, 3.110609e+02
1.000000e+02, 3.110203e+02
1.000000e+02, 3.109807e+02
1.000000e+02, 3.109421e+02
1.000000e+02, 3.109046e+02
1.000000e+02, 3.108680e+02
1.000000e+02, 3.108325e+02
1.000000e+02, 3.107980e+02
1.000000e+02, 3.107646e+02
1.000000e+02, 3.107321e+02
1.000000e+02, 3.107007e+02
1.000000e+02, 3.106702e+02
1.000000e+02, 3.106408e+02
1.000000e+02, 3.106125e+02
1.000000e+02, 3.105851e+02
1.000000e+02, 3.105587e+02
1.000000e+02, 3.105334e+02
1.000000e+02, 3.105091e+02
1.000000e+02, 3.104858e+02
1.000000e+02, 3.104635e+02
1.000000e+02, 3.104422e+02
1.000000e+02, 3.104220e+02
1.000000e+02, 3.104027e+02
1.000000e+02, 3.103845e+02
1.000000e+02, 3.103673e+02
1.000000e+02, 3.103511e+02
1.000000e+02, 3.103359e+02
1.000000e+02, 3.103217e+02
1.000000e+02, 3.103085e+02
1.000000e+02, 3.102964e+02
1.000000e+02, 3.102852e+02
1.000000e+02, 3.102751e+02
1.000000e+02, 3.102660e+02
1.000000e+02, 3.102579e+02
1.000000e+02, 3.102508e+02
1.000000e+02, 3.102447e+02
1.000000e+02, 3.102397e+02
1.000000e+02, 3.102356e+02
1.000000e+02, 3.102326e+02
1.000000e+02, 3.102306e+02
1.000000e+02, 3.102296e+02
1.000000e+02, 3.102296e+02
1.000000e+02, 3.102306e+02
1.000000e+02, 3.102326e+02
1.000000e+02, 3.102356e+02
1.000000e+02, 3.102397e+02
1.000000e+02, 3.102447e+02
1.000000e+02, 3.102508e+02
1.000000e+02, 3.102579e+02
1.000000e+02, 3.102660e+02
1.000000e+02, 3.102751e+02
1.000000e+02, 3.102852e+02
1.000000e+02, 3.102964e+02
1.000000e+02, 3.103085e+02
1.000000e+02, 3.103217e+02
1.000000e+02, 3.103359e+02
1.000000e+02, 3.103511e+02
1.000000e+02, 3.103673e+02
1.000000e+02, 3.103845e+02
1.000000e+02, 3.104027e+02
1.000000e+02, 3.104220e+02
1.000000e+02, 3.104422e+02
1.000000e+02, 3.104635e+02
1.000000e+02, 3.104858e+02
1.000000e+02, 3.105091e+02
1.000000e+02, 3.105334e+02
1.000000e+02, 3.105587e+02
1.000000e+02, 3.105851e+02
1.000000e+02, 3.106125e+02
1.000000e+02, 3.106408e+02
1.000000e+02, 3.106702e+02
1.000000e+02, 3.107007e+02
1.000000e+02, 3.107321e+02
1.000000e+02, 3.107646e+02
1.000000e+02, 3.107980e+02
1.000000e+02, 3.108325e+02
1.000000e+02, 3.108680e+02
1.000000e+02, 3.109046e+02
1.000000e+02, 3.109421e+02
1.000000e+02, 3.109807e+02
1.000000e+02, 3.110203e+02
1.000000e+02, 3.110609e+02
1.000000e+02, 3.111025e+02
1.000000e+02, 3.111452e+02
1.000000e+02, 3.111889e+02
1.000000e+02, 3.112336e+02
1.000000e+02, 3.112793e+02
1.000000e+02, 3.113261e+02
1.000000e+02, 3.113739e+02
1.000000e+02, 3.114227e+02
1.000000e+02, 3.114725e+02
1.000000e+02, 3.115234e+02
1.000000e+02, 3.115753e+02
1.000000e+02, 3.116282e+02
1.000000e+02, 3.116821e+02
1.000000e+02, 3.117371e+02
1.000000e+02, 3.117931e+02
1.000000e+02, 3.118502e+02
1.000000e+02, 3.119082e+02
1.000000e+02, 3.119673e+02
1.000000e+02, 3.120275e+02
1.000000e+02, 3.120886e+02
1.000000e+02, 3.121508e+02
1.000000e+02, 3.122141e+02
1.000000e+02, 3.122784e+02
1.000000e+02, 3.123437e+02
1.000000e+02, 3.124100e+02
1.000000e+02, 3.124774e+02
1.000000e+02, 3.125458e+02
1.000000e+02, 3.126153e+02
1.000000e+02, 3.126858e+02
1.000000e+02, 3.127574e+02
1.000000e+02, 3.128300e+02
1.000000e+02, 3.129036e+02
1.000000e+02, 3.129783e+02
1.000000e+02, 3.130540e+02
1.000000e+02, 3.131308e+02
1.000000e+02, 3.132086e+02
1.000000e+02, 3.132875e+02
1.000000e+02, 3.133674e+02
1.000000e+02, 3.134484e+02
1.000000e+02, 3.135304e+02
1.000000e+02, 3.136135e+02
1.000000e+02, 3.136976e+02
1.000000e+02, 3.137828e+02
1.000000e+02, 3.138690e+02
1.000000e+02, 3.139563e+02
1.000000e+02, 3.140447e+02
1.000000e+02, 3.141341e+02
1.000000e+02, 3.142246e+02
1.000000e+02, 3.143161e+02
1.000000e+02, 3.144087e+02
1.000000e+02, 3.145024e+02
1.000000e+02, 3.145971e+02
1.000000e+02, 3.146929e+02
1.000000e+02, 3.147897e+02
1.000000e+02, 3.148877e+02
1.000000e+02, 3.149867e+02
1.000000e+02, 3.150867e+02
1.000000e+02, 3.151879e+02
1.000000e+02, 3.152901e+02
1.000000e+02, 3.153934e+02
1.000000e+02, 3.154977e+02
1.000000e+02, 3.156032e+02
1.000000e+02, 3.157097e+02
1.000000e+02, 3.158173e+02
1.000000e+02, 3.159260e+02
1.000000e+02, 3.160358e+02
1.000000e+02, 3.161466e+02
1.000000e+02, 3.162585e+02
1.000000e+02, 3.163716e+02
1.000000e+02, 3.164857e+02
1.000000e+02, 3.166009e+02
1.000000e+02, 3.167172e+02
1.000000e+02, 3.168346e+02
1.000000e+02, 3.169531e+02
1.000000e+02, 3.170726e+02
1.000000e+02, 3.171933e+02
1.000000e+02, 3.173151e+02
1.000000e+02, 3.174380e+02
1.000000e+02, 3.175620e+02
1.000000e+02, 3.176871e+02
1.000000e+02, 3.178133e+02
1.000000e+02, 3.179406e+02
1.000000e+02, 3.180690e+02
1.000000e+02, 3.181985e+02
1.000000e+02, 3.183291e+02
1.000000e+02, 3.184609e+02
1.000000e+02, 3.185938e+02
1.000000e+02, 3.187277e+02
1.000000e+02, 3.188629e+02
1.000000e+02, 3.189991e+02
1.000000e+02, 3.191364e+02
1.000000e+02, 3.192749e+02
1.000000e+02, 3.194145e+02
1.000000e+02, 3.195553e+02
1.000000e+02, 3.196971e+02
1.000000e+02, 3.198402e+02
1.000000e+02, 3.199843e+02
1.000000e+02, 3.201296e+02
1.000000e+02, 3.202760e+02
1.000000e+02, 3.204236e+02
1.000000e+02, 3.205723e+02
1.000000e+02, 3.207221e+02
1.000000e+02, 3.208731e+02
1.000000e+02, 3.210253e+02
1.000000e+02, 3.211786e+02
1.000000e+02, 3.213330e+02
1.000000e+02, 3.214886e+02
1.000000e+02, 3.216454e+02
1.000000e+02, 3.218033e+02
1.000000e+02, 3.219624e+02
1.000000e+02, 3.221227e+02
1.000000e+02, 3.222841e+02
1.000000e+02, 3.224467e+02
1.000000e+02, 3.226105e+02
1.000000e+02, 3.227754e+02
1.000000e+02, 3.229416e+02
1.000000e+02, 3.231089e+02
1.000000e+02, 3.232774e+02
1.000000e+02, 3.234470e+02
1.000000e+02, 3.236179e+02
1.000000e+02, 3.237900e+02
1.000000e+02, 3.239632e+02
1.000000e+02, 3.241376e+02
1.000000e+02, 3.243133e+02
1.000000e+02, 3.244901e+02
1.000000e+02, 3.246681e+02
1.000000e+02, 3.248474e+02
1.000000e+02, 3.250278e+02
1.000000e+02, 3.252095e+02
1.000000e+02, 3.253924e+02
1.000000e+02, 3.255765e+02
1.000000e+02, 3.257618e+02
1.000000e+02, 3.259483e+02
1.000000e+02, 3.261361e+02
1.000000e+02, 3.263251e+02
1.000000e+02, 3.265153e+02
1.000000e+02, 3.267068e+02
1.000000e+02, 3.268994e+02
1.000000e+02, 3.270934e+02
1.000000e+02, 3.272885e+02
1.000000e+02, 3.274850e+02
1.000000e+02, 3.276826e+02
1.000000e+02, 3.278815e+02
1.000000e+02, 3.280817e+02
1.000000e+02, 3.282832e+02
1.000000e+02, 3.284858e+02
1.000000e+02, 3.286898e+02
1.000000e+02, 3.288950e+02
1.000000e+02, 3.291015e+02
1.000000e+02, 3.293093e+02
1.000000e+02, 3.295184e+02
1.000000e+02, 3.297287e+02
1.000000e+02, 3.299403e+02
1.000000e+02, 3.301532e+02
1.000000e+02, 3.303674e+02
1.000000e+02, 3.305829e+02
1.000000e+02, 3.307997e+02
1.000000e+02, 3.310178e+02
1.000000e+02, 3.312372e+02
1.000000e+02, 3.314579e+02
1.000000e+02, 3.316799e+02
1.000000e+02, 3.319033e+02
1.000000e+02, 3.321279e+02
1.000000e+02, 3.323539e+02
1.000000e+02, 3.325812e+02
1.000000e+02, 3.328099e+02
1.000000e+02, 3.330399e+02
1.000000e+02, 3.332712e+02
1.000000e+02, 3.335039e+02
1.000000e+02, 3.337379e+02
1.000000e+02, 3.339733e+02
1.000000e+02, 3.342100e+02
1.000000e+02, 3.344481e+02
1.000000e+02, 3.346875e+02
1.000000e+02, 3.349284e+02
1.000000e+02, 3.351706e+02
1.000000e+02, 3.354142e+02
1.000000e+02, 3.356591e+02
1.000000e+02, 3.359055e+02
1.000000e+02, 3.361532e+02
1.000000e+02, 3.364023e+02
1.000000e+02, 3.366529e+02
1.000000e+02, 3.369048e+02
1.000000e+02, 3.371582e+02
1.000000e+02, 3.374129e+02
1.000000e+02, 3.376691e+02
1.000000e+02, 3.379267e+02
1.000000e+02, 3.381858e+02
1.000000e+02, 3.384462e+02
1.000000e+02, 3.387082e+02
1.000000e+02, 3.389715e+02
1.000000e+02, 3.392363e+02
1.000000e+02, 3.395026e+02
1.000000e+02, 3.397703e+02
1.000000e+02, 3.400395e+02
1.000000e+02, 3.403101e+02
1.000000e+02, 3.405822e+02
1.000000e+02, 3.408559e+02
1.000000e+02, 3.411309e+02
1.000000e+02, 3.414075e+02
1.000000e+02, 3.416856e+02
1.000000e+02, 3.419652e+02
1.000000e+02, 3.422463e+02
1.000000e+02, 3.425289e+02
1.000000e+02, 3.428130e+02
1.000000e+02, 3.430987e+02
1.000000e+02, 3.433858e+02
1.000000e+02, 3.436745e+02
1.000000e+02, 3.439648e+02
1.000000e+02, 3.442566e+02
1.000000e+02, 3.445500e+02
1.000000e+02, 3.448449e+02
1.000000e+02, 3.451414e+02
1.000000e+02, 3.454395e+02
1.000000e+02, 3.457391e+02
1.000000e+02, 3.460403e+02
1.000000e+02, 3.463432e+02
1.000000e+02, 3.466476e+02
1.000000e+02, 3.469536e+02
1.000000e+02, 3.472613e+02
1.000000e+02, 3.475706e+02
1.000000e+02, 3.478815e+02
1.000000e+02, 3.481940e+02
1.000000e+02, 3.485082e+02
1.000000e+02, 3.488240e+02
1.000000e+02, 3.491415e+02
1.000000e+02, 3.494606e+02
1.000000e+02, 3.497814e+02
1.000000e+02, 3.501039e+02
1.000000e+02, 3.504281e+02
1.000000e+02, 3.507539e+02
1.000000e+02, 3.510815e+02
1.000000e+02, 3.514108e+02
1.000000e+02, 3.517418e+02
1.000000e+02, 3.520745e+02
1.000000e+02, 3.524090e+02
1.000000e+02, 3.527451e+02
1.000000e+02, 3.530831e+02
1.000000e+02, 3.534228e+02
1.000000e+02, 3.537643e+02
1.000000e+02, 3.541075e+02
1.000000e+02, 3.544525e+02
1.000000e+02, 3.547993e+02
1.000000e+02, 3.551479e+02
1.000000e+02, 3.554984e+02
1.000000e+02, 3.558506e+02
1.000000e+02, 3.562047e+02
1.000000e+02, 3.565606e+02
1.000000e+02, 3.569184e+02
1.000000e+02, 3.572780e+02
1.000000e+02, 3.576395e+02
1.000000e+02, 3.580028e+02
1.000000e+02, 3.583681e+02
1.000000e+02, 3.587352e+02
1.000000e+02, 3.591042e+02
1.000000e+02, 3.594752e+02
1.000000e+02, 3.598481e+02
1.000000e+02, 2.228986e-01
1.000000e+02, 5.996686e-01
1.000000e+02, 9.783970e-01
1.000000e+02, 1.359095e+00
1.000000e+02, 1.741773e+00
1.000000e+02, 2.126442e+00
1.000000e+02, 2.513114e+00
1.000000e+02, 2.901801e+00
1.000000e+02, 3.292514e+00
1.000000e+02, 3.685264e+00
1.000000e+02, 4.080064e+00
1.000000e+02, 4.476926e+00
1.000000e+02, 4.875862e+00
1.000000e+02, 5.276884e+00
1.000000e+02, 5.680005e+00
1.000000e+02, 6.085238e+00
1.000000e+02, 6.492596e+00
1.000000e+02, 6.902091e+00
1.000000e+02, 7.313738e+00
1.000000e+02, 7.727549e+00
1.000000e+02, 8.143538e+00
1.000000e+02, 8.561719e+00
1.000000e+02, 8.982105e+00
1.000000e+02, 9.404712e+00
1.000000e+02, 9.829554e+00
1.000000e+02, 1.025664e+01
1.000000e+02, 1.068600e+01
1.000000e+02, 1.111763e+01
1.000000e+02, 1.155156e+01
1.000000e+02, 1.198780e+01
1.000000e+02, 1.242636e+01
1.000000e+02, 1.286726e+01
1.000000e+02, 1.331052e+01
1.000000e+02, 1.375616e+01
1.000000e+02, 1.420418e+01
1.000000e+02, 1.465462e+01
1.000000e+02, 1.510747e+01
1.000000e+02, 1.556277e+01
1.000000e+02, 1.602053e+01
1.000000e+02, 1.648076e+01
1.000000e+02, 1.694349e+01
1.000000e+02, 1.740873e+01
1.000000e+02, 1.787651e+01
1.000000e+02, 1.834684e+01
1.000000e+02, 1.881973e+01
1.000000e+02, 1.929522e+01
1.000000e+02, 1.977332e+01
1.000000e+02, 2.025405e+01
1.000000e+02, 2.073743e+01
1.000000e+02, 2.122348e+01
1.000000e+02, 2.171223e+01
1.000000e+02, 2.220369e+01
1.000000e+02, 2.269788e+01
1.000000e+02, 2.319484e+01
1.000000e+02, 2.369458e+01
1.000000e+02, 2.419712e+01
1.000000e+02, 2.470249e+01
1.000000e+02, 2.521071e+01
1.000000e+02, 2.572181e+01
1.000000e+02, 2.623580e+01
1.000000e+02, 2.675273e+01
1.000000e+02, 2.727260e+01
1.000000e+02, 2.779546e+01
1.000000e+02, 2.832131e+01
1.000000e+02, 2.885020e+01
1.000000e+02, 2.938214e+01
1.000000e+02, 2.991717e+01
1.000000e+02, 3.045532e+01
1.000000e+02, 3.099660e+01
1.000000e+02, 3.154106e+01
1.000000e+02, 3.208872e+01
1.000000e+02, 3.263961e+01
1.000000e+02, 3.319377e+01
1.000000e+02, 3.375122e+01
1.000000e+02, 3.431200e+01
1.000000e+02, 3.487614e+01
1.000000e+02, 3.544367e+01
1.000000e+02, 3.601463e+01
1.000000e+02, 3.658905e+01
1.000000e+02, 3.716698e+01
1.000000e+02, 3.774843e+01
1.000000e+02, 3.833346e+01
1.000000e+02, 3.892209e+01
1.000000e+02, 3.951438e+01
1.000000e+02, 4.011035e+01
1.000000e+02, 4.071004e+01
1.000000e+02, 4.131351e+01
1.000000e+02, 4.192078e+01
1.000000e+02, 4.253191e+01
1.000000e+02, 4.314693e+01
1.000000e+02, 4.376589e+01
1.000000e+02, 4.438883e+01
1.000000e+02, 4.501581e+01
1.000000e+02, 4.564687e+01
1.000000e+02, 4.628206e+01
1.000000e+02, 4.692142e+01
1.000000e+02, 4.756501e+01
1.000000e+02, 4.821288e+01
1.000000e+02, 4.886509e+01
1.000000e+02, 4.952168e+01
1.000000e+02, 5.018272e+01
1.000000e+02, 5.084826e+01
1.000000e+02, 5.151836e+01
1.000000e+02, 5.219307e+01
1.000000e+02, 5.287247e+01
1.000000e+02, 5.355661e+01
1.000000e+02, 5.424556e+01
1.000000e+02, 5.493938e+01
1.000000e+02, 5.563815e+01
1.000000e+02, 5.634192e+01
1.000000e+02, 5.705078e+01
1.000000e+02, 5.776480e+01
1.000000e+02, 5.848404e+01
1.000000e+02, 5.920860e+01
1.000000e+02, 5.993854e+01
1.000000e+02, 6.067395e+01
1.000000e+02, 6.141491e+01
1.000000e+02, 6.216152e+01
1.000000e+02, 6.291385e+01
1.000000e+02, 6.367200e+01
1.000000e+02, 6.443607e+01
1.000000e+02, 6.520614e+01
1.000000e+02, 6.598233e+01
1.000000e+02, 6.676472e+01
1.000000e+02, 6.755344e+01
1.000000e+02, 6.834858e+01
1.000000e+02, 6.915027e+01
1.000000e+02, 6.995861e+01
1.000000e+02, 7.077373e+01
1.000000e+02, 7.159574e+01
1.000000e+02, 7.242479e+01
1.000000e+02, 7.326100e+01
1.000000e+02, 7.410450e+01
1.000000e+02, 7.495545e+01
1.000000e+02, 7.581398e+01
1.000000e+02, 7.668025e+01
1.000000e+02, 7.755441e+01
1.000000e+02, 7.843664e+01
1.000000e+02, 7.932709e+01
1.000000e+02, 8.022595e+01
1.000000e+02, 8.113339e+01
1.000000e+02, 8.204961e+01
1.000000e+02, 8.297480e+01
1.000000e+02, 8.390917e+01
1.000000e+02, 8.485294e+01
1.000000e+02, 8.580631e+01
1.000000e+02, 8.676954e+01
1.000000e+02, 8.774285e+01
1.000000e+02, 8.872651e+01
1.000000e+02, 8.972077e+01
1.000000e+02, 9.072591e+01
1.000000e+02, 9.174223e+01
1.000000e+02, 9.277002e+01
1.000000e+02, 9.380960e+01
1.000000e+02, 9.486130e+01
1.000000e+02, 9.592548e+01
1.000000e+02, 9.700250e+01
1.000000e+02, 9.809274e+01
1.000000e+02, 9.919663e+01
1.000000e+02, 1.003146e+02
1.000000e+02, 1.014471e+02
1.000000e+02, 1.025945e+02
1.000000e+02, 1.037575e+02
1.000000e+02, 1.049365e+02
1.000000e+02, 1.061322e+02
1.000000e+02, 1.073451e+02
1.000000e+02, 1.085759e+02
1.000000e+02, 1.098252e+02
1.000000e+02, 1.110938e+02
1.000000e+02, 1.123826e+02
1.000000e+02, 1.136923e+02
1.000000e+02, 1.150239e+02
1.000000e+02, 1.163783e+02
1.000000e+02, 1.177566e+02
1.000000e+02, 1.191599e+02
1.000000e+02, 1.205896e+02
1.000000e+02, 1.220469e+02
1.000000e+02, 1.235334e+02
1.000000e+02, 1.250506e+02
1.000000e+02, 1.266003e+02
1.000000e+02, 1.281846e+02
1.000000e+02, 1.298055e+02
1.000000e+02, 1.314655e+02
1.000000e+02, 1.331673e+02
1.000000e+02, 1.349139e+02
1.000000e+02, 1.367087e+02
1.000000e+02, 1.385557e+02
1.000000e+02, 1.404593e+02
1.000000e+02, 1.424246e+02
1.000000e+02, 1.444577e+02
1.000000e+02, 1.465656e+02
1.000000e+02, 1.487566e+02
1.000000e+02, 1.510410e+02
1.000000e+02, 1.534309e+02
1.000000e+02, 1.559418e+02
1.000000e+02, 1.585933e+02
1.000000e+02, 1.614111e+02
1.000000e+02, 1.644295e+02
1.000000e+02, 1.676974e+02
1.000000e+02, 1.712873e+02
1.000000e+02, 1.753166e+02
1.000000e+02, 1.800000e+02
##END= 