##TITLE= /opt/topspin3.0/exp/stan/nmr/lists/wave/user/HypSec_trunc2.84_110
##JCAMP-DX= 5.00 Bruker JCAMP library
##DATA TYPE= Shape Data
##ORIGIN= Bruker BioSpin GmbH
##OWNER= <nmrsu>
##DATE= 15/02/24
##TIME= 16:15:04
##MINX= 1.164538e+01
##MAXX= 9.999960e+01
##MINY= 2.546774e-02
##MAXY= 3.585574e+02
##$SHAPE_EXMODE= Adiabatic
##$SHAPE_TOTROT= 1.800000e+02
##$SHAPE_BWFAC= 1.929340e+02
##$SHAPE_INTEGFAC= 2.356110e-02
##$SHAPE_MODE= 0
##NPOINTS= 1000
##XYPOINTS= (XY..XY)
1.000000e+02, 1.800000e+02
1.000000e+02, 1.719286e+02
1.000000e+02, 1.649845e+02
1.000000e+02, 1.587976e+02
1.000000e+02, 1.531657e+02
1.000000e+02, 1.479637e+02
1.000000e+02, 1.431077e+02
1.000000e+02, 1.385380e+02
1.000000e+02, 1.342107e+02
1.000000e+02, 1.300918e+02
1.000000e+02, 1.261551e+02
1.000000e+02, 1.223790e+02
1.000000e+02, 1.187463e+02
1.000000e+02, 1.152424e+02
1.000000e+02, 1.118553e+02
1.000000e+02, 1.085747e+02
1.000000e+02, 1.053916e+02
1.000000e+02, 1.022983e+02
1.000000e+02, 9.928824e+01
1.000000e+02, 9.635538e+01
1.000000e+02, 9.349455e+01
1.000000e+02, 9.070107e+01
1.000000e+02, 8.797079e+01
1.000000e+02, 8.529995e+01
1.000000e+02, 8.268519e+01
1.000000e+02, 8.012343e+01
1.000000e+02, 7.761188e+01
1.000000e+02, 7.514798e+01
1.000000e+02, 7.272942e+01
1.000000e+02, 7.035403e+01
1.000000e+02, 6.801983e+01
1.000000e+02, 6.572501e+01
1.000000e+02, 6.346787e+01
1.000000e+02, 6.124683e+01
1.000000e+02, 5.906044e+01
1.000000e+02, 5.690732e+01
1.000000e+02, 5.478621e+01
1.000000e+02, 5.269591e+01
1.000000e+02, 5.063532e+01
1.000000e+02, 4.860336e+01
1.000000e+02, 4.659907e+01
1.000000e+02, 4.462151e+01
1.000000e+02, 4.266980e+01
1.000000e+02, 4.074312e+01
1.000000e+02, 3.884068e+01
1.000000e+02, 3.696174e+01
1.000000e+02, 3.510560e+01
1.000000e+02, 3.327160e+01
1.000000e+02, 3.145909e+01
1.000000e+02, 2.966747e+01
1.000000e+02, 2.789618e+01
1.000000e+02, 2.614466e+01
1.000000e+02, 2.441239e+01
1.000000e+02, 2.269887e+01
1.000000e+02, 2.100364e+01
1.000000e+02, 1.932622e+01
1.000000e+02, 1.766620e+01
1.000000e+02, 1.602314e+01
1.000000e+02, 1.439665e+01
1.000000e+02, 1.278635e+01
1.000000e+02, 1.119187e+01
1.000000e+02, 9.612859e+00
1.000000e+02, 8.048968e+00
1.000000e+02, 6.499875e+00
1.000000e+02, 4.965266e+00
1.000000e+02, 3.444838e+00
1.000000e+02, 1.938298e+00
1.000000e+02, 4.453655e-01
1.000000e+02, 3.589658e+02
1.000000e+02, 3.574992e+02
1.000000e+02, 3.560455e+02
1.000000e+02, 3.546044e+02
1.000000e+02, 3.531756e+02
1.000000e+02, 3.517590e+02
1.000000e+02, 3.503542e+02
1.000000e+02, 3.489611e+02
1.000000e+02, 3.475795e+02
1.000000e+02, 3.462091e+02
1.000000e+02, 3.448498e+02
1.000000e+02, 3.435015e+02
1.000000e+02, 3.421638e+02
1.000000e+02, 3.408366e+02
1.000000e+02, 3.395198e+02
1.000000e+02, 3.382132e+02
1.000000e+02, 3.369167e+02
1.000000e+02, 3.356300e+02
1.000000e+02, 3.343530e+02
1.000000e+02, 3.330856e+02
1.000000e+02, 3.318276e+02
1.000000e+02, 3.305789e+02
1.000000e+02, 3.293393e+02
1.000000e+02, 3.281088e+02
1.000000e+02, 3.268871e+02
1.000000e+02, 3.256743e+02
1.000000e+02, 3.244700e+02
1.000000e+02, 3.232743e+02
1.000000e+02, 3.220869e+02
1.000000e+02, 3.209079e+02
1.000000e+02, 3.197370e+02
1.000000e+02, 3.185742e+02
1.000000e+02, 3.174193e+02
1.000000e+02, 3.162723e+02
1.000000e+02, 3.151331e+02
1.000000e+02, 3.140015e+02
1.000000e+02, 3.128775e+02
1.000000e+02, 3.117610e+02
1.000000e+02, 3.106518e+02
1.000000e+02, 3.095499e+02
1.000000e+02, 3.084552e+02
1.000000e+02, 3.073677e+02
1.000000e+02, 3.062871e+02
1.000000e+02, 3.052135e+02
1.000000e+02, 3.041468e+02
1.000000e+02, 3.030869e+02
1.000000e+02, 3.020337e+02
1.000000e+02, 3.009871e+02
1.000000e+02, 2.999471e+02
1.000000e+02, 2.989136e+02
1.000000e+02, 2.978865e+02
1.000000e+02, 2.968657e+02
1.000000e+02, 2.958513e+02
1.000000e+02, 2.948430e+02
1.000000e+02, 2.938410e+02
1.000000e+02, 2.928450e+02
1.000000e+02, 2.918550e+02
1.000000e+02, 2.908710e+02
1.000000e+02, 2.898929e+02
1.000000e+02, 2.889207e+02
1.000000e+02, 2.879542e+02
1.000000e+02, 2.869935e+02
1.000000e+02, 2.860385e+02
1.000000e+02, 2.850891e+02
1.000000e+02, 2.841452e+02
1.000000e+02, 2.832069e+02
1.000000e+02, 2.822741e+02
1.000000e+02, 2.813466e+02
1.000000e+02, 2.804245e+02
1.000000e+02, 2.795078e+02
1.000000e+02, 2.785963e+02
1.000000e+02, 2.776900e+02
1.000000e+02, 2.767890e+02
1.000000e+02, 2.758930e+02
1.000000e+02, 2.750021e+02
1.000000e+02, 2.741163e+02
1.000000e+02, 2.732355e+02
1.000000e+02, 2.723596e+02
1.000000e+02, 2.714886e+02
1.000000e+02, 2.706226e+02
1.000000e+02, 2.697613e+02
1.000000e+02, 2.689049e+02
1.000000e+02, 2.680532e+02
1.000000e+02, 2.672062e+02
1.000000e+02, 2.663639e+02
1.000000e+02, 2.655262e+02
1.000000e+02, 2.646931e+02
1.000000e+02, 2.638647e+02
1.000000e+02, 2.630407e+02
1.000000e+02, 2.622212e+02
1.000000e+02, 2.614062e+02
1.000000e+02, 2.605957e+02
1.000000e+02, 2.597895e+02
1.000000e+02, 2.589877e+02
1.000000e+02, 2.581902e+02
1.000000e+02, 2.573971e+02
1.000000e+02, 2.566082e+02
1.000000e+02, 2.558235e+02
1.000000e+02, 2.550431e+02
1.000000e+02, 2.542668e+02
1.000000e+02, 2.534947e+02
1.000000e+02, 2.527266e+02
1.000000e+02, 2.519627e+02
1.000000e+02, 2.512029e+02
1.000000e+02, 2.504471e+02
1.000000e+02, 2.496952e+02
1.000000e+02, 2.489474e+02
1.000000e+02, 2.482035e+02
1.000000e+02, 2.474636e+02
1.000000e+02, 2.467275e+02
1.000000e+02, 2.459954e+02
1.000000e+02, 2.452670e+02
1.000000e+02, 2.445425e+02
1.000000e+02, 2.438218e+02
1.000000e+02, 2.431049e+02
1.000000e+02, 2.423918e+02
1.000000e+02, 2.416823e+02
1.000000e+02, 2.409766e+02
1.000000e+02, 2.402746e+02
1.000000e+02, 2.395762e+02
1.000000e+02, 2.388814e+02
1.000000e+02, 2.381903e+02
1.000000e+02, 2.375028e+02
1.000000e+02, 2.368188e+02
1.000000e+02, 2.361384e+02
1.000000e+02, 2.354616e+02
1.000000e+02, 2.347882e+02
1.000000e+02, 2.341183e+02
1.000000e+02, 2.334520e+02
1.000000e+02, 2.327890e+02
1.000000e+02, 2.321295e+02
1.000000e+02, 2.314734e+02
1.000000e+02, 2.308207e+02
1.000000e+02, 2.301714e+02
1.000000e+02, 2.295254e+02
1.000000e+02, 2.288828e+02
1.000000e+02, 2.282435e+02
1.000000e+02, 2.276075e+02
1.000000e+02, 2.269747e+02
1.000000e+02, 2.263453e+02
1.000000e+02, 2.257191e+02
1.000000e+02, 2.250961e+02
1.000000e+02, 2.244763e+02
1.000000e+02, 2.238598e+02
1.000000e+02, 2.232464e+02
1.000000e+02, 2.226362e+02
1.000000e+02, 2.220291e+02
1.000000e+02, 2.214252e+02
1.000000e+02, 2.208244e+02
1.000000e+02, 2.202267e+02
1.000000e+02, 2.196321e+02
1.000000e+02, 2.190405e+02
1.000000e+02, 2.184520e+02
1.000000e+02, 2.178666e+02
1.000000e+02, 2.172842e+02
1.000000e+02, 2.167048e+02
1.000000e+02, 2.161284e+02
1.000000e+02, 2.155550e+02
1.000000e+02, 2.149846e+02
1.000000e+02, 2.144171e+02
1.000000e+02, 2.138525e+02
1.000000e+02, 2.132909e+02
1.000000e+02, 2.127323e+02
1.000000e+02, 2.121765e+02
1.000000e+02, 2.116236e+02
1.000000e+02, 2.110736e+02
1.000000e+02, 2.105264e+02
1.000000e+02, 2.099821e+02
1.000000e+02, 2.094407e+02
1.000000e+02, 2.089021e+02
1.000000e+02, 2.083663e+02
1.000000e+02, 2.078333e+02
1.000000e+02, 2.073031e+02
1.000000e+02, 2.067757e+02
1.000000e+02, 2.062510e+02
1.000000e+02, 2.057291e+02
1.000000e+02, 2.052100e+02
1.000000e+02, 2.046935e+02
1.000000e+02, 2.041799e+02
1.000000e+02, 2.036689e+02
1.000000e+02, 2.031606e+02
1.000000e+02, 2.026550e+02
1.000000e+02, 2.021521e+02
1.000000e+02, 2.016519e+02
1.000000e+02, 2.011543e+02
1.000000e+02, 2.006594e+02
1.000000e+02, 2.001671e+02
1.000000e+02, 1.996774e+02
1.000000e+02, 1.991904e+02
1.000000e+02, 1.987060e+02
1.000000e+02, 1.982241e+02
1.000000e+02, 1.977449e+02
1.000000e+02, 1.972682e+02
1.000000e+02, 1.967941e+02
1.000000e+02, 1.963226e+02
1.000000e+02, 1.958536e+02
1.000000e+02, 1.953872e+02
1.000000e+02, 1.949233e+02
1.000000e+02, 1.944619e+02
1.000000e+02, 1.940030e+02
1.000000e+02, 1.935466e+02
1.000000e+02, 1.930928e+02
1.000000e+02, 1.926414e+02
1.000000e+02, 1.921925e+02
1.000000e+02, 1.917461e+02
1.000000e+02, 1.913021e+02
1.000000e+02, 1.908606e+02
1.000000e+02, 1.904215e+02
1.000000e+02, 1.899849e+02
1.000000e+02, 1.895507e+02
1.000000e+02, 1.891189e+02
1.000000e+02, 1.886896e+02
1.000000e+02, 1.882626e+02
1.000000e+02, 1.878380e+02
1.000000e+02, 1.874159e+02
1.000000e+02, 1.869961e+02
1.000000e+02, 1.865787e+02
1.000000e+02, 1.861636e+02
1.000000e+02, 1.857510e+02
1.000000e+02, 1.853406e+02
1.000000e+02, 1.849326e+02
1.000000e+02, 1.845270e+02
1.000000e+02, 1.841237e+02
1.000000e+02, 1.837227e+02
1.000000e+02, 1.833240e+02
1.000000e+02, 1.829277e+02
1.000000e+02, 1.825336e+02
1.000000e+02, 1.821419e+02
1.000000e+02, 1.817524e+02
1.000000e+02, 1.813652e+02
1.000000e+02, 1.809803e+02
1.000000e+02, 1.805977e+02
1.000000e+02, 1.802173e+02
1.000000e+02, 1.798392e+02
1.000000e+02, 1.794633e+02
1.000000e+02, 1.790897e+02
1.000000e+02, 1.787183e+02
1.000000e+02, 1.783492e+02
1.000000e+02, 1.779822e+02
1.000000e+02, 1.776175e+02
1.000000e+02, 1.772550e+02
1.000000e+02, 1.768948e+02
1.000000e+02, 1.765367e+02
1.000000e+02, 1.761808e+02
1.000000e+02, 1.758271e+02
1.000000e+02, 1.754756e+02
1.000000e+02, 1.751263e+02
1.000000e+02, 1.747791e+02
1.000000e+02, 1.744342e+02
1.000000e+02, 1.740913e+02
1.000000e+02, 1.737507e+02
1.000000e+02, 1.734122e+02
1.000000e+02, 1.730758e+02
1.000000e+02, 1.727416e+02
1.000000e+02, 1.724095e+02
1.000000e+02, 1.720796e+02
1.000000e+02, 1.717517e+02
1.000000e+02, 1.714260e+02
1.000000e+02, 1.711024e+02
1.000000e+02, 1.707810e+02
1.000000e+02, 1.704616e+02
1.000000e+02, 1.701443e+02
1.000000e+02, 1.698292e+02
1.000000e+02, 1.695161e+02
1.000000e+02, 1.692051e+02
1.000000e+02, 1.688962e+02
1.000000e+02, 1.685893e+02
1.000000e+02, 1.682846e+02
1.000000e+02, 1.679819e+02
1.000000e+02, 1.676813e+02
1.000000e+02, 1.673827e+02
1.000000e+02, 1.670862e+02
1.000000e+02, 1.667917e+02
1.000000e+02, 1.664993e+02
1.000000e+02, 1.662089e+02
1.000000e+02, 1.659206e+02
1.000000e+02, 1.656343e+02
1.000000e+02, 1.653500e+02
1.000000e+02, 1.650678e+02
1.000000e+02, 1.647875e+02
1.000000e+02, 1.645093e+02
1.000000e+02, 1.642331e+02
1.000000e+02, 1.639589e+02
1.000000e+02, 1.636868e+02
1.000000e+02, 1.634166e+02
1.000000e+02, 1.631484e+02
1.000000e+02, 1.628822e+02
1.000000e+02, 1.626180e+02
1.000000e+02, 1.623558e+02
1.000000e+02, 1.620955e+02
1.000000e+02, 1.618373e+02
1.000000e+02, 1.615810e+02
1.000000e+02, 1.613267e+02
1.000000e+02, 1.610744e+02
1.000000e+02, 1.608240e+02
1.000000e+02, 1.605756e+02
1.000000e+02, 1.603291e+02
1.000000e+02, 1.600846e+02
1.000000e+02, 1.598421e+02
1.000000e+02, 1.596015e+02
1.000000e+02, 1.593628e+02
1.000000e+02, 1.591261e+02
1.000000e+02, 1.588913e+02
1.000000e+02, 1.586585e+02
1.000000e+02, 1.584275e+02
1.000000e+02, 1.581985e+02
1.000000e+02, 1.579715e+02
1.000000e+02, 1.577463e+02
1.000000e+02, 1.575231e+02
1.000000e+02, 1.573018e+02
1.000000e+02, 1.570824e+02
1.000000e+02, 1.568649e+02
1.000000e+02, 1.566493e+02
1.000000e+02, 1.564357e+02
1.000000e+02, 1.562239e+02
1.000000e+02, 1.560140e+02
1.000000e+02, 1.558060e+02
1.000000e+02, 1.556000e+02
1.000000e+02, 1.553958e+02
1.000000e+02, 1.551934e+02
1.000000e+02, 1.549930e+02
1.000000e+02, 1.547945e+02
1.000000e+02, 1.545978e+02
1.000000e+02, 1.544030e+02
1.000000e+02, 1.542101e+02
1.000000e+02, 1.540191e+02
1.000000e+02, 1.538299e+02
1.000000e+02, 1.536426e+02
1.000000e+02, 1.534572e+02
1.000000e+02, 1.532736e+02
1.000000e+02, 1.530919e+02
1.000000e+02, 1.529120e+02
1.000000e+02, 1.527340e+02
1.000000e+02, 1.525578e+02
1.000000e+02, 1.523835e+02
1.000000e+02, 1.522111e+02
1.000000e+02, 1.520404e+02
1.000000e+02, 1.518717e+02
1.000000e+02, 1.517048e+02
1.000000e+02, 1.515397e+02
1.000000e+02, 1.513764e+02
1.000000e+02, 1.512150e+02
1.000000e+02, 1.510554e+02
1.000000e+02, 1.508977e+02
1.000000e+02, 1.507417e+02
1.000000e+02, 1.505876e+02
1.000000e+02, 1.504354e+02
1.000000e+02, 1.502849e+02
1.000000e+02, 1.501363e+02
1.000000e+02, 1.499895e+02
1.000000e+02, 1.498445e+02
1.000000e+02, 1.497013e+02
1.000000e+02, 1.495600e+02
1.000000e+02, 1.494204e+02
1.000000e+02, 1.492827e+02
1.000000e+02, 1.491468e+02
1.000000e+02, 1.490126e+02
1.000000e+02, 1.488803e+02
1.000000e+02, 1.487498e+02
1.000000e+02, 1.486211e+02
1.000000e+02, 1.484942e+02
1.000000e+02, 1.483691e+02
1.000000e+02, 1.482458e+02
1.000000e+02, 1.481243e+02
1.000000e+02, 1.480045e+02
1.000000e+02, 1.478866e+02
1.000000e+02, 1.477705e+02
1.000000e+02, 1.476561e+02
1.000000e+02, 1.475436e+02
1.000000e+02, 1.474328e+02
1.000000e+02, 1.473238e+02
1.000000e+02, 1.472166e+02
1.000000e+02, 1.471112e+02
1.000000e+02, 1.470075e+02
1.000000e+02, 1.469057e+02
1.000000e+02, 1.468056e+02
1.000000e+02, 1.467073e+02
1.000000e+02, 1.466108e+02
1.000000e+02, 1.465160e+02
1.000000e+02, 1.464231e+02
1.000000e+02, 1.463319e+02
1.000000e+02, 1.462424e+02
1.000000e+02, 1.461548e+02
1.000000e+02, 1.460689e+02
1.000000e+02, 1.459848e+02
1.000000e+02, 1.459024e+02
1.000000e+02, 1.458218e+02
1.000000e+02, 1.457430e+02
1.000000e+02, 1.456660e+02
1.000000e+02, 1.455907e+02
1.000000e+02, 1.455172e+02
1.000000e+02, 1.454454e+02
1.000000e+02, 1.453754e+02
1.000000e+02, 1.453072e+02
1.000000e+02, 1.452407e+02
1.000000e+02, 1.451760e+02
1.000000e+02, 1.451130e+02
1.000000e+02, 1.450518e+02
1.000000e+02, 1.449924e+02
1.000000e+02, 1.449347e+02
1.000000e+02, 1.448787e+02
1.000000e+02, 1.448245e+02
1.000000e+02, 1.447721e+02
1.000000e+02, 1.447215e+02
1.000000e+02, 1.446725e+02
1.000000e+02, 1.446254e+02
1.000000e+02, 1.445799e+02
1.000000e+02, 1.445363e+02
1.000000e+02, 1.444944e+02
1.000000e+02, 1.444542e+02
1.000000e+02, 1.444158e+02
1.000000e+02, 1.443791e+02
1.000000e+02, 1.443442e+02
1.000000e+02, 1.443110e+02
1.000000e+02, 1.442796e+02
1.000000e+02, 1.442500e+02
1.000000e+02, 1.442220e+02
1.000000e+02, 1.441959e+02
1.000000e+02, 1.441714e+02
1.000000e+02, 1.441487e+02
1.000000e+02, 1.441278e+02
1.000000e+02, 1.441086e+02
1.000000e+02, 1.440912e+02
1.000000e+02, 1.440755e+02
1.000000e+02, 1.440615e+02
1.000000e+02, 1.440493e+02
1.000000e+02, 1.440388e+02
1.000000e+02, 1.440301e+02
1.000000e+02, 1.440231e+02
1.000000e+02, 1.440179e+02
1.000000e+02, 1.440144e+02
1.000000e+02, 1.440127e+02
1.000000e+02, 1.440127e+02
1.000000e+02, 1.440144e+02
1.000000e+02, 1.440179e+02
1.000000e+02, 1.440231e+02
1.000000e+02, 1.440301e+02
1.000000e+02, 1.440388e+02
1.000000e+02, 1.440493e+02
1.000000e+02, 1.440615e+02
1.000000e+02, 1.440755e+02
1.000000e+02, 1.440912e+02
1.000000e+02, 1.441086e+02
1.000000e+02, 1.441278e+02
1.000000e+02, 1.441487e+02
1.000000e+02, 1.441714e+02
1.000000e+02, 1.441959e+02
1.000000e+02, 1.442220e+02
1.000000e+02, 1.442500e+02
1.000000e+02, 1.442796e+02
1.000000e+02, 1.443110e+02
1.000000e+02, 1.443442e+02
1.000000e+02, 1.443791e+02
1.000000e+02, 1.444158e+02
1.000000e+02, 1.444542e+02
1.000000e+02, 1.444944e+02
1.000000e+02, 1.445363e+02
1.000000e+02, 1.445799e+02
1.000000e+02, 1.446254e+02
1.000000e+02, 1.446725e+02
1.000000e+02, 1.447215e+02
1.000000e+02, 1.447721e+02
1.000000e+02, 1.448245e+02
1.000000e+02, 1.448787e+02
1.000000e+02, 1.449347e+02
1.000000e+02, 1.449924e+02
1.000000e+02, 1.450518e+02
1.000000e+02, 1.451130e+02
1.000000e+02, 1.451760e+02
1.000000e+02, 1.452407e+02
1.000000e+02, 1.453072e+02
1.000000e+02, 1.453754e+02
1.000000e+02, 1.454454e+02
1.000000e+02, 1.455172e+02
1.000000e+02, 1.455907e+02
1.000000e+02, 1.456660e+02
1.000000e+02, 1.457430e+02
1.000000e+02, 1.458218e+02
1.000000e+02, 1.459024e+02
1.000000e+02, 1.459848e+02
1.000000e+02, 1.460689e+02
1.000000e+02, 1.461548e+02
1.000000e+02, 1.462424e+02
1.000000e+02, 1.463319e+02
1.000000e+02, 1.464231e+02
1.000000e+02, 1.465160e+02
1.000000e+02, 1.466108e+02
1.000000e+02, 1.467073e+02
1.000000e+02, 1.468056e+02
1.000000e+02, 1.469057e+02
1.000000e+02, 1.470075e+02
1.000000e+02, 1.471112e+02
1.000000e+02, 1.472166e+02
1.000000e+02, 1.473238e+02
1.000000e+02, 1.474328e+02
1.000000e+02, 1.475436e+02
1.000000e+02, 1.476561e+02
1.000000e+02, 1.477705e+02
1.000000e+02, 1.478866e+02
1.000000e+02, 1.480045e+02
1.000000e+02, 1.481243e+02
1.000000e+02, 1.482458e+02
1.000000e+02, 1.483691e+02
1.000000e+02, 1.484942e+02
1.000000e+02, 1.486211e+02
1.000000e+02, 1.487498e+02
1.000000e+02, 1.488803e+02
1.000000e+02, 1.490126e+02
1.000000e+02, 1.491468e+02
1.000000e+02, 1.492827e+02
1.000000e+02, 1.494204e+02
1.000000e+02, 1.495600e+02
1.000000e+02, 1.497013e+02
1.000000e+02, 1.498445e+02
1.000000e+02, 1.499895e+02
1.000000e+02, 1.501363e+02
1.000000e+02, 1.502849e+02
1.000000e+02, 1.504354e+02
1.000000e+02, 1.505876e+02
1.000000e+02, 1.507417e+02
1.000000e+02, 1.508977e+02
1.000000e+02, 1.510554e+02
1.000000e+02, 1.512150e+02
1.000000e+02, 1.513764e+02
1.000000e+02, 1.515397e+02
1.000000e+02, 1.517048e+02
1.000000e+02, 1.518717e+02
1.000000e+02, 1.520404e+02
1.000000e+02, 1.522111e+02
1.000000e+02, 1.523835e+02
1.000000e+02, 1.525578e+02
1.000000e+02, 1.527340e+02
1.000000e+02, 1.529120e+02
1.000000e+02, 1.530919e+02
1.000000e+02, 1.532736e+02
1.000000e+02, 1.534572e+02
1.000000e+02, 1.536426e+02
1.000000e+02, 1.538299e+02
1.000000e+02, 1.540191e+02
1.000000e+02, 1.542101e+02
1.000000e+02, 1.544030e+02
1.000000e+02, 1.545978e+02
1.000000e+02, 1.547945e+02
1.000000e+02, 1.549930e+02
1.000000e+02, 1.551934e+02
1.000000e+02, 1.553958e+02
1.000000e+02, 1.556000e+02
1.000000e+02, 1.558060e+02
1.000000e+02, 1.560140e+02
1.000000e+02, 1.562239e+02
1.000000e+02, 1.564357e+02
1.000000e+02, 1.566493e+02
1.000000e+02, 1.568649e+02
1.000000e+02, 1.570824e+02
1.000000e+02, 1.573018e+02
1.000000e+02, 1.575231e+02
1.000000e+02, 1.577463e+02
1.000000e+02, 1.579715e+02
1.000000e+02, 1.581985e+02
1.000000e+02, 1.584275e+02
1.000000e+02, 1.586585e+02
1.000000e+02, 1.588913e+02
1.000000e+02, 1.591261e+02
1.000000e+02, 1.593628e+02
1.000000e+02, 1.596015e+02
1.000000e+02, 1.598421e+02
1.000000e+02, 1.600846e+02
1.000000e+02, 1.603291e+02
1.000000e+02, 1.605756e+02
1.000000e+02, 1.608240e+02
1.000000e+02, 1.610744e+02
1.000000e+02, 1.613267e+02
1.000000e+02, 1.615810e+02
1.000000e+02, 1.618373e+02
1.000000e+02, 1.620955e+02
1.000000e+02, 1.623558e+02
1.000000e+02, 1.626180e+02
1.000000e+02, 1.628822e+02
1.000000e+02, 1.631484e+02
1.000000e+02, 1.634166e+02
1.000000e+02, 1.636868e+02
1.000000e+02, 1.639589e+02
1.000000e+02, 1.642331e+02
1.000000e+02, 1.645093e+02
1.000000e+02, 1.647875e+02
1.000000e+02, 1.650678e+02
1.000000e+02, 1.653500e+02
1.000000e+02, 1.656343e+02
1.000000e+02, 1.659206e+02
1.000000e+02, 1.662089e+02
1.000000e+02, 1.664993e+02
1.000000e+02, 1.667917e+02
1.000000e+02, 1.670862e+02
1.000000e+02, 1.673827e+02
1.000000e+02, 1.676813e+02
1.000000e+02, 1.679819e+02
1.000000e+02, 1.682846e+02
1.000000e+02, 1.685893e+02
1.000000e+02, 1.688962e+02
1.000000e+02, 1.692051e+02
1.000000e+02, 1.695161e+02
1.000000e+02, 1.698292e+02
1.000000e+02, 1.701443e+02
1.000000e+02, 1.704616e+02
1.000000e+02, 1.707810e+02
1.000000e+02, 1.711024e+02
1.000000e+02, 1.714260e+02
1.000000e+02, 1.717517e+02
1.000000e+02, 1.720796e+02
1.000000e+02, 1.724095e+02
1.000000e+02, 1.727416e+02
1.000000e+02, 1.730758e+02
1.000000e+02, 1.734122e+02
1.000000e+02, 1.737507e+02
1.000000e+02, 1.740913e+02
1.000000e+02, 1.744342e+02
1.000000e+02, 1.747791e+02
1.000000e+02, 1.751263e+02
1.000000e+02, 1.754756e+02
1.000000e+02, 1.758271e+02
1.000000e+02, 1.761808e+02
1.000000e+02, 1.765367e+02
1.000000e+02, 1.768948e+02
1.000000e+02, 1.772550e+02
1.000000e+02, 1.776175e+02
1.000000e+02, 1.779822e+02
1.000000e+02, 1.783492e+02
1.000000e+02, 1.787183e+02
1.000000e+02, 1.790897e+02
1.000000e+02, 1.794633e+02
1.000000e+02, 1.798392e+02
1.000000e+02, 1.802173e+02
1.000000e+02, 1.805977e+02
1.000000e+02, 1.809803e+02
1.000000e+02, 1.813652e+02
1.000000e+02, 1.817524e+02
1.000000e+02, 1.821419e+02
1.000000e+02, 1.825336e+02
1.000000e+02, 1.829277e+02
1.000000e+02, 1.833240e+02
1.000000e+02, 1.837227e+02
1.000000e+02, 1.841237e+02
1.000000e+02, 1.845270e+02
1.000000e+02, 1.849327e+02
1.000000e+02, 1.853406e+02
1.000000e+02, 1.857510e+02
1.000000e+02, 1.861636e+02
1.000000e+02, 1.865787e+02
1.000000e+02, 1.869961e+02
1.000000e+02, 1.874159e+02
1.000000e+02, 1.878380e+02
1.000000e+02, 1.882626e+02
1.000000e+02, 1.886896e+02
1.000000e+02, 1.891189e+02
1.000000e+02, 1.895507e+02
1.000000e+02, 1.899849e+02
1.000000e+02, 1.904215e+02
1.000000e+02, 1.908606e+02
1.000000e+02, 1.913021e+02
1.000000e+02, 1.917461e+02
1.000000e+02, 1.921925e+02
1.000000e+02, 1.926414e+02
1.000000e+02, 1.930928e+02
1.000000e+02, 1.935466e+02
1.000000e+02, 1.940030e+02
1.000000e+02, 1.944619e+02
1.000000e+02, 1.949233e+02
1.000000e+02, 1.953872e+02
1.000000e+02, 1.958536e+02
1.000000e+02, 1.963226e+02
1.000000e+02, 1.967941e+02
1.000000e+02, 1.972682e+02
1.000000e+02, 1.977449e+02
1.000000e+02, 1.982241e+02
1.000000e+02, 1.987060e+02
1.000000e+02, 1.991904e+02
1.000000e+02, 1.996774e+02
1.000000e+02, 2.001671e+02
1.000000e+02, 2.006594e+02
1.000000e+02, 2.011543e+02
1.000000e+02, 2.016519e+02
1.000000e+02, 2.021521e+02
1.000000e+02, 2.026550e+02
1.000000e+02, 2.031606e+02
1.000000e+02, 2.036689e+02
1.000000e+02, 2.041799e+02
1.000000e+02, 2.046935e+02
1.000000e+02, 2.052100e+02
1.000000e+02, 2.057291e+02
1.000000e+02, 2.062510e+02
1.000000e+02, 2.067757e+02
1.000000e+02, 2.073031e+02
1.000000e+02, 2.078333e+02
1.000000e+02, 2.083663e+02
1.000000e+02, 2.089021e+02
1.000000e+02, 2.094407e+02
1.000000e+02, 2.099822e+02
1.000000e+02, 2.105264e+02
1.000000e+02, 2.110736e+02
1.000000e+02, 2.116236e+02
1.000000e+02, 2.121765e+02
1.000000e+02, 2.127323e+02
1.000000e+02, 2.132909e+02
1.000000e+02, 2.138525e+02
1.000000e+02, 2.144171e+02
1.000000e+02, 2.149846e+02
1.000000e+02, 2.155550e+02
1.000000e+02, 2.161284e+02
1.000000e+02, 2.167048e+02
1.000000e+02, 2.172842e+02
1.000000e+02, 2.178666e+02
1.000000e+02, 2.184520e+02
1.000000e+02, 2.190405e+02
1.000000e+02, 2.196321e+02
1.000000e+02, 2.202267e+02
1.000000e+02, 2.208244e+02
1.000000e+02, 2.214252e+02
1.000000e+02, 2.220291e+02
1.000000e+02, 2.226362e+02
1.000000e+02, 2.232464e+02
1.000000e+02, 2.238598e+02
1.000000e+02, 2.244763e+02
1.000000e+02, 2.250961e+02
1.000000e+02, 2.257191e+02
1.000000e+02, 2.263453e+02
1.000000e+02, 2.269747e+02
1.000000e+02, 2.276075e+02
1.000000e+02, 2.282435e+02
1.000000e+02, 2.288828e+02
1.000000e+02, 2.295254e+02
1.000000e+02, 2.301714e+02
1.000000e+02, 2.308207e+02
1.000000e+02, 2.314734e+02
1.000000e+02, 2.321295e+02
1.000000e+02, 2.327890e+02
1.000000e+02, 2.334520e+02
1.000000e+02, 2.341183e+02
1.000000e+02, 2.347882e+02
1.000000e+02, 2.354616e+02
1.000000e+02, 2.361384e+02
1.000000e+02, 2.368188e+02
1.000000e+02, 2.375028e+02
1.000000e+02, 2.381903e+02
1.000000e+02, 2.388814e+02
1.000000e+02, 2.395762e+02
1.000000e+02, 2.402746e+02
1.000000e+02, 2.409766e+02
1.000000e+02, 2.416823e+02
1.000000e+02, 2.423918e+02
1.000000e+02, 2.431049e+02
1.000000e+02, 2.438218e+02
1.000000e+02, 2.445425e+02
1.000000e+02, 2.452670e+02
1.000000e+02, 2.459954e+02
1.000000e+02, 2.467275e+02
1.000000e+02, 2.474636e+02
1.000000e+02, 2.482035e+02
1.000000e+02, 2.489474e+02
1.000000e+02, 2.496952e+02
1.000000e+02, 2.504471e+02
1.000000e+02, 2.512029e+02
1.000000e+02, 2.519627e+02
1.000000e+02, 2.527266e+02
1.000000e+02, 2.534947e+02
1.000000e+02, 2.542668e+02
1.000000e+02, 2.550431e+02
1.000000e+02, 2.558235e+02
1.000000e+02, 2.566082e+02
1.000000e+02, 2.573971e+02
1.000000e+02, 2.581902e+02
1.000000e+02, 2.589877e+02
1.000000e+02, 2.597895e+02
1.000000e+02, 2.605957e+02
1.000000e+02, 2.614062e+02
1.000000e+02, 2.622212e+02
1.000000e+02, 2.630407e+02
1.000000e+02, 2.638647e+02
1.000000e+02, 2.646931e+02
1.000000e+02, 2.655262e+02
1.000000e+02, 2.663639e+02
1.000000e+02, 2.672062e+02
1.000000e+02, 2.680532e+02
1.000000e+02, 2.689049e+02
1.000000e+02, 2.697613e+02
1.000000e+02, 2.706226e+02
1.000000e+02, 2.714886e+02
1.000000e+02, 2.723596e+02
1.000000e+02, 2.732355e+02
1.000000e+02, 2.741163e+02
1.000000e+02, 2.750021e+02
1.000000e+02, 2.758930e+02
1.000000e+02, 2.767890e+02
1.000000e+02, 2.776900e+02
1.000000e+02, 2.785963e+02
1.000000e+02, 2.795078e+02
1.000000e+02, 2.804245e+02
1.000000e+02, 2.813466e+02
1.000000e+02, 2.822741e+02
1.000000e+02, 2.832069e+02
1.000000e+02, 2.841452e+02
1.000000e+02, 2.850891e+02
1.000000e+02, 2.860385e+02
1.000000e+02, 2.869935e+02
1.000000e+02, 2.879542e+02
1.000000e+02, 2.889207e+02
1.000000e+02, 2.898929e+02
1.000000e+02, 2.908710e+02
1.000000e+02, 2.918550e+02
1.000000e+02, 2.928450e+02
1.000000e+02, 2.938410e+02
1.000000e+02, 2.948430e+02
1.000000e+02, 2.958513e+02
1.000000e+02, 2.968657e+02
1.000000e+02, 2.978865e+02
1.000000e+02, 2.989136e+02
1.000000e+02, 2.999471e+02
1.000000e+02, 3.009871e+02
1.000000e+02, 3.020337e+02
1.000000e+02, 3.030869e+02
1.000000e+02, 3.041468e+02
1.000000e+02, 3.052136e+02
1.000000e+02, 3.062871e+02
1.000000e+02, 3.073677e+02
1.000000e+02, 3.084552e+02
1.000000e+02, 3.095499e+02
1.000000e+02, 3.106518e+02
1.000000e+02, 3.117610e+02
1.000000e+02, 3.128775e+02
1.000000e+02, 3.140015e+02
1.000000e+02, 3.151331e+02
1.000000e+02, 3.162723e+02
1.000000e+02, 3.174193e+02
1.000000e+02, 3.185742e+02
1.000000e+02, 3.197370e+02
1.000000e+02, 3.209079e+02
1.000000e+02, 3.220869e+02
1.000000e+02, 3.232743e+02
1.000000e+02, 3.244700e+02
1.000000e+02, 3.256743e+02
1.000000e+02, 3.268871e+02
1.000000e+02, 3.281088e+02
1.000000e+02, 3.293393e+02
1.000000e+02, 3.305789e+02
1.000000e+02, 3.318276e+02
1.000000e+02, 3.330856e+02
1.000000e+02, 3.343530e+02
1.000000e+02, 3.356300e+02
1.000000e+02, 3.369167e+02
1.000000e+02, 3.382132e+02
1.000000e+02, 3.395198e+02
1.000000e+02, 3.408366e+02
1.000000e+02, 3.421638e+02
1.000000e+02, 3.435015e+02
1.000000e+02, 3.448498e+02
1.000000e+02, 3.462091e+02
1.000000e+02, 3.475795e+02
1.000000e+02, 3.489611e+02
1.000000e+02, 3.503542e+02
1.000000e+02, 3.517590e+02
1.000000e+02, 3.531756e+02
1.000000e+02, 3.546044e+02
1.000000e+02, 3.560456e+02
1.000000e+02, 3.574993e+02
1.000000e+02, 3.589658e+02
1.000000e+02, 4.453699e-01
1.000000e+02, 1.938302e+00
1.000000e+02, 3.444842e+00
1.000000e+02, 4.965271e+00
1.000000e+02, 6.499880e+00
1.000000e+02, 8.048972e+00
1.000000e+02, 9.612863e+00
1.000000e+02, 1.119188e+01
1.000000e+02, 1.278636e+01
1.000000e+02, 1.439666e+01
1.000000e+02, 1.602314e+01
1.000000e+02, 1.766620e+01
1.000000e+02, 1.932623e+01
1.000000e+02, 2.100364e+01
1.000000e+02, 2.269888e+01
1.000000e+02, 2.441239e+01
1.000000e+02, 2.614466e+01
1.000000e+02, 2.789618e+01
1.000000e+02, 2.966748e+01
1.000000e+02, 3.145909e+01
1.000000e+02, 3.327160e+01
1.000000e+02, 3.510561e+01
1.000000e+02, 3.696175e+01
1.000000e+02, 3.884068e+01
1.000000e+02, 4.074312e+01
1.000000e+02, 4.266981e+01
1.000000e+02, 4.462151e+01
1.000000e+02, 4.659907e+01
1.000000e+02, 4.860337e+01
1.000000e+02, 5.063532e+01
1.000000e+02, 5.269592e+01
1.000000e+02, 5.478622e+01
1.000000e+02, 5.690733e+01
1.000000e+02, 5.906044e+01
1.000000e+02, 6.124684e+01
1.000000e+02, 6.346787e+01
1.000000e+02, 6.572502e+01
1.000000e+02, 6.801984e+01
1.000000e+02, 7.035403e+01
1.000000e+02, 7.272942e+01
1.000000e+02, 7.514799e+01
1.000000e+02, 7.761188e+01
1.000000e+02, 8.012343e+01
1.000000e+02, 8.268520e+01
1.000000e+02, 8.529996e+01
1.000000e+02, 8.797079e+01
1.000000e+02, 9.070107e+01
1.000000e+02, 9.349455e+01
1.000000e+02, 9.635539e+01
1.000000e+02, 9.928824e+01
1.000000e+02, 1.022983e+02
1.000000e+02, 1.053916e+02
1.000000e+02, 1.085747e+02
1.000000e+02, 1.118554e+02
1.000000e+02, 1.152424e+02
1.000000e+02, 1.187463e+02
1.000000e+02, 1.223790e+02
1.000000e+02, 1.261551e+02
1.000000e+02, 1.300919e+02
1.000000e+02, 1.342107e+02
1.000000e+02, 1.385380e+02
1.000000e+02, 1.431077e+02
1.000000e+02, 1.479637e+02
1.000000e+02, 1.531657e+02
1.000000e+02, 1.587976e+02
1.000000e+02, 1.649845e+02
1.000000e+02, 1.719286e+02
1.000000e+02, 1.800000e+02
##END= 