##TITLE= /opt/topspin3.0/exp/stan/nmr/lists/wave/user/HypSec_trunc2.84_110
##JCAMP-DX= 5.00 Bruker JCAMP library
##DATA TYPE= Shape Data
##ORIGIN= Bruker BioSpin GmbH
##OWNER= <nmrsu>
##DATE= 15/02/24
##TIME= 16:15:04
##MINX= 1.164538e+01
##MAXX= 9.999960e+01
##MINY= 2.546774e-02
##MAXY= 3.585574e+02
##$SHAPE_EXMODE= Adiabatic
##$SHAPE_TOTROT= 1.800000e+02
##$SHAPE_BWFAC= 1.929340e+02
##$SHAPE_INTEGFAC= 2.356110e-02
##$SHAPE_MODE= 0
##NPOINTS= 1000
##XYPOINTS= (XY..XY)
1.000000e+02, 1.800000e+02
1.000000e+02, 1.759145e+02
1.000000e+02, 1.723996e+02
1.000000e+02, 1.692679e+02
1.000000e+02, 1.664172e+02
1.000000e+02, 1.637841e+02
1.000000e+02, 1.613261e+02
1.000000e+02, 1.590131e+02
1.000000e+02, 1.568227e+02
1.000000e+02, 1.547378e+02
1.000000e+02, 1.527451e+02
1.000000e+02, 1.508338e+02
1.000000e+02, 1.489950e+02
1.000000e+02, 1.472215e+02
1.000000e+02, 1.455070e+02
1.000000e+02, 1.438464e+02
1.000000e+02, 1.422352e+02
1.000000e+02, 1.406695e+02
1.000000e+02, 1.391459e+02
1.000000e+02, 1.376614e+02
1.000000e+02, 1.362133e+02
1.000000e+02, 1.347993e+02
1.000000e+02, 1.334173e+02
1.000000e+02, 1.320654e+02
1.000000e+02, 1.307419e+02
1.000000e+02, 1.294452e+02
1.000000e+02, 1.281739e+02
1.000000e+02, 1.269268e+02
1.000000e+02, 1.257025e+02
1.000000e+02, 1.245002e+02
1.000000e+02, 1.233187e+02
1.000000e+02, 1.221571e+02
1.000000e+02, 1.210146e+02
1.000000e+02, 1.198904e+02
1.000000e+02, 1.187837e+02
1.000000e+02, 1.176938e+02
1.000000e+02, 1.166202e+02
1.000000e+02, 1.155621e+02
1.000000e+02, 1.145191e+02
1.000000e+02, 1.134906e+02
1.000000e+02, 1.124761e+02
1.000000e+02, 1.114751e+02
1.000000e+02, 1.104872e+02
1.000000e+02, 1.095119e+02
1.000000e+02, 1.085490e+02
1.000000e+02, 1.075979e+02
1.000000e+02, 1.066584e+02
1.000000e+02, 1.057301e+02
1.000000e+02, 1.048126e+02
1.000000e+02, 1.039058e+02
1.000000e+02, 1.030092e+02
1.000000e+02, 1.021226e+02
1.000000e+02, 1.012458e+02
1.000000e+02, 1.003784e+02
1.000000e+02, 9.952036e+01
1.000000e+02, 9.867130e+01
1.000000e+02, 9.783104e+01
1.000000e+02, 9.699937e+01
1.000000e+02, 9.617608e+01
1.000000e+02, 9.536099e+01
1.000000e+02, 9.455391e+01
1.000000e+02, 9.375466e+01
1.000000e+02, 9.296306e+01
1.000000e+02, 9.217895e+01
1.000000e+02, 9.140217e+01
1.000000e+02, 9.063257e+01
1.000000e+02, 8.987000e+01
1.000000e+02, 8.911432e+01
1.000000e+02, 8.836539e+01
1.000000e+02, 8.762308e+01
1.000000e+02, 8.688725e+01
1.000000e+02, 8.615779e+01
1.000000e+02, 8.543458e+01
1.000000e+02, 8.471750e+01
1.000000e+02, 8.400644e+01
1.000000e+02, 8.330130e+01
1.000000e+02, 8.260195e+01
1.000000e+02, 8.190832e+01
1.000000e+02, 8.122029e+01
1.000000e+02, 8.053777e+01
1.000000e+02, 7.986067e+01
1.000000e+02, 7.918891e+01
1.000000e+02, 7.852238e+01
1.000000e+02, 7.786102e+01
1.000000e+02, 7.720473e+01
1.000000e+02, 7.655343e+01
1.000000e+02, 7.590706e+01
1.000000e+02, 7.526553e+01
1.000000e+02, 7.462877e+01
1.000000e+02, 7.399672e+01
1.000000e+02, 7.336929e+01
1.000000e+02, 7.274643e+01
1.000000e+02, 7.212806e+01
1.000000e+02, 7.151413e+01
1.000000e+02, 7.090457e+01
1.000000e+02, 7.029932e+01
1.000000e+02, 6.969832e+01
1.000000e+02, 6.910152e+01
1.000000e+02, 6.850885e+01
1.000000e+02, 6.792027e+01
1.000000e+02, 6.733571e+01
1.000000e+02, 6.675514e+01
1.000000e+02, 6.617849e+01
1.000000e+02, 6.560571e+01
1.000000e+02, 6.503677e+01
1.000000e+02, 6.447160e+01
1.000000e+02, 6.391017e+01
1.000000e+02, 6.335243e+01
1.000000e+02, 6.279833e+01
1.000000e+02, 6.224783e+01
1.000000e+02, 6.170090e+01
1.000000e+02, 6.115748e+01
1.000000e+02, 6.061753e+01
1.000000e+02, 6.008102e+01
1.000000e+02, 5.954791e+01
1.000000e+02, 5.901816e+01
1.000000e+02, 5.849174e+01
1.000000e+02, 5.796860e+01
1.000000e+02, 5.744871e+01
1.000000e+02, 5.693204e+01
1.000000e+02, 5.641855e+01
1.000000e+02, 5.590820e+01
1.000000e+02, 5.540098e+01
1.000000e+02, 5.489683e+01
1.000000e+02, 5.439574e+01
1.000000e+02, 5.389767e+01
1.000000e+02, 5.340259e+01
1.000000e+02, 5.291047e+01
1.000000e+02, 5.242128e+01
1.000000e+02, 5.193499e+01
1.000000e+02, 5.145158e+01
1.000000e+02, 5.097101e+01
1.000000e+02, 5.049326e+01
1.000000e+02, 5.001831e+01
1.000000e+02, 4.954612e+01
1.000000e+02, 4.907668e+01
1.000000e+02, 4.860995e+01
1.000000e+02, 4.814592e+01
1.000000e+02, 4.768455e+01
1.000000e+02, 4.722582e+01
1.000000e+02, 4.676972e+01
1.000000e+02, 4.631621e+01
1.000000e+02, 4.586527e+01
1.000000e+02, 4.541689e+01
1.000000e+02, 4.497104e+01
1.000000e+02, 4.452770e+01
1.000000e+02, 4.408685e+01
1.000000e+02, 4.364846e+01
1.000000e+02, 4.321252e+01
1.000000e+02, 4.277900e+01
1.000000e+02, 4.234790e+01
1.000000e+02, 4.191918e+01
1.000000e+02, 4.149282e+01
1.000000e+02, 4.106882e+01
1.000000e+02, 4.064715e+01
1.000000e+02, 4.022779e+01
1.000000e+02, 3.981072e+01
1.000000e+02, 3.939594e+01
1.000000e+02, 3.898341e+01
1.000000e+02, 3.857312e+01
1.000000e+02, 3.816506e+01
1.000000e+02, 3.775921e+01
1.000000e+02, 3.735556e+01
1.000000e+02, 3.695407e+01
1.000000e+02, 3.655475e+01
1.000000e+02, 3.615758e+01
1.000000e+02, 3.576254e+01
1.000000e+02, 3.536960e+01
1.000000e+02, 3.497877e+01
1.000000e+02, 3.459003e+01
1.000000e+02, 3.420336e+01
1.000000e+02, 3.381874e+01
1.000000e+02, 3.343616e+01
1.000000e+02, 3.305561e+01
1.000000e+02, 3.267708e+01
1.000000e+02, 3.230055e+01
1.000000e+02, 3.192601e+01
1.000000e+02, 3.155344e+01
1.000000e+02, 3.118283e+01
1.000000e+02, 3.081418e+01
1.000000e+02, 3.044746e+01
1.000000e+02, 3.008266e+01
1.000000e+02, 2.971978e+01
1.000000e+02, 2.935879e+01
1.000000e+02, 2.899970e+01
1.000000e+02, 2.864248e+01
1.000000e+02, 2.828712e+01
1.000000e+02, 2.793362e+01
1.000000e+02, 2.758196e+01
1.000000e+02, 2.723213e+01
1.000000e+02, 2.688413e+01
1.000000e+02, 2.653793e+01
1.000000e+02, 2.619353e+01
1.000000e+02, 2.585091e+01
1.000000e+02, 2.551008e+01
1.000000e+02, 2.517101e+01
1.000000e+02, 2.483370e+01
1.000000e+02, 2.449814e+01
1.000000e+02, 2.416432e+01
1.000000e+02, 2.383222e+01
1.000000e+02, 2.350184e+01
1.000000e+02, 2.317317e+01
1.000000e+02, 2.284619e+01
1.000000e+02, 2.252091e+01
1.000000e+02, 2.219731e+01
1.000000e+02, 2.187538e+01
1.000000e+02, 2.155511e+01
1.000000e+02, 2.123649e+01
1.000000e+02, 2.091952e+01
1.000000e+02, 2.060419e+01
1.000000e+02, 2.029048e+01
1.000000e+02, 1.997840e+01
1.000000e+02, 1.966792e+01
1.000000e+02, 1.935905e+01
1.000000e+02, 1.905177e+01
1.000000e+02, 1.874608e+01
1.000000e+02, 1.844197e+01
1.000000e+02, 1.813943e+01
1.000000e+02, 1.783845e+01
1.000000e+02, 1.753903e+01
1.000000e+02, 1.724116e+01
1.000000e+02, 1.694482e+01
1.000000e+02, 1.665002e+01
1.000000e+02, 1.635675e+01
1.000000e+02, 1.606499e+01
1.000000e+02, 1.577475e+01
1.000000e+02, 1.548601e+01
1.000000e+02, 1.519877e+01
1.000000e+02, 1.491301e+01
1.000000e+02, 1.462875e+01
1.000000e+02, 1.434596e+01
1.000000e+02, 1.406464e+01
1.000000e+02, 1.378478e+01
1.000000e+02, 1.350638e+01
1.000000e+02, 1.322943e+01
1.000000e+02, 1.295393e+01
1.000000e+02, 1.267986e+01
1.000000e+02, 1.240723e+01
1.000000e+02, 1.213602e+01
1.000000e+02, 1.186623e+01
1.000000e+02, 1.159786e+01
1.000000e+02, 1.133089e+01
1.000000e+02, 1.106532e+01
1.000000e+02, 1.080115e+01
1.000000e+02, 1.053837e+01
1.000000e+02, 1.027698e+01
1.000000e+02, 1.001696e+01
1.000000e+02, 9.758321e+00
1.000000e+02, 9.501045e+00
1.000000e+02, 9.245132e+00
1.000000e+02, 8.990576e+00
1.000000e+02, 8.737371e+00
1.000000e+02, 8.485512e+00
1.000000e+02, 8.234994e+00
1.000000e+02, 7.985811e+00
1.000000e+02, 7.737959e+00
1.000000e+02, 7.491433e+00
1.000000e+02, 7.246226e+00
1.000000e+02, 7.002336e+00
1.000000e+02, 6.759756e+00
1.000000e+02, 6.518481e+00
1.000000e+02, 6.278507e+00
1.000000e+02, 6.039829e+00
1.000000e+02, 5.802443e+00
1.000000e+02, 5.566343e+00
1.000000e+02, 5.331525e+00
1.000000e+02, 5.097984e+00
1.000000e+02, 4.865717e+00
1.000000e+02, 4.634717e+00
1.000000e+02, 4.404982e+00
1.000000e+02, 4.176506e+00
1.000000e+02, 3.949285e+00
1.000000e+02, 3.723315e+00
1.000000e+02, 3.498591e+00
1.000000e+02, 3.275110e+00
1.000000e+02, 3.052867e+00
1.000000e+02, 2.831858e+00
1.000000e+02, 2.612079e+00
1.000000e+02, 2.393526e+00
1.000000e+02, 2.176195e+00
1.000000e+02, 1.960081e+00
1.000000e+02, 1.745182e+00
1.000000e+02, 1.531492e+00
1.000000e+02, 1.319009e+00
1.000000e+02, 1.107727e+00
1.000000e+02, 8.976446e-01
1.000000e+02, 6.887567e-01
1.000000e+02, 4.810599e-01
1.000000e+02, 2.745504e-01
1.000000e+02, 6.922462e-02
1.000000e+02, 3.598651e+02
1.000000e+02, 3.596621e+02
1.000000e+02, 3.594603e+02
1.000000e+02, 3.592597e+02
1.000000e+02, 3.590602e+02
1.000000e+02, 3.588619e+02
1.000000e+02, 3.586648e+02
1.000000e+02, 3.584688e+02
1.000000e+02, 3.582740e+02
1.000000e+02, 3.580803e+02
1.000000e+02, 3.578878e+02
1.000000e+02, 3.576964e+02
1.000000e+02, 3.575061e+02
1.000000e+02, 3.573170e+02
1.000000e+02, 3.571290e+02
1.000000e+02, 3.569422e+02
1.000000e+02, 3.567564e+02
1.000000e+02, 3.565718e+02
1.000000e+02, 3.563884e+02
1.000000e+02, 3.562060e+02
1.000000e+02, 3.560247e+02
1.000000e+02, 3.558446e+02
1.000000e+02, 3.556656e+02
1.000000e+02, 3.554877e+02
1.000000e+02, 3.553108e+02
1.000000e+02, 3.551351e+02
1.000000e+02, 3.549605e+02
1.000000e+02, 3.547870e+02
1.000000e+02, 3.546145e+02
1.000000e+02, 3.544432e+02
1.000000e+02, 3.542729e+02
1.000000e+02, 3.541038e+02
1.000000e+02, 3.539357e+02
1.000000e+02, 3.537687e+02
1.000000e+02, 3.536027e+02
1.000000e+02, 3.534379e+02
1.000000e+02, 3.532741e+02
1.000000e+02, 3.531114e+02
1.000000e+02, 3.529497e+02
1.000000e+02, 3.527891e+02
1.000000e+02, 3.526296e+02
1.000000e+02, 3.524711e+02
1.000000e+02, 3.523137e+02
1.000000e+02, 3.521573e+02
1.000000e+02, 3.520020e+02
1.000000e+02, 3.518477e+02
1.000000e+02, 3.516945e+02
1.000000e+02, 3.515424e+02
1.000000e+02, 3.513912e+02
1.000000e+02, 3.512411e+02
1.000000e+02, 3.510921e+02
1.000000e+02, 3.509441e+02
1.000000e+02, 3.507971e+02
1.000000e+02, 3.506512e+02
1.000000e+02, 3.505062e+02
1.000000e+02, 3.503623e+02
1.000000e+02, 3.502195e+02
1.000000e+02, 3.500776e+02
1.000000e+02, 3.499368e+02
1.000000e+02, 3.497970e+02
1.000000e+02, 3.496582e+02
1.000000e+02, 3.495205e+02
1.000000e+02, 3.493837e+02
1.000000e+02, 3.492479e+02
1.000000e+02, 3.491132e+02
1.000000e+02, 3.489795e+02
1.000000e+02, 3.488468e+02
1.000000e+02, 3.487150e+02
1.000000e+02, 3.485843e+02
1.000000e+02, 3.484546e+02
1.000000e+02, 3.483259e+02
1.000000e+02, 3.481981e+02
1.000000e+02, 3.480714e+02
1.000000e+02, 3.479457e+02
1.000000e+02, 3.478209e+02
1.000000e+02, 3.476972e+02
1.000000e+02, 3.475744e+02
1.000000e+02, 3.474526e+02
1.000000e+02, 3.473318e+02
1.000000e+02, 3.472120e+02
1.000000e+02, 3.470931e+02
1.000000e+02, 3.469753e+02
1.000000e+02, 3.468584e+02
1.000000e+02, 3.467425e+02
1.000000e+02, 3.466275e+02
1.000000e+02, 3.465136e+02
1.000000e+02, 3.464006e+02
1.000000e+02, 3.462886e+02
1.000000e+02, 3.461775e+02
1.000000e+02, 3.460674e+02
1.000000e+02, 3.459583e+02
1.000000e+02, 3.458502e+02
1.000000e+02, 3.457430e+02
1.000000e+02, 3.456367e+02
1.000000e+02, 3.455315e+02
1.000000e+02, 3.454271e+02
1.000000e+02, 3.453238e+02
1.000000e+02, 3.452214e+02
1.000000e+02, 3.451199e+02
1.000000e+02, 3.450194e+02
1.000000e+02, 3.449199e+02
1.000000e+02, 3.448213e+02
1.000000e+02, 3.447236e+02
1.000000e+02, 3.446269e+02
1.000000e+02, 3.445312e+02
1.000000e+02, 3.444364e+02
1.000000e+02, 3.443425e+02
1.000000e+02, 3.442496e+02
1.000000e+02, 3.441576e+02
1.000000e+02, 3.440666e+02
1.000000e+02, 3.439765e+02
1.000000e+02, 3.438873e+02
1.000000e+02, 3.437991e+02
1.000000e+02, 3.437118e+02
1.000000e+02, 3.436254e+02
1.000000e+02, 3.435400e+02
1.000000e+02, 3.434555e+02
1.000000e+02, 3.433719e+02
1.000000e+02, 3.432893e+02
1.000000e+02, 3.432076e+02
1.000000e+02, 3.431268e+02
1.000000e+02, 3.430470e+02
1.000000e+02, 3.429680e+02
1.000000e+02, 3.428900e+02
1.000000e+02, 3.428130e+02
1.000000e+02, 3.427368e+02
1.000000e+02, 3.426616e+02
1.000000e+02, 3.425873e+02
1.000000e+02, 3.425139e+02
1.000000e+02, 3.424414e+02
1.000000e+02, 3.423699e+02
1.000000e+02, 3.422992e+02
1.000000e+02, 3.422295e+02
1.000000e+02, 3.421607e+02
1.000000e+02, 3.420928e+02
1.000000e+02, 3.420258e+02
1.000000e+02, 3.419598e+02
1.000000e+02, 3.418946e+02
1.000000e+02, 3.418304e+02
1.000000e+02, 3.417671e+02
1.000000e+02, 3.417047e+02
1.000000e+02, 3.416431e+02
1.000000e+02, 3.415825e+02
1.000000e+02, 3.415228e+02
1.000000e+02, 3.414641e+02
1.000000e+02, 3.414062e+02
1.000000e+02, 3.413492e+02
1.000000e+02, 3.412931e+02
1.000000e+02, 3.412380e+02
1.000000e+02, 3.411837e+02
1.000000e+02, 3.411303e+02
1.000000e+02, 3.410779e+02
1.000000e+02, 3.410263e+02
1.000000e+02, 3.409757e+02
1.000000e+02, 3.409259e+02
1.000000e+02, 3.408771e+02
1.000000e+02, 3.408291e+02
1.000000e+02, 3.407820e+02
1.000000e+02, 3.407359e+02
1.000000e+02, 3.406906e+02
1.000000e+02, 3.406462e+02
1.000000e+02, 3.406028e+02
1.000000e+02, 3.405602e+02
1.000000e+02, 3.405185e+02
1.000000e+02, 3.404777e+02
1.000000e+02, 3.404378e+02
1.000000e+02, 3.403988e+02
1.000000e+02, 3.403607e+02
1.000000e+02, 3.403235e+02
1.000000e+02, 3.402872e+02
1.000000e+02, 3.402517e+02
1.000000e+02, 3.402172e+02
1.000000e+02, 3.401836e+02
1.000000e+02, 3.401508e+02
1.000000e+02, 3.401189e+02
1.000000e+02, 3.400879e+02
1.000000e+02, 3.400579e+02
1.000000e+02, 3.400287e+02
1.000000e+02, 3.400003e+02
1.000000e+02, 3.399729e+02
1.000000e+02, 3.399464e+02
1.000000e+02, 3.399207e+02
1.000000e+02, 3.398960e+02
1.000000e+02, 3.398721e+02
1.000000e+02, 3.398491e+02
1.000000e+02, 3.398270e+02
1.000000e+02, 3.398058e+02
1.000000e+02, 3.397855e+02
1.000000e+02, 3.397660e+02
1.000000e+02, 3.397475e+02
1.000000e+02, 3.397298e+02
1.000000e+02, 3.397130e+02
1.000000e+02, 3.396971e+02
1.000000e+02, 3.396821e+02
1.000000e+02, 3.396679e+02
1.000000e+02, 3.396547e+02
1.000000e+02, 3.396423e+02
1.000000e+02, 3.396308e+02
1.000000e+02, 3.396202e+02
1.000000e+02, 3.396105e+02
1.000000e+02, 3.396017e+02
1.000000e+02, 3.395937e+02
1.000000e+02, 3.395867e+02
1.000000e+02, 3.395805e+02
1.000000e+02, 3.395752e+02
1.000000e+02, 3.395708e+02
1.000000e+02, 3.395673e+02
1.000000e+02, 3.395646e+02
1.000000e+02, 3.395628e+02
1.000000e+02, 3.395620e+02
1.000000e+02, 3.395620e+02
1.000000e+02, 3.395628e+02
1.000000e+02, 3.395646e+02
1.000000e+02, 3.395673e+02
1.000000e+02, 3.395708e+02
1.000000e+02, 3.395752e+02
1.000000e+02, 3.395805e+02
1.000000e+02, 3.395867e+02
1.000000e+02, 3.395937e+02
1.000000e+02, 3.396017e+02
1.000000e+02, 3.396105e+02
1.000000e+02, 3.396202e+02
1.000000e+02, 3.396308e+02
1.000000e+02, 3.396423e+02
1.000000e+02, 3.396547e+02
1.000000e+02, 3.396679e+02
1.000000e+02, 3.396821e+02
1.000000e+02, 3.396971e+02
1.000000e+02, 3.397130e+02
1.000000e+02, 3.397298e+02
1.000000e+02, 3.397475e+02
1.000000e+02, 3.397660e+02
1.000000e+02, 3.397855e+02
1.000000e+02, 3.398058e+02
1.000000e+02, 3.398270e+02
1.000000e+02, 3.398491e+02
1.000000e+02, 3.398721e+02
1.000000e+02, 3.398960e+02
1.000000e+02, 3.399207e+02
1.000000e+02, 3.399464e+02
1.000000e+02, 3.399729e+02
1.000000e+02, 3.400003e+02
1.000000e+02, 3.400287e+02
1.000000e+02, 3.400579e+02
1.000000e+02, 3.400879e+02
1.000000e+02, 3.401189e+02
1.000000e+02, 3.401508e+02
1.000000e+02, 3.401836e+02
1.000000e+02, 3.402172e+02
1.000000e+02, 3.402517e+02
1.000000e+02, 3.402872e+02
1.000000e+02, 3.403235e+02
1.000000e+02, 3.403607e+02
1.000000e+02, 3.403988e+02
1.000000e+02, 3.404378e+02
1.000000e+02, 3.404777e+02
1.000000e+02, 3.405185e+02
1.000000e+02, 3.405602e+02
1.000000e+02, 3.406028e+02
1.000000e+02, 3.406462e+02
1.000000e+02, 3.406906e+02
1.000000e+02, 3.407359e+02
1.000000e+02, 3.407820e+02
1.000000e+02, 3.408291e+02
1.000000e+02, 3.408771e+02
1.000000e+02, 3.409259e+02
1.000000e+02, 3.409757e+02
1.000000e+02, 3.410263e+02
1.000000e+02, 3.410779e+02
1.000000e+02, 3.411303e+02
1.000000e+02, 3.411837e+02
1.000000e+02, 3.412380e+02
1.000000e+02, 3.412931e+02
1.000000e+02, 3.413492e+02
1.000000e+02, 3.414062e+02
1.000000e+02, 3.414641e+02
1.000000e+02, 3.415228e+02
1.000000e+02, 3.415825e+02
1.000000e+02, 3.416431e+02
1.000000e+02, 3.417047e+02
1.000000e+02, 3.417671e+02
1.000000e+02, 3.418304e+02
1.000000e+02, 3.418946e+02
1.000000e+02, 3.419598e+02
1.000000e+02, 3.420258e+02
1.000000e+02, 3.420928e+02
1.000000e+02, 3.421607e+02
1.000000e+02, 3.422295e+02
1.000000e+02, 3.422992e+02
1.000000e+02, 3.423699e+02
1.000000e+02, 3.424414e+02
1.000000e+02, 3.425139e+02
1.000000e+02, 3.425873e+02
1.000000e+02, 3.426616e+02
1.000000e+02, 3.427368e+02
1.000000e+02, 3.428130e+02
1.000000e+02, 3.428900e+02
1.000000e+02, 3.429680e+02
1.000000e+02, 3.430470e+02
1.000000e+02, 3.431268e+02
1.000000e+02, 3.432076e+02
1.000000e+02, 3.432893e+02
1.000000e+02, 3.433719e+02
1.000000e+02, 3.434555e+02
1.000000e+02, 3.435400e+02
1.000000e+02, 3.436254e+02
1.000000e+02, 3.437118e+02
1.000000e+02, 3.437991e+02
1.000000e+02, 3.438873e+02
1.000000e+02, 3.439765e+02
1.000000e+02, 3.440666e+02
1.000000e+02, 3.441576e+02
1.000000e+02, 3.442496e+02
1.000000e+02, 3.443425e+02
1.000000e+02, 3.444364e+02
1.000000e+02, 3.445312e+02
1.000000e+02, 3.446269e+02
1.000000e+02, 3.447236e+02
1.000000e+02, 3.448213e+02
1.000000e+02, 3.449199e+02
1.000000e+02, 3.450194e+02
1.000000e+02, 3.451199e+02
1.000000e+02, 3.452214e+02
1.000000e+02, 3.453238e+02
1.000000e+02, 3.454271e+02
1.000000e+02, 3.455315e+02
1.000000e+02, 3.456367e+02
1.000000e+02, 3.457430e+02
1.000000e+02, 3.458502e+02
1.000000e+02, 3.459583e+02
1.000000e+02, 3.460674e+02
1.000000e+02, 3.461775e+02
1.000000e+02, 3.462886e+02
1.000000e+02, 3.464006e+02
1.000000e+02, 3.465136e+02
1.000000e+02, 3.466275e+02
1.000000e+02, 3.467425e+02
1.000000e+02, 3.468584e+02
1.000000e+02, 3.469753e+02
1.000000e+02, 3.470931e+02
1.000000e+02, 3.472120e+02
1.000000e+02, 3.473318e+02
1.000000e+02, 3.474526e+02
1.000000e+02, 3.475744e+02
1.000000e+02, 3.476972e+02
1.000000e+02, 3.478209e+02
1.000000e+02, 3.479457e+02
1.000000e+02, 3.480714e+02
1.000000e+02, 3.481981e+02
1.000000e+02, 3.483259e+02
1.000000e+02, 3.484546e+02
1.000000e+02, 3.485843e+02
1.000000e+02, 3.487150e+02
1.000000e+02, 3.488468e+02
1.000000e+02, 3.489795e+02
1.000000e+02, 3.491132e+02
1.000000e+02, 3.492479e+02
1.000000e+02, 3.493837e+02
1.000000e+02, 3.495205e+02
1.000000e+02, 3.496582e+02
1.000000e+02, 3.497970e+02
1.000000e+02, 3.499368e+02
1.000000e+02, 3.500776e+02
1.000000e+02, 3.502195e+02
1.000000e+02, 3.503623e+02
1.000000e+02, 3.505062e+02
1.000000e+02, 3.506512e+02
1.000000e+02, 3.507971e+02
1.000000e+02, 3.509441e+02
1.000000e+02, 3.510921e+02
1.000000e+02, 3.512411e+02
1.000000e+02, 3.513912e+02
1.000000e+02, 3.515424e+02
1.000000e+02, 3.516945e+02
1.000000e+02, 3.518477e+02
1.000000e+02, 3.520020e+02
1.000000e+02, 3.521573e+02
1.000000e+02, 3.523137e+02
1.000000e+02, 3.524711e+02
1.000000e+02, 3.526296e+02
1.000000e+02, 3.527891e+02
1.000000e+02, 3.529497e+02
1.000000e+02, 3.531114e+02
1.000000e+02, 3.532741e+02
1.000000e+02, 3.534379e+02
1.000000e+02, 3.536027e+02
1.000000e+02, 3.537687e+02
1.000000e+02, 3.539357e+02
1.000000e+02, 3.541038e+02
1.000000e+02, 3.542729e+02
1.000000e+02, 3.544432e+02
1.000000e+02, 3.546145e+02
1.000000e+02, 3.547870e+02
1.000000e+02, 3.549605e+02
1.000000e+02, 3.551351e+02
1.000000e+02, 3.553108e+02
1.000000e+02, 3.554877e+02
1.000000e+02, 3.556656e+02
1.000000e+02, 3.558446e+02
1.000000e+02, 3.560247e+02
1.000000e+02, 3.562060e+02
1.000000e+02, 3.563884e+02
1.000000e+02, 3.565718e+02
1.000000e+02, 3.567564e+02
1.000000e+02, 3.569422e+02
1.000000e+02, 3.571290e+02
1.000000e+02, 3.573170e+02
1.000000e+02, 3.575061e+02
1.000000e+02, 3.576964e+02
1.000000e+02, 3.578878e+02
1.000000e+02, 3.580803e+02
1.000000e+02, 3.582740e+02
1.000000e+02, 3.584688e+02
1.000000e+02, 3.586648e+02
1.000000e+02, 3.588619e+02
1.000000e+02, 3.590602e+02
1.000000e+02, 3.592597e+02
1.000000e+02, 3.594603e+02
1.000000e+02, 3.596621e+02
1.000000e+02, 3.598651e+02
1.000000e+02, 6.922556e-02
1.000000e+02, 2.745513e-01
1.000000e+02, 4.810608e-01
1.000000e+02, 6.887577e-01
1.000000e+02, 8.976456e-01
1.000000e+02, 1.107728e+00
1.000000e+02, 1.319009e+00
1.000000e+02, 1.531493e+00
1.000000e+02, 1.745183e+00
1.000000e+02, 1.960082e+00
1.000000e+02, 2.176196e+00
1.000000e+02, 2.393527e+00
1.000000e+02, 2.612080e+00
1.000000e+02, 2.831859e+00
1.000000e+02, 3.052868e+00
1.000000e+02, 3.275111e+00
1.000000e+02, 3.498592e+00
1.000000e+02, 3.723316e+00
1.000000e+02, 3.949286e+00
1.000000e+02, 4.176507e+00
1.000000e+02, 4.404983e+00
1.000000e+02, 4.634718e+00
1.000000e+02, 4.865718e+00
1.000000e+02, 5.097985e+00
1.000000e+02, 5.331526e+00
1.000000e+02, 5.566344e+00
1.000000e+02, 5.802444e+00
1.000000e+02, 6.039830e+00
1.000000e+02, 6.278508e+00
1.000000e+02, 6.518482e+00
1.000000e+02, 6.759757e+00
1.000000e+02, 7.002337e+00
1.000000e+02, 7.246228e+00
1.000000e+02, 7.491434e+00
1.000000e+02, 7.737960e+00
1.000000e+02, 7.985812e+00
1.000000e+02, 8.234995e+00
1.000000e+02, 8.485513e+00
1.000000e+02, 8.737372e+00
1.000000e+02, 8.990577e+00
1.000000e+02, 9.245133e+00
1.000000e+02, 9.501046e+00
1.000000e+02, 9.758322e+00
1.000000e+02, 1.001696e+01
1.000000e+02, 1.027698e+01
1.000000e+02, 1.053838e+01
1.000000e+02, 1.080116e+01
1.000000e+02, 1.106532e+01
1.000000e+02, 1.133089e+01
1.000000e+02, 1.159786e+01
1.000000e+02, 1.186623e+01
1.000000e+02, 1.213602e+01
1.000000e+02, 1.240723e+01
1.000000e+02, 1.267986e+01
1.000000e+02, 1.295393e+01
1.000000e+02, 1.322943e+01
1.000000e+02, 1.350638e+01
1.000000e+02, 1.378478e+01
1.000000e+02, 1.406464e+01
1.000000e+02, 1.434596e+01
1.000000e+02, 1.462875e+01
1.000000e+02, 1.491302e+01
1.000000e+02, 1.519877e+01
1.000000e+02, 1.548601e+01
1.000000e+02, 1.577475e+01
1.000000e+02, 1.606499e+01
1.000000e+02, 1.635675e+01
1.000000e+02, 1.665002e+01
1.000000e+02, 1.694482e+01
1.000000e+02, 1.724116e+01
1.000000e+02, 1.753903e+01
1.000000e+02, 1.783845e+01
1.000000e+02, 1.813943e+01
1.000000e+02, 1.844197e+01
1.000000e+02, 1.874608e+01
1.000000e+02, 1.905177e+01
1.000000e+02, 1.935905e+01
1.000000e+02, 1.966792e+01
1.000000e+02, 1.997840e+01
1.000000e+02, 2.029049e+01
1.000000e+02, 2.060419e+01
1.000000e+02, 2.091952e+01
1.000000e+02, 2.123649e+01
1.000000e+02, 2.155511e+01
1.000000e+02, 2.187538e+01
1.000000e+02, 2.219731e+01
1.000000e+02, 2.252091e+01
1.000000e+02, 2.284619e+01
1.000000e+02, 2.317317e+01
1.000000e+02, 2.350184e+01
1.000000e+02, 2.383222e+01
1.000000e+02, 2.416432e+01
1.000000e+02, 2.449814e+01
1.000000e+02, 2.483370e+01
1.000000e+02, 2.517101e+01
1.000000e+02, 2.551008e+01
1.000000e+02, 2.585092e+01
1.000000e+02, 2.619353e+01
1.000000e+02, 2.653793e+01
1.000000e+02, 2.688413e+01
1.000000e+02, 2.723213e+01
1.000000e+02, 2.758196e+01
1.000000e+02, 2.793362e+01
1.000000e+02, 2.828712e+01
1.000000e+02, 2.864248e+01
1.000000e+02, 2.899970e+01
1.000000e+02, 2.935879e+01
1.000000e+02, 2.971978e+01
1.000000e+02, 3.008266e+01
1.000000e+02, 3.044746e+01
1.000000e+02, 3.081418e+01
1.000000e+02, 3.118283e+01
1.000000e+02, 3.155344e+01
1.000000e+02, 3.192601e+01
1.000000e+02, 3.230055e+01
1.000000e+02, 3.267708e+01
1.000000e+02, 3.305562e+01
1.000000e+02, 3.343616e+01
1.000000e+02, 3.381874e+01
1.000000e+02, 3.420336e+01
1.000000e+02, 3.459003e+01
1.000000e+02, 3.497878e+01
1.000000e+02, 3.536961e+01
1.000000e+02, 3.576254e+01
1.000000e+02, 3.615758e+01
1.000000e+02, 3.655476e+01
1.000000e+02, 3.695408e+01
1.000000e+02, 3.735556e+01
1.000000e+02, 3.775921e+01
1.000000e+02, 3.816507e+01
1.000000e+02, 3.857313e+01
1.000000e+02, 3.898341e+01
1.000000e+02, 3.939594e+01
1.000000e+02, 3.981073e+01
1.000000e+02, 4.022779e+01
1.000000e+02, 4.064715e+01
1.000000e+02, 4.106882e+01
1.000000e+02, 4.149282e+01
1.000000e+02, 4.191918e+01
1.000000e+02, 4.234790e+01
1.000000e+02, 4.277900e+01
1.000000e+02, 4.321252e+01
1.000000e+02, 4.364846e+01
1.000000e+02, 4.408685e+01
1.000000e+02, 4.452770e+01
1.000000e+02, 4.497104e+01
1.000000e+02, 4.541689e+01
1.000000e+02, 4.586528e+01
1.000000e+02, 4.631621e+01
1.000000e+02, 4.676972e+01
1.000000e+02, 4.722582e+01
1.000000e+02, 4.768455e+01
1.000000e+02, 4.814592e+01
1.000000e+02, 4.860995e+01
1.000000e+02, 4.907668e+01
1.000000e+02, 4.954613e+01
1.000000e+02, 5.001831e+01
1.000000e+02, 5.049327e+01
1.000000e+02, 5.097101e+01
1.000000e+02, 5.145158e+01
1.000000e+02, 5.193499e+01
1.000000e+02, 5.242128e+01
1.000000e+02, 5.291047e+01
1.000000e+02, 5.340259e+01
1.000000e+02, 5.389767e+01
1.000000e+02, 5.439574e+01
1.000000e+02, 5.489684e+01
1.000000e+02, 5.540098e+01
1.000000e+02, 5.590821e+01
1.000000e+02, 5.641855e+01
1.000000e+02, 5.693204e+01
1.000000e+02, 5.744871e+01
1.000000e+02, 5.796860e+01
1.000000e+02, 5.849174e+01
1.000000e+02, 5.901817e+01
1.000000e+02, 5.954792e+01
1.000000e+02, 6.008103e+01
1.000000e+02, 6.061753e+01
1.000000e+02, 6.115748e+01
1.000000e+02, 6.170090e+01
1.000000e+02, 6.224784e+01
1.000000e+02, 6.279833e+01
1.000000e+02, 6.335243e+01
1.000000e+02, 6.391017e+01
1.000000e+02, 6.447161e+01
1.000000e+02, 6.503677e+01
1.000000e+02, 6.560572e+01
1.000000e+02, 6.617849e+01
1.000000e+02, 6.675514e+01
1.000000e+02, 6.733572e+01
1.000000e+02, 6.792027e+01
1.000000e+02, 6.850885e+01
1.000000e+02, 6.910152e+01
1.000000e+02, 6.969832e+01
1.000000e+02, 7.029932e+01
1.000000e+02, 7.090457e+01
1.000000e+02, 7.151413e+01
1.000000e+02, 7.212806e+01
1.000000e+02, 7.274643e+01
1.000000e+02, 7.336929e+01
1.000000e+02, 7.399672e+01
1.000000e+02, 7.462878e+01
1.000000e+02, 7.526553e+01
1.000000e+02, 7.590706e+01
1.000000e+02, 7.655344e+01
1.000000e+02, 7.720473e+01
1.000000e+02, 7.786102e+01
1.000000e+02, 7.852238e+01
1.000000e+02, 7.918891e+01
1.000000e+02, 7.986068e+01
1.000000e+02, 8.053777e+01
1.000000e+02, 8.122029e+01
1.000000e+02, 8.190832e+01
1.000000e+02, 8.260196e+01
1.000000e+02, 8.330130e+01
1.000000e+02, 8.400645e+01
1.000000e+02, 8.471751e+01
1.000000e+02, 8.543459e+01
1.000000e+02, 8.615780e+01
1.000000e+02, 8.688725e+01
1.000000e+02, 8.762308e+01
1.000000e+02, 8.836539e+01
1.000000e+02, 8.911432e+01
1.000000e+02, 8.987000e+01
1.000000e+02, 9.063257e+01
1.000000e+02, 9.140217e+01
1.000000e+02, 9.217895e+01
1.000000e+02, 9.296306e+01
1.000000e+02, 9.375466e+01
1.000000e+02, 9.455391e+01
1.000000e+02, 9.536100e+01
1.000000e+02, 9.617609e+01
1.000000e+02, 9.699937e+01
1.000000e+02, 9.783104e+01
1.000000e+02, 9.867130e+01
1.000000e+02, 9.952036e+01
1.000000e+02, 1.003784e+02
1.000000e+02, 1.012458e+02
1.000000e+02, 1.021226e+02
1.000000e+02, 1.030092e+02
1.000000e+02, 1.039058e+02
1.000000e+02, 1.048126e+02
1.000000e+02, 1.057301e+02
1.000000e+02, 1.066584e+02
1.000000e+02, 1.075979e+02
1.000000e+02, 1.085490e+02
1.000000e+02, 1.095120e+02
1.000000e+02, 1.104872e+02
1.000000e+02, 1.114751e+02
1.000000e+02, 1.124761e+02
1.000000e+02, 1.134906e+02
1.000000e+02, 1.145191e+02
1.000000e+02, 1.155621e+02
1.000000e+02, 1.166202e+02
1.000000e+02, 1.176938e+02
1.000000e+02, 1.187837e+02
1.000000e+02, 1.198904e+02
1.000000e+02, 1.210146e+02
1.000000e+02, 1.221571e+02
1.000000e+02, 1.233187e+02
1.000000e+02, 1.245002e+02
1.000000e+02, 1.257025e+02
1.000000e+02, 1.269268e+02
1.000000e+02, 1.281739e+02
1.000000e+02, 1.294452e+02
1.000000e+02, 1.307419e+02
1.000000e+02, 1.320654e+02
1.000000e+02, 1.334173e+02
1.000000e+02, 1.347993e+02
1.000000e+02, 1.362133e+02
1.000000e+02, 1.376614e+02
1.000000e+02, 1.391459e+02
1.000000e+02, 1.406695e+02
1.000000e+02, 1.422352e+02
1.000000e+02, 1.438464e+02
1.000000e+02, 1.455070e+02
1.000000e+02, 1.472215e+02
1.000000e+02, 1.489950e+02
1.000000e+02, 1.508338e+02
1.000000e+02, 1.527452e+02
1.000000e+02, 1.547379e+02
1.000000e+02, 1.568227e+02
1.000000e+02, 1.590131e+02
1.000000e+02, 1.613261e+02
1.000000e+02, 1.637841e+02
1.000000e+02, 1.664172e+02
1.000000e+02, 1.692679e+02
1.000000e+02, 1.723996e+02
1.000000e+02, 1.759145e+02
1.000000e+02, 1.800000e+02
##END= 