##TITLE= /opt/topspin3.0/exp/stan/nmr/lists/wave/user/HypSec_trunc2.84_110
##JCAMP-DX= 5.00 Bruker JCAMP library
##DATA TYPE= Shape Data
##ORIGIN= Bruker BioSpin GmbH
##OWNER= <nmrsu>
##DATE= 15/02/24
##TIME= 16:15:04
##MINX= 1.164538e+01
##MAXX= 9.999960e+01
##MINY= 2.546774e-02
##MAXY= 3.585574e+02
##$SHAPE_EXMODE= Adiabatic
##$SHAPE_TOTROT= 1.800000e+02
##$SHAPE_BWFAC= 1.929340e+02
##$SHAPE_INTEGFAC= 2.356110e-02
##$SHAPE_MODE= 0
##NPOINTS= 1000
##XYPOINTS= (XY..XY)
1.000000e+02, 1.800000e+02
1.000000e+02, 1.778078e+02
1.000000e+02, 1.759217e+02
1.000000e+02, 1.742413e+02
1.000000e+02, 1.727117e+02
1.000000e+02, 1.712988e+02
1.000000e+02, 1.699799e+02
1.000000e+02, 1.687387e+02
1.000000e+02, 1.675634e+02
1.000000e+02, 1.664447e+02
1.000000e+02, 1.653754e+02
1.000000e+02, 1.643498e+02
1.000000e+02, 1.633632e+02
1.000000e+02, 1.624115e+02
1.000000e+02, 1.614916e+02
1.000000e+02, 1.606005e+02
1.000000e+02, 1.597360e+02
1.000000e+02, 1.588958e+02
1.000000e+02, 1.580783e+02
1.000000e+02, 1.572817e+02
1.000000e+02, 1.565047e+02
1.000000e+02, 1.557460e+02
1.000000e+02, 1.550044e+02
1.000000e+02, 1.542790e+02
1.000000e+02, 1.535688e+02
1.000000e+02, 1.528730e+02
1.000000e+02, 1.521909e+02
1.000000e+02, 1.515217e+02
1.000000e+02, 1.508648e+02
1.000000e+02, 1.502196e+02
1.000000e+02, 1.495856e+02
1.000000e+02, 1.489623e+02
1.000000e+02, 1.483493e+02
1.000000e+02, 1.477461e+02
1.000000e+02, 1.471522e+02
1.000000e+02, 1.465674e+02
1.000000e+02, 1.459913e+02
1.000000e+02, 1.454236e+02
1.000000e+02, 1.448639e+02
1.000000e+02, 1.443120e+02
1.000000e+02, 1.437676e+02
1.000000e+02, 1.432305e+02
1.000000e+02, 1.427004e+02
1.000000e+02, 1.421771e+02
1.000000e+02, 1.416604e+02
1.000000e+02, 1.411501e+02
1.000000e+02, 1.406460e+02
1.000000e+02, 1.401478e+02
1.000000e+02, 1.396556e+02
1.000000e+02, 1.391689e+02
1.000000e+02, 1.386879e+02
1.000000e+02, 1.382121e+02
1.000000e+02, 1.377416e+02
1.000000e+02, 1.372762e+02
1.000000e+02, 1.368158e+02
1.000000e+02, 1.363602e+02
1.000000e+02, 1.359093e+02
1.000000e+02, 1.354631e+02
1.000000e+02, 1.350213e+02
1.000000e+02, 1.345839e+02
1.000000e+02, 1.341509e+02
1.000000e+02, 1.337220e+02
1.000000e+02, 1.332973e+02
1.000000e+02, 1.328765e+02
1.000000e+02, 1.324597e+02
1.000000e+02, 1.320467e+02
1.000000e+02, 1.316376e+02
1.000000e+02, 1.312321e+02
1.000000e+02, 1.308302e+02
1.000000e+02, 1.304319e+02
1.000000e+02, 1.300371e+02
1.000000e+02, 1.296456e+02
1.000000e+02, 1.292576e+02
1.000000e+02, 1.288728e+02
1.000000e+02, 1.284913e+02
1.000000e+02, 1.281129e+02
1.000000e+02, 1.277376e+02
1.000000e+02, 1.273654e+02
1.000000e+02, 1.269963e+02
1.000000e+02, 1.266300e+02
1.000000e+02, 1.262667e+02
1.000000e+02, 1.259062e+02
1.000000e+02, 1.255486e+02
1.000000e+02, 1.251937e+02
1.000000e+02, 1.248416e+02
1.000000e+02, 1.244921e+02
1.000000e+02, 1.241453e+02
1.000000e+02, 1.238010e+02
1.000000e+02, 1.234593e+02
1.000000e+02, 1.231202e+02
1.000000e+02, 1.227835e+02
1.000000e+02, 1.224493e+02
1.000000e+02, 1.221175e+02
1.000000e+02, 1.217881e+02
1.000000e+02, 1.214610e+02
1.000000e+02, 1.211362e+02
1.000000e+02, 1.208137e+02
1.000000e+02, 1.204935e+02
1.000000e+02, 1.201755e+02
1.000000e+02, 1.198597e+02
1.000000e+02, 1.195460e+02
1.000000e+02, 1.192345e+02
1.000000e+02, 1.189250e+02
1.000000e+02, 1.186177e+02
1.000000e+02, 1.183124e+02
1.000000e+02, 1.180092e+02
1.000000e+02, 1.177079e+02
1.000000e+02, 1.174086e+02
1.000000e+02, 1.171113e+02
1.000000e+02, 1.168159e+02
1.000000e+02, 1.165224e+02
1.000000e+02, 1.162308e+02
1.000000e+02, 1.159411e+02
1.000000e+02, 1.156532e+02
1.000000e+02, 1.153672e+02
1.000000e+02, 1.150829e+02
1.000000e+02, 1.148004e+02
1.000000e+02, 1.145197e+02
1.000000e+02, 1.142408e+02
1.000000e+02, 1.139635e+02
1.000000e+02, 1.136880e+02
1.000000e+02, 1.134142e+02
1.000000e+02, 1.131420e+02
1.000000e+02, 1.128715e+02
1.000000e+02, 1.126026e+02
1.000000e+02, 1.123353e+02
1.000000e+02, 1.120697e+02
1.000000e+02, 1.118056e+02
1.000000e+02, 1.115431e+02
1.000000e+02, 1.112822e+02
1.000000e+02, 1.110228e+02
1.000000e+02, 1.107649e+02
1.000000e+02, 1.105086e+02
1.000000e+02, 1.102537e+02
1.000000e+02, 1.100004e+02
1.000000e+02, 1.097485e+02
1.000000e+02, 1.094980e+02
1.000000e+02, 1.092490e+02
1.000000e+02, 1.090015e+02
1.000000e+02, 1.087553e+02
1.000000e+02, 1.085106e+02
1.000000e+02, 1.082672e+02
1.000000e+02, 1.080253e+02
1.000000e+02, 1.077847e+02
1.000000e+02, 1.075454e+02
1.000000e+02, 1.073075e+02
1.000000e+02, 1.070710e+02
1.000000e+02, 1.068358e+02
1.000000e+02, 1.066018e+02
1.000000e+02, 1.063692e+02
1.000000e+02, 1.061379e+02
1.000000e+02, 1.059079e+02
1.000000e+02, 1.056791e+02
1.000000e+02, 1.054516e+02
1.000000e+02, 1.052253e+02
1.000000e+02, 1.050003e+02
1.000000e+02, 1.047765e+02
1.000000e+02, 1.045539e+02
1.000000e+02, 1.043326e+02
1.000000e+02, 1.041124e+02
1.000000e+02, 1.038934e+02
1.000000e+02, 1.036757e+02
1.000000e+02, 1.034591e+02
1.000000e+02, 1.032436e+02
1.000000e+02, 1.030294e+02
1.000000e+02, 1.028163e+02
1.000000e+02, 1.026043e+02
1.000000e+02, 1.023934e+02
1.000000e+02, 1.021837e+02
1.000000e+02, 1.019751e+02
1.000000e+02, 1.017677e+02
1.000000e+02, 1.015613e+02
1.000000e+02, 1.013560e+02
1.000000e+02, 1.011518e+02
1.000000e+02, 1.009487e+02
1.000000e+02, 1.007466e+02
1.000000e+02, 1.005457e+02
1.000000e+02, 1.003457e+02
1.000000e+02, 1.001469e+02
1.000000e+02, 9.994907e+01
1.000000e+02, 9.975229e+01
1.000000e+02, 9.955655e+01
1.000000e+02, 9.936183e+01
1.000000e+02, 9.916813e+01
1.000000e+02, 9.897545e+01
1.000000e+02, 9.878377e+01
1.000000e+02, 9.859309e+01
1.000000e+02, 9.840341e+01
1.000000e+02, 9.821471e+01
1.000000e+02, 9.802700e+01
1.000000e+02, 9.784026e+01
1.000000e+02, 9.765450e+01
1.000000e+02, 9.746970e+01
1.000000e+02, 9.728586e+01
1.000000e+02, 9.710297e+01
1.000000e+02, 9.692103e+01
1.000000e+02, 9.674004e+01
1.000000e+02, 9.655998e+01
1.000000e+02, 9.638085e+01
1.000000e+02, 9.620265e+01
1.000000e+02, 9.602538e+01
1.000000e+02, 9.584902e+01
1.000000e+02, 9.567357e+01
1.000000e+02, 9.549902e+01
1.000000e+02, 9.532538e+01
1.000000e+02, 9.515264e+01
1.000000e+02, 9.498079e+01
1.000000e+02, 9.480983e+01
1.000000e+02, 9.463974e+01
1.000000e+02, 9.447054e+01
1.000000e+02, 9.430221e+01
1.000000e+02, 9.413475e+01
1.000000e+02, 9.396815e+01
1.000000e+02, 9.380242e+01
1.000000e+02, 9.363754e+01
1.000000e+02, 9.347351e+01
1.000000e+02, 9.331033e+01
1.000000e+02, 9.314799e+01
1.000000e+02, 9.298649e+01
1.000000e+02, 9.282582e+01
1.000000e+02, 9.266599e+01
1.000000e+02, 9.250698e+01
1.000000e+02, 9.234879e+01
1.000000e+02, 9.219143e+01
1.000000e+02, 9.203487e+01
1.000000e+02, 9.187913e+01
1.000000e+02, 9.172420e+01
1.000000e+02, 9.157007e+01
1.000000e+02, 9.141674e+01
1.000000e+02, 9.126421e+01
1.000000e+02, 9.111246e+01
1.000000e+02, 9.096151e+01
1.000000e+02, 9.081134e+01
1.000000e+02, 9.066196e+01
1.000000e+02, 9.051335e+01
1.000000e+02, 9.036552e+01
1.000000e+02, 9.021846e+01
1.000000e+02, 9.007217e+01
1.000000e+02, 8.992664e+01
1.000000e+02, 8.978188e+01
1.000000e+02, 8.963787e+01
1.000000e+02, 8.949462e+01
1.000000e+02, 8.935212e+01
1.000000e+02, 8.921038e+01
1.000000e+02, 8.906937e+01
1.000000e+02, 8.892911e+01
1.000000e+02, 8.878959e+01
1.000000e+02, 8.865081e+01
1.000000e+02, 8.851276e+01
1.000000e+02, 8.837544e+01
1.000000e+02, 8.823885e+01
1.000000e+02, 8.810298e+01
1.000000e+02, 8.796784e+01
1.000000e+02, 8.783341e+01
1.000000e+02, 8.769970e+01
1.000000e+02, 8.756671e+01
1.000000e+02, 8.743443e+01
1.000000e+02, 8.730285e+01
1.000000e+02, 8.717199e+01
1.000000e+02, 8.704182e+01
1.000000e+02, 8.691236e+01
1.000000e+02, 8.678359e+01
1.000000e+02, 8.665552e+01
1.000000e+02, 8.652814e+01
1.000000e+02, 8.640145e+01
1.000000e+02, 8.627545e+01
1.000000e+02, 8.615014e+01
1.000000e+02, 8.602551e+01
1.000000e+02, 8.590156e+01
1.000000e+02, 8.577828e+01
1.000000e+02, 8.565569e+01
1.000000e+02, 8.553376e+01
1.000000e+02, 8.541251e+01
1.000000e+02, 8.529193e+01
1.000000e+02, 8.517201e+01
1.000000e+02, 8.505276e+01
1.000000e+02, 8.493417e+01
1.000000e+02, 8.481624e+01
1.000000e+02, 8.469897e+01
1.000000e+02, 8.458235e+01
1.000000e+02, 8.446639e+01
1.000000e+02, 8.435107e+01
1.000000e+02, 8.423641e+01
1.000000e+02, 8.412239e+01
1.000000e+02, 8.400902e+01
1.000000e+02, 8.389630e+01
1.000000e+02, 8.378421e+01
1.000000e+02, 8.367276e+01
1.000000e+02, 8.356195e+01
1.000000e+02, 8.345178e+01
1.000000e+02, 8.334224e+01
1.000000e+02, 8.323333e+01
1.000000e+02, 8.312505e+01
1.000000e+02, 8.301739e+01
1.000000e+02, 8.291037e+01
1.000000e+02, 8.280396e+01
1.000000e+02, 8.269818e+01
1.000000e+02, 8.259302e+01
1.000000e+02, 8.248848e+01
1.000000e+02, 8.238455e+01
1.000000e+02, 8.228124e+01
1.000000e+02, 8.217854e+01
1.000000e+02, 8.207645e+01
1.000000e+02, 8.197498e+01
1.000000e+02, 8.187411e+01
1.000000e+02, 8.177384e+01
1.000000e+02, 8.167419e+01
1.000000e+02, 8.157513e+01
1.000000e+02, 8.147668e+01
1.000000e+02, 8.137882e+01
1.000000e+02, 8.128157e+01
1.000000e+02, 8.118491e+01
1.000000e+02, 8.108885e+01
1.000000e+02, 8.099338e+01
1.000000e+02, 8.089850e+01
1.000000e+02, 8.080421e+01
1.000000e+02, 8.071051e+01
1.000000e+02, 8.061740e+01
1.000000e+02, 8.052488e+01
1.000000e+02, 8.043293e+01
1.000000e+02, 8.034158e+01
1.000000e+02, 8.025080e+01
1.000000e+02, 8.016061e+01
1.000000e+02, 8.007099e+01
1.000000e+02, 7.998195e+01
1.000000e+02, 7.989349e+01
1.000000e+02, 7.980560e+01
1.000000e+02, 7.971829e+01
1.000000e+02, 7.963154e+01
1.000000e+02, 7.954537e+01
1.000000e+02, 7.945977e+01
1.000000e+02, 7.937474e+01
1.000000e+02, 7.929027e+01
1.000000e+02, 7.920637e+01
1.000000e+02, 7.912303e+01
1.000000e+02, 7.904025e+01
1.000000e+02, 7.895804e+01
1.000000e+02, 7.887639e+01
1.000000e+02, 7.879530e+01
1.000000e+02, 7.871476e+01
1.000000e+02, 7.863479e+01
1.000000e+02, 7.855536e+01
1.000000e+02, 7.847650e+01
1.000000e+02, 7.839818e+01
1.000000e+02, 7.832042e+01
1.000000e+02, 7.824321e+01
1.000000e+02, 7.816655e+01
1.000000e+02, 7.809044e+01
1.000000e+02, 7.801488e+01
1.000000e+02, 7.793986e+01
1.000000e+02, 7.786539e+01
1.000000e+02, 7.779146e+01
1.000000e+02, 7.771808e+01
1.000000e+02, 7.764524e+01
1.000000e+02, 7.757294e+01
1.000000e+02, 7.750118e+01
1.000000e+02, 7.742996e+01
1.000000e+02, 7.735928e+01
1.000000e+02, 7.728914e+01
1.000000e+02, 7.721953e+01
1.000000e+02, 7.715046e+01
1.000000e+02, 7.708193e+01
1.000000e+02, 7.701392e+01
1.000000e+02, 7.694645e+01
1.000000e+02, 7.687951e+01
1.000000e+02, 7.681311e+01
1.000000e+02, 7.674723e+01
1.000000e+02, 7.668188e+01
1.000000e+02, 7.661706e+01
1.000000e+02, 7.655276e+01
1.000000e+02, 7.648900e+01
1.000000e+02, 7.642575e+01
1.000000e+02, 7.636303e+01
1.000000e+02, 7.630084e+01
1.000000e+02, 7.623917e+01
1.000000e+02, 7.617802e+01
1.000000e+02, 7.611739e+01
1.000000e+02, 7.605728e+01
1.000000e+02, 7.599769e+01
1.000000e+02, 7.593862e+01
1.000000e+02, 7.588007e+01
1.000000e+02, 7.582203e+01
1.000000e+02, 7.576452e+01
1.000000e+02, 7.570751e+01
1.000000e+02, 7.565102e+01
1.000000e+02, 7.559505e+01
1.000000e+02, 7.553959e+01
1.000000e+02, 7.548464e+01
1.000000e+02, 7.543020e+01
1.000000e+02, 7.537628e+01
1.000000e+02, 7.532286e+01
1.000000e+02, 7.526996e+01
1.000000e+02, 7.521756e+01
1.000000e+02, 7.516567e+01
1.000000e+02, 7.511429e+01
1.000000e+02, 7.506342e+01
1.000000e+02, 7.501305e+01
1.000000e+02, 7.496319e+01
1.000000e+02, 7.491384e+01
1.000000e+02, 7.486498e+01
1.000000e+02, 7.481664e+01
1.000000e+02, 7.476879e+01
1.000000e+02, 7.472145e+01
1.000000e+02, 7.467461e+01
1.000000e+02, 7.462827e+01
1.000000e+02, 7.458243e+01
1.000000e+02, 7.453709e+01
1.000000e+02, 7.449225e+01
1.000000e+02, 7.444792e+01
1.000000e+02, 7.440407e+01
1.000000e+02, 7.436073e+01
1.000000e+02, 7.431788e+01
1.000000e+02, 7.427554e+01
1.000000e+02, 7.423368e+01
1.000000e+02, 7.419232e+01
1.000000e+02, 7.415146e+01
1.000000e+02, 7.411110e+01
1.000000e+02, 7.407122e+01
1.000000e+02, 7.403184e+01
1.000000e+02, 7.399296e+01
1.000000e+02, 7.395456e+01
1.000000e+02, 7.391666e+01
1.000000e+02, 7.387925e+01
1.000000e+02, 7.384233e+01
1.000000e+02, 7.380590e+01
1.000000e+02, 7.376997e+01
1.000000e+02, 7.373452e+01
1.000000e+02, 7.369956e+01
1.000000e+02, 7.366509e+01
1.000000e+02, 7.363111e+01
1.000000e+02, 7.359762e+01
1.000000e+02, 7.356461e+01
1.000000e+02, 7.353210e+01
1.000000e+02, 7.350007e+01
1.000000e+02, 7.346852e+01
1.000000e+02, 7.343746e+01
1.000000e+02, 7.340689e+01
1.000000e+02, 7.337680e+01
1.000000e+02, 7.334720e+01
1.000000e+02, 7.331809e+01
1.000000e+02, 7.328945e+01
1.000000e+02, 7.326130e+01
1.000000e+02, 7.323364e+01
1.000000e+02, 7.320646e+01
1.000000e+02, 7.317976e+01
1.000000e+02, 7.315354e+01
1.000000e+02, 7.312781e+01
1.000000e+02, 7.310256e+01
1.000000e+02, 7.307779e+01
1.000000e+02, 7.305350e+01
1.000000e+02, 7.302969e+01
1.000000e+02, 7.300636e+01
1.000000e+02, 7.298352e+01
1.000000e+02, 7.296115e+01
1.000000e+02, 7.293926e+01
1.000000e+02, 7.291786e+01
1.000000e+02, 7.289693e+01
1.000000e+02, 7.287648e+01
1.000000e+02, 7.285651e+01
1.000000e+02, 7.283702e+01
1.000000e+02, 7.281801e+01
1.000000e+02, 7.279948e+01
1.000000e+02, 7.278142e+01
1.000000e+02, 7.276384e+01
1.000000e+02, 7.274674e+01
1.000000e+02, 7.273012e+01
1.000000e+02, 7.271397e+01
1.000000e+02, 7.269830e+01
1.000000e+02, 7.268311e+01
1.000000e+02, 7.266840e+01
1.000000e+02, 7.265416e+01
1.000000e+02, 7.264039e+01
1.000000e+02, 7.262711e+01
1.000000e+02, 7.261430e+01
1.000000e+02, 7.260196e+01
1.000000e+02, 7.259010e+01
1.000000e+02, 7.257872e+01
1.000000e+02, 7.256781e+01
1.000000e+02, 7.255738e+01
1.000000e+02, 7.254742e+01
1.000000e+02, 7.253793e+01
1.000000e+02, 7.252893e+01
1.000000e+02, 7.252039e+01
1.000000e+02, 7.251233e+01
1.000000e+02, 7.250475e+01
1.000000e+02, 7.249764e+01
1.000000e+02, 7.249100e+01
1.000000e+02, 7.248484e+01
1.000000e+02, 7.247915e+01
1.000000e+02, 7.247394e+01
1.000000e+02, 7.246920e+01
1.000000e+02, 7.246494e+01
1.000000e+02, 7.246115e+01
1.000000e+02, 7.245783e+01
1.000000e+02, 7.245499e+01
1.000000e+02, 7.245262e+01
1.000000e+02, 7.245072e+01
1.000000e+02, 7.244930e+01
1.000000e+02, 7.244835e+01
1.000000e+02, 7.244788e+01
1.000000e+02, 7.244788e+01
1.000000e+02, 7.244835e+01
1.000000e+02, 7.244930e+01
1.000000e+02, 7.245072e+01
1.000000e+02, 7.245262e+01
1.000000e+02, 7.245499e+01
1.000000e+02, 7.245783e+01
1.000000e+02, 7.246115e+01
1.000000e+02, 7.246494e+01
1.000000e+02, 7.246920e+01
1.000000e+02, 7.247394e+01
1.000000e+02, 7.247915e+01
1.000000e+02, 7.248484e+01
1.000000e+02, 7.249100e+01
1.000000e+02, 7.249764e+01
1.000000e+02, 7.250475e+01
1.000000e+02, 7.251233e+01
1.000000e+02, 7.252039e+01
1.000000e+02, 7.252893e+01
1.000000e+02, 7.253793e+01
1.000000e+02, 7.254742e+01
1.000000e+02, 7.255738e+01
1.000000e+02, 7.256781e+01
1.000000e+02, 7.257872e+01
1.000000e+02, 7.259010e+01
1.000000e+02, 7.260196e+01
1.000000e+02, 7.261430e+01
1.000000e+02, 7.262711e+01
1.000000e+02, 7.264039e+01
1.000000e+02, 7.265416e+01
1.000000e+02, 7.266840e+01
1.000000e+02, 7.268311e+01
1.000000e+02, 7.269830e+01
1.000000e+02, 7.271397e+01
1.000000e+02, 7.273012e+01
1.000000e+02, 7.274674e+01
1.000000e+02, 7.276384e+01
1.000000e+02, 7.278142e+01
1.000000e+02, 7.279948e+01
1.000000e+02, 7.281801e+01
1.000000e+02, 7.283702e+01
1.000000e+02, 7.285651e+01
1.000000e+02, 7.287648e+01
1.000000e+02, 7.289693e+01
1.000000e+02, 7.291786e+01
1.000000e+02, 7.293926e+01
1.000000e+02, 7.296115e+01
1.000000e+02, 7.298352e+01
1.000000e+02, 7.300636e+01
1.000000e+02, 7.302969e+01
1.000000e+02, 7.305350e+01
1.000000e+02, 7.307779e+01
1.000000e+02, 7.310256e+01
1.000000e+02, 7.312781e+01
1.000000e+02, 7.315354e+01
1.000000e+02, 7.317976e+01
1.000000e+02, 7.320646e+01
1.000000e+02, 7.323364e+01
1.000000e+02, 7.326131e+01
1.000000e+02, 7.328945e+01
1.000000e+02, 7.331809e+01
1.000000e+02, 7.334720e+01
1.000000e+02, 7.337680e+01
1.000000e+02, 7.340689e+01
1.000000e+02, 7.343746e+01
1.000000e+02, 7.346852e+01
1.000000e+02, 7.350007e+01
1.000000e+02, 7.353210e+01
1.000000e+02, 7.356461e+01
1.000000e+02, 7.359762e+01
1.000000e+02, 7.363111e+01
1.000000e+02, 7.366509e+01
1.000000e+02, 7.369956e+01
1.000000e+02, 7.373452e+01
1.000000e+02, 7.376997e+01
1.000000e+02, 7.380590e+01
1.000000e+02, 7.384233e+01
1.000000e+02, 7.387925e+01
1.000000e+02, 7.391666e+01
1.000000e+02, 7.395456e+01
1.000000e+02, 7.399296e+01
1.000000e+02, 7.403184e+01
1.000000e+02, 7.407122e+01
1.000000e+02, 7.411110e+01
1.000000e+02, 7.415146e+01
1.000000e+02, 7.419233e+01
1.000000e+02, 7.423368e+01
1.000000e+02, 7.427554e+01
1.000000e+02, 7.431788e+01
1.000000e+02, 7.436073e+01
1.000000e+02, 7.440407e+01
1.000000e+02, 7.444792e+01
1.000000e+02, 7.449225e+01
1.000000e+02, 7.453709e+01
1.000000e+02, 7.458243e+01
1.000000e+02, 7.462827e+01
1.000000e+02, 7.467461e+01
1.000000e+02, 7.472145e+01
1.000000e+02, 7.476879e+01
1.000000e+02, 7.481664e+01
1.000000e+02, 7.486498e+01
1.000000e+02, 7.491384e+01
1.000000e+02, 7.496319e+01
1.000000e+02, 7.501305e+01
1.000000e+02, 7.506342e+01
1.000000e+02, 7.511429e+01
1.000000e+02, 7.516567e+01
1.000000e+02, 7.521756e+01
1.000000e+02, 7.526996e+01
1.000000e+02, 7.532286e+01
1.000000e+02, 7.537628e+01
1.000000e+02, 7.543020e+01
1.000000e+02, 7.548464e+01
1.000000e+02, 7.553959e+01
1.000000e+02, 7.559505e+01
1.000000e+02, 7.565102e+01
1.000000e+02, 7.570751e+01
1.000000e+02, 7.576452e+01
1.000000e+02, 7.582204e+01
1.000000e+02, 7.588007e+01
1.000000e+02, 7.593862e+01
1.000000e+02, 7.599769e+01
1.000000e+02, 7.605728e+01
1.000000e+02, 7.611739e+01
1.000000e+02, 7.617802e+01
1.000000e+02, 7.623917e+01
1.000000e+02, 7.630084e+01
1.000000e+02, 7.636303e+01
1.000000e+02, 7.642575e+01
1.000000e+02, 7.648900e+01
1.000000e+02, 7.655276e+01
1.000000e+02, 7.661706e+01
1.000000e+02, 7.668188e+01
1.000000e+02, 7.674723e+01
1.000000e+02, 7.681311e+01
1.000000e+02, 7.687952e+01
1.000000e+02, 7.694645e+01
1.000000e+02, 7.701392e+01
1.000000e+02, 7.708193e+01
1.000000e+02, 7.715046e+01
1.000000e+02, 7.721954e+01
1.000000e+02, 7.728914e+01
1.000000e+02, 7.735928e+01
1.000000e+02, 7.742997e+01
1.000000e+02, 7.750118e+01
1.000000e+02, 7.757294e+01
1.000000e+02, 7.764524e+01
1.000000e+02, 7.771808e+01
1.000000e+02, 7.779146e+01
1.000000e+02, 7.786539e+01
1.000000e+02, 7.793986e+01
1.000000e+02, 7.801488e+01
1.000000e+02, 7.809044e+01
1.000000e+02, 7.816655e+01
1.000000e+02, 7.824321e+01
1.000000e+02, 7.832042e+01
1.000000e+02, 7.839818e+01
1.000000e+02, 7.847650e+01
1.000000e+02, 7.855536e+01
1.000000e+02, 7.863479e+01
1.000000e+02, 7.871476e+01
1.000000e+02, 7.879530e+01
1.000000e+02, 7.887639e+01
1.000000e+02, 7.895804e+01
1.000000e+02, 7.904025e+01
1.000000e+02, 7.912303e+01
1.000000e+02, 7.920637e+01
1.000000e+02, 7.929027e+01
1.000000e+02, 7.937474e+01
1.000000e+02, 7.945977e+01
1.000000e+02, 7.954537e+01
1.000000e+02, 7.963154e+01
1.000000e+02, 7.971829e+01
1.000000e+02, 7.980560e+01
1.000000e+02, 7.989349e+01
1.000000e+02, 7.998195e+01
1.000000e+02, 8.007099e+01
1.000000e+02, 8.016061e+01
1.000000e+02, 8.025080e+01
1.000000e+02, 8.034158e+01
1.000000e+02, 8.043294e+01
1.000000e+02, 8.052488e+01
1.000000e+02, 8.061740e+01
1.000000e+02, 8.071051e+01
1.000000e+02, 8.080421e+01
1.000000e+02, 8.089850e+01
1.000000e+02, 8.099338e+01
1.000000e+02, 8.108885e+01
1.000000e+02, 8.118491e+01
1.000000e+02, 8.128157e+01
1.000000e+02, 8.137882e+01
1.000000e+02, 8.147668e+01
1.000000e+02, 8.157513e+01
1.000000e+02, 8.167419e+01
1.000000e+02, 8.177384e+01
1.000000e+02, 8.187411e+01
1.000000e+02, 8.197498e+01
1.000000e+02, 8.207645e+01
1.000000e+02, 8.217854e+01
1.000000e+02, 8.228124e+01
1.000000e+02, 8.238455e+01
1.000000e+02, 8.248848e+01
1.000000e+02, 8.259302e+01
1.000000e+02, 8.269818e+01
1.000000e+02, 8.280396e+01
1.000000e+02, 8.291037e+01
1.000000e+02, 8.301739e+01
1.000000e+02, 8.312505e+01
1.000000e+02, 8.323333e+01
1.000000e+02, 8.334224e+01
1.000000e+02, 8.345178e+01
1.000000e+02, 8.356195e+01
1.000000e+02, 8.367276e+01
1.000000e+02, 8.378421e+01
1.000000e+02, 8.389630e+01
1.000000e+02, 8.400902e+01
1.000000e+02, 8.412240e+01
1.000000e+02, 8.423641e+01
1.000000e+02, 8.435107e+01
1.000000e+02, 8.446639e+01
1.000000e+02, 8.458235e+01
1.000000e+02, 8.469897e+01
1.000000e+02, 8.481624e+01
1.000000e+02, 8.493417e+01
1.000000e+02, 8.505276e+01
1.000000e+02, 8.517201e+01
1.000000e+02, 8.529193e+01
1.000000e+02, 8.541251e+01
1.000000e+02, 8.553376e+01
1.000000e+02, 8.565569e+01
1.000000e+02, 8.577828e+01
1.000000e+02, 8.590156e+01
1.000000e+02, 8.602551e+01
1.000000e+02, 8.615014e+01
1.000000e+02, 8.627545e+01
1.000000e+02, 8.640145e+01
1.000000e+02, 8.652814e+01
1.000000e+02, 8.665552e+01
1.000000e+02, 8.678359e+01
1.000000e+02, 8.691236e+01
1.000000e+02, 8.704182e+01
1.000000e+02, 8.717199e+01
1.000000e+02, 8.730285e+01
1.000000e+02, 8.743443e+01
1.000000e+02, 8.756671e+01
1.000000e+02, 8.769970e+01
1.000000e+02, 8.783341e+01
1.000000e+02, 8.796784e+01
1.000000e+02, 8.810298e+01
1.000000e+02, 8.823885e+01
1.000000e+02, 8.837544e+01
1.000000e+02, 8.851276e+01
1.000000e+02, 8.865081e+01
1.000000e+02, 8.878959e+01
1.000000e+02, 8.892911e+01
1.000000e+02, 8.906937e+01
1.000000e+02, 8.921038e+01
1.000000e+02, 8.935213e+01
1.000000e+02, 8.949462e+01
1.000000e+02, 8.963787e+01
1.000000e+02, 8.978188e+01
1.000000e+02, 8.992665e+01
1.000000e+02, 9.007217e+01
1.000000e+02, 9.021846e+01
1.000000e+02, 9.036552e+01
1.000000e+02, 9.051335e+01
1.000000e+02, 9.066196e+01
1.000000e+02, 9.081135e+01
1.000000e+02, 9.096151e+01
1.000000e+02, 9.111246e+01
1.000000e+02, 9.126421e+01
1.000000e+02, 9.141674e+01
1.000000e+02, 9.157007e+01
1.000000e+02, 9.172420e+01
1.000000e+02, 9.187913e+01
1.000000e+02, 9.203487e+01
1.000000e+02, 9.219143e+01
1.000000e+02, 9.234879e+01
1.000000e+02, 9.250698e+01
1.000000e+02, 9.266599e+01
1.000000e+02, 9.282582e+01
1.000000e+02, 9.298649e+01
1.000000e+02, 9.314799e+01
1.000000e+02, 9.331033e+01
1.000000e+02, 9.347351e+01
1.000000e+02, 9.363754e+01
1.000000e+02, 9.380242e+01
1.000000e+02, 9.396815e+01
1.000000e+02, 9.413475e+01
1.000000e+02, 9.430221e+01
1.000000e+02, 9.447054e+01
1.000000e+02, 9.463974e+01
1.000000e+02, 9.480983e+01
1.000000e+02, 9.498079e+01
1.000000e+02, 9.515264e+01
1.000000e+02, 9.532539e+01
1.000000e+02, 9.549903e+01
1.000000e+02, 9.567357e+01
1.000000e+02, 9.584902e+01
1.000000e+02, 9.602538e+01
1.000000e+02, 9.620265e+01
1.000000e+02, 9.638085e+01
1.000000e+02, 9.655998e+01
1.000000e+02, 9.674004e+01
1.000000e+02, 9.692103e+01
1.000000e+02, 9.710297e+01
1.000000e+02, 9.728586e+01
1.000000e+02, 9.746970e+01
1.000000e+02, 9.765450e+01
1.000000e+02, 9.784026e+01
1.000000e+02, 9.802700e+01
1.000000e+02, 9.821471e+01
1.000000e+02, 9.840341e+01
1.000000e+02, 9.859309e+01
1.000000e+02, 9.878377e+01
1.000000e+02, 9.897545e+01
1.000000e+02, 9.916813e+01
1.000000e+02, 9.936183e+01
1.000000e+02, 9.955655e+01
1.000000e+02, 9.975229e+01
1.000000e+02, 9.994907e+01
1.000000e+02, 1.001469e+02
1.000000e+02, 1.003457e+02
1.000000e+02, 1.005457e+02
1.000000e+02, 1.007466e+02
1.000000e+02, 1.009487e+02
1.000000e+02, 1.011518e+02
1.000000e+02, 1.013560e+02
1.000000e+02, 1.015613e+02
1.000000e+02, 1.017677e+02
1.000000e+02, 1.019751e+02
1.000000e+02, 1.021837e+02
1.000000e+02, 1.023934e+02
1.000000e+02, 1.026043e+02
1.000000e+02, 1.028163e+02
1.000000e+02, 1.030294e+02
1.000000e+02, 1.032437e+02
1.000000e+02, 1.034591e+02
1.000000e+02, 1.036757e+02
1.000000e+02, 1.038934e+02
1.000000e+02, 1.041124e+02
1.000000e+02, 1.043326e+02
1.000000e+02, 1.045539e+02
1.000000e+02, 1.047765e+02
1.000000e+02, 1.050003e+02
1.000000e+02, 1.052253e+02
1.000000e+02, 1.054516e+02
1.000000e+02, 1.056791e+02
1.000000e+02, 1.059079e+02
1.000000e+02, 1.061379e+02
1.000000e+02, 1.063692e+02
1.000000e+02, 1.066018e+02
1.000000e+02, 1.068358e+02
1.000000e+02, 1.070710e+02
1.000000e+02, 1.073075e+02
1.000000e+02, 1.075454e+02
1.000000e+02, 1.077847e+02
1.000000e+02, 1.080253e+02
1.000000e+02, 1.082672e+02
1.000000e+02, 1.085106e+02
1.000000e+02, 1.087553e+02
1.000000e+02, 1.090015e+02
1.000000e+02, 1.092490e+02
1.000000e+02, 1.094980e+02
1.000000e+02, 1.097485e+02
1.000000e+02, 1.100004e+02
1.000000e+02, 1.102537e+02
1.000000e+02, 1.105086e+02
1.000000e+02, 1.107649e+02
1.000000e+02, 1.110228e+02
1.000000e+02, 1.112822e+02
1.000000e+02, 1.115431e+02
1.000000e+02, 1.118056e+02
1.000000e+02, 1.120697e+02
1.000000e+02, 1.123353e+02
1.000000e+02, 1.126026e+02
1.000000e+02, 1.128715e+02
1.000000e+02, 1.131420e+02
1.000000e+02, 1.134142e+02
1.000000e+02, 1.136880e+02
1.000000e+02, 1.139635e+02
1.000000e+02, 1.142408e+02
1.000000e+02, 1.145197e+02
1.000000e+02, 1.148004e+02
1.000000e+02, 1.150829e+02
1.000000e+02, 1.153672e+02
1.000000e+02, 1.156532e+02
1.000000e+02, 1.159411e+02
1.000000e+02, 1.162308e+02
1.000000e+02, 1.165224e+02
1.000000e+02, 1.168159e+02
1.000000e+02, 1.171113e+02
1.000000e+02, 1.174086e+02
1.000000e+02, 1.177079e+02
1.000000e+02, 1.180092e+02
1.000000e+02, 1.183124e+02
1.000000e+02, 1.186177e+02
1.000000e+02, 1.189250e+02
1.000000e+02, 1.192345e+02
1.000000e+02, 1.195460e+02
1.000000e+02, 1.198597e+02
1.000000e+02, 1.201755e+02
1.000000e+02, 1.204935e+02
1.000000e+02, 1.208137e+02
1.000000e+02, 1.211362e+02
1.000000e+02, 1.214610e+02
1.000000e+02, 1.217881e+02
1.000000e+02, 1.221175e+02
1.000000e+02, 1.224493e+02
1.000000e+02, 1.227835e+02
1.000000e+02, 1.231202e+02
1.000000e+02, 1.234593e+02
1.000000e+02, 1.238010e+02
1.000000e+02, 1.241453e+02
1.000000e+02, 1.244921e+02
1.000000e+02, 1.248416e+02
1.000000e+02, 1.251937e+02
1.000000e+02, 1.255486e+02
1.000000e+02, 1.259062e+02
1.000000e+02, 1.262667e+02
1.000000e+02, 1.266300e+02
1.000000e+02, 1.269963e+02
1.000000e+02, 1.273654e+02
1.000000e+02, 1.277376e+02
1.000000e+02, 1.281129e+02
1.000000e+02, 1.284913e+02
1.000000e+02, 1.288728e+02
1.000000e+02, 1.292576e+02
1.000000e+02, 1.296456e+02
1.000000e+02, 1.300371e+02
1.000000e+02, 1.304319e+02
1.000000e+02, 1.308302e+02
1.000000e+02, 1.312321e+02
1.000000e+02, 1.316376e+02
1.000000e+02, 1.320467e+02
1.000000e+02, 1.324597e+02
1.000000e+02, 1.328765e+02
1.000000e+02, 1.332973e+02
1.000000e+02, 1.337220e+02
1.000000e+02, 1.341509e+02
1.000000e+02, 1.345839e+02
1.000000e+02, 1.350213e+02
1.000000e+02, 1.354631e+02
1.000000e+02, 1.359093e+02
1.000000e+02, 1.363602e+02
1.000000e+02, 1.368158e+02
1.000000e+02, 1.372762e+02
1.000000e+02, 1.377416e+02
1.000000e+02, 1.382121e+02
1.000000e+02, 1.386879e+02
1.000000e+02, 1.391689e+02
1.000000e+02, 1.396556e+02
1.000000e+02, 1.401478e+02
1.000000e+02, 1.406460e+02
1.000000e+02, 1.411501e+02
1.000000e+02, 1.416604e+02
1.000000e+02, 1.421771e+02
1.000000e+02, 1.427004e+02
1.000000e+02, 1.432305e+02
1.000000e+02, 1.437676e+02
1.000000e+02, 1.443120e+02
1.000000e+02, 1.448639e+02
1.000000e+02, 1.454236e+02
1.000000e+02, 1.459913e+02
1.000000e+02, 1.465674e+02
1.000000e+02, 1.471522e+02
1.000000e+02, 1.477461e+02
1.000000e+02, 1.483493e+02
1.000000e+02, 1.489624e+02
1.000000e+02, 1.495856e+02
1.000000e+02, 1.502196e+02
1.000000e+02, 1.508648e+02
1.000000e+02, 1.515217e+02
1.000000e+02, 1.521909e+02
1.000000e+02, 1.528730e+02
1.000000e+02, 1.535688e+02
1.000000e+02, 1.542790e+02
1.000000e+02, 1.550044e+02
1.000000e+02, 1.557460e+02
1.000000e+02, 1.565047e+02
1.000000e+02, 1.572817e+02
1.000000e+02, 1.580783e+02
1.000000e+02, 1.588958e+02
1.000000e+02, 1.597360e+02
1.000000e+02, 1.606005e+02
1.000000e+02, 1.614916e+02
1.000000e+02, 1.624115e+02
1.000000e+02, 1.633632e+02
1.000000e+02, 1.643499e+02
1.000000e+02, 1.653754e+02
1.000000e+02, 1.664447e+02
1.000000e+02, 1.675634e+02
1.000000e+02, 1.687387e+02
1.000000e+02, 1.699799e+02
1.000000e+02, 1.712988e+02
1.000000e+02, 1.727117e+02
1.000000e+02, 1.742413e+02
1.000000e+02, 1.759217e+02
1.000000e+02, 1.778078e+02
1.000000e+02, 1.800000e+02
##END= 