##TITLE= /opt/topspin3.0/exp/stan/nmr/lists/wave/user/HypSec_trunc2.84_110
##JCAMP-DX= 5.00 Bruker JCAMP library
##DATA TYPE= Shape Data
##ORIGIN= Bruker BioSpin GmbH
##OWNER= <nmrsu>
##DATE= 15/02/24
##TIME= 16:15:04
##MINX= 1.164538e+01
##MAXX= 9.999960e+01
##MINY= 2.546774e-02
##MAXY= 3.585574e+02
##$SHAPE_EXMODE= Adiabatic
##$SHAPE_TOTROT= 1.800000e+02
##$SHAPE_BWFAC= 1.929340e+02
##$SHAPE_INTEGFAC= 2.356110e-02
##$SHAPE_MODE= 0
##NPOINTS= 1000
##XYPOINTS= (XY..XY)
1.000000e+02, 1.800000e+02
1.000000e+02, 1.719618e+02
1.000000e+02, 1.650463e+02
1.000000e+02, 1.588849e+02
1.000000e+02, 1.532762e+02
1.000000e+02, 1.480956e+02
1.000000e+02, 1.432595e+02
1.000000e+02, 1.387086e+02
1.000000e+02, 1.343991e+02
1.000000e+02, 1.302972e+02
1.000000e+02, 1.263766e+02
1.000000e+02, 1.226161e+02
1.000000e+02, 1.189983e+02
1.000000e+02, 1.155089e+02
1.000000e+02, 1.121358e+02
1.000000e+02, 1.088686e+02
1.000000e+02, 1.056986e+02
1.000000e+02, 1.026181e+02
1.000000e+02, 9.962039e+01
1.000000e+02, 9.669960e+01
1.000000e+02, 9.385054e+01
1.000000e+02, 9.106855e+01
1.000000e+02, 8.834951e+01
1.000000e+02, 8.568967e+01
1.000000e+02, 8.308566e+01
1.000000e+02, 8.053444e+01
1.000000e+02, 7.803323e+01
1.000000e+02, 7.557947e+01
1.000000e+02, 7.317086e+01
1.000000e+02, 7.080524e+01
1.000000e+02, 6.848066e+01
1.000000e+02, 6.619528e+01
1.000000e+02, 6.394742e+01
1.000000e+02, 6.173553e+01
1.000000e+02, 5.955813e+01
1.000000e+02, 5.741387e+01
1.000000e+02, 5.530149e+01
1.000000e+02, 5.321980e+01
1.000000e+02, 5.116768e+01
1.000000e+02, 4.914409e+01
1.000000e+02, 4.714805e+01
1.000000e+02, 4.517862e+01
1.000000e+02, 4.323495e+01
1.000000e+02, 4.131619e+01
1.000000e+02, 3.942158e+01
1.000000e+02, 3.755038e+01
1.000000e+02, 3.570188e+01
1.000000e+02, 3.387542e+01
1.000000e+02, 3.207037e+01
1.000000e+02, 3.028612e+01
1.000000e+02, 2.852212e+01
1.000000e+02, 2.677781e+01
1.000000e+02, 2.505267e+01
1.000000e+02, 2.334620e+01
1.000000e+02, 2.165794e+01
1.000000e+02, 1.998743e+01
1.000000e+02, 1.833424e+01
1.000000e+02, 1.669794e+01
1.000000e+02, 1.507815e+01
1.000000e+02, 1.347448e+01
1.000000e+02, 1.188656e+01
1.000000e+02, 1.031404e+01
1.000000e+02, 8.756585e+00
1.000000e+02, 7.213868e+00
1.000000e+02, 5.685574e+00
1.000000e+02, 4.171402e+00
1.000000e+02, 2.671062e+00
1.000000e+02, 1.184273e+00
1.000000e+02, 3.597108e+02
1.000000e+02, 3.582503e+02
1.000000e+02, 3.568026e+02
1.000000e+02, 3.553674e+02
1.000000e+02, 3.539445e+02
1.000000e+02, 3.525336e+02
1.000000e+02, 3.511346e+02
1.000000e+02, 3.497473e+02
1.000000e+02, 3.483713e+02
1.000000e+02, 3.470066e+02
1.000000e+02, 3.456529e+02
1.000000e+02, 3.443101e+02
1.000000e+02, 3.429779e+02
1.000000e+02, 3.416562e+02
1.000000e+02, 3.403448e+02
1.000000e+02, 3.390436e+02
1.000000e+02, 3.377524e+02
1.000000e+02, 3.364710e+02
1.000000e+02, 3.351993e+02
1.000000e+02, 3.339371e+02
1.000000e+02, 3.326843e+02
1.000000e+02, 3.314407e+02
1.000000e+02, 3.302062e+02
1.000000e+02, 3.289808e+02
1.000000e+02, 3.277642e+02
1.000000e+02, 3.265563e+02
1.000000e+02, 3.253570e+02
1.000000e+02, 3.241661e+02
1.000000e+02, 3.229837e+02
1.000000e+02, 3.218095e+02
1.000000e+02, 3.206434e+02
1.000000e+02, 3.194854e+02
1.000000e+02, 3.183353e+02
1.000000e+02, 3.171930e+02
1.000000e+02, 3.160585e+02
1.000000e+02, 3.149316e+02
1.000000e+02, 3.138122e+02
1.000000e+02, 3.127002e+02
1.000000e+02, 3.115956e+02
1.000000e+02, 3.104983e+02
1.000000e+02, 3.094081e+02
1.000000e+02, 3.083250e+02
1.000000e+02, 3.072489e+02
1.000000e+02, 3.061797e+02
1.000000e+02, 3.051174e+02
1.000000e+02, 3.040619e+02
1.000000e+02, 3.030130e+02
1.000000e+02, 3.019707e+02
1.000000e+02, 3.009350e+02
1.000000e+02, 2.999057e+02
1.000000e+02, 2.988828e+02
1.000000e+02, 2.978663e+02
1.000000e+02, 2.968560e+02
1.000000e+02, 2.958519e+02
1.000000e+02, 2.948540e+02
1.000000e+02, 2.938621e+02
1.000000e+02, 2.928762e+02
1.000000e+02, 2.918962e+02
1.000000e+02, 2.909222e+02
1.000000e+02, 2.899539e+02
1.000000e+02, 2.889915e+02
1.000000e+02, 2.880347e+02
1.000000e+02, 2.870836e+02
1.000000e+02, 2.861381e+02
1.000000e+02, 2.851981e+02
1.000000e+02, 2.842637e+02
1.000000e+02, 2.833347e+02
1.000000e+02, 2.824110e+02
1.000000e+02, 2.814928e+02
1.000000e+02, 2.805798e+02
1.000000e+02, 2.796720e+02
1.000000e+02, 2.787695e+02
1.000000e+02, 2.778721e+02
1.000000e+02, 2.769799e+02
1.000000e+02, 2.760927e+02
1.000000e+02, 2.752105e+02
1.000000e+02, 2.743333e+02
1.000000e+02, 2.734610e+02
1.000000e+02, 2.725936e+02
1.000000e+02, 2.717311e+02
1.000000e+02, 2.708734e+02
1.000000e+02, 2.700205e+02
1.000000e+02, 2.691723e+02
1.000000e+02, 2.683288e+02
1.000000e+02, 2.674899e+02
1.000000e+02, 2.666557e+02
1.000000e+02, 2.658261e+02
1.000000e+02, 2.650010e+02
1.000000e+02, 2.641804e+02
1.000000e+02, 2.633644e+02
1.000000e+02, 2.625527e+02
1.000000e+02, 2.617455e+02
1.000000e+02, 2.609426e+02
1.000000e+02, 2.601441e+02
1.000000e+02, 2.593500e+02
1.000000e+02, 2.585600e+02
1.000000e+02, 2.577744e+02
1.000000e+02, 2.569930e+02
1.000000e+02, 2.562157e+02
1.000000e+02, 2.554426e+02
1.000000e+02, 2.546737e+02
1.000000e+02, 2.539088e+02
1.000000e+02, 2.531481e+02
1.000000e+02, 2.523913e+02
1.000000e+02, 2.516386e+02
1.000000e+02, 2.508899e+02
1.000000e+02, 2.501452e+02
1.000000e+02, 2.494043e+02
1.000000e+02, 2.486674e+02
1.000000e+02, 2.479344e+02
1.000000e+02, 2.472052e+02
1.000000e+02, 2.464799e+02
1.000000e+02, 2.457584e+02
1.000000e+02, 2.450407e+02
1.000000e+02, 2.443267e+02
1.000000e+02, 2.436165e+02
1.000000e+02, 2.429100e+02
1.000000e+02, 2.422071e+02
1.000000e+02, 2.415080e+02
1.000000e+02, 2.408125e+02
1.000000e+02, 2.401206e+02
1.000000e+02, 2.394323e+02
1.000000e+02, 2.387476e+02
1.000000e+02, 2.380665e+02
1.000000e+02, 2.373889e+02
1.000000e+02, 2.367148e+02
1.000000e+02, 2.360442e+02
1.000000e+02, 2.353771e+02
1.000000e+02, 2.347135e+02
1.000000e+02, 2.340533e+02
1.000000e+02, 2.333965e+02
1.000000e+02, 2.327431e+02
1.000000e+02, 2.320930e+02
1.000000e+02, 2.314464e+02
1.000000e+02, 2.308031e+02
1.000000e+02, 2.301631e+02
1.000000e+02, 2.295264e+02
1.000000e+02, 2.288930e+02
1.000000e+02, 2.282629e+02
1.000000e+02, 2.276360e+02
1.000000e+02, 2.270124e+02
1.000000e+02, 2.263920e+02
1.000000e+02, 2.257748e+02
1.000000e+02, 2.251608e+02
1.000000e+02, 2.245499e+02
1.000000e+02, 2.239422e+02
1.000000e+02, 2.233376e+02
1.000000e+02, 2.227362e+02
1.000000e+02, 2.221379e+02
1.000000e+02, 2.215426e+02
1.000000e+02, 2.209504e+02
1.000000e+02, 2.203613e+02
1.000000e+02, 2.197753e+02
1.000000e+02, 2.191923e+02
1.000000e+02, 2.186122e+02
1.000000e+02, 2.180352e+02
1.000000e+02, 2.174612e+02
1.000000e+02, 2.168902e+02
1.000000e+02, 2.163221e+02
1.000000e+02, 2.157569e+02
1.000000e+02, 2.151947e+02
1.000000e+02, 2.146354e+02
1.000000e+02, 2.140790e+02
1.000000e+02, 2.135255e+02
1.000000e+02, 2.129749e+02
1.000000e+02, 2.124272e+02
1.000000e+02, 2.118823e+02
1.000000e+02, 2.113402e+02
1.000000e+02, 2.108010e+02
1.000000e+02, 2.102646e+02
1.000000e+02, 2.097310e+02
1.000000e+02, 2.092002e+02
1.000000e+02, 2.086722e+02
1.000000e+02, 2.081470e+02
1.000000e+02, 2.076245e+02
1.000000e+02, 2.071047e+02
1.000000e+02, 2.065877e+02
1.000000e+02, 2.060734e+02
1.000000e+02, 2.055618e+02
1.000000e+02, 2.050530e+02
1.000000e+02, 2.045468e+02
1.000000e+02, 2.040433e+02
1.000000e+02, 2.035424e+02
1.000000e+02, 2.030443e+02
1.000000e+02, 2.025487e+02
1.000000e+02, 2.020558e+02
1.000000e+02, 2.015656e+02
1.000000e+02, 2.010779e+02
1.000000e+02, 2.005929e+02
1.000000e+02, 2.001105e+02
1.000000e+02, 1.996306e+02
1.000000e+02, 1.991533e+02
1.000000e+02, 1.986786e+02
1.000000e+02, 1.982065e+02
1.000000e+02, 1.977369e+02
1.000000e+02, 1.972698e+02
1.000000e+02, 1.968053e+02
1.000000e+02, 1.963433e+02
1.000000e+02, 1.958838e+02
1.000000e+02, 1.954269e+02
1.000000e+02, 1.949724e+02
1.000000e+02, 1.945204e+02
1.000000e+02, 1.940708e+02
1.000000e+02, 1.936238e+02
1.000000e+02, 1.931792e+02
1.000000e+02, 1.927371e+02
1.000000e+02, 1.922974e+02
1.000000e+02, 1.918601e+02
1.000000e+02, 1.914253e+02
1.000000e+02, 1.909929e+02
1.000000e+02, 1.905629e+02
1.000000e+02, 1.901353e+02
1.000000e+02, 1.897101e+02
1.000000e+02, 1.892873e+02
1.000000e+02, 1.888668e+02
1.000000e+02, 1.884488e+02
1.000000e+02, 1.880331e+02
1.000000e+02, 1.876198e+02
1.000000e+02, 1.872088e+02
1.000000e+02, 1.868001e+02
1.000000e+02, 1.863938e+02
1.000000e+02, 1.859899e+02
1.000000e+02, 1.855882e+02
1.000000e+02, 1.851889e+02
1.000000e+02, 1.847918e+02
1.000000e+02, 1.843971e+02
1.000000e+02, 1.840047e+02
1.000000e+02, 1.836145e+02
1.000000e+02, 1.832267e+02
1.000000e+02, 1.828411e+02
1.000000e+02, 1.824577e+02
1.000000e+02, 1.820767e+02
1.000000e+02, 1.816979e+02
1.000000e+02, 1.813213e+02
1.000000e+02, 1.809470e+02
1.000000e+02, 1.805749e+02
1.000000e+02, 1.802051e+02
1.000000e+02, 1.798374e+02
1.000000e+02, 1.794720e+02
1.000000e+02, 1.791088e+02
1.000000e+02, 1.787478e+02
1.000000e+02, 1.783890e+02
1.000000e+02, 1.780324e+02
1.000000e+02, 1.776780e+02
1.000000e+02, 1.773258e+02
1.000000e+02, 1.769757e+02
1.000000e+02, 1.766278e+02
1.000000e+02, 1.762821e+02
1.000000e+02, 1.759385e+02
1.000000e+02, 1.755971e+02
1.000000e+02, 1.752579e+02
1.000000e+02, 1.749208e+02
1.000000e+02, 1.745858e+02
1.000000e+02, 1.742529e+02
1.000000e+02, 1.739222e+02
1.000000e+02, 1.735936e+02
1.000000e+02, 1.732672e+02
1.000000e+02, 1.729428e+02
1.000000e+02, 1.726205e+02
1.000000e+02, 1.723004e+02
1.000000e+02, 1.719823e+02
1.000000e+02, 1.716664e+02
1.000000e+02, 1.713525e+02
1.000000e+02, 1.710407e+02
1.000000e+02, 1.707310e+02
1.000000e+02, 1.704233e+02
1.000000e+02, 1.701178e+02
1.000000e+02, 1.698143e+02
1.000000e+02, 1.695128e+02
1.000000e+02, 1.692134e+02
1.000000e+02, 1.689161e+02
1.000000e+02, 1.686208e+02
1.000000e+02, 1.683275e+02
1.000000e+02, 1.680363e+02
1.000000e+02, 1.677472e+02
1.000000e+02, 1.674600e+02
1.000000e+02, 1.671749e+02
1.000000e+02, 1.668918e+02
1.000000e+02, 1.666107e+02
1.000000e+02, 1.663316e+02
1.000000e+02, 1.660545e+02
1.000000e+02, 1.657795e+02
1.000000e+02, 1.655064e+02
1.000000e+02, 1.652354e+02
1.000000e+02, 1.649663e+02
1.000000e+02, 1.646992e+02
1.000000e+02, 1.644341e+02
1.000000e+02, 1.641710e+02
1.000000e+02, 1.639099e+02
1.000000e+02, 1.636507e+02
1.000000e+02, 1.633935e+02
1.000000e+02, 1.631383e+02
1.000000e+02, 1.628850e+02
1.000000e+02, 1.626337e+02
1.000000e+02, 1.623844e+02
1.000000e+02, 1.621370e+02
1.000000e+02, 1.618916e+02
1.000000e+02, 1.616481e+02
1.000000e+02, 1.614065e+02
1.000000e+02, 1.611669e+02
1.000000e+02, 1.609292e+02
1.000000e+02, 1.606935e+02
1.000000e+02, 1.604597e+02
1.000000e+02, 1.602278e+02
1.000000e+02, 1.599978e+02
1.000000e+02, 1.597697e+02
1.000000e+02, 1.595436e+02
1.000000e+02, 1.593194e+02
1.000000e+02, 1.590971e+02
1.000000e+02, 1.588767e+02
1.000000e+02, 1.586582e+02
1.000000e+02, 1.584416e+02
1.000000e+02, 1.582269e+02
1.000000e+02, 1.580141e+02
1.000000e+02, 1.578032e+02
1.000000e+02, 1.575942e+02
1.000000e+02, 1.573871e+02
1.000000e+02, 1.571818e+02
1.000000e+02, 1.569785e+02
1.000000e+02, 1.567770e+02
1.000000e+02, 1.565774e+02
1.000000e+02, 1.563797e+02
1.000000e+02, 1.561838e+02
1.000000e+02, 1.559898e+02
1.000000e+02, 1.557977e+02
1.000000e+02, 1.556075e+02
1.000000e+02, 1.554191e+02
1.000000e+02, 1.552325e+02
1.000000e+02, 1.550479e+02
1.000000e+02, 1.548650e+02
1.000000e+02, 1.546841e+02
1.000000e+02, 1.545049e+02
1.000000e+02, 1.543277e+02
1.000000e+02, 1.541522e+02
1.000000e+02, 1.539786e+02
1.000000e+02, 1.538069e+02
1.000000e+02, 1.536370e+02
1.000000e+02, 1.534689e+02
1.000000e+02, 1.533027e+02
1.000000e+02, 1.531383e+02
1.000000e+02, 1.529757e+02
1.000000e+02, 1.528149e+02
1.000000e+02, 1.526560e+02
1.000000e+02, 1.524989e+02
1.000000e+02, 1.523436e+02
1.000000e+02, 1.521902e+02
1.000000e+02, 1.520385e+02
1.000000e+02, 1.518887e+02
1.000000e+02, 1.517407e+02
1.000000e+02, 1.515945e+02
1.000000e+02, 1.514501e+02
1.000000e+02, 1.513075e+02
1.000000e+02, 1.511667e+02
1.000000e+02, 1.510278e+02
1.000000e+02, 1.508906e+02
1.000000e+02, 1.507552e+02
1.000000e+02, 1.506216e+02
1.000000e+02, 1.504899e+02
1.000000e+02, 1.503599e+02
1.000000e+02, 1.502317e+02
1.000000e+02, 1.501053e+02
1.000000e+02, 1.499807e+02
1.000000e+02, 1.498579e+02
1.000000e+02, 1.497369e+02
1.000000e+02, 1.496177e+02
1.000000e+02, 1.495002e+02
1.000000e+02, 1.493846e+02
1.000000e+02, 1.492707e+02
1.000000e+02, 1.491586e+02
1.000000e+02, 1.490483e+02
1.000000e+02, 1.489397e+02
1.000000e+02, 1.488330e+02
1.000000e+02, 1.487280e+02
1.000000e+02, 1.486248e+02
1.000000e+02, 1.485233e+02
1.000000e+02, 1.484237e+02
1.000000e+02, 1.483258e+02
1.000000e+02, 1.482297e+02
1.000000e+02, 1.481353e+02
1.000000e+02, 1.480427e+02
1.000000e+02, 1.479519e+02
1.000000e+02, 1.478628e+02
1.000000e+02, 1.477755e+02
1.000000e+02, 1.476900e+02
1.000000e+02, 1.476062e+02
1.000000e+02, 1.475242e+02
1.000000e+02, 1.474440e+02
1.000000e+02, 1.473655e+02
1.000000e+02, 1.472887e+02
1.000000e+02, 1.472138e+02
1.000000e+02, 1.471405e+02
1.000000e+02, 1.470691e+02
1.000000e+02, 1.469994e+02
1.000000e+02, 1.469314e+02
1.000000e+02, 1.468652e+02
1.000000e+02, 1.468008e+02
1.000000e+02, 1.467381e+02
1.000000e+02, 1.466771e+02
1.000000e+02, 1.466179e+02
1.000000e+02, 1.465604e+02
1.000000e+02, 1.465047e+02
1.000000e+02, 1.464508e+02
1.000000e+02, 1.463986e+02
1.000000e+02, 1.463481e+02
1.000000e+02, 1.462994e+02
1.000000e+02, 1.462524e+02
1.000000e+02, 1.462072e+02
1.000000e+02, 1.461637e+02
1.000000e+02, 1.461220e+02
1.000000e+02, 1.460820e+02
1.000000e+02, 1.460437e+02
1.000000e+02, 1.460072e+02
1.000000e+02, 1.459724e+02
1.000000e+02, 1.459394e+02
1.000000e+02, 1.459081e+02
1.000000e+02, 1.458786e+02
1.000000e+02, 1.458507e+02
1.000000e+02, 1.458247e+02
1.000000e+02, 1.458003e+02
1.000000e+02, 1.457778e+02
1.000000e+02, 1.457569e+02
1.000000e+02, 1.457378e+02
1.000000e+02, 1.457204e+02
1.000000e+02, 1.457048e+02
1.000000e+02, 1.456909e+02
1.000000e+02, 1.456787e+02
1.000000e+02, 1.456683e+02
1.000000e+02, 1.456596e+02
1.000000e+02, 1.456527e+02
1.000000e+02, 1.456474e+02
1.000000e+02, 1.456440e+02
1.000000e+02, 1.456422e+02
1.000000e+02, 1.456422e+02
1.000000e+02, 1.456440e+02
1.000000e+02, 1.456474e+02
1.000000e+02, 1.456527e+02
1.000000e+02, 1.456596e+02
1.000000e+02, 1.456683e+02
1.000000e+02, 1.456787e+02
1.000000e+02, 1.456909e+02
1.000000e+02, 1.457048e+02
1.000000e+02, 1.457204e+02
1.000000e+02, 1.457378e+02
1.000000e+02, 1.457569e+02
1.000000e+02, 1.457778e+02
1.000000e+02, 1.458003e+02
1.000000e+02, 1.458247e+02
1.000000e+02, 1.458507e+02
1.000000e+02, 1.458786e+02
1.000000e+02, 1.459081e+02
1.000000e+02, 1.459394e+02
1.000000e+02, 1.459724e+02
1.000000e+02, 1.460072e+02
1.000000e+02, 1.460437e+02
1.000000e+02, 1.460820e+02
1.000000e+02, 1.461220e+02
1.000000e+02, 1.461637e+02
1.000000e+02, 1.462072e+02
1.000000e+02, 1.462524e+02
1.000000e+02, 1.462994e+02
1.000000e+02, 1.463481e+02
1.000000e+02, 1.463986e+02
1.000000e+02, 1.464508e+02
1.000000e+02, 1.465047e+02
1.000000e+02, 1.465604e+02
1.000000e+02, 1.466179e+02
1.000000e+02, 1.466771e+02
1.000000e+02, 1.467381e+02
1.000000e+02, 1.468008e+02
1.000000e+02, 1.468652e+02
1.000000e+02, 1.469314e+02
1.000000e+02, 1.469994e+02
1.000000e+02, 1.470691e+02
1.000000e+02, 1.471405e+02
1.000000e+02, 1.472138e+02
1.000000e+02, 1.472887e+02
1.000000e+02, 1.473655e+02
1.000000e+02, 1.474440e+02
1.000000e+02, 1.475242e+02
1.000000e+02, 1.476062e+02
1.000000e+02, 1.476900e+02
1.000000e+02, 1.477755e+02
1.000000e+02, 1.478628e+02
1.000000e+02, 1.479519e+02
1.000000e+02, 1.480427e+02
1.000000e+02, 1.481353e+02
1.000000e+02, 1.482297e+02
1.000000e+02, 1.483258e+02
1.000000e+02, 1.484237e+02
1.000000e+02, 1.485233e+02
1.000000e+02, 1.486248e+02
1.000000e+02, 1.487280e+02
1.000000e+02, 1.488330e+02
1.000000e+02, 1.489397e+02
1.000000e+02, 1.490483e+02
1.000000e+02, 1.491586e+02
1.000000e+02, 1.492707e+02
1.000000e+02, 1.493846e+02
1.000000e+02, 1.495002e+02
1.000000e+02, 1.496177e+02
1.000000e+02, 1.497369e+02
1.000000e+02, 1.498579e+02
1.000000e+02, 1.499807e+02
1.000000e+02, 1.501053e+02
1.000000e+02, 1.502317e+02
1.000000e+02, 1.503599e+02
1.000000e+02, 1.504899e+02
1.000000e+02, 1.506216e+02
1.000000e+02, 1.507552e+02
1.000000e+02, 1.508906e+02
1.000000e+02, 1.510278e+02
1.000000e+02, 1.511667e+02
1.000000e+02, 1.513075e+02
1.000000e+02, 1.514501e+02
1.000000e+02, 1.515945e+02
1.000000e+02, 1.517407e+02
1.000000e+02, 1.518887e+02
1.000000e+02, 1.520385e+02
1.000000e+02, 1.521902e+02
1.000000e+02, 1.523436e+02
1.000000e+02, 1.524989e+02
1.000000e+02, 1.526560e+02
1.000000e+02, 1.528149e+02
1.000000e+02, 1.529757e+02
1.000000e+02, 1.531383e+02
1.000000e+02, 1.533027e+02
1.000000e+02, 1.534689e+02
1.000000e+02, 1.536370e+02
1.000000e+02, 1.538069e+02
1.000000e+02, 1.539786e+02
1.000000e+02, 1.541522e+02
1.000000e+02, 1.543277e+02
1.000000e+02, 1.545049e+02
1.000000e+02, 1.546841e+02
1.000000e+02, 1.548650e+02
1.000000e+02, 1.550479e+02
1.000000e+02, 1.552325e+02
1.000000e+02, 1.554191e+02
1.000000e+02, 1.556075e+02
1.000000e+02, 1.557977e+02
1.000000e+02, 1.559898e+02
1.000000e+02, 1.561838e+02
1.000000e+02, 1.563797e+02
1.000000e+02, 1.565774e+02
1.000000e+02, 1.567770e+02
1.000000e+02, 1.569785e+02
1.000000e+02, 1.571819e+02
1.000000e+02, 1.573871e+02
1.000000e+02, 1.575942e+02
1.000000e+02, 1.578032e+02
1.000000e+02, 1.580141e+02
1.000000e+02, 1.582269e+02
1.000000e+02, 1.584416e+02
1.000000e+02, 1.586582e+02
1.000000e+02, 1.588767e+02
1.000000e+02, 1.590971e+02
1.000000e+02, 1.593194e+02
1.000000e+02, 1.595436e+02
1.000000e+02, 1.597697e+02
1.000000e+02, 1.599978e+02
1.000000e+02, 1.602278e+02
1.000000e+02, 1.604597e+02
1.000000e+02, 1.606935e+02
1.000000e+02, 1.609292e+02
1.000000e+02, 1.611669e+02
1.000000e+02, 1.614065e+02
1.000000e+02, 1.616481e+02
1.000000e+02, 1.618916e+02
1.000000e+02, 1.621370e+02
1.000000e+02, 1.623844e+02
1.000000e+02, 1.626337e+02
1.000000e+02, 1.628850e+02
1.000000e+02, 1.631383e+02
1.000000e+02, 1.633935e+02
1.000000e+02, 1.636507e+02
1.000000e+02, 1.639099e+02
1.000000e+02, 1.641710e+02
1.000000e+02, 1.644341e+02
1.000000e+02, 1.646992e+02
1.000000e+02, 1.649663e+02
1.000000e+02, 1.652354e+02
1.000000e+02, 1.655064e+02
1.000000e+02, 1.657795e+02
1.000000e+02, 1.660545e+02
1.000000e+02, 1.663316e+02
1.000000e+02, 1.666107e+02
1.000000e+02, 1.668918e+02
1.000000e+02, 1.671749e+02
1.000000e+02, 1.674600e+02
1.000000e+02, 1.677472e+02
1.000000e+02, 1.680363e+02
1.000000e+02, 1.683275e+02
1.000000e+02, 1.686208e+02
1.000000e+02, 1.689161e+02
1.000000e+02, 1.692134e+02
1.000000e+02, 1.695128e+02
1.000000e+02, 1.698143e+02
1.000000e+02, 1.701178e+02
1.000000e+02, 1.704233e+02
1.000000e+02, 1.707310e+02
1.000000e+02, 1.710407e+02
1.000000e+02, 1.713525e+02
1.000000e+02, 1.716664e+02
1.000000e+02, 1.719823e+02
1.000000e+02, 1.723004e+02
1.000000e+02, 1.726205e+02
1.000000e+02, 1.729428e+02
1.000000e+02, 1.732672e+02
1.000000e+02, 1.735936e+02
1.000000e+02, 1.739222e+02
1.000000e+02, 1.742529e+02
1.000000e+02, 1.745858e+02
1.000000e+02, 1.749208e+02
1.000000e+02, 1.752579e+02
1.000000e+02, 1.755971e+02
1.000000e+02, 1.759385e+02
1.000000e+02, 1.762821e+02
1.000000e+02, 1.766278e+02
1.000000e+02, 1.769757e+02
1.000000e+02, 1.773258e+02
1.000000e+02, 1.776780e+02
1.000000e+02, 1.780324e+02
1.000000e+02, 1.783890e+02
1.000000e+02, 1.787478e+02
1.000000e+02, 1.791088e+02
1.000000e+02, 1.794720e+02
1.000000e+02, 1.798374e+02
1.000000e+02, 1.802051e+02
1.000000e+02, 1.805749e+02
1.000000e+02, 1.809470e+02
1.000000e+02, 1.813213e+02
1.000000e+02, 1.816979e+02
1.000000e+02, 1.820767e+02
1.000000e+02, 1.824577e+02
1.000000e+02, 1.828411e+02
1.000000e+02, 1.832267e+02
1.000000e+02, 1.836145e+02
1.000000e+02, 1.840047e+02
1.000000e+02, 1.843971e+02
1.000000e+02, 1.847918e+02
1.000000e+02, 1.851889e+02
1.000000e+02, 1.855882e+02
1.000000e+02, 1.859899e+02
1.000000e+02, 1.863938e+02
1.000000e+02, 1.868001e+02
1.000000e+02, 1.872088e+02
1.000000e+02, 1.876198e+02
1.000000e+02, 1.880331e+02
1.000000e+02, 1.884488e+02
1.000000e+02, 1.888668e+02
1.000000e+02, 1.892873e+02
1.000000e+02, 1.897101e+02
1.000000e+02, 1.901353e+02
1.000000e+02, 1.905629e+02
1.000000e+02, 1.909929e+02
1.000000e+02, 1.914253e+02
1.000000e+02, 1.918601e+02
1.000000e+02, 1.922974e+02
1.000000e+02, 1.927371e+02
1.000000e+02, 1.931792e+02
1.000000e+02, 1.936238e+02
1.000000e+02, 1.940709e+02
1.000000e+02, 1.945204e+02
1.000000e+02, 1.949724e+02
1.000000e+02, 1.954269e+02
1.000000e+02, 1.958838e+02
1.000000e+02, 1.963433e+02
1.000000e+02, 1.968053e+02
1.000000e+02, 1.972698e+02
1.000000e+02, 1.977369e+02
1.000000e+02, 1.982065e+02
1.000000e+02, 1.986786e+02
1.000000e+02, 1.991533e+02
1.000000e+02, 1.996306e+02
1.000000e+02, 2.001105e+02
1.000000e+02, 2.005929e+02
1.000000e+02, 2.010779e+02
1.000000e+02, 2.015656e+02
1.000000e+02, 2.020558e+02
1.000000e+02, 2.025487e+02
1.000000e+02, 2.030443e+02
1.000000e+02, 2.035424e+02
1.000000e+02, 2.040433e+02
1.000000e+02, 2.045468e+02
1.000000e+02, 2.050530e+02
1.000000e+02, 2.055618e+02
1.000000e+02, 2.060734e+02
1.000000e+02, 2.065877e+02
1.000000e+02, 2.071047e+02
1.000000e+02, 2.076245e+02
1.000000e+02, 2.081470e+02
1.000000e+02, 2.086722e+02
1.000000e+02, 2.092002e+02
1.000000e+02, 2.097310e+02
1.000000e+02, 2.102646e+02
1.000000e+02, 2.108010e+02
1.000000e+02, 2.113403e+02
1.000000e+02, 2.118823e+02
1.000000e+02, 2.124272e+02
1.000000e+02, 2.129749e+02
1.000000e+02, 2.135255e+02
1.000000e+02, 2.140790e+02
1.000000e+02, 2.146354e+02
1.000000e+02, 2.151947e+02
1.000000e+02, 2.157569e+02
1.000000e+02, 2.163221e+02
1.000000e+02, 2.168902e+02
1.000000e+02, 2.174612e+02
1.000000e+02, 2.180352e+02
1.000000e+02, 2.186122e+02
1.000000e+02, 2.191923e+02
1.000000e+02, 2.197753e+02
1.000000e+02, 2.203613e+02
1.000000e+02, 2.209505e+02
1.000000e+02, 2.215426e+02
1.000000e+02, 2.221379e+02
1.000000e+02, 2.227362e+02
1.000000e+02, 2.233376e+02
1.000000e+02, 2.239422e+02
1.000000e+02, 2.245499e+02
1.000000e+02, 2.251608e+02
1.000000e+02, 2.257748e+02
1.000000e+02, 2.263920e+02
1.000000e+02, 2.270124e+02
1.000000e+02, 2.276360e+02
1.000000e+02, 2.282629e+02
1.000000e+02, 2.288930e+02
1.000000e+02, 2.295264e+02
1.000000e+02, 2.301631e+02
1.000000e+02, 2.308031e+02
1.000000e+02, 2.314464e+02
1.000000e+02, 2.320930e+02
1.000000e+02, 2.327431e+02
1.000000e+02, 2.333965e+02
1.000000e+02, 2.340533e+02
1.000000e+02, 2.347135e+02
1.000000e+02, 2.353771e+02
1.000000e+02, 2.360442e+02
1.000000e+02, 2.367148e+02
1.000000e+02, 2.373889e+02
1.000000e+02, 2.380665e+02
1.000000e+02, 2.387476e+02
1.000000e+02, 2.394323e+02
1.000000e+02, 2.401206e+02
1.000000e+02, 2.408125e+02
1.000000e+02, 2.415080e+02
1.000000e+02, 2.422072e+02
1.000000e+02, 2.429100e+02
1.000000e+02, 2.436165e+02
1.000000e+02, 2.443267e+02
1.000000e+02, 2.450407e+02
1.000000e+02, 2.457584e+02
1.000000e+02, 2.464799e+02
1.000000e+02, 2.472053e+02
1.000000e+02, 2.479344e+02
1.000000e+02, 2.486674e+02
1.000000e+02, 2.494043e+02
1.000000e+02, 2.501452e+02
1.000000e+02, 2.508899e+02
1.000000e+02, 2.516386e+02
1.000000e+02, 2.523913e+02
1.000000e+02, 2.531481e+02
1.000000e+02, 2.539088e+02
1.000000e+02, 2.546737e+02
1.000000e+02, 2.554426e+02
1.000000e+02, 2.562157e+02
1.000000e+02, 2.569930e+02
1.000000e+02, 2.577744e+02
1.000000e+02, 2.585601e+02
1.000000e+02, 2.593500e+02
1.000000e+02, 2.601441e+02
1.000000e+02, 2.609426e+02
1.000000e+02, 2.617455e+02
1.000000e+02, 2.625527e+02
1.000000e+02, 2.633644e+02
1.000000e+02, 2.641805e+02
1.000000e+02, 2.650010e+02
1.000000e+02, 2.658261e+02
1.000000e+02, 2.666557e+02
1.000000e+02, 2.674899e+02
1.000000e+02, 2.683288e+02
1.000000e+02, 2.691723e+02
1.000000e+02, 2.700205e+02
1.000000e+02, 2.708734e+02
1.000000e+02, 2.717311e+02
1.000000e+02, 2.725936e+02
1.000000e+02, 2.734610e+02
1.000000e+02, 2.743333e+02
1.000000e+02, 2.752105e+02
1.000000e+02, 2.760927e+02
1.000000e+02, 2.769799e+02
1.000000e+02, 2.778721e+02
1.000000e+02, 2.787695e+02
1.000000e+02, 2.796720e+02
1.000000e+02, 2.805798e+02
1.000000e+02, 2.814928e+02
1.000000e+02, 2.824110e+02
1.000000e+02, 2.833347e+02
1.000000e+02, 2.842637e+02
1.000000e+02, 2.851981e+02
1.000000e+02, 2.861381e+02
1.000000e+02, 2.870836e+02
1.000000e+02, 2.880347e+02
1.000000e+02, 2.889915e+02
1.000000e+02, 2.899539e+02
1.000000e+02, 2.909222e+02
1.000000e+02, 2.918962e+02
1.000000e+02, 2.928762e+02
1.000000e+02, 2.938621e+02
1.000000e+02, 2.948540e+02
1.000000e+02, 2.958519e+02
1.000000e+02, 2.968560e+02
1.000000e+02, 2.978663e+02
1.000000e+02, 2.988828e+02
1.000000e+02, 2.999057e+02
1.000000e+02, 3.009350e+02
1.000000e+02, 3.019707e+02
1.000000e+02, 3.030130e+02
1.000000e+02, 3.040619e+02
1.000000e+02, 3.051174e+02
1.000000e+02, 3.061798e+02
1.000000e+02, 3.072489e+02
1.000000e+02, 3.083250e+02
1.000000e+02, 3.094081e+02
1.000000e+02, 3.104983e+02
1.000000e+02, 3.115956e+02
1.000000e+02, 3.127002e+02
1.000000e+02, 3.138122e+02
1.000000e+02, 3.149316e+02
1.000000e+02, 3.160585e+02
1.000000e+02, 3.171930e+02
1.000000e+02, 3.183353e+02
1.000000e+02, 3.194854e+02
1.000000e+02, 3.206434e+02
1.000000e+02, 3.218095e+02
1.000000e+02, 3.229837e+02
1.000000e+02, 3.241661e+02
1.000000e+02, 3.253570e+02
1.000000e+02, 3.265563e+02
1.000000e+02, 3.277642e+02
1.000000e+02, 3.289808e+02
1.000000e+02, 3.302062e+02
1.000000e+02, 3.314407e+02
1.000000e+02, 3.326843e+02
1.000000e+02, 3.339371e+02
1.000000e+02, 3.351993e+02
1.000000e+02, 3.364710e+02
1.000000e+02, 3.377524e+02
1.000000e+02, 3.390436e+02
1.000000e+02, 3.403449e+02
1.000000e+02, 3.416562e+02
1.000000e+02, 3.429779e+02
1.000000e+02, 3.443101e+02
1.000000e+02, 3.456529e+02
1.000000e+02, 3.470066e+02
1.000000e+02, 3.483713e+02
1.000000e+02, 3.497473e+02
1.000000e+02, 3.511346e+02
1.000000e+02, 3.525336e+02
1.000000e+02, 3.539445e+02
1.000000e+02, 3.553674e+02
1.000000e+02, 3.568026e+02
1.000000e+02, 3.582503e+02
1.000000e+02, 3.597108e+02
1.000000e+02, 1.184278e+00
1.000000e+02, 2.671066e+00
1.000000e+02, 4.171407e+00
1.000000e+02, 5.685578e+00
1.000000e+02, 7.213872e+00
1.000000e+02, 8.756590e+00
1.000000e+02, 1.031404e+01
1.000000e+02, 1.188656e+01
1.000000e+02, 1.347448e+01
1.000000e+02, 1.507815e+01
1.000000e+02, 1.669795e+01
1.000000e+02, 1.833424e+01
1.000000e+02, 1.998744e+01
1.000000e+02, 2.165795e+01
1.000000e+02, 2.334621e+01
1.000000e+02, 2.505267e+01
1.000000e+02, 2.677781e+01
1.000000e+02, 2.852212e+01
1.000000e+02, 3.028613e+01
1.000000e+02, 3.207037e+01
1.000000e+02, 3.387542e+01
1.000000e+02, 3.570188e+01
1.000000e+02, 3.755038e+01
1.000000e+02, 3.942159e+01
1.000000e+02, 4.131620e+01
1.000000e+02, 4.323495e+01
1.000000e+02, 4.517863e+01
1.000000e+02, 4.714805e+01
1.000000e+02, 4.914409e+01
1.000000e+02, 5.116769e+01
1.000000e+02, 5.321980e+01
1.000000e+02, 5.530150e+01
1.000000e+02, 5.741388e+01
1.000000e+02, 5.955813e+01
1.000000e+02, 6.173553e+01
1.000000e+02, 6.394743e+01
1.000000e+02, 6.619528e+01
1.000000e+02, 6.848066e+01
1.000000e+02, 7.080525e+01
1.000000e+02, 7.317086e+01
1.000000e+02, 7.557948e+01
1.000000e+02, 7.803323e+01
1.000000e+02, 8.053445e+01
1.000000e+02, 8.308567e+01
1.000000e+02, 8.568967e+01
1.000000e+02, 8.834951e+01
1.000000e+02, 9.106856e+01
1.000000e+02, 9.385054e+01
1.000000e+02, 9.669961e+01
1.000000e+02, 9.962039e+01
1.000000e+02, 1.026181e+02
1.000000e+02, 1.056986e+02
1.000000e+02, 1.088686e+02
1.000000e+02, 1.121358e+02
1.000000e+02, 1.155089e+02
1.000000e+02, 1.189983e+02
1.000000e+02, 1.226161e+02
1.000000e+02, 1.263766e+02
1.000000e+02, 1.302972e+02
1.000000e+02, 1.343991e+02
1.000000e+02, 1.387087e+02
1.000000e+02, 1.432595e+02
1.000000e+02, 1.480956e+02
1.000000e+02, 1.532762e+02
1.000000e+02, 1.588849e+02
1.000000e+02, 1.650463e+02
1.000000e+02, 1.719618e+02
1.000000e+02, 1.800000e+02
##END= 