##TITLE= /opt/topspin3.0/exp/stan/nmr/lists/wave/user/HypSec_trunc2.84_110
##JCAMP-DX= 5.00 Bruker JCAMP library
##DATA TYPE= Shape Data
##ORIGIN= Bruker BioSpin GmbH
##OWNER= <nmrsu>
##DATE= 15/02/24
##TIME= 16:15:04
##MINX= 1.164538e+01
##MAXX= 9.999960e+01
##MINY= 2.546774e-02
##MAXY= 3.585574e+02
##$SHAPE_EXMODE= Adiabatic
##$SHAPE_TOTROT= 1.800000e+02
##$SHAPE_BWFAC= 1.929340e+02
##$SHAPE_INTEGFAC= 2.356110e-02
##$SHAPE_MODE= 0
##NPOINTS= 1000
##XYPOINTS= (XY..XY)
1.000000e+02, 1.800000e+02
1.000000e+02, 1.770106e+02
1.000000e+02, 1.744387e+02
1.000000e+02, 1.721473e+02
1.000000e+02, 1.700614e+02
1.000000e+02, 1.681347e+02
1.000000e+02, 1.663362e+02
1.000000e+02, 1.646437e+02
1.000000e+02, 1.630410e+02
1.000000e+02, 1.615155e+02
1.000000e+02, 1.600574e+02
1.000000e+02, 1.586589e+02
1.000000e+02, 1.573134e+02
1.000000e+02, 1.560157e+02
1.000000e+02, 1.547612e+02
1.000000e+02, 1.535462e+02
1.000000e+02, 1.523673e+02
1.000000e+02, 1.512216e+02
1.000000e+02, 1.501068e+02
1.000000e+02, 1.490205e+02
1.000000e+02, 1.479609e+02
1.000000e+02, 1.469263e+02
1.000000e+02, 1.459151e+02
1.000000e+02, 1.449259e+02
1.000000e+02, 1.439575e+02
1.000000e+02, 1.430087e+02
1.000000e+02, 1.420785e+02
1.000000e+02, 1.411659e+02
1.000000e+02, 1.402702e+02
1.000000e+02, 1.393904e+02
1.000000e+02, 1.385259e+02
1.000000e+02, 1.376759e+02
1.000000e+02, 1.368400e+02
1.000000e+02, 1.360173e+02
1.000000e+02, 1.352076e+02
1.000000e+02, 1.344101e+02
1.000000e+02, 1.336245e+02
1.000000e+02, 1.328503e+02
1.000000e+02, 1.320872e+02
1.000000e+02, 1.313346e+02
1.000000e+02, 1.305922e+02
1.000000e+02, 1.298598e+02
1.000000e+02, 1.291370e+02
1.000000e+02, 1.284234e+02
1.000000e+02, 1.277188e+02
1.000000e+02, 1.270229e+02
1.000000e+02, 1.263354e+02
1.000000e+02, 1.256561e+02
1.000000e+02, 1.249848e+02
1.000000e+02, 1.243213e+02
1.000000e+02, 1.236653e+02
1.000000e+02, 1.230165e+02
1.000000e+02, 1.223750e+02
1.000000e+02, 1.217403e+02
1.000000e+02, 1.211125e+02
1.000000e+02, 1.204912e+02
1.000000e+02, 1.198764e+02
1.000000e+02, 1.192678e+02
1.000000e+02, 1.186654e+02
1.000000e+02, 1.180690e+02
1.000000e+02, 1.174785e+02
1.000000e+02, 1.168937e+02
1.000000e+02, 1.163144e+02
1.000000e+02, 1.157407e+02
1.000000e+02, 1.151723e+02
1.000000e+02, 1.146092e+02
1.000000e+02, 1.140512e+02
1.000000e+02, 1.134983e+02
1.000000e+02, 1.129503e+02
1.000000e+02, 1.124071e+02
1.000000e+02, 1.118687e+02
1.000000e+02, 1.113350e+02
1.000000e+02, 1.108058e+02
1.000000e+02, 1.102811e+02
1.000000e+02, 1.097608e+02
1.000000e+02, 1.092449e+02
1.000000e+02, 1.087331e+02
1.000000e+02, 1.082256e+02
1.000000e+02, 1.077222e+02
1.000000e+02, 1.072228e+02
1.000000e+02, 1.067273e+02
1.000000e+02, 1.062358e+02
1.000000e+02, 1.057481e+02
1.000000e+02, 1.052642e+02
1.000000e+02, 1.047839e+02
1.000000e+02, 1.043074e+02
1.000000e+02, 1.038344e+02
1.000000e+02, 1.033650e+02
1.000000e+02, 1.028991e+02
1.000000e+02, 1.024366e+02
1.000000e+02, 1.019775e+02
1.000000e+02, 1.015218e+02
1.000000e+02, 1.010693e+02
1.000000e+02, 1.006201e+02
1.000000e+02, 1.001741e+02
1.000000e+02, 9.973121e+01
1.000000e+02, 9.929145e+01
1.000000e+02, 9.885477e+01
1.000000e+02, 9.842111e+01
1.000000e+02, 9.799044e+01
1.000000e+02, 9.756272e+01
1.000000e+02, 9.713791e+01
1.000000e+02, 9.671597e+01
1.000000e+02, 9.629686e+01
1.000000e+02, 9.588056e+01
1.000000e+02, 9.546703e+01
1.000000e+02, 9.505622e+01
1.000000e+02, 9.464812e+01
1.000000e+02, 9.424268e+01
1.000000e+02, 9.383988e+01
1.000000e+02, 9.343968e+01
1.000000e+02, 9.304206e+01
1.000000e+02, 9.264697e+01
1.000000e+02, 9.225441e+01
1.000000e+02, 9.186433e+01
1.000000e+02, 9.147671e+01
1.000000e+02, 9.109152e+01
1.000000e+02, 9.070873e+01
1.000000e+02, 9.032832e+01
1.000000e+02, 8.995027e+01
1.000000e+02, 8.957455e+01
1.000000e+02, 8.920113e+01
1.000000e+02, 8.882998e+01
1.000000e+02, 8.846110e+01
1.000000e+02, 8.809444e+01
1.000000e+02, 8.773000e+01
1.000000e+02, 8.736775e+01
1.000000e+02, 8.700766e+01
1.000000e+02, 8.664971e+01
1.000000e+02, 8.629389e+01
1.000000e+02, 8.594018e+01
1.000000e+02, 8.558854e+01
1.000000e+02, 8.523897e+01
1.000000e+02, 8.489145e+01
1.000000e+02, 8.454594e+01
1.000000e+02, 8.420245e+01
1.000000e+02, 8.386094e+01
1.000000e+02, 8.352140e+01
1.000000e+02, 8.318381e+01
1.000000e+02, 8.284816e+01
1.000000e+02, 8.251443e+01
1.000000e+02, 8.218259e+01
1.000000e+02, 8.185264e+01
1.000000e+02, 8.152456e+01
1.000000e+02, 8.119832e+01
1.000000e+02, 8.087393e+01
1.000000e+02, 8.055135e+01
1.000000e+02, 8.023058e+01
1.000000e+02, 7.991160e+01
1.000000e+02, 7.959439e+01
1.000000e+02, 7.927895e+01
1.000000e+02, 7.896525e+01
1.000000e+02, 7.865329e+01
1.000000e+02, 7.834304e+01
1.000000e+02, 7.803450e+01
1.000000e+02, 7.772765e+01
1.000000e+02, 7.742248e+01
1.000000e+02, 7.711898e+01
1.000000e+02, 7.681713e+01
1.000000e+02, 7.651692e+01
1.000000e+02, 7.621834e+01
1.000000e+02, 7.592138e+01
1.000000e+02, 7.562602e+01
1.000000e+02, 7.533225e+01
1.000000e+02, 7.504006e+01
1.000000e+02, 7.474945e+01
1.000000e+02, 7.446039e+01
1.000000e+02, 7.417288e+01
1.000000e+02, 7.388691e+01
1.000000e+02, 7.360246e+01
1.000000e+02, 7.331953e+01
1.000000e+02, 7.303810e+01
1.000000e+02, 7.275817e+01
1.000000e+02, 7.247972e+01
1.000000e+02, 7.220274e+01
1.000000e+02, 7.192723e+01
1.000000e+02, 7.165318e+01
1.000000e+02, 7.138057e+01
1.000000e+02, 7.110939e+01
1.000000e+02, 7.083964e+01
1.000000e+02, 7.057131e+01
1.000000e+02, 7.030438e+01
1.000000e+02, 7.003886e+01
1.000000e+02, 6.977473e+01
1.000000e+02, 6.951197e+01
1.000000e+02, 6.925059e+01
1.000000e+02, 6.899058e+01
1.000000e+02, 6.873192e+01
1.000000e+02, 6.847461e+01
1.000000e+02, 6.821863e+01
1.000000e+02, 6.796399e+01
1.000000e+02, 6.771068e+01
1.000000e+02, 6.745868e+01
1.000000e+02, 6.720799e+01
1.000000e+02, 6.695860e+01
1.000000e+02, 6.671050e+01
1.000000e+02, 6.646369e+01
1.000000e+02, 6.621815e+01
1.000000e+02, 6.597389e+01
1.000000e+02, 6.573089e+01
1.000000e+02, 6.548915e+01
1.000000e+02, 6.524866e+01
1.000000e+02, 6.500941e+01
1.000000e+02, 6.477140e+01
1.000000e+02, 6.453462e+01
1.000000e+02, 6.429906e+01
1.000000e+02, 6.406471e+01
1.000000e+02, 6.383158e+01
1.000000e+02, 6.359965e+01
1.000000e+02, 6.336892e+01
1.000000e+02, 6.313938e+01
1.000000e+02, 6.291102e+01
1.000000e+02, 6.268385e+01
1.000000e+02, 6.245784e+01
1.000000e+02, 6.223300e+01
1.000000e+02, 6.200933e+01
1.000000e+02, 6.178681e+01
1.000000e+02, 6.156544e+01
1.000000e+02, 6.134521e+01
1.000000e+02, 6.112612e+01
1.000000e+02, 6.090816e+01
1.000000e+02, 6.069133e+01
1.000000e+02, 6.047563e+01
1.000000e+02, 6.026103e+01
1.000000e+02, 6.004756e+01
1.000000e+02, 5.983518e+01
1.000000e+02, 5.962391e+01
1.000000e+02, 5.941373e+01
1.000000e+02, 5.920464e+01
1.000000e+02, 5.899664e+01
1.000000e+02, 5.878972e+01
1.000000e+02, 5.858388e+01
1.000000e+02, 5.837911e+01
1.000000e+02, 5.817540e+01
1.000000e+02, 5.797275e+01
1.000000e+02, 5.777117e+01
1.000000e+02, 5.757063e+01
1.000000e+02, 5.737114e+01
1.000000e+02, 5.717270e+01
1.000000e+02, 5.697529e+01
1.000000e+02, 5.677892e+01
1.000000e+02, 5.658358e+01
1.000000e+02, 5.638926e+01
1.000000e+02, 5.619597e+01
1.000000e+02, 5.600369e+01
1.000000e+02, 5.581242e+01
1.000000e+02, 5.562217e+01
1.000000e+02, 5.543292e+01
1.000000e+02, 5.524467e+01
1.000000e+02, 5.505741e+01
1.000000e+02, 5.487115e+01
1.000000e+02, 5.468588e+01
1.000000e+02, 5.450159e+01
1.000000e+02, 5.431829e+01
1.000000e+02, 5.413596e+01
1.000000e+02, 5.395460e+01
1.000000e+02, 5.377422e+01
1.000000e+02, 5.359480e+01
1.000000e+02, 5.341634e+01
1.000000e+02, 5.323885e+01
1.000000e+02, 5.306230e+01
1.000000e+02, 5.288671e+01
1.000000e+02, 5.271207e+01
1.000000e+02, 5.253837e+01
1.000000e+02, 5.236562e+01
1.000000e+02, 5.219380e+01
1.000000e+02, 5.202292e+01
1.000000e+02, 5.185296e+01
1.000000e+02, 5.168394e+01
1.000000e+02, 5.151584e+01
1.000000e+02, 5.134866e+01
1.000000e+02, 5.118240e+01
1.000000e+02, 5.101706e+01
1.000000e+02, 5.085263e+01
1.000000e+02, 5.068911e+01
1.000000e+02, 5.052649e+01
1.000000e+02, 5.036477e+01
1.000000e+02, 5.020396e+01
1.000000e+02, 5.004404e+01
1.000000e+02, 4.988502e+01
1.000000e+02, 4.972689e+01
1.000000e+02, 4.956965e+01
1.000000e+02, 4.941329e+01
1.000000e+02, 4.925781e+01
1.000000e+02, 4.910322e+01
1.000000e+02, 4.894950e+01
1.000000e+02, 4.879665e+01
1.000000e+02, 4.864468e+01
1.000000e+02, 4.849357e+01
1.000000e+02, 4.834334e+01
1.000000e+02, 4.819396e+01
1.000000e+02, 4.804545e+01
1.000000e+02, 4.789779e+01
1.000000e+02, 4.775099e+01
1.000000e+02, 4.760504e+01
1.000000e+02, 4.745995e+01
1.000000e+02, 4.731570e+01
1.000000e+02, 4.717230e+01
1.000000e+02, 4.702974e+01
1.000000e+02, 4.688802e+01
1.000000e+02, 4.674714e+01
1.000000e+02, 4.660710e+01
1.000000e+02, 4.646789e+01
1.000000e+02, 4.632951e+01
1.000000e+02, 4.619196e+01
1.000000e+02, 4.605524e+01
1.000000e+02, 4.591934e+01
1.000000e+02, 4.578427e+01
1.000000e+02, 4.565001e+01
1.000000e+02, 4.551658e+01
1.000000e+02, 4.538396e+01
1.000000e+02, 4.525215e+01
1.000000e+02, 4.512115e+01
1.000000e+02, 4.499097e+01
1.000000e+02, 4.486159e+01
1.000000e+02, 4.473301e+01
1.000000e+02, 4.460524e+01
1.000000e+02, 4.447827e+01
1.000000e+02, 4.435210e+01
1.000000e+02, 4.422673e+01
1.000000e+02, 4.410215e+01
1.000000e+02, 4.397837e+01
1.000000e+02, 4.385537e+01
1.000000e+02, 4.373317e+01
1.000000e+02, 4.361175e+01
1.000000e+02, 4.349112e+01
1.000000e+02, 4.337127e+01
1.000000e+02, 4.325221e+01
1.000000e+02, 4.313392e+01
1.000000e+02, 4.301642e+01
1.000000e+02, 4.289969e+01
1.000000e+02, 4.278373e+01
1.000000e+02, 4.266855e+01
1.000000e+02, 4.255414e+01
1.000000e+02, 4.244049e+01
1.000000e+02, 4.232762e+01
1.000000e+02, 4.221551e+01
1.000000e+02, 4.210417e+01
1.000000e+02, 4.199359e+01
1.000000e+02, 4.188377e+01
1.000000e+02, 4.177471e+01
1.000000e+02, 4.166640e+01
1.000000e+02, 4.155886e+01
1.000000e+02, 4.145207e+01
1.000000e+02, 4.134603e+01
1.000000e+02, 4.124074e+01
1.000000e+02, 4.113621e+01
1.000000e+02, 4.103242e+01
1.000000e+02, 4.092938e+01
1.000000e+02, 4.082708e+01
1.000000e+02, 4.072553e+01
1.000000e+02, 4.062472e+01
1.000000e+02, 4.052466e+01
1.000000e+02, 4.042533e+01
1.000000e+02, 4.032674e+01
1.000000e+02, 4.022889e+01
1.000000e+02, 4.013177e+01
1.000000e+02, 4.003539e+01
1.000000e+02, 3.993974e+01
1.000000e+02, 3.984482e+01
1.000000e+02, 3.975063e+01
1.000000e+02, 3.965717e+01
1.000000e+02, 3.956444e+01
1.000000e+02, 3.947244e+01
1.000000e+02, 3.938116e+01
1.000000e+02, 3.929060e+01
1.000000e+02, 3.920077e+01
1.000000e+02, 3.911165e+01
1.000000e+02, 3.902326e+01
1.000000e+02, 3.893559e+01
1.000000e+02, 3.884863e+01
1.000000e+02, 3.876239e+01
1.000000e+02, 3.867687e+01
1.000000e+02, 3.859205e+01
1.000000e+02, 3.850796e+01
1.000000e+02, 3.842457e+01
1.000000e+02, 3.834190e+01
1.000000e+02, 3.825993e+01
1.000000e+02, 3.817867e+01
1.000000e+02, 3.809812e+01
1.000000e+02, 3.801828e+01
1.000000e+02, 3.793914e+01
1.000000e+02, 3.786070e+01
1.000000e+02, 3.778297e+01
1.000000e+02, 3.770594e+01
1.000000e+02, 3.762961e+01
1.000000e+02, 3.755398e+01
1.000000e+02, 3.747905e+01
1.000000e+02, 3.740482e+01
1.000000e+02, 3.733129e+01
1.000000e+02, 3.725845e+01
1.000000e+02, 3.718631e+01
1.000000e+02, 3.711486e+01
1.000000e+02, 3.704410e+01
1.000000e+02, 3.697404e+01
1.000000e+02, 3.690466e+01
1.000000e+02, 3.683598e+01
1.000000e+02, 3.676799e+01
1.000000e+02, 3.670069e+01
1.000000e+02, 3.663407e+01
1.000000e+02, 3.656814e+01
1.000000e+02, 3.650290e+01
1.000000e+02, 3.643834e+01
1.000000e+02, 3.637447e+01
1.000000e+02, 3.631128e+01
1.000000e+02, 3.624877e+01
1.000000e+02, 3.618695e+01
1.000000e+02, 3.612580e+01
1.000000e+02, 3.606534e+01
1.000000e+02, 3.600556e+01
1.000000e+02, 3.594645e+01
1.000000e+02, 3.588802e+01
1.000000e+02, 3.583028e+01
1.000000e+02, 3.577320e+01
1.000000e+02, 3.571681e+01
1.000000e+02, 3.566109e+01
1.000000e+02, 3.560604e+01
1.000000e+02, 3.555167e+01
1.000000e+02, 3.549797e+01
1.000000e+02, 3.544494e+01
1.000000e+02, 3.539258e+01
1.000000e+02, 3.534090e+01
1.000000e+02, 3.528989e+01
1.000000e+02, 3.523954e+01
1.000000e+02, 3.518987e+01
1.000000e+02, 3.514086e+01
1.000000e+02, 3.509253e+01
1.000000e+02, 3.504485e+01
1.000000e+02, 3.499785e+01
1.000000e+02, 3.495151e+01
1.000000e+02, 3.490584e+01
1.000000e+02, 3.486084e+01
1.000000e+02, 3.481649e+01
1.000000e+02, 3.477282e+01
1.000000e+02, 3.472980e+01
1.000000e+02, 3.468745e+01
1.000000e+02, 3.464576e+01
1.000000e+02, 3.460473e+01
1.000000e+02, 3.456437e+01
1.000000e+02, 3.452466e+01
1.000000e+02, 3.448562e+01
1.000000e+02, 3.444723e+01
1.000000e+02, 3.440951e+01
1.000000e+02, 3.437244e+01
1.000000e+02, 3.433604e+01
1.000000e+02, 3.430029e+01
1.000000e+02, 3.426519e+01
1.000000e+02, 3.423076e+01
1.000000e+02, 3.419698e+01
1.000000e+02, 3.416386e+01
1.000000e+02, 3.413140e+01
1.000000e+02, 3.409959e+01
1.000000e+02, 3.406843e+01
1.000000e+02, 3.403793e+01
1.000000e+02, 3.400809e+01
1.000000e+02, 3.397890e+01
1.000000e+02, 3.395036e+01
1.000000e+02, 3.392247e+01
1.000000e+02, 3.389524e+01
1.000000e+02, 3.386867e+01
1.000000e+02, 3.384274e+01
1.000000e+02, 3.381747e+01
1.000000e+02, 3.379285e+01
1.000000e+02, 3.376888e+01
1.000000e+02, 3.374556e+01
1.000000e+02, 3.372289e+01
1.000000e+02, 3.370087e+01
1.000000e+02, 3.367951e+01
1.000000e+02, 3.365879e+01
1.000000e+02, 3.363872e+01
1.000000e+02, 3.361930e+01
1.000000e+02, 3.360054e+01
1.000000e+02, 3.358242e+01
1.000000e+02, 3.356495e+01
1.000000e+02, 3.354813e+01
1.000000e+02, 3.353196e+01
1.000000e+02, 3.351643e+01
1.000000e+02, 3.350156e+01
1.000000e+02, 3.348733e+01
1.000000e+02, 3.347375e+01
1.000000e+02, 3.346082e+01
1.000000e+02, 3.344854e+01
1.000000e+02, 3.343690e+01
1.000000e+02, 3.342591e+01
1.000000e+02, 3.341557e+01
1.000000e+02, 3.340587e+01
1.000000e+02, 3.339682e+01
1.000000e+02, 3.338842e+01
1.000000e+02, 3.338067e+01
1.000000e+02, 3.337356e+01
1.000000e+02, 3.336709e+01
1.000000e+02, 3.336128e+01
1.000000e+02, 3.335611e+01
1.000000e+02, 3.335159e+01
1.000000e+02, 3.334771e+01
1.000000e+02, 3.334448e+01
1.000000e+02, 3.334190e+01
1.000000e+02, 3.333996e+01
1.000000e+02, 3.333866e+01
1.000000e+02, 3.333802e+01
1.000000e+02, 3.333802e+01
1.000000e+02, 3.333866e+01
1.000000e+02, 3.333996e+01
1.000000e+02, 3.334190e+01
1.000000e+02, 3.334448e+01
1.000000e+02, 3.334771e+01
1.000000e+02, 3.335159e+01
1.000000e+02, 3.335611e+01
1.000000e+02, 3.336128e+01
1.000000e+02, 3.336709e+01
1.000000e+02, 3.337356e+01
1.000000e+02, 3.338067e+01
1.000000e+02, 3.338842e+01
1.000000e+02, 3.339682e+01
1.000000e+02, 3.340587e+01
1.000000e+02, 3.341557e+01
1.000000e+02, 3.342591e+01
1.000000e+02, 3.343690e+01
1.000000e+02, 3.344854e+01
1.000000e+02, 3.346082e+01
1.000000e+02, 3.347375e+01
1.000000e+02, 3.348733e+01
1.000000e+02, 3.350156e+01
1.000000e+02, 3.351643e+01
1.000000e+02, 3.353196e+01
1.000000e+02, 3.354813e+01
1.000000e+02, 3.356495e+01
1.000000e+02, 3.358242e+01
1.000000e+02, 3.360054e+01
1.000000e+02, 3.361930e+01
1.000000e+02, 3.363872e+01
1.000000e+02, 3.365879e+01
1.000000e+02, 3.367951e+01
1.000000e+02, 3.370087e+01
1.000000e+02, 3.372289e+01
1.000000e+02, 3.374556e+01
1.000000e+02, 3.376888e+01
1.000000e+02, 3.379285e+01
1.000000e+02, 3.381747e+01
1.000000e+02, 3.384274e+01
1.000000e+02, 3.386867e+01
1.000000e+02, 3.389524e+01
1.000000e+02, 3.392247e+01
1.000000e+02, 3.395036e+01
1.000000e+02, 3.397890e+01
1.000000e+02, 3.400809e+01
1.000000e+02, 3.403793e+01
1.000000e+02, 3.406843e+01
1.000000e+02, 3.409959e+01
1.000000e+02, 3.413140e+01
1.000000e+02, 3.416386e+01
1.000000e+02, 3.419698e+01
1.000000e+02, 3.423076e+01
1.000000e+02, 3.426519e+01
1.000000e+02, 3.430029e+01
1.000000e+02, 3.433604e+01
1.000000e+02, 3.437244e+01
1.000000e+02, 3.440951e+01
1.000000e+02, 3.444723e+01
1.000000e+02, 3.448562e+01
1.000000e+02, 3.452466e+01
1.000000e+02, 3.456437e+01
1.000000e+02, 3.460473e+01
1.000000e+02, 3.464576e+01
1.000000e+02, 3.468745e+01
1.000000e+02, 3.472980e+01
1.000000e+02, 3.477282e+01
1.000000e+02, 3.481649e+01
1.000000e+02, 3.486084e+01
1.000000e+02, 3.490584e+01
1.000000e+02, 3.495151e+01
1.000000e+02, 3.499785e+01
1.000000e+02, 3.504485e+01
1.000000e+02, 3.509253e+01
1.000000e+02, 3.514086e+01
1.000000e+02, 3.518987e+01
1.000000e+02, 3.523954e+01
1.000000e+02, 3.528989e+01
1.000000e+02, 3.534090e+01
1.000000e+02, 3.539258e+01
1.000000e+02, 3.544494e+01
1.000000e+02, 3.549797e+01
1.000000e+02, 3.555167e+01
1.000000e+02, 3.560604e+01
1.000000e+02, 3.566109e+01
1.000000e+02, 3.571681e+01
1.000000e+02, 3.577320e+01
1.000000e+02, 3.583028e+01
1.000000e+02, 3.588802e+01
1.000000e+02, 3.594645e+01
1.000000e+02, 3.600556e+01
1.000000e+02, 3.606534e+01
1.000000e+02, 3.612580e+01
1.000000e+02, 3.618695e+01
1.000000e+02, 3.624877e+01
1.000000e+02, 3.631128e+01
1.000000e+02, 3.637447e+01
1.000000e+02, 3.643834e+01
1.000000e+02, 3.650290e+01
1.000000e+02, 3.656814e+01
1.000000e+02, 3.663407e+01
1.000000e+02, 3.670069e+01
1.000000e+02, 3.676799e+01
1.000000e+02, 3.683598e+01
1.000000e+02, 3.690466e+01
1.000000e+02, 3.697404e+01
1.000000e+02, 3.704410e+01
1.000000e+02, 3.711486e+01
1.000000e+02, 3.718631e+01
1.000000e+02, 3.725845e+01
1.000000e+02, 3.733129e+01
1.000000e+02, 3.740482e+01
1.000000e+02, 3.747906e+01
1.000000e+02, 3.755398e+01
1.000000e+02, 3.762961e+01
1.000000e+02, 3.770594e+01
1.000000e+02, 3.778297e+01
1.000000e+02, 3.786070e+01
1.000000e+02, 3.793914e+01
1.000000e+02, 3.801828e+01
1.000000e+02, 3.809812e+01
1.000000e+02, 3.817867e+01
1.000000e+02, 3.825993e+01
1.000000e+02, 3.834190e+01
1.000000e+02, 3.842457e+01
1.000000e+02, 3.850796e+01
1.000000e+02, 3.859206e+01
1.000000e+02, 3.867687e+01
1.000000e+02, 3.876239e+01
1.000000e+02, 3.884863e+01
1.000000e+02, 3.893559e+01
1.000000e+02, 3.902326e+01
1.000000e+02, 3.911165e+01
1.000000e+02, 3.920077e+01
1.000000e+02, 3.929060e+01
1.000000e+02, 3.938116e+01
1.000000e+02, 3.947244e+01
1.000000e+02, 3.956444e+01
1.000000e+02, 3.965717e+01
1.000000e+02, 3.975063e+01
1.000000e+02, 3.984482e+01
1.000000e+02, 3.993974e+01
1.000000e+02, 4.003539e+01
1.000000e+02, 4.013177e+01
1.000000e+02, 4.022889e+01
1.000000e+02, 4.032674e+01
1.000000e+02, 4.042533e+01
1.000000e+02, 4.052466e+01
1.000000e+02, 4.062472e+01
1.000000e+02, 4.072553e+01
1.000000e+02, 4.082708e+01
1.000000e+02, 4.092938e+01
1.000000e+02, 4.103242e+01
1.000000e+02, 4.113621e+01
1.000000e+02, 4.124074e+01
1.000000e+02, 4.134603e+01
1.000000e+02, 4.145207e+01
1.000000e+02, 4.155886e+01
1.000000e+02, 4.166641e+01
1.000000e+02, 4.177471e+01
1.000000e+02, 4.188377e+01
1.000000e+02, 4.199359e+01
1.000000e+02, 4.210417e+01
1.000000e+02, 4.221551e+01
1.000000e+02, 4.232762e+01
1.000000e+02, 4.244049e+01
1.000000e+02, 4.255414e+01
1.000000e+02, 4.266855e+01
1.000000e+02, 4.278373e+01
1.000000e+02, 4.289969e+01
1.000000e+02, 4.301642e+01
1.000000e+02, 4.313392e+01
1.000000e+02, 4.325221e+01
1.000000e+02, 4.337127e+01
1.000000e+02, 4.349112e+01
1.000000e+02, 4.361175e+01
1.000000e+02, 4.373317e+01
1.000000e+02, 4.385537e+01
1.000000e+02, 4.397837e+01
1.000000e+02, 4.410215e+01
1.000000e+02, 4.422673e+01
1.000000e+02, 4.435210e+01
1.000000e+02, 4.447827e+01
1.000000e+02, 4.460524e+01
1.000000e+02, 4.473301e+01
1.000000e+02, 4.486159e+01
1.000000e+02, 4.499097e+01
1.000000e+02, 4.512115e+01
1.000000e+02, 4.525215e+01
1.000000e+02, 4.538396e+01
1.000000e+02, 4.551658e+01
1.000000e+02, 4.565001e+01
1.000000e+02, 4.578427e+01
1.000000e+02, 4.591934e+01
1.000000e+02, 4.605524e+01
1.000000e+02, 4.619196e+01
1.000000e+02, 4.632951e+01
1.000000e+02, 4.646789e+01
1.000000e+02, 4.660710e+01
1.000000e+02, 4.674714e+01
1.000000e+02, 4.688802e+01
1.000000e+02, 4.702974e+01
1.000000e+02, 4.717230e+01
1.000000e+02, 4.731570e+01
1.000000e+02, 4.745995e+01
1.000000e+02, 4.760504e+01
1.000000e+02, 4.775099e+01
1.000000e+02, 4.789779e+01
1.000000e+02, 4.804545e+01
1.000000e+02, 4.819396e+01
1.000000e+02, 4.834334e+01
1.000000e+02, 4.849357e+01
1.000000e+02, 4.864468e+01
1.000000e+02, 4.879665e+01
1.000000e+02, 4.894950e+01
1.000000e+02, 4.910322e+01
1.000000e+02, 4.925781e+01
1.000000e+02, 4.941329e+01
1.000000e+02, 4.956965e+01
1.000000e+02, 4.972689e+01
1.000000e+02, 4.988502e+01
1.000000e+02, 5.004404e+01
1.000000e+02, 5.020396e+01
1.000000e+02, 5.036478e+01
1.000000e+02, 5.052649e+01
1.000000e+02, 5.068911e+01
1.000000e+02, 5.085263e+01
1.000000e+02, 5.101706e+01
1.000000e+02, 5.118240e+01
1.000000e+02, 5.134866e+01
1.000000e+02, 5.151584e+01
1.000000e+02, 5.168394e+01
1.000000e+02, 5.185296e+01
1.000000e+02, 5.202292e+01
1.000000e+02, 5.219380e+01
1.000000e+02, 5.236562e+01
1.000000e+02, 5.253837e+01
1.000000e+02, 5.271207e+01
1.000000e+02, 5.288671e+01
1.000000e+02, 5.306230e+01
1.000000e+02, 5.323885e+01
1.000000e+02, 5.341634e+01
1.000000e+02, 5.359480e+01
1.000000e+02, 5.377422e+01
1.000000e+02, 5.395461e+01
1.000000e+02, 5.413596e+01
1.000000e+02, 5.431829e+01
1.000000e+02, 5.450159e+01
1.000000e+02, 5.468588e+01
1.000000e+02, 5.487115e+01
1.000000e+02, 5.505741e+01
1.000000e+02, 5.524467e+01
1.000000e+02, 5.543292e+01
1.000000e+02, 5.562217e+01
1.000000e+02, 5.581243e+01
1.000000e+02, 5.600369e+01
1.000000e+02, 5.619597e+01
1.000000e+02, 5.638926e+01
1.000000e+02, 5.658358e+01
1.000000e+02, 5.677892e+01
1.000000e+02, 5.697529e+01
1.000000e+02, 5.717270e+01
1.000000e+02, 5.737114e+01
1.000000e+02, 5.757063e+01
1.000000e+02, 5.777117e+01
1.000000e+02, 5.797276e+01
1.000000e+02, 5.817540e+01
1.000000e+02, 5.837911e+01
1.000000e+02, 5.858388e+01
1.000000e+02, 5.878972e+01
1.000000e+02, 5.899664e+01
1.000000e+02, 5.920465e+01
1.000000e+02, 5.941373e+01
1.000000e+02, 5.962391e+01
1.000000e+02, 5.983518e+01
1.000000e+02, 6.004756e+01
1.000000e+02, 6.026104e+01
1.000000e+02, 6.047563e+01
1.000000e+02, 6.069133e+01
1.000000e+02, 6.090816e+01
1.000000e+02, 6.112612e+01
1.000000e+02, 6.134521e+01
1.000000e+02, 6.156544e+01
1.000000e+02, 6.178681e+01
1.000000e+02, 6.200933e+01
1.000000e+02, 6.223301e+01
1.000000e+02, 6.245784e+01
1.000000e+02, 6.268385e+01
1.000000e+02, 6.291102e+01
1.000000e+02, 6.313938e+01
1.000000e+02, 6.336892e+01
1.000000e+02, 6.359965e+01
1.000000e+02, 6.383158e+01
1.000000e+02, 6.406471e+01
1.000000e+02, 6.429906e+01
1.000000e+02, 6.453462e+01
1.000000e+02, 6.477140e+01
1.000000e+02, 6.500941e+01
1.000000e+02, 6.524866e+01
1.000000e+02, 6.548915e+01
1.000000e+02, 6.573089e+01
1.000000e+02, 6.597389e+01
1.000000e+02, 6.621815e+01
1.000000e+02, 6.646369e+01
1.000000e+02, 6.671050e+01
1.000000e+02, 6.695860e+01
1.000000e+02, 6.720799e+01
1.000000e+02, 6.745868e+01
1.000000e+02, 6.771068e+01
1.000000e+02, 6.796400e+01
1.000000e+02, 6.821864e+01
1.000000e+02, 6.847461e+01
1.000000e+02, 6.873192e+01
1.000000e+02, 6.899058e+01
1.000000e+02, 6.925059e+01
1.000000e+02, 6.951197e+01
1.000000e+02, 6.977473e+01
1.000000e+02, 7.003886e+01
1.000000e+02, 7.030439e+01
1.000000e+02, 7.057131e+01
1.000000e+02, 7.083964e+01
1.000000e+02, 7.110939e+01
1.000000e+02, 7.138057e+01
1.000000e+02, 7.165318e+01
1.000000e+02, 7.192723e+01
1.000000e+02, 7.220274e+01
1.000000e+02, 7.247972e+01
1.000000e+02, 7.275817e+01
1.000000e+02, 7.303810e+01
1.000000e+02, 7.331953e+01
1.000000e+02, 7.360246e+01
1.000000e+02, 7.388691e+01
1.000000e+02, 7.417288e+01
1.000000e+02, 7.446039e+01
1.000000e+02, 7.474945e+01
1.000000e+02, 7.504007e+01
1.000000e+02, 7.533225e+01
1.000000e+02, 7.562602e+01
1.000000e+02, 7.592138e+01
1.000000e+02, 7.621834e+01
1.000000e+02, 7.651692e+01
1.000000e+02, 7.681713e+01
1.000000e+02, 7.711898e+01
1.000000e+02, 7.742248e+01
1.000000e+02, 7.772765e+01
1.000000e+02, 7.803450e+01
1.000000e+02, 7.834304e+01
1.000000e+02, 7.865329e+01
1.000000e+02, 7.896525e+01
1.000000e+02, 7.927895e+01
1.000000e+02, 7.959439e+01
1.000000e+02, 7.991160e+01
1.000000e+02, 8.023058e+01
1.000000e+02, 8.055135e+01
1.000000e+02, 8.087393e+01
1.000000e+02, 8.119832e+01
1.000000e+02, 8.152456e+01
1.000000e+02, 8.185264e+01
1.000000e+02, 8.218259e+01
1.000000e+02, 8.251443e+01
1.000000e+02, 8.284816e+01
1.000000e+02, 8.318382e+01
1.000000e+02, 8.352140e+01
1.000000e+02, 8.386094e+01
1.000000e+02, 8.420245e+01
1.000000e+02, 8.454595e+01
1.000000e+02, 8.489145e+01
1.000000e+02, 8.523897e+01
1.000000e+02, 8.558854e+01
1.000000e+02, 8.594018e+01
1.000000e+02, 8.629390e+01
1.000000e+02, 8.664972e+01
1.000000e+02, 8.700766e+01
1.000000e+02, 8.736775e+01
1.000000e+02, 8.773000e+01
1.000000e+02, 8.809445e+01
1.000000e+02, 8.846110e+01
1.000000e+02, 8.882998e+01
1.000000e+02, 8.920113e+01
1.000000e+02, 8.957455e+01
1.000000e+02, 8.995027e+01
1.000000e+02, 9.032833e+01
1.000000e+02, 9.070873e+01
1.000000e+02, 9.109152e+01
1.000000e+02, 9.147671e+01
1.000000e+02, 9.186433e+01
1.000000e+02, 9.225441e+01
1.000000e+02, 9.264698e+01
1.000000e+02, 9.304206e+01
1.000000e+02, 9.343968e+01
1.000000e+02, 9.383988e+01
1.000000e+02, 9.424268e+01
1.000000e+02, 9.464812e+01
1.000000e+02, 9.505623e+01
1.000000e+02, 9.546703e+01
1.000000e+02, 9.588056e+01
1.000000e+02, 9.629687e+01
1.000000e+02, 9.671597e+01
1.000000e+02, 9.713791e+01
1.000000e+02, 9.756272e+01
1.000000e+02, 9.799044e+01
1.000000e+02, 9.842111e+01
1.000000e+02, 9.885477e+01
1.000000e+02, 9.929146e+01
1.000000e+02, 9.973121e+01
1.000000e+02, 1.001741e+02
1.000000e+02, 1.006201e+02
1.000000e+02, 1.010693e+02
1.000000e+02, 1.015218e+02
1.000000e+02, 1.019775e+02
1.000000e+02, 1.024366e+02
1.000000e+02, 1.028991e+02
1.000000e+02, 1.033650e+02
1.000000e+02, 1.038344e+02
1.000000e+02, 1.043074e+02
1.000000e+02, 1.047839e+02
1.000000e+02, 1.052642e+02
1.000000e+02, 1.057481e+02
1.000000e+02, 1.062358e+02
1.000000e+02, 1.067273e+02
1.000000e+02, 1.072228e+02
1.000000e+02, 1.077222e+02
1.000000e+02, 1.082256e+02
1.000000e+02, 1.087331e+02
1.000000e+02, 1.092449e+02
1.000000e+02, 1.097608e+02
1.000000e+02, 1.102811e+02
1.000000e+02, 1.108058e+02
1.000000e+02, 1.113350e+02
1.000000e+02, 1.118687e+02
1.000000e+02, 1.124071e+02
1.000000e+02, 1.129503e+02
1.000000e+02, 1.134983e+02
1.000000e+02, 1.140512e+02
1.000000e+02, 1.146092e+02
1.000000e+02, 1.151723e+02
1.000000e+02, 1.157407e+02
1.000000e+02, 1.163144e+02
1.000000e+02, 1.168937e+02
1.000000e+02, 1.174785e+02
1.000000e+02, 1.180690e+02
1.000000e+02, 1.186654e+02
1.000000e+02, 1.192678e+02
1.000000e+02, 1.198764e+02
1.000000e+02, 1.204912e+02
1.000000e+02, 1.211125e+02
1.000000e+02, 1.217403e+02
1.000000e+02, 1.223750e+02
1.000000e+02, 1.230165e+02
1.000000e+02, 1.236653e+02
1.000000e+02, 1.243213e+02
1.000000e+02, 1.249848e+02
1.000000e+02, 1.256561e+02
1.000000e+02, 1.263354e+02
1.000000e+02, 1.270229e+02
1.000000e+02, 1.277188e+02
1.000000e+02, 1.284234e+02
1.000000e+02, 1.291370e+02
1.000000e+02, 1.298598e+02
1.000000e+02, 1.305922e+02
1.000000e+02, 1.313346e+02
1.000000e+02, 1.320872e+02
1.000000e+02, 1.328503e+02
1.000000e+02, 1.336245e+02
1.000000e+02, 1.344101e+02
1.000000e+02, 1.352076e+02
1.000000e+02, 1.360173e+02
1.000000e+02, 1.368400e+02
1.000000e+02, 1.376759e+02
1.000000e+02, 1.385259e+02
1.000000e+02, 1.393904e+02
1.000000e+02, 1.402702e+02
1.000000e+02, 1.411659e+02
1.000000e+02, 1.420785e+02
1.000000e+02, 1.430087e+02
1.000000e+02, 1.439575e+02
1.000000e+02, 1.449259e+02
1.000000e+02, 1.459151e+02
1.000000e+02, 1.469263e+02
1.000000e+02, 1.479609e+02
1.000000e+02, 1.490205e+02
1.000000e+02, 1.501068e+02
1.000000e+02, 1.512216e+02
1.000000e+02, 1.523673e+02
1.000000e+02, 1.535462e+02
1.000000e+02, 1.547612e+02
1.000000e+02, 1.560157e+02
1.000000e+02, 1.573134e+02
1.000000e+02, 1.586589e+02
1.000000e+02, 1.600574e+02
1.000000e+02, 1.615155e+02
1.000000e+02, 1.630410e+02
1.000000e+02, 1.646437e+02
1.000000e+02, 1.663362e+02
1.000000e+02, 1.681347e+02
1.000000e+02, 1.700614e+02
1.000000e+02, 1.721473e+02
1.000000e+02, 1.744387e+02
1.000000e+02, 1.770106e+02
1.000000e+02, 1.800000e+02
##END= 