##TITLE= /opt/topspin3.0/exp/stan/nmr/lists/wave/user/HypSec_trunc2.84_110
##JCAMP-DX= 5.00 Bruker JCAMP library
##DATA TYPE= Shape Data
##ORIGIN= Bruker BioSpin GmbH
##OWNER= <nmrsu>
##DATE= 15/02/24
##TIME= 16:15:04
##MINX= 1.164538e+01
##MAXX= 9.999960e+01
##MINY= 2.546774e-02
##MAXY= 3.585574e+02
##$SHAPE_EXMODE= Adiabatic
##$SHAPE_TOTROT= 1.800000e+02
##$SHAPE_BWFAC= 1.929340e+02
##$SHAPE_INTEGFAC= 2.356110e-02
##$SHAPE_MODE= 0
##NPOINTS= 1000
##XYPOINTS= (XY..XY)
1.000000e+02, 1.800000e+02
1.000000e+02, 1.777746e+02
1.000000e+02, 1.758599e+02
1.000000e+02, 1.741541e+02
1.000000e+02, 1.726013e+02
1.000000e+02, 1.711670e+02
1.000000e+02, 1.698280e+02
1.000000e+02, 1.685681e+02
1.000000e+02, 1.673750e+02
1.000000e+02, 1.662393e+02
1.000000e+02, 1.651539e+02
1.000000e+02, 1.641127e+02
1.000000e+02, 1.631111e+02
1.000000e+02, 1.621450e+02
1.000000e+02, 1.612111e+02
1.000000e+02, 1.603066e+02
1.000000e+02, 1.594290e+02
1.000000e+02, 1.585761e+02
1.000000e+02, 1.577461e+02
1.000000e+02, 1.569375e+02
1.000000e+02, 1.561487e+02
1.000000e+02, 1.553785e+02
1.000000e+02, 1.546257e+02
1.000000e+02, 1.538893e+02
1.000000e+02, 1.531683e+02
1.000000e+02, 1.524620e+02
1.000000e+02, 1.517695e+02
1.000000e+02, 1.510902e+02
1.000000e+02, 1.504233e+02
1.000000e+02, 1.497684e+02
1.000000e+02, 1.491248e+02
1.000000e+02, 1.484921e+02
1.000000e+02, 1.478697e+02
1.000000e+02, 1.472574e+02
1.000000e+02, 1.466545e+02
1.000000e+02, 1.460609e+02
1.000000e+02, 1.454760e+02
1.000000e+02, 1.448997e+02
1.000000e+02, 1.443315e+02
1.000000e+02, 1.437713e+02
1.000000e+02, 1.432187e+02
1.000000e+02, 1.426734e+02
1.000000e+02, 1.421353e+02
1.000000e+02, 1.416041e+02
1.000000e+02, 1.410795e+02
1.000000e+02, 1.405615e+02
1.000000e+02, 1.400497e+02
1.000000e+02, 1.395440e+02
1.000000e+02, 1.390443e+02
1.000000e+02, 1.385503e+02
1.000000e+02, 1.380619e+02
1.000000e+02, 1.375790e+02
1.000000e+02, 1.371014e+02
1.000000e+02, 1.366289e+02
1.000000e+02, 1.361615e+02
1.000000e+02, 1.356990e+02
1.000000e+02, 1.352413e+02
1.000000e+02, 1.347883e+02
1.000000e+02, 1.343398e+02
1.000000e+02, 1.338958e+02
1.000000e+02, 1.334562e+02
1.000000e+02, 1.330208e+02
1.000000e+02, 1.325896e+02
1.000000e+02, 1.321625e+02
1.000000e+02, 1.317394e+02
1.000000e+02, 1.313202e+02
1.000000e+02, 1.309048e+02
1.000000e+02, 1.304932e+02
1.000000e+02, 1.300852e+02
1.000000e+02, 1.296809e+02
1.000000e+02, 1.292800e+02
1.000000e+02, 1.288827e+02
1.000000e+02, 1.284888e+02
1.000000e+02, 1.280982e+02
1.000000e+02, 1.277108e+02
1.000000e+02, 1.273267e+02
1.000000e+02, 1.269458e+02
1.000000e+02, 1.265679e+02
1.000000e+02, 1.261932e+02
1.000000e+02, 1.258214e+02
1.000000e+02, 1.254526e+02
1.000000e+02, 1.250866e+02
1.000000e+02, 1.247236e+02
1.000000e+02, 1.243633e+02
1.000000e+02, 1.240058e+02
1.000000e+02, 1.236511e+02
1.000000e+02, 1.232990e+02
1.000000e+02, 1.229495e+02
1.000000e+02, 1.226027e+02
1.000000e+02, 1.222584e+02
1.000000e+02, 1.219166e+02
1.000000e+02, 1.215773e+02
1.000000e+02, 1.212405e+02
1.000000e+02, 1.209061e+02
1.000000e+02, 1.205740e+02
1.000000e+02, 1.202443e+02
1.000000e+02, 1.199170e+02
1.000000e+02, 1.195919e+02
1.000000e+02, 1.192690e+02
1.000000e+02, 1.189484e+02
1.000000e+02, 1.186300e+02
1.000000e+02, 1.183138e+02
1.000000e+02, 1.179997e+02
1.000000e+02, 1.176877e+02
1.000000e+02, 1.173778e+02
1.000000e+02, 1.170699e+02
1.000000e+02, 1.167641e+02
1.000000e+02, 1.164603e+02
1.000000e+02, 1.161584e+02
1.000000e+02, 1.158586e+02
1.000000e+02, 1.155607e+02
1.000000e+02, 1.152646e+02
1.000000e+02, 1.149705e+02
1.000000e+02, 1.146783e+02
1.000000e+02, 1.143879e+02
1.000000e+02, 1.140993e+02
1.000000e+02, 1.138126e+02
1.000000e+02, 1.135276e+02
1.000000e+02, 1.132444e+02
1.000000e+02, 1.129630e+02
1.000000e+02, 1.126833e+02
1.000000e+02, 1.124053e+02
1.000000e+02, 1.121290e+02
1.000000e+02, 1.118544e+02
1.000000e+02, 1.115814e+02
1.000000e+02, 1.113101e+02
1.000000e+02, 1.110404e+02
1.000000e+02, 1.107724e+02
1.000000e+02, 1.105059e+02
1.000000e+02, 1.102410e+02
1.000000e+02, 1.099777e+02
1.000000e+02, 1.097159e+02
1.000000e+02, 1.094557e+02
1.000000e+02, 1.091970e+02
1.000000e+02, 1.089398e+02
1.000000e+02, 1.086840e+02
1.000000e+02, 1.084298e+02
1.000000e+02, 1.081770e+02
1.000000e+02, 1.079257e+02
1.000000e+02, 1.076759e+02
1.000000e+02, 1.074274e+02
1.000000e+02, 1.071804e+02
1.000000e+02, 1.069347e+02
1.000000e+02, 1.066905e+02
1.000000e+02, 1.064476e+02
1.000000e+02, 1.062061e+02
1.000000e+02, 1.059660e+02
1.000000e+02, 1.057272e+02
1.000000e+02, 1.054897e+02
1.000000e+02, 1.052536e+02
1.000000e+02, 1.050188e+02
1.000000e+02, 1.047852e+02
1.000000e+02, 1.045530e+02
1.000000e+02, 1.043220e+02
1.000000e+02, 1.040923e+02
1.000000e+02, 1.038639e+02
1.000000e+02, 1.036367e+02
1.000000e+02, 1.034108e+02
1.000000e+02, 1.031861e+02
1.000000e+02, 1.029626e+02
1.000000e+02, 1.027403e+02
1.000000e+02, 1.025192e+02
1.000000e+02, 1.022994e+02
1.000000e+02, 1.020807e+02
1.000000e+02, 1.018632e+02
1.000000e+02, 1.016468e+02
1.000000e+02, 1.014316e+02
1.000000e+02, 1.012176e+02
1.000000e+02, 1.010047e+02
1.000000e+02, 1.007929e+02
1.000000e+02, 1.005823e+02
1.000000e+02, 1.003728e+02
1.000000e+02, 1.001644e+02
1.000000e+02, 9.995712e+01
1.000000e+02, 9.975093e+01
1.000000e+02, 9.954583e+01
1.000000e+02, 9.934181e+01
1.000000e+02, 9.913887e+01
1.000000e+02, 9.893699e+01
1.000000e+02, 9.873618e+01
1.000000e+02, 9.853642e+01
1.000000e+02, 9.833771e+01
1.000000e+02, 9.814004e+01
1.000000e+02, 9.794341e+01
1.000000e+02, 9.774780e+01
1.000000e+02, 9.755322e+01
1.000000e+02, 9.735965e+01
1.000000e+02, 9.716709e+01
1.000000e+02, 9.697554e+01
1.000000e+02, 9.678498e+01
1.000000e+02, 9.659542e+01
1.000000e+02, 9.640684e+01
1.000000e+02, 9.621924e+01
1.000000e+02, 9.603261e+01
1.000000e+02, 9.584695e+01
1.000000e+02, 9.566226e+01
1.000000e+02, 9.547852e+01
1.000000e+02, 9.529574e+01
1.000000e+02, 9.511390e+01
1.000000e+02, 9.493300e+01
1.000000e+02, 9.475303e+01
1.000000e+02, 9.457400e+01
1.000000e+02, 9.439589e+01
1.000000e+02, 9.421871e+01
1.000000e+02, 9.404244e+01
1.000000e+02, 9.386707e+01
1.000000e+02, 9.369262e+01
1.000000e+02, 9.351907e+01
1.000000e+02, 9.334641e+01
1.000000e+02, 9.317464e+01
1.000000e+02, 9.300376e+01
1.000000e+02, 9.283376e+01
1.000000e+02, 9.266464e+01
1.000000e+02, 9.249639e+01
1.000000e+02, 9.232901e+01
1.000000e+02, 9.216250e+01
1.000000e+02, 9.199685e+01
1.000000e+02, 9.183205e+01
1.000000e+02, 9.166810e+01
1.000000e+02, 9.150500e+01
1.000000e+02, 9.134274e+01
1.000000e+02, 9.118133e+01
1.000000e+02, 9.102074e+01
1.000000e+02, 9.086099e+01
1.000000e+02, 9.070207e+01
1.000000e+02, 9.054397e+01
1.000000e+02, 9.038669e+01
1.000000e+02, 9.023022e+01
1.000000e+02, 9.007457e+01
1.000000e+02, 8.991972e+01
1.000000e+02, 8.976568e+01
1.000000e+02, 8.961244e+01
1.000000e+02, 8.946000e+01
1.000000e+02, 8.930835e+01
1.000000e+02, 8.915750e+01
1.000000e+02, 8.900742e+01
1.000000e+02, 8.885814e+01
1.000000e+02, 8.870963e+01
1.000000e+02, 8.856190e+01
1.000000e+02, 8.841494e+01
1.000000e+02, 8.826875e+01
1.000000e+02, 8.812333e+01
1.000000e+02, 8.797867e+01
1.000000e+02, 8.783478e+01
1.000000e+02, 8.769164e+01
1.000000e+02, 8.754925e+01
1.000000e+02, 8.740761e+01
1.000000e+02, 8.726673e+01
1.000000e+02, 8.712659e+01
1.000000e+02, 8.698719e+01
1.000000e+02, 8.684852e+01
1.000000e+02, 8.671060e+01
1.000000e+02, 8.657341e+01
1.000000e+02, 8.643695e+01
1.000000e+02, 8.630121e+01
1.000000e+02, 8.616621e+01
1.000000e+02, 8.603192e+01
1.000000e+02, 8.589835e+01
1.000000e+02, 8.576550e+01
1.000000e+02, 8.563336e+01
1.000000e+02, 8.550194e+01
1.000000e+02, 8.537122e+01
1.000000e+02, 8.524121e+01
1.000000e+02, 8.511190e+01
1.000000e+02, 8.498329e+01
1.000000e+02, 8.485538e+01
1.000000e+02, 8.472817e+01
1.000000e+02, 8.460165e+01
1.000000e+02, 8.447582e+01
1.000000e+02, 8.435068e+01
1.000000e+02, 8.422623e+01
1.000000e+02, 8.410246e+01
1.000000e+02, 8.397937e+01
1.000000e+02, 8.385696e+01
1.000000e+02, 8.373522e+01
1.000000e+02, 8.361416e+01
1.000000e+02, 8.349378e+01
1.000000e+02, 8.337406e+01
1.000000e+02, 8.325501e+01
1.000000e+02, 8.313663e+01
1.000000e+02, 8.301891e+01
1.000000e+02, 8.290185e+01
1.000000e+02, 8.278545e+01
1.000000e+02, 8.266970e+01
1.000000e+02, 8.255462e+01
1.000000e+02, 8.244018e+01
1.000000e+02, 8.232640e+01
1.000000e+02, 8.221326e+01
1.000000e+02, 8.210077e+01
1.000000e+02, 8.198893e+01
1.000000e+02, 8.187773e+01
1.000000e+02, 8.176717e+01
1.000000e+02, 8.165724e+01
1.000000e+02, 8.154796e+01
1.000000e+02, 8.143931e+01
1.000000e+02, 8.133129e+01
1.000000e+02, 8.122391e+01
1.000000e+02, 8.111716e+01
1.000000e+02, 8.101103e+01
1.000000e+02, 8.090553e+01
1.000000e+02, 8.080065e+01
1.000000e+02, 8.069640e+01
1.000000e+02, 8.059276e+01
1.000000e+02, 8.048975e+01
1.000000e+02, 8.038735e+01
1.000000e+02, 8.028557e+01
1.000000e+02, 8.018440e+01
1.000000e+02, 8.008384e+01
1.000000e+02, 7.998390e+01
1.000000e+02, 7.988456e+01
1.000000e+02, 7.978583e+01
1.000000e+02, 7.968771e+01
1.000000e+02, 7.959019e+01
1.000000e+02, 7.949327e+01
1.000000e+02, 7.939696e+01
1.000000e+02, 7.930124e+01
1.000000e+02, 7.920612e+01
1.000000e+02, 7.911160e+01
1.000000e+02, 7.901768e+01
1.000000e+02, 7.892434e+01
1.000000e+02, 7.883160e+01
1.000000e+02, 7.873945e+01
1.000000e+02, 7.864789e+01
1.000000e+02, 7.855691e+01
1.000000e+02, 7.846653e+01
1.000000e+02, 7.837672e+01
1.000000e+02, 7.828750e+01
1.000000e+02, 7.819887e+01
1.000000e+02, 7.811081e+01
1.000000e+02, 7.802333e+01
1.000000e+02, 7.793643e+01
1.000000e+02, 7.785011e+01
1.000000e+02, 7.776436e+01
1.000000e+02, 7.767919e+01
1.000000e+02, 7.759459e+01
1.000000e+02, 7.751056e+01
1.000000e+02, 7.742710e+01
1.000000e+02, 7.734421e+01
1.000000e+02, 7.726189e+01
1.000000e+02, 7.718014e+01
1.000000e+02, 7.709895e+01
1.000000e+02, 7.701832e+01
1.000000e+02, 7.693826e+01
1.000000e+02, 7.685876e+01
1.000000e+02, 7.677982e+01
1.000000e+02, 7.670144e+01
1.000000e+02, 7.662362e+01
1.000000e+02, 7.654636e+01
1.000000e+02, 7.646965e+01
1.000000e+02, 7.639349e+01
1.000000e+02, 7.631790e+01
1.000000e+02, 7.624285e+01
1.000000e+02, 7.616835e+01
1.000000e+02, 7.609441e+01
1.000000e+02, 7.602102e+01
1.000000e+02, 7.594817e+01
1.000000e+02, 7.587587e+01
1.000000e+02, 7.580412e+01
1.000000e+02, 7.573292e+01
1.000000e+02, 7.566226e+01
1.000000e+02, 7.559214e+01
1.000000e+02, 7.552256e+01
1.000000e+02, 7.545353e+01
1.000000e+02, 7.538504e+01
1.000000e+02, 7.531708e+01
1.000000e+02, 7.524967e+01
1.000000e+02, 7.518279e+01
1.000000e+02, 7.511645e+01
1.000000e+02, 7.505065e+01
1.000000e+02, 7.498538e+01
1.000000e+02, 7.492065e+01
1.000000e+02, 7.485645e+01
1.000000e+02, 7.479278e+01
1.000000e+02, 7.472964e+01
1.000000e+02, 7.466703e+01
1.000000e+02, 7.460496e+01
1.000000e+02, 7.454341e+01
1.000000e+02, 7.448239e+01
1.000000e+02, 7.442190e+01
1.000000e+02, 7.436193e+01
1.000000e+02, 7.430250e+01
1.000000e+02, 7.424358e+01
1.000000e+02, 7.418519e+01
1.000000e+02, 7.412732e+01
1.000000e+02, 7.406998e+01
1.000000e+02, 7.401316e+01
1.000000e+02, 7.395686e+01
1.000000e+02, 7.390107e+01
1.000000e+02, 7.384581e+01
1.000000e+02, 7.379107e+01
1.000000e+02, 7.373685e+01
1.000000e+02, 7.368314e+01
1.000000e+02, 7.362995e+01
1.000000e+02, 7.357727e+01
1.000000e+02, 7.352512e+01
1.000000e+02, 7.347347e+01
1.000000e+02, 7.342234e+01
1.000000e+02, 7.337173e+01
1.000000e+02, 7.332162e+01
1.000000e+02, 7.327203e+01
1.000000e+02, 7.322295e+01
1.000000e+02, 7.317438e+01
1.000000e+02, 7.312632e+01
1.000000e+02, 7.307877e+01
1.000000e+02, 7.303173e+01
1.000000e+02, 7.298520e+01
1.000000e+02, 7.293917e+01
1.000000e+02, 7.289365e+01
1.000000e+02, 7.284864e+01
1.000000e+02, 7.280414e+01
1.000000e+02, 7.276014e+01
1.000000e+02, 7.271664e+01
1.000000e+02, 7.267365e+01
1.000000e+02, 7.263116e+01
1.000000e+02, 7.258918e+01
1.000000e+02, 7.254770e+01
1.000000e+02, 7.250672e+01
1.000000e+02, 7.246624e+01
1.000000e+02, 7.242626e+01
1.000000e+02, 7.238679e+01
1.000000e+02, 7.234781e+01
1.000000e+02, 7.230934e+01
1.000000e+02, 7.227136e+01
1.000000e+02, 7.223388e+01
1.000000e+02, 7.219690e+01
1.000000e+02, 7.216042e+01
1.000000e+02, 7.212444e+01
1.000000e+02, 7.208895e+01
1.000000e+02, 7.205396e+01
1.000000e+02, 7.201946e+01
1.000000e+02, 7.198546e+01
1.000000e+02, 7.195196e+01
1.000000e+02, 7.191895e+01
1.000000e+02, 7.188643e+01
1.000000e+02, 7.185441e+01
1.000000e+02, 7.182288e+01
1.000000e+02, 7.179184e+01
1.000000e+02, 7.176130e+01
1.000000e+02, 7.173125e+01
1.000000e+02, 7.170169e+01
1.000000e+02, 7.167263e+01
1.000000e+02, 7.164405e+01
1.000000e+02, 7.161597e+01
1.000000e+02, 7.158837e+01
1.000000e+02, 7.156127e+01
1.000000e+02, 7.153466e+01
1.000000e+02, 7.150853e+01
1.000000e+02, 7.148290e+01
1.000000e+02, 7.145775e+01
1.000000e+02, 7.143310e+01
1.000000e+02, 7.140893e+01
1.000000e+02, 7.138525e+01
1.000000e+02, 7.136205e+01
1.000000e+02, 7.133935e+01
1.000000e+02, 7.131713e+01
1.000000e+02, 7.129540e+01
1.000000e+02, 7.127416e+01
1.000000e+02, 7.125340e+01
1.000000e+02, 7.123313e+01
1.000000e+02, 7.121334e+01
1.000000e+02, 7.119404e+01
1.000000e+02, 7.117523e+01
1.000000e+02, 7.115690e+01
1.000000e+02, 7.113905e+01
1.000000e+02, 7.112169e+01
1.000000e+02, 7.110482e+01
1.000000e+02, 7.108843e+01
1.000000e+02, 7.107252e+01
1.000000e+02, 7.105710e+01
1.000000e+02, 7.104216e+01
1.000000e+02, 7.102770e+01
1.000000e+02, 7.101373e+01
1.000000e+02, 7.100025e+01
1.000000e+02, 7.098724e+01
1.000000e+02, 7.097472e+01
1.000000e+02, 7.096268e+01
1.000000e+02, 7.095112e+01
1.000000e+02, 7.094005e+01
1.000000e+02, 7.092946e+01
1.000000e+02, 7.091935e+01
1.000000e+02, 7.090972e+01
1.000000e+02, 7.090058e+01
1.000000e+02, 7.089191e+01
1.000000e+02, 7.088373e+01
1.000000e+02, 7.087603e+01
1.000000e+02, 7.086881e+01
1.000000e+02, 7.086208e+01
1.000000e+02, 7.085582e+01
1.000000e+02, 7.085005e+01
1.000000e+02, 7.084476e+01
1.000000e+02, 7.083995e+01
1.000000e+02, 7.083562e+01
1.000000e+02, 7.083177e+01
1.000000e+02, 7.082840e+01
1.000000e+02, 7.082552e+01
1.000000e+02, 7.082311e+01
1.000000e+02, 7.082119e+01
1.000000e+02, 7.081975e+01
1.000000e+02, 7.081878e+01
1.000000e+02, 7.081830e+01
1.000000e+02, 7.081830e+01
1.000000e+02, 7.081878e+01
1.000000e+02, 7.081975e+01
1.000000e+02, 7.082119e+01
1.000000e+02, 7.082311e+01
1.000000e+02, 7.082552e+01
1.000000e+02, 7.082840e+01
1.000000e+02, 7.083177e+01
1.000000e+02, 7.083562e+01
1.000000e+02, 7.083995e+01
1.000000e+02, 7.084476e+01
1.000000e+02, 7.085005e+01
1.000000e+02, 7.085582e+01
1.000000e+02, 7.086208e+01
1.000000e+02, 7.086881e+01
1.000000e+02, 7.087603e+01
1.000000e+02, 7.088373e+01
1.000000e+02, 7.089191e+01
1.000000e+02, 7.090058e+01
1.000000e+02, 7.090972e+01
1.000000e+02, 7.091935e+01
1.000000e+02, 7.092946e+01
1.000000e+02, 7.094005e+01
1.000000e+02, 7.095112e+01
1.000000e+02, 7.096268e+01
1.000000e+02, 7.097472e+01
1.000000e+02, 7.098724e+01
1.000000e+02, 7.100025e+01
1.000000e+02, 7.101373e+01
1.000000e+02, 7.102770e+01
1.000000e+02, 7.104216e+01
1.000000e+02, 7.105710e+01
1.000000e+02, 7.107252e+01
1.000000e+02, 7.108843e+01
1.000000e+02, 7.110482e+01
1.000000e+02, 7.112169e+01
1.000000e+02, 7.113905e+01
1.000000e+02, 7.115690e+01
1.000000e+02, 7.117523e+01
1.000000e+02, 7.119404e+01
1.000000e+02, 7.121334e+01
1.000000e+02, 7.123313e+01
1.000000e+02, 7.125340e+01
1.000000e+02, 7.127416e+01
1.000000e+02, 7.129540e+01
1.000000e+02, 7.131713e+01
1.000000e+02, 7.133935e+01
1.000000e+02, 7.136205e+01
1.000000e+02, 7.138525e+01
1.000000e+02, 7.140893e+01
1.000000e+02, 7.143310e+01
1.000000e+02, 7.145775e+01
1.000000e+02, 7.148290e+01
1.000000e+02, 7.150853e+01
1.000000e+02, 7.153466e+01
1.000000e+02, 7.156127e+01
1.000000e+02, 7.158837e+01
1.000000e+02, 7.161597e+01
1.000000e+02, 7.164405e+01
1.000000e+02, 7.167263e+01
1.000000e+02, 7.170169e+01
1.000000e+02, 7.173125e+01
1.000000e+02, 7.176130e+01
1.000000e+02, 7.179184e+01
1.000000e+02, 7.182288e+01
1.000000e+02, 7.185441e+01
1.000000e+02, 7.188643e+01
1.000000e+02, 7.191895e+01
1.000000e+02, 7.195196e+01
1.000000e+02, 7.198546e+01
1.000000e+02, 7.201946e+01
1.000000e+02, 7.205396e+01
1.000000e+02, 7.208895e+01
1.000000e+02, 7.212444e+01
1.000000e+02, 7.216042e+01
1.000000e+02, 7.219690e+01
1.000000e+02, 7.223388e+01
1.000000e+02, 7.227136e+01
1.000000e+02, 7.230934e+01
1.000000e+02, 7.234781e+01
1.000000e+02, 7.238679e+01
1.000000e+02, 7.242626e+01
1.000000e+02, 7.246624e+01
1.000000e+02, 7.250672e+01
1.000000e+02, 7.254770e+01
1.000000e+02, 7.258918e+01
1.000000e+02, 7.263116e+01
1.000000e+02, 7.267365e+01
1.000000e+02, 7.271664e+01
1.000000e+02, 7.276014e+01
1.000000e+02, 7.280414e+01
1.000000e+02, 7.284864e+01
1.000000e+02, 7.289365e+01
1.000000e+02, 7.293917e+01
1.000000e+02, 7.298520e+01
1.000000e+02, 7.303173e+01
1.000000e+02, 7.307877e+01
1.000000e+02, 7.312632e+01
1.000000e+02, 7.317438e+01
1.000000e+02, 7.322295e+01
1.000000e+02, 7.327203e+01
1.000000e+02, 7.332162e+01
1.000000e+02, 7.337173e+01
1.000000e+02, 7.342234e+01
1.000000e+02, 7.347347e+01
1.000000e+02, 7.352512e+01
1.000000e+02, 7.357728e+01
1.000000e+02, 7.362995e+01
1.000000e+02, 7.368314e+01
1.000000e+02, 7.373685e+01
1.000000e+02, 7.379107e+01
1.000000e+02, 7.384581e+01
1.000000e+02, 7.390107e+01
1.000000e+02, 7.395686e+01
1.000000e+02, 7.401316e+01
1.000000e+02, 7.406998e+01
1.000000e+02, 7.412732e+01
1.000000e+02, 7.418519e+01
1.000000e+02, 7.424358e+01
1.000000e+02, 7.430250e+01
1.000000e+02, 7.436194e+01
1.000000e+02, 7.442190e+01
1.000000e+02, 7.448239e+01
1.000000e+02, 7.454341e+01
1.000000e+02, 7.460496e+01
1.000000e+02, 7.466703e+01
1.000000e+02, 7.472964e+01
1.000000e+02, 7.479278e+01
1.000000e+02, 7.485645e+01
1.000000e+02, 7.492065e+01
1.000000e+02, 7.498538e+01
1.000000e+02, 7.505065e+01
1.000000e+02, 7.511645e+01
1.000000e+02, 7.518279e+01
1.000000e+02, 7.524967e+01
1.000000e+02, 7.531708e+01
1.000000e+02, 7.538504e+01
1.000000e+02, 7.545353e+01
1.000000e+02, 7.552256e+01
1.000000e+02, 7.559214e+01
1.000000e+02, 7.566226e+01
1.000000e+02, 7.573292e+01
1.000000e+02, 7.580412e+01
1.000000e+02, 7.587587e+01
1.000000e+02, 7.594817e+01
1.000000e+02, 7.602102e+01
1.000000e+02, 7.609441e+01
1.000000e+02, 7.616835e+01
1.000000e+02, 7.624285e+01
1.000000e+02, 7.631790e+01
1.000000e+02, 7.639349e+01
1.000000e+02, 7.646965e+01
1.000000e+02, 7.654636e+01
1.000000e+02, 7.662362e+01
1.000000e+02, 7.670144e+01
1.000000e+02, 7.677982e+01
1.000000e+02, 7.685876e+01
1.000000e+02, 7.693826e+01
1.000000e+02, 7.701832e+01
1.000000e+02, 7.709895e+01
1.000000e+02, 7.718014e+01
1.000000e+02, 7.726189e+01
1.000000e+02, 7.734421e+01
1.000000e+02, 7.742710e+01
1.000000e+02, 7.751056e+01
1.000000e+02, 7.759459e+01
1.000000e+02, 7.767919e+01
1.000000e+02, 7.776436e+01
1.000000e+02, 7.785011e+01
1.000000e+02, 7.793643e+01
1.000000e+02, 7.802333e+01
1.000000e+02, 7.811081e+01
1.000000e+02, 7.819887e+01
1.000000e+02, 7.828750e+01
1.000000e+02, 7.837672e+01
1.000000e+02, 7.846653e+01
1.000000e+02, 7.855691e+01
1.000000e+02, 7.864789e+01
1.000000e+02, 7.873945e+01
1.000000e+02, 7.883160e+01
1.000000e+02, 7.892434e+01
1.000000e+02, 7.901768e+01
1.000000e+02, 7.911160e+01
1.000000e+02, 7.920613e+01
1.000000e+02, 7.930124e+01
1.000000e+02, 7.939696e+01
1.000000e+02, 7.949328e+01
1.000000e+02, 7.959019e+01
1.000000e+02, 7.968771e+01
1.000000e+02, 7.978583e+01
1.000000e+02, 7.988456e+01
1.000000e+02, 7.998390e+01
1.000000e+02, 8.008384e+01
1.000000e+02, 8.018440e+01
1.000000e+02, 8.028557e+01
1.000000e+02, 8.038735e+01
1.000000e+02, 8.048975e+01
1.000000e+02, 8.059276e+01
1.000000e+02, 8.069640e+01
1.000000e+02, 8.080065e+01
1.000000e+02, 8.090553e+01
1.000000e+02, 8.101103e+01
1.000000e+02, 8.111716e+01
1.000000e+02, 8.122391e+01
1.000000e+02, 8.133130e+01
1.000000e+02, 8.143931e+01
1.000000e+02, 8.154796e+01
1.000000e+02, 8.165724e+01
1.000000e+02, 8.176717e+01
1.000000e+02, 8.187773e+01
1.000000e+02, 8.198893e+01
1.000000e+02, 8.210077e+01
1.000000e+02, 8.221326e+01
1.000000e+02, 8.232640e+01
1.000000e+02, 8.244018e+01
1.000000e+02, 8.255462e+01
1.000000e+02, 8.266970e+01
1.000000e+02, 8.278545e+01
1.000000e+02, 8.290185e+01
1.000000e+02, 8.301891e+01
1.000000e+02, 8.313663e+01
1.000000e+02, 8.325501e+01
1.000000e+02, 8.337406e+01
1.000000e+02, 8.349378e+01
1.000000e+02, 8.361416e+01
1.000000e+02, 8.373522e+01
1.000000e+02, 8.385696e+01
1.000000e+02, 8.397937e+01
1.000000e+02, 8.410246e+01
1.000000e+02, 8.422623e+01
1.000000e+02, 8.435068e+01
1.000000e+02, 8.447582e+01
1.000000e+02, 8.460165e+01
1.000000e+02, 8.472817e+01
1.000000e+02, 8.485538e+01
1.000000e+02, 8.498329e+01
1.000000e+02, 8.511190e+01
1.000000e+02, 8.524121e+01
1.000000e+02, 8.537122e+01
1.000000e+02, 8.550194e+01
1.000000e+02, 8.563336e+01
1.000000e+02, 8.576550e+01
1.000000e+02, 8.589835e+01
1.000000e+02, 8.603192e+01
1.000000e+02, 8.616621e+01
1.000000e+02, 8.630121e+01
1.000000e+02, 8.643695e+01
1.000000e+02, 8.657341e+01
1.000000e+02, 8.671060e+01
1.000000e+02, 8.684853e+01
1.000000e+02, 8.698719e+01
1.000000e+02, 8.712659e+01
1.000000e+02, 8.726673e+01
1.000000e+02, 8.740762e+01
1.000000e+02, 8.754925e+01
1.000000e+02, 8.769164e+01
1.000000e+02, 8.783478e+01
1.000000e+02, 8.797867e+01
1.000000e+02, 8.812333e+01
1.000000e+02, 8.826875e+01
1.000000e+02, 8.841494e+01
1.000000e+02, 8.856190e+01
1.000000e+02, 8.870963e+01
1.000000e+02, 8.885814e+01
1.000000e+02, 8.900742e+01
1.000000e+02, 8.915750e+01
1.000000e+02, 8.930835e+01
1.000000e+02, 8.946000e+01
1.000000e+02, 8.961244e+01
1.000000e+02, 8.976568e+01
1.000000e+02, 8.991972e+01
1.000000e+02, 9.007457e+01
1.000000e+02, 9.023022e+01
1.000000e+02, 9.038669e+01
1.000000e+02, 9.054397e+01
1.000000e+02, 9.070207e+01
1.000000e+02, 9.086099e+01
1.000000e+02, 9.102074e+01
1.000000e+02, 9.118133e+01
1.000000e+02, 9.134274e+01
1.000000e+02, 9.150500e+01
1.000000e+02, 9.166810e+01
1.000000e+02, 9.183205e+01
1.000000e+02, 9.199685e+01
1.000000e+02, 9.216250e+01
1.000000e+02, 9.232902e+01
1.000000e+02, 9.249639e+01
1.000000e+02, 9.266464e+01
1.000000e+02, 9.283376e+01
1.000000e+02, 9.300376e+01
1.000000e+02, 9.317464e+01
1.000000e+02, 9.334641e+01
1.000000e+02, 9.351907e+01
1.000000e+02, 9.369262e+01
1.000000e+02, 9.386708e+01
1.000000e+02, 9.404244e+01
1.000000e+02, 9.421871e+01
1.000000e+02, 9.439589e+01
1.000000e+02, 9.457400e+01
1.000000e+02, 9.475303e+01
1.000000e+02, 9.493300e+01
1.000000e+02, 9.511390e+01
1.000000e+02, 9.529574e+01
1.000000e+02, 9.547852e+01
1.000000e+02, 9.566226e+01
1.000000e+02, 9.584696e+01
1.000000e+02, 9.603261e+01
1.000000e+02, 9.621924e+01
1.000000e+02, 9.640684e+01
1.000000e+02, 9.659542e+01
1.000000e+02, 9.678498e+01
1.000000e+02, 9.697554e+01
1.000000e+02, 9.716709e+01
1.000000e+02, 9.735965e+01
1.000000e+02, 9.755322e+01
1.000000e+02, 9.774780e+01
1.000000e+02, 9.794341e+01
1.000000e+02, 9.814004e+01
1.000000e+02, 9.833771e+01
1.000000e+02, 9.853642e+01
1.000000e+02, 9.873618e+01
1.000000e+02, 9.893699e+01
1.000000e+02, 9.913887e+01
1.000000e+02, 9.934181e+01
1.000000e+02, 9.954583e+01
1.000000e+02, 9.975093e+01
1.000000e+02, 9.995712e+01
1.000000e+02, 1.001644e+02
1.000000e+02, 1.003728e+02
1.000000e+02, 1.005823e+02
1.000000e+02, 1.007929e+02
1.000000e+02, 1.010047e+02
1.000000e+02, 1.012176e+02
1.000000e+02, 1.014316e+02
1.000000e+02, 1.016468e+02
1.000000e+02, 1.018632e+02
1.000000e+02, 1.020807e+02
1.000000e+02, 1.022994e+02
1.000000e+02, 1.025192e+02
1.000000e+02, 1.027403e+02
1.000000e+02, 1.029626e+02
1.000000e+02, 1.031861e+02
1.000000e+02, 1.034108e+02
1.000000e+02, 1.036367e+02
1.000000e+02, 1.038639e+02
1.000000e+02, 1.040923e+02
1.000000e+02, 1.043220e+02
1.000000e+02, 1.045530e+02
1.000000e+02, 1.047852e+02
1.000000e+02, 1.050188e+02
1.000000e+02, 1.052536e+02
1.000000e+02, 1.054897e+02
1.000000e+02, 1.057272e+02
1.000000e+02, 1.059660e+02
1.000000e+02, 1.062061e+02
1.000000e+02, 1.064476e+02
1.000000e+02, 1.066905e+02
1.000000e+02, 1.069347e+02
1.000000e+02, 1.071804e+02
1.000000e+02, 1.074274e+02
1.000000e+02, 1.076759e+02
1.000000e+02, 1.079257e+02
1.000000e+02, 1.081770e+02
1.000000e+02, 1.084298e+02
1.000000e+02, 1.086840e+02
1.000000e+02, 1.089398e+02
1.000000e+02, 1.091970e+02
1.000000e+02, 1.094557e+02
1.000000e+02, 1.097159e+02
1.000000e+02, 1.099777e+02
1.000000e+02, 1.102410e+02
1.000000e+02, 1.105059e+02
1.000000e+02, 1.107724e+02
1.000000e+02, 1.110404e+02
1.000000e+02, 1.113101e+02
1.000000e+02, 1.115814e+02
1.000000e+02, 1.118544e+02
1.000000e+02, 1.121290e+02
1.000000e+02, 1.124053e+02
1.000000e+02, 1.126833e+02
1.000000e+02, 1.129630e+02
1.000000e+02, 1.132444e+02
1.000000e+02, 1.135276e+02
1.000000e+02, 1.138126e+02
1.000000e+02, 1.140993e+02
1.000000e+02, 1.143879e+02
1.000000e+02, 1.146783e+02
1.000000e+02, 1.149705e+02
1.000000e+02, 1.152646e+02
1.000000e+02, 1.155607e+02
1.000000e+02, 1.158586e+02
1.000000e+02, 1.161584e+02
1.000000e+02, 1.164603e+02
1.000000e+02, 1.167641e+02
1.000000e+02, 1.170699e+02
1.000000e+02, 1.173778e+02
1.000000e+02, 1.176877e+02
1.000000e+02, 1.179997e+02
1.000000e+02, 1.183138e+02
1.000000e+02, 1.186300e+02
1.000000e+02, 1.189484e+02
1.000000e+02, 1.192690e+02
1.000000e+02, 1.195919e+02
1.000000e+02, 1.199170e+02
1.000000e+02, 1.202443e+02
1.000000e+02, 1.205740e+02
1.000000e+02, 1.209061e+02
1.000000e+02, 1.212405e+02
1.000000e+02, 1.215773e+02
1.000000e+02, 1.219166e+02
1.000000e+02, 1.222584e+02
1.000000e+02, 1.226027e+02
1.000000e+02, 1.229495e+02
1.000000e+02, 1.232990e+02
1.000000e+02, 1.236511e+02
1.000000e+02, 1.240058e+02
1.000000e+02, 1.243633e+02
1.000000e+02, 1.247236e+02
1.000000e+02, 1.250866e+02
1.000000e+02, 1.254526e+02
1.000000e+02, 1.258214e+02
1.000000e+02, 1.261932e+02
1.000000e+02, 1.265679e+02
1.000000e+02, 1.269458e+02
1.000000e+02, 1.273267e+02
1.000000e+02, 1.277108e+02
1.000000e+02, 1.280982e+02
1.000000e+02, 1.284888e+02
1.000000e+02, 1.288827e+02
1.000000e+02, 1.292800e+02
1.000000e+02, 1.296809e+02
1.000000e+02, 1.300852e+02
1.000000e+02, 1.304932e+02
1.000000e+02, 1.309048e+02
1.000000e+02, 1.313202e+02
1.000000e+02, 1.317394e+02
1.000000e+02, 1.321625e+02
1.000000e+02, 1.325896e+02
1.000000e+02, 1.330208e+02
1.000000e+02, 1.334562e+02
1.000000e+02, 1.338958e+02
1.000000e+02, 1.343398e+02
1.000000e+02, 1.347883e+02
1.000000e+02, 1.352413e+02
1.000000e+02, 1.356990e+02
1.000000e+02, 1.361615e+02
1.000000e+02, 1.366289e+02
1.000000e+02, 1.371014e+02
1.000000e+02, 1.375790e+02
1.000000e+02, 1.380619e+02
1.000000e+02, 1.385503e+02
1.000000e+02, 1.390443e+02
1.000000e+02, 1.395440e+02
1.000000e+02, 1.400497e+02
1.000000e+02, 1.405615e+02
1.000000e+02, 1.410795e+02
1.000000e+02, 1.416041e+02
1.000000e+02, 1.421353e+02
1.000000e+02, 1.426734e+02
1.000000e+02, 1.432187e+02
1.000000e+02, 1.437713e+02
1.000000e+02, 1.443315e+02
1.000000e+02, 1.448997e+02
1.000000e+02, 1.454760e+02
1.000000e+02, 1.460609e+02
1.000000e+02, 1.466545e+02
1.000000e+02, 1.472574e+02
1.000000e+02, 1.478697e+02
1.000000e+02, 1.484921e+02
1.000000e+02, 1.491248e+02
1.000000e+02, 1.497684e+02
1.000000e+02, 1.504233e+02
1.000000e+02, 1.510902e+02
1.000000e+02, 1.517695e+02
1.000000e+02, 1.524620e+02
1.000000e+02, 1.531683e+02
1.000000e+02, 1.538893e+02
1.000000e+02, 1.546257e+02
1.000000e+02, 1.553785e+02
1.000000e+02, 1.561487e+02
1.000000e+02, 1.569375e+02
1.000000e+02, 1.577461e+02
1.000000e+02, 1.585761e+02
1.000000e+02, 1.594290e+02
1.000000e+02, 1.603066e+02
1.000000e+02, 1.612111e+02
1.000000e+02, 1.621450e+02
1.000000e+02, 1.631111e+02
1.000000e+02, 1.641127e+02
1.000000e+02, 1.651539e+02
1.000000e+02, 1.662393e+02
1.000000e+02, 1.673750e+02
1.000000e+02, 1.685681e+02
1.000000e+02, 1.698280e+02
1.000000e+02, 1.711670e+02
1.000000e+02, 1.726013e+02
1.000000e+02, 1.741541e+02
1.000000e+02, 1.758599e+02
1.000000e+02, 1.777746e+02
1.000000e+02, 1.800000e+02
##END= 