##TITLE= /opt/topspin3.0/exp/stan/nmr/lists/wave/user/HypSec_trunc2.84_110
##JCAMP-DX= 5.00 Bruker JCAMP library
##DATA TYPE= Shape Data
##ORIGIN= Bruker BioSpin GmbH
##OWNER= <nmrsu>
##DATE= 15/02/24
##TIME= 16:15:04
##MINX= 1.164538e+01
##MAXX= 9.999960e+01
##MINY= 2.546774e-02
##MAXY= 3.585574e+02
##$SHAPE_EXMODE= Adiabatic
##$SHAPE_TOTROT= 1.800000e+02
##$SHAPE_BWFAC= 1.929340e+02
##$SHAPE_INTEGFAC= 2.356110e-02
##$SHAPE_MODE= 0
##NPOINTS= 1000
##XYPOINTS= (XY..XY)
1.000000e+02, 1.800000e+02
1.000000e+02, 1.749512e+02
1.000000e+02, 1.706076e+02
1.000000e+02, 1.667376e+02
1.000000e+02, 1.632148e+02
1.000000e+02, 1.599609e+02
1.000000e+02, 1.569233e+02
1.000000e+02, 1.540649e+02
1.000000e+02, 1.513581e+02
1.000000e+02, 1.487817e+02
1.000000e+02, 1.463192e+02
1.000000e+02, 1.439572e+02
1.000000e+02, 1.416849e+02
1.000000e+02, 1.394932e+02
1.000000e+02, 1.373745e+02
1.000000e+02, 1.353224e+02
1.000000e+02, 1.333314e+02
1.000000e+02, 1.313965e+02
1.000000e+02, 1.295136e+02
1.000000e+02, 1.276791e+02
1.000000e+02, 1.258896e+02
1.000000e+02, 1.241422e+02
1.000000e+02, 1.224344e+02
1.000000e+02, 1.207638e+02
1.000000e+02, 1.191282e+02
1.000000e+02, 1.175258e+02
1.000000e+02, 1.159548e+02
1.000000e+02, 1.144136e+02
1.000000e+02, 1.129007e+02
1.000000e+02, 1.114149e+02
1.000000e+02, 1.099548e+02
1.000000e+02, 1.085193e+02
1.000000e+02, 1.071075e+02
1.000000e+02, 1.057182e+02
1.000000e+02, 1.043506e+02
1.000000e+02, 1.030038e+02
1.000000e+02, 1.016770e+02
1.000000e+02, 1.003695e+02
1.000000e+02, 9.908053e+01
1.000000e+02, 9.780951e+01
1.000000e+02, 9.655580e+01
1.000000e+02, 9.531880e+01
1.000000e+02, 9.409798e+01
1.000000e+02, 9.289281e+01
1.000000e+02, 9.170281e+01
1.000000e+02, 9.052751e+01
1.000000e+02, 8.936647e+01
1.000000e+02, 8.821927e+01
1.000000e+02, 8.708552e+01
1.000000e+02, 8.596484e+01
1.000000e+02, 8.485687e+01
1.000000e+02, 8.376127e+01
1.000000e+02, 8.267771e+01
1.000000e+02, 8.160588e+01
1.000000e+02, 8.054548e+01
1.000000e+02, 7.949624e+01
1.000000e+02, 7.845787e+01
1.000000e+02, 7.743011e+01
1.000000e+02, 7.641272e+01
1.000000e+02, 7.540546e+01
1.000000e+02, 7.440809e+01
1.000000e+02, 7.342039e+01
1.000000e+02, 7.244215e+01
1.000000e+02, 7.147317e+01
1.000000e+02, 7.051325e+01
1.000000e+02, 6.956220e+01
1.000000e+02, 6.861984e+01
1.000000e+02, 6.768599e+01
1.000000e+02, 6.676048e+01
1.000000e+02, 6.584315e+01
1.000000e+02, 6.493384e+01
1.000000e+02, 6.403240e+01
1.000000e+02, 6.313867e+01
1.000000e+02, 6.225253e+01
1.000000e+02, 6.137382e+01
1.000000e+02, 6.050241e+01
1.000000e+02, 5.963819e+01
1.000000e+02, 5.878101e+01
1.000000e+02, 5.793076e+01
1.000000e+02, 5.708733e+01
1.000000e+02, 5.625059e+01
1.000000e+02, 5.542044e+01
1.000000e+02, 5.459676e+01
1.000000e+02, 5.377947e+01
1.000000e+02, 5.296844e+01
1.000000e+02, 5.216359e+01
1.000000e+02, 5.136482e+01
1.000000e+02, 5.057204e+01
1.000000e+02, 4.978515e+01
1.000000e+02, 4.900407e+01
1.000000e+02, 4.822872e+01
1.000000e+02, 4.745900e+01
1.000000e+02, 4.669484e+01
1.000000e+02, 4.593616e+01
1.000000e+02, 4.518288e+01
1.000000e+02, 4.443493e+01
1.000000e+02, 4.369223e+01
1.000000e+02, 4.295472e+01
1.000000e+02, 4.222232e+01
1.000000e+02, 4.149496e+01
1.000000e+02, 4.077259e+01
1.000000e+02, 4.005513e+01
1.000000e+02, 3.934252e+01
1.000000e+02, 3.863470e+01
1.000000e+02, 3.793162e+01
1.000000e+02, 3.723320e+01
1.000000e+02, 3.653940e+01
1.000000e+02, 3.585016e+01
1.000000e+02, 3.516542e+01
1.000000e+02, 3.448513e+01
1.000000e+02, 3.380924e+01
1.000000e+02, 3.313769e+01
1.000000e+02, 3.247044e+01
1.000000e+02, 3.180744e+01
1.000000e+02, 3.114864e+01
1.000000e+02, 3.049399e+01
1.000000e+02, 2.984345e+01
1.000000e+02, 2.919697e+01
1.000000e+02, 2.855450e+01
1.000000e+02, 2.791601e+01
1.000000e+02, 2.728146e+01
1.000000e+02, 2.665079e+01
1.000000e+02, 2.602397e+01
1.000000e+02, 2.540096e+01
1.000000e+02, 2.478173e+01
1.000000e+02, 2.416622e+01
1.000000e+02, 2.355442e+01
1.000000e+02, 2.294627e+01
1.000000e+02, 2.234174e+01
1.000000e+02, 2.174080e+01
1.000000e+02, 2.114341e+01
1.000000e+02, 2.054954e+01
1.000000e+02, 1.995915e+01
1.000000e+02, 1.937222e+01
1.000000e+02, 1.878871e+01
1.000000e+02, 1.820858e+01
1.000000e+02, 1.763181e+01
1.000000e+02, 1.705837e+01
1.000000e+02, 1.648822e+01
1.000000e+02, 1.592134e+01
1.000000e+02, 1.535770e+01
1.000000e+02, 1.479727e+01
1.000000e+02, 1.424001e+01
1.000000e+02, 1.368592e+01
1.000000e+02, 1.313495e+01
1.000000e+02, 1.258708e+01
1.000000e+02, 1.204228e+01
1.000000e+02, 1.150053e+01
1.000000e+02, 1.096181e+01
1.000000e+02, 1.042608e+01
1.000000e+02, 9.893334e+00
1.000000e+02, 9.363533e+00
1.000000e+02, 8.836659e+00
1.000000e+02, 8.312688e+00
1.000000e+02, 7.791598e+00
1.000000e+02, 7.273365e+00
1.000000e+02, 6.757968e+00
1.000000e+02, 6.245385e+00
1.000000e+02, 5.735595e+00
1.000000e+02, 5.228575e+00
1.000000e+02, 4.724306e+00
1.000000e+02, 4.222768e+00
1.000000e+02, 3.723939e+00
1.000000e+02, 3.227800e+00
1.000000e+02, 2.734331e+00
1.000000e+02, 2.243513e+00
1.000000e+02, 1.755328e+00
1.000000e+02, 1.269756e+00
1.000000e+02, 7.867785e-01
1.000000e+02, 3.063780e-01
1.000000e+02, 3.598285e+02
1.000000e+02, 3.593532e+02
1.000000e+02, 3.588805e+02
1.000000e+02, 3.584102e+02
1.000000e+02, 3.579424e+02
1.000000e+02, 3.574771e+02
1.000000e+02, 3.570143e+02
1.000000e+02, 3.565538e+02
1.000000e+02, 3.560959e+02
1.000000e+02, 3.556403e+02
1.000000e+02, 3.551871e+02
1.000000e+02, 3.547363e+02
1.000000e+02, 3.542879e+02
1.000000e+02, 3.538418e+02
1.000000e+02, 3.533980e+02
1.000000e+02, 3.529566e+02
1.000000e+02, 3.525174e+02
1.000000e+02, 3.520806e+02
1.000000e+02, 3.516460e+02
1.000000e+02, 3.512137e+02
1.000000e+02, 3.507836e+02
1.000000e+02, 3.503558e+02
1.000000e+02, 3.499302e+02
1.000000e+02, 3.495068e+02
1.000000e+02, 3.490856e+02
1.000000e+02, 3.486666e+02
1.000000e+02, 3.482498e+02
1.000000e+02, 3.478351e+02
1.000000e+02, 3.474226e+02
1.000000e+02, 3.470122e+02
1.000000e+02, 3.466039e+02
1.000000e+02, 3.461977e+02
1.000000e+02, 3.457937e+02
1.000000e+02, 3.453917e+02
1.000000e+02, 3.449918e+02
1.000000e+02, 3.445940e+02
1.000000e+02, 3.441982e+02
1.000000e+02, 3.438044e+02
1.000000e+02, 3.434127e+02
1.000000e+02, 3.430231e+02
1.000000e+02, 3.426354e+02
1.000000e+02, 3.422497e+02
1.000000e+02, 3.418661e+02
1.000000e+02, 3.414844e+02
1.000000e+02, 3.411046e+02
1.000000e+02, 3.407269e+02
1.000000e+02, 3.403511e+02
1.000000e+02, 3.399772e+02
1.000000e+02, 3.396052e+02
1.000000e+02, 3.392352e+02
1.000000e+02, 3.388671e+02
1.000000e+02, 3.385009e+02
1.000000e+02, 3.381366e+02
1.000000e+02, 3.377742e+02
1.000000e+02, 3.374136e+02
1.000000e+02, 3.370550e+02
1.000000e+02, 3.366982e+02
1.000000e+02, 3.363432e+02
1.000000e+02, 3.359901e+02
1.000000e+02, 3.356388e+02
1.000000e+02, 3.352893e+02
1.000000e+02, 3.349417e+02
1.000000e+02, 3.345958e+02
1.000000e+02, 3.342518e+02
1.000000e+02, 3.339095e+02
1.000000e+02, 3.335691e+02
1.000000e+02, 3.332304e+02
1.000000e+02, 3.328935e+02
1.000000e+02, 3.325583e+02
1.000000e+02, 3.322249e+02
1.000000e+02, 3.318933e+02
1.000000e+02, 3.315634e+02
1.000000e+02, 3.312352e+02
1.000000e+02, 3.309087e+02
1.000000e+02, 3.305840e+02
1.000000e+02, 3.302610e+02
1.000000e+02, 3.299397e+02
1.000000e+02, 3.296200e+02
1.000000e+02, 3.293021e+02
1.000000e+02, 3.289859e+02
1.000000e+02, 3.286713e+02
1.000000e+02, 3.283584e+02
1.000000e+02, 3.280471e+02
1.000000e+02, 3.277376e+02
1.000000e+02, 3.274296e+02
1.000000e+02, 3.271233e+02
1.000000e+02, 3.268187e+02
1.000000e+02, 3.265157e+02
1.000000e+02, 3.262143e+02
1.000000e+02, 3.259145e+02
1.000000e+02, 3.256163e+02
1.000000e+02, 3.253198e+02
1.000000e+02, 3.250248e+02
1.000000e+02, 3.247315e+02
1.000000e+02, 3.244397e+02
1.000000e+02, 3.241495e+02
1.000000e+02, 3.238609e+02
1.000000e+02, 3.235739e+02
1.000000e+02, 3.232884e+02
1.000000e+02, 3.230045e+02
1.000000e+02, 3.227222e+02
1.000000e+02, 3.224414e+02
1.000000e+02, 3.221621e+02
1.000000e+02, 3.218844e+02
1.000000e+02, 3.216083e+02
1.000000e+02, 3.213336e+02
1.000000e+02, 3.210605e+02
1.000000e+02, 3.207889e+02
1.000000e+02, 3.205188e+02
1.000000e+02, 3.202503e+02
1.000000e+02, 3.199832e+02
1.000000e+02, 3.197176e+02
1.000000e+02, 3.194536e+02
1.000000e+02, 3.191910e+02
1.000000e+02, 3.189299e+02
1.000000e+02, 3.186703e+02
1.000000e+02, 3.184121e+02
1.000000e+02, 3.181555e+02
1.000000e+02, 3.179003e+02
1.000000e+02, 3.176465e+02
1.000000e+02, 3.173942e+02
1.000000e+02, 3.171434e+02
1.000000e+02, 3.168940e+02
1.000000e+02, 3.166461e+02
1.000000e+02, 3.163996e+02
1.000000e+02, 3.161546e+02
1.000000e+02, 3.159110e+02
1.000000e+02, 3.156688e+02
1.000000e+02, 3.154280e+02
1.000000e+02, 3.151887e+02
1.000000e+02, 3.149507e+02
1.000000e+02, 3.147142e+02
1.000000e+02, 3.144791e+02
1.000000e+02, 3.142454e+02
1.000000e+02, 3.140131e+02
1.000000e+02, 3.137822e+02
1.000000e+02, 3.135527e+02
1.000000e+02, 3.133245e+02
1.000000e+02, 3.130978e+02
1.000000e+02, 3.128724e+02
1.000000e+02, 3.126485e+02
1.000000e+02, 3.124259e+02
1.000000e+02, 3.122046e+02
1.000000e+02, 3.119847e+02
1.000000e+02, 3.117662e+02
1.000000e+02, 3.115491e+02
1.000000e+02, 3.113333e+02
1.000000e+02, 3.111189e+02
1.000000e+02, 3.109058e+02
1.000000e+02, 3.106940e+02
1.000000e+02, 3.104836e+02
1.000000e+02, 3.102746e+02
1.000000e+02, 3.100669e+02
1.000000e+02, 3.098605e+02
1.000000e+02, 3.096554e+02
1.000000e+02, 3.094517e+02
1.000000e+02, 3.092493e+02
1.000000e+02, 3.090482e+02
1.000000e+02, 3.088484e+02
1.000000e+02, 3.086499e+02
1.000000e+02, 3.084528e+02
1.000000e+02, 3.082570e+02
1.000000e+02, 3.080624e+02
1.000000e+02, 3.078692e+02
1.000000e+02, 3.076773e+02
1.000000e+02, 3.074866e+02
1.000000e+02, 3.072973e+02
1.000000e+02, 3.071093e+02
1.000000e+02, 3.069225e+02
1.000000e+02, 3.067370e+02
1.000000e+02, 3.065528e+02
1.000000e+02, 3.063699e+02
1.000000e+02, 3.061883e+02
1.000000e+02, 3.060079e+02
1.000000e+02, 3.058288e+02
1.000000e+02, 3.056510e+02
1.000000e+02, 3.054745e+02
1.000000e+02, 3.052992e+02
1.000000e+02, 3.051252e+02
1.000000e+02, 3.049524e+02
1.000000e+02, 3.047809e+02
1.000000e+02, 3.046106e+02
1.000000e+02, 3.044416e+02
1.000000e+02, 3.042739e+02
1.000000e+02, 3.041074e+02
1.000000e+02, 3.039421e+02
1.000000e+02, 3.037781e+02
1.000000e+02, 3.036153e+02
1.000000e+02, 3.034538e+02
1.000000e+02, 3.032935e+02
1.000000e+02, 3.031344e+02
1.000000e+02, 3.029766e+02
1.000000e+02, 3.028199e+02
1.000000e+02, 3.026646e+02
1.000000e+02, 3.025104e+02
1.000000e+02, 3.023575e+02
1.000000e+02, 3.022057e+02
1.000000e+02, 3.020552e+02
1.000000e+02, 3.019060e+02
1.000000e+02, 3.017579e+02
1.000000e+02, 3.016110e+02
1.000000e+02, 3.014654e+02
1.000000e+02, 3.013209e+02
1.000000e+02, 3.011777e+02
1.000000e+02, 3.010357e+02
1.000000e+02, 3.008948e+02
1.000000e+02, 3.007552e+02
1.000000e+02, 3.006168e+02
1.000000e+02, 3.004795e+02
1.000000e+02, 3.003435e+02
1.000000e+02, 3.002086e+02
1.000000e+02, 3.000750e+02
1.000000e+02, 2.999425e+02
1.000000e+02, 2.998112e+02
1.000000e+02, 2.996811e+02
1.000000e+02, 2.995522e+02
1.000000e+02, 2.994245e+02
1.000000e+02, 2.992980e+02
1.000000e+02, 2.991726e+02
1.000000e+02, 2.990484e+02
1.000000e+02, 2.989254e+02
1.000000e+02, 2.988035e+02
1.000000e+02, 2.986829e+02
1.000000e+02, 2.985634e+02
1.000000e+02, 2.984450e+02
1.000000e+02, 2.983279e+02
1.000000e+02, 2.982119e+02
1.000000e+02, 2.980970e+02
1.000000e+02, 2.979834e+02
1.000000e+02, 2.978709e+02
1.000000e+02, 2.977595e+02
1.000000e+02, 2.976493e+02
1.000000e+02, 2.975403e+02
1.000000e+02, 2.974324e+02
1.000000e+02, 2.973257e+02
1.000000e+02, 2.972201e+02
1.000000e+02, 2.971157e+02
1.000000e+02, 2.970125e+02
1.000000e+02, 2.969103e+02
1.000000e+02, 2.968094e+02
1.000000e+02, 2.967096e+02
1.000000e+02, 2.966109e+02
1.000000e+02, 2.965134e+02
1.000000e+02, 2.964170e+02
1.000000e+02, 2.963217e+02
1.000000e+02, 2.962276e+02
1.000000e+02, 2.961346e+02
1.000000e+02, 2.960428e+02
1.000000e+02, 2.959521e+02
1.000000e+02, 2.958626e+02
1.000000e+02, 2.957741e+02
1.000000e+02, 2.956869e+02
1.000000e+02, 2.956007e+02
1.000000e+02, 2.955157e+02
1.000000e+02, 2.954318e+02
1.000000e+02, 2.953490e+02
1.000000e+02, 2.952674e+02
1.000000e+02, 2.951869e+02
1.000000e+02, 2.951075e+02
1.000000e+02, 2.950292e+02
1.000000e+02, 2.949521e+02
1.000000e+02, 2.948761e+02
1.000000e+02, 2.948012e+02
1.000000e+02, 2.947274e+02
1.000000e+02, 2.946548e+02
1.000000e+02, 2.945832e+02
1.000000e+02, 2.945128e+02
1.000000e+02, 2.944436e+02
1.000000e+02, 2.943754e+02
1.000000e+02, 2.943083e+02
1.000000e+02, 2.942424e+02
1.000000e+02, 2.941776e+02
1.000000e+02, 2.941138e+02
1.000000e+02, 2.940512e+02
1.000000e+02, 2.939897e+02
1.000000e+02, 2.939294e+02
1.000000e+02, 2.938701e+02
1.000000e+02, 2.938119e+02
1.000000e+02, 2.937549e+02
1.000000e+02, 2.936990e+02
1.000000e+02, 2.936441e+02
1.000000e+02, 2.935904e+02
1.000000e+02, 2.935378e+02
1.000000e+02, 2.934863e+02
1.000000e+02, 2.934359e+02
1.000000e+02, 2.933866e+02
1.000000e+02, 2.933384e+02
1.000000e+02, 2.932913e+02
1.000000e+02, 2.932453e+02
1.000000e+02, 2.932004e+02
1.000000e+02, 2.931566e+02
1.000000e+02, 2.931139e+02
1.000000e+02, 2.930724e+02
1.000000e+02, 2.930319e+02
1.000000e+02, 2.929925e+02
1.000000e+02, 2.929542e+02
1.000000e+02, 2.929170e+02
1.000000e+02, 2.928809e+02
1.000000e+02, 2.928460e+02
1.000000e+02, 2.928121e+02
1.000000e+02, 2.927793e+02
1.000000e+02, 2.927476e+02
1.000000e+02, 2.927170e+02
1.000000e+02, 2.926875e+02
1.000000e+02, 2.926591e+02
1.000000e+02, 2.926317e+02
1.000000e+02, 2.926055e+02
1.000000e+02, 2.925804e+02
1.000000e+02, 2.925564e+02
1.000000e+02, 2.925334e+02
1.000000e+02, 2.925116e+02
1.000000e+02, 2.924909e+02
1.000000e+02, 2.924712e+02
1.000000e+02, 2.924526e+02
1.000000e+02, 2.924352e+02
1.000000e+02, 2.924188e+02
1.000000e+02, 2.924035e+02
1.000000e+02, 2.923893e+02
1.000000e+02, 2.923762e+02
1.000000e+02, 2.923642e+02
1.000000e+02, 2.923533e+02
1.000000e+02, 2.923435e+02
1.000000e+02, 2.923348e+02
1.000000e+02, 2.923271e+02
1.000000e+02, 2.923206e+02
1.000000e+02, 2.923151e+02
1.000000e+02, 2.923108e+02
1.000000e+02, 2.923075e+02
1.000000e+02, 2.923053e+02
1.000000e+02, 2.923042e+02
1.000000e+02, 2.923042e+02
1.000000e+02, 2.923053e+02
1.000000e+02, 2.923075e+02
1.000000e+02, 2.923108e+02
1.000000e+02, 2.923151e+02
1.000000e+02, 2.923206e+02
1.000000e+02, 2.923271e+02
1.000000e+02, 2.923348e+02
1.000000e+02, 2.923435e+02
1.000000e+02, 2.923533e+02
1.000000e+02, 2.923642e+02
1.000000e+02, 2.923762e+02
1.000000e+02, 2.923893e+02
1.000000e+02, 2.924035e+02
1.000000e+02, 2.924188e+02
1.000000e+02, 2.924352e+02
1.000000e+02, 2.924526e+02
1.000000e+02, 2.924712e+02
1.000000e+02, 2.924909e+02
1.000000e+02, 2.925116e+02
1.000000e+02, 2.925334e+02
1.000000e+02, 2.925564e+02
1.000000e+02, 2.925804e+02
1.000000e+02, 2.926055e+02
1.000000e+02, 2.926317e+02
1.000000e+02, 2.926591e+02
1.000000e+02, 2.926875e+02
1.000000e+02, 2.927170e+02
1.000000e+02, 2.927476e+02
1.000000e+02, 2.927793e+02
1.000000e+02, 2.928121e+02
1.000000e+02, 2.928460e+02
1.000000e+02, 2.928809e+02
1.000000e+02, 2.929170e+02
1.000000e+02, 2.929542e+02
1.000000e+02, 2.929925e+02
1.000000e+02, 2.930319e+02
1.000000e+02, 2.930724e+02
1.000000e+02, 2.931139e+02
1.000000e+02, 2.931566e+02
1.000000e+02, 2.932004e+02
1.000000e+02, 2.932453e+02
1.000000e+02, 2.932913e+02
1.000000e+02, 2.933384e+02
1.000000e+02, 2.933866e+02
1.000000e+02, 2.934359e+02
1.000000e+02, 2.934863e+02
1.000000e+02, 2.935378e+02
1.000000e+02, 2.935904e+02
1.000000e+02, 2.936441e+02
1.000000e+02, 2.936990e+02
1.000000e+02, 2.937549e+02
1.000000e+02, 2.938119e+02
1.000000e+02, 2.938701e+02
1.000000e+02, 2.939294e+02
1.000000e+02, 2.939897e+02
1.000000e+02, 2.940512e+02
1.000000e+02, 2.941138e+02
1.000000e+02, 2.941776e+02
1.000000e+02, 2.942424e+02
1.000000e+02, 2.943083e+02
1.000000e+02, 2.943754e+02
1.000000e+02, 2.944436e+02
1.000000e+02, 2.945128e+02
1.000000e+02, 2.945832e+02
1.000000e+02, 2.946548e+02
1.000000e+02, 2.947274e+02
1.000000e+02, 2.948012e+02
1.000000e+02, 2.948761e+02
1.000000e+02, 2.949521e+02
1.000000e+02, 2.950292e+02
1.000000e+02, 2.951075e+02
1.000000e+02, 2.951869e+02
1.000000e+02, 2.952674e+02
1.000000e+02, 2.953490e+02
1.000000e+02, 2.954318e+02
1.000000e+02, 2.955157e+02
1.000000e+02, 2.956007e+02
1.000000e+02, 2.956869e+02
1.000000e+02, 2.957741e+02
1.000000e+02, 2.958626e+02
1.000000e+02, 2.959521e+02
1.000000e+02, 2.960428e+02
1.000000e+02, 2.961346e+02
1.000000e+02, 2.962276e+02
1.000000e+02, 2.963217e+02
1.000000e+02, 2.964170e+02
1.000000e+02, 2.965134e+02
1.000000e+02, 2.966109e+02
1.000000e+02, 2.967096e+02
1.000000e+02, 2.968094e+02
1.000000e+02, 2.969104e+02
1.000000e+02, 2.970125e+02
1.000000e+02, 2.971157e+02
1.000000e+02, 2.972201e+02
1.000000e+02, 2.973257e+02
1.000000e+02, 2.974324e+02
1.000000e+02, 2.975403e+02
1.000000e+02, 2.976493e+02
1.000000e+02, 2.977595e+02
1.000000e+02, 2.978709e+02
1.000000e+02, 2.979834e+02
1.000000e+02, 2.980970e+02
1.000000e+02, 2.982119e+02
1.000000e+02, 2.983279e+02
1.000000e+02, 2.984450e+02
1.000000e+02, 2.985634e+02
1.000000e+02, 2.986829e+02
1.000000e+02, 2.988035e+02
1.000000e+02, 2.989254e+02
1.000000e+02, 2.990484e+02
1.000000e+02, 2.991726e+02
1.000000e+02, 2.992980e+02
1.000000e+02, 2.994245e+02
1.000000e+02, 2.995522e+02
1.000000e+02, 2.996811e+02
1.000000e+02, 2.998112e+02
1.000000e+02, 2.999425e+02
1.000000e+02, 3.000750e+02
1.000000e+02, 3.002086e+02
1.000000e+02, 3.003435e+02
1.000000e+02, 3.004795e+02
1.000000e+02, 3.006168e+02
1.000000e+02, 3.007552e+02
1.000000e+02, 3.008948e+02
1.000000e+02, 3.010357e+02
1.000000e+02, 3.011777e+02
1.000000e+02, 3.013209e+02
1.000000e+02, 3.014654e+02
1.000000e+02, 3.016110e+02
1.000000e+02, 3.017579e+02
1.000000e+02, 3.019060e+02
1.000000e+02, 3.020552e+02
1.000000e+02, 3.022057e+02
1.000000e+02, 3.023575e+02
1.000000e+02, 3.025104e+02
1.000000e+02, 3.026646e+02
1.000000e+02, 3.028199e+02
1.000000e+02, 3.029766e+02
1.000000e+02, 3.031344e+02
1.000000e+02, 3.032935e+02
1.000000e+02, 3.034538e+02
1.000000e+02, 3.036153e+02
1.000000e+02, 3.037781e+02
1.000000e+02, 3.039421e+02
1.000000e+02, 3.041074e+02
1.000000e+02, 3.042739e+02
1.000000e+02, 3.044416e+02
1.000000e+02, 3.046106e+02
1.000000e+02, 3.047809e+02
1.000000e+02, 3.049524e+02
1.000000e+02, 3.051252e+02
1.000000e+02, 3.052992e+02
1.000000e+02, 3.054745e+02
1.000000e+02, 3.056510e+02
1.000000e+02, 3.058288e+02
1.000000e+02, 3.060079e+02
1.000000e+02, 3.061883e+02
1.000000e+02, 3.063699e+02
1.000000e+02, 3.065528e+02
1.000000e+02, 3.067370e+02
1.000000e+02, 3.069225e+02
1.000000e+02, 3.071093e+02
1.000000e+02, 3.072973e+02
1.000000e+02, 3.074866e+02
1.000000e+02, 3.076773e+02
1.000000e+02, 3.078692e+02
1.000000e+02, 3.080624e+02
1.000000e+02, 3.082570e+02
1.000000e+02, 3.084528e+02
1.000000e+02, 3.086499e+02
1.000000e+02, 3.088484e+02
1.000000e+02, 3.090482e+02
1.000000e+02, 3.092493e+02
1.000000e+02, 3.094517e+02
1.000000e+02, 3.096554e+02
1.000000e+02, 3.098605e+02
1.000000e+02, 3.100669e+02
1.000000e+02, 3.102746e+02
1.000000e+02, 3.104836e+02
1.000000e+02, 3.106940e+02
1.000000e+02, 3.109058e+02
1.000000e+02, 3.111189e+02
1.000000e+02, 3.113333e+02
1.000000e+02, 3.115491e+02
1.000000e+02, 3.117662e+02
1.000000e+02, 3.119847e+02
1.000000e+02, 3.122046e+02
1.000000e+02, 3.124259e+02
1.000000e+02, 3.126485e+02
1.000000e+02, 3.128724e+02
1.000000e+02, 3.130978e+02
1.000000e+02, 3.133245e+02
1.000000e+02, 3.135527e+02
1.000000e+02, 3.137822e+02
1.000000e+02, 3.140131e+02
1.000000e+02, 3.142454e+02
1.000000e+02, 3.144791e+02
1.000000e+02, 3.147142e+02
1.000000e+02, 3.149507e+02
1.000000e+02, 3.151887e+02
1.000000e+02, 3.154280e+02
1.000000e+02, 3.156688e+02
1.000000e+02, 3.159110e+02
1.000000e+02, 3.161546e+02
1.000000e+02, 3.163996e+02
1.000000e+02, 3.166461e+02
1.000000e+02, 3.168940e+02
1.000000e+02, 3.171434e+02
1.000000e+02, 3.173942e+02
1.000000e+02, 3.176465e+02
1.000000e+02, 3.179003e+02
1.000000e+02, 3.181555e+02
1.000000e+02, 3.184121e+02
1.000000e+02, 3.186703e+02
1.000000e+02, 3.189299e+02
1.000000e+02, 3.191910e+02
1.000000e+02, 3.194536e+02
1.000000e+02, 3.197176e+02
1.000000e+02, 3.199832e+02
1.000000e+02, 3.202503e+02
1.000000e+02, 3.205188e+02
1.000000e+02, 3.207889e+02
1.000000e+02, 3.210605e+02
1.000000e+02, 3.213336e+02
1.000000e+02, 3.216083e+02
1.000000e+02, 3.218844e+02
1.000000e+02, 3.221621e+02
1.000000e+02, 3.224414e+02
1.000000e+02, 3.227222e+02
1.000000e+02, 3.230045e+02
1.000000e+02, 3.232884e+02
1.000000e+02, 3.235739e+02
1.000000e+02, 3.238609e+02
1.000000e+02, 3.241495e+02
1.000000e+02, 3.244397e+02
1.000000e+02, 3.247315e+02
1.000000e+02, 3.250248e+02
1.000000e+02, 3.253198e+02
1.000000e+02, 3.256163e+02
1.000000e+02, 3.259145e+02
1.000000e+02, 3.262143e+02
1.000000e+02, 3.265157e+02
1.000000e+02, 3.268187e+02
1.000000e+02, 3.271233e+02
1.000000e+02, 3.274296e+02
1.000000e+02, 3.277376e+02
1.000000e+02, 3.280471e+02
1.000000e+02, 3.283584e+02
1.000000e+02, 3.286713e+02
1.000000e+02, 3.289859e+02
1.000000e+02, 3.293021e+02
1.000000e+02, 3.296200e+02
1.000000e+02, 3.299397e+02
1.000000e+02, 3.302610e+02
1.000000e+02, 3.305840e+02
1.000000e+02, 3.309087e+02
1.000000e+02, 3.312352e+02
1.000000e+02, 3.315634e+02
1.000000e+02, 3.318933e+02
1.000000e+02, 3.322249e+02
1.000000e+02, 3.325583e+02
1.000000e+02, 3.328935e+02
1.000000e+02, 3.332304e+02
1.000000e+02, 3.335691e+02
1.000000e+02, 3.339095e+02
1.000000e+02, 3.342518e+02
1.000000e+02, 3.345958e+02
1.000000e+02, 3.349417e+02
1.000000e+02, 3.352893e+02
1.000000e+02, 3.356388e+02
1.000000e+02, 3.359901e+02
1.000000e+02, 3.363432e+02
1.000000e+02, 3.366982e+02
1.000000e+02, 3.370550e+02
1.000000e+02, 3.374137e+02
1.000000e+02, 3.377742e+02
1.000000e+02, 3.381366e+02
1.000000e+02, 3.385009e+02
1.000000e+02, 3.388671e+02
1.000000e+02, 3.392352e+02
1.000000e+02, 3.396052e+02
1.000000e+02, 3.399772e+02
1.000000e+02, 3.403511e+02
1.000000e+02, 3.407269e+02
1.000000e+02, 3.411046e+02
1.000000e+02, 3.414844e+02
1.000000e+02, 3.418661e+02
1.000000e+02, 3.422497e+02
1.000000e+02, 3.426354e+02
1.000000e+02, 3.430231e+02
1.000000e+02, 3.434127e+02
1.000000e+02, 3.438044e+02
1.000000e+02, 3.441982e+02
1.000000e+02, 3.445940e+02
1.000000e+02, 3.449918e+02
1.000000e+02, 3.453917e+02
1.000000e+02, 3.457937e+02
1.000000e+02, 3.461977e+02
1.000000e+02, 3.466039e+02
1.000000e+02, 3.470122e+02
1.000000e+02, 3.474226e+02
1.000000e+02, 3.478351e+02
1.000000e+02, 3.482498e+02
1.000000e+02, 3.486666e+02
1.000000e+02, 3.490856e+02
1.000000e+02, 3.495068e+02
1.000000e+02, 3.499302e+02
1.000000e+02, 3.503558e+02
1.000000e+02, 3.507836e+02
1.000000e+02, 3.512137e+02
1.000000e+02, 3.516460e+02
1.000000e+02, 3.520806e+02
1.000000e+02, 3.525174e+02
1.000000e+02, 3.529566e+02
1.000000e+02, 3.533980e+02
1.000000e+02, 3.538418e+02
1.000000e+02, 3.542879e+02
1.000000e+02, 3.547363e+02
1.000000e+02, 3.551871e+02
1.000000e+02, 3.556403e+02
1.000000e+02, 3.560959e+02
1.000000e+02, 3.565538e+02
1.000000e+02, 3.570143e+02
1.000000e+02, 3.574771e+02
1.000000e+02, 3.579424e+02
1.000000e+02, 3.584102e+02
1.000000e+02, 3.588805e+02
1.000000e+02, 3.593532e+02
1.000000e+02, 3.598285e+02
1.000000e+02, 3.063800e-01
1.000000e+02, 7.867804e-01
1.000000e+02, 1.269758e+00
1.000000e+02, 1.755330e+00
1.000000e+02, 2.243515e+00
1.000000e+02, 2.734333e+00
1.000000e+02, 3.227802e+00
1.000000e+02, 3.723941e+00
1.000000e+02, 4.222770e+00
1.000000e+02, 4.724308e+00
1.000000e+02, 5.228577e+00
1.000000e+02, 5.735597e+00
1.000000e+02, 6.245387e+00
1.000000e+02, 6.757970e+00
1.000000e+02, 7.273367e+00
1.000000e+02, 7.791600e+00
1.000000e+02, 8.312690e+00
1.000000e+02, 8.836661e+00
1.000000e+02, 9.363535e+00
1.000000e+02, 9.893336e+00
1.000000e+02, 1.042609e+01
1.000000e+02, 1.096181e+01
1.000000e+02, 1.150054e+01
1.000000e+02, 1.204228e+01
1.000000e+02, 1.258708e+01
1.000000e+02, 1.313495e+01
1.000000e+02, 1.368592e+01
1.000000e+02, 1.424002e+01
1.000000e+02, 1.479727e+01
1.000000e+02, 1.535770e+01
1.000000e+02, 1.592134e+01
1.000000e+02, 1.648822e+01
1.000000e+02, 1.705837e+01
1.000000e+02, 1.763181e+01
1.000000e+02, 1.820858e+01
1.000000e+02, 1.878871e+01
1.000000e+02, 1.937222e+01
1.000000e+02, 1.995916e+01
1.000000e+02, 2.054954e+01
1.000000e+02, 2.114341e+01
1.000000e+02, 2.174080e+01
1.000000e+02, 2.234174e+01
1.000000e+02, 2.294627e+01
1.000000e+02, 2.355442e+01
1.000000e+02, 2.416623e+01
1.000000e+02, 2.478173e+01
1.000000e+02, 2.540097e+01
1.000000e+02, 2.602397e+01
1.000000e+02, 2.665079e+01
1.000000e+02, 2.728146e+01
1.000000e+02, 2.791602e+01
1.000000e+02, 2.855451e+01
1.000000e+02, 2.919697e+01
1.000000e+02, 2.984345e+01
1.000000e+02, 3.049399e+01
1.000000e+02, 3.114864e+01
1.000000e+02, 3.180745e+01
1.000000e+02, 3.247045e+01
1.000000e+02, 3.313770e+01
1.000000e+02, 3.380924e+01
1.000000e+02, 3.448513e+01
1.000000e+02, 3.516542e+01
1.000000e+02, 3.585016e+01
1.000000e+02, 3.653940e+01
1.000000e+02, 3.723320e+01
1.000000e+02, 3.793162e+01
1.000000e+02, 3.863471e+01
1.000000e+02, 3.934252e+01
1.000000e+02, 4.005513e+01
1.000000e+02, 4.077259e+01
1.000000e+02, 4.149497e+01
1.000000e+02, 4.222232e+01
1.000000e+02, 4.295472e+01
1.000000e+02, 4.369224e+01
1.000000e+02, 4.443493e+01
1.000000e+02, 4.518288e+01
1.000000e+02, 4.593616e+01
1.000000e+02, 4.669484e+01
1.000000e+02, 4.745900e+01
1.000000e+02, 4.822872e+01
1.000000e+02, 4.900407e+01
1.000000e+02, 4.978515e+01
1.000000e+02, 5.057204e+01
1.000000e+02, 5.136483e+01
1.000000e+02, 5.216360e+01
1.000000e+02, 5.296844e+01
1.000000e+02, 5.377947e+01
1.000000e+02, 5.459677e+01
1.000000e+02, 5.542044e+01
1.000000e+02, 5.625059e+01
1.000000e+02, 5.708733e+01
1.000000e+02, 5.793077e+01
1.000000e+02, 5.878101e+01
1.000000e+02, 5.963819e+01
1.000000e+02, 6.050242e+01
1.000000e+02, 6.137382e+01
1.000000e+02, 6.225253e+01
1.000000e+02, 6.313868e+01
1.000000e+02, 6.403240e+01
1.000000e+02, 6.493384e+01
1.000000e+02, 6.584315e+01
1.000000e+02, 6.676048e+01
1.000000e+02, 6.768599e+01
1.000000e+02, 6.861984e+01
1.000000e+02, 6.956221e+01
1.000000e+02, 7.051326e+01
1.000000e+02, 7.147318e+01
1.000000e+02, 7.244216e+01
1.000000e+02, 7.342039e+01
1.000000e+02, 7.440809e+01
1.000000e+02, 7.540546e+01
1.000000e+02, 7.641272e+01
1.000000e+02, 7.743011e+01
1.000000e+02, 7.845787e+01
1.000000e+02, 7.949624e+01
1.000000e+02, 8.054549e+01
1.000000e+02, 8.160588e+01
1.000000e+02, 8.267771e+01
1.000000e+02, 8.376127e+01
1.000000e+02, 8.485687e+01
1.000000e+02, 8.596484e+01
1.000000e+02, 8.708552e+01
1.000000e+02, 8.821927e+01
1.000000e+02, 8.936647e+01
1.000000e+02, 9.052751e+01
1.000000e+02, 9.170282e+01
1.000000e+02, 9.289282e+01
1.000000e+02, 9.409799e+01
1.000000e+02, 9.531881e+01
1.000000e+02, 9.655580e+01
1.000000e+02, 9.780951e+01
1.000000e+02, 9.908053e+01
1.000000e+02, 1.003695e+02
1.000000e+02, 1.016770e+02
1.000000e+02, 1.030038e+02
1.000000e+02, 1.043506e+02
1.000000e+02, 1.057182e+02
1.000000e+02, 1.071075e+02
1.000000e+02, 1.085194e+02
1.000000e+02, 1.099548e+02
1.000000e+02, 1.114149e+02
1.000000e+02, 1.129007e+02
1.000000e+02, 1.144136e+02
1.000000e+02, 1.159548e+02
1.000000e+02, 1.175258e+02
1.000000e+02, 1.191282e+02
1.000000e+02, 1.207638e+02
1.000000e+02, 1.224344e+02
1.000000e+02, 1.241422e+02
1.000000e+02, 1.258896e+02
1.000000e+02, 1.276791e+02
1.000000e+02, 1.295136e+02
1.000000e+02, 1.313965e+02
1.000000e+02, 1.333314e+02
1.000000e+02, 1.353224e+02
1.000000e+02, 1.373745e+02
1.000000e+02, 1.394932e+02
1.000000e+02, 1.416849e+02
1.000000e+02, 1.439572e+02
1.000000e+02, 1.463192e+02
1.000000e+02, 1.487817e+02
1.000000e+02, 1.513581e+02
1.000000e+02, 1.540649e+02
1.000000e+02, 1.569233e+02
1.000000e+02, 1.599609e+02
1.000000e+02, 1.632148e+02
1.000000e+02, 1.667376e+02
1.000000e+02, 1.706076e+02
1.000000e+02, 1.749512e+02
1.000000e+02, 1.800000e+02
##END= 