##TITLE= /opt/topspin3.0/exp/stan/nmr/lists/wave/user/HypSec_trunc2.84_110
##JCAMP-DX= 5.00 Bruker JCAMP library
##DATA TYPE= Shape Data
##ORIGIN= Bruker BioSpin GmbH
##OWNER= <nmrsu>
##DATE= 15/02/24
##TIME= 16:15:04
##MINX= 1.164538e+01
##MAXX= 9.999960e+01
##MINY= 2.546774e-02
##MAXY= 3.585574e+02
##$SHAPE_EXMODE= Adiabatic
##$SHAPE_TOTROT= 1.800000e+02
##$SHAPE_BWFAC= 1.929340e+02
##$SHAPE_INTEGFAC= 2.356110e-02
##$SHAPE_MODE= 0
##NPOINTS= 1000
##XYPOINTS= (XY..XY)
1.000000e+02, 1.800000e+02
1.000000e+02, 1.777081e+02
1.000000e+02, 1.757363e+02
1.000000e+02, 1.739796e+02
1.000000e+02, 1.723804e+02
1.000000e+02, 1.709033e+02
1.000000e+02, 1.695244e+02
1.000000e+02, 1.682268e+02
1.000000e+02, 1.669981e+02
1.000000e+02, 1.658285e+02
1.000000e+02, 1.647107e+02
1.000000e+02, 1.636385e+02
1.000000e+02, 1.626070e+02
1.000000e+02, 1.616120e+02
1.000000e+02, 1.606503e+02
1.000000e+02, 1.597187e+02
1.000000e+02, 1.588149e+02
1.000000e+02, 1.579366e+02
1.000000e+02, 1.570818e+02
1.000000e+02, 1.562491e+02
1.000000e+02, 1.554367e+02
1.000000e+02, 1.546435e+02
1.000000e+02, 1.538682e+02
1.000000e+02, 1.531099e+02
1.000000e+02, 1.523674e+02
1.000000e+02, 1.516400e+02
1.000000e+02, 1.509268e+02
1.000000e+02, 1.502272e+02
1.000000e+02, 1.495405e+02
1.000000e+02, 1.488660e+02
1.000000e+02, 1.482032e+02
1.000000e+02, 1.475515e+02
1.000000e+02, 1.469106e+02
1.000000e+02, 1.462800e+02
1.000000e+02, 1.456591e+02
1.000000e+02, 1.450478e+02
1.000000e+02, 1.444455e+02
1.000000e+02, 1.438519e+02
1.000000e+02, 1.432668e+02
1.000000e+02, 1.426898e+02
1.000000e+02, 1.421207e+02
1.000000e+02, 1.415592e+02
1.000000e+02, 1.410050e+02
1.000000e+02, 1.404579e+02
1.000000e+02, 1.399177e+02
1.000000e+02, 1.393842e+02
1.000000e+02, 1.388571e+02
1.000000e+02, 1.383364e+02
1.000000e+02, 1.378217e+02
1.000000e+02, 1.373130e+02
1.000000e+02, 1.368100e+02
1.000000e+02, 1.363127e+02
1.000000e+02, 1.358208e+02
1.000000e+02, 1.353342e+02
1.000000e+02, 1.348529e+02
1.000000e+02, 1.343766e+02
1.000000e+02, 1.339052e+02
1.000000e+02, 1.334387e+02
1.000000e+02, 1.329768e+02
1.000000e+02, 1.325196e+02
1.000000e+02, 1.320668e+02
1.000000e+02, 1.316185e+02
1.000000e+02, 1.311744e+02
1.000000e+02, 1.307345e+02
1.000000e+02, 1.302988e+02
1.000000e+02, 1.298671e+02
1.000000e+02, 1.294393e+02
1.000000e+02, 1.290154e+02
1.000000e+02, 1.285952e+02
1.000000e+02, 1.281788e+02
1.000000e+02, 1.277660e+02
1.000000e+02, 1.273568e+02
1.000000e+02, 1.269511e+02
1.000000e+02, 1.265488e+02
1.000000e+02, 1.261500e+02
1.000000e+02, 1.257544e+02
1.000000e+02, 1.253621e+02
1.000000e+02, 1.249730e+02
1.000000e+02, 1.245870e+02
1.000000e+02, 1.242041e+02
1.000000e+02, 1.238243e+02
1.000000e+02, 1.234474e+02
1.000000e+02, 1.230735e+02
1.000000e+02, 1.227025e+02
1.000000e+02, 1.223344e+02
1.000000e+02, 1.219690e+02
1.000000e+02, 1.216064e+02
1.000000e+02, 1.212465e+02
1.000000e+02, 1.208893e+02
1.000000e+02, 1.205347e+02
1.000000e+02, 1.201828e+02
1.000000e+02, 1.198334e+02
1.000000e+02, 1.194865e+02
1.000000e+02, 1.191421e+02
1.000000e+02, 1.188001e+02
1.000000e+02, 1.184606e+02
1.000000e+02, 1.181234e+02
1.000000e+02, 1.177887e+02
1.000000e+02, 1.174562e+02
1.000000e+02, 1.171260e+02
1.000000e+02, 1.167981e+02
1.000000e+02, 1.164724e+02
1.000000e+02, 1.161489e+02
1.000000e+02, 1.158276e+02
1.000000e+02, 1.155084e+02
1.000000e+02, 1.151914e+02
1.000000e+02, 1.148764e+02
1.000000e+02, 1.145636e+02
1.000000e+02, 1.142527e+02
1.000000e+02, 1.139439e+02
1.000000e+02, 1.136371e+02
1.000000e+02, 1.133322e+02
1.000000e+02, 1.130293e+02
1.000000e+02, 1.127284e+02
1.000000e+02, 1.124293e+02
1.000000e+02, 1.121321e+02
1.000000e+02, 1.118368e+02
1.000000e+02, 1.115434e+02
1.000000e+02, 1.112517e+02
1.000000e+02, 1.109619e+02
1.000000e+02, 1.106738e+02
1.000000e+02, 1.103875e+02
1.000000e+02, 1.101030e+02
1.000000e+02, 1.098202e+02
1.000000e+02, 1.095391e+02
1.000000e+02, 1.092597e+02
1.000000e+02, 1.089819e+02
1.000000e+02, 1.087059e+02
1.000000e+02, 1.084314e+02
1.000000e+02, 1.081587e+02
1.000000e+02, 1.078875e+02
1.000000e+02, 1.076179e+02
1.000000e+02, 1.073499e+02
1.000000e+02, 1.070834e+02
1.000000e+02, 1.068186e+02
1.000000e+02, 1.065552e+02
1.000000e+02, 1.062934e+02
1.000000e+02, 1.060331e+02
1.000000e+02, 1.057743e+02
1.000000e+02, 1.055169e+02
1.000000e+02, 1.052611e+02
1.000000e+02, 1.050067e+02
1.000000e+02, 1.047537e+02
1.000000e+02, 1.045022e+02
1.000000e+02, 1.042520e+02
1.000000e+02, 1.040033e+02
1.000000e+02, 1.037560e+02
1.000000e+02, 1.035101e+02
1.000000e+02, 1.032656e+02
1.000000e+02, 1.030224e+02
1.000000e+02, 1.027805e+02
1.000000e+02, 1.025400e+02
1.000000e+02, 1.023009e+02
1.000000e+02, 1.020630e+02
1.000000e+02, 1.018264e+02
1.000000e+02, 1.015912e+02
1.000000e+02, 1.013572e+02
1.000000e+02, 1.011245e+02
1.000000e+02, 1.008931e+02
1.000000e+02, 1.006630e+02
1.000000e+02, 1.004341e+02
1.000000e+02, 1.002064e+02
1.000000e+02, 9.997995e+01
1.000000e+02, 9.975472e+01
1.000000e+02, 9.953072e+01
1.000000e+02, 9.930791e+01
1.000000e+02, 9.908630e+01
1.000000e+02, 9.886588e+01
1.000000e+02, 9.864663e+01
1.000000e+02, 9.842855e+01
1.000000e+02, 9.821164e+01
1.000000e+02, 9.799588e+01
1.000000e+02, 9.778126e+01
1.000000e+02, 9.756778e+01
1.000000e+02, 9.735544e+01
1.000000e+02, 9.714421e+01
1.000000e+02, 9.693410e+01
1.000000e+02, 9.672510e+01
1.000000e+02, 9.651720e+01
1.000000e+02, 9.631039e+01
1.000000e+02, 9.610467e+01
1.000000e+02, 9.590003e+01
1.000000e+02, 9.569646e+01
1.000000e+02, 9.549396e+01
1.000000e+02, 9.529251e+01
1.000000e+02, 9.509212e+01
1.000000e+02, 9.489278e+01
1.000000e+02, 9.469447e+01
1.000000e+02, 9.449720e+01
1.000000e+02, 9.430095e+01
1.000000e+02, 9.410573e+01
1.000000e+02, 9.391152e+01
1.000000e+02, 9.371832e+01
1.000000e+02, 9.352612e+01
1.000000e+02, 9.333492e+01
1.000000e+02, 9.314471e+01
1.000000e+02, 9.295549e+01
1.000000e+02, 9.276725e+01
1.000000e+02, 9.257998e+01
1.000000e+02, 9.239368e+01
1.000000e+02, 9.220835e+01
1.000000e+02, 9.202397e+01
1.000000e+02, 9.184055e+01
1.000000e+02, 9.165807e+01
1.000000e+02, 9.147654e+01
1.000000e+02, 9.129594e+01
1.000000e+02, 9.111628e+01
1.000000e+02, 9.093754e+01
1.000000e+02, 9.075973e+01
1.000000e+02, 9.058284e+01
1.000000e+02, 9.040686e+01
1.000000e+02, 9.023178e+01
1.000000e+02, 9.005762e+01
1.000000e+02, 8.988435e+01
1.000000e+02, 8.971197e+01
1.000000e+02, 8.954049e+01
1.000000e+02, 8.936989e+01
1.000000e+02, 8.920017e+01
1.000000e+02, 8.903133e+01
1.000000e+02, 8.886336e+01
1.000000e+02, 8.869626e+01
1.000000e+02, 8.853002e+01
1.000000e+02, 8.836465e+01
1.000000e+02, 8.820013e+01
1.000000e+02, 8.803646e+01
1.000000e+02, 8.787364e+01
1.000000e+02, 8.771166e+01
1.000000e+02, 8.755053e+01
1.000000e+02, 8.739023e+01
1.000000e+02, 8.723076e+01
1.000000e+02, 8.707212e+01
1.000000e+02, 8.691431e+01
1.000000e+02, 8.675732e+01
1.000000e+02, 8.660114e+01
1.000000e+02, 8.644578e+01
1.000000e+02, 8.629123e+01
1.000000e+02, 8.613748e+01
1.000000e+02, 8.598454e+01
1.000000e+02, 8.583240e+01
1.000000e+02, 8.568106e+01
1.000000e+02, 8.553050e+01
1.000000e+02, 8.538074e+01
1.000000e+02, 8.523177e+01
1.000000e+02, 8.508357e+01
1.000000e+02, 8.493616e+01
1.000000e+02, 8.478953e+01
1.000000e+02, 8.464366e+01
1.000000e+02, 8.449857e+01
1.000000e+02, 8.435424e+01
1.000000e+02, 8.421068e+01
1.000000e+02, 8.406788e+01
1.000000e+02, 8.392584e+01
1.000000e+02, 8.378456e+01
1.000000e+02, 8.364402e+01
1.000000e+02, 8.350424e+01
1.000000e+02, 8.336520e+01
1.000000e+02, 8.322690e+01
1.000000e+02, 8.308935e+01
1.000000e+02, 8.295253e+01
1.000000e+02, 8.281645e+01
1.000000e+02, 8.268110e+01
1.000000e+02, 8.254648e+01
1.000000e+02, 8.241259e+01
1.000000e+02, 8.227942e+01
1.000000e+02, 8.214697e+01
1.000000e+02, 8.201525e+01
1.000000e+02, 8.188424e+01
1.000000e+02, 8.175394e+01
1.000000e+02, 8.162435e+01
1.000000e+02, 8.149548e+01
1.000000e+02, 8.136731e+01
1.000000e+02, 8.123984e+01
1.000000e+02, 8.111308e+01
1.000000e+02, 8.098701e+01
1.000000e+02, 8.086165e+01
1.000000e+02, 8.073697e+01
1.000000e+02, 8.061299e+01
1.000000e+02, 8.048970e+01
1.000000e+02, 8.036710e+01
1.000000e+02, 8.024518e+01
1.000000e+02, 8.012395e+01
1.000000e+02, 8.000339e+01
1.000000e+02, 7.988352e+01
1.000000e+02, 7.976432e+01
1.000000e+02, 7.964580e+01
1.000000e+02, 7.952795e+01
1.000000e+02, 7.941077e+01
1.000000e+02, 7.929425e+01
1.000000e+02, 7.917841e+01
1.000000e+02, 7.906322e+01
1.000000e+02, 7.894870e+01
1.000000e+02, 7.883484e+01
1.000000e+02, 7.872164e+01
1.000000e+02, 7.860909e+01
1.000000e+02, 7.849720e+01
1.000000e+02, 7.838596e+01
1.000000e+02, 7.827537e+01
1.000000e+02, 7.816543e+01
1.000000e+02, 7.805613e+01
1.000000e+02, 7.794748e+01
1.000000e+02, 7.783948e+01
1.000000e+02, 7.773211e+01
1.000000e+02, 7.762538e+01
1.000000e+02, 7.751929e+01
1.000000e+02, 7.741384e+01
1.000000e+02, 7.730902e+01
1.000000e+02, 7.720483e+01
1.000000e+02, 7.710127e+01
1.000000e+02, 7.699834e+01
1.000000e+02, 7.689604e+01
1.000000e+02, 7.679437e+01
1.000000e+02, 7.669331e+01
1.000000e+02, 7.659288e+01
1.000000e+02, 7.649307e+01
1.000000e+02, 7.639388e+01
1.000000e+02, 7.629531e+01
1.000000e+02, 7.619735e+01
1.000000e+02, 7.610001e+01
1.000000e+02, 7.600328e+01
1.000000e+02, 7.590716e+01
1.000000e+02, 7.581165e+01
1.000000e+02, 7.571675e+01
1.000000e+02, 7.562245e+01
1.000000e+02, 7.552876e+01
1.000000e+02, 7.543568e+01
1.000000e+02, 7.534319e+01
1.000000e+02, 7.525131e+01
1.000000e+02, 7.516003e+01
1.000000e+02, 7.506934e+01
1.000000e+02, 7.497925e+01
1.000000e+02, 7.488976e+01
1.000000e+02, 7.480086e+01
1.000000e+02, 7.471255e+01
1.000000e+02, 7.462484e+01
1.000000e+02, 7.453771e+01
1.000000e+02, 7.445118e+01
1.000000e+02, 7.436523e+01
1.000000e+02, 7.427986e+01
1.000000e+02, 7.419508e+01
1.000000e+02, 7.411089e+01
1.000000e+02, 7.402728e+01
1.000000e+02, 7.394424e+01
1.000000e+02, 7.386179e+01
1.000000e+02, 7.377992e+01
1.000000e+02, 7.369862e+01
1.000000e+02, 7.361790e+01
1.000000e+02, 7.353776e+01
1.000000e+02, 7.345819e+01
1.000000e+02, 7.337919e+01
1.000000e+02, 7.330076e+01
1.000000e+02, 7.322291e+01
1.000000e+02, 7.314562e+01
1.000000e+02, 7.306890e+01
1.000000e+02, 7.299275e+01
1.000000e+02, 7.291717e+01
1.000000e+02, 7.284215e+01
1.000000e+02, 7.276769e+01
1.000000e+02, 7.269380e+01
1.000000e+02, 7.262047e+01
1.000000e+02, 7.254770e+01
1.000000e+02, 7.247548e+01
1.000000e+02, 7.240383e+01
1.000000e+02, 7.233274e+01
1.000000e+02, 7.226220e+01
1.000000e+02, 7.219222e+01
1.000000e+02, 7.212279e+01
1.000000e+02, 7.205392e+01
1.000000e+02, 7.198560e+01
1.000000e+02, 7.191783e+01
1.000000e+02, 7.185062e+01
1.000000e+02, 7.178395e+01
1.000000e+02, 7.171783e+01
1.000000e+02, 7.165226e+01
1.000000e+02, 7.158724e+01
1.000000e+02, 7.152277e+01
1.000000e+02, 7.145884e+01
1.000000e+02, 7.139545e+01
1.000000e+02, 7.133261e+01
1.000000e+02, 7.127031e+01
1.000000e+02, 7.120856e+01
1.000000e+02, 7.114735e+01
1.000000e+02, 7.108667e+01
1.000000e+02, 7.102654e+01
1.000000e+02, 7.096695e+01
1.000000e+02, 7.090789e+01
1.000000e+02, 7.084937e+01
1.000000e+02, 7.079139e+01
1.000000e+02, 7.073394e+01
1.000000e+02, 7.067703e+01
1.000000e+02, 7.062065e+01
1.000000e+02, 7.056481e+01
1.000000e+02, 7.050950e+01
1.000000e+02, 7.045472e+01
1.000000e+02, 7.040048e+01
1.000000e+02, 7.034676e+01
1.000000e+02, 7.029358e+01
1.000000e+02, 7.024092e+01
1.000000e+02, 7.018879e+01
1.000000e+02, 7.013719e+01
1.000000e+02, 7.008612e+01
1.000000e+02, 7.003557e+01
1.000000e+02, 6.998555e+01
1.000000e+02, 6.993606e+01
1.000000e+02, 6.988709e+01
1.000000e+02, 6.983865e+01
1.000000e+02, 6.979072e+01
1.000000e+02, 6.974332e+01
1.000000e+02, 6.969645e+01
1.000000e+02, 6.965009e+01
1.000000e+02, 6.960426e+01
1.000000e+02, 6.955895e+01
1.000000e+02, 6.951415e+01
1.000000e+02, 6.946988e+01
1.000000e+02, 6.942612e+01
1.000000e+02, 6.938289e+01
1.000000e+02, 6.934017e+01
1.000000e+02, 6.929796e+01
1.000000e+02, 6.925628e+01
1.000000e+02, 6.921511e+01
1.000000e+02, 6.917445e+01
1.000000e+02, 6.913431e+01
1.000000e+02, 6.909469e+01
1.000000e+02, 6.905558e+01
1.000000e+02, 6.901698e+01
1.000000e+02, 6.897890e+01
1.000000e+02, 6.894133e+01
1.000000e+02, 6.890427e+01
1.000000e+02, 6.886772e+01
1.000000e+02, 6.883169e+01
1.000000e+02, 6.879616e+01
1.000000e+02, 6.876115e+01
1.000000e+02, 6.872664e+01
1.000000e+02, 6.869265e+01
1.000000e+02, 6.865916e+01
1.000000e+02, 6.862618e+01
1.000000e+02, 6.859371e+01
1.000000e+02, 6.856175e+01
1.000000e+02, 6.853030e+01
1.000000e+02, 6.849935e+01
1.000000e+02, 6.846891e+01
1.000000e+02, 6.843897e+01
1.000000e+02, 6.840955e+01
1.000000e+02, 6.838062e+01
1.000000e+02, 6.835221e+01
1.000000e+02, 6.832429e+01
1.000000e+02, 6.829689e+01
1.000000e+02, 6.826998e+01
1.000000e+02, 6.824358e+01
1.000000e+02, 6.821769e+01
1.000000e+02, 6.819229e+01
1.000000e+02, 6.816740e+01
1.000000e+02, 6.814302e+01
1.000000e+02, 6.811913e+01
1.000000e+02, 6.809575e+01
1.000000e+02, 6.807287e+01
1.000000e+02, 6.805049e+01
1.000000e+02, 6.802861e+01
1.000000e+02, 6.800723e+01
1.000000e+02, 6.798635e+01
1.000000e+02, 6.796598e+01
1.000000e+02, 6.794610e+01
1.000000e+02, 6.792672e+01
1.000000e+02, 6.790785e+01
1.000000e+02, 6.788947e+01
1.000000e+02, 6.787159e+01
1.000000e+02, 6.785421e+01
1.000000e+02, 6.783734e+01
1.000000e+02, 6.782095e+01
1.000000e+02, 6.780507e+01
1.000000e+02, 6.778969e+01
1.000000e+02, 6.777480e+01
1.000000e+02, 6.776041e+01
1.000000e+02, 6.774652e+01
1.000000e+02, 6.773313e+01
1.000000e+02, 6.772023e+01
1.000000e+02, 6.770783e+01
1.000000e+02, 6.769593e+01
1.000000e+02, 6.768453e+01
1.000000e+02, 6.767362e+01
1.000000e+02, 6.766321e+01
1.000000e+02, 6.765329e+01
1.000000e+02, 6.764388e+01
1.000000e+02, 6.763496e+01
1.000000e+02, 6.762653e+01
1.000000e+02, 6.761860e+01
1.000000e+02, 6.761117e+01
1.000000e+02, 6.760423e+01
1.000000e+02, 6.759779e+01
1.000000e+02, 6.759184e+01
1.000000e+02, 6.758639e+01
1.000000e+02, 6.758144e+01
1.000000e+02, 6.757698e+01
1.000000e+02, 6.757302e+01
1.000000e+02, 6.756955e+01
1.000000e+02, 6.756658e+01
1.000000e+02, 6.756410e+01
1.000000e+02, 6.756212e+01
1.000000e+02, 6.756063e+01
1.000000e+02, 6.755964e+01
1.000000e+02, 6.755915e+01
1.000000e+02, 6.755915e+01
1.000000e+02, 6.755964e+01
1.000000e+02, 6.756063e+01
1.000000e+02, 6.756212e+01
1.000000e+02, 6.756410e+01
1.000000e+02, 6.756658e+01
1.000000e+02, 6.756955e+01
1.000000e+02, 6.757302e+01
1.000000e+02, 6.757698e+01
1.000000e+02, 6.758144e+01
1.000000e+02, 6.758639e+01
1.000000e+02, 6.759184e+01
1.000000e+02, 6.759779e+01
1.000000e+02, 6.760423e+01
1.000000e+02, 6.761117e+01
1.000000e+02, 6.761860e+01
1.000000e+02, 6.762653e+01
1.000000e+02, 6.763496e+01
1.000000e+02, 6.764388e+01
1.000000e+02, 6.765329e+01
1.000000e+02, 6.766321e+01
1.000000e+02, 6.767362e+01
1.000000e+02, 6.768453e+01
1.000000e+02, 6.769593e+01
1.000000e+02, 6.770783e+01
1.000000e+02, 6.772023e+01
1.000000e+02, 6.773313e+01
1.000000e+02, 6.774652e+01
1.000000e+02, 6.776041e+01
1.000000e+02, 6.777480e+01
1.000000e+02, 6.778969e+01
1.000000e+02, 6.780507e+01
1.000000e+02, 6.782095e+01
1.000000e+02, 6.783734e+01
1.000000e+02, 6.785421e+01
1.000000e+02, 6.787159e+01
1.000000e+02, 6.788947e+01
1.000000e+02, 6.790785e+01
1.000000e+02, 6.792672e+01
1.000000e+02, 6.794610e+01
1.000000e+02, 6.796598e+01
1.000000e+02, 6.798635e+01
1.000000e+02, 6.800723e+01
1.000000e+02, 6.802861e+01
1.000000e+02, 6.805049e+01
1.000000e+02, 6.807287e+01
1.000000e+02, 6.809575e+01
1.000000e+02, 6.811913e+01
1.000000e+02, 6.814302e+01
1.000000e+02, 6.816740e+01
1.000000e+02, 6.819229e+01
1.000000e+02, 6.821769e+01
1.000000e+02, 6.824358e+01
1.000000e+02, 6.826998e+01
1.000000e+02, 6.829689e+01
1.000000e+02, 6.832429e+01
1.000000e+02, 6.835221e+01
1.000000e+02, 6.838062e+01
1.000000e+02, 6.840955e+01
1.000000e+02, 6.843897e+01
1.000000e+02, 6.846891e+01
1.000000e+02, 6.849935e+01
1.000000e+02, 6.853030e+01
1.000000e+02, 6.856175e+01
1.000000e+02, 6.859371e+01
1.000000e+02, 6.862618e+01
1.000000e+02, 6.865916e+01
1.000000e+02, 6.869265e+01
1.000000e+02, 6.872664e+01
1.000000e+02, 6.876115e+01
1.000000e+02, 6.879616e+01
1.000000e+02, 6.883169e+01
1.000000e+02, 6.886772e+01
1.000000e+02, 6.890427e+01
1.000000e+02, 6.894133e+01
1.000000e+02, 6.897890e+01
1.000000e+02, 6.901698e+01
1.000000e+02, 6.905558e+01
1.000000e+02, 6.909469e+01
1.000000e+02, 6.913431e+01
1.000000e+02, 6.917445e+01
1.000000e+02, 6.921511e+01
1.000000e+02, 6.925628e+01
1.000000e+02, 6.929796e+01
1.000000e+02, 6.934017e+01
1.000000e+02, 6.938289e+01
1.000000e+02, 6.942612e+01
1.000000e+02, 6.946988e+01
1.000000e+02, 6.951415e+01
1.000000e+02, 6.955895e+01
1.000000e+02, 6.960426e+01
1.000000e+02, 6.965009e+01
1.000000e+02, 6.969645e+01
1.000000e+02, 6.974333e+01
1.000000e+02, 6.979072e+01
1.000000e+02, 6.983865e+01
1.000000e+02, 6.988709e+01
1.000000e+02, 6.993606e+01
1.000000e+02, 6.998555e+01
1.000000e+02, 7.003557e+01
1.000000e+02, 7.008612e+01
1.000000e+02, 7.013719e+01
1.000000e+02, 7.018879e+01
1.000000e+02, 7.024092e+01
1.000000e+02, 7.029358e+01
1.000000e+02, 7.034676e+01
1.000000e+02, 7.040048e+01
1.000000e+02, 7.045472e+01
1.000000e+02, 7.050950e+01
1.000000e+02, 7.056481e+01
1.000000e+02, 7.062065e+01
1.000000e+02, 7.067703e+01
1.000000e+02, 7.073394e+01
1.000000e+02, 7.079139e+01
1.000000e+02, 7.084937e+01
1.000000e+02, 7.090789e+01
1.000000e+02, 7.096695e+01
1.000000e+02, 7.102654e+01
1.000000e+02, 7.108667e+01
1.000000e+02, 7.114735e+01
1.000000e+02, 7.120856e+01
1.000000e+02, 7.127032e+01
1.000000e+02, 7.133261e+01
1.000000e+02, 7.139545e+01
1.000000e+02, 7.145884e+01
1.000000e+02, 7.152277e+01
1.000000e+02, 7.158724e+01
1.000000e+02, 7.165226e+01
1.000000e+02, 7.171783e+01
1.000000e+02, 7.178395e+01
1.000000e+02, 7.185062e+01
1.000000e+02, 7.191783e+01
1.000000e+02, 7.198560e+01
1.000000e+02, 7.205392e+01
1.000000e+02, 7.212279e+01
1.000000e+02, 7.219222e+01
1.000000e+02, 7.226220e+01
1.000000e+02, 7.233274e+01
1.000000e+02, 7.240383e+01
1.000000e+02, 7.247549e+01
1.000000e+02, 7.254770e+01
1.000000e+02, 7.262047e+01
1.000000e+02, 7.269380e+01
1.000000e+02, 7.276769e+01
1.000000e+02, 7.284215e+01
1.000000e+02, 7.291717e+01
1.000000e+02, 7.299275e+01
1.000000e+02, 7.306890e+01
1.000000e+02, 7.314562e+01
1.000000e+02, 7.322291e+01
1.000000e+02, 7.330076e+01
1.000000e+02, 7.337919e+01
1.000000e+02, 7.345819e+01
1.000000e+02, 7.353776e+01
1.000000e+02, 7.361790e+01
1.000000e+02, 7.369862e+01
1.000000e+02, 7.377992e+01
1.000000e+02, 7.386179e+01
1.000000e+02, 7.394424e+01
1.000000e+02, 7.402728e+01
1.000000e+02, 7.411089e+01
1.000000e+02, 7.419508e+01
1.000000e+02, 7.427986e+01
1.000000e+02, 7.436523e+01
1.000000e+02, 7.445118e+01
1.000000e+02, 7.453771e+01
1.000000e+02, 7.462484e+01
1.000000e+02, 7.471255e+01
1.000000e+02, 7.480086e+01
1.000000e+02, 7.488976e+01
1.000000e+02, 7.497925e+01
1.000000e+02, 7.506934e+01
1.000000e+02, 7.516003e+01
1.000000e+02, 7.525131e+01
1.000000e+02, 7.534319e+01
1.000000e+02, 7.543568e+01
1.000000e+02, 7.552876e+01
1.000000e+02, 7.562245e+01
1.000000e+02, 7.571675e+01
1.000000e+02, 7.581165e+01
1.000000e+02, 7.590716e+01
1.000000e+02, 7.600328e+01
1.000000e+02, 7.610001e+01
1.000000e+02, 7.619735e+01
1.000000e+02, 7.629531e+01
1.000000e+02, 7.639388e+01
1.000000e+02, 7.649307e+01
1.000000e+02, 7.659288e+01
1.000000e+02, 7.669331e+01
1.000000e+02, 7.679437e+01
1.000000e+02, 7.689604e+01
1.000000e+02, 7.699834e+01
1.000000e+02, 7.710127e+01
1.000000e+02, 7.720483e+01
1.000000e+02, 7.730902e+01
1.000000e+02, 7.741384e+01
1.000000e+02, 7.751929e+01
1.000000e+02, 7.762538e+01
1.000000e+02, 7.773211e+01
1.000000e+02, 7.783948e+01
1.000000e+02, 7.794748e+01
1.000000e+02, 7.805613e+01
1.000000e+02, 7.816543e+01
1.000000e+02, 7.827537e+01
1.000000e+02, 7.838596e+01
1.000000e+02, 7.849720e+01
1.000000e+02, 7.860909e+01
1.000000e+02, 7.872164e+01
1.000000e+02, 7.883484e+01
1.000000e+02, 7.894870e+01
1.000000e+02, 7.906322e+01
1.000000e+02, 7.917841e+01
1.000000e+02, 7.929425e+01
1.000000e+02, 7.941077e+01
1.000000e+02, 7.952795e+01
1.000000e+02, 7.964580e+01
1.000000e+02, 7.976432e+01
1.000000e+02, 7.988352e+01
1.000000e+02, 8.000340e+01
1.000000e+02, 8.012395e+01
1.000000e+02, 8.024518e+01
1.000000e+02, 8.036710e+01
1.000000e+02, 8.048970e+01
1.000000e+02, 8.061299e+01
1.000000e+02, 8.073697e+01
1.000000e+02, 8.086165e+01
1.000000e+02, 8.098702e+01
1.000000e+02, 8.111308e+01
1.000000e+02, 8.123984e+01
1.000000e+02, 8.136731e+01
1.000000e+02, 8.149548e+01
1.000000e+02, 8.162435e+01
1.000000e+02, 8.175394e+01
1.000000e+02, 8.188424e+01
1.000000e+02, 8.201525e+01
1.000000e+02, 8.214697e+01
1.000000e+02, 8.227942e+01
1.000000e+02, 8.241259e+01
1.000000e+02, 8.254648e+01
1.000000e+02, 8.268110e+01
1.000000e+02, 8.281645e+01
1.000000e+02, 8.295253e+01
1.000000e+02, 8.308935e+01
1.000000e+02, 8.322690e+01
1.000000e+02, 8.336520e+01
1.000000e+02, 8.350424e+01
1.000000e+02, 8.364402e+01
1.000000e+02, 8.378456e+01
1.000000e+02, 8.392584e+01
1.000000e+02, 8.406788e+01
1.000000e+02, 8.421068e+01
1.000000e+02, 8.435425e+01
1.000000e+02, 8.449857e+01
1.000000e+02, 8.464366e+01
1.000000e+02, 8.478953e+01
1.000000e+02, 8.493616e+01
1.000000e+02, 8.508357e+01
1.000000e+02, 8.523177e+01
1.000000e+02, 8.538074e+01
1.000000e+02, 8.553051e+01
1.000000e+02, 8.568106e+01
1.000000e+02, 8.583240e+01
1.000000e+02, 8.598454e+01
1.000000e+02, 8.613748e+01
1.000000e+02, 8.629123e+01
1.000000e+02, 8.644578e+01
1.000000e+02, 8.660114e+01
1.000000e+02, 8.675732e+01
1.000000e+02, 8.691431e+01
1.000000e+02, 8.707212e+01
1.000000e+02, 8.723076e+01
1.000000e+02, 8.739023e+01
1.000000e+02, 8.755053e+01
1.000000e+02, 8.771166e+01
1.000000e+02, 8.787364e+01
1.000000e+02, 8.803646e+01
1.000000e+02, 8.820013e+01
1.000000e+02, 8.836465e+01
1.000000e+02, 8.853002e+01
1.000000e+02, 8.869626e+01
1.000000e+02, 8.886336e+01
1.000000e+02, 8.903133e+01
1.000000e+02, 8.920017e+01
1.000000e+02, 8.936989e+01
1.000000e+02, 8.954049e+01
1.000000e+02, 8.971197e+01
1.000000e+02, 8.988435e+01
1.000000e+02, 9.005762e+01
1.000000e+02, 9.023178e+01
1.000000e+02, 9.040686e+01
1.000000e+02, 9.058284e+01
1.000000e+02, 9.075973e+01
1.000000e+02, 9.093755e+01
1.000000e+02, 9.111628e+01
1.000000e+02, 9.129594e+01
1.000000e+02, 9.147654e+01
1.000000e+02, 9.165807e+01
1.000000e+02, 9.184055e+01
1.000000e+02, 9.202397e+01
1.000000e+02, 9.220835e+01
1.000000e+02, 9.239368e+01
1.000000e+02, 9.257998e+01
1.000000e+02, 9.276725e+01
1.000000e+02, 9.295549e+01
1.000000e+02, 9.314472e+01
1.000000e+02, 9.333492e+01
1.000000e+02, 9.352612e+01
1.000000e+02, 9.371832e+01
1.000000e+02, 9.391152e+01
1.000000e+02, 9.410573e+01
1.000000e+02, 9.430095e+01
1.000000e+02, 9.449720e+01
1.000000e+02, 9.469447e+01
1.000000e+02, 9.489278e+01
1.000000e+02, 9.509212e+01
1.000000e+02, 9.529251e+01
1.000000e+02, 9.549396e+01
1.000000e+02, 9.569646e+01
1.000000e+02, 9.590003e+01
1.000000e+02, 9.610467e+01
1.000000e+02, 9.631039e+01
1.000000e+02, 9.651720e+01
1.000000e+02, 9.672510e+01
1.000000e+02, 9.693410e+01
1.000000e+02, 9.714421e+01
1.000000e+02, 9.735544e+01
1.000000e+02, 9.756778e+01
1.000000e+02, 9.778126e+01
1.000000e+02, 9.799588e+01
1.000000e+02, 9.821164e+01
1.000000e+02, 9.842855e+01
1.000000e+02, 9.864663e+01
1.000000e+02, 9.886588e+01
1.000000e+02, 9.908630e+01
1.000000e+02, 9.930791e+01
1.000000e+02, 9.953072e+01
1.000000e+02, 9.975473e+01
1.000000e+02, 9.997995e+01
1.000000e+02, 1.002064e+02
1.000000e+02, 1.004341e+02
1.000000e+02, 1.006630e+02
1.000000e+02, 1.008931e+02
1.000000e+02, 1.011246e+02
1.000000e+02, 1.013572e+02
1.000000e+02, 1.015912e+02
1.000000e+02, 1.018264e+02
1.000000e+02, 1.020630e+02
1.000000e+02, 1.023009e+02
1.000000e+02, 1.025400e+02
1.000000e+02, 1.027805e+02
1.000000e+02, 1.030224e+02
1.000000e+02, 1.032656e+02
1.000000e+02, 1.035101e+02
1.000000e+02, 1.037560e+02
1.000000e+02, 1.040033e+02
1.000000e+02, 1.042520e+02
1.000000e+02, 1.045022e+02
1.000000e+02, 1.047537e+02
1.000000e+02, 1.050067e+02
1.000000e+02, 1.052611e+02
1.000000e+02, 1.055169e+02
1.000000e+02, 1.057743e+02
1.000000e+02, 1.060331e+02
1.000000e+02, 1.062934e+02
1.000000e+02, 1.065552e+02
1.000000e+02, 1.068186e+02
1.000000e+02, 1.070834e+02
1.000000e+02, 1.073499e+02
1.000000e+02, 1.076179e+02
1.000000e+02, 1.078875e+02
1.000000e+02, 1.081587e+02
1.000000e+02, 1.084314e+02
1.000000e+02, 1.087059e+02
1.000000e+02, 1.089819e+02
1.000000e+02, 1.092597e+02
1.000000e+02, 1.095391e+02
1.000000e+02, 1.098202e+02
1.000000e+02, 1.101030e+02
1.000000e+02, 1.103875e+02
1.000000e+02, 1.106738e+02
1.000000e+02, 1.109619e+02
1.000000e+02, 1.112517e+02
1.000000e+02, 1.115434e+02
1.000000e+02, 1.118368e+02
1.000000e+02, 1.121321e+02
1.000000e+02, 1.124293e+02
1.000000e+02, 1.127284e+02
1.000000e+02, 1.130293e+02
1.000000e+02, 1.133322e+02
1.000000e+02, 1.136371e+02
1.000000e+02, 1.139439e+02
1.000000e+02, 1.142527e+02
1.000000e+02, 1.145636e+02
1.000000e+02, 1.148764e+02
1.000000e+02, 1.151914e+02
1.000000e+02, 1.155084e+02
1.000000e+02, 1.158276e+02
1.000000e+02, 1.161489e+02
1.000000e+02, 1.164724e+02
1.000000e+02, 1.167981e+02
1.000000e+02, 1.171260e+02
1.000000e+02, 1.174562e+02
1.000000e+02, 1.177887e+02
1.000000e+02, 1.181234e+02
1.000000e+02, 1.184606e+02
1.000000e+02, 1.188001e+02
1.000000e+02, 1.191421e+02
1.000000e+02, 1.194865e+02
1.000000e+02, 1.198334e+02
1.000000e+02, 1.201828e+02
1.000000e+02, 1.205347e+02
1.000000e+02, 1.208893e+02
1.000000e+02, 1.212465e+02
1.000000e+02, 1.216064e+02
1.000000e+02, 1.219690e+02
1.000000e+02, 1.223344e+02
1.000000e+02, 1.227025e+02
1.000000e+02, 1.230735e+02
1.000000e+02, 1.234474e+02
1.000000e+02, 1.238243e+02
1.000000e+02, 1.242041e+02
1.000000e+02, 1.245870e+02
1.000000e+02, 1.249730e+02
1.000000e+02, 1.253621e+02
1.000000e+02, 1.257544e+02
1.000000e+02, 1.261500e+02
1.000000e+02, 1.265488e+02
1.000000e+02, 1.269511e+02
1.000000e+02, 1.273568e+02
1.000000e+02, 1.277660e+02
1.000000e+02, 1.281788e+02
1.000000e+02, 1.285952e+02
1.000000e+02, 1.290154e+02
1.000000e+02, 1.294393e+02
1.000000e+02, 1.298671e+02
1.000000e+02, 1.302988e+02
1.000000e+02, 1.307345e+02
1.000000e+02, 1.311744e+02
1.000000e+02, 1.316185e+02
1.000000e+02, 1.320668e+02
1.000000e+02, 1.325196e+02
1.000000e+02, 1.329768e+02
1.000000e+02, 1.334387e+02
1.000000e+02, 1.339052e+02
1.000000e+02, 1.343766e+02
1.000000e+02, 1.348529e+02
1.000000e+02, 1.353342e+02
1.000000e+02, 1.358208e+02
1.000000e+02, 1.363127e+02
1.000000e+02, 1.368100e+02
1.000000e+02, 1.373130e+02
1.000000e+02, 1.378217e+02
1.000000e+02, 1.383364e+02
1.000000e+02, 1.388571e+02
1.000000e+02, 1.393842e+02
1.000000e+02, 1.399177e+02
1.000000e+02, 1.404579e+02
1.000000e+02, 1.410050e+02
1.000000e+02, 1.415592e+02
1.000000e+02, 1.421207e+02
1.000000e+02, 1.426898e+02
1.000000e+02, 1.432668e+02
1.000000e+02, 1.438519e+02
1.000000e+02, 1.444455e+02
1.000000e+02, 1.450478e+02
1.000000e+02, 1.456591e+02
1.000000e+02, 1.462800e+02
1.000000e+02, 1.469106e+02
1.000000e+02, 1.475515e+02
1.000000e+02, 1.482032e+02
1.000000e+02, 1.488660e+02
1.000000e+02, 1.495405e+02
1.000000e+02, 1.502272e+02
1.000000e+02, 1.509268e+02
1.000000e+02, 1.516400e+02
1.000000e+02, 1.523674e+02
1.000000e+02, 1.531099e+02
1.000000e+02, 1.538682e+02
1.000000e+02, 1.546435e+02
1.000000e+02, 1.554367e+02
1.000000e+02, 1.562491e+02
1.000000e+02, 1.570818e+02
1.000000e+02, 1.579366e+02
1.000000e+02, 1.588149e+02
1.000000e+02, 1.597187e+02
1.000000e+02, 1.606503e+02
1.000000e+02, 1.616120e+02
1.000000e+02, 1.626070e+02
1.000000e+02, 1.636385e+02
1.000000e+02, 1.647107e+02
1.000000e+02, 1.658286e+02
1.000000e+02, 1.669981e+02
1.000000e+02, 1.682268e+02
1.000000e+02, 1.695244e+02
1.000000e+02, 1.709033e+02
1.000000e+02, 1.723804e+02
1.000000e+02, 1.739796e+02
1.000000e+02, 1.757363e+02
1.000000e+02, 1.777081e+02
1.000000e+02, 1.800000e+02
##END= 