##TITLE= /opt/topspin3.0/exp/stan/nmr/lists/wave/user/HypSec_trunc2.84_110
##JCAMP-DX= 5.00 Bruker JCAMP library
##DATA TYPE= Shape Data
##ORIGIN= Bruker BioSpin GmbH
##OWNER= <nmrsu>
##DATE= 15/02/24
##TIME= 16:15:04
##MINX= 1.164538e+01
##MAXX= 9.999960e+01
##MINY= 2.546774e-02
##MAXY= 3.585574e+02
##$SHAPE_EXMODE= Adiabatic
##$SHAPE_TOTROT= 1.800000e+02
##$SHAPE_BWFAC= 1.929340e+02
##$SHAPE_INTEGFAC= 2.356110e-02
##$SHAPE_MODE= 0
##NPOINTS= 1000
##XYPOINTS= (XY..XY)
1.000000e+02, 1.800000e+02
1.000000e+02, 1.703675e+02
1.000000e+02, 1.620803e+02
1.000000e+02, 1.546968e+02
1.000000e+02, 1.479756e+02
1.000000e+02, 1.417674e+02
1.000000e+02, 1.359721e+02
1.000000e+02, 1.305186e+02
1.000000e+02, 1.253543e+02
1.000000e+02, 1.204388e+02
1.000000e+02, 1.157406e+02
1.000000e+02, 1.112342e+02
1.000000e+02, 1.068988e+02
1.000000e+02, 1.027173e+02
1.000000e+02, 9.867511e+01
1.000000e+02, 9.475992e+01
1.000000e+02, 9.096114e+01
1.000000e+02, 8.726962e+01
1.000000e+02, 8.367732e+01
1.000000e+02, 8.017721e+01
1.000000e+02, 7.676304e+01
1.000000e+02, 7.342926e+01
1.000000e+02, 7.017090e+01
1.000000e+02, 6.698348e+01
1.000000e+02, 6.386298e+01
1.000000e+02, 6.080574e+01
1.000000e+02, 5.780841e+01
1.000000e+02, 5.486796e+01
1.000000e+02, 5.198161e+01
1.000000e+02, 4.914678e+01
1.000000e+02, 4.636112e+01
1.000000e+02, 4.362244e+01
1.000000e+02, 4.092873e+01
1.000000e+02, 3.827811e+01
1.000000e+02, 3.566883e+01
1.000000e+02, 3.309927e+01
1.000000e+02, 3.056791e+01
1.000000e+02, 2.807331e+01
1.000000e+02, 2.561416e+01
1.000000e+02, 2.318920e+01
1.000000e+02, 2.079724e+01
1.000000e+02, 1.843719e+01
1.000000e+02, 1.610799e+01
1.000000e+02, 1.380866e+01
1.000000e+02, 1.153826e+01
1.000000e+02, 9.295907e+00
1.000000e+02, 7.080761e+00
1.000000e+02, 4.892028e+00
1.000000e+02, 2.728950e+00
1.000000e+02, 5.908088e-01
1.000000e+02, 3.584769e+02
1.000000e+02, 3.563866e+02
1.000000e+02, 3.543193e+02
1.000000e+02, 3.522744e+02
1.000000e+02, 3.502513e+02
1.000000e+02, 3.482494e+02
1.000000e+02, 3.462683e+02
1.000000e+02, 3.443075e+02
1.000000e+02, 3.423664e+02
1.000000e+02, 3.404446e+02
1.000000e+02, 3.385417e+02
1.000000e+02, 3.366573e+02
1.000000e+02, 3.347909e+02
1.000000e+02, 3.329422e+02
1.000000e+02, 3.311108e+02
1.000000e+02, 3.292963e+02
1.000000e+02, 3.274984e+02
1.000000e+02, 3.257167e+02
1.000000e+02, 3.239509e+02
1.000000e+02, 3.222007e+02
1.000000e+02, 3.204659e+02
1.000000e+02, 3.187460e+02
1.000000e+02, 3.170409e+02
1.000000e+02, 3.153502e+02
1.000000e+02, 3.136737e+02
1.000000e+02, 3.120112e+02
1.000000e+02, 3.103623e+02
1.000000e+02, 3.087269e+02
1.000000e+02, 3.071047e+02
1.000000e+02, 3.054956e+02
1.000000e+02, 3.038992e+02
1.000000e+02, 3.023153e+02
1.000000e+02, 3.007438e+02
1.000000e+02, 2.991845e+02
1.000000e+02, 2.976372e+02
1.000000e+02, 2.961016e+02
1.000000e+02, 2.945776e+02
1.000000e+02, 2.930651e+02
1.000000e+02, 2.915638e+02
1.000000e+02, 2.900736e+02
1.000000e+02, 2.885943e+02
1.000000e+02, 2.871257e+02
1.000000e+02, 2.856678e+02
1.000000e+02, 2.842203e+02
1.000000e+02, 2.827831e+02
1.000000e+02, 2.813561e+02
1.000000e+02, 2.799391e+02
1.000000e+02, 2.785320e+02
1.000000e+02, 2.771347e+02
1.000000e+02, 2.757470e+02
1.000000e+02, 2.743688e+02
1.000000e+02, 2.729999e+02
1.000000e+02, 2.716403e+02
1.000000e+02, 2.702899e+02
1.000000e+02, 2.689485e+02
1.000000e+02, 2.676160e+02
1.000000e+02, 2.662923e+02
1.000000e+02, 2.649773e+02
1.000000e+02, 2.636709e+02
1.000000e+02, 2.623729e+02
1.000000e+02, 2.610834e+02
1.000000e+02, 2.598022e+02
1.000000e+02, 2.585291e+02
1.000000e+02, 2.572642e+02
1.000000e+02, 2.560073e+02
1.000000e+02, 2.547583e+02
1.000000e+02, 2.535171e+02
1.000000e+02, 2.522837e+02
1.000000e+02, 2.510579e+02
1.000000e+02, 2.498398e+02
1.000000e+02, 2.486291e+02
1.000000e+02, 2.474258e+02
1.000000e+02, 2.462299e+02
1.000000e+02, 2.450413e+02
1.000000e+02, 2.438599e+02
1.000000e+02, 2.426856e+02
1.000000e+02, 2.415183e+02
1.000000e+02, 2.403580e+02
1.000000e+02, 2.392046e+02
1.000000e+02, 2.380581e+02
1.000000e+02, 2.369183e+02
1.000000e+02, 2.357853e+02
1.000000e+02, 2.346589e+02
1.000000e+02, 2.335391e+02
1.000000e+02, 2.324258e+02
1.000000e+02, 2.313190e+02
1.000000e+02, 2.302186e+02
1.000000e+02, 2.291245e+02
1.000000e+02, 2.280367e+02
1.000000e+02, 2.269552e+02
1.000000e+02, 2.258798e+02
1.000000e+02, 2.248106e+02
1.000000e+02, 2.237474e+02
1.000000e+02, 2.226902e+02
1.000000e+02, 2.216390e+02
1.000000e+02, 2.205938e+02
1.000000e+02, 2.195544e+02
1.000000e+02, 2.185208e+02
1.000000e+02, 2.174929e+02
1.000000e+02, 2.164708e+02
1.000000e+02, 2.154544e+02
1.000000e+02, 2.144436e+02
1.000000e+02, 2.134384e+02
1.000000e+02, 2.124387e+02
1.000000e+02, 2.114445e+02
1.000000e+02, 2.104558e+02
1.000000e+02, 2.094724e+02
1.000000e+02, 2.084945e+02
1.000000e+02, 2.075219e+02
1.000000e+02, 2.065545e+02
1.000000e+02, 2.055924e+02
1.000000e+02, 2.046355e+02
1.000000e+02, 2.036838e+02
1.000000e+02, 2.027372e+02
1.000000e+02, 2.017958e+02
1.000000e+02, 2.008593e+02
1.000000e+02, 1.999279e+02
1.000000e+02, 1.990015e+02
1.000000e+02, 1.980800e+02
1.000000e+02, 1.971635e+02
1.000000e+02, 1.962518e+02
1.000000e+02, 1.953450e+02
1.000000e+02, 1.944430e+02
1.000000e+02, 1.935458e+02
1.000000e+02, 1.926533e+02
1.000000e+02, 1.917655e+02
1.000000e+02, 1.908825e+02
1.000000e+02, 1.900040e+02
1.000000e+02, 1.891303e+02
1.000000e+02, 1.882611e+02
1.000000e+02, 1.873964e+02
1.000000e+02, 1.865364e+02
1.000000e+02, 1.856808e+02
1.000000e+02, 1.848297e+02
1.000000e+02, 1.839830e+02
1.000000e+02, 1.831408e+02
1.000000e+02, 1.823030e+02
1.000000e+02, 1.814695e+02
1.000000e+02, 1.806404e+02
1.000000e+02, 1.798156e+02
1.000000e+02, 1.789951e+02
1.000000e+02, 1.781789e+02
1.000000e+02, 1.773669e+02
1.000000e+02, 1.765591e+02
1.000000e+02, 1.757555e+02
1.000000e+02, 1.749560e+02
1.000000e+02, 1.741608e+02
1.000000e+02, 1.733696e+02
1.000000e+02, 1.725825e+02
1.000000e+02, 1.717995e+02
1.000000e+02, 1.710206e+02
1.000000e+02, 1.702457e+02
1.000000e+02, 1.694748e+02
1.000000e+02, 1.687078e+02
1.000000e+02, 1.679449e+02
1.000000e+02, 1.671858e+02
1.000000e+02, 1.664307e+02
1.000000e+02, 1.656795e+02
1.000000e+02, 1.649322e+02
1.000000e+02, 1.641887e+02
1.000000e+02, 1.634491e+02
1.000000e+02, 1.627133e+02
1.000000e+02, 1.619813e+02
1.000000e+02, 1.612530e+02
1.000000e+02, 1.605286e+02
1.000000e+02, 1.598078e+02
1.000000e+02, 1.590908e+02
1.000000e+02, 1.583775e+02
1.000000e+02, 1.576679e+02
1.000000e+02, 1.569619e+02
1.000000e+02, 1.562596e+02
1.000000e+02, 1.555610e+02
1.000000e+02, 1.548659e+02
1.000000e+02, 1.541744e+02
1.000000e+02, 1.534866e+02
1.000000e+02, 1.528023e+02
1.000000e+02, 1.521215e+02
1.000000e+02, 1.514442e+02
1.000000e+02, 1.507705e+02
1.000000e+02, 1.501003e+02
1.000000e+02, 1.494336e+02
1.000000e+02, 1.487703e+02
1.000000e+02, 1.481105e+02
1.000000e+02, 1.474541e+02
1.000000e+02, 1.468011e+02
1.000000e+02, 1.461515e+02
1.000000e+02, 1.455054e+02
1.000000e+02, 1.448626e+02
1.000000e+02, 1.442231e+02
1.000000e+02, 1.435870e+02
1.000000e+02, 1.429543e+02
1.000000e+02, 1.423249e+02
1.000000e+02, 1.416987e+02
1.000000e+02, 1.410759e+02
1.000000e+02, 1.404563e+02
1.000000e+02, 1.398400e+02
1.000000e+02, 1.392270e+02
1.000000e+02, 1.386172e+02
1.000000e+02, 1.380106e+02
1.000000e+02, 1.374072e+02
1.000000e+02, 1.368070e+02
1.000000e+02, 1.362101e+02
1.000000e+02, 1.356162e+02
1.000000e+02, 1.350256e+02
1.000000e+02, 1.344381e+02
1.000000e+02, 1.338537e+02
1.000000e+02, 1.332725e+02
1.000000e+02, 1.326944e+02
1.000000e+02, 1.321193e+02
1.000000e+02, 1.315474e+02
1.000000e+02, 1.309785e+02
1.000000e+02, 1.304127e+02
1.000000e+02, 1.298500e+02
1.000000e+02, 1.292903e+02
1.000000e+02, 1.287337e+02
1.000000e+02, 1.281800e+02
1.000000e+02, 1.276294e+02
1.000000e+02, 1.270818e+02
1.000000e+02, 1.265371e+02
1.000000e+02, 1.259955e+02
1.000000e+02, 1.254568e+02
1.000000e+02, 1.249211e+02
1.000000e+02, 1.243883e+02
1.000000e+02, 1.238585e+02
1.000000e+02, 1.233316e+02
1.000000e+02, 1.228076e+02
1.000000e+02, 1.222865e+02
1.000000e+02, 1.217683e+02
1.000000e+02, 1.212530e+02
1.000000e+02, 1.207406e+02
1.000000e+02, 1.202311e+02
1.000000e+02, 1.197244e+02
1.000000e+02, 1.192206e+02
1.000000e+02, 1.187196e+02
1.000000e+02, 1.182215e+02
1.000000e+02, 1.177262e+02
1.000000e+02, 1.172337e+02
1.000000e+02, 1.167440e+02
1.000000e+02, 1.162571e+02
1.000000e+02, 1.157730e+02
1.000000e+02, 1.152916e+02
1.000000e+02, 1.148131e+02
1.000000e+02, 1.143373e+02
1.000000e+02, 1.138643e+02
1.000000e+02, 1.133940e+02
1.000000e+02, 1.129265e+02
1.000000e+02, 1.124617e+02
1.000000e+02, 1.119996e+02
1.000000e+02, 1.115403e+02
1.000000e+02, 1.110836e+02
1.000000e+02, 1.106297e+02
1.000000e+02, 1.101784e+02
1.000000e+02, 1.097299e+02
1.000000e+02, 1.092840e+02
1.000000e+02, 1.088408e+02
1.000000e+02, 1.084002e+02
1.000000e+02, 1.079623e+02
1.000000e+02, 1.075271e+02
1.000000e+02, 1.070945e+02
1.000000e+02, 1.066645e+02
1.000000e+02, 1.062372e+02
1.000000e+02, 1.058125e+02
1.000000e+02, 1.053904e+02
1.000000e+02, 1.049709e+02
1.000000e+02, 1.045540e+02
1.000000e+02, 1.041397e+02
1.000000e+02, 1.037280e+02
1.000000e+02, 1.033189e+02
1.000000e+02, 1.029123e+02
1.000000e+02, 1.025083e+02
1.000000e+02, 1.021069e+02
1.000000e+02, 1.017081e+02
1.000000e+02, 1.013118e+02
1.000000e+02, 1.009180e+02
1.000000e+02, 1.005268e+02
1.000000e+02, 1.001381e+02
1.000000e+02, 9.975188e+01
1.000000e+02, 9.936823e+01
1.000000e+02, 9.898709e+01
1.000000e+02, 9.860845e+01
1.000000e+02, 9.823232e+01
1.000000e+02, 9.785869e+01
1.000000e+02, 9.748754e+01
1.000000e+02, 9.711888e+01
1.000000e+02, 9.675270e+01
1.000000e+02, 9.638900e+01
1.000000e+02, 9.602776e+01
1.000000e+02, 9.566899e+01
1.000000e+02, 9.531267e+01
1.000000e+02, 9.495881e+01
1.000000e+02, 9.460739e+01
1.000000e+02, 9.425842e+01
1.000000e+02, 9.391188e+01
1.000000e+02, 9.356777e+01
1.000000e+02, 9.322609e+01
1.000000e+02, 9.288684e+01
1.000000e+02, 9.255000e+01
1.000000e+02, 9.221557e+01
1.000000e+02, 9.188355e+01
1.000000e+02, 9.155393e+01
1.000000e+02, 9.122671e+01
1.000000e+02, 9.090188e+01
1.000000e+02, 9.057944e+01
1.000000e+02, 9.025939e+01
1.000000e+02, 8.994171e+01
1.000000e+02, 8.962641e+01
1.000000e+02, 8.931348e+01
1.000000e+02, 8.900292e+01
1.000000e+02, 8.869471e+01
1.000000e+02, 8.838887e+01
1.000000e+02, 8.808537e+01
1.000000e+02, 8.778423e+01
1.000000e+02, 8.748542e+01
1.000000e+02, 8.718896e+01
1.000000e+02, 8.689484e+01
1.000000e+02, 8.660305e+01
1.000000e+02, 8.631358e+01
1.000000e+02, 8.602644e+01
1.000000e+02, 8.574162e+01
1.000000e+02, 8.545911e+01
1.000000e+02, 8.517892e+01
1.000000e+02, 8.490104e+01
1.000000e+02, 8.462546e+01
1.000000e+02, 8.435218e+01
1.000000e+02, 8.408119e+01
1.000000e+02, 8.381251e+01
1.000000e+02, 8.354611e+01
1.000000e+02, 8.328199e+01
1.000000e+02, 8.302016e+01
1.000000e+02, 8.276061e+01
1.000000e+02, 8.250334e+01
1.000000e+02, 8.224833e+01
1.000000e+02, 8.199560e+01
1.000000e+02, 8.174513e+01
1.000000e+02, 8.149692e+01
1.000000e+02, 8.125098e+01
1.000000e+02, 8.100728e+01
1.000000e+02, 8.076584e+01
1.000000e+02, 8.052665e+01
1.000000e+02, 8.028971e+01
1.000000e+02, 8.005500e+01
1.000000e+02, 7.982254e+01
1.000000e+02, 7.959232e+01
1.000000e+02, 7.936432e+01
1.000000e+02, 7.913856e+01
1.000000e+02, 7.891503e+01
1.000000e+02, 7.869372e+01
1.000000e+02, 7.847463e+01
1.000000e+02, 7.825776e+01
1.000000e+02, 7.804311e+01
1.000000e+02, 7.783067e+01
1.000000e+02, 7.762045e+01
1.000000e+02, 7.741243e+01
1.000000e+02, 7.720661e+01
1.000000e+02, 7.700300e+01
1.000000e+02, 7.680159e+01
1.000000e+02, 7.660238e+01
1.000000e+02, 7.640536e+01
1.000000e+02, 7.621054e+01
1.000000e+02, 7.601790e+01
1.000000e+02, 7.582745e+01
1.000000e+02, 7.563919e+01
1.000000e+02, 7.545311e+01
1.000000e+02, 7.526921e+01
1.000000e+02, 7.508749e+01
1.000000e+02, 7.490794e+01
1.000000e+02, 7.473057e+01
1.000000e+02, 7.455537e+01
1.000000e+02, 7.438234e+01
1.000000e+02, 7.421147e+01
1.000000e+02, 7.404277e+01
1.000000e+02, 7.387623e+01
1.000000e+02, 7.371186e+01
1.000000e+02, 7.354964e+01
1.000000e+02, 7.338958e+01
1.000000e+02, 7.323167e+01
1.000000e+02, 7.307591e+01
1.000000e+02, 7.292231e+01
1.000000e+02, 7.277085e+01
1.000000e+02, 7.262154e+01
1.000000e+02, 7.247438e+01
1.000000e+02, 7.232936e+01
1.000000e+02, 7.218648e+01
1.000000e+02, 7.204574e+01
1.000000e+02, 7.190714e+01
1.000000e+02, 7.177067e+01
1.000000e+02, 7.163634e+01
1.000000e+02, 7.150414e+01
1.000000e+02, 7.137407e+01
1.000000e+02, 7.124614e+01
1.000000e+02, 7.112033e+01
1.000000e+02, 7.099664e+01
1.000000e+02, 7.087508e+01
1.000000e+02, 7.075565e+01
1.000000e+02, 7.063834e+01
1.000000e+02, 7.052314e+01
1.000000e+02, 7.041007e+01
1.000000e+02, 7.029911e+01
1.000000e+02, 7.019028e+01
1.000000e+02, 7.008355e+01
1.000000e+02, 6.997894e+01
1.000000e+02, 6.987644e+01
1.000000e+02, 6.977606e+01
1.000000e+02, 6.967778e+01
1.000000e+02, 6.958161e+01
1.000000e+02, 6.948755e+01
1.000000e+02, 6.939560e+01
1.000000e+02, 6.930575e+01
1.000000e+02, 6.921801e+01
1.000000e+02, 6.913237e+01
1.000000e+02, 6.904883e+01
1.000000e+02, 6.896739e+01
1.000000e+02, 6.888806e+01
1.000000e+02, 6.881082e+01
1.000000e+02, 6.873568e+01
1.000000e+02, 6.866264e+01
1.000000e+02, 6.859170e+01
1.000000e+02, 6.852285e+01
1.000000e+02, 6.845610e+01
1.000000e+02, 6.839144e+01
1.000000e+02, 6.832887e+01
1.000000e+02, 6.826840e+01
1.000000e+02, 6.821002e+01
1.000000e+02, 6.815373e+01
1.000000e+02, 6.809953e+01
1.000000e+02, 6.804742e+01
1.000000e+02, 6.799740e+01
1.000000e+02, 6.794946e+01
1.000000e+02, 6.790362e+01
1.000000e+02, 6.785986e+01
1.000000e+02, 6.781820e+01
1.000000e+02, 6.777861e+01
1.000000e+02, 6.774112e+01
1.000000e+02, 6.770571e+01
1.000000e+02, 6.767238e+01
1.000000e+02, 6.764114e+01
1.000000e+02, 6.761198e+01
1.000000e+02, 6.758491e+01
1.000000e+02, 6.755992e+01
1.000000e+02, 6.753702e+01
1.000000e+02, 6.751619e+01
1.000000e+02, 6.749745e+01
1.000000e+02, 6.748080e+01
1.000000e+02, 6.746622e+01
1.000000e+02, 6.745373e+01
1.000000e+02, 6.744332e+01
1.000000e+02, 6.743500e+01
1.000000e+02, 6.742875e+01
1.000000e+02, 6.742459e+01
1.000000e+02, 6.742250e+01
1.000000e+02, 6.742250e+01
1.000000e+02, 6.742459e+01
1.000000e+02, 6.742875e+01
1.000000e+02, 6.743500e+01
1.000000e+02, 6.744332e+01
1.000000e+02, 6.745373e+01
1.000000e+02, 6.746622e+01
1.000000e+02, 6.748080e+01
1.000000e+02, 6.749745e+01
1.000000e+02, 6.751619e+01
1.000000e+02, 6.753702e+01
1.000000e+02, 6.755992e+01
1.000000e+02, 6.758491e+01
1.000000e+02, 6.761198e+01
1.000000e+02, 6.764114e+01
1.000000e+02, 6.767238e+01
1.000000e+02, 6.770571e+01
1.000000e+02, 6.774112e+01
1.000000e+02, 6.777861e+01
1.000000e+02, 6.781820e+01
1.000000e+02, 6.785987e+01
1.000000e+02, 6.790362e+01
1.000000e+02, 6.794946e+01
1.000000e+02, 6.799740e+01
1.000000e+02, 6.804742e+01
1.000000e+02, 6.809953e+01
1.000000e+02, 6.815373e+01
1.000000e+02, 6.821002e+01
1.000000e+02, 6.826840e+01
1.000000e+02, 6.832887e+01
1.000000e+02, 6.839144e+01
1.000000e+02, 6.845610e+01
1.000000e+02, 6.852285e+01
1.000000e+02, 6.859170e+01
1.000000e+02, 6.866264e+01
1.000000e+02, 6.873568e+01
1.000000e+02, 6.881082e+01
1.000000e+02, 6.888806e+01
1.000000e+02, 6.896739e+01
1.000000e+02, 6.904883e+01
1.000000e+02, 6.913237e+01
1.000000e+02, 6.921801e+01
1.000000e+02, 6.930575e+01
1.000000e+02, 6.939560e+01
1.000000e+02, 6.948755e+01
1.000000e+02, 6.958161e+01
1.000000e+02, 6.967778e+01
1.000000e+02, 6.977606e+01
1.000000e+02, 6.987644e+01
1.000000e+02, 6.997894e+01
1.000000e+02, 7.008355e+01
1.000000e+02, 7.019028e+01
1.000000e+02, 7.029911e+01
1.000000e+02, 7.041007e+01
1.000000e+02, 7.052314e+01
1.000000e+02, 7.063834e+01
1.000000e+02, 7.075565e+01
1.000000e+02, 7.087508e+01
1.000000e+02, 7.099664e+01
1.000000e+02, 7.112033e+01
1.000000e+02, 7.124614e+01
1.000000e+02, 7.137408e+01
1.000000e+02, 7.150414e+01
1.000000e+02, 7.163634e+01
1.000000e+02, 7.177067e+01
1.000000e+02, 7.190714e+01
1.000000e+02, 7.204574e+01
1.000000e+02, 7.218648e+01
1.000000e+02, 7.232936e+01
1.000000e+02, 7.247438e+01
1.000000e+02, 7.262155e+01
1.000000e+02, 7.277085e+01
1.000000e+02, 7.292231e+01
1.000000e+02, 7.307591e+01
1.000000e+02, 7.323167e+01
1.000000e+02, 7.338958e+01
1.000000e+02, 7.354964e+01
1.000000e+02, 7.371186e+01
1.000000e+02, 7.387623e+01
1.000000e+02, 7.404277e+01
1.000000e+02, 7.421147e+01
1.000000e+02, 7.438234e+01
1.000000e+02, 7.455537e+01
1.000000e+02, 7.473057e+01
1.000000e+02, 7.490794e+01
1.000000e+02, 7.508749e+01
1.000000e+02, 7.526921e+01
1.000000e+02, 7.545311e+01
1.000000e+02, 7.563919e+01
1.000000e+02, 7.582745e+01
1.000000e+02, 7.601790e+01
1.000000e+02, 7.621054e+01
1.000000e+02, 7.640536e+01
1.000000e+02, 7.660238e+01
1.000000e+02, 7.680159e+01
1.000000e+02, 7.700300e+01
1.000000e+02, 7.720662e+01
1.000000e+02, 7.741243e+01
1.000000e+02, 7.762045e+01
1.000000e+02, 7.783068e+01
1.000000e+02, 7.804311e+01
1.000000e+02, 7.825777e+01
1.000000e+02, 7.847463e+01
1.000000e+02, 7.869372e+01
1.000000e+02, 7.891503e+01
1.000000e+02, 7.913856e+01
1.000000e+02, 7.936432e+01
1.000000e+02, 7.959232e+01
1.000000e+02, 7.982254e+01
1.000000e+02, 8.005501e+01
1.000000e+02, 8.028971e+01
1.000000e+02, 8.052665e+01
1.000000e+02, 8.076584e+01
1.000000e+02, 8.100728e+01
1.000000e+02, 8.125098e+01
1.000000e+02, 8.149693e+01
1.000000e+02, 8.174513e+01
1.000000e+02, 8.199560e+01
1.000000e+02, 8.224834e+01
1.000000e+02, 8.250334e+01
1.000000e+02, 8.276061e+01
1.000000e+02, 8.302017e+01
1.000000e+02, 8.328200e+01
1.000000e+02, 8.354611e+01
1.000000e+02, 8.381251e+01
1.000000e+02, 8.408120e+01
1.000000e+02, 8.435218e+01
1.000000e+02, 8.462546e+01
1.000000e+02, 8.490104e+01
1.000000e+02, 8.517892e+01
1.000000e+02, 8.545911e+01
1.000000e+02, 8.574162e+01
1.000000e+02, 8.602644e+01
1.000000e+02, 8.631358e+01
1.000000e+02, 8.660305e+01
1.000000e+02, 8.689484e+01
1.000000e+02, 8.718896e+01
1.000000e+02, 8.748543e+01
1.000000e+02, 8.778423e+01
1.000000e+02, 8.808537e+01
1.000000e+02, 8.838887e+01
1.000000e+02, 8.869471e+01
1.000000e+02, 8.900292e+01
1.000000e+02, 8.931348e+01
1.000000e+02, 8.962641e+01
1.000000e+02, 8.994172e+01
1.000000e+02, 9.025939e+01
1.000000e+02, 9.057945e+01
1.000000e+02, 9.090189e+01
1.000000e+02, 9.122671e+01
1.000000e+02, 9.155393e+01
1.000000e+02, 9.188355e+01
1.000000e+02, 9.221557e+01
1.000000e+02, 9.255000e+01
1.000000e+02, 9.288684e+01
1.000000e+02, 9.322610e+01
1.000000e+02, 9.356777e+01
1.000000e+02, 9.391188e+01
1.000000e+02, 9.425842e+01
1.000000e+02, 9.460739e+01
1.000000e+02, 9.495881e+01
1.000000e+02, 9.531267e+01
1.000000e+02, 9.566899e+01
1.000000e+02, 9.602776e+01
1.000000e+02, 9.638900e+01
1.000000e+02, 9.675271e+01
1.000000e+02, 9.711889e+01
1.000000e+02, 9.748754e+01
1.000000e+02, 9.785869e+01
1.000000e+02, 9.823232e+01
1.000000e+02, 9.860846e+01
1.000000e+02, 9.898709e+01
1.000000e+02, 9.936823e+01
1.000000e+02, 9.975188e+01
1.000000e+02, 1.001381e+02
1.000000e+02, 1.005268e+02
1.000000e+02, 1.009180e+02
1.000000e+02, 1.013118e+02
1.000000e+02, 1.017081e+02
1.000000e+02, 1.021069e+02
1.000000e+02, 1.025084e+02
1.000000e+02, 1.029123e+02
1.000000e+02, 1.033189e+02
1.000000e+02, 1.037280e+02
1.000000e+02, 1.041397e+02
1.000000e+02, 1.045540e+02
1.000000e+02, 1.049709e+02
1.000000e+02, 1.053904e+02
1.000000e+02, 1.058125e+02
1.000000e+02, 1.062372e+02
1.000000e+02, 1.066645e+02
1.000000e+02, 1.070945e+02
1.000000e+02, 1.075271e+02
1.000000e+02, 1.079623e+02
1.000000e+02, 1.084002e+02
1.000000e+02, 1.088408e+02
1.000000e+02, 1.092840e+02
1.000000e+02, 1.097299e+02
1.000000e+02, 1.101784e+02
1.000000e+02, 1.106297e+02
1.000000e+02, 1.110836e+02
1.000000e+02, 1.115403e+02
1.000000e+02, 1.119996e+02
1.000000e+02, 1.124617e+02
1.000000e+02, 1.129265e+02
1.000000e+02, 1.133940e+02
1.000000e+02, 1.138643e+02
1.000000e+02, 1.143373e+02
1.000000e+02, 1.148131e+02
1.000000e+02, 1.152917e+02
1.000000e+02, 1.157730e+02
1.000000e+02, 1.162571e+02
1.000000e+02, 1.167440e+02
1.000000e+02, 1.172337e+02
1.000000e+02, 1.177262e+02
1.000000e+02, 1.182215e+02
1.000000e+02, 1.187196e+02
1.000000e+02, 1.192206e+02
1.000000e+02, 1.197244e+02
1.000000e+02, 1.202311e+02
1.000000e+02, 1.207406e+02
1.000000e+02, 1.212530e+02
1.000000e+02, 1.217683e+02
1.000000e+02, 1.222865e+02
1.000000e+02, 1.228076e+02
1.000000e+02, 1.233316e+02
1.000000e+02, 1.238585e+02
1.000000e+02, 1.243883e+02
1.000000e+02, 1.249211e+02
1.000000e+02, 1.254568e+02
1.000000e+02, 1.259955e+02
1.000000e+02, 1.265371e+02
1.000000e+02, 1.270818e+02
1.000000e+02, 1.276294e+02
1.000000e+02, 1.281800e+02
1.000000e+02, 1.287337e+02
1.000000e+02, 1.292903e+02
1.000000e+02, 1.298500e+02
1.000000e+02, 1.304127e+02
1.000000e+02, 1.309785e+02
1.000000e+02, 1.315474e+02
1.000000e+02, 1.321193e+02
1.000000e+02, 1.326944e+02
1.000000e+02, 1.332725e+02
1.000000e+02, 1.338537e+02
1.000000e+02, 1.344381e+02
1.000000e+02, 1.350256e+02
1.000000e+02, 1.356162e+02
1.000000e+02, 1.362101e+02
1.000000e+02, 1.368071e+02
1.000000e+02, 1.374072e+02
1.000000e+02, 1.380106e+02
1.000000e+02, 1.386172e+02
1.000000e+02, 1.392270e+02
1.000000e+02, 1.398400e+02
1.000000e+02, 1.404563e+02
1.000000e+02, 1.410759e+02
1.000000e+02, 1.416987e+02
1.000000e+02, 1.423249e+02
1.000000e+02, 1.429543e+02
1.000000e+02, 1.435871e+02
1.000000e+02, 1.442231e+02
1.000000e+02, 1.448626e+02
1.000000e+02, 1.455054e+02
1.000000e+02, 1.461515e+02
1.000000e+02, 1.468011e+02
1.000000e+02, 1.474541e+02
1.000000e+02, 1.481105e+02
1.000000e+02, 1.487703e+02
1.000000e+02, 1.494336e+02
1.000000e+02, 1.501003e+02
1.000000e+02, 1.507705e+02
1.000000e+02, 1.514442e+02
1.000000e+02, 1.521215e+02
1.000000e+02, 1.528023e+02
1.000000e+02, 1.534866e+02
1.000000e+02, 1.541744e+02
1.000000e+02, 1.548659e+02
1.000000e+02, 1.555610e+02
1.000000e+02, 1.562596e+02
1.000000e+02, 1.569619e+02
1.000000e+02, 1.576679e+02
1.000000e+02, 1.583775e+02
1.000000e+02, 1.590908e+02
1.000000e+02, 1.598078e+02
1.000000e+02, 1.605286e+02
1.000000e+02, 1.612530e+02
1.000000e+02, 1.619813e+02
1.000000e+02, 1.627133e+02
1.000000e+02, 1.634491e+02
1.000000e+02, 1.641887e+02
1.000000e+02, 1.649322e+02
1.000000e+02, 1.656795e+02
1.000000e+02, 1.664307e+02
1.000000e+02, 1.671858e+02
1.000000e+02, 1.679449e+02
1.000000e+02, 1.687078e+02
1.000000e+02, 1.694748e+02
1.000000e+02, 1.702457e+02
1.000000e+02, 1.710206e+02
1.000000e+02, 1.717995e+02
1.000000e+02, 1.725825e+02
1.000000e+02, 1.733696e+02
1.000000e+02, 1.741608e+02
1.000000e+02, 1.749561e+02
1.000000e+02, 1.757555e+02
1.000000e+02, 1.765591e+02
1.000000e+02, 1.773669e+02
1.000000e+02, 1.781789e+02
1.000000e+02, 1.789951e+02
1.000000e+02, 1.798156e+02
1.000000e+02, 1.806404e+02
1.000000e+02, 1.814695e+02
1.000000e+02, 1.823030e+02
1.000000e+02, 1.831408e+02
1.000000e+02, 1.839830e+02
1.000000e+02, 1.848297e+02
1.000000e+02, 1.856808e+02
1.000000e+02, 1.865364e+02
1.000000e+02, 1.873964e+02
1.000000e+02, 1.882611e+02
1.000000e+02, 1.891303e+02
1.000000e+02, 1.900040e+02
1.000000e+02, 1.908825e+02
1.000000e+02, 1.917655e+02
1.000000e+02, 1.926533e+02
1.000000e+02, 1.935458e+02
1.000000e+02, 1.944430e+02
1.000000e+02, 1.953450e+02
1.000000e+02, 1.962518e+02
1.000000e+02, 1.971635e+02
1.000000e+02, 1.980800e+02
1.000000e+02, 1.990015e+02
1.000000e+02, 1.999279e+02
1.000000e+02, 2.008593e+02
1.000000e+02, 2.017958e+02
1.000000e+02, 2.027373e+02
1.000000e+02, 2.036838e+02
1.000000e+02, 2.046355e+02
1.000000e+02, 2.055924e+02
1.000000e+02, 2.065545e+02
1.000000e+02, 2.075219e+02
1.000000e+02, 2.084945e+02
1.000000e+02, 2.094724e+02
1.000000e+02, 2.104558e+02
1.000000e+02, 2.114445e+02
1.000000e+02, 2.124387e+02
1.000000e+02, 2.134384e+02
1.000000e+02, 2.144436e+02
1.000000e+02, 2.154544e+02
1.000000e+02, 2.164708e+02
1.000000e+02, 2.174929e+02
1.000000e+02, 2.185208e+02
1.000000e+02, 2.195544e+02
1.000000e+02, 2.205938e+02
1.000000e+02, 2.216390e+02
1.000000e+02, 2.226902e+02
1.000000e+02, 2.237474e+02
1.000000e+02, 2.248106e+02
1.000000e+02, 2.258798e+02
1.000000e+02, 2.269552e+02
1.000000e+02, 2.280367e+02
1.000000e+02, 2.291245e+02
1.000000e+02, 2.302186e+02
1.000000e+02, 2.313190e+02
1.000000e+02, 2.324258e+02
1.000000e+02, 2.335391e+02
1.000000e+02, 2.346589e+02
1.000000e+02, 2.357853e+02
1.000000e+02, 2.369184e+02
1.000000e+02, 2.380581e+02
1.000000e+02, 2.392046e+02
1.000000e+02, 2.403580e+02
1.000000e+02, 2.415183e+02
1.000000e+02, 2.426856e+02
1.000000e+02, 2.438599e+02
1.000000e+02, 2.450413e+02
1.000000e+02, 2.462300e+02
1.000000e+02, 2.474259e+02
1.000000e+02, 2.486291e+02
1.000000e+02, 2.498398e+02
1.000000e+02, 2.510579e+02
1.000000e+02, 2.522837e+02
1.000000e+02, 2.535171e+02
1.000000e+02, 2.547583e+02
1.000000e+02, 2.560073e+02
1.000000e+02, 2.572642e+02
1.000000e+02, 2.585291e+02
1.000000e+02, 2.598022e+02
1.000000e+02, 2.610834e+02
1.000000e+02, 2.623729e+02
1.000000e+02, 2.636709e+02
1.000000e+02, 2.649773e+02
1.000000e+02, 2.662923e+02
1.000000e+02, 2.676160e+02
1.000000e+02, 2.689485e+02
1.000000e+02, 2.702899e+02
1.000000e+02, 2.716403e+02
1.000000e+02, 2.729999e+02
1.000000e+02, 2.743688e+02
1.000000e+02, 2.757470e+02
1.000000e+02, 2.771347e+02
1.000000e+02, 2.785320e+02
1.000000e+02, 2.799391e+02
1.000000e+02, 2.813561e+02
1.000000e+02, 2.827831e+02
1.000000e+02, 2.842203e+02
1.000000e+02, 2.856678e+02
1.000000e+02, 2.871257e+02
1.000000e+02, 2.885943e+02
1.000000e+02, 2.900736e+02
1.000000e+02, 2.915638e+02
1.000000e+02, 2.930651e+02
1.000000e+02, 2.945776e+02
1.000000e+02, 2.961016e+02
1.000000e+02, 2.976372e+02
1.000000e+02, 2.991845e+02
1.000000e+02, 3.007438e+02
1.000000e+02, 3.023153e+02
1.000000e+02, 3.038992e+02
1.000000e+02, 3.054956e+02
1.000000e+02, 3.071048e+02
1.000000e+02, 3.087269e+02
1.000000e+02, 3.103623e+02
1.000000e+02, 3.120112e+02
1.000000e+02, 3.136737e+02
1.000000e+02, 3.153502e+02
1.000000e+02, 3.170409e+02
1.000000e+02, 3.187460e+02
1.000000e+02, 3.204659e+02
1.000000e+02, 3.222008e+02
1.000000e+02, 3.239509e+02
1.000000e+02, 3.257167e+02
1.000000e+02, 3.274984e+02
1.000000e+02, 3.292963e+02
1.000000e+02, 3.311108e+02
1.000000e+02, 3.329422e+02
1.000000e+02, 3.347910e+02
1.000000e+02, 3.366573e+02
1.000000e+02, 3.385417e+02
1.000000e+02, 3.404446e+02
1.000000e+02, 3.423664e+02
1.000000e+02, 3.443075e+02
1.000000e+02, 3.462683e+02
1.000000e+02, 3.482494e+02
1.000000e+02, 3.502513e+02
1.000000e+02, 3.522744e+02
1.000000e+02, 3.543193e+02
1.000000e+02, 3.563866e+02
1.000000e+02, 3.584769e+02
1.000000e+02, 5.908143e-01
1.000000e+02, 2.728956e+00
1.000000e+02, 4.892034e+00
1.000000e+02, 7.080767e+00
1.000000e+02, 9.295912e+00
1.000000e+02, 1.153827e+01
1.000000e+02, 1.380867e+01
1.000000e+02, 1.610800e+01
1.000000e+02, 1.843720e+01
1.000000e+02, 2.079725e+01
1.000000e+02, 2.318920e+01
1.000000e+02, 2.561417e+01
1.000000e+02, 2.807332e+01
1.000000e+02, 3.056791e+01
1.000000e+02, 3.309928e+01
1.000000e+02, 3.566884e+01
1.000000e+02, 3.827812e+01
1.000000e+02, 4.092874e+01
1.000000e+02, 4.362245e+01
1.000000e+02, 4.636112e+01
1.000000e+02, 4.914679e+01
1.000000e+02, 5.198161e+01
1.000000e+02, 5.486797e+01
1.000000e+02, 5.780842e+01
1.000000e+02, 6.080574e+01
1.000000e+02, 6.386299e+01
1.000000e+02, 6.698349e+01
1.000000e+02, 7.017090e+01
1.000000e+02, 7.342926e+01
1.000000e+02, 7.676304e+01
1.000000e+02, 8.017721e+01
1.000000e+02, 8.367733e+01
1.000000e+02, 8.726962e+01
1.000000e+02, 9.096115e+01
1.000000e+02, 9.475992e+01
1.000000e+02, 9.867511e+01
1.000000e+02, 1.027173e+02
1.000000e+02, 1.068988e+02
1.000000e+02, 1.112342e+02
1.000000e+02, 1.157406e+02
1.000000e+02, 1.204388e+02
1.000000e+02, 1.253543e+02
1.000000e+02, 1.305186e+02
1.000000e+02, 1.359721e+02
1.000000e+02, 1.417674e+02
1.000000e+02, 1.479756e+02
1.000000e+02, 1.546968e+02
1.000000e+02, 1.620803e+02
1.000000e+02, 1.703675e+02
1.000000e+02, 1.800000e+02
##END= 