##TITLE= /opt/topspin3.0/exp/stan/nmr/lists/wave/user/HypSec_trunc2.84_110
##JCAMP-DX= 5.00 Bruker JCAMP library
##DATA TYPE= Shape Data
##ORIGIN= Bruker BioSpin GmbH
##OWNER= <nmrsu>
##DATE= 15/02/24
##TIME= 16:15:04
##MINX= 1.164538e+01
##MAXX= 9.999960e+01
##MINY= 2.546774e-02
##MAXY= 3.585574e+02
##$SHAPE_EXMODE= Adiabatic
##$SHAPE_TOTROT= 1.800000e+02
##$SHAPE_BWFAC= 1.929340e+02
##$SHAPE_INTEGFAC= 2.356110e-02
##$SHAPE_MODE= 0
##NPOINTS= 1000
##XYPOINTS= (XY..XY)
1.000000e+02, 1.800000e+02
1.000000e+02, 1.707661e+02
1.000000e+02, 1.628218e+02
1.000000e+02, 1.557438e+02
1.000000e+02, 1.493007e+02
1.000000e+02, 1.433495e+02
1.000000e+02, 1.377940e+02
1.000000e+02, 1.325661e+02
1.000000e+02, 1.276155e+02
1.000000e+02, 1.229034e+02
1.000000e+02, 1.183996e+02
1.000000e+02, 1.140797e+02
1.000000e+02, 1.099237e+02
1.000000e+02, 1.059152e+02
1.000000e+02, 1.020403e+02
1.000000e+02, 9.828709e+01
1.000000e+02, 9.464551e+01
1.000000e+02, 9.110674e+01
1.000000e+02, 8.766309e+01
1.000000e+02, 8.430781e+01
1.000000e+02, 8.103491e+01
1.000000e+02, 7.783908e+01
1.000000e+02, 7.471555e+01
1.000000e+02, 7.166003e+01
1.000000e+02, 6.866865e+01
1.000000e+02, 6.573791e+01
1.000000e+02, 6.286462e+01
1.000000e+02, 6.004584e+01
1.000000e+02, 5.727892e+01
1.000000e+02, 5.456140e+01
1.000000e+02, 5.189100e+01
1.000000e+02, 4.926565e+01
1.000000e+02, 4.668341e+01
1.000000e+02, 4.414246e+01
1.000000e+02, 4.164116e+01
1.000000e+02, 3.917792e+01
1.000000e+02, 3.675130e+01
1.000000e+02, 3.435994e+01
1.000000e+02, 3.200254e+01
1.000000e+02, 2.967792e+01
1.000000e+02, 2.738494e+01
1.000000e+02, 2.512255e+01
1.000000e+02, 2.288973e+01
1.000000e+02, 2.068554e+01
1.000000e+02, 1.850909e+01
1.000000e+02, 1.635952e+01
1.000000e+02, 1.423604e+01
1.000000e+02, 1.213788e+01
1.000000e+02, 1.006430e+01
1.000000e+02, 8.014637e+00
1.000000e+02, 5.988218e+00
1.000000e+02, 3.984421e+00
1.000000e+02, 2.002648e+00
1.000000e+02, 4.233120e-02
1.000000e+02, 3.581029e+02
1.000000e+02, 3.561839e+02
1.000000e+02, 3.542848e+02
1.000000e+02, 3.524051e+02
1.000000e+02, 3.505443e+02
1.000000e+02, 3.487021e+02
1.000000e+02, 3.468779e+02
1.000000e+02, 3.450715e+02
1.000000e+02, 3.432824e+02
1.000000e+02, 3.415101e+02
1.000000e+02, 3.397545e+02
1.000000e+02, 3.380151e+02
1.000000e+02, 3.362916e+02
1.000000e+02, 3.345836e+02
1.000000e+02, 3.328909e+02
1.000000e+02, 3.312131e+02
1.000000e+02, 3.295500e+02
1.000000e+02, 3.279014e+02
1.000000e+02, 3.262668e+02
1.000000e+02, 3.246461e+02
1.000000e+02, 3.230390e+02
1.000000e+02, 3.214452e+02
1.000000e+02, 3.198646e+02
1.000000e+02, 3.182968e+02
1.000000e+02, 3.167418e+02
1.000000e+02, 3.151992e+02
1.000000e+02, 3.136688e+02
1.000000e+02, 3.121505e+02
1.000000e+02, 3.106441e+02
1.000000e+02, 3.091493e+02
1.000000e+02, 3.076660e+02
1.000000e+02, 3.061939e+02
1.000000e+02, 3.047330e+02
1.000000e+02, 3.032831e+02
1.000000e+02, 3.018439e+02
1.000000e+02, 3.004153e+02
1.000000e+02, 2.989973e+02
1.000000e+02, 2.975895e+02
1.000000e+02, 2.961919e+02
1.000000e+02, 2.948043e+02
1.000000e+02, 2.934266e+02
1.000000e+02, 2.920586e+02
1.000000e+02, 2.907003e+02
1.000000e+02, 2.893514e+02
1.000000e+02, 2.880119e+02
1.000000e+02, 2.866816e+02
1.000000e+02, 2.853604e+02
1.000000e+02, 2.840482e+02
1.000000e+02, 2.827449e+02
1.000000e+02, 2.814503e+02
1.000000e+02, 2.801644e+02
1.000000e+02, 2.788870e+02
1.000000e+02, 2.776181e+02
1.000000e+02, 2.763575e+02
1.000000e+02, 2.751052e+02
1.000000e+02, 2.738610e+02
1.000000e+02, 2.726248e+02
1.000000e+02, 2.713966e+02
1.000000e+02, 2.701762e+02
1.000000e+02, 2.689636e+02
1.000000e+02, 2.677587e+02
1.000000e+02, 2.665614e+02
1.000000e+02, 2.653716e+02
1.000000e+02, 2.641892e+02
1.000000e+02, 2.630142e+02
1.000000e+02, 2.618464e+02
1.000000e+02, 2.606858e+02
1.000000e+02, 2.595324e+02
1.000000e+02, 2.583859e+02
1.000000e+02, 2.572465e+02
1.000000e+02, 2.561140e+02
1.000000e+02, 2.549882e+02
1.000000e+02, 2.538693e+02
1.000000e+02, 2.527570e+02
1.000000e+02, 2.516513e+02
1.000000e+02, 2.505523e+02
1.000000e+02, 2.494597e+02
1.000000e+02, 2.483735e+02
1.000000e+02, 2.472937e+02
1.000000e+02, 2.462202e+02
1.000000e+02, 2.451530e+02
1.000000e+02, 2.440920e+02
1.000000e+02, 2.430371e+02
1.000000e+02, 2.419883e+02
1.000000e+02, 2.409456e+02
1.000000e+02, 2.399088e+02
1.000000e+02, 2.388779e+02
1.000000e+02, 2.378529e+02
1.000000e+02, 2.368337e+02
1.000000e+02, 2.358203e+02
1.000000e+02, 2.348126e+02
1.000000e+02, 2.338106e+02
1.000000e+02, 2.328142e+02
1.000000e+02, 2.318233e+02
1.000000e+02, 2.308380e+02
1.000000e+02, 2.298582e+02
1.000000e+02, 2.288839e+02
1.000000e+02, 2.279149e+02
1.000000e+02, 2.269513e+02
1.000000e+02, 2.259929e+02
1.000000e+02, 2.250399e+02
1.000000e+02, 2.240921e+02
1.000000e+02, 2.231494e+02
1.000000e+02, 2.222120e+02
1.000000e+02, 2.212796e+02
1.000000e+02, 2.203523e+02
1.000000e+02, 2.194300e+02
1.000000e+02, 2.185127e+02
1.000000e+02, 2.176004e+02
1.000000e+02, 2.166929e+02
1.000000e+02, 2.157904e+02
1.000000e+02, 2.148927e+02
1.000000e+02, 2.139999e+02
1.000000e+02, 2.131118e+02
1.000000e+02, 2.122285e+02
1.000000e+02, 2.113498e+02
1.000000e+02, 2.104759e+02
1.000000e+02, 2.096066e+02
1.000000e+02, 2.087419e+02
1.000000e+02, 2.078818e+02
1.000000e+02, 2.070262e+02
1.000000e+02, 2.061752e+02
1.000000e+02, 2.053287e+02
1.000000e+02, 2.044866e+02
1.000000e+02, 2.036490e+02
1.000000e+02, 2.028158e+02
1.000000e+02, 2.019869e+02
1.000000e+02, 2.011624e+02
1.000000e+02, 2.003423e+02
1.000000e+02, 1.995264e+02
1.000000e+02, 1.987148e+02
1.000000e+02, 1.979074e+02
1.000000e+02, 1.971042e+02
1.000000e+02, 1.963053e+02
1.000000e+02, 1.955104e+02
1.000000e+02, 1.947198e+02
1.000000e+02, 1.939332e+02
1.000000e+02, 1.931508e+02
1.000000e+02, 1.923724e+02
1.000000e+02, 1.915980e+02
1.000000e+02, 1.908277e+02
1.000000e+02, 1.900613e+02
1.000000e+02, 1.892989e+02
1.000000e+02, 1.885405e+02
1.000000e+02, 1.877860e+02
1.000000e+02, 1.870354e+02
1.000000e+02, 1.862887e+02
1.000000e+02, 1.855459e+02
1.000000e+02, 1.848068e+02
1.000000e+02, 1.840716e+02
1.000000e+02, 1.833403e+02
1.000000e+02, 1.826126e+02
1.000000e+02, 1.818888e+02
1.000000e+02, 1.811687e+02
1.000000e+02, 1.804523e+02
1.000000e+02, 1.797396e+02
1.000000e+02, 1.790305e+02
1.000000e+02, 1.783252e+02
1.000000e+02, 1.776234e+02
1.000000e+02, 1.769253e+02
1.000000e+02, 1.762308e+02
1.000000e+02, 1.755399e+02
1.000000e+02, 1.748526e+02
1.000000e+02, 1.741688e+02
1.000000e+02, 1.734885e+02
1.000000e+02, 1.728118e+02
1.000000e+02, 1.721385e+02
1.000000e+02, 1.714688e+02
1.000000e+02, 1.708025e+02
1.000000e+02, 1.701396e+02
1.000000e+02, 1.694802e+02
1.000000e+02, 1.688242e+02
1.000000e+02, 1.681716e+02
1.000000e+02, 1.675224e+02
1.000000e+02, 1.668766e+02
1.000000e+02, 1.662341e+02
1.000000e+02, 1.655949e+02
1.000000e+02, 1.649591e+02
1.000000e+02, 1.643266e+02
1.000000e+02, 1.636973e+02
1.000000e+02, 1.630714e+02
1.000000e+02, 1.624487e+02
1.000000e+02, 1.618293e+02
1.000000e+02, 1.612131e+02
1.000000e+02, 1.606001e+02
1.000000e+02, 1.599903e+02
1.000000e+02, 1.593838e+02
1.000000e+02, 1.587804e+02
1.000000e+02, 1.581802e+02
1.000000e+02, 1.575831e+02
1.000000e+02, 1.569892e+02
1.000000e+02, 1.563984e+02
1.000000e+02, 1.558107e+02
1.000000e+02, 1.552261e+02
1.000000e+02, 1.546446e+02
1.000000e+02, 1.540662e+02
1.000000e+02, 1.534909e+02
1.000000e+02, 1.529186e+02
1.000000e+02, 1.523494e+02
1.000000e+02, 1.517832e+02
1.000000e+02, 1.512200e+02
1.000000e+02, 1.506598e+02
1.000000e+02, 1.501026e+02
1.000000e+02, 1.495484e+02
1.000000e+02, 1.489971e+02
1.000000e+02, 1.484489e+02
1.000000e+02, 1.479036e+02
1.000000e+02, 1.473612e+02
1.000000e+02, 1.468217e+02
1.000000e+02, 1.462852e+02
1.000000e+02, 1.457516e+02
1.000000e+02, 1.452208e+02
1.000000e+02, 1.446930e+02
1.000000e+02, 1.441680e+02
1.000000e+02, 1.436459e+02
1.000000e+02, 1.431267e+02
1.000000e+02, 1.426103e+02
1.000000e+02, 1.420968e+02
1.000000e+02, 1.415860e+02
1.000000e+02, 1.410781e+02
1.000000e+02, 1.405730e+02
1.000000e+02, 1.400707e+02
1.000000e+02, 1.395712e+02
1.000000e+02, 1.390745e+02
1.000000e+02, 1.385805e+02
1.000000e+02, 1.380893e+02
1.000000e+02, 1.376008e+02
1.000000e+02, 1.371151e+02
1.000000e+02, 1.366322e+02
1.000000e+02, 1.361519e+02
1.000000e+02, 1.356744e+02
1.000000e+02, 1.351996e+02
1.000000e+02, 1.347274e+02
1.000000e+02, 1.342580e+02
1.000000e+02, 1.337913e+02
1.000000e+02, 1.333272e+02
1.000000e+02, 1.328658e+02
1.000000e+02, 1.324070e+02
1.000000e+02, 1.319510e+02
1.000000e+02, 1.314975e+02
1.000000e+02, 1.310467e+02
1.000000e+02, 1.305985e+02
1.000000e+02, 1.301529e+02
1.000000e+02, 1.297100e+02
1.000000e+02, 1.292696e+02
1.000000e+02, 1.288319e+02
1.000000e+02, 1.283967e+02
1.000000e+02, 1.279642e+02
1.000000e+02, 1.275341e+02
1.000000e+02, 1.271067e+02
1.000000e+02, 1.266818e+02
1.000000e+02, 1.262595e+02
1.000000e+02, 1.258397e+02
1.000000e+02, 1.254225e+02
1.000000e+02, 1.250078e+02
1.000000e+02, 1.245956e+02
1.000000e+02, 1.241860e+02
1.000000e+02, 1.237789e+02
1.000000e+02, 1.233742e+02
1.000000e+02, 1.229721e+02
1.000000e+02, 1.225725e+02
1.000000e+02, 1.221753e+02
1.000000e+02, 1.217806e+02
1.000000e+02, 1.213884e+02
1.000000e+02, 1.209987e+02
1.000000e+02, 1.206115e+02
1.000000e+02, 1.202266e+02
1.000000e+02, 1.198443e+02
1.000000e+02, 1.194644e+02
1.000000e+02, 1.190869e+02
1.000000e+02, 1.187119e+02
1.000000e+02, 1.183392e+02
1.000000e+02, 1.179690e+02
1.000000e+02, 1.176013e+02
1.000000e+02, 1.172359e+02
1.000000e+02, 1.168729e+02
1.000000e+02, 1.165124e+02
1.000000e+02, 1.161542e+02
1.000000e+02, 1.157984e+02
1.000000e+02, 1.154450e+02
1.000000e+02, 1.150940e+02
1.000000e+02, 1.147453e+02
1.000000e+02, 1.143990e+02
1.000000e+02, 1.140551e+02
1.000000e+02, 1.137135e+02
1.000000e+02, 1.133743e+02
1.000000e+02, 1.130374e+02
1.000000e+02, 1.127029e+02
1.000000e+02, 1.123707e+02
1.000000e+02, 1.120408e+02
1.000000e+02, 1.117133e+02
1.000000e+02, 1.113881e+02
1.000000e+02, 1.110652e+02
1.000000e+02, 1.107446e+02
1.000000e+02, 1.104263e+02
1.000000e+02, 1.101103e+02
1.000000e+02, 1.097966e+02
1.000000e+02, 1.094853e+02
1.000000e+02, 1.091762e+02
1.000000e+02, 1.088693e+02
1.000000e+02, 1.085648e+02
1.000000e+02, 1.082626e+02
1.000000e+02, 1.079626e+02
1.000000e+02, 1.076649e+02
1.000000e+02, 1.073694e+02
1.000000e+02, 1.070762e+02
1.000000e+02, 1.067853e+02
1.000000e+02, 1.064966e+02
1.000000e+02, 1.062102e+02
1.000000e+02, 1.059260e+02
1.000000e+02, 1.056440e+02
1.000000e+02, 1.053643e+02
1.000000e+02, 1.050868e+02
1.000000e+02, 1.048116e+02
1.000000e+02, 1.045385e+02
1.000000e+02, 1.042677e+02
1.000000e+02, 1.039991e+02
1.000000e+02, 1.037327e+02
1.000000e+02, 1.034685e+02
1.000000e+02, 1.032066e+02
1.000000e+02, 1.029468e+02
1.000000e+02, 1.026892e+02
1.000000e+02, 1.024339e+02
1.000000e+02, 1.021807e+02
1.000000e+02, 1.019297e+02
1.000000e+02, 1.016809e+02
1.000000e+02, 1.014342e+02
1.000000e+02, 1.011898e+02
1.000000e+02, 1.009475e+02
1.000000e+02, 1.007074e+02
1.000000e+02, 1.004695e+02
1.000000e+02, 1.002337e+02
1.000000e+02, 1.000001e+02
1.000000e+02, 9.976864e+01
1.000000e+02, 9.953934e+01
1.000000e+02, 9.931220e+01
1.000000e+02, 9.908721e+01
1.000000e+02, 9.886437e+01
1.000000e+02, 9.864367e+01
1.000000e+02, 9.842511e+01
1.000000e+02, 9.820869e+01
1.000000e+02, 9.799441e+01
1.000000e+02, 9.778225e+01
1.000000e+02, 9.757223e+01
1.000000e+02, 9.736434e+01
1.000000e+02, 9.715857e+01
1.000000e+02, 9.695492e+01
1.000000e+02, 9.675339e+01
1.000000e+02, 9.655398e+01
1.000000e+02, 9.635669e+01
1.000000e+02, 9.616150e+01
1.000000e+02, 9.596842e+01
1.000000e+02, 9.577745e+01
1.000000e+02, 9.558859e+01
1.000000e+02, 9.540182e+01
1.000000e+02, 9.521716e+01
1.000000e+02, 9.503459e+01
1.000000e+02, 9.485412e+01
1.000000e+02, 9.467574e+01
1.000000e+02, 9.449945e+01
1.000000e+02, 9.432525e+01
1.000000e+02, 9.415313e+01
1.000000e+02, 9.398310e+01
1.000000e+02, 9.381515e+01
1.000000e+02, 9.364927e+01
1.000000e+02, 9.348548e+01
1.000000e+02, 9.332376e+01
1.000000e+02, 9.316411e+01
1.000000e+02, 9.300654e+01
1.000000e+02, 9.285103e+01
1.000000e+02, 9.269759e+01
1.000000e+02, 9.254622e+01
1.000000e+02, 9.239691e+01
1.000000e+02, 9.224966e+01
1.000000e+02, 9.210447e+01
1.000000e+02, 9.196134e+01
1.000000e+02, 9.182027e+01
1.000000e+02, 9.168125e+01
1.000000e+02, 9.154428e+01
1.000000e+02, 9.140937e+01
1.000000e+02, 9.127650e+01
1.000000e+02, 9.114568e+01
1.000000e+02, 9.101691e+01
1.000000e+02, 9.089018e+01
1.000000e+02, 9.076549e+01
1.000000e+02, 9.064285e+01
1.000000e+02, 9.052224e+01
1.000000e+02, 9.040368e+01
1.000000e+02, 9.028715e+01
1.000000e+02, 9.017266e+01
1.000000e+02, 9.006020e+01
1.000000e+02, 8.994977e+01
1.000000e+02, 8.984138e+01
1.000000e+02, 8.973501e+01
1.000000e+02, 8.963068e+01
1.000000e+02, 8.952837e+01
1.000000e+02, 8.942809e+01
1.000000e+02, 8.932983e+01
1.000000e+02, 8.923360e+01
1.000000e+02, 8.913939e+01
1.000000e+02, 8.904720e+01
1.000000e+02, 8.895703e+01
1.000000e+02, 8.886888e+01
1.000000e+02, 8.878276e+01
1.000000e+02, 8.869864e+01
1.000000e+02, 8.861655e+01
1.000000e+02, 8.853647e+01
1.000000e+02, 8.845840e+01
1.000000e+02, 8.838235e+01
1.000000e+02, 8.830830e+01
1.000000e+02, 8.823628e+01
1.000000e+02, 8.816626e+01
1.000000e+02, 8.809825e+01
1.000000e+02, 8.803225e+01
1.000000e+02, 8.796826e+01
1.000000e+02, 8.790627e+01
1.000000e+02, 8.784630e+01
1.000000e+02, 8.778833e+01
1.000000e+02, 8.773236e+01
1.000000e+02, 8.767840e+01
1.000000e+02, 8.762644e+01
1.000000e+02, 8.757649e+01
1.000000e+02, 8.752854e+01
1.000000e+02, 8.748259e+01
1.000000e+02, 8.743864e+01
1.000000e+02, 8.739670e+01
1.000000e+02, 8.735675e+01
1.000000e+02, 8.731881e+01
1.000000e+02, 8.728286e+01
1.000000e+02, 8.724892e+01
1.000000e+02, 8.721697e+01
1.000000e+02, 8.718702e+01
1.000000e+02, 8.715907e+01
1.000000e+02, 8.713312e+01
1.000000e+02, 8.710917e+01
1.000000e+02, 8.708721e+01
1.000000e+02, 8.706725e+01
1.000000e+02, 8.704928e+01
1.000000e+02, 8.703332e+01
1.000000e+02, 8.701935e+01
1.000000e+02, 8.700737e+01
1.000000e+02, 8.699739e+01
1.000000e+02, 8.698941e+01
1.000000e+02, 8.698342e+01
1.000000e+02, 8.697943e+01
1.000000e+02, 8.697744e+01
1.000000e+02, 8.697744e+01
1.000000e+02, 8.697943e+01
1.000000e+02, 8.698342e+01
1.000000e+02, 8.698941e+01
1.000000e+02, 8.699739e+01
1.000000e+02, 8.700737e+01
1.000000e+02, 8.701935e+01
1.000000e+02, 8.703332e+01
1.000000e+02, 8.704928e+01
1.000000e+02, 8.706725e+01
1.000000e+02, 8.708721e+01
1.000000e+02, 8.710917e+01
1.000000e+02, 8.713312e+01
1.000000e+02, 8.715907e+01
1.000000e+02, 8.718702e+01
1.000000e+02, 8.721697e+01
1.000000e+02, 8.724892e+01
1.000000e+02, 8.728286e+01
1.000000e+02, 8.731881e+01
1.000000e+02, 8.735675e+01
1.000000e+02, 8.739670e+01
1.000000e+02, 8.743864e+01
1.000000e+02, 8.748259e+01
1.000000e+02, 8.752854e+01
1.000000e+02, 8.757649e+01
1.000000e+02, 8.762644e+01
1.000000e+02, 8.767840e+01
1.000000e+02, 8.773236e+01
1.000000e+02, 8.778833e+01
1.000000e+02, 8.784630e+01
1.000000e+02, 8.790627e+01
1.000000e+02, 8.796826e+01
1.000000e+02, 8.803225e+01
1.000000e+02, 8.809825e+01
1.000000e+02, 8.816626e+01
1.000000e+02, 8.823628e+01
1.000000e+02, 8.830830e+01
1.000000e+02, 8.838235e+01
1.000000e+02, 8.845840e+01
1.000000e+02, 8.853647e+01
1.000000e+02, 8.861655e+01
1.000000e+02, 8.869864e+01
1.000000e+02, 8.878276e+01
1.000000e+02, 8.886889e+01
1.000000e+02, 8.895703e+01
1.000000e+02, 8.904720e+01
1.000000e+02, 8.913939e+01
1.000000e+02, 8.923360e+01
1.000000e+02, 8.932983e+01
1.000000e+02, 8.942809e+01
1.000000e+02, 8.952837e+01
1.000000e+02, 8.963068e+01
1.000000e+02, 8.973501e+01
1.000000e+02, 8.984138e+01
1.000000e+02, 8.994977e+01
1.000000e+02, 9.006020e+01
1.000000e+02, 9.017266e+01
1.000000e+02, 9.028715e+01
1.000000e+02, 9.040368e+01
1.000000e+02, 9.052224e+01
1.000000e+02, 9.064285e+01
1.000000e+02, 9.076549e+01
1.000000e+02, 9.089018e+01
1.000000e+02, 9.101691e+01
1.000000e+02, 9.114568e+01
1.000000e+02, 9.127650e+01
1.000000e+02, 9.140937e+01
1.000000e+02, 9.154428e+01
1.000000e+02, 9.168125e+01
1.000000e+02, 9.182027e+01
1.000000e+02, 9.196134e+01
1.000000e+02, 9.210447e+01
1.000000e+02, 9.224966e+01
1.000000e+02, 9.239691e+01
1.000000e+02, 9.254622e+01
1.000000e+02, 9.269759e+01
1.000000e+02, 9.285103e+01
1.000000e+02, 9.300654e+01
1.000000e+02, 9.316411e+01
1.000000e+02, 9.332376e+01
1.000000e+02, 9.348548e+01
1.000000e+02, 9.364928e+01
1.000000e+02, 9.381515e+01
1.000000e+02, 9.398310e+01
1.000000e+02, 9.415313e+01
1.000000e+02, 9.432525e+01
1.000000e+02, 9.449945e+01
1.000000e+02, 9.467574e+01
1.000000e+02, 9.485412e+01
1.000000e+02, 9.503459e+01
1.000000e+02, 9.521716e+01
1.000000e+02, 9.540182e+01
1.000000e+02, 9.558859e+01
1.000000e+02, 9.577745e+01
1.000000e+02, 9.596842e+01
1.000000e+02, 9.616150e+01
1.000000e+02, 9.635669e+01
1.000000e+02, 9.655398e+01
1.000000e+02, 9.675340e+01
1.000000e+02, 9.695492e+01
1.000000e+02, 9.715857e+01
1.000000e+02, 9.736434e+01
1.000000e+02, 9.757223e+01
1.000000e+02, 9.778226e+01
1.000000e+02, 9.799441e+01
1.000000e+02, 9.820869e+01
1.000000e+02, 9.842511e+01
1.000000e+02, 9.864367e+01
1.000000e+02, 9.886437e+01
1.000000e+02, 9.908721e+01
1.000000e+02, 9.931220e+01
1.000000e+02, 9.953934e+01
1.000000e+02, 9.976864e+01
1.000000e+02, 1.000001e+02
1.000000e+02, 1.002337e+02
1.000000e+02, 1.004695e+02
1.000000e+02, 1.007074e+02
1.000000e+02, 1.009475e+02
1.000000e+02, 1.011898e+02
1.000000e+02, 1.014342e+02
1.000000e+02, 1.016809e+02
1.000000e+02, 1.019297e+02
1.000000e+02, 1.021807e+02
1.000000e+02, 1.024339e+02
1.000000e+02, 1.026892e+02
1.000000e+02, 1.029468e+02
1.000000e+02, 1.032066e+02
1.000000e+02, 1.034685e+02
1.000000e+02, 1.037327e+02
1.000000e+02, 1.039991e+02
1.000000e+02, 1.042677e+02
1.000000e+02, 1.045385e+02
1.000000e+02, 1.048116e+02
1.000000e+02, 1.050868e+02
1.000000e+02, 1.053643e+02
1.000000e+02, 1.056440e+02
1.000000e+02, 1.059260e+02
1.000000e+02, 1.062102e+02
1.000000e+02, 1.064966e+02
1.000000e+02, 1.067853e+02
1.000000e+02, 1.070762e+02
1.000000e+02, 1.073694e+02
1.000000e+02, 1.076649e+02
1.000000e+02, 1.079626e+02
1.000000e+02, 1.082626e+02
1.000000e+02, 1.085648e+02
1.000000e+02, 1.088693e+02
1.000000e+02, 1.091762e+02
1.000000e+02, 1.094853e+02
1.000000e+02, 1.097966e+02
1.000000e+02, 1.101103e+02
1.000000e+02, 1.104263e+02
1.000000e+02, 1.107446e+02
1.000000e+02, 1.110652e+02
1.000000e+02, 1.113881e+02
1.000000e+02, 1.117133e+02
1.000000e+02, 1.120408e+02
1.000000e+02, 1.123707e+02
1.000000e+02, 1.127029e+02
1.000000e+02, 1.130374e+02
1.000000e+02, 1.133743e+02
1.000000e+02, 1.137135e+02
1.000000e+02, 1.140551e+02
1.000000e+02, 1.143990e+02
1.000000e+02, 1.147453e+02
1.000000e+02, 1.150940e+02
1.000000e+02, 1.154450e+02
1.000000e+02, 1.157984e+02
1.000000e+02, 1.161542e+02
1.000000e+02, 1.165124e+02
1.000000e+02, 1.168729e+02
1.000000e+02, 1.172359e+02
1.000000e+02, 1.176013e+02
1.000000e+02, 1.179690e+02
1.000000e+02, 1.183392e+02
1.000000e+02, 1.187119e+02
1.000000e+02, 1.190869e+02
1.000000e+02, 1.194644e+02
1.000000e+02, 1.198443e+02
1.000000e+02, 1.202266e+02
1.000000e+02, 1.206115e+02
1.000000e+02, 1.209987e+02
1.000000e+02, 1.213884e+02
1.000000e+02, 1.217806e+02
1.000000e+02, 1.221753e+02
1.000000e+02, 1.225725e+02
1.000000e+02, 1.229721e+02
1.000000e+02, 1.233742e+02
1.000000e+02, 1.237789e+02
1.000000e+02, 1.241860e+02
1.000000e+02, 1.245957e+02
1.000000e+02, 1.250078e+02
1.000000e+02, 1.254225e+02
1.000000e+02, 1.258398e+02
1.000000e+02, 1.262595e+02
1.000000e+02, 1.266818e+02
1.000000e+02, 1.271067e+02
1.000000e+02, 1.275341e+02
1.000000e+02, 1.279642e+02
1.000000e+02, 1.283967e+02
1.000000e+02, 1.288319e+02
1.000000e+02, 1.292696e+02
1.000000e+02, 1.297100e+02
1.000000e+02, 1.301529e+02
1.000000e+02, 1.305985e+02
1.000000e+02, 1.310467e+02
1.000000e+02, 1.314975e+02
1.000000e+02, 1.319510e+02
1.000000e+02, 1.324070e+02
1.000000e+02, 1.328658e+02
1.000000e+02, 1.333272e+02
1.000000e+02, 1.337913e+02
1.000000e+02, 1.342580e+02
1.000000e+02, 1.347274e+02
1.000000e+02, 1.351996e+02
1.000000e+02, 1.356744e+02
1.000000e+02, 1.361519e+02
1.000000e+02, 1.366322e+02
1.000000e+02, 1.371151e+02
1.000000e+02, 1.376008e+02
1.000000e+02, 1.380893e+02
1.000000e+02, 1.385805e+02
1.000000e+02, 1.390745e+02
1.000000e+02, 1.395712e+02
1.000000e+02, 1.400707e+02
1.000000e+02, 1.405730e+02
1.000000e+02, 1.410781e+02
1.000000e+02, 1.415860e+02
1.000000e+02, 1.420968e+02
1.000000e+02, 1.426103e+02
1.000000e+02, 1.431267e+02
1.000000e+02, 1.436459e+02
1.000000e+02, 1.441680e+02
1.000000e+02, 1.446930e+02
1.000000e+02, 1.452208e+02
1.000000e+02, 1.457516e+02
1.000000e+02, 1.462852e+02
1.000000e+02, 1.468217e+02
1.000000e+02, 1.473612e+02
1.000000e+02, 1.479036e+02
1.000000e+02, 1.484489e+02
1.000000e+02, 1.489972e+02
1.000000e+02, 1.495484e+02
1.000000e+02, 1.501026e+02
1.000000e+02, 1.506598e+02
1.000000e+02, 1.512200e+02
1.000000e+02, 1.517832e+02
1.000000e+02, 1.523494e+02
1.000000e+02, 1.529186e+02
1.000000e+02, 1.534909e+02
1.000000e+02, 1.540662e+02
1.000000e+02, 1.546446e+02
1.000000e+02, 1.552261e+02
1.000000e+02, 1.558107e+02
1.000000e+02, 1.563984e+02
1.000000e+02, 1.569892e+02
1.000000e+02, 1.575831e+02
1.000000e+02, 1.581802e+02
1.000000e+02, 1.587804e+02
1.000000e+02, 1.593838e+02
1.000000e+02, 1.599903e+02
1.000000e+02, 1.606001e+02
1.000000e+02, 1.612131e+02
1.000000e+02, 1.618293e+02
1.000000e+02, 1.624487e+02
1.000000e+02, 1.630714e+02
1.000000e+02, 1.636973e+02
1.000000e+02, 1.643266e+02
1.000000e+02, 1.649591e+02
1.000000e+02, 1.655949e+02
1.000000e+02, 1.662341e+02
1.000000e+02, 1.668766e+02
1.000000e+02, 1.675224e+02
1.000000e+02, 1.681716e+02
1.000000e+02, 1.688242e+02
1.000000e+02, 1.694802e+02
1.000000e+02, 1.701396e+02
1.000000e+02, 1.708025e+02
1.000000e+02, 1.714688e+02
1.000000e+02, 1.721385e+02
1.000000e+02, 1.728118e+02
1.000000e+02, 1.734885e+02
1.000000e+02, 1.741688e+02
1.000000e+02, 1.748526e+02
1.000000e+02, 1.755399e+02
1.000000e+02, 1.762308e+02
1.000000e+02, 1.769253e+02
1.000000e+02, 1.776234e+02
1.000000e+02, 1.783252e+02
1.000000e+02, 1.790305e+02
1.000000e+02, 1.797396e+02
1.000000e+02, 1.804523e+02
1.000000e+02, 1.811687e+02
1.000000e+02, 1.818888e+02
1.000000e+02, 1.826126e+02
1.000000e+02, 1.833403e+02
1.000000e+02, 1.840717e+02
1.000000e+02, 1.848068e+02
1.000000e+02, 1.855459e+02
1.000000e+02, 1.862887e+02
1.000000e+02, 1.870354e+02
1.000000e+02, 1.877860e+02
1.000000e+02, 1.885405e+02
1.000000e+02, 1.892989e+02
1.000000e+02, 1.900613e+02
1.000000e+02, 1.908277e+02
1.000000e+02, 1.915980e+02
1.000000e+02, 1.923724e+02
1.000000e+02, 1.931508e+02
1.000000e+02, 1.939332e+02
1.000000e+02, 1.947198e+02
1.000000e+02, 1.955105e+02
1.000000e+02, 1.963053e+02
1.000000e+02, 1.971042e+02
1.000000e+02, 1.979074e+02
1.000000e+02, 1.987148e+02
1.000000e+02, 1.995264e+02
1.000000e+02, 2.003423e+02
1.000000e+02, 2.011624e+02
1.000000e+02, 2.019869e+02
1.000000e+02, 2.028158e+02
1.000000e+02, 2.036490e+02
1.000000e+02, 2.044866e+02
1.000000e+02, 2.053287e+02
1.000000e+02, 2.061752e+02
1.000000e+02, 2.070263e+02
1.000000e+02, 2.078818e+02
1.000000e+02, 2.087419e+02
1.000000e+02, 2.096066e+02
1.000000e+02, 2.104759e+02
1.000000e+02, 2.113498e+02
1.000000e+02, 2.122285e+02
1.000000e+02, 2.131118e+02
1.000000e+02, 2.139999e+02
1.000000e+02, 2.148927e+02
1.000000e+02, 2.157904e+02
1.000000e+02, 2.166930e+02
1.000000e+02, 2.176004e+02
1.000000e+02, 2.185127e+02
1.000000e+02, 2.194300e+02
1.000000e+02, 2.203523e+02
1.000000e+02, 2.212796e+02
1.000000e+02, 2.222120e+02
1.000000e+02, 2.231494e+02
1.000000e+02, 2.240921e+02
1.000000e+02, 2.250399e+02
1.000000e+02, 2.259929e+02
1.000000e+02, 2.269513e+02
1.000000e+02, 2.279149e+02
1.000000e+02, 2.288839e+02
1.000000e+02, 2.298582e+02
1.000000e+02, 2.308381e+02
1.000000e+02, 2.318233e+02
1.000000e+02, 2.328142e+02
1.000000e+02, 2.338106e+02
1.000000e+02, 2.348126e+02
1.000000e+02, 2.358203e+02
1.000000e+02, 2.368337e+02
1.000000e+02, 2.378529e+02
1.000000e+02, 2.388779e+02
1.000000e+02, 2.399088e+02
1.000000e+02, 2.409456e+02
1.000000e+02, 2.419883e+02
1.000000e+02, 2.430371e+02
1.000000e+02, 2.440920e+02
1.000000e+02, 2.451530e+02
1.000000e+02, 2.462203e+02
1.000000e+02, 2.472937e+02
1.000000e+02, 2.483735e+02
1.000000e+02, 2.494597e+02
1.000000e+02, 2.505523e+02
1.000000e+02, 2.516513e+02
1.000000e+02, 2.527570e+02
1.000000e+02, 2.538693e+02
1.000000e+02, 2.549882e+02
1.000000e+02, 2.561140e+02
1.000000e+02, 2.572465e+02
1.000000e+02, 2.583860e+02
1.000000e+02, 2.595324e+02
1.000000e+02, 2.606858e+02
1.000000e+02, 2.618464e+02
1.000000e+02, 2.630142e+02
1.000000e+02, 2.641892e+02
1.000000e+02, 2.653716e+02
1.000000e+02, 2.665614e+02
1.000000e+02, 2.677587e+02
1.000000e+02, 2.689636e+02
1.000000e+02, 2.701762e+02
1.000000e+02, 2.713966e+02
1.000000e+02, 2.726248e+02
1.000000e+02, 2.738610e+02
1.000000e+02, 2.751052e+02
1.000000e+02, 2.763575e+02
1.000000e+02, 2.776181e+02
1.000000e+02, 2.788870e+02
1.000000e+02, 2.801644e+02
1.000000e+02, 2.814503e+02
1.000000e+02, 2.827449e+02
1.000000e+02, 2.840482e+02
1.000000e+02, 2.853604e+02
1.000000e+02, 2.866816e+02
1.000000e+02, 2.880119e+02
1.000000e+02, 2.893514e+02
1.000000e+02, 2.907003e+02
1.000000e+02, 2.920586e+02
1.000000e+02, 2.934266e+02
1.000000e+02, 2.948043e+02
1.000000e+02, 2.961919e+02
1.000000e+02, 2.975895e+02
1.000000e+02, 2.989973e+02
1.000000e+02, 3.004153e+02
1.000000e+02, 3.018439e+02
1.000000e+02, 3.032831e+02
1.000000e+02, 3.047330e+02
1.000000e+02, 3.061939e+02
1.000000e+02, 3.076660e+02
1.000000e+02, 3.091493e+02
1.000000e+02, 3.106441e+02
1.000000e+02, 3.121505e+02
1.000000e+02, 3.136688e+02
1.000000e+02, 3.151992e+02
1.000000e+02, 3.167418e+02
1.000000e+02, 3.182969e+02
1.000000e+02, 3.198646e+02
1.000000e+02, 3.214452e+02
1.000000e+02, 3.230390e+02
1.000000e+02, 3.246461e+02
1.000000e+02, 3.262668e+02
1.000000e+02, 3.279014e+02
1.000000e+02, 3.295501e+02
1.000000e+02, 3.312131e+02
1.000000e+02, 3.328909e+02
1.000000e+02, 3.345836e+02
1.000000e+02, 3.362916e+02
1.000000e+02, 3.380151e+02
1.000000e+02, 3.397545e+02
1.000000e+02, 3.415102e+02
1.000000e+02, 3.432824e+02
1.000000e+02, 3.450715e+02
1.000000e+02, 3.468780e+02
1.000000e+02, 3.487021e+02
1.000000e+02, 3.505443e+02
1.000000e+02, 3.524051e+02
1.000000e+02, 3.542848e+02
1.000000e+02, 3.561839e+02
1.000000e+02, 3.581029e+02
1.000000e+02, 4.233646e-02
1.000000e+02, 2.002654e+00
1.000000e+02, 3.984426e+00
1.000000e+02, 5.988223e+00
1.000000e+02, 8.014643e+00
1.000000e+02, 1.006431e+01
1.000000e+02, 1.213788e+01
1.000000e+02, 1.423605e+01
1.000000e+02, 1.635953e+01
1.000000e+02, 1.850910e+01
1.000000e+02, 2.068555e+01
1.000000e+02, 2.288974e+01
1.000000e+02, 2.512255e+01
1.000000e+02, 2.738495e+01
1.000000e+02, 2.967793e+01
1.000000e+02, 3.200255e+01
1.000000e+02, 3.435994e+01
1.000000e+02, 3.675131e+01
1.000000e+02, 3.917793e+01
1.000000e+02, 4.164116e+01
1.000000e+02, 4.414247e+01
1.000000e+02, 4.668341e+01
1.000000e+02, 4.926566e+01
1.000000e+02, 5.189101e+01
1.000000e+02, 5.456140e+01
1.000000e+02, 5.727893e+01
1.000000e+02, 6.004585e+01
1.000000e+02, 6.286462e+01
1.000000e+02, 6.573792e+01
1.000000e+02, 6.866866e+01
1.000000e+02, 7.166004e+01
1.000000e+02, 7.471555e+01
1.000000e+02, 7.783909e+01
1.000000e+02, 8.103492e+01
1.000000e+02, 8.430781e+01
1.000000e+02, 8.766309e+01
1.000000e+02, 9.110674e+01
1.000000e+02, 9.464552e+01
1.000000e+02, 9.828710e+01
1.000000e+02, 1.020403e+02
1.000000e+02, 1.059152e+02
1.000000e+02, 1.099237e+02
1.000000e+02, 1.140797e+02
1.000000e+02, 1.183996e+02
1.000000e+02, 1.229034e+02
1.000000e+02, 1.276155e+02
1.000000e+02, 1.325661e+02
1.000000e+02, 1.377940e+02
1.000000e+02, 1.433495e+02
1.000000e+02, 1.493007e+02
1.000000e+02, 1.557438e+02
1.000000e+02, 1.628218e+02
1.000000e+02, 1.707661e+02
1.000000e+02, 1.800000e+02
##END= 