##TITLE= /opt/topspin3.0/exp/stan/nmr/lists/wave/user/HypSec_trunc2.84_110
##JCAMP-DX= 5.00 Bruker JCAMP library
##DATA TYPE= Shape Data
##ORIGIN= Bruker BioSpin GmbH
##OWNER= <nmrsu>
##DATE= 15/02/24
##TIME= 16:15:04
##MINX= 1.164538e+01
##MAXX= 9.999960e+01
##MINY= 2.546774e-02
##MAXY= 3.585574e+02
##$SHAPE_EXMODE= Adiabatic
##$SHAPE_TOTROT= 1.800000e+02
##$SHAPE_BWFAC= 1.929340e+02
##$SHAPE_INTEGFAC= 2.356110e-02
##$SHAPE_MODE= 0
##NPOINTS= 1000
##XYPOINTS= (XY..XY)
1.000000e+02, 1.800000e+02
1.000000e+02, 1.734897e+02
1.000000e+02, 1.678887e+02
1.000000e+02, 1.628985e+02
1.000000e+02, 1.583559e+02
1.000000e+02, 1.541600e+02
1.000000e+02, 1.502432e+02
1.000000e+02, 1.465574e+02
1.000000e+02, 1.430670e+02
1.000000e+02, 1.397449e+02
1.000000e+02, 1.365695e+02
1.000000e+02, 1.335238e+02
1.000000e+02, 1.305937e+02
1.000000e+02, 1.277676e+02
1.000000e+02, 1.250356e+02
1.000000e+02, 1.223895e+02
1.000000e+02, 1.198220e+02
1.000000e+02, 1.173271e+02
1.000000e+02, 1.148992e+02
1.000000e+02, 1.125336e+02
1.000000e+02, 1.102261e+02
1.000000e+02, 1.079729e+02
1.000000e+02, 1.057707e+02
1.000000e+02, 1.036164e+02
1.000000e+02, 1.015074e+02
1.000000e+02, 9.944112e+01
1.000000e+02, 9.741534e+01
1.000000e+02, 9.542800e+01
1.000000e+02, 9.347722e+01
1.000000e+02, 9.156127e+01
1.000000e+02, 8.967855e+01
1.000000e+02, 8.782758e+01
1.000000e+02, 8.600701e+01
1.000000e+02, 8.421555e+01
1.000000e+02, 8.245204e+01
1.000000e+02, 8.071537e+01
1.000000e+02, 7.900452e+01
1.000000e+02, 7.731852e+01
1.000000e+02, 7.565647e+01
1.000000e+02, 7.401753e+01
1.000000e+02, 7.240090e+01
1.000000e+02, 7.080583e+01
1.000000e+02, 6.923161e+01
1.000000e+02, 6.767758e+01
1.000000e+02, 6.614310e+01
1.000000e+02, 6.462758e+01
1.000000e+02, 6.313045e+01
1.000000e+02, 6.165116e+01
1.000000e+02, 6.018922e+01
1.000000e+02, 5.874413e+01
1.000000e+02, 5.731543e+01
1.000000e+02, 5.590269e+01
1.000000e+02, 5.450546e+01
1.000000e+02, 5.312337e+01
1.000000e+02, 5.175602e+01
1.000000e+02, 5.040304e+01
1.000000e+02, 4.906409e+01
1.000000e+02, 4.773883e+01
1.000000e+02, 4.642693e+01
1.000000e+02, 4.512809e+01
1.000000e+02, 4.384201e+01
1.000000e+02, 4.256840e+01
1.000000e+02, 4.130699e+01
1.000000e+02, 4.005751e+01
1.000000e+02, 3.881972e+01
1.000000e+02, 3.759337e+01
1.000000e+02, 3.637822e+01
1.000000e+02, 3.517404e+01
1.000000e+02, 3.398062e+01
1.000000e+02, 3.279775e+01
1.000000e+02, 3.162521e+01
1.000000e+02, 3.046283e+01
1.000000e+02, 2.931039e+01
1.000000e+02, 2.816773e+01
1.000000e+02, 2.703466e+01
1.000000e+02, 2.591101e+01
1.000000e+02, 2.479661e+01
1.000000e+02, 2.369130e+01
1.000000e+02, 2.259493e+01
1.000000e+02, 2.150734e+01
1.000000e+02, 2.042839e+01
1.000000e+02, 1.935793e+01
1.000000e+02, 1.829583e+01
1.000000e+02, 1.724194e+01
1.000000e+02, 1.619615e+01
1.000000e+02, 1.515832e+01
1.000000e+02, 1.412832e+01
1.000000e+02, 1.310605e+01
1.000000e+02, 1.209138e+01
1.000000e+02, 1.108420e+01
1.000000e+02, 1.008440e+01
1.000000e+02, 9.091866e+00
1.000000e+02, 8.106502e+00
1.000000e+02, 7.128204e+00
1.000000e+02, 6.156872e+00
1.000000e+02, 5.192409e+00
1.000000e+02, 4.234721e+00
1.000000e+02, 3.283717e+00
1.000000e+02, 2.339306e+00
1.000000e+02, 1.401402e+00
1.000000e+02, 4.699180e-01
1.000000e+02, 3.595448e+02
1.000000e+02, 3.586259e+02
1.000000e+02, 3.577132e+02
1.000000e+02, 3.568066e+02
1.000000e+02, 3.559060e+02
1.000000e+02, 3.550113e+02
1.000000e+02, 3.541226e+02
1.000000e+02, 3.532396e+02
1.000000e+02, 3.523624e+02
1.000000e+02, 3.514909e+02
1.000000e+02, 3.506249e+02
1.000000e+02, 3.497645e+02
1.000000e+02, 3.489096e+02
1.000000e+02, 3.480601e+02
1.000000e+02, 3.472159e+02
1.000000e+02, 3.463771e+02
1.000000e+02, 3.455435e+02
1.000000e+02, 3.447150e+02
1.000000e+02, 3.438917e+02
1.000000e+02, 3.430735e+02
1.000000e+02, 3.422602e+02
1.000000e+02, 3.414520e+02
1.000000e+02, 3.406486e+02
1.000000e+02, 3.398501e+02
1.000000e+02, 3.390564e+02
1.000000e+02, 3.382675e+02
1.000000e+02, 3.374833e+02
1.000000e+02, 3.367038e+02
1.000000e+02, 3.359289e+02
1.000000e+02, 3.351586e+02
1.000000e+02, 3.343928e+02
1.000000e+02, 3.336315e+02
1.000000e+02, 3.328747e+02
1.000000e+02, 3.321223e+02
1.000000e+02, 3.313742e+02
1.000000e+02, 3.306305e+02
1.000000e+02, 3.298911e+02
1.000000e+02, 3.291559e+02
1.000000e+02, 3.284249e+02
1.000000e+02, 3.276981e+02
1.000000e+02, 3.269754e+02
1.000000e+02, 3.262569e+02
1.000000e+02, 3.255424e+02
1.000000e+02, 3.248319e+02
1.000000e+02, 3.241254e+02
1.000000e+02, 3.234229e+02
1.000000e+02, 3.227244e+02
1.000000e+02, 3.220297e+02
1.000000e+02, 3.213389e+02
1.000000e+02, 3.206519e+02
1.000000e+02, 3.199688e+02
1.000000e+02, 3.192894e+02
1.000000e+02, 3.186137e+02
1.000000e+02, 3.179418e+02
1.000000e+02, 3.172735e+02
1.000000e+02, 3.166090e+02
1.000000e+02, 3.159480e+02
1.000000e+02, 3.152906e+02
1.000000e+02, 3.146368e+02
1.000000e+02, 3.139866e+02
1.000000e+02, 3.133399e+02
1.000000e+02, 3.126967e+02
1.000000e+02, 3.120569e+02
1.000000e+02, 3.114206e+02
1.000000e+02, 3.107877e+02
1.000000e+02, 3.101582e+02
1.000000e+02, 3.095321e+02
1.000000e+02, 3.089093e+02
1.000000e+02, 3.082898e+02
1.000000e+02, 3.076736e+02
1.000000e+02, 3.070608e+02
1.000000e+02, 3.064511e+02
1.000000e+02, 3.058447e+02
1.000000e+02, 3.052415e+02
1.000000e+02, 3.046415e+02
1.000000e+02, 3.040447e+02
1.000000e+02, 3.034510e+02
1.000000e+02, 3.028604e+02
1.000000e+02, 3.022730e+02
1.000000e+02, 3.016886e+02
1.000000e+02, 3.011073e+02
1.000000e+02, 3.005291e+02
1.000000e+02, 2.999538e+02
1.000000e+02, 2.993816e+02
1.000000e+02, 2.988124e+02
1.000000e+02, 2.982461e+02
1.000000e+02, 2.976828e+02
1.000000e+02, 2.971225e+02
1.000000e+02, 2.965650e+02
1.000000e+02, 2.960105e+02
1.000000e+02, 2.954588e+02
1.000000e+02, 2.949100e+02
1.000000e+02, 2.943641e+02
1.000000e+02, 2.938209e+02
1.000000e+02, 2.932806e+02
1.000000e+02, 2.927431e+02
1.000000e+02, 2.922084e+02
1.000000e+02, 2.916765e+02
1.000000e+02, 2.911473e+02
1.000000e+02, 2.906208e+02
1.000000e+02, 2.900971e+02
1.000000e+02, 2.895760e+02
1.000000e+02, 2.890577e+02
1.000000e+02, 2.885421e+02
1.000000e+02, 2.880291e+02
1.000000e+02, 2.875187e+02
1.000000e+02, 2.870110e+02
1.000000e+02, 2.865059e+02
1.000000e+02, 2.860034e+02
1.000000e+02, 2.855035e+02
1.000000e+02, 2.850062e+02
1.000000e+02, 2.845115e+02
1.000000e+02, 2.840193e+02
1.000000e+02, 2.835297e+02
1.000000e+02, 2.830425e+02
1.000000e+02, 2.825579e+02
1.000000e+02, 2.820758e+02
1.000000e+02, 2.815962e+02
1.000000e+02, 2.811191e+02
1.000000e+02, 2.806444e+02
1.000000e+02, 2.801722e+02
1.000000e+02, 2.797025e+02
1.000000e+02, 2.792351e+02
1.000000e+02, 2.787702e+02
1.000000e+02, 2.783077e+02
1.000000e+02, 2.778476e+02
1.000000e+02, 2.773899e+02
1.000000e+02, 2.769346e+02
1.000000e+02, 2.764816e+02
1.000000e+02, 2.760310e+02
1.000000e+02, 2.755827e+02
1.000000e+02, 2.751367e+02
1.000000e+02, 2.746931e+02
1.000000e+02, 2.742518e+02
1.000000e+02, 2.738128e+02
1.000000e+02, 2.733760e+02
1.000000e+02, 2.729416e+02
1.000000e+02, 2.725094e+02
1.000000e+02, 2.720795e+02
1.000000e+02, 2.716519e+02
1.000000e+02, 2.712265e+02
1.000000e+02, 2.708033e+02
1.000000e+02, 2.703823e+02
1.000000e+02, 2.699636e+02
1.000000e+02, 2.695471e+02
1.000000e+02, 2.691327e+02
1.000000e+02, 2.687206e+02
1.000000e+02, 2.683106e+02
1.000000e+02, 2.679028e+02
1.000000e+02, 2.674972e+02
1.000000e+02, 2.670937e+02
1.000000e+02, 2.666924e+02
1.000000e+02, 2.662932e+02
1.000000e+02, 2.658961e+02
1.000000e+02, 2.655011e+02
1.000000e+02, 2.651083e+02
1.000000e+02, 2.647176e+02
1.000000e+02, 2.643289e+02
1.000000e+02, 2.639424e+02
1.000000e+02, 2.635579e+02
1.000000e+02, 2.631755e+02
1.000000e+02, 2.627952e+02
1.000000e+02, 2.624169e+02
1.000000e+02, 2.620407e+02
1.000000e+02, 2.616665e+02
1.000000e+02, 2.612943e+02
1.000000e+02, 2.609242e+02
1.000000e+02, 2.605561e+02
1.000000e+02, 2.601901e+02
1.000000e+02, 2.598260e+02
1.000000e+02, 2.594639e+02
1.000000e+02, 2.591038e+02
1.000000e+02, 2.587457e+02
1.000000e+02, 2.583896e+02
1.000000e+02, 2.580355e+02
1.000000e+02, 2.576833e+02
1.000000e+02, 2.573331e+02
1.000000e+02, 2.569848e+02
1.000000e+02, 2.566385e+02
1.000000e+02, 2.562941e+02
1.000000e+02, 2.559517e+02
1.000000e+02, 2.556112e+02
1.000000e+02, 2.552726e+02
1.000000e+02, 2.549359e+02
1.000000e+02, 2.546011e+02
1.000000e+02, 2.542683e+02
1.000000e+02, 2.539373e+02
1.000000e+02, 2.536082e+02
1.000000e+02, 2.532810e+02
1.000000e+02, 2.529557e+02
1.000000e+02, 2.526323e+02
1.000000e+02, 2.523107e+02
1.000000e+02, 2.519910e+02
1.000000e+02, 2.516732e+02
1.000000e+02, 2.513572e+02
1.000000e+02, 2.510431e+02
1.000000e+02, 2.507308e+02
1.000000e+02, 2.504203e+02
1.000000e+02, 2.501117e+02
1.000000e+02, 2.498049e+02
1.000000e+02, 2.494999e+02
1.000000e+02, 2.491967e+02
1.000000e+02, 2.488954e+02
1.000000e+02, 2.485958e+02
1.000000e+02, 2.482981e+02
1.000000e+02, 2.480021e+02
1.000000e+02, 2.477080e+02
1.000000e+02, 2.474156e+02
1.000000e+02, 2.471250e+02
1.000000e+02, 2.468362e+02
1.000000e+02, 2.465491e+02
1.000000e+02, 2.462638e+02
1.000000e+02, 2.459803e+02
1.000000e+02, 2.456986e+02
1.000000e+02, 2.454186e+02
1.000000e+02, 2.451403e+02
1.000000e+02, 2.448638e+02
1.000000e+02, 2.445890e+02
1.000000e+02, 2.443160e+02
1.000000e+02, 2.440447e+02
1.000000e+02, 2.437751e+02
1.000000e+02, 2.435073e+02
1.000000e+02, 2.432411e+02
1.000000e+02, 2.429767e+02
1.000000e+02, 2.427140e+02
1.000000e+02, 2.424530e+02
1.000000e+02, 2.421937e+02
1.000000e+02, 2.419361e+02
1.000000e+02, 2.416802e+02
1.000000e+02, 2.414260e+02
1.000000e+02, 2.411735e+02
1.000000e+02, 2.409226e+02
1.000000e+02, 2.406735e+02
1.000000e+02, 2.404260e+02
1.000000e+02, 2.401802e+02
1.000000e+02, 2.399360e+02
1.000000e+02, 2.396935e+02
1.000000e+02, 2.394527e+02
1.000000e+02, 2.392135e+02
1.000000e+02, 2.389760e+02
1.000000e+02, 2.387402e+02
1.000000e+02, 2.385060e+02
1.000000e+02, 2.382734e+02
1.000000e+02, 2.380425e+02
1.000000e+02, 2.378132e+02
1.000000e+02, 2.375855e+02
1.000000e+02, 2.373595e+02
1.000000e+02, 2.371351e+02
1.000000e+02, 2.369123e+02
1.000000e+02, 2.366912e+02
1.000000e+02, 2.364716e+02
1.000000e+02, 2.362537e+02
1.000000e+02, 2.360374e+02
1.000000e+02, 2.358227e+02
1.000000e+02, 2.356096e+02
1.000000e+02, 2.353981e+02
1.000000e+02, 2.351882e+02
1.000000e+02, 2.349799e+02
1.000000e+02, 2.347732e+02
1.000000e+02, 2.345680e+02
1.000000e+02, 2.343645e+02
1.000000e+02, 2.341626e+02
1.000000e+02, 2.339622e+02
1.000000e+02, 2.337634e+02
1.000000e+02, 2.335662e+02
1.000000e+02, 2.333706e+02
1.000000e+02, 2.331765e+02
1.000000e+02, 2.329840e+02
1.000000e+02, 2.327931e+02
1.000000e+02, 2.326037e+02
1.000000e+02, 2.324159e+02
1.000000e+02, 2.322296e+02
1.000000e+02, 2.320449e+02
1.000000e+02, 2.318618e+02
1.000000e+02, 2.316802e+02
1.000000e+02, 2.315001e+02
1.000000e+02, 2.313216e+02
1.000000e+02, 2.311447e+02
1.000000e+02, 2.309692e+02
1.000000e+02, 2.307954e+02
1.000000e+02, 2.306230e+02
1.000000e+02, 2.304522e+02
1.000000e+02, 2.302829e+02
1.000000e+02, 2.301152e+02
1.000000e+02, 2.299489e+02
1.000000e+02, 2.297842e+02
1.000000e+02, 2.296211e+02
1.000000e+02, 2.294594e+02
1.000000e+02, 2.292993e+02
1.000000e+02, 2.291406e+02
1.000000e+02, 2.289835e+02
1.000000e+02, 2.288279e+02
1.000000e+02, 2.286738e+02
1.000000e+02, 2.285212e+02
1.000000e+02, 2.283702e+02
1.000000e+02, 2.282206e+02
1.000000e+02, 2.280725e+02
1.000000e+02, 2.279259e+02
1.000000e+02, 2.277809e+02
1.000000e+02, 2.276373e+02
1.000000e+02, 2.274952e+02
1.000000e+02, 2.273546e+02
1.000000e+02, 2.272155e+02
1.000000e+02, 2.270779e+02
1.000000e+02, 2.269418e+02
1.000000e+02, 2.268071e+02
1.000000e+02, 2.266740e+02
1.000000e+02, 2.265423e+02
1.000000e+02, 2.264121e+02
1.000000e+02, 2.262834e+02
1.000000e+02, 2.261561e+02
1.000000e+02, 2.260304e+02
1.000000e+02, 2.259061e+02
1.000000e+02, 2.257833e+02
1.000000e+02, 2.256619e+02
1.000000e+02, 2.255420e+02
1.000000e+02, 2.254236e+02
1.000000e+02, 2.253067e+02
1.000000e+02, 2.251912e+02
1.000000e+02, 2.250772e+02
1.000000e+02, 2.249646e+02
1.000000e+02, 2.248535e+02
1.000000e+02, 2.247439e+02
1.000000e+02, 2.246357e+02
1.000000e+02, 2.245290e+02
1.000000e+02, 2.244237e+02
1.000000e+02, 2.243199e+02
1.000000e+02, 2.242175e+02
1.000000e+02, 2.241166e+02
1.000000e+02, 2.240172e+02
1.000000e+02, 2.239192e+02
1.000000e+02, 2.238226e+02
1.000000e+02, 2.237275e+02
1.000000e+02, 2.236338e+02
1.000000e+02, 2.235416e+02
1.000000e+02, 2.234508e+02
1.000000e+02, 2.233614e+02
1.000000e+02, 2.232735e+02
1.000000e+02, 2.231870e+02
1.000000e+02, 2.231020e+02
1.000000e+02, 2.230184e+02
1.000000e+02, 2.229363e+02
1.000000e+02, 2.228555e+02
1.000000e+02, 2.227763e+02
1.000000e+02, 2.226984e+02
1.000000e+02, 2.226220e+02
1.000000e+02, 2.225470e+02
1.000000e+02, 2.224734e+02
1.000000e+02, 2.224013e+02
1.000000e+02, 2.223306e+02
1.000000e+02, 2.222613e+02
1.000000e+02, 2.221935e+02
1.000000e+02, 2.221271e+02
1.000000e+02, 2.220621e+02
1.000000e+02, 2.219985e+02
1.000000e+02, 2.219363e+02
1.000000e+02, 2.218756e+02
1.000000e+02, 2.218163e+02
1.000000e+02, 2.217584e+02
1.000000e+02, 2.217020e+02
1.000000e+02, 2.216469e+02
1.000000e+02, 2.215933e+02
1.000000e+02, 2.215411e+02
1.000000e+02, 2.214903e+02
1.000000e+02, 2.214410e+02
1.000000e+02, 2.213930e+02
1.000000e+02, 2.213465e+02
1.000000e+02, 2.213014e+02
1.000000e+02, 2.212577e+02
1.000000e+02, 2.212154e+02
1.000000e+02, 2.211745e+02
1.000000e+02, 2.211350e+02
1.000000e+02, 2.210970e+02
1.000000e+02, 2.210604e+02
1.000000e+02, 2.210252e+02
1.000000e+02, 2.209913e+02
1.000000e+02, 2.209589e+02
1.000000e+02, 2.209280e+02
1.000000e+02, 2.208984e+02
1.000000e+02, 2.208702e+02
1.000000e+02, 2.208435e+02
1.000000e+02, 2.208181e+02
1.000000e+02, 2.207942e+02
1.000000e+02, 2.207717e+02
1.000000e+02, 2.207506e+02
1.000000e+02, 2.207309e+02
1.000000e+02, 2.207126e+02
1.000000e+02, 2.206957e+02
1.000000e+02, 2.206802e+02
1.000000e+02, 2.206661e+02
1.000000e+02, 2.206535e+02
1.000000e+02, 2.206422e+02
1.000000e+02, 2.206323e+02
1.000000e+02, 2.206239e+02
1.000000e+02, 2.206169e+02
1.000000e+02, 2.206112e+02
1.000000e+02, 2.206070e+02
1.000000e+02, 2.206042e+02
1.000000e+02, 2.206028e+02
1.000000e+02, 2.206028e+02
1.000000e+02, 2.206042e+02
1.000000e+02, 2.206070e+02
1.000000e+02, 2.206112e+02
1.000000e+02, 2.206169e+02
1.000000e+02, 2.206239e+02
1.000000e+02, 2.206323e+02
1.000000e+02, 2.206422e+02
1.000000e+02, 2.206535e+02
1.000000e+02, 2.206661e+02
1.000000e+02, 2.206802e+02
1.000000e+02, 2.206957e+02
1.000000e+02, 2.207126e+02
1.000000e+02, 2.207309e+02
1.000000e+02, 2.207506e+02
1.000000e+02, 2.207717e+02
1.000000e+02, 2.207942e+02
1.000000e+02, 2.208181e+02
1.000000e+02, 2.208435e+02
1.000000e+02, 2.208702e+02
1.000000e+02, 2.208984e+02
1.000000e+02, 2.209280e+02
1.000000e+02, 2.209589e+02
1.000000e+02, 2.209913e+02
1.000000e+02, 2.210252e+02
1.000000e+02, 2.210604e+02
1.000000e+02, 2.210970e+02
1.000000e+02, 2.211350e+02
1.000000e+02, 2.211745e+02
1.000000e+02, 2.212154e+02
1.000000e+02, 2.212577e+02
1.000000e+02, 2.213014e+02
1.000000e+02, 2.213465e+02
1.000000e+02, 2.213930e+02
1.000000e+02, 2.214410e+02
1.000000e+02, 2.214903e+02
1.000000e+02, 2.215411e+02
1.000000e+02, 2.215933e+02
1.000000e+02, 2.216469e+02
1.000000e+02, 2.217020e+02
1.000000e+02, 2.217584e+02
1.000000e+02, 2.218163e+02
1.000000e+02, 2.218756e+02
1.000000e+02, 2.219363e+02
1.000000e+02, 2.219985e+02
1.000000e+02, 2.220621e+02
1.000000e+02, 2.221271e+02
1.000000e+02, 2.221935e+02
1.000000e+02, 2.222613e+02
1.000000e+02, 2.223306e+02
1.000000e+02, 2.224013e+02
1.000000e+02, 2.224734e+02
1.000000e+02, 2.225470e+02
1.000000e+02, 2.226220e+02
1.000000e+02, 2.226984e+02
1.000000e+02, 2.227763e+02
1.000000e+02, 2.228555e+02
1.000000e+02, 2.229363e+02
1.000000e+02, 2.230184e+02
1.000000e+02, 2.231020e+02
1.000000e+02, 2.231870e+02
1.000000e+02, 2.232735e+02
1.000000e+02, 2.233614e+02
1.000000e+02, 2.234508e+02
1.000000e+02, 2.235416e+02
1.000000e+02, 2.236338e+02
1.000000e+02, 2.237275e+02
1.000000e+02, 2.238226e+02
1.000000e+02, 2.239192e+02
1.000000e+02, 2.240172e+02
1.000000e+02, 2.241166e+02
1.000000e+02, 2.242175e+02
1.000000e+02, 2.243199e+02
1.000000e+02, 2.244237e+02
1.000000e+02, 2.245290e+02
1.000000e+02, 2.246357e+02
1.000000e+02, 2.247439e+02
1.000000e+02, 2.248535e+02
1.000000e+02, 2.249646e+02
1.000000e+02, 2.250772e+02
1.000000e+02, 2.251912e+02
1.000000e+02, 2.253067e+02
1.000000e+02, 2.254236e+02
1.000000e+02, 2.255420e+02
1.000000e+02, 2.256619e+02
1.000000e+02, 2.257833e+02
1.000000e+02, 2.259061e+02
1.000000e+02, 2.260304e+02
1.000000e+02, 2.261561e+02
1.000000e+02, 2.262834e+02
1.000000e+02, 2.264121e+02
1.000000e+02, 2.265423e+02
1.000000e+02, 2.266740e+02
1.000000e+02, 2.268071e+02
1.000000e+02, 2.269418e+02
1.000000e+02, 2.270779e+02
1.000000e+02, 2.272155e+02
1.000000e+02, 2.273546e+02
1.000000e+02, 2.274952e+02
1.000000e+02, 2.276373e+02
1.000000e+02, 2.277809e+02
1.000000e+02, 2.279259e+02
1.000000e+02, 2.280725e+02
1.000000e+02, 2.282206e+02
1.000000e+02, 2.283702e+02
1.000000e+02, 2.285212e+02
1.000000e+02, 2.286738e+02
1.000000e+02, 2.288279e+02
1.000000e+02, 2.289835e+02
1.000000e+02, 2.291406e+02
1.000000e+02, 2.292993e+02
1.000000e+02, 2.294594e+02
1.000000e+02, 2.296211e+02
1.000000e+02, 2.297842e+02
1.000000e+02, 2.299489e+02
1.000000e+02, 2.301152e+02
1.000000e+02, 2.302829e+02
1.000000e+02, 2.304522e+02
1.000000e+02, 2.306230e+02
1.000000e+02, 2.307954e+02
1.000000e+02, 2.309692e+02
1.000000e+02, 2.311447e+02
1.000000e+02, 2.313216e+02
1.000000e+02, 2.315001e+02
1.000000e+02, 2.316802e+02
1.000000e+02, 2.318618e+02
1.000000e+02, 2.320449e+02
1.000000e+02, 2.322296e+02
1.000000e+02, 2.324159e+02
1.000000e+02, 2.326037e+02
1.000000e+02, 2.327931e+02
1.000000e+02, 2.329840e+02
1.000000e+02, 2.331765e+02
1.000000e+02, 2.333706e+02
1.000000e+02, 2.335662e+02
1.000000e+02, 2.337634e+02
1.000000e+02, 2.339622e+02
1.000000e+02, 2.341626e+02
1.000000e+02, 2.343645e+02
1.000000e+02, 2.345680e+02
1.000000e+02, 2.347732e+02
1.000000e+02, 2.349799e+02
1.000000e+02, 2.351882e+02
1.000000e+02, 2.353981e+02
1.000000e+02, 2.356096e+02
1.000000e+02, 2.358227e+02
1.000000e+02, 2.360374e+02
1.000000e+02, 2.362537e+02
1.000000e+02, 2.364716e+02
1.000000e+02, 2.366912e+02
1.000000e+02, 2.369123e+02
1.000000e+02, 2.371351e+02
1.000000e+02, 2.373595e+02
1.000000e+02, 2.375855e+02
1.000000e+02, 2.378132e+02
1.000000e+02, 2.380425e+02
1.000000e+02, 2.382734e+02
1.000000e+02, 2.385060e+02
1.000000e+02, 2.387402e+02
1.000000e+02, 2.389760e+02
1.000000e+02, 2.392135e+02
1.000000e+02, 2.394527e+02
1.000000e+02, 2.396935e+02
1.000000e+02, 2.399360e+02
1.000000e+02, 2.401802e+02
1.000000e+02, 2.404260e+02
1.000000e+02, 2.406735e+02
1.000000e+02, 2.409226e+02
1.000000e+02, 2.411735e+02
1.000000e+02, 2.414260e+02
1.000000e+02, 2.416802e+02
1.000000e+02, 2.419361e+02
1.000000e+02, 2.421937e+02
1.000000e+02, 2.424530e+02
1.000000e+02, 2.427140e+02
1.000000e+02, 2.429767e+02
1.000000e+02, 2.432411e+02
1.000000e+02, 2.435073e+02
1.000000e+02, 2.437751e+02
1.000000e+02, 2.440447e+02
1.000000e+02, 2.443160e+02
1.000000e+02, 2.445890e+02
1.000000e+02, 2.448638e+02
1.000000e+02, 2.451403e+02
1.000000e+02, 2.454186e+02
1.000000e+02, 2.456986e+02
1.000000e+02, 2.459803e+02
1.000000e+02, 2.462638e+02
1.000000e+02, 2.465491e+02
1.000000e+02, 2.468362e+02
1.000000e+02, 2.471250e+02
1.000000e+02, 2.474156e+02
1.000000e+02, 2.477080e+02
1.000000e+02, 2.480021e+02
1.000000e+02, 2.482981e+02
1.000000e+02, 2.485958e+02
1.000000e+02, 2.488954e+02
1.000000e+02, 2.491967e+02
1.000000e+02, 2.494999e+02
1.000000e+02, 2.498049e+02
1.000000e+02, 2.501117e+02
1.000000e+02, 2.504203e+02
1.000000e+02, 2.507308e+02
1.000000e+02, 2.510431e+02
1.000000e+02, 2.513572e+02
1.000000e+02, 2.516732e+02
1.000000e+02, 2.519910e+02
1.000000e+02, 2.523107e+02
1.000000e+02, 2.526323e+02
1.000000e+02, 2.529557e+02
1.000000e+02, 2.532810e+02
1.000000e+02, 2.536082e+02
1.000000e+02, 2.539373e+02
1.000000e+02, 2.542683e+02
1.000000e+02, 2.546011e+02
1.000000e+02, 2.549359e+02
1.000000e+02, 2.552726e+02
1.000000e+02, 2.556112e+02
1.000000e+02, 2.559517e+02
1.000000e+02, 2.562941e+02
1.000000e+02, 2.566385e+02
1.000000e+02, 2.569848e+02
1.000000e+02, 2.573331e+02
1.000000e+02, 2.576833e+02
1.000000e+02, 2.580355e+02
1.000000e+02, 2.583896e+02
1.000000e+02, 2.587457e+02
1.000000e+02, 2.591038e+02
1.000000e+02, 2.594639e+02
1.000000e+02, 2.598260e+02
1.000000e+02, 2.601901e+02
1.000000e+02, 2.605561e+02
1.000000e+02, 2.609242e+02
1.000000e+02, 2.612944e+02
1.000000e+02, 2.616665e+02
1.000000e+02, 2.620407e+02
1.000000e+02, 2.624169e+02
1.000000e+02, 2.627952e+02
1.000000e+02, 2.631755e+02
1.000000e+02, 2.635579e+02
1.000000e+02, 2.639424e+02
1.000000e+02, 2.643289e+02
1.000000e+02, 2.647176e+02
1.000000e+02, 2.651083e+02
1.000000e+02, 2.655011e+02
1.000000e+02, 2.658961e+02
1.000000e+02, 2.662932e+02
1.000000e+02, 2.666924e+02
1.000000e+02, 2.670937e+02
1.000000e+02, 2.674972e+02
1.000000e+02, 2.679028e+02
1.000000e+02, 2.683106e+02
1.000000e+02, 2.687206e+02
1.000000e+02, 2.691327e+02
1.000000e+02, 2.695471e+02
1.000000e+02, 2.699636e+02
1.000000e+02, 2.703823e+02
1.000000e+02, 2.708033e+02
1.000000e+02, 2.712265e+02
1.000000e+02, 2.716519e+02
1.000000e+02, 2.720795e+02
1.000000e+02, 2.725094e+02
1.000000e+02, 2.729416e+02
1.000000e+02, 2.733760e+02
1.000000e+02, 2.738128e+02
1.000000e+02, 2.742518e+02
1.000000e+02, 2.746931e+02
1.000000e+02, 2.751367e+02
1.000000e+02, 2.755827e+02
1.000000e+02, 2.760310e+02
1.000000e+02, 2.764816e+02
1.000000e+02, 2.769346e+02
1.000000e+02, 2.773899e+02
1.000000e+02, 2.778476e+02
1.000000e+02, 2.783077e+02
1.000000e+02, 2.787702e+02
1.000000e+02, 2.792351e+02
1.000000e+02, 2.797025e+02
1.000000e+02, 2.801722e+02
1.000000e+02, 2.806444e+02
1.000000e+02, 2.811191e+02
1.000000e+02, 2.815962e+02
1.000000e+02, 2.820758e+02
1.000000e+02, 2.825579e+02
1.000000e+02, 2.830425e+02
1.000000e+02, 2.835297e+02
1.000000e+02, 2.840193e+02
1.000000e+02, 2.845115e+02
1.000000e+02, 2.850062e+02
1.000000e+02, 2.855035e+02
1.000000e+02, 2.860034e+02
1.000000e+02, 2.865059e+02
1.000000e+02, 2.870110e+02
1.000000e+02, 2.875187e+02
1.000000e+02, 2.880291e+02
1.000000e+02, 2.885421e+02
1.000000e+02, 2.890577e+02
1.000000e+02, 2.895760e+02
1.000000e+02, 2.900971e+02
1.000000e+02, 2.906208e+02
1.000000e+02, 2.911473e+02
1.000000e+02, 2.916765e+02
1.000000e+02, 2.922084e+02
1.000000e+02, 2.927431e+02
1.000000e+02, 2.932806e+02
1.000000e+02, 2.938209e+02
1.000000e+02, 2.943641e+02
1.000000e+02, 2.949100e+02
1.000000e+02, 2.954588e+02
1.000000e+02, 2.960105e+02
1.000000e+02, 2.965650e+02
1.000000e+02, 2.971225e+02
1.000000e+02, 2.976828e+02
1.000000e+02, 2.982461e+02
1.000000e+02, 2.988124e+02
1.000000e+02, 2.993816e+02
1.000000e+02, 2.999538e+02
1.000000e+02, 3.005291e+02
1.000000e+02, 3.011073e+02
1.000000e+02, 3.016886e+02
1.000000e+02, 3.022730e+02
1.000000e+02, 3.028605e+02
1.000000e+02, 3.034510e+02
1.000000e+02, 3.040447e+02
1.000000e+02, 3.046415e+02
1.000000e+02, 3.052415e+02
1.000000e+02, 3.058447e+02
1.000000e+02, 3.064511e+02
1.000000e+02, 3.070608e+02
1.000000e+02, 3.076736e+02
1.000000e+02, 3.082898e+02
1.000000e+02, 3.089093e+02
1.000000e+02, 3.095321e+02
1.000000e+02, 3.101582e+02
1.000000e+02, 3.107877e+02
1.000000e+02, 3.114206e+02
1.000000e+02, 3.120569e+02
1.000000e+02, 3.126967e+02
1.000000e+02, 3.133399e+02
1.000000e+02, 3.139866e+02
1.000000e+02, 3.146368e+02
1.000000e+02, 3.152906e+02
1.000000e+02, 3.159480e+02
1.000000e+02, 3.166090e+02
1.000000e+02, 3.172736e+02
1.000000e+02, 3.179418e+02
1.000000e+02, 3.186137e+02
1.000000e+02, 3.192894e+02
1.000000e+02, 3.199688e+02
1.000000e+02, 3.206519e+02
1.000000e+02, 3.213389e+02
1.000000e+02, 3.220297e+02
1.000000e+02, 3.227244e+02
1.000000e+02, 3.234229e+02
1.000000e+02, 3.241254e+02
1.000000e+02, 3.248319e+02
1.000000e+02, 3.255424e+02
1.000000e+02, 3.262569e+02
1.000000e+02, 3.269754e+02
1.000000e+02, 3.276981e+02
1.000000e+02, 3.284249e+02
1.000000e+02, 3.291559e+02
1.000000e+02, 3.298911e+02
1.000000e+02, 3.306305e+02
1.000000e+02, 3.313742e+02
1.000000e+02, 3.321223e+02
1.000000e+02, 3.328747e+02
1.000000e+02, 3.336315e+02
1.000000e+02, 3.343928e+02
1.000000e+02, 3.351586e+02
1.000000e+02, 3.359289e+02
1.000000e+02, 3.367038e+02
1.000000e+02, 3.374833e+02
1.000000e+02, 3.382675e+02
1.000000e+02, 3.390565e+02
1.000000e+02, 3.398501e+02
1.000000e+02, 3.406486e+02
1.000000e+02, 3.414520e+02
1.000000e+02, 3.422602e+02
1.000000e+02, 3.430735e+02
1.000000e+02, 3.438917e+02
1.000000e+02, 3.447150e+02
1.000000e+02, 3.455435e+02
1.000000e+02, 3.463771e+02
1.000000e+02, 3.472159e+02
1.000000e+02, 3.480601e+02
1.000000e+02, 3.489096e+02
1.000000e+02, 3.497645e+02
1.000000e+02, 3.506249e+02
1.000000e+02, 3.514909e+02
1.000000e+02, 3.523624e+02
1.000000e+02, 3.532396e+02
1.000000e+02, 3.541226e+02
1.000000e+02, 3.550113e+02
1.000000e+02, 3.559060e+02
1.000000e+02, 3.568066e+02
1.000000e+02, 3.577132e+02
1.000000e+02, 3.586259e+02
1.000000e+02, 3.595448e+02
1.000000e+02, 4.699212e-01
1.000000e+02, 1.401405e+00
1.000000e+02, 2.339309e+00
1.000000e+02, 3.283720e+00
1.000000e+02, 4.234725e+00
1.000000e+02, 5.192412e+00
1.000000e+02, 6.156875e+00
1.000000e+02, 7.128207e+00
1.000000e+02, 8.106506e+00
1.000000e+02, 9.091869e+00
1.000000e+02, 1.008440e+01
1.000000e+02, 1.108420e+01
1.000000e+02, 1.209138e+01
1.000000e+02, 1.310605e+01
1.000000e+02, 1.412833e+01
1.000000e+02, 1.515832e+01
1.000000e+02, 1.619615e+01
1.000000e+02, 1.724195e+01
1.000000e+02, 1.829583e+01
1.000000e+02, 1.935794e+01
1.000000e+02, 2.042840e+01
1.000000e+02, 2.150735e+01
1.000000e+02, 2.259494e+01
1.000000e+02, 2.369131e+01
1.000000e+02, 2.479661e+01
1.000000e+02, 2.591101e+01
1.000000e+02, 2.703466e+01
1.000000e+02, 2.816773e+01
1.000000e+02, 2.931040e+01
1.000000e+02, 3.046283e+01
1.000000e+02, 3.162522e+01
1.000000e+02, 3.279775e+01
1.000000e+02, 3.398062e+01
1.000000e+02, 3.517404e+01
1.000000e+02, 3.637822e+01
1.000000e+02, 3.759337e+01
1.000000e+02, 3.881972e+01
1.000000e+02, 4.005752e+01
1.000000e+02, 4.130699e+01
1.000000e+02, 4.256840e+01
1.000000e+02, 4.384201e+01
1.000000e+02, 4.512809e+01
1.000000e+02, 4.642693e+01
1.000000e+02, 4.773883e+01
1.000000e+02, 4.906410e+01
1.000000e+02, 5.040305e+01
1.000000e+02, 5.175602e+01
1.000000e+02, 5.312337e+01
1.000000e+02, 5.450547e+01
1.000000e+02, 5.590269e+01
1.000000e+02, 5.731544e+01
1.000000e+02, 5.874414e+01
1.000000e+02, 6.018923e+01
1.000000e+02, 6.165117e+01
1.000000e+02, 6.313045e+01
1.000000e+02, 6.462758e+01
1.000000e+02, 6.614310e+01
1.000000e+02, 6.767758e+01
1.000000e+02, 6.923161e+01
1.000000e+02, 7.080583e+01
1.000000e+02, 7.240090e+01
1.000000e+02, 7.401753e+01
1.000000e+02, 7.565647e+01
1.000000e+02, 7.731852e+01
1.000000e+02, 7.900452e+01
1.000000e+02, 8.071537e+01
1.000000e+02, 8.245204e+01
1.000000e+02, 8.421555e+01
1.000000e+02, 8.600701e+01
1.000000e+02, 8.782759e+01
1.000000e+02, 8.967855e+01
1.000000e+02, 9.156128e+01
1.000000e+02, 9.347723e+01
1.000000e+02, 9.542801e+01
1.000000e+02, 9.741534e+01
1.000000e+02, 9.944112e+01
1.000000e+02, 1.015074e+02
1.000000e+02, 1.036164e+02
1.000000e+02, 1.057707e+02
1.000000e+02, 1.079729e+02
1.000000e+02, 1.102261e+02
1.000000e+02, 1.125336e+02
1.000000e+02, 1.148992e+02
1.000000e+02, 1.173271e+02
1.000000e+02, 1.198220e+02
1.000000e+02, 1.223895e+02
1.000000e+02, 1.250356e+02
1.000000e+02, 1.277676e+02
1.000000e+02, 1.305937e+02
1.000000e+02, 1.335238e+02
1.000000e+02, 1.365695e+02
1.000000e+02, 1.397449e+02
1.000000e+02, 1.430670e+02
1.000000e+02, 1.465574e+02
1.000000e+02, 1.502432e+02
1.000000e+02, 1.541600e+02
1.000000e+02, 1.583559e+02
1.000000e+02, 1.628985e+02
1.000000e+02, 1.678887e+02
1.000000e+02, 1.734898e+02
1.000000e+02, 1.800000e+02
##END= 