##TITLE= /opt/topspin3.0/exp/stan/nmr/lists/wave/user/HypSec_trunc2.84_110
##JCAMP-DX= 5.00 Bruker JCAMP library
##DATA TYPE= Shape Data
##ORIGIN= Bruker BioSpin GmbH
##OWNER= <nmrsu>
##DATE= 15/02/24
##TIME= 16:15:04
##MINX= 1.164538e+01
##MAXX= 9.999960e+01
##MINY= 2.546774e-02
##MAXY= 3.585574e+02
##$SHAPE_EXMODE= Adiabatic
##$SHAPE_TOTROT= 1.800000e+02
##$SHAPE_BWFAC= 1.929340e+02
##$SHAPE_INTEGFAC= 2.356110e-02
##$SHAPE_MODE= 0
##NPOINTS= 1000
##XYPOINTS= (XY..XY)
1.000000e+02, 1.800000e+02
1.000000e+02, 1.730247e+02
1.000000e+02, 1.670237e+02
1.000000e+02, 1.616770e+02
1.000000e+02, 1.568099e+02
1.000000e+02, 1.523143e+02
1.000000e+02, 1.481177e+02
1.000000e+02, 1.441687e+02
1.000000e+02, 1.404290e+02
1.000000e+02, 1.368695e+02
1.000000e+02, 1.334673e+02
1.000000e+02, 1.302041e+02
1.000000e+02, 1.270647e+02
1.000000e+02, 1.240367e+02
1.000000e+02, 1.211096e+02
1.000000e+02, 1.182744e+02
1.000000e+02, 1.155236e+02
1.000000e+02, 1.128504e+02
1.000000e+02, 1.102491e+02
1.000000e+02, 1.077145e+02
1.000000e+02, 1.052422e+02
1.000000e+02, 1.028281e+02
1.000000e+02, 1.004686e+02
1.000000e+02, 9.816045e+01
1.000000e+02, 9.590078e+01
1.000000e+02, 9.368691e+01
1.000000e+02, 9.151644e+01
1.000000e+02, 8.938715e+01
1.000000e+02, 8.729703e+01
1.000000e+02, 8.524422e+01
1.000000e+02, 8.322702e+01
1.000000e+02, 8.124384e+01
1.000000e+02, 7.929322e+01
1.000000e+02, 7.737380e+01
1.000000e+02, 7.548433e+01
1.000000e+02, 7.362361e+01
1.000000e+02, 7.179055e+01
1.000000e+02, 6.998412e+01
1.000000e+02, 6.820336e+01
1.000000e+02, 6.644735e+01
1.000000e+02, 6.471525e+01
1.000000e+02, 6.300624e+01
1.000000e+02, 6.131958e+01
1.000000e+02, 5.965455e+01
1.000000e+02, 5.801046e+01
1.000000e+02, 5.638669e+01
1.000000e+02, 5.478262e+01
1.000000e+02, 5.319768e+01
1.000000e+02, 5.163131e+01
1.000000e+02, 5.008300e+01
1.000000e+02, 4.855225e+01
1.000000e+02, 4.703859e+01
1.000000e+02, 4.554157e+01
1.000000e+02, 4.406075e+01
1.000000e+02, 4.259573e+01
1.000000e+02, 4.114612e+01
1.000000e+02, 3.971153e+01
1.000000e+02, 3.829160e+01
1.000000e+02, 3.688600e+01
1.000000e+02, 3.549438e+01
1.000000e+02, 3.411643e+01
1.000000e+02, 3.275185e+01
1.000000e+02, 3.140034e+01
1.000000e+02, 3.006162e+01
1.000000e+02, 2.873542e+01
1.000000e+02, 2.742146e+01
1.000000e+02, 2.611952e+01
1.000000e+02, 2.482933e+01
1.000000e+02, 2.355066e+01
1.000000e+02, 2.228330e+01
1.000000e+02, 2.102702e+01
1.000000e+02, 1.978160e+01
1.000000e+02, 1.854685e+01
1.000000e+02, 1.732257e+01
1.000000e+02, 1.610856e+01
1.000000e+02, 1.490465e+01
1.000000e+02, 1.371065e+01
1.000000e+02, 1.252640e+01
1.000000e+02, 1.135171e+01
1.000000e+02, 1.018644e+01
1.000000e+02, 9.030420e+00
1.000000e+02, 7.883499e+00
1.000000e+02, 6.745530e+00
1.000000e+02, 5.616368e+00
1.000000e+02, 4.495874e+00
1.000000e+02, 3.383911e+00
1.000000e+02, 2.280347e+00
1.000000e+02, 1.185054e+00
1.000000e+02, 9.790683e-02
1.000000e+02, 3.590188e+02
1.000000e+02, 3.579476e+02
1.000000e+02, 3.568841e+02
1.000000e+02, 3.558284e+02
1.000000e+02, 3.547802e+02
1.000000e+02, 3.537395e+02
1.000000e+02, 3.527062e+02
1.000000e+02, 3.516801e+02
1.000000e+02, 3.506611e+02
1.000000e+02, 3.496493e+02
1.000000e+02, 3.486444e+02
1.000000e+02, 3.476463e+02
1.000000e+02, 3.466551e+02
1.000000e+02, 3.456706e+02
1.000000e+02, 3.446927e+02
1.000000e+02, 3.437213e+02
1.000000e+02, 3.427564e+02
1.000000e+02, 3.417979e+02
1.000000e+02, 3.408456e+02
1.000000e+02, 3.398996e+02
1.000000e+02, 3.389597e+02
1.000000e+02, 3.380259e+02
1.000000e+02, 3.370981e+02
1.000000e+02, 3.361763e+02
1.000000e+02, 3.352603e+02
1.000000e+02, 3.343501e+02
1.000000e+02, 3.334456e+02
1.000000e+02, 3.325469e+02
1.000000e+02, 3.316537e+02
1.000000e+02, 3.307661e+02
1.000000e+02, 3.298840e+02
1.000000e+02, 3.290073e+02
1.000000e+02, 3.281360e+02
1.000000e+02, 3.272700e+02
1.000000e+02, 3.264092e+02
1.000000e+02, 3.255537e+02
1.000000e+02, 3.247033e+02
1.000000e+02, 3.238581e+02
1.000000e+02, 3.230179e+02
1.000000e+02, 3.221827e+02
1.000000e+02, 3.213524e+02
1.000000e+02, 3.205271e+02
1.000000e+02, 3.197066e+02
1.000000e+02, 3.188909e+02
1.000000e+02, 3.180800e+02
1.000000e+02, 3.172739e+02
1.000000e+02, 3.164724e+02
1.000000e+02, 3.156755e+02
1.000000e+02, 3.148833e+02
1.000000e+02, 3.140956e+02
1.000000e+02, 3.133124e+02
1.000000e+02, 3.125337e+02
1.000000e+02, 3.117594e+02
1.000000e+02, 3.109895e+02
1.000000e+02, 3.102240e+02
1.000000e+02, 3.094628e+02
1.000000e+02, 3.087058e+02
1.000000e+02, 3.079532e+02
1.000000e+02, 3.072047e+02
1.000000e+02, 3.064604e+02
1.000000e+02, 3.057202e+02
1.000000e+02, 3.049842e+02
1.000000e+02, 3.042523e+02
1.000000e+02, 3.035243e+02
1.000000e+02, 3.028004e+02
1.000000e+02, 3.020805e+02
1.000000e+02, 3.013645e+02
1.000000e+02, 3.006525e+02
1.000000e+02, 2.999443e+02
1.000000e+02, 2.992400e+02
1.000000e+02, 2.985395e+02
1.000000e+02, 2.978428e+02
1.000000e+02, 2.971499e+02
1.000000e+02, 2.964607e+02
1.000000e+02, 2.957752e+02
1.000000e+02, 2.950935e+02
1.000000e+02, 2.944154e+02
1.000000e+02, 2.937409e+02
1.000000e+02, 2.930701e+02
1.000000e+02, 2.924028e+02
1.000000e+02, 2.917391e+02
1.000000e+02, 2.910789e+02
1.000000e+02, 2.904222e+02
1.000000e+02, 2.897691e+02
1.000000e+02, 2.891193e+02
1.000000e+02, 2.884731e+02
1.000000e+02, 2.878302e+02
1.000000e+02, 2.871907e+02
1.000000e+02, 2.865547e+02
1.000000e+02, 2.859219e+02
1.000000e+02, 2.852925e+02
1.000000e+02, 2.846664e+02
1.000000e+02, 2.840436e+02
1.000000e+02, 2.834240e+02
1.000000e+02, 2.828077e+02
1.000000e+02, 2.821946e+02
1.000000e+02, 2.815847e+02
1.000000e+02, 2.809780e+02
1.000000e+02, 2.803745e+02
1.000000e+02, 2.797741e+02
1.000000e+02, 2.791768e+02
1.000000e+02, 2.785827e+02
1.000000e+02, 2.779916e+02
1.000000e+02, 2.774036e+02
1.000000e+02, 2.768186e+02
1.000000e+02, 2.762367e+02
1.000000e+02, 2.756578e+02
1.000000e+02, 2.750819e+02
1.000000e+02, 2.745090e+02
1.000000e+02, 2.739391e+02
1.000000e+02, 2.733721e+02
1.000000e+02, 2.728080e+02
1.000000e+02, 2.722469e+02
1.000000e+02, 2.716886e+02
1.000000e+02, 2.711333e+02
1.000000e+02, 2.705808e+02
1.000000e+02, 2.700311e+02
1.000000e+02, 2.694843e+02
1.000000e+02, 2.689404e+02
1.000000e+02, 2.683992e+02
1.000000e+02, 2.678608e+02
1.000000e+02, 2.673252e+02
1.000000e+02, 2.667924e+02
1.000000e+02, 2.662623e+02
1.000000e+02, 2.657350e+02
1.000000e+02, 2.652103e+02
1.000000e+02, 2.646884e+02
1.000000e+02, 2.641692e+02
1.000000e+02, 2.636527e+02
1.000000e+02, 2.631388e+02
1.000000e+02, 2.626276e+02
1.000000e+02, 2.621190e+02
1.000000e+02, 2.616131e+02
1.000000e+02, 2.611098e+02
1.000000e+02, 2.606091e+02
1.000000e+02, 2.601110e+02
1.000000e+02, 2.596154e+02
1.000000e+02, 2.591225e+02
1.000000e+02, 2.586320e+02
1.000000e+02, 2.581442e+02
1.000000e+02, 2.576588e+02
1.000000e+02, 2.571760e+02
1.000000e+02, 2.566957e+02
1.000000e+02, 2.562179e+02
1.000000e+02, 2.557426e+02
1.000000e+02, 2.552698e+02
1.000000e+02, 2.547994e+02
1.000000e+02, 2.543315e+02
1.000000e+02, 2.538660e+02
1.000000e+02, 2.534030e+02
1.000000e+02, 2.529423e+02
1.000000e+02, 2.524841e+02
1.000000e+02, 2.520283e+02
1.000000e+02, 2.515749e+02
1.000000e+02, 2.511239e+02
1.000000e+02, 2.506753e+02
1.000000e+02, 2.502290e+02
1.000000e+02, 2.497851e+02
1.000000e+02, 2.493435e+02
1.000000e+02, 2.489042e+02
1.000000e+02, 2.484673e+02
1.000000e+02, 2.480327e+02
1.000000e+02, 2.476004e+02
1.000000e+02, 2.471704e+02
1.000000e+02, 2.467427e+02
1.000000e+02, 2.463172e+02
1.000000e+02, 2.458941e+02
1.000000e+02, 2.454732e+02
1.000000e+02, 2.450545e+02
1.000000e+02, 2.446381e+02
1.000000e+02, 2.442240e+02
1.000000e+02, 2.438120e+02
1.000000e+02, 2.434023e+02
1.000000e+02, 2.429948e+02
1.000000e+02, 2.425895e+02
1.000000e+02, 2.421864e+02
1.000000e+02, 2.417855e+02
1.000000e+02, 2.413868e+02
1.000000e+02, 2.409902e+02
1.000000e+02, 2.405959e+02
1.000000e+02, 2.402036e+02
1.000000e+02, 2.398135e+02
1.000000e+02, 2.394256e+02
1.000000e+02, 2.390398e+02
1.000000e+02, 2.386561e+02
1.000000e+02, 2.382746e+02
1.000000e+02, 2.378951e+02
1.000000e+02, 2.375178e+02
1.000000e+02, 2.371426e+02
1.000000e+02, 2.367694e+02
1.000000e+02, 2.363984e+02
1.000000e+02, 2.360294e+02
1.000000e+02, 2.356625e+02
1.000000e+02, 2.352977e+02
1.000000e+02, 2.349349e+02
1.000000e+02, 2.345742e+02
1.000000e+02, 2.342155e+02
1.000000e+02, 2.338589e+02
1.000000e+02, 2.335042e+02
1.000000e+02, 2.331517e+02
1.000000e+02, 2.328011e+02
1.000000e+02, 2.324526e+02
1.000000e+02, 2.321060e+02
1.000000e+02, 2.317615e+02
1.000000e+02, 2.314190e+02
1.000000e+02, 2.310784e+02
1.000000e+02, 2.307399e+02
1.000000e+02, 2.304033e+02
1.000000e+02, 2.300687e+02
1.000000e+02, 2.297361e+02
1.000000e+02, 2.294054e+02
1.000000e+02, 2.290767e+02
1.000000e+02, 2.287499e+02
1.000000e+02, 2.284251e+02
1.000000e+02, 2.281022e+02
1.000000e+02, 2.277812e+02
1.000000e+02, 2.274622e+02
1.000000e+02, 2.271451e+02
1.000000e+02, 2.268300e+02
1.000000e+02, 2.265167e+02
1.000000e+02, 2.262053e+02
1.000000e+02, 2.258959e+02
1.000000e+02, 2.255883e+02
1.000000e+02, 2.252827e+02
1.000000e+02, 2.249789e+02
1.000000e+02, 2.246770e+02
1.000000e+02, 2.243770e+02
1.000000e+02, 2.240789e+02
1.000000e+02, 2.237826e+02
1.000000e+02, 2.234882e+02
1.000000e+02, 2.231957e+02
1.000000e+02, 2.229050e+02
1.000000e+02, 2.226162e+02
1.000000e+02, 2.223292e+02
1.000000e+02, 2.220441e+02
1.000000e+02, 2.217608e+02
1.000000e+02, 2.214793e+02
1.000000e+02, 2.211996e+02
1.000000e+02, 2.209218e+02
1.000000e+02, 2.206458e+02
1.000000e+02, 2.203716e+02
1.000000e+02, 2.200993e+02
1.000000e+02, 2.198287e+02
1.000000e+02, 2.195599e+02
1.000000e+02, 2.192930e+02
1.000000e+02, 2.190278e+02
1.000000e+02, 2.187644e+02
1.000000e+02, 2.185029e+02
1.000000e+02, 2.182431e+02
1.000000e+02, 2.179850e+02
1.000000e+02, 2.177288e+02
1.000000e+02, 2.174743e+02
1.000000e+02, 2.172216e+02
1.000000e+02, 2.169707e+02
1.000000e+02, 2.167215e+02
1.000000e+02, 2.164741e+02
1.000000e+02, 2.162284e+02
1.000000e+02, 2.159845e+02
1.000000e+02, 2.157423e+02
1.000000e+02, 2.155019e+02
1.000000e+02, 2.152632e+02
1.000000e+02, 2.150262e+02
1.000000e+02, 2.147910e+02
1.000000e+02, 2.145575e+02
1.000000e+02, 2.143258e+02
1.000000e+02, 2.140957e+02
1.000000e+02, 2.138674e+02
1.000000e+02, 2.136408e+02
1.000000e+02, 2.134159e+02
1.000000e+02, 2.131927e+02
1.000000e+02, 2.129712e+02
1.000000e+02, 2.127515e+02
1.000000e+02, 2.125334e+02
1.000000e+02, 2.123170e+02
1.000000e+02, 2.121024e+02
1.000000e+02, 2.118894e+02
1.000000e+02, 2.116781e+02
1.000000e+02, 2.114685e+02
1.000000e+02, 2.112605e+02
1.000000e+02, 2.110543e+02
1.000000e+02, 2.108497e+02
1.000000e+02, 2.106468e+02
1.000000e+02, 2.104456e+02
1.000000e+02, 2.102460e+02
1.000000e+02, 2.100481e+02
1.000000e+02, 2.098519e+02
1.000000e+02, 2.096573e+02
1.000000e+02, 2.094644e+02
1.000000e+02, 2.092732e+02
1.000000e+02, 2.090836e+02
1.000000e+02, 2.088956e+02
1.000000e+02, 2.087093e+02
1.000000e+02, 2.085247e+02
1.000000e+02, 2.083416e+02
1.000000e+02, 2.081603e+02
1.000000e+02, 2.079805e+02
1.000000e+02, 2.078024e+02
1.000000e+02, 2.076260e+02
1.000000e+02, 2.074511e+02
1.000000e+02, 2.072779e+02
1.000000e+02, 2.071063e+02
1.000000e+02, 2.069364e+02
1.000000e+02, 2.067680e+02
1.000000e+02, 2.066013e+02
1.000000e+02, 2.064362e+02
1.000000e+02, 2.062728e+02
1.000000e+02, 2.061109e+02
1.000000e+02, 2.059506e+02
1.000000e+02, 2.057920e+02
1.000000e+02, 2.056349e+02
1.000000e+02, 2.054795e+02
1.000000e+02, 2.053257e+02
1.000000e+02, 2.051734e+02
1.000000e+02, 2.050228e+02
1.000000e+02, 2.048738e+02
1.000000e+02, 2.047263e+02
1.000000e+02, 2.045805e+02
1.000000e+02, 2.044362e+02
1.000000e+02, 2.042935e+02
1.000000e+02, 2.041525e+02
1.000000e+02, 2.040130e+02
1.000000e+02, 2.038751e+02
1.000000e+02, 2.037387e+02
1.000000e+02, 2.036040e+02
1.000000e+02, 2.034708e+02
1.000000e+02, 2.033392e+02
1.000000e+02, 2.032092e+02
1.000000e+02, 2.030808e+02
1.000000e+02, 2.029539e+02
1.000000e+02, 2.028286e+02
1.000000e+02, 2.027049e+02
1.000000e+02, 2.025827e+02
1.000000e+02, 2.024621e+02
1.000000e+02, 2.023431e+02
1.000000e+02, 2.022256e+02
1.000000e+02, 2.021097e+02
1.000000e+02, 2.019953e+02
1.000000e+02, 2.018826e+02
1.000000e+02, 2.017713e+02
1.000000e+02, 2.016617e+02
1.000000e+02, 2.015535e+02
1.000000e+02, 2.014470e+02
1.000000e+02, 2.013420e+02
1.000000e+02, 2.012385e+02
1.000000e+02, 2.011366e+02
1.000000e+02, 2.010362e+02
1.000000e+02, 2.009374e+02
1.000000e+02, 2.008401e+02
1.000000e+02, 2.007444e+02
1.000000e+02, 2.006502e+02
1.000000e+02, 2.005575e+02
1.000000e+02, 2.004664e+02
1.000000e+02, 2.003769e+02
1.000000e+02, 2.002889e+02
1.000000e+02, 2.002024e+02
1.000000e+02, 2.001174e+02
1.000000e+02, 2.000340e+02
1.000000e+02, 1.999521e+02
1.000000e+02, 1.998718e+02
1.000000e+02, 1.997930e+02
1.000000e+02, 1.997157e+02
1.000000e+02, 1.996399e+02
1.000000e+02, 1.995657e+02
1.000000e+02, 1.994930e+02
1.000000e+02, 1.994218e+02
1.000000e+02, 1.993522e+02
1.000000e+02, 1.992841e+02
1.000000e+02, 1.992175e+02
1.000000e+02, 1.991524e+02
1.000000e+02, 1.990889e+02
1.000000e+02, 1.990269e+02
1.000000e+02, 1.989664e+02
1.000000e+02, 1.989074e+02
1.000000e+02, 1.988500e+02
1.000000e+02, 1.987940e+02
1.000000e+02, 1.987396e+02
1.000000e+02, 1.986867e+02
1.000000e+02, 1.986354e+02
1.000000e+02, 1.985855e+02
1.000000e+02, 1.985372e+02
1.000000e+02, 1.984904e+02
1.000000e+02, 1.984450e+02
1.000000e+02, 1.984013e+02
1.000000e+02, 1.983590e+02
1.000000e+02, 1.983182e+02
1.000000e+02, 1.982790e+02
1.000000e+02, 1.982412e+02
1.000000e+02, 1.982050e+02
1.000000e+02, 1.981703e+02
1.000000e+02, 1.981371e+02
1.000000e+02, 1.981054e+02
1.000000e+02, 1.980752e+02
1.000000e+02, 1.980466e+02
1.000000e+02, 1.980194e+02
1.000000e+02, 1.979938e+02
1.000000e+02, 1.979697e+02
1.000000e+02, 1.979470e+02
1.000000e+02, 1.979259e+02
1.000000e+02, 1.979063e+02
1.000000e+02, 1.978882e+02
1.000000e+02, 1.978716e+02
1.000000e+02, 1.978566e+02
1.000000e+02, 1.978430e+02
1.000000e+02, 1.978309e+02
1.000000e+02, 1.978204e+02
1.000000e+02, 1.978113e+02
1.000000e+02, 1.978038e+02
1.000000e+02, 1.977978e+02
1.000000e+02, 1.977932e+02
1.000000e+02, 1.977902e+02
1.000000e+02, 1.977887e+02
1.000000e+02, 1.977887e+02
1.000000e+02, 1.977902e+02
1.000000e+02, 1.977932e+02
1.000000e+02, 1.977978e+02
1.000000e+02, 1.978038e+02
1.000000e+02, 1.978113e+02
1.000000e+02, 1.978204e+02
1.000000e+02, 1.978309e+02
1.000000e+02, 1.978430e+02
1.000000e+02, 1.978566e+02
1.000000e+02, 1.978716e+02
1.000000e+02, 1.978882e+02
1.000000e+02, 1.979063e+02
1.000000e+02, 1.979259e+02
1.000000e+02, 1.979470e+02
1.000000e+02, 1.979697e+02
1.000000e+02, 1.979938e+02
1.000000e+02, 1.980194e+02
1.000000e+02, 1.980466e+02
1.000000e+02, 1.980752e+02
1.000000e+02, 1.981054e+02
1.000000e+02, 1.981371e+02
1.000000e+02, 1.981703e+02
1.000000e+02, 1.982050e+02
1.000000e+02, 1.982412e+02
1.000000e+02, 1.982790e+02
1.000000e+02, 1.983182e+02
1.000000e+02, 1.983590e+02
1.000000e+02, 1.984013e+02
1.000000e+02, 1.984450e+02
1.000000e+02, 1.984904e+02
1.000000e+02, 1.985372e+02
1.000000e+02, 1.985855e+02
1.000000e+02, 1.986354e+02
1.000000e+02, 1.986867e+02
1.000000e+02, 1.987396e+02
1.000000e+02, 1.987940e+02
1.000000e+02, 1.988500e+02
1.000000e+02, 1.989074e+02
1.000000e+02, 1.989664e+02
1.000000e+02, 1.990269e+02
1.000000e+02, 1.990889e+02
1.000000e+02, 1.991524e+02
1.000000e+02, 1.992175e+02
1.000000e+02, 1.992841e+02
1.000000e+02, 1.993522e+02
1.000000e+02, 1.994218e+02
1.000000e+02, 1.994930e+02
1.000000e+02, 1.995657e+02
1.000000e+02, 1.996399e+02
1.000000e+02, 1.997157e+02
1.000000e+02, 1.997930e+02
1.000000e+02, 1.998718e+02
1.000000e+02, 1.999521e+02
1.000000e+02, 2.000340e+02
1.000000e+02, 2.001174e+02
1.000000e+02, 2.002024e+02
1.000000e+02, 2.002889e+02
1.000000e+02, 2.003769e+02
1.000000e+02, 2.004664e+02
1.000000e+02, 2.005575e+02
1.000000e+02, 2.006502e+02
1.000000e+02, 2.007444e+02
1.000000e+02, 2.008401e+02
1.000000e+02, 2.009374e+02
1.000000e+02, 2.010362e+02
1.000000e+02, 2.011366e+02
1.000000e+02, 2.012385e+02
1.000000e+02, 2.013420e+02
1.000000e+02, 2.014470e+02
1.000000e+02, 2.015535e+02
1.000000e+02, 2.016617e+02
1.000000e+02, 2.017713e+02
1.000000e+02, 2.018826e+02
1.000000e+02, 2.019953e+02
1.000000e+02, 2.021097e+02
1.000000e+02, 2.022256e+02
1.000000e+02, 2.023431e+02
1.000000e+02, 2.024621e+02
1.000000e+02, 2.025827e+02
1.000000e+02, 2.027049e+02
1.000000e+02, 2.028286e+02
1.000000e+02, 2.029539e+02
1.000000e+02, 2.030808e+02
1.000000e+02, 2.032092e+02
1.000000e+02, 2.033392e+02
1.000000e+02, 2.034708e+02
1.000000e+02, 2.036040e+02
1.000000e+02, 2.037387e+02
1.000000e+02, 2.038751e+02
1.000000e+02, 2.040130e+02
1.000000e+02, 2.041525e+02
1.000000e+02, 2.042935e+02
1.000000e+02, 2.044362e+02
1.000000e+02, 2.045805e+02
1.000000e+02, 2.047263e+02
1.000000e+02, 2.048738e+02
1.000000e+02, 2.050228e+02
1.000000e+02, 2.051734e+02
1.000000e+02, 2.053257e+02
1.000000e+02, 2.054795e+02
1.000000e+02, 2.056349e+02
1.000000e+02, 2.057920e+02
1.000000e+02, 2.059506e+02
1.000000e+02, 2.061109e+02
1.000000e+02, 2.062728e+02
1.000000e+02, 2.064362e+02
1.000000e+02, 2.066013e+02
1.000000e+02, 2.067680e+02
1.000000e+02, 2.069364e+02
1.000000e+02, 2.071063e+02
1.000000e+02, 2.072779e+02
1.000000e+02, 2.074511e+02
1.000000e+02, 2.076260e+02
1.000000e+02, 2.078024e+02
1.000000e+02, 2.079805e+02
1.000000e+02, 2.081603e+02
1.000000e+02, 2.083416e+02
1.000000e+02, 2.085247e+02
1.000000e+02, 2.087093e+02
1.000000e+02, 2.088956e+02
1.000000e+02, 2.090836e+02
1.000000e+02, 2.092732e+02
1.000000e+02, 2.094644e+02
1.000000e+02, 2.096573e+02
1.000000e+02, 2.098519e+02
1.000000e+02, 2.100481e+02
1.000000e+02, 2.102460e+02
1.000000e+02, 2.104456e+02
1.000000e+02, 2.106468e+02
1.000000e+02, 2.108497e+02
1.000000e+02, 2.110543e+02
1.000000e+02, 2.112605e+02
1.000000e+02, 2.114685e+02
1.000000e+02, 2.116781e+02
1.000000e+02, 2.118894e+02
1.000000e+02, 2.121024e+02
1.000000e+02, 2.123170e+02
1.000000e+02, 2.125334e+02
1.000000e+02, 2.127515e+02
1.000000e+02, 2.129712e+02
1.000000e+02, 2.131927e+02
1.000000e+02, 2.134159e+02
1.000000e+02, 2.136408e+02
1.000000e+02, 2.138674e+02
1.000000e+02, 2.140957e+02
1.000000e+02, 2.143258e+02
1.000000e+02, 2.145575e+02
1.000000e+02, 2.147910e+02
1.000000e+02, 2.150262e+02
1.000000e+02, 2.152632e+02
1.000000e+02, 2.155019e+02
1.000000e+02, 2.157423e+02
1.000000e+02, 2.159845e+02
1.000000e+02, 2.162284e+02
1.000000e+02, 2.164741e+02
1.000000e+02, 2.167215e+02
1.000000e+02, 2.169707e+02
1.000000e+02, 2.172216e+02
1.000000e+02, 2.174743e+02
1.000000e+02, 2.177288e+02
1.000000e+02, 2.179850e+02
1.000000e+02, 2.182431e+02
1.000000e+02, 2.185029e+02
1.000000e+02, 2.187644e+02
1.000000e+02, 2.190278e+02
1.000000e+02, 2.192930e+02
1.000000e+02, 2.195599e+02
1.000000e+02, 2.198287e+02
1.000000e+02, 2.200993e+02
1.000000e+02, 2.203716e+02
1.000000e+02, 2.206458e+02
1.000000e+02, 2.209218e+02
1.000000e+02, 2.211996e+02
1.000000e+02, 2.214793e+02
1.000000e+02, 2.217608e+02
1.000000e+02, 2.220441e+02
1.000000e+02, 2.223292e+02
1.000000e+02, 2.226162e+02
1.000000e+02, 2.229050e+02
1.000000e+02, 2.231957e+02
1.000000e+02, 2.234882e+02
1.000000e+02, 2.237826e+02
1.000000e+02, 2.240789e+02
1.000000e+02, 2.243770e+02
1.000000e+02, 2.246770e+02
1.000000e+02, 2.249789e+02
1.000000e+02, 2.252827e+02
1.000000e+02, 2.255883e+02
1.000000e+02, 2.258959e+02
1.000000e+02, 2.262053e+02
1.000000e+02, 2.265167e+02
1.000000e+02, 2.268300e+02
1.000000e+02, 2.271451e+02
1.000000e+02, 2.274622e+02
1.000000e+02, 2.277812e+02
1.000000e+02, 2.281022e+02
1.000000e+02, 2.284251e+02
1.000000e+02, 2.287499e+02
1.000000e+02, 2.290767e+02
1.000000e+02, 2.294054e+02
1.000000e+02, 2.297361e+02
1.000000e+02, 2.300687e+02
1.000000e+02, 2.304033e+02
1.000000e+02, 2.307399e+02
1.000000e+02, 2.310784e+02
1.000000e+02, 2.314190e+02
1.000000e+02, 2.317615e+02
1.000000e+02, 2.321060e+02
1.000000e+02, 2.324526e+02
1.000000e+02, 2.328011e+02
1.000000e+02, 2.331517e+02
1.000000e+02, 2.335043e+02
1.000000e+02, 2.338589e+02
1.000000e+02, 2.342155e+02
1.000000e+02, 2.345742e+02
1.000000e+02, 2.349349e+02
1.000000e+02, 2.352977e+02
1.000000e+02, 2.356625e+02
1.000000e+02, 2.360294e+02
1.000000e+02, 2.363984e+02
1.000000e+02, 2.367694e+02
1.000000e+02, 2.371426e+02
1.000000e+02, 2.375178e+02
1.000000e+02, 2.378951e+02
1.000000e+02, 2.382746e+02
1.000000e+02, 2.386561e+02
1.000000e+02, 2.390398e+02
1.000000e+02, 2.394256e+02
1.000000e+02, 2.398135e+02
1.000000e+02, 2.402036e+02
1.000000e+02, 2.405959e+02
1.000000e+02, 2.409902e+02
1.000000e+02, 2.413868e+02
1.000000e+02, 2.417855e+02
1.000000e+02, 2.421864e+02
1.000000e+02, 2.425895e+02
1.000000e+02, 2.429948e+02
1.000000e+02, 2.434023e+02
1.000000e+02, 2.438120e+02
1.000000e+02, 2.442240e+02
1.000000e+02, 2.446381e+02
1.000000e+02, 2.450545e+02
1.000000e+02, 2.454732e+02
1.000000e+02, 2.458941e+02
1.000000e+02, 2.463172e+02
1.000000e+02, 2.467427e+02
1.000000e+02, 2.471704e+02
1.000000e+02, 2.476004e+02
1.000000e+02, 2.480327e+02
1.000000e+02, 2.484673e+02
1.000000e+02, 2.489042e+02
1.000000e+02, 2.493435e+02
1.000000e+02, 2.497851e+02
1.000000e+02, 2.502290e+02
1.000000e+02, 2.506753e+02
1.000000e+02, 2.511239e+02
1.000000e+02, 2.515749e+02
1.000000e+02, 2.520283e+02
1.000000e+02, 2.524841e+02
1.000000e+02, 2.529423e+02
1.000000e+02, 2.534030e+02
1.000000e+02, 2.538660e+02
1.000000e+02, 2.543315e+02
1.000000e+02, 2.547994e+02
1.000000e+02, 2.552698e+02
1.000000e+02, 2.557426e+02
1.000000e+02, 2.562179e+02
1.000000e+02, 2.566957e+02
1.000000e+02, 2.571760e+02
1.000000e+02, 2.576588e+02
1.000000e+02, 2.581442e+02
1.000000e+02, 2.586320e+02
1.000000e+02, 2.591225e+02
1.000000e+02, 2.596154e+02
1.000000e+02, 2.601110e+02
1.000000e+02, 2.606091e+02
1.000000e+02, 2.611098e+02
1.000000e+02, 2.616131e+02
1.000000e+02, 2.621190e+02
1.000000e+02, 2.626276e+02
1.000000e+02, 2.631388e+02
1.000000e+02, 2.636527e+02
1.000000e+02, 2.641692e+02
1.000000e+02, 2.646884e+02
1.000000e+02, 2.652103e+02
1.000000e+02, 2.657350e+02
1.000000e+02, 2.662623e+02
1.000000e+02, 2.667924e+02
1.000000e+02, 2.673252e+02
1.000000e+02, 2.678608e+02
1.000000e+02, 2.683992e+02
1.000000e+02, 2.689404e+02
1.000000e+02, 2.694843e+02
1.000000e+02, 2.700311e+02
1.000000e+02, 2.705808e+02
1.000000e+02, 2.711333e+02
1.000000e+02, 2.716886e+02
1.000000e+02, 2.722469e+02
1.000000e+02, 2.728080e+02
1.000000e+02, 2.733721e+02
1.000000e+02, 2.739391e+02
1.000000e+02, 2.745090e+02
1.000000e+02, 2.750819e+02
1.000000e+02, 2.756578e+02
1.000000e+02, 2.762367e+02
1.000000e+02, 2.768186e+02
1.000000e+02, 2.774036e+02
1.000000e+02, 2.779916e+02
1.000000e+02, 2.785827e+02
1.000000e+02, 2.791768e+02
1.000000e+02, 2.797741e+02
1.000000e+02, 2.803745e+02
1.000000e+02, 2.809780e+02
1.000000e+02, 2.815847e+02
1.000000e+02, 2.821946e+02
1.000000e+02, 2.828077e+02
1.000000e+02, 2.834240e+02
1.000000e+02, 2.840436e+02
1.000000e+02, 2.846664e+02
1.000000e+02, 2.852925e+02
1.000000e+02, 2.859219e+02
1.000000e+02, 2.865547e+02
1.000000e+02, 2.871907e+02
1.000000e+02, 2.878302e+02
1.000000e+02, 2.884731e+02
1.000000e+02, 2.891193e+02
1.000000e+02, 2.897691e+02
1.000000e+02, 2.904222e+02
1.000000e+02, 2.910789e+02
1.000000e+02, 2.917391e+02
1.000000e+02, 2.924028e+02
1.000000e+02, 2.930701e+02
1.000000e+02, 2.937409e+02
1.000000e+02, 2.944154e+02
1.000000e+02, 2.950935e+02
1.000000e+02, 2.957753e+02
1.000000e+02, 2.964607e+02
1.000000e+02, 2.971499e+02
1.000000e+02, 2.978428e+02
1.000000e+02, 2.985395e+02
1.000000e+02, 2.992400e+02
1.000000e+02, 2.999443e+02
1.000000e+02, 3.006525e+02
1.000000e+02, 3.013645e+02
1.000000e+02, 3.020805e+02
1.000000e+02, 3.028004e+02
1.000000e+02, 3.035243e+02
1.000000e+02, 3.042523e+02
1.000000e+02, 3.049842e+02
1.000000e+02, 3.057203e+02
1.000000e+02, 3.064604e+02
1.000000e+02, 3.072047e+02
1.000000e+02, 3.079532e+02
1.000000e+02, 3.087058e+02
1.000000e+02, 3.094628e+02
1.000000e+02, 3.102240e+02
1.000000e+02, 3.109895e+02
1.000000e+02, 3.117594e+02
1.000000e+02, 3.125337e+02
1.000000e+02, 3.133124e+02
1.000000e+02, 3.140956e+02
1.000000e+02, 3.148833e+02
1.000000e+02, 3.156755e+02
1.000000e+02, 3.164724e+02
1.000000e+02, 3.172739e+02
1.000000e+02, 3.180800e+02
1.000000e+02, 3.188909e+02
1.000000e+02, 3.197066e+02
1.000000e+02, 3.205271e+02
1.000000e+02, 3.213524e+02
1.000000e+02, 3.221827e+02
1.000000e+02, 3.230179e+02
1.000000e+02, 3.238581e+02
1.000000e+02, 3.247033e+02
1.000000e+02, 3.255537e+02
1.000000e+02, 3.264092e+02
1.000000e+02, 3.272700e+02
1.000000e+02, 3.281360e+02
1.000000e+02, 3.290073e+02
1.000000e+02, 3.298840e+02
1.000000e+02, 3.307661e+02
1.000000e+02, 3.316537e+02
1.000000e+02, 3.325469e+02
1.000000e+02, 3.334457e+02
1.000000e+02, 3.343501e+02
1.000000e+02, 3.352603e+02
1.000000e+02, 3.361763e+02
1.000000e+02, 3.370981e+02
1.000000e+02, 3.380259e+02
1.000000e+02, 3.389597e+02
1.000000e+02, 3.398996e+02
1.000000e+02, 3.408456e+02
1.000000e+02, 3.417979e+02
1.000000e+02, 3.427564e+02
1.000000e+02, 3.437213e+02
1.000000e+02, 3.446927e+02
1.000000e+02, 3.456706e+02
1.000000e+02, 3.466551e+02
1.000000e+02, 3.476463e+02
1.000000e+02, 3.486444e+02
1.000000e+02, 3.496493e+02
1.000000e+02, 3.506611e+02
1.000000e+02, 3.516801e+02
1.000000e+02, 3.527062e+02
1.000000e+02, 3.537395e+02
1.000000e+02, 3.547802e+02
1.000000e+02, 3.558284e+02
1.000000e+02, 3.568841e+02
1.000000e+02, 3.579476e+02
1.000000e+02, 3.590188e+02
1.000000e+02, 9.791036e-02
1.000000e+02, 1.185058e+00
1.000000e+02, 2.280351e+00
1.000000e+02, 3.383914e+00
1.000000e+02, 4.495877e+00
1.000000e+02, 5.616372e+00
1.000000e+02, 6.745534e+00
1.000000e+02, 7.883503e+00
1.000000e+02, 9.030424e+00
1.000000e+02, 1.018644e+01
1.000000e+02, 1.135172e+01
1.000000e+02, 1.252640e+01
1.000000e+02, 1.371066e+01
1.000000e+02, 1.490466e+01
1.000000e+02, 1.610857e+01
1.000000e+02, 1.732257e+01
1.000000e+02, 1.854685e+01
1.000000e+02, 1.978160e+01
1.000000e+02, 2.102702e+01
1.000000e+02, 2.228330e+01
1.000000e+02, 2.355067e+01
1.000000e+02, 2.482933e+01
1.000000e+02, 2.611952e+01
1.000000e+02, 2.742147e+01
1.000000e+02, 2.873542e+01
1.000000e+02, 3.006162e+01
1.000000e+02, 3.140035e+01
1.000000e+02, 3.275186e+01
1.000000e+02, 3.411644e+01
1.000000e+02, 3.549438e+01
1.000000e+02, 3.688600e+01
1.000000e+02, 3.829161e+01
1.000000e+02, 3.971153e+01
1.000000e+02, 4.114612e+01
1.000000e+02, 4.259574e+01
1.000000e+02, 4.406076e+01
1.000000e+02, 4.554157e+01
1.000000e+02, 4.703860e+01
1.000000e+02, 4.855226e+01
1.000000e+02, 5.008300e+01
1.000000e+02, 5.163131e+01
1.000000e+02, 5.319768e+01
1.000000e+02, 5.478262e+01
1.000000e+02, 5.638670e+01
1.000000e+02, 5.801047e+01
1.000000e+02, 5.965455e+01
1.000000e+02, 6.131958e+01
1.000000e+02, 6.300625e+01
1.000000e+02, 6.471525e+01
1.000000e+02, 6.644735e+01
1.000000e+02, 6.820336e+01
1.000000e+02, 6.998413e+01
1.000000e+02, 7.179056e+01
1.000000e+02, 7.362361e+01
1.000000e+02, 7.548433e+01
1.000000e+02, 7.737381e+01
1.000000e+02, 7.929322e+01
1.000000e+02, 8.124384e+01
1.000000e+02, 8.322702e+01
1.000000e+02, 8.524422e+01
1.000000e+02, 8.729703e+01
1.000000e+02, 8.938715e+01
1.000000e+02, 9.151644e+01
1.000000e+02, 9.368692e+01
1.000000e+02, 9.590079e+01
1.000000e+02, 9.816046e+01
1.000000e+02, 1.004686e+02
1.000000e+02, 1.028281e+02
1.000000e+02, 1.052422e+02
1.000000e+02, 1.077145e+02
1.000000e+02, 1.102491e+02
1.000000e+02, 1.128504e+02
1.000000e+02, 1.155236e+02
1.000000e+02, 1.182744e+02
1.000000e+02, 1.211096e+02
1.000000e+02, 1.240367e+02
1.000000e+02, 1.270647e+02
1.000000e+02, 1.302041e+02
1.000000e+02, 1.334673e+02
1.000000e+02, 1.368695e+02
1.000000e+02, 1.404290e+02
1.000000e+02, 1.441687e+02
1.000000e+02, 1.481178e+02
1.000000e+02, 1.523143e+02
1.000000e+02, 1.568099e+02
1.000000e+02, 1.616770e+02
1.000000e+02, 1.670237e+02
1.000000e+02, 1.730247e+02
1.000000e+02, 1.800000e+02
##END= 