##TITLE= /opt/topspin3.0/exp/stan/nmr/lists/wave/user/HypSec_trunc2.84_110
##JCAMP-DX= 5.00 Bruker JCAMP library
##DATA TYPE= Shape Data
##ORIGIN= Bruker BioSpin GmbH
##OWNER= <nmrsu>
##DATE= 15/02/24
##TIME= 16:15:04
##MINX= 1.164538e+01
##MAXX= 9.999960e+01
##MINY= 2.546774e-02
##MAXY= 3.585574e+02
##$SHAPE_EXMODE= Adiabatic
##$SHAPE_TOTROT= 1.800000e+02
##$SHAPE_BWFAC= 1.929340e+02
##$SHAPE_INTEGFAC= 2.356110e-02
##$SHAPE_MODE= 0
##NPOINTS= 1000
##XYPOINTS= (XY..XY)
1.000000e+02, 1.800000e+02
1.000000e+02, 1.766120e+02
1.000000e+02, 1.736972e+02
1.000000e+02, 1.711002e+02
1.000000e+02, 1.687362e+02
1.000000e+02, 1.665527e+02
1.000000e+02, 1.645143e+02
1.000000e+02, 1.625962e+02
1.000000e+02, 1.607798e+02
1.000000e+02, 1.590509e+02
1.000000e+02, 1.573984e+02
1.000000e+02, 1.558134e+02
1.000000e+02, 1.542886e+02
1.000000e+02, 1.528178e+02
1.000000e+02, 1.513961e+02
1.000000e+02, 1.500190e+02
1.000000e+02, 1.486829e+02
1.000000e+02, 1.473845e+02
1.000000e+02, 1.461210e+02
1.000000e+02, 1.448899e+02
1.000000e+02, 1.436891e+02
1.000000e+02, 1.425165e+02
1.000000e+02, 1.413705e+02
1.000000e+02, 1.402494e+02
1.000000e+02, 1.391518e+02
1.000000e+02, 1.380765e+02
1.000000e+02, 1.370223e+02
1.000000e+02, 1.359880e+02
1.000000e+02, 1.349728e+02
1.000000e+02, 1.339758e+02
1.000000e+02, 1.329960e+02
1.000000e+02, 1.320327e+02
1.000000e+02, 1.310853e+02
1.000000e+02, 1.301530e+02
1.000000e+02, 1.292352e+02
1.000000e+02, 1.283315e+02
1.000000e+02, 1.274411e+02
1.000000e+02, 1.265637e+02
1.000000e+02, 1.256988e+02
1.000000e+02, 1.248459e+02
1.000000e+02, 1.240045e+02
1.000000e+02, 1.231745e+02
1.000000e+02, 1.223552e+02
1.000000e+02, 1.215465e+02
1.000000e+02, 1.207479e+02
1.000000e+02, 1.199592e+02
1.000000e+02, 1.191801e+02
1.000000e+02, 1.184103e+02
1.000000e+02, 1.176495e+02
1.000000e+02, 1.168975e+02
1.000000e+02, 1.161540e+02
1.000000e+02, 1.154187e+02
1.000000e+02, 1.146916e+02
1.000000e+02, 1.139724e+02
1.000000e+02, 1.132608e+02
1.000000e+02, 1.125567e+02
1.000000e+02, 1.118599e+02
1.000000e+02, 1.111702e+02
1.000000e+02, 1.104875e+02
1.000000e+02, 1.098116e+02
1.000000e+02, 1.091423e+02
1.000000e+02, 1.084795e+02
1.000000e+02, 1.078230e+02
1.000000e+02, 1.071728e+02
1.000000e+02, 1.065286e+02
1.000000e+02, 1.058904e+02
1.000000e+02, 1.052581e+02
1.000000e+02, 1.046314e+02
1.000000e+02, 1.040103e+02
1.000000e+02, 1.033947e+02
1.000000e+02, 1.027846e+02
1.000000e+02, 1.021796e+02
1.000000e+02, 1.015799e+02
1.000000e+02, 1.009852e+02
1.000000e+02, 1.003956e+02
1.000000e+02, 9.981083e+01
1.000000e+02, 9.923089e+01
1.000000e+02, 9.865568e+01
1.000000e+02, 9.808512e+01
1.000000e+02, 9.751913e+01
1.000000e+02, 9.695763e+01
1.000000e+02, 9.640056e+01
1.000000e+02, 9.584783e+01
1.000000e+02, 9.529938e+01
1.000000e+02, 9.475514e+01
1.000000e+02, 9.421504e+01
1.000000e+02, 9.367903e+01
1.000000e+02, 9.314703e+01
1.000000e+02, 9.261898e+01
1.000000e+02, 9.209484e+01
1.000000e+02, 9.157453e+01
1.000000e+02, 9.105801e+01
1.000000e+02, 9.054522e+01
1.000000e+02, 9.003611e+01
1.000000e+02, 8.953062e+01
1.000000e+02, 8.902870e+01
1.000000e+02, 8.853031e+01
1.000000e+02, 8.803540e+01
1.000000e+02, 8.754392e+01
1.000000e+02, 8.705583e+01
1.000000e+02, 8.657108e+01
1.000000e+02, 8.608963e+01
1.000000e+02, 8.561143e+01
1.000000e+02, 8.513645e+01
1.000000e+02, 8.466464e+01
1.000000e+02, 8.419596e+01
1.000000e+02, 8.373039e+01
1.000000e+02, 8.326787e+01
1.000000e+02, 8.280837e+01
1.000000e+02, 8.235186e+01
1.000000e+02, 8.189830e+01
1.000000e+02, 8.144766e+01
1.000000e+02, 8.099990e+01
1.000000e+02, 8.055499e+01
1.000000e+02, 8.011290e+01
1.000000e+02, 7.967360e+01
1.000000e+02, 7.923705e+01
1.000000e+02, 7.880323e+01
1.000000e+02, 7.837210e+01
1.000000e+02, 7.794364e+01
1.000000e+02, 7.751782e+01
1.000000e+02, 7.709461e+01
1.000000e+02, 7.667398e+01
1.000000e+02, 7.625591e+01
1.000000e+02, 7.584037e+01
1.000000e+02, 7.542734e+01
1.000000e+02, 7.501678e+01
1.000000e+02, 7.460868e+01
1.000000e+02, 7.420301e+01
1.000000e+02, 7.379975e+01
1.000000e+02, 7.339887e+01
1.000000e+02, 7.300035e+01
1.000000e+02, 7.260417e+01
1.000000e+02, 7.221031e+01
1.000000e+02, 7.181874e+01
1.000000e+02, 7.142944e+01
1.000000e+02, 7.104240e+01
1.000000e+02, 7.065759e+01
1.000000e+02, 7.027499e+01
1.000000e+02, 6.989458e+01
1.000000e+02, 6.951635e+01
1.000000e+02, 6.914027e+01
1.000000e+02, 6.876633e+01
1.000000e+02, 6.839450e+01
1.000000e+02, 6.802477e+01
1.000000e+02, 6.765712e+01
1.000000e+02, 6.729153e+01
1.000000e+02, 6.692799e+01
1.000000e+02, 6.656648e+01
1.000000e+02, 6.620698e+01
1.000000e+02, 6.584947e+01
1.000000e+02, 6.549395e+01
1.000000e+02, 6.514039e+01
1.000000e+02, 6.478878e+01
1.000000e+02, 6.443910e+01
1.000000e+02, 6.409134e+01
1.000000e+02, 6.374548e+01
1.000000e+02, 6.340151e+01
1.000000e+02, 6.305941e+01
1.000000e+02, 6.271918e+01
1.000000e+02, 6.238078e+01
1.000000e+02, 6.204423e+01
1.000000e+02, 6.170949e+01
1.000000e+02, 6.137655e+01
1.000000e+02, 6.104541e+01
1.000000e+02, 6.071604e+01
1.000000e+02, 6.038844e+01
1.000000e+02, 6.006260e+01
1.000000e+02, 5.973850e+01
1.000000e+02, 5.941612e+01
1.000000e+02, 5.909547e+01
1.000000e+02, 5.877651e+01
1.000000e+02, 5.845926e+01
1.000000e+02, 5.814368e+01
1.000000e+02, 5.782977e+01
1.000000e+02, 5.751753e+01
1.000000e+02, 5.720693e+01
1.000000e+02, 5.689797e+01
1.000000e+02, 5.659064e+01
1.000000e+02, 5.628493e+01
1.000000e+02, 5.598082e+01
1.000000e+02, 5.567830e+01
1.000000e+02, 5.537737e+01
1.000000e+02, 5.507802e+01
1.000000e+02, 5.478024e+01
1.000000e+02, 5.448400e+01
1.000000e+02, 5.418932e+01
1.000000e+02, 5.389617e+01
1.000000e+02, 5.360455e+01
1.000000e+02, 5.331445e+01
1.000000e+02, 5.302586e+01
1.000000e+02, 5.273877e+01
1.000000e+02, 5.245317e+01
1.000000e+02, 5.216905e+01
1.000000e+02, 5.188641e+01
1.000000e+02, 5.160523e+01
1.000000e+02, 5.132551e+01
1.000000e+02, 5.104724e+01
1.000000e+02, 5.077041e+01
1.000000e+02, 5.049501e+01
1.000000e+02, 5.022104e+01
1.000000e+02, 4.994848e+01
1.000000e+02, 4.967733e+01
1.000000e+02, 4.940758e+01
1.000000e+02, 4.913923e+01
1.000000e+02, 4.887226e+01
1.000000e+02, 4.860667e+01
1.000000e+02, 4.834246e+01
1.000000e+02, 4.807960e+01
1.000000e+02, 4.781811e+01
1.000000e+02, 4.755796e+01
1.000000e+02, 4.729916e+01
1.000000e+02, 4.704169e+01
1.000000e+02, 4.678555e+01
1.000000e+02, 4.653074e+01
1.000000e+02, 4.627724e+01
1.000000e+02, 4.602505e+01
1.000000e+02, 4.577416e+01
1.000000e+02, 4.552457e+01
1.000000e+02, 4.527627e+01
1.000000e+02, 4.502925e+01
1.000000e+02, 4.478351e+01
1.000000e+02, 4.453904e+01
1.000000e+02, 4.429584e+01
1.000000e+02, 4.405390e+01
1.000000e+02, 4.381321e+01
1.000000e+02, 4.357376e+01
1.000000e+02, 4.333556e+01
1.000000e+02, 4.309860e+01
1.000000e+02, 4.286286e+01
1.000000e+02, 4.262835e+01
1.000000e+02, 4.239506e+01
1.000000e+02, 4.216299e+01
1.000000e+02, 4.193212e+01
1.000000e+02, 4.170246e+01
1.000000e+02, 4.147399e+01
1.000000e+02, 4.124671e+01
1.000000e+02, 4.102063e+01
1.000000e+02, 4.079572e+01
1.000000e+02, 4.057200e+01
1.000000e+02, 4.034944e+01
1.000000e+02, 4.012805e+01
1.000000e+02, 3.990783e+01
1.000000e+02, 3.968876e+01
1.000000e+02, 3.947085e+01
1.000000e+02, 3.925408e+01
1.000000e+02, 3.903846e+01
1.000000e+02, 3.882397e+01
1.000000e+02, 3.861062e+01
1.000000e+02, 3.839840e+01
1.000000e+02, 3.818731e+01
1.000000e+02, 3.797733e+01
1.000000e+02, 3.776847e+01
1.000000e+02, 3.756073e+01
1.000000e+02, 3.735409e+01
1.000000e+02, 3.714855e+01
1.000000e+02, 3.694411e+01
1.000000e+02, 3.674077e+01
1.000000e+02, 3.653852e+01
1.000000e+02, 3.633736e+01
1.000000e+02, 3.613728e+01
1.000000e+02, 3.593827e+01
1.000000e+02, 3.574035e+01
1.000000e+02, 3.554349e+01
1.000000e+02, 3.534770e+01
1.000000e+02, 3.515297e+01
1.000000e+02, 3.495930e+01
1.000000e+02, 3.476669e+01
1.000000e+02, 3.457513e+01
1.000000e+02, 3.438462e+01
1.000000e+02, 3.419515e+01
1.000000e+02, 3.400672e+01
1.000000e+02, 3.381933e+01
1.000000e+02, 3.363298e+01
1.000000e+02, 3.344765e+01
1.000000e+02, 3.326335e+01
1.000000e+02, 3.308008e+01
1.000000e+02, 3.289782e+01
1.000000e+02, 3.271658e+01
1.000000e+02, 3.253636e+01
1.000000e+02, 3.235714e+01
1.000000e+02, 3.217893e+01
1.000000e+02, 3.200173e+01
1.000000e+02, 3.182552e+01
1.000000e+02, 3.165031e+01
1.000000e+02, 3.147610e+01
1.000000e+02, 3.130287e+01
1.000000e+02, 3.113064e+01
1.000000e+02, 3.095938e+01
1.000000e+02, 3.078911e+01
1.000000e+02, 3.061982e+01
1.000000e+02, 3.045151e+01
1.000000e+02, 3.028416e+01
1.000000e+02, 3.011779e+01
1.000000e+02, 2.995238e+01
1.000000e+02, 2.978794e+01
1.000000e+02, 2.962446e+01
1.000000e+02, 2.946194e+01
1.000000e+02, 2.930037e+01
1.000000e+02, 2.913976e+01
1.000000e+02, 2.898009e+01
1.000000e+02, 2.882138e+01
1.000000e+02, 2.866361e+01
1.000000e+02, 2.850678e+01
1.000000e+02, 2.835089e+01
1.000000e+02, 2.819594e+01
1.000000e+02, 2.804192e+01
1.000000e+02, 2.788884e+01
1.000000e+02, 2.773668e+01
1.000000e+02, 2.758545e+01
1.000000e+02, 2.743515e+01
1.000000e+02, 2.728577e+01
1.000000e+02, 2.713731e+01
1.000000e+02, 2.698976e+01
1.000000e+02, 2.684313e+01
1.000000e+02, 2.669741e+01
1.000000e+02, 2.655261e+01
1.000000e+02, 2.640871e+01
1.000000e+02, 2.626572e+01
1.000000e+02, 2.612363e+01
1.000000e+02, 2.598244e+01
1.000000e+02, 2.584215e+01
1.000000e+02, 2.570276e+01
1.000000e+02, 2.556426e+01
1.000000e+02, 2.542665e+01
1.000000e+02, 2.528994e+01
1.000000e+02, 2.515411e+01
1.000000e+02, 2.501917e+01
1.000000e+02, 2.488511e+01
1.000000e+02, 2.475194e+01
1.000000e+02, 2.461964e+01
1.000000e+02, 2.448823e+01
1.000000e+02, 2.435769e+01
1.000000e+02, 2.422802e+01
1.000000e+02, 2.409923e+01
1.000000e+02, 2.397130e+01
1.000000e+02, 2.384425e+01
1.000000e+02, 2.371806e+01
1.000000e+02, 2.359273e+01
1.000000e+02, 2.346827e+01
1.000000e+02, 2.334467e+01
1.000000e+02, 2.322193e+01
1.000000e+02, 2.310004e+01
1.000000e+02, 2.297901e+01
1.000000e+02, 2.285883e+01
1.000000e+02, 2.273951e+01
1.000000e+02, 2.262103e+01
1.000000e+02, 2.250341e+01
1.000000e+02, 2.238663e+01
1.000000e+02, 2.227069e+01
1.000000e+02, 2.215560e+01
1.000000e+02, 2.204135e+01
1.000000e+02, 2.192794e+01
1.000000e+02, 2.181537e+01
1.000000e+02, 2.170364e+01
1.000000e+02, 2.159274e+01
1.000000e+02, 2.148267e+01
1.000000e+02, 2.137344e+01
1.000000e+02, 2.126504e+01
1.000000e+02, 2.115746e+01
1.000000e+02, 2.105072e+01
1.000000e+02, 2.094480e+01
1.000000e+02, 2.083970e+01
1.000000e+02, 2.073543e+01
1.000000e+02, 2.063198e+01
1.000000e+02, 2.052935e+01
1.000000e+02, 2.042754e+01
1.000000e+02, 2.032654e+01
1.000000e+02, 2.022636e+01
1.000000e+02, 2.012700e+01
1.000000e+02, 2.002845e+01
1.000000e+02, 1.993071e+01
1.000000e+02, 1.983378e+01
1.000000e+02, 1.973766e+01
1.000000e+02, 1.964235e+01
1.000000e+02, 1.954785e+01
1.000000e+02, 1.945415e+01
1.000000e+02, 1.936125e+01
1.000000e+02, 1.926916e+01
1.000000e+02, 1.917787e+01
1.000000e+02, 1.908738e+01
1.000000e+02, 1.899769e+01
1.000000e+02, 1.890880e+01
1.000000e+02, 1.882070e+01
1.000000e+02, 1.873340e+01
1.000000e+02, 1.864690e+01
1.000000e+02, 1.856118e+01
1.000000e+02, 1.847626e+01
1.000000e+02, 1.839213e+01
1.000000e+02, 1.830879e+01
1.000000e+02, 1.822624e+01
1.000000e+02, 1.814448e+01
1.000000e+02, 1.806350e+01
1.000000e+02, 1.798331e+01
1.000000e+02, 1.790391e+01
1.000000e+02, 1.782529e+01
1.000000e+02, 1.774745e+01
1.000000e+02, 1.767039e+01
1.000000e+02, 1.759411e+01
1.000000e+02, 1.751861e+01
1.000000e+02, 1.744389e+01
1.000000e+02, 1.736995e+01
1.000000e+02, 1.729679e+01
1.000000e+02, 1.722440e+01
1.000000e+02, 1.715278e+01
1.000000e+02, 1.708194e+01
1.000000e+02, 1.701187e+01
1.000000e+02, 1.694258e+01
1.000000e+02, 1.687405e+01
1.000000e+02, 1.680630e+01
1.000000e+02, 1.673931e+01
1.000000e+02, 1.667309e+01
1.000000e+02, 1.660765e+01
1.000000e+02, 1.654296e+01
1.000000e+02, 1.647905e+01
1.000000e+02, 1.641590e+01
1.000000e+02, 1.635351e+01
1.000000e+02, 1.629189e+01
1.000000e+02, 1.623103e+01
1.000000e+02, 1.617093e+01
1.000000e+02, 1.611160e+01
1.000000e+02, 1.605302e+01
1.000000e+02, 1.599520e+01
1.000000e+02, 1.593815e+01
1.000000e+02, 1.588185e+01
1.000000e+02, 1.582631e+01
1.000000e+02, 1.577153e+01
1.000000e+02, 1.571750e+01
1.000000e+02, 1.566423e+01
1.000000e+02, 1.561172e+01
1.000000e+02, 1.555995e+01
1.000000e+02, 1.550895e+01
1.000000e+02, 1.545869e+01
1.000000e+02, 1.540919e+01
1.000000e+02, 1.536044e+01
1.000000e+02, 1.531244e+01
1.000000e+02, 1.526520e+01
1.000000e+02, 1.521870e+01
1.000000e+02, 1.517295e+01
1.000000e+02, 1.512795e+01
1.000000e+02, 1.508370e+01
1.000000e+02, 1.504020e+01
1.000000e+02, 1.499744e+01
1.000000e+02, 1.495544e+01
1.000000e+02, 1.491417e+01
1.000000e+02, 1.487366e+01
1.000000e+02, 1.483389e+01
1.000000e+02, 1.479486e+01
1.000000e+02, 1.475658e+01
1.000000e+02, 1.471904e+01
1.000000e+02, 1.468225e+01
1.000000e+02, 1.464620e+01
1.000000e+02, 1.461089e+01
1.000000e+02, 1.457632e+01
1.000000e+02, 1.454250e+01
1.000000e+02, 1.450942e+01
1.000000e+02, 1.447707e+01
1.000000e+02, 1.444547e+01
1.000000e+02, 1.441461e+01
1.000000e+02, 1.438449e+01
1.000000e+02, 1.435511e+01
1.000000e+02, 1.432646e+01
1.000000e+02, 1.429856e+01
1.000000e+02, 1.427139e+01
1.000000e+02, 1.424496e+01
1.000000e+02, 1.421927e+01
1.000000e+02, 1.419432e+01
1.000000e+02, 1.417011e+01
1.000000e+02, 1.414663e+01
1.000000e+02, 1.412388e+01
1.000000e+02, 1.410188e+01
1.000000e+02, 1.408061e+01
1.000000e+02, 1.406007e+01
1.000000e+02, 1.404028e+01
1.000000e+02, 1.402121e+01
1.000000e+02, 1.400288e+01
1.000000e+02, 1.398529e+01
1.000000e+02, 1.396843e+01
1.000000e+02, 1.395231e+01
1.000000e+02, 1.393692e+01
1.000000e+02, 1.392226e+01
1.000000e+02, 1.390834e+01
1.000000e+02, 1.389515e+01
1.000000e+02, 1.388270e+01
1.000000e+02, 1.387097e+01
1.000000e+02, 1.385999e+01
1.000000e+02, 1.384973e+01
1.000000e+02, 1.384021e+01
1.000000e+02, 1.383142e+01
1.000000e+02, 1.382336e+01
1.000000e+02, 1.381604e+01
1.000000e+02, 1.380945e+01
1.000000e+02, 1.380359e+01
1.000000e+02, 1.379846e+01
1.000000e+02, 1.379407e+01
1.000000e+02, 1.379041e+01
1.000000e+02, 1.378748e+01
1.000000e+02, 1.378528e+01
1.000000e+02, 1.378382e+01
1.000000e+02, 1.378309e+01
1.000000e+02, 1.378309e+01
1.000000e+02, 1.378382e+01
1.000000e+02, 1.378528e+01
1.000000e+02, 1.378748e+01
1.000000e+02, 1.379041e+01
1.000000e+02, 1.379407e+01
1.000000e+02, 1.379846e+01
1.000000e+02, 1.380359e+01
1.000000e+02, 1.380945e+01
1.000000e+02, 1.381604e+01
1.000000e+02, 1.382336e+01
1.000000e+02, 1.383142e+01
1.000000e+02, 1.384021e+01
1.000000e+02, 1.384973e+01
1.000000e+02, 1.385999e+01
1.000000e+02, 1.387098e+01
1.000000e+02, 1.388270e+01
1.000000e+02, 1.389515e+01
1.000000e+02, 1.390834e+01
1.000000e+02, 1.392226e+01
1.000000e+02, 1.393692e+01
1.000000e+02, 1.395231e+01
1.000000e+02, 1.396843e+01
1.000000e+02, 1.398529e+01
1.000000e+02, 1.400288e+01
1.000000e+02, 1.402121e+01
1.000000e+02, 1.404028e+01
1.000000e+02, 1.406007e+01
1.000000e+02, 1.408061e+01
1.000000e+02, 1.410188e+01
1.000000e+02, 1.412388e+01
1.000000e+02, 1.414663e+01
1.000000e+02, 1.417011e+01
1.000000e+02, 1.419432e+01
1.000000e+02, 1.421927e+01
1.000000e+02, 1.424496e+01
1.000000e+02, 1.427139e+01
1.000000e+02, 1.429856e+01
1.000000e+02, 1.432646e+01
1.000000e+02, 1.435511e+01
1.000000e+02, 1.438449e+01
1.000000e+02, 1.441461e+01
1.000000e+02, 1.444547e+01
1.000000e+02, 1.447707e+01
1.000000e+02, 1.450942e+01
1.000000e+02, 1.454250e+01
1.000000e+02, 1.457632e+01
1.000000e+02, 1.461089e+01
1.000000e+02, 1.464620e+01
1.000000e+02, 1.468225e+01
1.000000e+02, 1.471904e+01
1.000000e+02, 1.475658e+01
1.000000e+02, 1.479486e+01
1.000000e+02, 1.483389e+01
1.000000e+02, 1.487366e+01
1.000000e+02, 1.491417e+01
1.000000e+02, 1.495544e+01
1.000000e+02, 1.499744e+01
1.000000e+02, 1.504020e+01
1.000000e+02, 1.508370e+01
1.000000e+02, 1.512795e+01
1.000000e+02, 1.517295e+01
1.000000e+02, 1.521870e+01
1.000000e+02, 1.526520e+01
1.000000e+02, 1.531244e+01
1.000000e+02, 1.536044e+01
1.000000e+02, 1.540919e+01
1.000000e+02, 1.545869e+01
1.000000e+02, 1.550895e+01
1.000000e+02, 1.555995e+01
1.000000e+02, 1.561172e+01
1.000000e+02, 1.566423e+01
1.000000e+02, 1.571750e+01
1.000000e+02, 1.577153e+01
1.000000e+02, 1.582631e+01
1.000000e+02, 1.588185e+01
1.000000e+02, 1.593815e+01
1.000000e+02, 1.599521e+01
1.000000e+02, 1.605302e+01
1.000000e+02, 1.611160e+01
1.000000e+02, 1.617093e+01
1.000000e+02, 1.623103e+01
1.000000e+02, 1.629189e+01
1.000000e+02, 1.635351e+01
1.000000e+02, 1.641590e+01
1.000000e+02, 1.647905e+01
1.000000e+02, 1.654296e+01
1.000000e+02, 1.660765e+01
1.000000e+02, 1.667309e+01
1.000000e+02, 1.673931e+01
1.000000e+02, 1.680630e+01
1.000000e+02, 1.687405e+01
1.000000e+02, 1.694258e+01
1.000000e+02, 1.701187e+01
1.000000e+02, 1.708194e+01
1.000000e+02, 1.715278e+01
1.000000e+02, 1.722440e+01
1.000000e+02, 1.729679e+01
1.000000e+02, 1.736995e+01
1.000000e+02, 1.744389e+01
1.000000e+02, 1.751861e+01
1.000000e+02, 1.759411e+01
1.000000e+02, 1.767039e+01
1.000000e+02, 1.774745e+01
1.000000e+02, 1.782529e+01
1.000000e+02, 1.790391e+01
1.000000e+02, 1.798331e+01
1.000000e+02, 1.806350e+01
1.000000e+02, 1.814448e+01
1.000000e+02, 1.822624e+01
1.000000e+02, 1.830879e+01
1.000000e+02, 1.839213e+01
1.000000e+02, 1.847626e+01
1.000000e+02, 1.856118e+01
1.000000e+02, 1.864690e+01
1.000000e+02, 1.873340e+01
1.000000e+02, 1.882070e+01
1.000000e+02, 1.890880e+01
1.000000e+02, 1.899769e+01
1.000000e+02, 1.908738e+01
1.000000e+02, 1.917787e+01
1.000000e+02, 1.926916e+01
1.000000e+02, 1.936125e+01
1.000000e+02, 1.945415e+01
1.000000e+02, 1.954785e+01
1.000000e+02, 1.964235e+01
1.000000e+02, 1.973766e+01
1.000000e+02, 1.983378e+01
1.000000e+02, 1.993071e+01
1.000000e+02, 2.002845e+01
1.000000e+02, 2.012700e+01
1.000000e+02, 2.022636e+01
1.000000e+02, 2.032654e+01
1.000000e+02, 2.042754e+01
1.000000e+02, 2.052935e+01
1.000000e+02, 2.063198e+01
1.000000e+02, 2.073543e+01
1.000000e+02, 2.083970e+01
1.000000e+02, 2.094480e+01
1.000000e+02, 2.105072e+01
1.000000e+02, 2.115746e+01
1.000000e+02, 2.126504e+01
1.000000e+02, 2.137344e+01
1.000000e+02, 2.148267e+01
1.000000e+02, 2.159274e+01
1.000000e+02, 2.170364e+01
1.000000e+02, 2.181537e+01
1.000000e+02, 2.192794e+01
1.000000e+02, 2.204135e+01
1.000000e+02, 2.215560e+01
1.000000e+02, 2.227069e+01
1.000000e+02, 2.238663e+01
1.000000e+02, 2.250341e+01
1.000000e+02, 2.262103e+01
1.000000e+02, 2.273951e+01
1.000000e+02, 2.285883e+01
1.000000e+02, 2.297901e+01
1.000000e+02, 2.310004e+01
1.000000e+02, 2.322193e+01
1.000000e+02, 2.334467e+01
1.000000e+02, 2.346827e+01
1.000000e+02, 2.359273e+01
1.000000e+02, 2.371806e+01
1.000000e+02, 2.384425e+01
1.000000e+02, 2.397130e+01
1.000000e+02, 2.409923e+01
1.000000e+02, 2.422802e+01
1.000000e+02, 2.435769e+01
1.000000e+02, 2.448823e+01
1.000000e+02, 2.461964e+01
1.000000e+02, 2.475194e+01
1.000000e+02, 2.488511e+01
1.000000e+02, 2.501917e+01
1.000000e+02, 2.515411e+01
1.000000e+02, 2.528994e+01
1.000000e+02, 2.542665e+01
1.000000e+02, 2.556426e+01
1.000000e+02, 2.570276e+01
1.000000e+02, 2.584215e+01
1.000000e+02, 2.598244e+01
1.000000e+02, 2.612363e+01
1.000000e+02, 2.626572e+01
1.000000e+02, 2.640871e+01
1.000000e+02, 2.655261e+01
1.000000e+02, 2.669742e+01
1.000000e+02, 2.684313e+01
1.000000e+02, 2.698976e+01
1.000000e+02, 2.713731e+01
1.000000e+02, 2.728577e+01
1.000000e+02, 2.743515e+01
1.000000e+02, 2.758545e+01
1.000000e+02, 2.773668e+01
1.000000e+02, 2.788884e+01
1.000000e+02, 2.804192e+01
1.000000e+02, 2.819594e+01
1.000000e+02, 2.835089e+01
1.000000e+02, 2.850678e+01
1.000000e+02, 2.866361e+01
1.000000e+02, 2.882138e+01
1.000000e+02, 2.898010e+01
1.000000e+02, 2.913976e+01
1.000000e+02, 2.930037e+01
1.000000e+02, 2.946194e+01
1.000000e+02, 2.962446e+01
1.000000e+02, 2.978794e+01
1.000000e+02, 2.995238e+01
1.000000e+02, 3.011779e+01
1.000000e+02, 3.028416e+01
1.000000e+02, 3.045151e+01
1.000000e+02, 3.061982e+01
1.000000e+02, 3.078911e+01
1.000000e+02, 3.095938e+01
1.000000e+02, 3.113064e+01
1.000000e+02, 3.130287e+01
1.000000e+02, 3.147610e+01
1.000000e+02, 3.165031e+01
1.000000e+02, 3.182552e+01
1.000000e+02, 3.200173e+01
1.000000e+02, 3.217893e+01
1.000000e+02, 3.235714e+01
1.000000e+02, 3.253636e+01
1.000000e+02, 3.271658e+01
1.000000e+02, 3.289782e+01
1.000000e+02, 3.308008e+01
1.000000e+02, 3.326335e+01
1.000000e+02, 3.344765e+01
1.000000e+02, 3.363298e+01
1.000000e+02, 3.381934e+01
1.000000e+02, 3.400672e+01
1.000000e+02, 3.419515e+01
1.000000e+02, 3.438462e+01
1.000000e+02, 3.457513e+01
1.000000e+02, 3.476669e+01
1.000000e+02, 3.495930e+01
1.000000e+02, 3.515297e+01
1.000000e+02, 3.534770e+01
1.000000e+02, 3.554349e+01
1.000000e+02, 3.574035e+01
1.000000e+02, 3.593828e+01
1.000000e+02, 3.613728e+01
1.000000e+02, 3.633736e+01
1.000000e+02, 3.653852e+01
1.000000e+02, 3.674077e+01
1.000000e+02, 3.694412e+01
1.000000e+02, 3.714855e+01
1.000000e+02, 3.735409e+01
1.000000e+02, 3.756073e+01
1.000000e+02, 3.776847e+01
1.000000e+02, 3.797733e+01
1.000000e+02, 3.818731e+01
1.000000e+02, 3.839840e+01
1.000000e+02, 3.861062e+01
1.000000e+02, 3.882397e+01
1.000000e+02, 3.903846e+01
1.000000e+02, 3.925408e+01
1.000000e+02, 3.947085e+01
1.000000e+02, 3.968876e+01
1.000000e+02, 3.990783e+01
1.000000e+02, 4.012806e+01
1.000000e+02, 4.034944e+01
1.000000e+02, 4.057200e+01
1.000000e+02, 4.079572e+01
1.000000e+02, 4.102063e+01
1.000000e+02, 4.124672e+01
1.000000e+02, 4.147399e+01
1.000000e+02, 4.170246e+01
1.000000e+02, 4.193212e+01
1.000000e+02, 4.216299e+01
1.000000e+02, 4.239506e+01
1.000000e+02, 4.262835e+01
1.000000e+02, 4.286286e+01
1.000000e+02, 4.309860e+01
1.000000e+02, 4.333556e+01
1.000000e+02, 4.357376e+01
1.000000e+02, 4.381321e+01
1.000000e+02, 4.405390e+01
1.000000e+02, 4.429584e+01
1.000000e+02, 4.453904e+01
1.000000e+02, 4.478351e+01
1.000000e+02, 4.502925e+01
1.000000e+02, 4.527627e+01
1.000000e+02, 4.552457e+01
1.000000e+02, 4.577416e+01
1.000000e+02, 4.602505e+01
1.000000e+02, 4.627724e+01
1.000000e+02, 4.653074e+01
1.000000e+02, 4.678556e+01
1.000000e+02, 4.704169e+01
1.000000e+02, 4.729916e+01
1.000000e+02, 4.755796e+01
1.000000e+02, 4.781811e+01
1.000000e+02, 4.807961e+01
1.000000e+02, 4.834246e+01
1.000000e+02, 4.860668e+01
1.000000e+02, 4.887226e+01
1.000000e+02, 4.913923e+01
1.000000e+02, 4.940758e+01
1.000000e+02, 4.967733e+01
1.000000e+02, 4.994848e+01
1.000000e+02, 5.022104e+01
1.000000e+02, 5.049501e+01
1.000000e+02, 5.077041e+01
1.000000e+02, 5.104724e+01
1.000000e+02, 5.132551e+01
1.000000e+02, 5.160523e+01
1.000000e+02, 5.188641e+01
1.000000e+02, 5.216905e+01
1.000000e+02, 5.245317e+01
1.000000e+02, 5.273877e+01
1.000000e+02, 5.302586e+01
1.000000e+02, 5.331445e+01
1.000000e+02, 5.360455e+01
1.000000e+02, 5.389617e+01
1.000000e+02, 5.418932e+01
1.000000e+02, 5.448401e+01
1.000000e+02, 5.478024e+01
1.000000e+02, 5.507802e+01
1.000000e+02, 5.537738e+01
1.000000e+02, 5.567830e+01
1.000000e+02, 5.598082e+01
1.000000e+02, 5.628493e+01
1.000000e+02, 5.659064e+01
1.000000e+02, 5.689797e+01
1.000000e+02, 5.720693e+01
1.000000e+02, 5.751753e+01
1.000000e+02, 5.782978e+01
1.000000e+02, 5.814368e+01
1.000000e+02, 5.845926e+01
1.000000e+02, 5.877652e+01
1.000000e+02, 5.909547e+01
1.000000e+02, 5.941612e+01
1.000000e+02, 5.973850e+01
1.000000e+02, 6.006260e+01
1.000000e+02, 6.038844e+01
1.000000e+02, 6.071604e+01
1.000000e+02, 6.104541e+01
1.000000e+02, 6.137655e+01
1.000000e+02, 6.170949e+01
1.000000e+02, 6.204423e+01
1.000000e+02, 6.238079e+01
1.000000e+02, 6.271918e+01
1.000000e+02, 6.305941e+01
1.000000e+02, 6.340151e+01
1.000000e+02, 6.374548e+01
1.000000e+02, 6.409134e+01
1.000000e+02, 6.443910e+01
1.000000e+02, 6.478878e+01
1.000000e+02, 6.514039e+01
1.000000e+02, 6.549395e+01
1.000000e+02, 6.584948e+01
1.000000e+02, 6.620698e+01
1.000000e+02, 6.656648e+01
1.000000e+02, 6.692799e+01
1.000000e+02, 6.729153e+01
1.000000e+02, 6.765712e+01
1.000000e+02, 6.802477e+01
1.000000e+02, 6.839450e+01
1.000000e+02, 6.876633e+01
1.000000e+02, 6.914027e+01
1.000000e+02, 6.951635e+01
1.000000e+02, 6.989459e+01
1.000000e+02, 7.027499e+01
1.000000e+02, 7.065759e+01
1.000000e+02, 7.104240e+01
1.000000e+02, 7.142944e+01
1.000000e+02, 7.181874e+01
1.000000e+02, 7.221031e+01
1.000000e+02, 7.260417e+01
1.000000e+02, 7.300035e+01
1.000000e+02, 7.339887e+01
1.000000e+02, 7.379975e+01
1.000000e+02, 7.420301e+01
1.000000e+02, 7.460868e+01
1.000000e+02, 7.501678e+01
1.000000e+02, 7.542734e+01
1.000000e+02, 7.584037e+01
1.000000e+02, 7.625591e+01
1.000000e+02, 7.667398e+01
1.000000e+02, 7.709461e+01
1.000000e+02, 7.751782e+01
1.000000e+02, 7.794364e+01
1.000000e+02, 7.837210e+01
1.000000e+02, 7.880323e+01
1.000000e+02, 7.923705e+01
1.000000e+02, 7.967360e+01
1.000000e+02, 8.011291e+01
1.000000e+02, 8.055500e+01
1.000000e+02, 8.099991e+01
1.000000e+02, 8.144766e+01
1.000000e+02, 8.189831e+01
1.000000e+02, 8.235186e+01
1.000000e+02, 8.280837e+01
1.000000e+02, 8.326787e+01
1.000000e+02, 8.373039e+01
1.000000e+02, 8.419597e+01
1.000000e+02, 8.466464e+01
1.000000e+02, 8.513645e+01
1.000000e+02, 8.561143e+01
1.000000e+02, 8.608963e+01
1.000000e+02, 8.657108e+01
1.000000e+02, 8.705583e+01
1.000000e+02, 8.754393e+01
1.000000e+02, 8.803541e+01
1.000000e+02, 8.853032e+01
1.000000e+02, 8.902870e+01
1.000000e+02, 8.953062e+01
1.000000e+02, 9.003611e+01
1.000000e+02, 9.054522e+01
1.000000e+02, 9.105801e+01
1.000000e+02, 9.157453e+01
1.000000e+02, 9.209484e+01
1.000000e+02, 9.261899e+01
1.000000e+02, 9.314703e+01
1.000000e+02, 9.367903e+01
1.000000e+02, 9.421504e+01
1.000000e+02, 9.475514e+01
1.000000e+02, 9.529938e+01
1.000000e+02, 9.584783e+01
1.000000e+02, 9.640056e+01
1.000000e+02, 9.695763e+01
1.000000e+02, 9.751913e+01
1.000000e+02, 9.808512e+01
1.000000e+02, 9.865568e+01
1.000000e+02, 9.923089e+01
1.000000e+02, 9.981083e+01
1.000000e+02, 1.003956e+02
1.000000e+02, 1.009852e+02
1.000000e+02, 1.015799e+02
1.000000e+02, 1.021796e+02
1.000000e+02, 1.027846e+02
1.000000e+02, 1.033947e+02
1.000000e+02, 1.040103e+02
1.000000e+02, 1.046314e+02
1.000000e+02, 1.052581e+02
1.000000e+02, 1.058904e+02
1.000000e+02, 1.065286e+02
1.000000e+02, 1.071728e+02
1.000000e+02, 1.078230e+02
1.000000e+02, 1.084795e+02
1.000000e+02, 1.091423e+02
1.000000e+02, 1.098116e+02
1.000000e+02, 1.104875e+02
1.000000e+02, 1.111702e+02
1.000000e+02, 1.118599e+02
1.000000e+02, 1.125567e+02
1.000000e+02, 1.132608e+02
1.000000e+02, 1.139724e+02
1.000000e+02, 1.146916e+02
1.000000e+02, 1.154187e+02
1.000000e+02, 1.161540e+02
1.000000e+02, 1.168975e+02
1.000000e+02, 1.176495e+02
1.000000e+02, 1.184103e+02
1.000000e+02, 1.191801e+02
1.000000e+02, 1.199593e+02
1.000000e+02, 1.207479e+02
1.000000e+02, 1.215465e+02
1.000000e+02, 1.223552e+02
1.000000e+02, 1.231745e+02
1.000000e+02, 1.240045e+02
1.000000e+02, 1.248459e+02
1.000000e+02, 1.256988e+02
1.000000e+02, 1.265637e+02
1.000000e+02, 1.274411e+02
1.000000e+02, 1.283315e+02
1.000000e+02, 1.292352e+02
1.000000e+02, 1.301530e+02
1.000000e+02, 1.310853e+02
1.000000e+02, 1.320327e+02
1.000000e+02, 1.329960e+02
1.000000e+02, 1.339758e+02
1.000000e+02, 1.349728e+02
1.000000e+02, 1.359880e+02
1.000000e+02, 1.370223e+02
1.000000e+02, 1.380765e+02
1.000000e+02, 1.391518e+02
1.000000e+02, 1.402494e+02
1.000000e+02, 1.413705e+02
1.000000e+02, 1.425165e+02
1.000000e+02, 1.436891e+02
1.000000e+02, 1.448899e+02
1.000000e+02, 1.461210e+02
1.000000e+02, 1.473845e+02
1.000000e+02, 1.486829e+02
1.000000e+02, 1.500190e+02
1.000000e+02, 1.513961e+02
1.000000e+02, 1.528178e+02
1.000000e+02, 1.542886e+02
1.000000e+02, 1.558134e+02
1.000000e+02, 1.573984e+02
1.000000e+02, 1.590509e+02
1.000000e+02, 1.607798e+02
1.000000e+02, 1.625962e+02
1.000000e+02, 1.645143e+02
1.000000e+02, 1.665527e+02
1.000000e+02, 1.687362e+02
1.000000e+02, 1.711002e+02
1.000000e+02, 1.736972e+02
1.000000e+02, 1.766120e+02
1.000000e+02, 1.800000e+02
##END= 