##TITLE= /opt/topspin3.0/exp/stan/nmr/lists/wave/user/HypSec_trunc2.84_110
##JCAMP-DX= 5.00 Bruker JCAMP library
##DATA TYPE= Shape Data
##ORIGIN= Bruker BioSpin GmbH
##OWNER= <nmrsu>
##DATE= 15/02/24
##TIME= 16:15:04
##MINX= 1.164538e+01
##MAXX= 9.999960e+01
##MINY= 2.546774e-02
##MAXY= 3.585574e+02
##$SHAPE_EXMODE= Adiabatic
##$SHAPE_TOTROT= 1.800000e+02
##$SHAPE_BWFAC= 1.929340e+02
##$SHAPE_INTEGFAC= 2.356110e-02
##$SHAPE_MODE= 0
##NPOINTS= 1000
##XYPOINTS= (XY..XY)
1.000000e+02, 1.800000e+02
1.000000e+02, 1.721943e+02
1.000000e+02, 1.654788e+02
1.000000e+02, 1.594956e+02
1.000000e+02, 1.540492e+02
1.000000e+02, 1.490184e+02
1.000000e+02, 1.443222e+02
1.000000e+02, 1.399030e+02
1.000000e+02, 1.357181e+02
1.000000e+02, 1.317349e+02
1.000000e+02, 1.279277e+02
1.000000e+02, 1.242760e+02
1.000000e+02, 1.207628e+02
1.000000e+02, 1.173744e+02
1.000000e+02, 1.140988e+02
1.000000e+02, 1.109261e+02
1.000000e+02, 1.078478e+02
1.000000e+02, 1.048564e+02
1.000000e+02, 1.019454e+02
1.000000e+02, 9.910912e+01
1.000000e+02, 9.634246e+01
1.000000e+02, 9.364095e+01
1.000000e+02, 9.100055e+01
1.000000e+02, 8.841765e+01
1.000000e+02, 8.588897e+01
1.000000e+02, 8.341155e+01
1.000000e+02, 8.098268e+01
1.000000e+02, 7.859990e+01
1.000000e+02, 7.626096e+01
1.000000e+02, 7.396377e+01
1.000000e+02, 7.170642e+01
1.000000e+02, 6.948715e+01
1.000000e+02, 6.730432e+01
1.000000e+02, 6.515640e+01
1.000000e+02, 6.304199e+01
1.000000e+02, 6.095975e+01
1.000000e+02, 5.890848e+01
1.000000e+02, 5.688700e+01
1.000000e+02, 5.489423e+01
1.000000e+02, 5.292918e+01
1.000000e+02, 5.099087e+01
1.000000e+02, 4.907841e+01
1.000000e+02, 4.719096e+01
1.000000e+02, 4.532771e+01
1.000000e+02, 4.348790e+01
1.000000e+02, 4.167082e+01
1.000000e+02, 3.987579e+01
1.000000e+02, 3.810216e+01
1.000000e+02, 3.634932e+01
1.000000e+02, 3.461669e+01
1.000000e+02, 3.290371e+01
1.000000e+02, 3.120985e+01
1.000000e+02, 2.953461e+01
1.000000e+02, 2.787751e+01
1.000000e+02, 2.623808e+01
1.000000e+02, 2.461589e+01
1.000000e+02, 2.301052e+01
1.000000e+02, 2.142155e+01
1.000000e+02, 1.984862e+01
1.000000e+02, 1.829133e+01
1.000000e+02, 1.674934e+01
1.000000e+02, 1.522231e+01
1.000000e+02, 1.370991e+01
1.000000e+02, 1.221181e+01
1.000000e+02, 1.072773e+01
1.000000e+02, 9.257353e+00
1.000000e+02, 7.800412e+00
1.000000e+02, 6.356629e+00
1.000000e+02, 4.925744e+00
1.000000e+02, 3.507502e+00
1.000000e+02, 2.101660e+00
1.000000e+02, 7.079814e-01
1.000000e+02, 3.593262e+02
1.000000e+02, 3.579562e+02
1.000000e+02, 3.565977e+02
1.000000e+02, 3.552504e+02
1.000000e+02, 3.539143e+02
1.000000e+02, 3.525891e+02
1.000000e+02, 3.512745e+02
1.000000e+02, 3.499705e+02
1.000000e+02, 3.486769e+02
1.000000e+02, 3.473934e+02
1.000000e+02, 3.461200e+02
1.000000e+02, 3.448564e+02
1.000000e+02, 3.436025e+02
1.000000e+02, 3.423582e+02
1.000000e+02, 3.411232e+02
1.000000e+02, 3.398976e+02
1.000000e+02, 3.386810e+02
1.000000e+02, 3.374734e+02
1.000000e+02, 3.362747e+02
1.000000e+02, 3.350846e+02
1.000000e+02, 3.339032e+02
1.000000e+02, 3.327302e+02
1.000000e+02, 3.315656e+02
1.000000e+02, 3.304093e+02
1.000000e+02, 3.292610e+02
1.000000e+02, 3.281208e+02
1.000000e+02, 3.269885e+02
1.000000e+02, 3.258639e+02
1.000000e+02, 3.247471e+02
1.000000e+02, 3.236379e+02
1.000000e+02, 3.225361e+02
1.000000e+02, 3.214418e+02
1.000000e+02, 3.203548e+02
1.000000e+02, 3.192750e+02
1.000000e+02, 3.182024e+02
1.000000e+02, 3.171368e+02
1.000000e+02, 3.160781e+02
1.000000e+02, 3.150264e+02
1.000000e+02, 3.139814e+02
1.000000e+02, 3.129431e+02
1.000000e+02, 3.119115e+02
1.000000e+02, 3.108865e+02
1.000000e+02, 3.098680e+02
1.000000e+02, 3.088558e+02
1.000000e+02, 3.078501e+02
1.000000e+02, 3.068506e+02
1.000000e+02, 3.058573e+02
1.000000e+02, 3.048702e+02
1.000000e+02, 3.038891e+02
1.000000e+02, 3.029140e+02
1.000000e+02, 3.019450e+02
1.000000e+02, 3.009818e+02
1.000000e+02, 3.000244e+02
1.000000e+02, 2.990728e+02
1.000000e+02, 2.981269e+02
1.000000e+02, 2.971867e+02
1.000000e+02, 2.962520e+02
1.000000e+02, 2.953229e+02
1.000000e+02, 2.943994e+02
1.000000e+02, 2.934812e+02
1.000000e+02, 2.925684e+02
1.000000e+02, 2.916610e+02
1.000000e+02, 2.907589e+02
1.000000e+02, 2.898620e+02
1.000000e+02, 2.889702e+02
1.000000e+02, 2.880837e+02
1.000000e+02, 2.872022e+02
1.000000e+02, 2.863258e+02
1.000000e+02, 2.854543e+02
1.000000e+02, 2.845879e+02
1.000000e+02, 2.837263e+02
1.000000e+02, 2.828697e+02
1.000000e+02, 2.820178e+02
1.000000e+02, 2.811708e+02
1.000000e+02, 2.803285e+02
1.000000e+02, 2.794910e+02
1.000000e+02, 2.786581e+02
1.000000e+02, 2.778298e+02
1.000000e+02, 2.770061e+02
1.000000e+02, 2.761870e+02
1.000000e+02, 2.753725e+02
1.000000e+02, 2.745624e+02
1.000000e+02, 2.737567e+02
1.000000e+02, 2.729555e+02
1.000000e+02, 2.721587e+02
1.000000e+02, 2.713662e+02
1.000000e+02, 2.705781e+02
1.000000e+02, 2.697942e+02
1.000000e+02, 2.690146e+02
1.000000e+02, 2.682391e+02
1.000000e+02, 2.674679e+02
1.000000e+02, 2.667009e+02
1.000000e+02, 2.659379e+02
1.000000e+02, 2.651791e+02
1.000000e+02, 2.644244e+02
1.000000e+02, 2.636736e+02
1.000000e+02, 2.629269e+02
1.000000e+02, 2.621842e+02
1.000000e+02, 2.614454e+02
1.000000e+02, 2.607106e+02
1.000000e+02, 2.599797e+02
1.000000e+02, 2.592526e+02
1.000000e+02, 2.585294e+02
1.000000e+02, 2.578100e+02
1.000000e+02, 2.570944e+02
1.000000e+02, 2.563826e+02
1.000000e+02, 2.556745e+02
1.000000e+02, 2.549702e+02
1.000000e+02, 2.542695e+02
1.000000e+02, 2.535726e+02
1.000000e+02, 2.528792e+02
1.000000e+02, 2.521896e+02
1.000000e+02, 2.515035e+02
1.000000e+02, 2.508210e+02
1.000000e+02, 2.501421e+02
1.000000e+02, 2.494667e+02
1.000000e+02, 2.487948e+02
1.000000e+02, 2.481264e+02
1.000000e+02, 2.474615e+02
1.000000e+02, 2.468001e+02
1.000000e+02, 2.461421e+02
1.000000e+02, 2.454875e+02
1.000000e+02, 2.448363e+02
1.000000e+02, 2.441885e+02
1.000000e+02, 2.435441e+02
1.000000e+02, 2.429030e+02
1.000000e+02, 2.422652e+02
1.000000e+02, 2.416307e+02
1.000000e+02, 2.409994e+02
1.000000e+02, 2.403715e+02
1.000000e+02, 2.397468e+02
1.000000e+02, 2.391253e+02
1.000000e+02, 2.385071e+02
1.000000e+02, 2.378920e+02
1.000000e+02, 2.372801e+02
1.000000e+02, 2.366713e+02
1.000000e+02, 2.360658e+02
1.000000e+02, 2.354633e+02
1.000000e+02, 2.348639e+02
1.000000e+02, 2.342677e+02
1.000000e+02, 2.336745e+02
1.000000e+02, 2.330844e+02
1.000000e+02, 2.324973e+02
1.000000e+02, 2.319132e+02
1.000000e+02, 2.313322e+02
1.000000e+02, 2.307542e+02
1.000000e+02, 2.301792e+02
1.000000e+02, 2.296071e+02
1.000000e+02, 2.290380e+02
1.000000e+02, 2.284718e+02
1.000000e+02, 2.279086e+02
1.000000e+02, 2.273483e+02
1.000000e+02, 2.267908e+02
1.000000e+02, 2.262363e+02
1.000000e+02, 2.256846e+02
1.000000e+02, 2.251359e+02
1.000000e+02, 2.245899e+02
1.000000e+02, 2.240468e+02
1.000000e+02, 2.235065e+02
1.000000e+02, 2.229690e+02
1.000000e+02, 2.224343e+02
1.000000e+02, 2.219024e+02
1.000000e+02, 2.213733e+02
1.000000e+02, 2.208469e+02
1.000000e+02, 2.203233e+02
1.000000e+02, 2.198024e+02
1.000000e+02, 2.192843e+02
1.000000e+02, 2.187688e+02
1.000000e+02, 2.182561e+02
1.000000e+02, 2.177460e+02
1.000000e+02, 2.172386e+02
1.000000e+02, 2.167339e+02
1.000000e+02, 2.162319e+02
1.000000e+02, 2.157324e+02
1.000000e+02, 2.152357e+02
1.000000e+02, 2.147415e+02
1.000000e+02, 2.142500e+02
1.000000e+02, 2.137610e+02
1.000000e+02, 2.132747e+02
1.000000e+02, 2.127909e+02
1.000000e+02, 2.123097e+02
1.000000e+02, 2.118311e+02
1.000000e+02, 2.113550e+02
1.000000e+02, 2.108815e+02
1.000000e+02, 2.104105e+02
1.000000e+02, 2.099420e+02
1.000000e+02, 2.094760e+02
1.000000e+02, 2.090125e+02
1.000000e+02, 2.085516e+02
1.000000e+02, 2.080931e+02
1.000000e+02, 2.076371e+02
1.000000e+02, 2.071835e+02
1.000000e+02, 2.067324e+02
1.000000e+02, 2.062838e+02
1.000000e+02, 2.058376e+02
1.000000e+02, 2.053938e+02
1.000000e+02, 2.049525e+02
1.000000e+02, 2.045136e+02
1.000000e+02, 2.040771e+02
1.000000e+02, 2.036429e+02
1.000000e+02, 2.032112e+02
1.000000e+02, 2.027819e+02
1.000000e+02, 2.023549e+02
1.000000e+02, 2.019303e+02
1.000000e+02, 2.015080e+02
1.000000e+02, 2.010881e+02
1.000000e+02, 2.006706e+02
1.000000e+02, 2.002553e+02
1.000000e+02, 1.998424e+02
1.000000e+02, 1.994319e+02
1.000000e+02, 1.990236e+02
1.000000e+02, 1.986176e+02
1.000000e+02, 1.982140e+02
1.000000e+02, 1.978126e+02
1.000000e+02, 1.974135e+02
1.000000e+02, 1.970167e+02
1.000000e+02, 1.966221e+02
1.000000e+02, 1.962298e+02
1.000000e+02, 1.958398e+02
1.000000e+02, 1.954520e+02
1.000000e+02, 1.950665e+02
1.000000e+02, 1.946831e+02
1.000000e+02, 1.943021e+02
1.000000e+02, 1.939232e+02
1.000000e+02, 1.935466e+02
1.000000e+02, 1.931721e+02
1.000000e+02, 1.927999e+02
1.000000e+02, 1.924298e+02
1.000000e+02, 1.920620e+02
1.000000e+02, 1.916963e+02
1.000000e+02, 1.913328e+02
1.000000e+02, 1.909715e+02
1.000000e+02, 1.906123e+02
1.000000e+02, 1.902554e+02
1.000000e+02, 1.899005e+02
1.000000e+02, 1.895478e+02
1.000000e+02, 1.891973e+02
1.000000e+02, 1.888488e+02
1.000000e+02, 1.885026e+02
1.000000e+02, 1.881584e+02
1.000000e+02, 1.878163e+02
1.000000e+02, 1.874764e+02
1.000000e+02, 1.871386e+02
1.000000e+02, 1.868029e+02
1.000000e+02, 1.864692e+02
1.000000e+02, 1.861377e+02
1.000000e+02, 1.858083e+02
1.000000e+02, 1.854809e+02
1.000000e+02, 1.851556e+02
1.000000e+02, 1.848324e+02
1.000000e+02, 1.845113e+02
1.000000e+02, 1.841922e+02
1.000000e+02, 1.838751e+02
1.000000e+02, 1.835601e+02
1.000000e+02, 1.832472e+02
1.000000e+02, 1.829363e+02
1.000000e+02, 1.826275e+02
1.000000e+02, 1.823206e+02
1.000000e+02, 1.820158e+02
1.000000e+02, 1.817131e+02
1.000000e+02, 1.814123e+02
1.000000e+02, 1.811136e+02
1.000000e+02, 1.808168e+02
1.000000e+02, 1.805221e+02
1.000000e+02, 1.802294e+02
1.000000e+02, 1.799387e+02
1.000000e+02, 1.796499e+02
1.000000e+02, 1.793632e+02
1.000000e+02, 1.790784e+02
1.000000e+02, 1.787956e+02
1.000000e+02, 1.785148e+02
1.000000e+02, 1.782360e+02
1.000000e+02, 1.779591e+02
1.000000e+02, 1.776842e+02
1.000000e+02, 1.774112e+02
1.000000e+02, 1.771402e+02
1.000000e+02, 1.768712e+02
1.000000e+02, 1.766040e+02
1.000000e+02, 1.763389e+02
1.000000e+02, 1.760757e+02
1.000000e+02, 1.758144e+02
1.000000e+02, 1.755550e+02
1.000000e+02, 1.752976e+02
1.000000e+02, 1.750421e+02
1.000000e+02, 1.747885e+02
1.000000e+02, 1.745368e+02
1.000000e+02, 1.742871e+02
1.000000e+02, 1.740393e+02
1.000000e+02, 1.737933e+02
1.000000e+02, 1.735493e+02
1.000000e+02, 1.733072e+02
1.000000e+02, 1.730669e+02
1.000000e+02, 1.728286e+02
1.000000e+02, 1.725921e+02
1.000000e+02, 1.723576e+02
1.000000e+02, 1.721249e+02
1.000000e+02, 1.718941e+02
1.000000e+02, 1.716651e+02
1.000000e+02, 1.714381e+02
1.000000e+02, 1.712129e+02
1.000000e+02, 1.709896e+02
1.000000e+02, 1.707681e+02
1.000000e+02, 1.705486e+02
1.000000e+02, 1.703308e+02
1.000000e+02, 1.701149e+02
1.000000e+02, 1.699009e+02
1.000000e+02, 1.696888e+02
1.000000e+02, 1.694784e+02
1.000000e+02, 1.692699e+02
1.000000e+02, 1.690633e+02
1.000000e+02, 1.688585e+02
1.000000e+02, 1.686555e+02
1.000000e+02, 1.684544e+02
1.000000e+02, 1.682551e+02
1.000000e+02, 1.680576e+02
1.000000e+02, 1.678620e+02
1.000000e+02, 1.676681e+02
1.000000e+02, 1.674761e+02
1.000000e+02, 1.672860e+02
1.000000e+02, 1.670976e+02
1.000000e+02, 1.669110e+02
1.000000e+02, 1.667263e+02
1.000000e+02, 1.665433e+02
1.000000e+02, 1.663622e+02
1.000000e+02, 1.661828e+02
1.000000e+02, 1.660053e+02
1.000000e+02, 1.658296e+02
1.000000e+02, 1.656556e+02
1.000000e+02, 1.654835e+02
1.000000e+02, 1.653131e+02
1.000000e+02, 1.651446e+02
1.000000e+02, 1.649778e+02
1.000000e+02, 1.648128e+02
1.000000e+02, 1.646496e+02
1.000000e+02, 1.644881e+02
1.000000e+02, 1.643285e+02
1.000000e+02, 1.641706e+02
1.000000e+02, 1.640145e+02
1.000000e+02, 1.638602e+02
1.000000e+02, 1.637076e+02
1.000000e+02, 1.635568e+02
1.000000e+02, 1.634078e+02
1.000000e+02, 1.632606e+02
1.000000e+02, 1.631151e+02
1.000000e+02, 1.629713e+02
1.000000e+02, 1.628294e+02
1.000000e+02, 1.626891e+02
1.000000e+02, 1.625507e+02
1.000000e+02, 1.624140e+02
1.000000e+02, 1.622790e+02
1.000000e+02, 1.621458e+02
1.000000e+02, 1.620144e+02
1.000000e+02, 1.618847e+02
1.000000e+02, 1.617567e+02
1.000000e+02, 1.616305e+02
1.000000e+02, 1.615060e+02
1.000000e+02, 1.613833e+02
1.000000e+02, 1.612623e+02
1.000000e+02, 1.611430e+02
1.000000e+02, 1.610255e+02
1.000000e+02, 1.609097e+02
1.000000e+02, 1.607957e+02
1.000000e+02, 1.606834e+02
1.000000e+02, 1.605728e+02
1.000000e+02, 1.604639e+02
1.000000e+02, 1.603568e+02
1.000000e+02, 1.602514e+02
1.000000e+02, 1.601477e+02
1.000000e+02, 1.600458e+02
1.000000e+02, 1.599456e+02
1.000000e+02, 1.598471e+02
1.000000e+02, 1.597503e+02
1.000000e+02, 1.596552e+02
1.000000e+02, 1.595619e+02
1.000000e+02, 1.594702e+02
1.000000e+02, 1.593803e+02
1.000000e+02, 1.592921e+02
1.000000e+02, 1.592056e+02
1.000000e+02, 1.591209e+02
1.000000e+02, 1.590378e+02
1.000000e+02, 1.589565e+02
1.000000e+02, 1.588768e+02
1.000000e+02, 1.587989e+02
1.000000e+02, 1.587227e+02
1.000000e+02, 1.586482e+02
1.000000e+02, 1.585754e+02
1.000000e+02, 1.585042e+02
1.000000e+02, 1.584349e+02
1.000000e+02, 1.583672e+02
1.000000e+02, 1.583012e+02
1.000000e+02, 1.582369e+02
1.000000e+02, 1.581743e+02
1.000000e+02, 1.581134e+02
1.000000e+02, 1.580542e+02
1.000000e+02, 1.579967e+02
1.000000e+02, 1.579409e+02
1.000000e+02, 1.578868e+02
1.000000e+02, 1.578344e+02
1.000000e+02, 1.577837e+02
1.000000e+02, 1.577347e+02
1.000000e+02, 1.576874e+02
1.000000e+02, 1.576418e+02
1.000000e+02, 1.575979e+02
1.000000e+02, 1.575557e+02
1.000000e+02, 1.575151e+02
1.000000e+02, 1.574763e+02
1.000000e+02, 1.574391e+02
1.000000e+02, 1.574037e+02
1.000000e+02, 1.573699e+02
1.000000e+02, 1.573378e+02
1.000000e+02, 1.573075e+02
1.000000e+02, 1.572788e+02
1.000000e+02, 1.572518e+02
1.000000e+02, 1.572264e+02
1.000000e+02, 1.572028e+02
1.000000e+02, 1.571809e+02
1.000000e+02, 1.571606e+02
1.000000e+02, 1.571421e+02
1.000000e+02, 1.571252e+02
1.000000e+02, 1.571100e+02
1.000000e+02, 1.570965e+02
1.000000e+02, 1.570847e+02
1.000000e+02, 1.570746e+02
1.000000e+02, 1.570661e+02
1.000000e+02, 1.570594e+02
1.000000e+02, 1.570543e+02
1.000000e+02, 1.570510e+02
1.000000e+02, 1.570493e+02
1.000000e+02, 1.570493e+02
1.000000e+02, 1.570510e+02
1.000000e+02, 1.570543e+02
1.000000e+02, 1.570594e+02
1.000000e+02, 1.570661e+02
1.000000e+02, 1.570746e+02
1.000000e+02, 1.570847e+02
1.000000e+02, 1.570965e+02
1.000000e+02, 1.571100e+02
1.000000e+02, 1.571252e+02
1.000000e+02, 1.571421e+02
1.000000e+02, 1.571606e+02
1.000000e+02, 1.571809e+02
1.000000e+02, 1.572028e+02
1.000000e+02, 1.572264e+02
1.000000e+02, 1.572518e+02
1.000000e+02, 1.572788e+02
1.000000e+02, 1.573075e+02
1.000000e+02, 1.573378e+02
1.000000e+02, 1.573699e+02
1.000000e+02, 1.574037e+02
1.000000e+02, 1.574391e+02
1.000000e+02, 1.574763e+02
1.000000e+02, 1.575151e+02
1.000000e+02, 1.575557e+02
1.000000e+02, 1.575979e+02
1.000000e+02, 1.576418e+02
1.000000e+02, 1.576874e+02
1.000000e+02, 1.577347e+02
1.000000e+02, 1.577837e+02
1.000000e+02, 1.578344e+02
1.000000e+02, 1.578868e+02
1.000000e+02, 1.579409e+02
1.000000e+02, 1.579967e+02
1.000000e+02, 1.580542e+02
1.000000e+02, 1.581134e+02
1.000000e+02, 1.581743e+02
1.000000e+02, 1.582369e+02
1.000000e+02, 1.583012e+02
1.000000e+02, 1.583672e+02
1.000000e+02, 1.584349e+02
1.000000e+02, 1.585042e+02
1.000000e+02, 1.585754e+02
1.000000e+02, 1.586482e+02
1.000000e+02, 1.587227e+02
1.000000e+02, 1.587989e+02
1.000000e+02, 1.588768e+02
1.000000e+02, 1.589565e+02
1.000000e+02, 1.590378e+02
1.000000e+02, 1.591209e+02
1.000000e+02, 1.592056e+02
1.000000e+02, 1.592921e+02
1.000000e+02, 1.593803e+02
1.000000e+02, 1.594702e+02
1.000000e+02, 1.595619e+02
1.000000e+02, 1.596552e+02
1.000000e+02, 1.597503e+02
1.000000e+02, 1.598471e+02
1.000000e+02, 1.599456e+02
1.000000e+02, 1.600458e+02
1.000000e+02, 1.601477e+02
1.000000e+02, 1.602514e+02
1.000000e+02, 1.603568e+02
1.000000e+02, 1.604639e+02
1.000000e+02, 1.605728e+02
1.000000e+02, 1.606834e+02
1.000000e+02, 1.607957e+02
1.000000e+02, 1.609097e+02
1.000000e+02, 1.610255e+02
1.000000e+02, 1.611430e+02
1.000000e+02, 1.612623e+02
1.000000e+02, 1.613833e+02
1.000000e+02, 1.615060e+02
1.000000e+02, 1.616305e+02
1.000000e+02, 1.617567e+02
1.000000e+02, 1.618847e+02
1.000000e+02, 1.620144e+02
1.000000e+02, 1.621458e+02
1.000000e+02, 1.622790e+02
1.000000e+02, 1.624140e+02
1.000000e+02, 1.625507e+02
1.000000e+02, 1.626891e+02
1.000000e+02, 1.628294e+02
1.000000e+02, 1.629713e+02
1.000000e+02, 1.631151e+02
1.000000e+02, 1.632606e+02
1.000000e+02, 1.634078e+02
1.000000e+02, 1.635568e+02
1.000000e+02, 1.637076e+02
1.000000e+02, 1.638602e+02
1.000000e+02, 1.640145e+02
1.000000e+02, 1.641706e+02
1.000000e+02, 1.643285e+02
1.000000e+02, 1.644881e+02
1.000000e+02, 1.646496e+02
1.000000e+02, 1.648128e+02
1.000000e+02, 1.649778e+02
1.000000e+02, 1.651446e+02
1.000000e+02, 1.653131e+02
1.000000e+02, 1.654835e+02
1.000000e+02, 1.656556e+02
1.000000e+02, 1.658296e+02
1.000000e+02, 1.660053e+02
1.000000e+02, 1.661828e+02
1.000000e+02, 1.663622e+02
1.000000e+02, 1.665433e+02
1.000000e+02, 1.667263e+02
1.000000e+02, 1.669110e+02
1.000000e+02, 1.670976e+02
1.000000e+02, 1.672860e+02
1.000000e+02, 1.674761e+02
1.000000e+02, 1.676682e+02
1.000000e+02, 1.678620e+02
1.000000e+02, 1.680576e+02
1.000000e+02, 1.682551e+02
1.000000e+02, 1.684544e+02
1.000000e+02, 1.686555e+02
1.000000e+02, 1.688585e+02
1.000000e+02, 1.690633e+02
1.000000e+02, 1.692699e+02
1.000000e+02, 1.694784e+02
1.000000e+02, 1.696888e+02
1.000000e+02, 1.699009e+02
1.000000e+02, 1.701149e+02
1.000000e+02, 1.703308e+02
1.000000e+02, 1.705486e+02
1.000000e+02, 1.707681e+02
1.000000e+02, 1.709896e+02
1.000000e+02, 1.712129e+02
1.000000e+02, 1.714381e+02
1.000000e+02, 1.716651e+02
1.000000e+02, 1.718941e+02
1.000000e+02, 1.721249e+02
1.000000e+02, 1.723576e+02
1.000000e+02, 1.725921e+02
1.000000e+02, 1.728286e+02
1.000000e+02, 1.730669e+02
1.000000e+02, 1.733072e+02
1.000000e+02, 1.735493e+02
1.000000e+02, 1.737933e+02
1.000000e+02, 1.740393e+02
1.000000e+02, 1.742871e+02
1.000000e+02, 1.745368e+02
1.000000e+02, 1.747885e+02
1.000000e+02, 1.750421e+02
1.000000e+02, 1.752976e+02
1.000000e+02, 1.755550e+02
1.000000e+02, 1.758144e+02
1.000000e+02, 1.760757e+02
1.000000e+02, 1.763389e+02
1.000000e+02, 1.766040e+02
1.000000e+02, 1.768712e+02
1.000000e+02, 1.771402e+02
1.000000e+02, 1.774112e+02
1.000000e+02, 1.776842e+02
1.000000e+02, 1.779591e+02
1.000000e+02, 1.782360e+02
1.000000e+02, 1.785148e+02
1.000000e+02, 1.787956e+02
1.000000e+02, 1.790784e+02
1.000000e+02, 1.793632e+02
1.000000e+02, 1.796499e+02
1.000000e+02, 1.799387e+02
1.000000e+02, 1.802294e+02
1.000000e+02, 1.805221e+02
1.000000e+02, 1.808168e+02
1.000000e+02, 1.811136e+02
1.000000e+02, 1.814123e+02
1.000000e+02, 1.817131e+02
1.000000e+02, 1.820158e+02
1.000000e+02, 1.823206e+02
1.000000e+02, 1.826275e+02
1.000000e+02, 1.829363e+02
1.000000e+02, 1.832472e+02
1.000000e+02, 1.835602e+02
1.000000e+02, 1.838751e+02
1.000000e+02, 1.841922e+02
1.000000e+02, 1.845113e+02
1.000000e+02, 1.848324e+02
1.000000e+02, 1.851556e+02
1.000000e+02, 1.854809e+02
1.000000e+02, 1.858083e+02
1.000000e+02, 1.861377e+02
1.000000e+02, 1.864692e+02
1.000000e+02, 1.868029e+02
1.000000e+02, 1.871386e+02
1.000000e+02, 1.874764e+02
1.000000e+02, 1.878163e+02
1.000000e+02, 1.881584e+02
1.000000e+02, 1.885026e+02
1.000000e+02, 1.888488e+02
1.000000e+02, 1.891973e+02
1.000000e+02, 1.895478e+02
1.000000e+02, 1.899005e+02
1.000000e+02, 1.902554e+02
1.000000e+02, 1.906123e+02
1.000000e+02, 1.909715e+02
1.000000e+02, 1.913328e+02
1.000000e+02, 1.916963e+02
1.000000e+02, 1.920620e+02
1.000000e+02, 1.924298e+02
1.000000e+02, 1.927999e+02
1.000000e+02, 1.931721e+02
1.000000e+02, 1.935466e+02
1.000000e+02, 1.939232e+02
1.000000e+02, 1.943021e+02
1.000000e+02, 1.946831e+02
1.000000e+02, 1.950665e+02
1.000000e+02, 1.954520e+02
1.000000e+02, 1.958398e+02
1.000000e+02, 1.962298e+02
1.000000e+02, 1.966221e+02
1.000000e+02, 1.970167e+02
1.000000e+02, 1.974135e+02
1.000000e+02, 1.978126e+02
1.000000e+02, 1.982140e+02
1.000000e+02, 1.986176e+02
1.000000e+02, 1.990236e+02
1.000000e+02, 1.994319e+02
1.000000e+02, 1.998424e+02
1.000000e+02, 2.002553e+02
1.000000e+02, 2.006706e+02
1.000000e+02, 2.010881e+02
1.000000e+02, 2.015080e+02
1.000000e+02, 2.019303e+02
1.000000e+02, 2.023549e+02
1.000000e+02, 2.027819e+02
1.000000e+02, 2.032112e+02
1.000000e+02, 2.036429e+02
1.000000e+02, 2.040771e+02
1.000000e+02, 2.045136e+02
1.000000e+02, 2.049525e+02
1.000000e+02, 2.053939e+02
1.000000e+02, 2.058376e+02
1.000000e+02, 2.062838e+02
1.000000e+02, 2.067324e+02
1.000000e+02, 2.071835e+02
1.000000e+02, 2.076371e+02
1.000000e+02, 2.080931e+02
1.000000e+02, 2.085516e+02
1.000000e+02, 2.090125e+02
1.000000e+02, 2.094760e+02
1.000000e+02, 2.099420e+02
1.000000e+02, 2.104105e+02
1.000000e+02, 2.108815e+02
1.000000e+02, 2.113550e+02
1.000000e+02, 2.118311e+02
1.000000e+02, 2.123097e+02
1.000000e+02, 2.127909e+02
1.000000e+02, 2.132747e+02
1.000000e+02, 2.137610e+02
1.000000e+02, 2.142500e+02
1.000000e+02, 2.147415e+02
1.000000e+02, 2.152357e+02
1.000000e+02, 2.157324e+02
1.000000e+02, 2.162319e+02
1.000000e+02, 2.167339e+02
1.000000e+02, 2.172386e+02
1.000000e+02, 2.177460e+02
1.000000e+02, 2.182561e+02
1.000000e+02, 2.187688e+02
1.000000e+02, 2.192843e+02
1.000000e+02, 2.198024e+02
1.000000e+02, 2.203233e+02
1.000000e+02, 2.208469e+02
1.000000e+02, 2.213733e+02
1.000000e+02, 2.219024e+02
1.000000e+02, 2.224343e+02
1.000000e+02, 2.229690e+02
1.000000e+02, 2.235065e+02
1.000000e+02, 2.240468e+02
1.000000e+02, 2.245899e+02
1.000000e+02, 2.251359e+02
1.000000e+02, 2.256847e+02
1.000000e+02, 2.262363e+02
1.000000e+02, 2.267908e+02
1.000000e+02, 2.273483e+02
1.000000e+02, 2.279086e+02
1.000000e+02, 2.284718e+02
1.000000e+02, 2.290380e+02
1.000000e+02, 2.296071e+02
1.000000e+02, 2.301792e+02
1.000000e+02, 2.307542e+02
1.000000e+02, 2.313322e+02
1.000000e+02, 2.319132e+02
1.000000e+02, 2.324973e+02
1.000000e+02, 2.330844e+02
1.000000e+02, 2.336745e+02
1.000000e+02, 2.342677e+02
1.000000e+02, 2.348639e+02
1.000000e+02, 2.354633e+02
1.000000e+02, 2.360658e+02
1.000000e+02, 2.366714e+02
1.000000e+02, 2.372801e+02
1.000000e+02, 2.378920e+02
1.000000e+02, 2.385071e+02
1.000000e+02, 2.391253e+02
1.000000e+02, 2.397468e+02
1.000000e+02, 2.403715e+02
1.000000e+02, 2.409994e+02
1.000000e+02, 2.416307e+02
1.000000e+02, 2.422652e+02
1.000000e+02, 2.429030e+02
1.000000e+02, 2.435441e+02
1.000000e+02, 2.441885e+02
1.000000e+02, 2.448363e+02
1.000000e+02, 2.454875e+02
1.000000e+02, 2.461421e+02
1.000000e+02, 2.468001e+02
1.000000e+02, 2.474615e+02
1.000000e+02, 2.481264e+02
1.000000e+02, 2.487948e+02
1.000000e+02, 2.494667e+02
1.000000e+02, 2.501421e+02
1.000000e+02, 2.508210e+02
1.000000e+02, 2.515035e+02
1.000000e+02, 2.521896e+02
1.000000e+02, 2.528792e+02
1.000000e+02, 2.535726e+02
1.000000e+02, 2.542695e+02
1.000000e+02, 2.549702e+02
1.000000e+02, 2.556745e+02
1.000000e+02, 2.563826e+02
1.000000e+02, 2.570944e+02
1.000000e+02, 2.578100e+02
1.000000e+02, 2.585294e+02
1.000000e+02, 2.592526e+02
1.000000e+02, 2.599797e+02
1.000000e+02, 2.607106e+02
1.000000e+02, 2.614454e+02
1.000000e+02, 2.621842e+02
1.000000e+02, 2.629269e+02
1.000000e+02, 2.636736e+02
1.000000e+02, 2.644244e+02
1.000000e+02, 2.651791e+02
1.000000e+02, 2.659379e+02
1.000000e+02, 2.667009e+02
1.000000e+02, 2.674679e+02
1.000000e+02, 2.682392e+02
1.000000e+02, 2.690146e+02
1.000000e+02, 2.697942e+02
1.000000e+02, 2.705781e+02
1.000000e+02, 2.713662e+02
1.000000e+02, 2.721587e+02
1.000000e+02, 2.729555e+02
1.000000e+02, 2.737567e+02
1.000000e+02, 2.745624e+02
1.000000e+02, 2.753725e+02
1.000000e+02, 2.761870e+02
1.000000e+02, 2.770061e+02
1.000000e+02, 2.778298e+02
1.000000e+02, 2.786581e+02
1.000000e+02, 2.794910e+02
1.000000e+02, 2.803285e+02
1.000000e+02, 2.811708e+02
1.000000e+02, 2.820178e+02
1.000000e+02, 2.828697e+02
1.000000e+02, 2.837263e+02
1.000000e+02, 2.845879e+02
1.000000e+02, 2.854543e+02
1.000000e+02, 2.863258e+02
1.000000e+02, 2.872022e+02
1.000000e+02, 2.880837e+02
1.000000e+02, 2.889702e+02
1.000000e+02, 2.898620e+02
1.000000e+02, 2.907589e+02
1.000000e+02, 2.916610e+02
1.000000e+02, 2.925684e+02
1.000000e+02, 2.934812e+02
1.000000e+02, 2.943994e+02
1.000000e+02, 2.953229e+02
1.000000e+02, 2.962520e+02
1.000000e+02, 2.971867e+02
1.000000e+02, 2.981269e+02
1.000000e+02, 2.990728e+02
1.000000e+02, 3.000244e+02
1.000000e+02, 3.009818e+02
1.000000e+02, 3.019450e+02
1.000000e+02, 3.029141e+02
1.000000e+02, 3.038891e+02
1.000000e+02, 3.048702e+02
1.000000e+02, 3.058573e+02
1.000000e+02, 3.068506e+02
1.000000e+02, 3.078501e+02
1.000000e+02, 3.088558e+02
1.000000e+02, 3.098680e+02
1.000000e+02, 3.108865e+02
1.000000e+02, 3.119115e+02
1.000000e+02, 3.129431e+02
1.000000e+02, 3.139814e+02
1.000000e+02, 3.150264e+02
1.000000e+02, 3.160781e+02
1.000000e+02, 3.171368e+02
1.000000e+02, 3.182024e+02
1.000000e+02, 3.192750e+02
1.000000e+02, 3.203548e+02
1.000000e+02, 3.214418e+02
1.000000e+02, 3.225361e+02
1.000000e+02, 3.236379e+02
1.000000e+02, 3.247471e+02
1.000000e+02, 3.258639e+02
1.000000e+02, 3.269885e+02
1.000000e+02, 3.281208e+02
1.000000e+02, 3.292610e+02
1.000000e+02, 3.304093e+02
1.000000e+02, 3.315656e+02
1.000000e+02, 3.327302e+02
1.000000e+02, 3.339032e+02
1.000000e+02, 3.350846e+02
1.000000e+02, 3.362747e+02
1.000000e+02, 3.374734e+02
1.000000e+02, 3.386810e+02
1.000000e+02, 3.398976e+02
1.000000e+02, 3.411232e+02
1.000000e+02, 3.423582e+02
1.000000e+02, 3.436025e+02
1.000000e+02, 3.448564e+02
1.000000e+02, 3.461200e+02
1.000000e+02, 3.473934e+02
1.000000e+02, 3.486769e+02
1.000000e+02, 3.499705e+02
1.000000e+02, 3.512745e+02
1.000000e+02, 3.525891e+02
1.000000e+02, 3.539143e+02
1.000000e+02, 3.552504e+02
1.000000e+02, 3.565977e+02
1.000000e+02, 3.579562e+02
1.000000e+02, 3.593262e+02
1.000000e+02, 7.079856e-01
1.000000e+02, 2.101664e+00
1.000000e+02, 3.507507e+00
1.000000e+02, 4.925748e+00
1.000000e+02, 6.356633e+00
1.000000e+02, 7.800416e+00
1.000000e+02, 9.257358e+00
1.000000e+02, 1.072773e+01
1.000000e+02, 1.221182e+01
1.000000e+02, 1.370991e+01
1.000000e+02, 1.522232e+01
1.000000e+02, 1.674935e+01
1.000000e+02, 1.829134e+01
1.000000e+02, 1.984862e+01
1.000000e+02, 2.142156e+01
1.000000e+02, 2.301052e+01
1.000000e+02, 2.461590e+01
1.000000e+02, 2.623809e+01
1.000000e+02, 2.787751e+01
1.000000e+02, 2.953462e+01
1.000000e+02, 3.120986e+01
1.000000e+02, 3.290371e+01
1.000000e+02, 3.461669e+01
1.000000e+02, 3.634933e+01
1.000000e+02, 3.810217e+01
1.000000e+02, 3.987579e+01
1.000000e+02, 4.167083e+01
1.000000e+02, 4.348790e+01
1.000000e+02, 4.532771e+01
1.000000e+02, 4.719096e+01
1.000000e+02, 4.907842e+01
1.000000e+02, 5.099087e+01
1.000000e+02, 5.292918e+01
1.000000e+02, 5.489424e+01
1.000000e+02, 5.688700e+01
1.000000e+02, 5.890848e+01
1.000000e+02, 6.095976e+01
1.000000e+02, 6.304199e+01
1.000000e+02, 6.515641e+01
1.000000e+02, 6.730432e+01
1.000000e+02, 6.948716e+01
1.000000e+02, 7.170643e+01
1.000000e+02, 7.396377e+01
1.000000e+02, 7.626096e+01
1.000000e+02, 7.859991e+01
1.000000e+02, 8.098268e+01
1.000000e+02, 8.341155e+01
1.000000e+02, 8.588897e+01
1.000000e+02, 8.841766e+01
1.000000e+02, 9.100056e+01
1.000000e+02, 9.364096e+01
1.000000e+02, 9.634247e+01
1.000000e+02, 9.910912e+01
1.000000e+02, 1.019454e+02
1.000000e+02, 1.048564e+02
1.000000e+02, 1.078478e+02
1.000000e+02, 1.109261e+02
1.000000e+02, 1.140988e+02
1.000000e+02, 1.173744e+02
1.000000e+02, 1.207629e+02
1.000000e+02, 1.242760e+02
1.000000e+02, 1.279277e+02
1.000000e+02, 1.317349e+02
1.000000e+02, 1.357181e+02
1.000000e+02, 1.399030e+02
1.000000e+02, 1.443222e+02
1.000000e+02, 1.490184e+02
1.000000e+02, 1.540492e+02
1.000000e+02, 1.594957e+02
1.000000e+02, 1.654789e+02
1.000000e+02, 1.721943e+02
1.000000e+02, 1.800000e+02
##END= 