##TITLE= /opt/topspin3.0/exp/stan/nmr/lists/wave/user/HypSec_trunc2.84_110
##JCAMP-DX= 5.00 Bruker JCAMP library
##DATA TYPE= Shape Data
##ORIGIN= Bruker BioSpin GmbH
##OWNER= <nmrsu>
##DATE= 15/02/24
##TIME= 16:15:04
##MINX= 1.164538e+01
##MAXX= 9.999960e+01
##MINY= 2.546774e-02
##MAXY= 3.585574e+02
##$SHAPE_EXMODE= Adiabatic
##$SHAPE_TOTROT= 1.800000e+02
##$SHAPE_BWFAC= 1.929340e+02
##$SHAPE_INTEGFAC= 2.356110e-02
##$SHAPE_MODE= 0
##NPOINTS= 1000
##XYPOINTS= (XY..XY)
1.000000e+02, 1.800000e+02
1.000000e+02, 1.756488e+02
1.000000e+02, 1.719052e+02
1.000000e+02, 1.685699e+02
1.000000e+02, 1.655338e+02
1.000000e+02, 1.627294e+02
1.000000e+02, 1.601115e+02
1.000000e+02, 1.576481e+02
1.000000e+02, 1.553152e+02
1.000000e+02, 1.530948e+02
1.000000e+02, 1.509725e+02
1.000000e+02, 1.489368e+02
1.000000e+02, 1.469784e+02
1.000000e+02, 1.450895e+02
1.000000e+02, 1.432636e+02
1.000000e+02, 1.414950e+02
1.000000e+02, 1.397790e+02
1.000000e+02, 1.381114e+02
1.000000e+02, 1.364887e+02
1.000000e+02, 1.349076e+02
1.000000e+02, 1.333654e+02
1.000000e+02, 1.318594e+02
1.000000e+02, 1.303875e+02
1.000000e+02, 1.289477e+02
1.000000e+02, 1.275381e+02
1.000000e+02, 1.261571e+02
1.000000e+02, 1.248031e+02
1.000000e+02, 1.234748e+02
1.000000e+02, 1.221710e+02
1.000000e+02, 1.208904e+02
1.000000e+02, 1.196321e+02
1.000000e+02, 1.183950e+02
1.000000e+02, 1.171782e+02
1.000000e+02, 1.159808e+02
1.000000e+02, 1.148021e+02
1.000000e+02, 1.136414e+02
1.000000e+02, 1.124979e+02
1.000000e+02, 1.113710e+02
1.000000e+02, 1.102602e+02
1.000000e+02, 1.091648e+02
1.000000e+02, 1.080843e+02
1.000000e+02, 1.070182e+02
1.000000e+02, 1.059660e+02
1.000000e+02, 1.049274e+02
1.000000e+02, 1.039018e+02
1.000000e+02, 1.028888e+02
1.000000e+02, 1.018882e+02
1.000000e+02, 1.008995e+02
1.000000e+02, 9.992239e+01
1.000000e+02, 9.895654e+01
1.000000e+02, 9.800164e+01
1.000000e+02, 9.705741e+01
1.000000e+02, 9.612355e+01
1.000000e+02, 9.519980e+01
1.000000e+02, 9.428591e+01
1.000000e+02, 9.338163e+01
1.000000e+02, 9.248671e+01
1.000000e+02, 9.160095e+01
1.000000e+02, 9.072412e+01
1.000000e+02, 8.985602e+01
1.000000e+02, 8.899644e+01
1.000000e+02, 8.814520e+01
1.000000e+02, 8.730212e+01
1.000000e+02, 8.646701e+01
1.000000e+02, 8.563971e+01
1.000000e+02, 8.482006e+01
1.000000e+02, 8.400789e+01
1.000000e+02, 8.320306e+01
1.000000e+02, 8.240541e+01
1.000000e+02, 8.161482e+01
1.000000e+02, 8.083114e+01
1.000000e+02, 8.005424e+01
1.000000e+02, 7.928399e+01
1.000000e+02, 7.852027e+01
1.000000e+02, 7.776296e+01
1.000000e+02, 7.701195e+01
1.000000e+02, 7.626712e+01
1.000000e+02, 7.552837e+01
1.000000e+02, 7.479559e+01
1.000000e+02, 7.406868e+01
1.000000e+02, 7.334755e+01
1.000000e+02, 7.263209e+01
1.000000e+02, 7.192221e+01
1.000000e+02, 7.121783e+01
1.000000e+02, 7.051885e+01
1.000000e+02, 6.982520e+01
1.000000e+02, 6.913679e+01
1.000000e+02, 6.845353e+01
1.000000e+02, 6.777536e+01
1.000000e+02, 6.710219e+01
1.000000e+02, 6.643396e+01
1.000000e+02, 6.577058e+01
1.000000e+02, 6.511200e+01
1.000000e+02, 6.445814e+01
1.000000e+02, 6.380893e+01
1.000000e+02, 6.316431e+01
1.000000e+02, 6.252423e+01
1.000000e+02, 6.188861e+01
1.000000e+02, 6.125739e+01
1.000000e+02, 6.063053e+01
1.000000e+02, 6.000796e+01
1.000000e+02, 5.938962e+01
1.000000e+02, 5.877546e+01
1.000000e+02, 5.816544e+01
1.000000e+02, 5.755949e+01
1.000000e+02, 5.695756e+01
1.000000e+02, 5.635961e+01
1.000000e+02, 5.576560e+01
1.000000e+02, 5.517546e+01
1.000000e+02, 5.458916e+01
1.000000e+02, 5.400665e+01
1.000000e+02, 5.342788e+01
1.000000e+02, 5.285282e+01
1.000000e+02, 5.228142e+01
1.000000e+02, 5.171363e+01
1.000000e+02, 5.114943e+01
1.000000e+02, 5.058876e+01
1.000000e+02, 5.003160e+01
1.000000e+02, 4.947790e+01
1.000000e+02, 4.892762e+01
1.000000e+02, 4.838073e+01
1.000000e+02, 4.783719e+01
1.000000e+02, 4.729698e+01
1.000000e+02, 4.676004e+01
1.000000e+02, 4.622636e+01
1.000000e+02, 4.569589e+01
1.000000e+02, 4.516861e+01
1.000000e+02, 4.464448e+01
1.000000e+02, 4.412347e+01
1.000000e+02, 4.360556e+01
1.000000e+02, 4.309070e+01
1.000000e+02, 4.257888e+01
1.000000e+02, 4.207006e+01
1.000000e+02, 4.156422e+01
1.000000e+02, 4.106132e+01
1.000000e+02, 4.056134e+01
1.000000e+02, 4.006426e+01
1.000000e+02, 3.957004e+01
1.000000e+02, 3.907866e+01
1.000000e+02, 3.859010e+01
1.000000e+02, 3.810433e+01
1.000000e+02, 3.762133e+01
1.000000e+02, 3.714106e+01
1.000000e+02, 3.666352e+01
1.000000e+02, 3.618867e+01
1.000000e+02, 3.571649e+01
1.000000e+02, 3.524697e+01
1.000000e+02, 3.478007e+01
1.000000e+02, 3.431577e+01
1.000000e+02, 3.385406e+01
1.000000e+02, 3.339491e+01
1.000000e+02, 3.293831e+01
1.000000e+02, 3.248423e+01
1.000000e+02, 3.203265e+01
1.000000e+02, 3.158355e+01
1.000000e+02, 3.113691e+01
1.000000e+02, 3.069272e+01
1.000000e+02, 3.025096e+01
1.000000e+02, 2.981160e+01
1.000000e+02, 2.937463e+01
1.000000e+02, 2.894003e+01
1.000000e+02, 2.850778e+01
1.000000e+02, 2.807787e+01
1.000000e+02, 2.765027e+01
1.000000e+02, 2.722498e+01
1.000000e+02, 2.680198e+01
1.000000e+02, 2.638124e+01
1.000000e+02, 2.596275e+01
1.000000e+02, 2.554650e+01
1.000000e+02, 2.513247e+01
1.000000e+02, 2.472065e+01
1.000000e+02, 2.431101e+01
1.000000e+02, 2.390355e+01
1.000000e+02, 2.349826e+01
1.000000e+02, 2.309510e+01
1.000000e+02, 2.269408e+01
1.000000e+02, 2.229518e+01
1.000000e+02, 2.189838e+01
1.000000e+02, 2.150367e+01
1.000000e+02, 2.111103e+01
1.000000e+02, 2.072046e+01
1.000000e+02, 2.033194e+01
1.000000e+02, 1.994545e+01
1.000000e+02, 1.956099e+01
1.000000e+02, 1.917854e+01
1.000000e+02, 1.879808e+01
1.000000e+02, 1.841962e+01
1.000000e+02, 1.804312e+01
1.000000e+02, 1.766859e+01
1.000000e+02, 1.729601e+01
1.000000e+02, 1.692537e+01
1.000000e+02, 1.655665e+01
1.000000e+02, 1.618985e+01
1.000000e+02, 1.582496e+01
1.000000e+02, 1.546196e+01
1.000000e+02, 1.510084e+01
1.000000e+02, 1.474159e+01
1.000000e+02, 1.438420e+01
1.000000e+02, 1.402866e+01
1.000000e+02, 1.367496e+01
1.000000e+02, 1.332309e+01
1.000000e+02, 1.297305e+01
1.000000e+02, 1.262481e+01
1.000000e+02, 1.227837e+01
1.000000e+02, 1.193372e+01
1.000000e+02, 1.159085e+01
1.000000e+02, 1.124975e+01
1.000000e+02, 1.091041e+01
1.000000e+02, 1.057283e+01
1.000000e+02, 1.023698e+01
1.000000e+02, 9.902873e+00
1.000000e+02, 9.570489e+00
1.000000e+02, 9.239820e+00
1.000000e+02, 8.910858e+00
1.000000e+02, 8.583595e+00
1.000000e+02, 8.258022e+00
1.000000e+02, 7.934131e+00
1.000000e+02, 7.611913e+00
1.000000e+02, 7.291359e+00
1.000000e+02, 6.972462e+00
1.000000e+02, 6.655215e+00
1.000000e+02, 6.339607e+00
1.000000e+02, 6.025633e+00
1.000000e+02, 5.713284e+00
1.000000e+02, 5.402552e+00
1.000000e+02, 5.093431e+00
1.000000e+02, 4.785911e+00
1.000000e+02, 4.479987e+00
1.000000e+02, 4.175650e+00
1.000000e+02, 3.872893e+00
1.000000e+02, 3.571709e+00
1.000000e+02, 3.272092e+00
1.000000e+02, 2.974033e+00
1.000000e+02, 2.677527e+00
1.000000e+02, 2.382565e+00
1.000000e+02, 2.089142e+00
1.000000e+02, 1.797251e+00
1.000000e+02, 1.506885e+00
1.000000e+02, 1.218037e+00
1.000000e+02, 9.307016e-01
1.000000e+02, 6.448715e-01
1.000000e+02, 3.605406e-01
1.000000e+02, 7.770257e-02
1.000000e+02, 3.597964e+02
1.000000e+02, 3.595165e+02
1.000000e+02, 3.592381e+02
1.000000e+02, 3.589612e+02
1.000000e+02, 3.586857e+02
1.000000e+02, 3.584117e+02
1.000000e+02, 3.581391e+02
1.000000e+02, 3.578680e+02
1.000000e+02, 3.575983e+02
1.000000e+02, 3.573301e+02
1.000000e+02, 3.570633e+02
1.000000e+02, 3.567979e+02
1.000000e+02, 3.565339e+02
1.000000e+02, 3.562714e+02
1.000000e+02, 3.560102e+02
1.000000e+02, 3.557505e+02
1.000000e+02, 3.554921e+02
1.000000e+02, 3.552351e+02
1.000000e+02, 3.549795e+02
1.000000e+02, 3.547253e+02
1.000000e+02, 3.544725e+02
1.000000e+02, 3.542211e+02
1.000000e+02, 3.539710e+02
1.000000e+02, 3.537222e+02
1.000000e+02, 3.534749e+02
1.000000e+02, 3.532288e+02
1.000000e+02, 3.529842e+02
1.000000e+02, 3.527408e+02
1.000000e+02, 3.524988e+02
1.000000e+02, 3.522582e+02
1.000000e+02, 3.520188e+02
1.000000e+02, 3.517808e+02
1.000000e+02, 3.515441e+02
1.000000e+02, 3.513087e+02
1.000000e+02, 3.510747e+02
1.000000e+02, 3.508419e+02
1.000000e+02, 3.506104e+02
1.000000e+02, 3.503802e+02
1.000000e+02, 3.501514e+02
1.000000e+02, 3.499238e+02
1.000000e+02, 3.496975e+02
1.000000e+02, 3.494725e+02
1.000000e+02, 3.492487e+02
1.000000e+02, 3.490262e+02
1.000000e+02, 3.488050e+02
1.000000e+02, 3.485851e+02
1.000000e+02, 3.483664e+02
1.000000e+02, 3.481490e+02
1.000000e+02, 3.479328e+02
1.000000e+02, 3.477179e+02
1.000000e+02, 3.475042e+02
1.000000e+02, 3.472918e+02
1.000000e+02, 3.470806e+02
1.000000e+02, 3.468706e+02
1.000000e+02, 3.466619e+02
1.000000e+02, 3.464544e+02
1.000000e+02, 3.462481e+02
1.000000e+02, 3.460431e+02
1.000000e+02, 3.458392e+02
1.000000e+02, 3.456366e+02
1.000000e+02, 3.454352e+02
1.000000e+02, 3.452350e+02
1.000000e+02, 3.450360e+02
1.000000e+02, 3.448382e+02
1.000000e+02, 3.446415e+02
1.000000e+02, 3.444461e+02
1.000000e+02, 3.442519e+02
1.000000e+02, 3.440589e+02
1.000000e+02, 3.438670e+02
1.000000e+02, 3.436763e+02
1.000000e+02, 3.434869e+02
1.000000e+02, 3.432985e+02
1.000000e+02, 3.431114e+02
1.000000e+02, 3.429254e+02
1.000000e+02, 3.427406e+02
1.000000e+02, 3.425569e+02
1.000000e+02, 3.423745e+02
1.000000e+02, 3.421931e+02
1.000000e+02, 3.420130e+02
1.000000e+02, 3.418339e+02
1.000000e+02, 3.416561e+02
1.000000e+02, 3.414793e+02
1.000000e+02, 3.413037e+02
1.000000e+02, 3.411293e+02
1.000000e+02, 3.409560e+02
1.000000e+02, 3.407838e+02
1.000000e+02, 3.406128e+02
1.000000e+02, 3.404429e+02
1.000000e+02, 3.402741e+02
1.000000e+02, 3.401064e+02
1.000000e+02, 3.399399e+02
1.000000e+02, 3.397745e+02
1.000000e+02, 3.396102e+02
1.000000e+02, 3.394470e+02
1.000000e+02, 3.392850e+02
1.000000e+02, 3.391240e+02
1.000000e+02, 3.389642e+02
1.000000e+02, 3.388054e+02
1.000000e+02, 3.386478e+02
1.000000e+02, 3.384912e+02
1.000000e+02, 3.383358e+02
1.000000e+02, 3.381814e+02
1.000000e+02, 3.380282e+02
1.000000e+02, 3.378760e+02
1.000000e+02, 3.377250e+02
1.000000e+02, 3.375750e+02
1.000000e+02, 3.374261e+02
1.000000e+02, 3.372783e+02
1.000000e+02, 3.371315e+02
1.000000e+02, 3.369859e+02
1.000000e+02, 3.368413e+02
1.000000e+02, 3.366978e+02
1.000000e+02, 3.365554e+02
1.000000e+02, 3.364140e+02
1.000000e+02, 3.362737e+02
1.000000e+02, 3.361345e+02
1.000000e+02, 3.359963e+02
1.000000e+02, 3.358593e+02
1.000000e+02, 3.357232e+02
1.000000e+02, 3.355882e+02
1.000000e+02, 3.354543e+02
1.000000e+02, 3.353215e+02
1.000000e+02, 3.351897e+02
1.000000e+02, 3.350589e+02
1.000000e+02, 3.349292e+02
1.000000e+02, 3.348005e+02
1.000000e+02, 3.346729e+02
1.000000e+02, 3.345463e+02
1.000000e+02, 3.344208e+02
1.000000e+02, 3.342963e+02
1.000000e+02, 3.341729e+02
1.000000e+02, 3.340505e+02
1.000000e+02, 3.339291e+02
1.000000e+02, 3.338088e+02
1.000000e+02, 3.336895e+02
1.000000e+02, 3.335712e+02
1.000000e+02, 3.334539e+02
1.000000e+02, 3.333377e+02
1.000000e+02, 3.332225e+02
1.000000e+02, 3.331084e+02
1.000000e+02, 3.329952e+02
1.000000e+02, 3.328831e+02
1.000000e+02, 3.327720e+02
1.000000e+02, 3.326619e+02
1.000000e+02, 3.325528e+02
1.000000e+02, 3.324448e+02
1.000000e+02, 3.323378e+02
1.000000e+02, 3.322317e+02
1.000000e+02, 3.321267e+02
1.000000e+02, 3.320227e+02
1.000000e+02, 3.319197e+02
1.000000e+02, 3.318178e+02
1.000000e+02, 3.317168e+02
1.000000e+02, 3.316168e+02
1.000000e+02, 3.315179e+02
1.000000e+02, 3.314199e+02
1.000000e+02, 3.313229e+02
1.000000e+02, 3.312270e+02
1.000000e+02, 3.311320e+02
1.000000e+02, 3.310380e+02
1.000000e+02, 3.309451e+02
1.000000e+02, 3.308531e+02
1.000000e+02, 3.307621e+02
1.000000e+02, 3.306721e+02
1.000000e+02, 3.305831e+02
1.000000e+02, 3.304951e+02
1.000000e+02, 3.304081e+02
1.000000e+02, 3.303221e+02
1.000000e+02, 3.302370e+02
1.000000e+02, 3.301530e+02
1.000000e+02, 3.300699e+02
1.000000e+02, 3.299878e+02
1.000000e+02, 3.299067e+02
1.000000e+02, 3.298266e+02
1.000000e+02, 3.297474e+02
1.000000e+02, 3.296693e+02
1.000000e+02, 3.295921e+02
1.000000e+02, 3.295159e+02
1.000000e+02, 3.294406e+02
1.000000e+02, 3.293664e+02
1.000000e+02, 3.292931e+02
1.000000e+02, 3.292208e+02
1.000000e+02, 3.291495e+02
1.000000e+02, 3.290791e+02
1.000000e+02, 3.290097e+02
1.000000e+02, 3.289413e+02
1.000000e+02, 3.288739e+02
1.000000e+02, 3.288074e+02
1.000000e+02, 3.287419e+02
1.000000e+02, 3.286773e+02
1.000000e+02, 3.286138e+02
1.000000e+02, 3.285512e+02
1.000000e+02, 3.284895e+02
1.000000e+02, 3.284288e+02
1.000000e+02, 3.283691e+02
1.000000e+02, 3.283104e+02
1.000000e+02, 3.282526e+02
1.000000e+02, 3.281957e+02
1.000000e+02, 3.281399e+02
1.000000e+02, 3.280850e+02
1.000000e+02, 3.280310e+02
1.000000e+02, 3.279780e+02
1.000000e+02, 3.279260e+02
1.000000e+02, 3.278749e+02
1.000000e+02, 3.278248e+02
1.000000e+02, 3.277756e+02
1.000000e+02, 3.277274e+02
1.000000e+02, 3.276801e+02
1.000000e+02, 3.276338e+02
1.000000e+02, 3.275885e+02
1.000000e+02, 3.275441e+02
1.000000e+02, 3.275007e+02
1.000000e+02, 3.274582e+02
1.000000e+02, 3.274166e+02
1.000000e+02, 3.273760e+02
1.000000e+02, 3.273364e+02
1.000000e+02, 3.272977e+02
1.000000e+02, 3.272600e+02
1.000000e+02, 3.272232e+02
1.000000e+02, 3.271874e+02
1.000000e+02, 3.271525e+02
1.000000e+02, 3.271185e+02
1.000000e+02, 3.270855e+02
1.000000e+02, 3.270535e+02
1.000000e+02, 3.270224e+02
1.000000e+02, 3.269922e+02
1.000000e+02, 3.269630e+02
1.000000e+02, 3.269348e+02
1.000000e+02, 3.269074e+02
1.000000e+02, 3.268811e+02
1.000000e+02, 3.268556e+02
1.000000e+02, 3.268312e+02
1.000000e+02, 3.268076e+02
1.000000e+02, 3.267850e+02
1.000000e+02, 3.267634e+02
1.000000e+02, 3.267427e+02
1.000000e+02, 3.267229e+02
1.000000e+02, 3.267041e+02
1.000000e+02, 3.266862e+02
1.000000e+02, 3.266693e+02
1.000000e+02, 3.266533e+02
1.000000e+02, 3.266382e+02
1.000000e+02, 3.266241e+02
1.000000e+02, 3.266109e+02
1.000000e+02, 3.265987e+02
1.000000e+02, 3.265874e+02
1.000000e+02, 3.265771e+02
1.000000e+02, 3.265677e+02
1.000000e+02, 3.265592e+02
1.000000e+02, 3.265517e+02
1.000000e+02, 3.265451e+02
1.000000e+02, 3.265394e+02
1.000000e+02, 3.265347e+02
1.000000e+02, 3.265310e+02
1.000000e+02, 3.265282e+02
1.000000e+02, 3.265263e+02
1.000000e+02, 3.265253e+02
1.000000e+02, 3.265253e+02
1.000000e+02, 3.265263e+02
1.000000e+02, 3.265282e+02
1.000000e+02, 3.265310e+02
1.000000e+02, 3.265347e+02
1.000000e+02, 3.265394e+02
1.000000e+02, 3.265451e+02
1.000000e+02, 3.265517e+02
1.000000e+02, 3.265592e+02
1.000000e+02, 3.265677e+02
1.000000e+02, 3.265771e+02
1.000000e+02, 3.265874e+02
1.000000e+02, 3.265987e+02
1.000000e+02, 3.266109e+02
1.000000e+02, 3.266241e+02
1.000000e+02, 3.266382e+02
1.000000e+02, 3.266533e+02
1.000000e+02, 3.266693e+02
1.000000e+02, 3.266862e+02
1.000000e+02, 3.267041e+02
1.000000e+02, 3.267229e+02
1.000000e+02, 3.267427e+02
1.000000e+02, 3.267634e+02
1.000000e+02, 3.267850e+02
1.000000e+02, 3.268076e+02
1.000000e+02, 3.268312e+02
1.000000e+02, 3.268556e+02
1.000000e+02, 3.268811e+02
1.000000e+02, 3.269074e+02
1.000000e+02, 3.269348e+02
1.000000e+02, 3.269630e+02
1.000000e+02, 3.269922e+02
1.000000e+02, 3.270224e+02
1.000000e+02, 3.270535e+02
1.000000e+02, 3.270855e+02
1.000000e+02, 3.271185e+02
1.000000e+02, 3.271525e+02
1.000000e+02, 3.271874e+02
1.000000e+02, 3.272232e+02
1.000000e+02, 3.272600e+02
1.000000e+02, 3.272977e+02
1.000000e+02, 3.273364e+02
1.000000e+02, 3.273760e+02
1.000000e+02, 3.274166e+02
1.000000e+02, 3.274582e+02
1.000000e+02, 3.275007e+02
1.000000e+02, 3.275441e+02
1.000000e+02, 3.275885e+02
1.000000e+02, 3.276338e+02
1.000000e+02, 3.276801e+02
1.000000e+02, 3.277274e+02
1.000000e+02, 3.277756e+02
1.000000e+02, 3.278248e+02
1.000000e+02, 3.278749e+02
1.000000e+02, 3.279260e+02
1.000000e+02, 3.279780e+02
1.000000e+02, 3.280310e+02
1.000000e+02, 3.280850e+02
1.000000e+02, 3.281399e+02
1.000000e+02, 3.281957e+02
1.000000e+02, 3.282526e+02
1.000000e+02, 3.283104e+02
1.000000e+02, 3.283691e+02
1.000000e+02, 3.284288e+02
1.000000e+02, 3.284895e+02
1.000000e+02, 3.285512e+02
1.000000e+02, 3.286138e+02
1.000000e+02, 3.286773e+02
1.000000e+02, 3.287419e+02
1.000000e+02, 3.288074e+02
1.000000e+02, 3.288739e+02
1.000000e+02, 3.289413e+02
1.000000e+02, 3.290097e+02
1.000000e+02, 3.290791e+02
1.000000e+02, 3.291495e+02
1.000000e+02, 3.292208e+02
1.000000e+02, 3.292931e+02
1.000000e+02, 3.293664e+02
1.000000e+02, 3.294406e+02
1.000000e+02, 3.295159e+02
1.000000e+02, 3.295921e+02
1.000000e+02, 3.296693e+02
1.000000e+02, 3.297474e+02
1.000000e+02, 3.298266e+02
1.000000e+02, 3.299067e+02
1.000000e+02, 3.299878e+02
1.000000e+02, 3.300699e+02
1.000000e+02, 3.301530e+02
1.000000e+02, 3.302370e+02
1.000000e+02, 3.303221e+02
1.000000e+02, 3.304081e+02
1.000000e+02, 3.304951e+02
1.000000e+02, 3.305831e+02
1.000000e+02, 3.306721e+02
1.000000e+02, 3.307621e+02
1.000000e+02, 3.308531e+02
1.000000e+02, 3.309451e+02
1.000000e+02, 3.310380e+02
1.000000e+02, 3.311320e+02
1.000000e+02, 3.312270e+02
1.000000e+02, 3.313229e+02
1.000000e+02, 3.314199e+02
1.000000e+02, 3.315179e+02
1.000000e+02, 3.316168e+02
1.000000e+02, 3.317168e+02
1.000000e+02, 3.318178e+02
1.000000e+02, 3.319197e+02
1.000000e+02, 3.320227e+02
1.000000e+02, 3.321267e+02
1.000000e+02, 3.322317e+02
1.000000e+02, 3.323378e+02
1.000000e+02, 3.324448e+02
1.000000e+02, 3.325528e+02
1.000000e+02, 3.326619e+02
1.000000e+02, 3.327720e+02
1.000000e+02, 3.328831e+02
1.000000e+02, 3.329952e+02
1.000000e+02, 3.331084e+02
1.000000e+02, 3.332225e+02
1.000000e+02, 3.333377e+02
1.000000e+02, 3.334539e+02
1.000000e+02, 3.335712e+02
1.000000e+02, 3.336895e+02
1.000000e+02, 3.338088e+02
1.000000e+02, 3.339291e+02
1.000000e+02, 3.340505e+02
1.000000e+02, 3.341729e+02
1.000000e+02, 3.342963e+02
1.000000e+02, 3.344208e+02
1.000000e+02, 3.345463e+02
1.000000e+02, 3.346729e+02
1.000000e+02, 3.348005e+02
1.000000e+02, 3.349292e+02
1.000000e+02, 3.350589e+02
1.000000e+02, 3.351897e+02
1.000000e+02, 3.353215e+02
1.000000e+02, 3.354543e+02
1.000000e+02, 3.355882e+02
1.000000e+02, 3.357232e+02
1.000000e+02, 3.358593e+02
1.000000e+02, 3.359964e+02
1.000000e+02, 3.361345e+02
1.000000e+02, 3.362737e+02
1.000000e+02, 3.364140e+02
1.000000e+02, 3.365554e+02
1.000000e+02, 3.366978e+02
1.000000e+02, 3.368413e+02
1.000000e+02, 3.369859e+02
1.000000e+02, 3.371315e+02
1.000000e+02, 3.372783e+02
1.000000e+02, 3.374261e+02
1.000000e+02, 3.375750e+02
1.000000e+02, 3.377250e+02
1.000000e+02, 3.378760e+02
1.000000e+02, 3.380282e+02
1.000000e+02, 3.381814e+02
1.000000e+02, 3.383358e+02
1.000000e+02, 3.384912e+02
1.000000e+02, 3.386478e+02
1.000000e+02, 3.388054e+02
1.000000e+02, 3.389642e+02
1.000000e+02, 3.391240e+02
1.000000e+02, 3.392850e+02
1.000000e+02, 3.394470e+02
1.000000e+02, 3.396102e+02
1.000000e+02, 3.397745e+02
1.000000e+02, 3.399399e+02
1.000000e+02, 3.401064e+02
1.000000e+02, 3.402741e+02
1.000000e+02, 3.404429e+02
1.000000e+02, 3.406128e+02
1.000000e+02, 3.407838e+02
1.000000e+02, 3.409560e+02
1.000000e+02, 3.411293e+02
1.000000e+02, 3.413037e+02
1.000000e+02, 3.414793e+02
1.000000e+02, 3.416561e+02
1.000000e+02, 3.418339e+02
1.000000e+02, 3.420130e+02
1.000000e+02, 3.421931e+02
1.000000e+02, 3.423745e+02
1.000000e+02, 3.425569e+02
1.000000e+02, 3.427406e+02
1.000000e+02, 3.429254e+02
1.000000e+02, 3.431114e+02
1.000000e+02, 3.432985e+02
1.000000e+02, 3.434869e+02
1.000000e+02, 3.436763e+02
1.000000e+02, 3.438670e+02
1.000000e+02, 3.440589e+02
1.000000e+02, 3.442519e+02
1.000000e+02, 3.444461e+02
1.000000e+02, 3.446415e+02
1.000000e+02, 3.448382e+02
1.000000e+02, 3.450360e+02
1.000000e+02, 3.452350e+02
1.000000e+02, 3.454352e+02
1.000000e+02, 3.456366e+02
1.000000e+02, 3.458392e+02
1.000000e+02, 3.460431e+02
1.000000e+02, 3.462481e+02
1.000000e+02, 3.464544e+02
1.000000e+02, 3.466619e+02
1.000000e+02, 3.468706e+02
1.000000e+02, 3.470806e+02
1.000000e+02, 3.472918e+02
1.000000e+02, 3.475042e+02
1.000000e+02, 3.477179e+02
1.000000e+02, 3.479328e+02
1.000000e+02, 3.481490e+02
1.000000e+02, 3.483664e+02
1.000000e+02, 3.485851e+02
1.000000e+02, 3.488050e+02
1.000000e+02, 3.490262e+02
1.000000e+02, 3.492487e+02
1.000000e+02, 3.494725e+02
1.000000e+02, 3.496975e+02
1.000000e+02, 3.499238e+02
1.000000e+02, 3.501514e+02
1.000000e+02, 3.503803e+02
1.000000e+02, 3.506104e+02
1.000000e+02, 3.508419e+02
1.000000e+02, 3.510747e+02
1.000000e+02, 3.513087e+02
1.000000e+02, 3.515441e+02
1.000000e+02, 3.517808e+02
1.000000e+02, 3.520188e+02
1.000000e+02, 3.522582e+02
1.000000e+02, 3.524988e+02
1.000000e+02, 3.527408e+02
1.000000e+02, 3.529842e+02
1.000000e+02, 3.532288e+02
1.000000e+02, 3.534749e+02
1.000000e+02, 3.537222e+02
1.000000e+02, 3.539710e+02
1.000000e+02, 3.542211e+02
1.000000e+02, 3.544725e+02
1.000000e+02, 3.547253e+02
1.000000e+02, 3.549795e+02
1.000000e+02, 3.552351e+02
1.000000e+02, 3.554921e+02
1.000000e+02, 3.557505e+02
1.000000e+02, 3.560102e+02
1.000000e+02, 3.562714e+02
1.000000e+02, 3.565339e+02
1.000000e+02, 3.567979e+02
1.000000e+02, 3.570633e+02
1.000000e+02, 3.573301e+02
1.000000e+02, 3.575983e+02
1.000000e+02, 3.578680e+02
1.000000e+02, 3.581391e+02
1.000000e+02, 3.584117e+02
1.000000e+02, 3.586857e+02
1.000000e+02, 3.589612e+02
1.000000e+02, 3.592381e+02
1.000000e+02, 3.595165e+02
1.000000e+02, 3.597964e+02
1.000000e+02, 7.770382e-02
1.000000e+02, 3.605418e-01
1.000000e+02, 6.448727e-01
1.000000e+02, 9.307029e-01
1.000000e+02, 1.218039e+00
1.000000e+02, 1.506886e+00
1.000000e+02, 1.797252e+00
1.000000e+02, 2.089144e+00
1.000000e+02, 2.382567e+00
1.000000e+02, 2.677528e+00
1.000000e+02, 2.974034e+00
1.000000e+02, 3.272093e+00
1.000000e+02, 3.571711e+00
1.000000e+02, 3.872894e+00
1.000000e+02, 4.175651e+00
1.000000e+02, 4.479988e+00
1.000000e+02, 4.785912e+00
1.000000e+02, 5.093432e+00
1.000000e+02, 5.402554e+00
1.000000e+02, 5.713285e+00
1.000000e+02, 6.025634e+00
1.000000e+02, 6.339609e+00
1.000000e+02, 6.655216e+00
1.000000e+02, 6.972464e+00
1.000000e+02, 7.291360e+00
1.000000e+02, 7.611914e+00
1.000000e+02, 7.934132e+00
1.000000e+02, 8.258024e+00
1.000000e+02, 8.583597e+00
1.000000e+02, 8.910860e+00
1.000000e+02, 9.239821e+00
1.000000e+02, 9.570490e+00
1.000000e+02, 9.902875e+00
1.000000e+02, 1.023698e+01
1.000000e+02, 1.057283e+01
1.000000e+02, 1.091041e+01
1.000000e+02, 1.124975e+01
1.000000e+02, 1.159085e+01
1.000000e+02, 1.193372e+01
1.000000e+02, 1.227837e+01
1.000000e+02, 1.262481e+01
1.000000e+02, 1.297305e+01
1.000000e+02, 1.332310e+01
1.000000e+02, 1.367496e+01
1.000000e+02, 1.402866e+01
1.000000e+02, 1.438420e+01
1.000000e+02, 1.474159e+01
1.000000e+02, 1.510084e+01
1.000000e+02, 1.546196e+01
1.000000e+02, 1.582496e+01
1.000000e+02, 1.618986e+01
1.000000e+02, 1.655666e+01
1.000000e+02, 1.692537e+01
1.000000e+02, 1.729601e+01
1.000000e+02, 1.766859e+01
1.000000e+02, 1.804313e+01
1.000000e+02, 1.841962e+01
1.000000e+02, 1.879809e+01
1.000000e+02, 1.917854e+01
1.000000e+02, 1.956099e+01
1.000000e+02, 1.994545e+01
1.000000e+02, 2.033194e+01
1.000000e+02, 2.072046e+01
1.000000e+02, 2.111103e+01
1.000000e+02, 2.150367e+01
1.000000e+02, 2.189838e+01
1.000000e+02, 2.229518e+01
1.000000e+02, 2.269408e+01
1.000000e+02, 2.309510e+01
1.000000e+02, 2.349826e+01
1.000000e+02, 2.390356e+01
1.000000e+02, 2.431101e+01
1.000000e+02, 2.472065e+01
1.000000e+02, 2.513247e+01
1.000000e+02, 2.554650e+01
1.000000e+02, 2.596275e+01
1.000000e+02, 2.638124e+01
1.000000e+02, 2.680198e+01
1.000000e+02, 2.722498e+01
1.000000e+02, 2.765028e+01
1.000000e+02, 2.807787e+01
1.000000e+02, 2.850778e+01
1.000000e+02, 2.894003e+01
1.000000e+02, 2.937463e+01
1.000000e+02, 2.981160e+01
1.000000e+02, 3.025096e+01
1.000000e+02, 3.069272e+01
1.000000e+02, 3.113692e+01
1.000000e+02, 3.158355e+01
1.000000e+02, 3.203265e+01
1.000000e+02, 3.248423e+01
1.000000e+02, 3.293831e+01
1.000000e+02, 3.339491e+01
1.000000e+02, 3.385406e+01
1.000000e+02, 3.431577e+01
1.000000e+02, 3.478007e+01
1.000000e+02, 3.524697e+01
1.000000e+02, 3.571650e+01
1.000000e+02, 3.618867e+01
1.000000e+02, 3.666352e+01
1.000000e+02, 3.714107e+01
1.000000e+02, 3.762133e+01
1.000000e+02, 3.810433e+01
1.000000e+02, 3.859010e+01
1.000000e+02, 3.907867e+01
1.000000e+02, 3.957004e+01
1.000000e+02, 4.006426e+01
1.000000e+02, 4.056134e+01
1.000000e+02, 4.106132e+01
1.000000e+02, 4.156422e+01
1.000000e+02, 4.207006e+01
1.000000e+02, 4.257888e+01
1.000000e+02, 4.309070e+01
1.000000e+02, 4.360556e+01
1.000000e+02, 4.412347e+01
1.000000e+02, 4.464448e+01
1.000000e+02, 4.516861e+01
1.000000e+02, 4.569589e+01
1.000000e+02, 4.622636e+01
1.000000e+02, 4.676004e+01
1.000000e+02, 4.729698e+01
1.000000e+02, 4.783720e+01
1.000000e+02, 4.838073e+01
1.000000e+02, 4.892762e+01
1.000000e+02, 4.947790e+01
1.000000e+02, 5.003160e+01
1.000000e+02, 5.058876e+01
1.000000e+02, 5.114943e+01
1.000000e+02, 5.171363e+01
1.000000e+02, 5.228142e+01
1.000000e+02, 5.285282e+01
1.000000e+02, 5.342788e+01
1.000000e+02, 5.400665e+01
1.000000e+02, 5.458916e+01
1.000000e+02, 5.517546e+01
1.000000e+02, 5.576560e+01
1.000000e+02, 5.635962e+01
1.000000e+02, 5.695756e+01
1.000000e+02, 5.755949e+01
1.000000e+02, 5.816544e+01
1.000000e+02, 5.877546e+01
1.000000e+02, 5.938962e+01
1.000000e+02, 6.000796e+01
1.000000e+02, 6.063053e+01
1.000000e+02, 6.125740e+01
1.000000e+02, 6.188861e+01
1.000000e+02, 6.252423e+01
1.000000e+02, 6.316432e+01
1.000000e+02, 6.380893e+01
1.000000e+02, 6.445814e+01
1.000000e+02, 6.511200e+01
1.000000e+02, 6.577059e+01
1.000000e+02, 6.643396e+01
1.000000e+02, 6.710220e+01
1.000000e+02, 6.777536e+01
1.000000e+02, 6.845354e+01
1.000000e+02, 6.913679e+01
1.000000e+02, 6.982520e+01
1.000000e+02, 7.051886e+01
1.000000e+02, 7.121783e+01
1.000000e+02, 7.192221e+01
1.000000e+02, 7.263209e+01
1.000000e+02, 7.334755e+01
1.000000e+02, 7.406869e+01
1.000000e+02, 7.479560e+01
1.000000e+02, 7.552837e+01
1.000000e+02, 7.626712e+01
1.000000e+02, 7.701195e+01
1.000000e+02, 7.776296e+01
1.000000e+02, 7.852027e+01
1.000000e+02, 7.928399e+01
1.000000e+02, 8.005424e+01
1.000000e+02, 8.083114e+01
1.000000e+02, 8.161482e+01
1.000000e+02, 8.240542e+01
1.000000e+02, 8.320306e+01
1.000000e+02, 8.400789e+01
1.000000e+02, 8.482006e+01
1.000000e+02, 8.563971e+01
1.000000e+02, 8.646701e+01
1.000000e+02, 8.730212e+01
1.000000e+02, 8.814521e+01
1.000000e+02, 8.899645e+01
1.000000e+02, 8.985602e+01
1.000000e+02, 9.072412e+01
1.000000e+02, 9.160095e+01
1.000000e+02, 9.248672e+01
1.000000e+02, 9.338163e+01
1.000000e+02, 9.428591e+01
1.000000e+02, 9.519981e+01
1.000000e+02, 9.612355e+01
1.000000e+02, 9.705741e+01
1.000000e+02, 9.800164e+01
1.000000e+02, 9.895654e+01
1.000000e+02, 9.992239e+01
1.000000e+02, 1.008995e+02
1.000000e+02, 1.018882e+02
1.000000e+02, 1.028888e+02
1.000000e+02, 1.039018e+02
1.000000e+02, 1.049274e+02
1.000000e+02, 1.059660e+02
1.000000e+02, 1.070182e+02
1.000000e+02, 1.080843e+02
1.000000e+02, 1.091648e+02
1.000000e+02, 1.102602e+02
1.000000e+02, 1.113711e+02
1.000000e+02, 1.124979e+02
1.000000e+02, 1.136414e+02
1.000000e+02, 1.148021e+02
1.000000e+02, 1.159808e+02
1.000000e+02, 1.171782e+02
1.000000e+02, 1.183950e+02
1.000000e+02, 1.196321e+02
1.000000e+02, 1.208904e+02
1.000000e+02, 1.221710e+02
1.000000e+02, 1.234748e+02
1.000000e+02, 1.248031e+02
1.000000e+02, 1.261571e+02
1.000000e+02, 1.275381e+02
1.000000e+02, 1.289477e+02
1.000000e+02, 1.303875e+02
1.000000e+02, 1.318594e+02
1.000000e+02, 1.333654e+02
1.000000e+02, 1.349076e+02
1.000000e+02, 1.364887e+02
1.000000e+02, 1.381115e+02
1.000000e+02, 1.397790e+02
1.000000e+02, 1.414950e+02
1.000000e+02, 1.432636e+02
1.000000e+02, 1.450895e+02
1.000000e+02, 1.469784e+02
1.000000e+02, 1.489368e+02
1.000000e+02, 1.509725e+02
1.000000e+02, 1.530948e+02
1.000000e+02, 1.553152e+02
1.000000e+02, 1.576481e+02
1.000000e+02, 1.601115e+02
1.000000e+02, 1.627294e+02
1.000000e+02, 1.655338e+02
1.000000e+02, 1.685699e+02
1.000000e+02, 1.719052e+02
1.000000e+02, 1.756488e+02
1.000000e+02, 1.800000e+02
##END= 