##TITLE= /opt/topspin3.0/exp/stan/nmr/lists/wave/user/HypSec_trunc2.84_110
##JCAMP-DX= 5.00 Bruker JCAMP library
##DATA TYPE= Shape Data
##ORIGIN= Bruker BioSpin GmbH
##OWNER= <nmrsu>
##DATE= 15/02/24
##TIME= 16:15:04
##MINX= 1.164538e+01
##MAXX= 9.999960e+01
##MINY= 2.546774e-02
##MAXY= 3.585574e+02
##$SHAPE_EXMODE= Adiabatic
##$SHAPE_TOTROT= 1.800000e+02
##$SHAPE_BWFAC= 1.929340e+02
##$SHAPE_INTEGFAC= 2.356110e-02
##$SHAPE_MODE= 0
##NPOINTS= 1000
##XYPOINTS= (XY..XY)
1.000000e+02, 1.800000e+02
1.000000e+02, 1.755159e+02
1.000000e+02, 1.716581e+02
1.000000e+02, 1.682209e+02
1.000000e+02, 1.650921e+02
1.000000e+02, 1.622021e+02
1.000000e+02, 1.595043e+02
1.000000e+02, 1.569656e+02
1.000000e+02, 1.545615e+02
1.000000e+02, 1.522732e+02
1.000000e+02, 1.500861e+02
1.000000e+02, 1.479883e+02
1.000000e+02, 1.459701e+02
1.000000e+02, 1.440236e+02
1.000000e+02, 1.421419e+02
1.000000e+02, 1.403193e+02
1.000000e+02, 1.385509e+02
1.000000e+02, 1.368324e+02
1.000000e+02, 1.351601e+02
1.000000e+02, 1.335308e+02
1.000000e+02, 1.319414e+02
1.000000e+02, 1.303895e+02
1.000000e+02, 1.288727e+02
1.000000e+02, 1.273889e+02
1.000000e+02, 1.259362e+02
1.000000e+02, 1.245130e+02
1.000000e+02, 1.231177e+02
1.000000e+02, 1.217489e+02
1.000000e+02, 1.204052e+02
1.000000e+02, 1.190856e+02
1.000000e+02, 1.177888e+02
1.000000e+02, 1.165139e+02
1.000000e+02, 1.152599e+02
1.000000e+02, 1.140260e+02
1.000000e+02, 1.128114e+02
1.000000e+02, 1.116152e+02
1.000000e+02, 1.104368e+02
1.000000e+02, 1.092755e+02
1.000000e+02, 1.081307e+02
1.000000e+02, 1.070019e+02
1.000000e+02, 1.058884e+02
1.000000e+02, 1.047897e+02
1.000000e+02, 1.037054e+02
1.000000e+02, 1.026351e+02
1.000000e+02, 1.015782e+02
1.000000e+02, 1.005343e+02
1.000000e+02, 9.950311e+01
1.000000e+02, 9.848422e+01
1.000000e+02, 9.747727e+01
1.000000e+02, 9.648193e+01
1.000000e+02, 9.549788e+01
1.000000e+02, 9.452481e+01
1.000000e+02, 9.356244e+01
1.000000e+02, 9.261048e+01
1.000000e+02, 9.166869e+01
1.000000e+02, 9.073679e+01
1.000000e+02, 8.981455e+01
1.000000e+02, 8.890174e+01
1.000000e+02, 8.799814e+01
1.000000e+02, 8.710353e+01
1.000000e+02, 8.621771e+01
1.000000e+02, 8.534048e+01
1.000000e+02, 8.447165e+01
1.000000e+02, 8.361104e+01
1.000000e+02, 8.275848e+01
1.000000e+02, 8.191380e+01
1.000000e+02, 8.107683e+01
1.000000e+02, 8.024743e+01
1.000000e+02, 7.942543e+01
1.000000e+02, 7.861069e+01
1.000000e+02, 7.780308e+01
1.000000e+02, 7.700246e+01
1.000000e+02, 7.620869e+01
1.000000e+02, 7.542165e+01
1.000000e+02, 7.464122e+01
1.000000e+02, 7.386728e+01
1.000000e+02, 7.309971e+01
1.000000e+02, 7.233840e+01
1.000000e+02, 7.158324e+01
1.000000e+02, 7.083414e+01
1.000000e+02, 7.009098e+01
1.000000e+02, 6.935368e+01
1.000000e+02, 6.862213e+01
1.000000e+02, 6.789624e+01
1.000000e+02, 6.717592e+01
1.000000e+02, 6.646109e+01
1.000000e+02, 6.575165e+01
1.000000e+02, 6.504753e+01
1.000000e+02, 6.434865e+01
1.000000e+02, 6.365493e+01
1.000000e+02, 6.296629e+01
1.000000e+02, 6.228266e+01
1.000000e+02, 6.160397e+01
1.000000e+02, 6.093014e+01
1.000000e+02, 6.026111e+01
1.000000e+02, 5.959681e+01
1.000000e+02, 5.893718e+01
1.000000e+02, 5.828215e+01
1.000000e+02, 5.763166e+01
1.000000e+02, 5.698566e+01
1.000000e+02, 5.634408e+01
1.000000e+02, 5.570686e+01
1.000000e+02, 5.507395e+01
1.000000e+02, 5.444530e+01
1.000000e+02, 5.382084e+01
1.000000e+02, 5.320054e+01
1.000000e+02, 5.258434e+01
1.000000e+02, 5.197218e+01
1.000000e+02, 5.136402e+01
1.000000e+02, 5.075982e+01
1.000000e+02, 5.015952e+01
1.000000e+02, 4.956308e+01
1.000000e+02, 4.897046e+01
1.000000e+02, 4.838161e+01
1.000000e+02, 4.779649e+01
1.000000e+02, 4.721506e+01
1.000000e+02, 4.663727e+01
1.000000e+02, 4.606310e+01
1.000000e+02, 4.549249e+01
1.000000e+02, 4.492541e+01
1.000000e+02, 4.436182e+01
1.000000e+02, 4.380169e+01
1.000000e+02, 4.324498e+01
1.000000e+02, 4.269165e+01
1.000000e+02, 4.214167e+01
1.000000e+02, 4.159500e+01
1.000000e+02, 4.105162e+01
1.000000e+02, 4.051149e+01
1.000000e+02, 3.997457e+01
1.000000e+02, 3.944084e+01
1.000000e+02, 3.891027e+01
1.000000e+02, 3.838282e+01
1.000000e+02, 3.785846e+01
1.000000e+02, 3.733717e+01
1.000000e+02, 3.681892e+01
1.000000e+02, 3.630367e+01
1.000000e+02, 3.579141e+01
1.000000e+02, 3.528210e+01
1.000000e+02, 3.477572e+01
1.000000e+02, 3.427224e+01
1.000000e+02, 3.377164e+01
1.000000e+02, 3.327389e+01
1.000000e+02, 3.277896e+01
1.000000e+02, 3.228683e+01
1.000000e+02, 3.179749e+01
1.000000e+02, 3.131089e+01
1.000000e+02, 3.082703e+01
1.000000e+02, 3.034587e+01
1.000000e+02, 2.986740e+01
1.000000e+02, 2.939159e+01
1.000000e+02, 2.891842e+01
1.000000e+02, 2.844788e+01
1.000000e+02, 2.797993e+01
1.000000e+02, 2.751456e+01
1.000000e+02, 2.705175e+01
1.000000e+02, 2.659148e+01
1.000000e+02, 2.613372e+01
1.000000e+02, 2.567847e+01
1.000000e+02, 2.522569e+01
1.000000e+02, 2.477538e+01
1.000000e+02, 2.432751e+01
1.000000e+02, 2.388206e+01
1.000000e+02, 2.343902e+01
1.000000e+02, 2.299837e+01
1.000000e+02, 2.256010e+01
1.000000e+02, 2.212417e+01
1.000000e+02, 2.169059e+01
1.000000e+02, 2.125932e+01
1.000000e+02, 2.083036e+01
1.000000e+02, 2.040369e+01
1.000000e+02, 1.997929e+01
1.000000e+02, 1.955715e+01
1.000000e+02, 1.913725e+01
1.000000e+02, 1.871958e+01
1.000000e+02, 1.830411e+01
1.000000e+02, 1.789085e+01
1.000000e+02, 1.747976e+01
1.000000e+02, 1.707085e+01
1.000000e+02, 1.666408e+01
1.000000e+02, 1.625946e+01
1.000000e+02, 1.585696e+01
1.000000e+02, 1.545658e+01
1.000000e+02, 1.505829e+01
1.000000e+02, 1.466209e+01
1.000000e+02, 1.426796e+01
1.000000e+02, 1.387589e+01
1.000000e+02, 1.348586e+01
1.000000e+02, 1.309788e+01
1.000000e+02, 1.271191e+01
1.000000e+02, 1.232795e+01
1.000000e+02, 1.194599e+01
1.000000e+02, 1.156602e+01
1.000000e+02, 1.118802e+01
1.000000e+02, 1.081198e+01
1.000000e+02, 1.043789e+01
1.000000e+02, 1.006575e+01
1.000000e+02, 9.695528e+00
1.000000e+02, 9.327227e+00
1.000000e+02, 8.960834e+00
1.000000e+02, 8.596336e+00
1.000000e+02, 8.233724e+00
1.000000e+02, 7.872987e+00
1.000000e+02, 7.514114e+00
1.000000e+02, 7.157096e+00
1.000000e+02, 6.801923e+00
1.000000e+02, 6.448584e+00
1.000000e+02, 6.097070e+00
1.000000e+02, 5.747370e+00
1.000000e+02, 5.399477e+00
1.000000e+02, 5.053379e+00
1.000000e+02, 4.709068e+00
1.000000e+02, 4.366534e+00
1.000000e+02, 4.025769e+00
1.000000e+02, 3.686763e+00
1.000000e+02, 3.349507e+00
1.000000e+02, 3.013993e+00
1.000000e+02, 2.680211e+00
1.000000e+02, 2.348154e+00
1.000000e+02, 2.017813e+00
1.000000e+02, 1.689179e+00
1.000000e+02, 1.362244e+00
1.000000e+02, 1.037000e+00
1.000000e+02, 7.134387e-01
1.000000e+02, 3.915522e-01
1.000000e+02, 7.133260e-02
1.000000e+02, 3.597528e+02
1.000000e+02, 3.594359e+02
1.000000e+02, 3.591206e+02
1.000000e+02, 3.588070e+02
1.000000e+02, 3.584950e+02
1.000000e+02, 3.581846e+02
1.000000e+02, 3.578758e+02
1.000000e+02, 3.575687e+02
1.000000e+02, 3.572631e+02
1.000000e+02, 3.569591e+02
1.000000e+02, 3.566567e+02
1.000000e+02, 3.563559e+02
1.000000e+02, 3.560567e+02
1.000000e+02, 3.557590e+02
1.000000e+02, 3.554629e+02
1.000000e+02, 3.551684e+02
1.000000e+02, 3.548754e+02
1.000000e+02, 3.545839e+02
1.000000e+02, 3.542939e+02
1.000000e+02, 3.540055e+02
1.000000e+02, 3.537186e+02
1.000000e+02, 3.534333e+02
1.000000e+02, 3.531494e+02
1.000000e+02, 3.528670e+02
1.000000e+02, 3.525861e+02
1.000000e+02, 3.523067e+02
1.000000e+02, 3.520288e+02
1.000000e+02, 3.517524e+02
1.000000e+02, 3.514774e+02
1.000000e+02, 3.512039e+02
1.000000e+02, 3.509319e+02
1.000000e+02, 3.506613e+02
1.000000e+02, 3.503922e+02
1.000000e+02, 3.501245e+02
1.000000e+02, 3.498583e+02
1.000000e+02, 3.495935e+02
1.000000e+02, 3.493301e+02
1.000000e+02, 3.490681e+02
1.000000e+02, 3.488076e+02
1.000000e+02, 3.485484e+02
1.000000e+02, 3.482907e+02
1.000000e+02, 3.480344e+02
1.000000e+02, 3.477794e+02
1.000000e+02, 3.475259e+02
1.000000e+02, 3.472738e+02
1.000000e+02, 3.470230e+02
1.000000e+02, 3.467736e+02
1.000000e+02, 3.465256e+02
1.000000e+02, 3.462789e+02
1.000000e+02, 3.460337e+02
1.000000e+02, 3.457897e+02
1.000000e+02, 3.455472e+02
1.000000e+02, 3.453059e+02
1.000000e+02, 3.450661e+02
1.000000e+02, 3.448275e+02
1.000000e+02, 3.445903e+02
1.000000e+02, 3.443545e+02
1.000000e+02, 3.441199e+02
1.000000e+02, 3.438867e+02
1.000000e+02, 3.436548e+02
1.000000e+02, 3.434242e+02
1.000000e+02, 3.431950e+02
1.000000e+02, 3.429670e+02
1.000000e+02, 3.427404e+02
1.000000e+02, 3.425150e+02
1.000000e+02, 3.422909e+02
1.000000e+02, 3.420682e+02
1.000000e+02, 3.418467e+02
1.000000e+02, 3.416265e+02
1.000000e+02, 3.414076e+02
1.000000e+02, 3.411899e+02
1.000000e+02, 3.409736e+02
1.000000e+02, 3.407584e+02
1.000000e+02, 3.405446e+02
1.000000e+02, 3.403320e+02
1.000000e+02, 3.401207e+02
1.000000e+02, 3.399106e+02
1.000000e+02, 3.397018e+02
1.000000e+02, 3.394943e+02
1.000000e+02, 3.392879e+02
1.000000e+02, 3.390829e+02
1.000000e+02, 3.388790e+02
1.000000e+02, 3.386764e+02
1.000000e+02, 3.384750e+02
1.000000e+02, 3.382749e+02
1.000000e+02, 3.380759e+02
1.000000e+02, 3.378782e+02
1.000000e+02, 3.376817e+02
1.000000e+02, 3.374864e+02
1.000000e+02, 3.372924e+02
1.000000e+02, 3.370995e+02
1.000000e+02, 3.369079e+02
1.000000e+02, 3.367174e+02
1.000000e+02, 3.365282e+02
1.000000e+02, 3.363401e+02
1.000000e+02, 3.361532e+02
1.000000e+02, 3.359675e+02
1.000000e+02, 3.357831e+02
1.000000e+02, 3.355998e+02
1.000000e+02, 3.354176e+02
1.000000e+02, 3.352367e+02
1.000000e+02, 3.350569e+02
1.000000e+02, 3.348783e+02
1.000000e+02, 3.347009e+02
1.000000e+02, 3.345246e+02
1.000000e+02, 3.343495e+02
1.000000e+02, 3.341756e+02
1.000000e+02, 3.340028e+02
1.000000e+02, 3.338312e+02
1.000000e+02, 3.336607e+02
1.000000e+02, 3.334914e+02
1.000000e+02, 3.333233e+02
1.000000e+02, 3.331563e+02
1.000000e+02, 3.329904e+02
1.000000e+02, 3.328257e+02
1.000000e+02, 3.326621e+02
1.000000e+02, 3.324996e+02
1.000000e+02, 3.323383e+02
1.000000e+02, 3.321781e+02
1.000000e+02, 3.320190e+02
1.000000e+02, 3.318611e+02
1.000000e+02, 3.317043e+02
1.000000e+02, 3.315486e+02
1.000000e+02, 3.313941e+02
1.000000e+02, 3.312406e+02
1.000000e+02, 3.310883e+02
1.000000e+02, 3.309371e+02
1.000000e+02, 3.307870e+02
1.000000e+02, 3.306380e+02
1.000000e+02, 3.304901e+02
1.000000e+02, 3.303433e+02
1.000000e+02, 3.301977e+02
1.000000e+02, 3.300531e+02
1.000000e+02, 3.299096e+02
1.000000e+02, 3.297672e+02
1.000000e+02, 3.296259e+02
1.000000e+02, 3.294858e+02
1.000000e+02, 3.293467e+02
1.000000e+02, 3.292087e+02
1.000000e+02, 3.290717e+02
1.000000e+02, 3.289359e+02
1.000000e+02, 3.288011e+02
1.000000e+02, 3.286675e+02
1.000000e+02, 3.285349e+02
1.000000e+02, 3.284034e+02
1.000000e+02, 3.282729e+02
1.000000e+02, 3.281436e+02
1.000000e+02, 3.280153e+02
1.000000e+02, 3.278881e+02
1.000000e+02, 3.277619e+02
1.000000e+02, 3.276369e+02
1.000000e+02, 3.275128e+02
1.000000e+02, 3.273899e+02
1.000000e+02, 3.272680e+02
1.000000e+02, 3.271472e+02
1.000000e+02, 3.270274e+02
1.000000e+02, 3.269087e+02
1.000000e+02, 3.267911e+02
1.000000e+02, 3.266745e+02
1.000000e+02, 3.265589e+02
1.000000e+02, 3.264444e+02
1.000000e+02, 3.263310e+02
1.000000e+02, 3.262186e+02
1.000000e+02, 3.261072e+02
1.000000e+02, 3.259969e+02
1.000000e+02, 3.258877e+02
1.000000e+02, 3.257795e+02
1.000000e+02, 3.256723e+02
1.000000e+02, 3.255662e+02
1.000000e+02, 3.254611e+02
1.000000e+02, 3.253570e+02
1.000000e+02, 3.252540e+02
1.000000e+02, 3.251520e+02
1.000000e+02, 3.250510e+02
1.000000e+02, 3.249511e+02
1.000000e+02, 3.248522e+02
1.000000e+02, 3.247543e+02
1.000000e+02, 3.246575e+02
1.000000e+02, 3.245617e+02
1.000000e+02, 3.244669e+02
1.000000e+02, 3.243732e+02
1.000000e+02, 3.242804e+02
1.000000e+02, 3.241887e+02
1.000000e+02, 3.240980e+02
1.000000e+02, 3.240083e+02
1.000000e+02, 3.239197e+02
1.000000e+02, 3.238320e+02
1.000000e+02, 3.237454e+02
1.000000e+02, 3.236598e+02
1.000000e+02, 3.235752e+02
1.000000e+02, 3.234916e+02
1.000000e+02, 3.234091e+02
1.000000e+02, 3.233275e+02
1.000000e+02, 3.232469e+02
1.000000e+02, 3.231674e+02
1.000000e+02, 3.230889e+02
1.000000e+02, 3.230114e+02
1.000000e+02, 3.229348e+02
1.000000e+02, 3.228593e+02
1.000000e+02, 3.227848e+02
1.000000e+02, 3.227113e+02
1.000000e+02, 3.226388e+02
1.000000e+02, 3.225673e+02
1.000000e+02, 3.224968e+02
1.000000e+02, 3.224273e+02
1.000000e+02, 3.223588e+02
1.000000e+02, 3.222913e+02
1.000000e+02, 3.222247e+02
1.000000e+02, 3.221592e+02
1.000000e+02, 3.220947e+02
1.000000e+02, 3.220312e+02
1.000000e+02, 3.219686e+02
1.000000e+02, 3.219071e+02
1.000000e+02, 3.218466e+02
1.000000e+02, 3.217870e+02
1.000000e+02, 3.217284e+02
1.000000e+02, 3.216709e+02
1.000000e+02, 3.216143e+02
1.000000e+02, 3.215587e+02
1.000000e+02, 3.215041e+02
1.000000e+02, 3.214504e+02
1.000000e+02, 3.213978e+02
1.000000e+02, 3.213461e+02
1.000000e+02, 3.212955e+02
1.000000e+02, 3.212458e+02
1.000000e+02, 3.211971e+02
1.000000e+02, 3.211494e+02
1.000000e+02, 3.211026e+02
1.000000e+02, 3.210569e+02
1.000000e+02, 3.210121e+02
1.000000e+02, 3.209683e+02
1.000000e+02, 3.209255e+02
1.000000e+02, 3.208837e+02
1.000000e+02, 3.208429e+02
1.000000e+02, 3.208030e+02
1.000000e+02, 3.207641e+02
1.000000e+02, 3.207262e+02
1.000000e+02, 3.206893e+02
1.000000e+02, 3.206533e+02
1.000000e+02, 3.206183e+02
1.000000e+02, 3.205843e+02
1.000000e+02, 3.205513e+02
1.000000e+02, 3.205193e+02
1.000000e+02, 3.204882e+02
1.000000e+02, 3.204581e+02
1.000000e+02, 3.204290e+02
1.000000e+02, 3.204008e+02
1.000000e+02, 3.203736e+02
1.000000e+02, 3.203474e+02
1.000000e+02, 3.203222e+02
1.000000e+02, 3.202979e+02
1.000000e+02, 3.202747e+02
1.000000e+02, 3.202523e+02
1.000000e+02, 3.202310e+02
1.000000e+02, 3.202106e+02
1.000000e+02, 3.201912e+02
1.000000e+02, 3.201728e+02
1.000000e+02, 3.201553e+02
1.000000e+02, 3.201389e+02
1.000000e+02, 3.201233e+02
1.000000e+02, 3.201088e+02
1.000000e+02, 3.200952e+02
1.000000e+02, 3.200826e+02
1.000000e+02, 3.200710e+02
1.000000e+02, 3.200603e+02
1.000000e+02, 3.200506e+02
1.000000e+02, 3.200419e+02
1.000000e+02, 3.200342e+02
1.000000e+02, 3.200274e+02
1.000000e+02, 3.200216e+02
1.000000e+02, 3.200167e+02
1.000000e+02, 3.200128e+02
1.000000e+02, 3.200099e+02
1.000000e+02, 3.200080e+02
1.000000e+02, 3.200070e+02
1.000000e+02, 3.200070e+02
1.000000e+02, 3.200080e+02
1.000000e+02, 3.200099e+02
1.000000e+02, 3.200128e+02
1.000000e+02, 3.200167e+02
1.000000e+02, 3.200216e+02
1.000000e+02, 3.200274e+02
1.000000e+02, 3.200342e+02
1.000000e+02, 3.200419e+02
1.000000e+02, 3.200506e+02
1.000000e+02, 3.200603e+02
1.000000e+02, 3.200710e+02
1.000000e+02, 3.200826e+02
1.000000e+02, 3.200952e+02
1.000000e+02, 3.201088e+02
1.000000e+02, 3.201233e+02
1.000000e+02, 3.201389e+02
1.000000e+02, 3.201553e+02
1.000000e+02, 3.201728e+02
1.000000e+02, 3.201912e+02
1.000000e+02, 3.202106e+02
1.000000e+02, 3.202310e+02
1.000000e+02, 3.202523e+02
1.000000e+02, 3.202747e+02
1.000000e+02, 3.202979e+02
1.000000e+02, 3.203222e+02
1.000000e+02, 3.203474e+02
1.000000e+02, 3.203736e+02
1.000000e+02, 3.204008e+02
1.000000e+02, 3.204290e+02
1.000000e+02, 3.204581e+02
1.000000e+02, 3.204882e+02
1.000000e+02, 3.205193e+02
1.000000e+02, 3.205513e+02
1.000000e+02, 3.205843e+02
1.000000e+02, 3.206183e+02
1.000000e+02, 3.206533e+02
1.000000e+02, 3.206893e+02
1.000000e+02, 3.207262e+02
1.000000e+02, 3.207641e+02
1.000000e+02, 3.208030e+02
1.000000e+02, 3.208429e+02
1.000000e+02, 3.208837e+02
1.000000e+02, 3.209255e+02
1.000000e+02, 3.209683e+02
1.000000e+02, 3.210121e+02
1.000000e+02, 3.210569e+02
1.000000e+02, 3.211026e+02
1.000000e+02, 3.211494e+02
1.000000e+02, 3.211971e+02
1.000000e+02, 3.212458e+02
1.000000e+02, 3.212955e+02
1.000000e+02, 3.213461e+02
1.000000e+02, 3.213978e+02
1.000000e+02, 3.214504e+02
1.000000e+02, 3.215041e+02
1.000000e+02, 3.215587e+02
1.000000e+02, 3.216143e+02
1.000000e+02, 3.216709e+02
1.000000e+02, 3.217284e+02
1.000000e+02, 3.217870e+02
1.000000e+02, 3.218466e+02
1.000000e+02, 3.219071e+02
1.000000e+02, 3.219686e+02
1.000000e+02, 3.220312e+02
1.000000e+02, 3.220947e+02
1.000000e+02, 3.221592e+02
1.000000e+02, 3.222247e+02
1.000000e+02, 3.222913e+02
1.000000e+02, 3.223588e+02
1.000000e+02, 3.224273e+02
1.000000e+02, 3.224968e+02
1.000000e+02, 3.225673e+02
1.000000e+02, 3.226388e+02
1.000000e+02, 3.227113e+02
1.000000e+02, 3.227848e+02
1.000000e+02, 3.228593e+02
1.000000e+02, 3.229348e+02
1.000000e+02, 3.230114e+02
1.000000e+02, 3.230889e+02
1.000000e+02, 3.231674e+02
1.000000e+02, 3.232470e+02
1.000000e+02, 3.233275e+02
1.000000e+02, 3.234091e+02
1.000000e+02, 3.234916e+02
1.000000e+02, 3.235752e+02
1.000000e+02, 3.236598e+02
1.000000e+02, 3.237454e+02
1.000000e+02, 3.238320e+02
1.000000e+02, 3.239197e+02
1.000000e+02, 3.240083e+02
1.000000e+02, 3.240980e+02
1.000000e+02, 3.241887e+02
1.000000e+02, 3.242804e+02
1.000000e+02, 3.243732e+02
1.000000e+02, 3.244669e+02
1.000000e+02, 3.245617e+02
1.000000e+02, 3.246575e+02
1.000000e+02, 3.247543e+02
1.000000e+02, 3.248522e+02
1.000000e+02, 3.249511e+02
1.000000e+02, 3.250510e+02
1.000000e+02, 3.251520e+02
1.000000e+02, 3.252540e+02
1.000000e+02, 3.253570e+02
1.000000e+02, 3.254611e+02
1.000000e+02, 3.255662e+02
1.000000e+02, 3.256723e+02
1.000000e+02, 3.257795e+02
1.000000e+02, 3.258877e+02
1.000000e+02, 3.259969e+02
1.000000e+02, 3.261072e+02
1.000000e+02, 3.262186e+02
1.000000e+02, 3.263310e+02
1.000000e+02, 3.264444e+02
1.000000e+02, 3.265589e+02
1.000000e+02, 3.266745e+02
1.000000e+02, 3.267911e+02
1.000000e+02, 3.269087e+02
1.000000e+02, 3.270274e+02
1.000000e+02, 3.271472e+02
1.000000e+02, 3.272680e+02
1.000000e+02, 3.273899e+02
1.000000e+02, 3.275128e+02
1.000000e+02, 3.276369e+02
1.000000e+02, 3.277619e+02
1.000000e+02, 3.278881e+02
1.000000e+02, 3.280153e+02
1.000000e+02, 3.281436e+02
1.000000e+02, 3.282729e+02
1.000000e+02, 3.284034e+02
1.000000e+02, 3.285349e+02
1.000000e+02, 3.286675e+02
1.000000e+02, 3.288012e+02
1.000000e+02, 3.289359e+02
1.000000e+02, 3.290717e+02
1.000000e+02, 3.292087e+02
1.000000e+02, 3.293467e+02
1.000000e+02, 3.294858e+02
1.000000e+02, 3.296259e+02
1.000000e+02, 3.297672e+02
1.000000e+02, 3.299096e+02
1.000000e+02, 3.300531e+02
1.000000e+02, 3.301977e+02
1.000000e+02, 3.303433e+02
1.000000e+02, 3.304901e+02
1.000000e+02, 3.306380e+02
1.000000e+02, 3.307870e+02
1.000000e+02, 3.309371e+02
1.000000e+02, 3.310883e+02
1.000000e+02, 3.312406e+02
1.000000e+02, 3.313941e+02
1.000000e+02, 3.315486e+02
1.000000e+02, 3.317043e+02
1.000000e+02, 3.318611e+02
1.000000e+02, 3.320190e+02
1.000000e+02, 3.321781e+02
1.000000e+02, 3.323383e+02
1.000000e+02, 3.324996e+02
1.000000e+02, 3.326621e+02
1.000000e+02, 3.328257e+02
1.000000e+02, 3.329904e+02
1.000000e+02, 3.331563e+02
1.000000e+02, 3.333233e+02
1.000000e+02, 3.334914e+02
1.000000e+02, 3.336607e+02
1.000000e+02, 3.338312e+02
1.000000e+02, 3.340028e+02
1.000000e+02, 3.341756e+02
1.000000e+02, 3.343495e+02
1.000000e+02, 3.345246e+02
1.000000e+02, 3.347009e+02
1.000000e+02, 3.348783e+02
1.000000e+02, 3.350569e+02
1.000000e+02, 3.352367e+02
1.000000e+02, 3.354176e+02
1.000000e+02, 3.355998e+02
1.000000e+02, 3.357831e+02
1.000000e+02, 3.359676e+02
1.000000e+02, 3.361532e+02
1.000000e+02, 3.363401e+02
1.000000e+02, 3.365282e+02
1.000000e+02, 3.367174e+02
1.000000e+02, 3.369079e+02
1.000000e+02, 3.370995e+02
1.000000e+02, 3.372924e+02
1.000000e+02, 3.374864e+02
1.000000e+02, 3.376817e+02
1.000000e+02, 3.378782e+02
1.000000e+02, 3.380759e+02
1.000000e+02, 3.382749e+02
1.000000e+02, 3.384750e+02
1.000000e+02, 3.386764e+02
1.000000e+02, 3.388790e+02
1.000000e+02, 3.390829e+02
1.000000e+02, 3.392879e+02
1.000000e+02, 3.394943e+02
1.000000e+02, 3.397018e+02
1.000000e+02, 3.399106e+02
1.000000e+02, 3.401207e+02
1.000000e+02, 3.403320e+02
1.000000e+02, 3.405446e+02
1.000000e+02, 3.407584e+02
1.000000e+02, 3.409736e+02
1.000000e+02, 3.411899e+02
1.000000e+02, 3.414076e+02
1.000000e+02, 3.416265e+02
1.000000e+02, 3.418467e+02
1.000000e+02, 3.420682e+02
1.000000e+02, 3.422909e+02
1.000000e+02, 3.425150e+02
1.000000e+02, 3.427404e+02
1.000000e+02, 3.429670e+02
1.000000e+02, 3.431950e+02
1.000000e+02, 3.434242e+02
1.000000e+02, 3.436548e+02
1.000000e+02, 3.438867e+02
1.000000e+02, 3.441199e+02
1.000000e+02, 3.443545e+02
1.000000e+02, 3.445903e+02
1.000000e+02, 3.448275e+02
1.000000e+02, 3.450661e+02
1.000000e+02, 3.453059e+02
1.000000e+02, 3.455472e+02
1.000000e+02, 3.457897e+02
1.000000e+02, 3.460337e+02
1.000000e+02, 3.462789e+02
1.000000e+02, 3.465256e+02
1.000000e+02, 3.467736e+02
1.000000e+02, 3.470230e+02
1.000000e+02, 3.472738e+02
1.000000e+02, 3.475259e+02
1.000000e+02, 3.477794e+02
1.000000e+02, 3.480344e+02
1.000000e+02, 3.482907e+02
1.000000e+02, 3.485484e+02
1.000000e+02, 3.488076e+02
1.000000e+02, 3.490681e+02
1.000000e+02, 3.493301e+02
1.000000e+02, 3.495935e+02
1.000000e+02, 3.498583e+02
1.000000e+02, 3.501245e+02
1.000000e+02, 3.503922e+02
1.000000e+02, 3.506613e+02
1.000000e+02, 3.509319e+02
1.000000e+02, 3.512039e+02
1.000000e+02, 3.514774e+02
1.000000e+02, 3.517524e+02
1.000000e+02, 3.520288e+02
1.000000e+02, 3.523067e+02
1.000000e+02, 3.525861e+02
1.000000e+02, 3.528670e+02
1.000000e+02, 3.531494e+02
1.000000e+02, 3.534333e+02
1.000000e+02, 3.537186e+02
1.000000e+02, 3.540055e+02
1.000000e+02, 3.542940e+02
1.000000e+02, 3.545839e+02
1.000000e+02, 3.548754e+02
1.000000e+02, 3.551684e+02
1.000000e+02, 3.554629e+02
1.000000e+02, 3.557590e+02
1.000000e+02, 3.560567e+02
1.000000e+02, 3.563559e+02
1.000000e+02, 3.566568e+02
1.000000e+02, 3.569591e+02
1.000000e+02, 3.572631e+02
1.000000e+02, 3.575687e+02
1.000000e+02, 3.578758e+02
1.000000e+02, 3.581846e+02
1.000000e+02, 3.584950e+02
1.000000e+02, 3.588070e+02
1.000000e+02, 3.591206e+02
1.000000e+02, 3.594359e+02
1.000000e+02, 3.597528e+02
1.000000e+02, 7.133399e-02
1.000000e+02, 3.915536e-01
1.000000e+02, 7.134401e-01
1.000000e+02, 1.037001e+00
1.000000e+02, 1.362245e+00
1.000000e+02, 1.689180e+00
1.000000e+02, 2.017814e+00
1.000000e+02, 2.348156e+00
1.000000e+02, 2.680213e+00
1.000000e+02, 3.013994e+00
1.000000e+02, 3.349508e+00
1.000000e+02, 3.686764e+00
1.000000e+02, 4.025770e+00
1.000000e+02, 4.366536e+00
1.000000e+02, 4.709069e+00
1.000000e+02, 5.053380e+00
1.000000e+02, 5.399478e+00
1.000000e+02, 5.747372e+00
1.000000e+02, 6.097071e+00
1.000000e+02, 6.448585e+00
1.000000e+02, 6.801924e+00
1.000000e+02, 7.157098e+00
1.000000e+02, 7.514116e+00
1.000000e+02, 7.872988e+00
1.000000e+02, 8.233725e+00
1.000000e+02, 8.596338e+00
1.000000e+02, 8.960835e+00
1.000000e+02, 9.327229e+00
1.000000e+02, 9.695530e+00
1.000000e+02, 1.006575e+01
1.000000e+02, 1.043789e+01
1.000000e+02, 1.081198e+01
1.000000e+02, 1.118802e+01
1.000000e+02, 1.156602e+01
1.000000e+02, 1.194599e+01
1.000000e+02, 1.232795e+01
1.000000e+02, 1.271191e+01
1.000000e+02, 1.309788e+01
1.000000e+02, 1.348587e+01
1.000000e+02, 1.387589e+01
1.000000e+02, 1.426796e+01
1.000000e+02, 1.466209e+01
1.000000e+02, 1.505829e+01
1.000000e+02, 1.545658e+01
1.000000e+02, 1.585696e+01
1.000000e+02, 1.625946e+01
1.000000e+02, 1.666409e+01
1.000000e+02, 1.707085e+01
1.000000e+02, 1.747977e+01
1.000000e+02, 1.789085e+01
1.000000e+02, 1.830412e+01
1.000000e+02, 1.871958e+01
1.000000e+02, 1.913725e+01
1.000000e+02, 1.955715e+01
1.000000e+02, 1.997929e+01
1.000000e+02, 2.040369e+01
1.000000e+02, 2.083036e+01
1.000000e+02, 2.125932e+01
1.000000e+02, 2.169059e+01
1.000000e+02, 2.212417e+01
1.000000e+02, 2.256010e+01
1.000000e+02, 2.299838e+01
1.000000e+02, 2.343903e+01
1.000000e+02, 2.388207e+01
1.000000e+02, 2.432751e+01
1.000000e+02, 2.477538e+01
1.000000e+02, 2.522569e+01
1.000000e+02, 2.567847e+01
1.000000e+02, 2.613372e+01
1.000000e+02, 2.659148e+01
1.000000e+02, 2.705175e+01
1.000000e+02, 2.751456e+01
1.000000e+02, 2.797993e+01
1.000000e+02, 2.844788e+01
1.000000e+02, 2.891842e+01
1.000000e+02, 2.939159e+01
1.000000e+02, 2.986740e+01
1.000000e+02, 3.034587e+01
1.000000e+02, 3.082703e+01
1.000000e+02, 3.131089e+01
1.000000e+02, 3.179749e+01
1.000000e+02, 3.228684e+01
1.000000e+02, 3.277896e+01
1.000000e+02, 3.327389e+01
1.000000e+02, 3.377164e+01
1.000000e+02, 3.427225e+01
1.000000e+02, 3.477572e+01
1.000000e+02, 3.528210e+01
1.000000e+02, 3.579141e+01
1.000000e+02, 3.630368e+01
1.000000e+02, 3.681892e+01
1.000000e+02, 3.733717e+01
1.000000e+02, 3.785846e+01
1.000000e+02, 3.838282e+01
1.000000e+02, 3.891027e+01
1.000000e+02, 3.944084e+01
1.000000e+02, 3.997457e+01
1.000000e+02, 4.051149e+01
1.000000e+02, 4.105162e+01
1.000000e+02, 4.159500e+01
1.000000e+02, 4.214167e+01
1.000000e+02, 4.269165e+01
1.000000e+02, 4.324498e+01
1.000000e+02, 4.380169e+01
1.000000e+02, 4.436182e+01
1.000000e+02, 4.492541e+01
1.000000e+02, 4.549249e+01
1.000000e+02, 4.606310e+01
1.000000e+02, 4.663728e+01
1.000000e+02, 4.721506e+01
1.000000e+02, 4.779649e+01
1.000000e+02, 4.838161e+01
1.000000e+02, 4.897046e+01
1.000000e+02, 4.956308e+01
1.000000e+02, 5.015952e+01
1.000000e+02, 5.075982e+01
1.000000e+02, 5.136403e+01
1.000000e+02, 5.197218e+01
1.000000e+02, 5.258434e+01
1.000000e+02, 5.320054e+01
1.000000e+02, 5.382085e+01
1.000000e+02, 5.444530e+01
1.000000e+02, 5.507395e+01
1.000000e+02, 5.570686e+01
1.000000e+02, 5.634408e+01
1.000000e+02, 5.698566e+01
1.000000e+02, 5.763167e+01
1.000000e+02, 5.828215e+01
1.000000e+02, 5.893718e+01
1.000000e+02, 5.959681e+01
1.000000e+02, 6.026111e+01
1.000000e+02, 6.093014e+01
1.000000e+02, 6.160397e+01
1.000000e+02, 6.228266e+01
1.000000e+02, 6.296630e+01
1.000000e+02, 6.365493e+01
1.000000e+02, 6.434866e+01
1.000000e+02, 6.504754e+01
1.000000e+02, 6.575165e+01
1.000000e+02, 6.646109e+01
1.000000e+02, 6.717592e+01
1.000000e+02, 6.789624e+01
1.000000e+02, 6.862213e+01
1.000000e+02, 6.935368e+01
1.000000e+02, 7.009099e+01
1.000000e+02, 7.083414e+01
1.000000e+02, 7.158325e+01
1.000000e+02, 7.233840e+01
1.000000e+02, 7.309971e+01
1.000000e+02, 7.386728e+01
1.000000e+02, 7.464122e+01
1.000000e+02, 7.542165e+01
1.000000e+02, 7.620869e+01
1.000000e+02, 7.700246e+01
1.000000e+02, 7.780308e+01
1.000000e+02, 7.861070e+01
1.000000e+02, 7.942543e+01
1.000000e+02, 8.024743e+01
1.000000e+02, 8.107683e+01
1.000000e+02, 8.191380e+01
1.000000e+02, 8.275848e+01
1.000000e+02, 8.361104e+01
1.000000e+02, 8.447165e+01
1.000000e+02, 8.534048e+01
1.000000e+02, 8.621771e+01
1.000000e+02, 8.710353e+01
1.000000e+02, 8.799814e+01
1.000000e+02, 8.890175e+01
1.000000e+02, 8.981456e+01
1.000000e+02, 9.073679e+01
1.000000e+02, 9.166869e+01
1.000000e+02, 9.261049e+01
1.000000e+02, 9.356244e+01
1.000000e+02, 9.452481e+01
1.000000e+02, 9.549788e+01
1.000000e+02, 9.648193e+01
1.000000e+02, 9.747727e+01
1.000000e+02, 9.848422e+01
1.000000e+02, 9.950312e+01
1.000000e+02, 1.005343e+02
1.000000e+02, 1.015782e+02
1.000000e+02, 1.026351e+02
1.000000e+02, 1.037054e+02
1.000000e+02, 1.047897e+02
1.000000e+02, 1.058884e+02
1.000000e+02, 1.070019e+02
1.000000e+02, 1.081307e+02
1.000000e+02, 1.092755e+02
1.000000e+02, 1.104368e+02
1.000000e+02, 1.116152e+02
1.000000e+02, 1.128114e+02
1.000000e+02, 1.140260e+02
1.000000e+02, 1.152599e+02
1.000000e+02, 1.165139e+02
1.000000e+02, 1.177888e+02
1.000000e+02, 1.190856e+02
1.000000e+02, 1.204052e+02
1.000000e+02, 1.217489e+02
1.000000e+02, 1.231177e+02
1.000000e+02, 1.245130e+02
1.000000e+02, 1.259362e+02
1.000000e+02, 1.273889e+02
1.000000e+02, 1.288727e+02
1.000000e+02, 1.303895e+02
1.000000e+02, 1.319414e+02
1.000000e+02, 1.335308e+02
1.000000e+02, 1.351601e+02
1.000000e+02, 1.368324e+02
1.000000e+02, 1.385509e+02
1.000000e+02, 1.403193e+02
1.000000e+02, 1.421419e+02
1.000000e+02, 1.440236e+02
1.000000e+02, 1.459701e+02
1.000000e+02, 1.479883e+02
1.000000e+02, 1.500861e+02
1.000000e+02, 1.522733e+02
1.000000e+02, 1.545615e+02
1.000000e+02, 1.569656e+02
1.000000e+02, 1.595043e+02
1.000000e+02, 1.622021e+02
1.000000e+02, 1.650921e+02
1.000000e+02, 1.682209e+02
1.000000e+02, 1.716581e+02
1.000000e+02, 1.755159e+02
1.000000e+02, 1.800000e+02
##END= 