##TITLE= /opt/topspin3.0/exp/stan/nmr/lists/wave/user/HypSec_trunc2.84_110
##JCAMP-DX= 5.00 Bruker JCAMP library
##DATA TYPE= Shape Data
##ORIGIN= Bruker BioSpin GmbH
##OWNER= <nmrsu>
##DATE= 15/02/24
##TIME= 16:15:04
##MINX= 1.164538e+01
##MAXX= 9.999960e+01
##MINY= 2.546774e-02
##MAXY= 3.585574e+02
##$SHAPE_EXMODE= Adiabatic
##$SHAPE_TOTROT= 1.800000e+02
##$SHAPE_BWFAC= 1.929340e+02
##$SHAPE_INTEGFAC= 2.356110e-02
##$SHAPE_MODE= 0
##NPOINTS= 1000
##XYPOINTS= (XY..XY)
1.000000e+02, 1.800000e+02
1.000000e+02, 1.726594e+02
1.000000e+02, 1.663439e+02
1.000000e+02, 1.607172e+02
1.000000e+02, 1.555952e+02
1.000000e+02, 1.508641e+02
1.000000e+02, 1.464477e+02
1.000000e+02, 1.422918e+02
1.000000e+02, 1.383562e+02
1.000000e+02, 1.346103e+02
1.000000e+02, 1.310299e+02
1.000000e+02, 1.275957e+02
1.000000e+02, 1.242919e+02
1.000000e+02, 1.211053e+02
1.000000e+02, 1.180248e+02
1.000000e+02, 1.150412e+02
1.000000e+02, 1.121463e+02
1.000000e+02, 1.093331e+02
1.000000e+02, 1.065955e+02
1.000000e+02, 1.039281e+02
1.000000e+02, 1.013263e+02
1.000000e+02, 9.878574e+01
1.000000e+02, 9.630265e+01
1.000000e+02, 9.387362e+01
1.000000e+02, 9.149558e+01
1.000000e+02, 8.916575e+01
1.000000e+02, 8.688158e+01
1.000000e+02, 8.464076e+01
1.000000e+02, 8.244116e+01
1.000000e+02, 8.028082e+01
1.000000e+02, 7.815796e+01
1.000000e+02, 7.607090e+01
1.000000e+02, 7.401810e+01
1.000000e+02, 7.199815e+01
1.000000e+02, 7.000970e+01
1.000000e+02, 6.805151e+01
1.000000e+02, 6.612244e+01
1.000000e+02, 6.422139e+01
1.000000e+02, 6.234734e+01
1.000000e+02, 6.049935e+01
1.000000e+02, 5.867652e+01
1.000000e+02, 5.687800e+01
1.000000e+02, 5.510299e+01
1.000000e+02, 5.335074e+01
1.000000e+02, 5.162054e+01
1.000000e+02, 4.991171e+01
1.000000e+02, 4.822361e+01
1.000000e+02, 4.655565e+01
1.000000e+02, 4.490723e+01
1.000000e+02, 4.327782e+01
1.000000e+02, 4.166689e+01
1.000000e+02, 4.007395e+01
1.000000e+02, 3.849851e+01
1.000000e+02, 3.694013e+01
1.000000e+02, 3.539837e+01
1.000000e+02, 3.387282e+01
1.000000e+02, 3.236308e+01
1.000000e+02, 3.086878e+01
1.000000e+02, 2.938955e+01
1.000000e+02, 2.792504e+01
1.000000e+02, 2.647491e+01
1.000000e+02, 2.503886e+01
1.000000e+02, 2.361655e+01
1.000000e+02, 2.220771e+01
1.000000e+02, 2.081203e+01
1.000000e+02, 1.942926e+01
1.000000e+02, 1.805911e+01
1.000000e+02, 1.670134e+01
1.000000e+02, 1.535570e+01
1.000000e+02, 1.402195e+01
1.000000e+02, 1.269986e+01
1.000000e+02, 1.138921e+01
1.000000e+02, 1.008978e+01
1.000000e+02, 8.801370e+00
1.000000e+02, 7.523775e+00
1.000000e+02, 6.256801e+00
1.000000e+02, 5.000260e+00
1.000000e+02, 3.753971e+00
1.000000e+02, 2.517756e+00
1.000000e+02, 1.291444e+00
1.000000e+02, 7.487047e-02
1.000000e+02, 3.588679e+02
1.000000e+02, 3.576703e+02
1.000000e+02, 3.564820e+02
1.000000e+02, 3.553028e+02
1.000000e+02, 3.541326e+02
1.000000e+02, 3.529712e+02
1.000000e+02, 3.518186e+02
1.000000e+02, 3.506745e+02
1.000000e+02, 3.495388e+02
1.000000e+02, 3.484115e+02
1.000000e+02, 3.472924e+02
1.000000e+02, 3.461813e+02
1.000000e+02, 3.450782e+02
1.000000e+02, 3.439830e+02
1.000000e+02, 3.428955e+02
1.000000e+02, 3.418157e+02
1.000000e+02, 3.407434e+02
1.000000e+02, 3.396785e+02
1.000000e+02, 3.386210e+02
1.000000e+02, 3.375707e+02
1.000000e+02, 3.365275e+02
1.000000e+02, 3.354914e+02
1.000000e+02, 3.344623e+02
1.000000e+02, 3.334400e+02
1.000000e+02, 3.324246e+02
1.000000e+02, 3.314158e+02
1.000000e+02, 3.304137e+02
1.000000e+02, 3.294181e+02
1.000000e+02, 3.284290e+02
1.000000e+02, 3.274463e+02
1.000000e+02, 3.264699e+02
1.000000e+02, 3.254998e+02
1.000000e+02, 3.245358e+02
1.000000e+02, 3.235780e+02
1.000000e+02, 3.226261e+02
1.000000e+02, 3.216803e+02
1.000000e+02, 3.207403e+02
1.000000e+02, 3.198062e+02
1.000000e+02, 3.188779e+02
1.000000e+02, 3.179553e+02
1.000000e+02, 3.170383e+02
1.000000e+02, 3.161270e+02
1.000000e+02, 3.152211e+02
1.000000e+02, 3.143208e+02
1.000000e+02, 3.134259e+02
1.000000e+02, 3.125364e+02
1.000000e+02, 3.116521e+02
1.000000e+02, 3.107732e+02
1.000000e+02, 3.098995e+02
1.000000e+02, 3.090309e+02
1.000000e+02, 3.081674e+02
1.000000e+02, 3.073090e+02
1.000000e+02, 3.064557e+02
1.000000e+02, 3.056073e+02
1.000000e+02, 3.047638e+02
1.000000e+02, 3.039252e+02
1.000000e+02, 3.030914e+02
1.000000e+02, 3.022625e+02
1.000000e+02, 3.014383e+02
1.000000e+02, 3.006188e+02
1.000000e+02, 2.998039e+02
1.000000e+02, 2.989937e+02
1.000000e+02, 2.981881e+02
1.000000e+02, 2.973870e+02
1.000000e+02, 2.965904e+02
1.000000e+02, 2.957983e+02
1.000000e+02, 2.950106e+02
1.000000e+02, 2.942274e+02
1.000000e+02, 2.934485e+02
1.000000e+02, 2.926739e+02
1.000000e+02, 2.919036e+02
1.000000e+02, 2.911375e+02
1.000000e+02, 2.903757e+02
1.000000e+02, 2.896180e+02
1.000000e+02, 2.888646e+02
1.000000e+02, 2.881152e+02
1.000000e+02, 2.873699e+02
1.000000e+02, 2.866287e+02
1.000000e+02, 2.858915e+02
1.000000e+02, 2.851584e+02
1.000000e+02, 2.844292e+02
1.000000e+02, 2.837039e+02
1.000000e+02, 2.829825e+02
1.000000e+02, 2.822650e+02
1.000000e+02, 2.815514e+02
1.000000e+02, 2.808416e+02
1.000000e+02, 2.801356e+02
1.000000e+02, 2.794334e+02
1.000000e+02, 2.787349e+02
1.000000e+02, 2.780402e+02
1.000000e+02, 2.773491e+02
1.000000e+02, 2.766617e+02
1.000000e+02, 2.759780e+02
1.000000e+02, 2.752978e+02
1.000000e+02, 2.746213e+02
1.000000e+02, 2.739484e+02
1.000000e+02, 2.732789e+02
1.000000e+02, 2.726131e+02
1.000000e+02, 2.719507e+02
1.000000e+02, 2.712918e+02
1.000000e+02, 2.706363e+02
1.000000e+02, 2.699843e+02
1.000000e+02, 2.693357e+02
1.000000e+02, 2.686905e+02
1.000000e+02, 2.680487e+02
1.000000e+02, 2.674102e+02
1.000000e+02, 2.667750e+02
1.000000e+02, 2.661432e+02
1.000000e+02, 2.655146e+02
1.000000e+02, 2.648894e+02
1.000000e+02, 2.642673e+02
1.000000e+02, 2.636485e+02
1.000000e+02, 2.630329e+02
1.000000e+02, 2.624206e+02
1.000000e+02, 2.618113e+02
1.000000e+02, 2.612053e+02
1.000000e+02, 2.606024e+02
1.000000e+02, 2.600025e+02
1.000000e+02, 2.594059e+02
1.000000e+02, 2.588122e+02
1.000000e+02, 2.582217e+02
1.000000e+02, 2.576342e+02
1.000000e+02, 2.570498e+02
1.000000e+02, 2.564683e+02
1.000000e+02, 2.558899e+02
1.000000e+02, 2.553145e+02
1.000000e+02, 2.547420e+02
1.000000e+02, 2.541725e+02
1.000000e+02, 2.536059e+02
1.000000e+02, 2.530423e+02
1.000000e+02, 2.524815e+02
1.000000e+02, 2.519237e+02
1.000000e+02, 2.513687e+02
1.000000e+02, 2.508166e+02
1.000000e+02, 2.502674e+02
1.000000e+02, 2.497209e+02
1.000000e+02, 2.491773e+02
1.000000e+02, 2.486366e+02
1.000000e+02, 2.480986e+02
1.000000e+02, 2.475634e+02
1.000000e+02, 2.470309e+02
1.000000e+02, 2.465013e+02
1.000000e+02, 2.459743e+02
1.000000e+02, 2.454501e+02
1.000000e+02, 2.449286e+02
1.000000e+02, 2.444098e+02
1.000000e+02, 2.438937e+02
1.000000e+02, 2.433803e+02
1.000000e+02, 2.428695e+02
1.000000e+02, 2.423614e+02
1.000000e+02, 2.418560e+02
1.000000e+02, 2.413531e+02
1.000000e+02, 2.408529e+02
1.000000e+02, 2.403553e+02
1.000000e+02, 2.398603e+02
1.000000e+02, 2.393679e+02
1.000000e+02, 2.388780e+02
1.000000e+02, 2.383907e+02
1.000000e+02, 2.379060e+02
1.000000e+02, 2.374238e+02
1.000000e+02, 2.369441e+02
1.000000e+02, 2.364670e+02
1.000000e+02, 2.359923e+02
1.000000e+02, 2.355202e+02
1.000000e+02, 2.350505e+02
1.000000e+02, 2.345833e+02
1.000000e+02, 2.341186e+02
1.000000e+02, 2.336563e+02
1.000000e+02, 2.331965e+02
1.000000e+02, 2.327392e+02
1.000000e+02, 2.322842e+02
1.000000e+02, 2.318317e+02
1.000000e+02, 2.313816e+02
1.000000e+02, 2.309339e+02
1.000000e+02, 2.304885e+02
1.000000e+02, 2.300456e+02
1.000000e+02, 2.296050e+02
1.000000e+02, 2.291668e+02
1.000000e+02, 2.287309e+02
1.000000e+02, 2.282974e+02
1.000000e+02, 2.278663e+02
1.000000e+02, 2.274374e+02
1.000000e+02, 2.270109e+02
1.000000e+02, 2.265867e+02
1.000000e+02, 2.261648e+02
1.000000e+02, 2.257452e+02
1.000000e+02, 2.253278e+02
1.000000e+02, 2.249128e+02
1.000000e+02, 2.245000e+02
1.000000e+02, 2.240895e+02
1.000000e+02, 2.236812e+02
1.000000e+02, 2.232752e+02
1.000000e+02, 2.228715e+02
1.000000e+02, 2.224699e+02
1.000000e+02, 2.220706e+02
1.000000e+02, 2.216735e+02
1.000000e+02, 2.212786e+02
1.000000e+02, 2.208859e+02
1.000000e+02, 2.204954e+02
1.000000e+02, 2.201071e+02
1.000000e+02, 2.197210e+02
1.000000e+02, 2.193371e+02
1.000000e+02, 2.189553e+02
1.000000e+02, 2.185757e+02
1.000000e+02, 2.181982e+02
1.000000e+02, 2.178229e+02
1.000000e+02, 2.174497e+02
1.000000e+02, 2.170787e+02
1.000000e+02, 2.167097e+02
1.000000e+02, 2.163429e+02
1.000000e+02, 2.159783e+02
1.000000e+02, 2.156157e+02
1.000000e+02, 2.152552e+02
1.000000e+02, 2.148968e+02
1.000000e+02, 2.145405e+02
1.000000e+02, 2.141863e+02
1.000000e+02, 2.138342e+02
1.000000e+02, 2.134841e+02
1.000000e+02, 2.131361e+02
1.000000e+02, 2.127902e+02
1.000000e+02, 2.124463e+02
1.000000e+02, 2.121045e+02
1.000000e+02, 2.117647e+02
1.000000e+02, 2.114269e+02
1.000000e+02, 2.110912e+02
1.000000e+02, 2.107575e+02
1.000000e+02, 2.104258e+02
1.000000e+02, 2.100961e+02
1.000000e+02, 2.097685e+02
1.000000e+02, 2.094428e+02
1.000000e+02, 2.091192e+02
1.000000e+02, 2.087975e+02
1.000000e+02, 2.084778e+02
1.000000e+02, 2.081601e+02
1.000000e+02, 2.078444e+02
1.000000e+02, 2.075307e+02
1.000000e+02, 2.072189e+02
1.000000e+02, 2.069091e+02
1.000000e+02, 2.066012e+02
1.000000e+02, 2.062953e+02
1.000000e+02, 2.059913e+02
1.000000e+02, 2.056893e+02
1.000000e+02, 2.053892e+02
1.000000e+02, 2.050911e+02
1.000000e+02, 2.047949e+02
1.000000e+02, 2.045006e+02
1.000000e+02, 2.042082e+02
1.000000e+02, 2.039177e+02
1.000000e+02, 2.036292e+02
1.000000e+02, 2.033426e+02
1.000000e+02, 2.030578e+02
1.000000e+02, 2.027750e+02
1.000000e+02, 2.024940e+02
1.000000e+02, 2.022150e+02
1.000000e+02, 2.019378e+02
1.000000e+02, 2.016625e+02
1.000000e+02, 2.013891e+02
1.000000e+02, 2.011176e+02
1.000000e+02, 2.008479e+02
1.000000e+02, 2.005801e+02
1.000000e+02, 2.003142e+02
1.000000e+02, 2.000501e+02
1.000000e+02, 1.997879e+02
1.000000e+02, 1.995275e+02
1.000000e+02, 1.992689e+02
1.000000e+02, 1.990122e+02
1.000000e+02, 1.987574e+02
1.000000e+02, 1.985044e+02
1.000000e+02, 1.982532e+02
1.000000e+02, 1.980038e+02
1.000000e+02, 1.977563e+02
1.000000e+02, 1.975105e+02
1.000000e+02, 1.972666e+02
1.000000e+02, 1.970245e+02
1.000000e+02, 1.967843e+02
1.000000e+02, 1.965458e+02
1.000000e+02, 1.963091e+02
1.000000e+02, 1.960742e+02
1.000000e+02, 1.958412e+02
1.000000e+02, 1.956099e+02
1.000000e+02, 1.953804e+02
1.000000e+02, 1.951527e+02
1.000000e+02, 1.949268e+02
1.000000e+02, 1.947026e+02
1.000000e+02, 1.944803e+02
1.000000e+02, 1.942597e+02
1.000000e+02, 1.940408e+02
1.000000e+02, 1.938238e+02
1.000000e+02, 1.936085e+02
1.000000e+02, 1.933950e+02
1.000000e+02, 1.931832e+02
1.000000e+02, 1.929732e+02
1.000000e+02, 1.927649e+02
1.000000e+02, 1.925584e+02
1.000000e+02, 1.923537e+02
1.000000e+02, 1.921507e+02
1.000000e+02, 1.919494e+02
1.000000e+02, 1.917498e+02
1.000000e+02, 1.915521e+02
1.000000e+02, 1.913560e+02
1.000000e+02, 1.911617e+02
1.000000e+02, 1.909691e+02
1.000000e+02, 1.907782e+02
1.000000e+02, 1.905890e+02
1.000000e+02, 1.904016e+02
1.000000e+02, 1.902159e+02
1.000000e+02, 1.900319e+02
1.000000e+02, 1.898496e+02
1.000000e+02, 1.896691e+02
1.000000e+02, 1.894902e+02
1.000000e+02, 1.893130e+02
1.000000e+02, 1.891376e+02
1.000000e+02, 1.889638e+02
1.000000e+02, 1.887918e+02
1.000000e+02, 1.886215e+02
1.000000e+02, 1.884528e+02
1.000000e+02, 1.882858e+02
1.000000e+02, 1.881206e+02
1.000000e+02, 1.879570e+02
1.000000e+02, 1.877951e+02
1.000000e+02, 1.876349e+02
1.000000e+02, 1.874764e+02
1.000000e+02, 1.873195e+02
1.000000e+02, 1.871644e+02
1.000000e+02, 1.870109e+02
1.000000e+02, 1.868591e+02
1.000000e+02, 1.867089e+02
1.000000e+02, 1.865604e+02
1.000000e+02, 1.864136e+02
1.000000e+02, 1.862685e+02
1.000000e+02, 1.861250e+02
1.000000e+02, 1.859832e+02
1.000000e+02, 1.858431e+02
1.000000e+02, 1.857046e+02
1.000000e+02, 1.855678e+02
1.000000e+02, 1.854326e+02
1.000000e+02, 1.852991e+02
1.000000e+02, 1.851672e+02
1.000000e+02, 1.850370e+02
1.000000e+02, 1.849085e+02
1.000000e+02, 1.847815e+02
1.000000e+02, 1.846563e+02
1.000000e+02, 1.845327e+02
1.000000e+02, 1.844107e+02
1.000000e+02, 1.842903e+02
1.000000e+02, 1.841716e+02
1.000000e+02, 1.840546e+02
1.000000e+02, 1.839392e+02
1.000000e+02, 1.838254e+02
1.000000e+02, 1.837132e+02
1.000000e+02, 1.836027e+02
1.000000e+02, 1.834938e+02
1.000000e+02, 1.833866e+02
1.000000e+02, 1.832810e+02
1.000000e+02, 1.831770e+02
1.000000e+02, 1.830746e+02
1.000000e+02, 1.829738e+02
1.000000e+02, 1.828747e+02
1.000000e+02, 1.827772e+02
1.000000e+02, 1.826814e+02
1.000000e+02, 1.825871e+02
1.000000e+02, 1.824945e+02
1.000000e+02, 1.824034e+02
1.000000e+02, 1.823140e+02
1.000000e+02, 1.822263e+02
1.000000e+02, 1.821401e+02
1.000000e+02, 1.820555e+02
1.000000e+02, 1.819726e+02
1.000000e+02, 1.818913e+02
1.000000e+02, 1.818115e+02
1.000000e+02, 1.817334e+02
1.000000e+02, 1.816569e+02
1.000000e+02, 1.815820e+02
1.000000e+02, 1.815087e+02
1.000000e+02, 1.814371e+02
1.000000e+02, 1.813670e+02
1.000000e+02, 1.812985e+02
1.000000e+02, 1.812317e+02
1.000000e+02, 1.811664e+02
1.000000e+02, 1.811027e+02
1.000000e+02, 1.810407e+02
1.000000e+02, 1.809802e+02
1.000000e+02, 1.809214e+02
1.000000e+02, 1.808641e+02
1.000000e+02, 1.808084e+02
1.000000e+02, 1.807544e+02
1.000000e+02, 1.807019e+02
1.000000e+02, 1.806510e+02
1.000000e+02, 1.806018e+02
1.000000e+02, 1.805541e+02
1.000000e+02, 1.805080e+02
1.000000e+02, 1.804635e+02
1.000000e+02, 1.804206e+02
1.000000e+02, 1.803793e+02
1.000000e+02, 1.803396e+02
1.000000e+02, 1.803015e+02
1.000000e+02, 1.802649e+02
1.000000e+02, 1.802300e+02
1.000000e+02, 1.801967e+02
1.000000e+02, 1.801649e+02
1.000000e+02, 1.801347e+02
1.000000e+02, 1.801062e+02
1.000000e+02, 1.800792e+02
1.000000e+02, 1.800538e+02
1.000000e+02, 1.800300e+02
1.000000e+02, 1.800078e+02
1.000000e+02, 1.799871e+02
1.000000e+02, 1.799681e+02
1.000000e+02, 1.799506e+02
1.000000e+02, 1.799348e+02
1.000000e+02, 1.799205e+02
1.000000e+02, 1.799078e+02
1.000000e+02, 1.798967e+02
1.000000e+02, 1.798872e+02
1.000000e+02, 1.798792e+02
1.000000e+02, 1.798729e+02
1.000000e+02, 1.798681e+02
1.000000e+02, 1.798649e+02
1.000000e+02, 1.798634e+02
1.000000e+02, 1.798634e+02
1.000000e+02, 1.798649e+02
1.000000e+02, 1.798681e+02
1.000000e+02, 1.798729e+02
1.000000e+02, 1.798792e+02
1.000000e+02, 1.798872e+02
1.000000e+02, 1.798967e+02
1.000000e+02, 1.799078e+02
1.000000e+02, 1.799205e+02
1.000000e+02, 1.799348e+02
1.000000e+02, 1.799506e+02
1.000000e+02, 1.799681e+02
1.000000e+02, 1.799871e+02
1.000000e+02, 1.800078e+02
1.000000e+02, 1.800300e+02
1.000000e+02, 1.800538e+02
1.000000e+02, 1.800792e+02
1.000000e+02, 1.801062e+02
1.000000e+02, 1.801347e+02
1.000000e+02, 1.801649e+02
1.000000e+02, 1.801967e+02
1.000000e+02, 1.802300e+02
1.000000e+02, 1.802649e+02
1.000000e+02, 1.803015e+02
1.000000e+02, 1.803396e+02
1.000000e+02, 1.803793e+02
1.000000e+02, 1.804206e+02
1.000000e+02, 1.804635e+02
1.000000e+02, 1.805080e+02
1.000000e+02, 1.805541e+02
1.000000e+02, 1.806018e+02
1.000000e+02, 1.806510e+02
1.000000e+02, 1.807019e+02
1.000000e+02, 1.807544e+02
1.000000e+02, 1.808084e+02
1.000000e+02, 1.808641e+02
1.000000e+02, 1.809214e+02
1.000000e+02, 1.809802e+02
1.000000e+02, 1.810407e+02
1.000000e+02, 1.811027e+02
1.000000e+02, 1.811664e+02
1.000000e+02, 1.812317e+02
1.000000e+02, 1.812985e+02
1.000000e+02, 1.813670e+02
1.000000e+02, 1.814371e+02
1.000000e+02, 1.815087e+02
1.000000e+02, 1.815820e+02
1.000000e+02, 1.816569e+02
1.000000e+02, 1.817334e+02
1.000000e+02, 1.818115e+02
1.000000e+02, 1.818913e+02
1.000000e+02, 1.819726e+02
1.000000e+02, 1.820555e+02
1.000000e+02, 1.821401e+02
1.000000e+02, 1.822263e+02
1.000000e+02, 1.823140e+02
1.000000e+02, 1.824034e+02
1.000000e+02, 1.824945e+02
1.000000e+02, 1.825871e+02
1.000000e+02, 1.826814e+02
1.000000e+02, 1.827772e+02
1.000000e+02, 1.828747e+02
1.000000e+02, 1.829738e+02
1.000000e+02, 1.830746e+02
1.000000e+02, 1.831770e+02
1.000000e+02, 1.832810e+02
1.000000e+02, 1.833866e+02
1.000000e+02, 1.834938e+02
1.000000e+02, 1.836027e+02
1.000000e+02, 1.837132e+02
1.000000e+02, 1.838254e+02
1.000000e+02, 1.839392e+02
1.000000e+02, 1.840546e+02
1.000000e+02, 1.841716e+02
1.000000e+02, 1.842903e+02
1.000000e+02, 1.844107e+02
1.000000e+02, 1.845327e+02
1.000000e+02, 1.846563e+02
1.000000e+02, 1.847815e+02
1.000000e+02, 1.849085e+02
1.000000e+02, 1.850370e+02
1.000000e+02, 1.851672e+02
1.000000e+02, 1.852991e+02
1.000000e+02, 1.854326e+02
1.000000e+02, 1.855678e+02
1.000000e+02, 1.857046e+02
1.000000e+02, 1.858431e+02
1.000000e+02, 1.859832e+02
1.000000e+02, 1.861250e+02
1.000000e+02, 1.862685e+02
1.000000e+02, 1.864136e+02
1.000000e+02, 1.865604e+02
1.000000e+02, 1.867089e+02
1.000000e+02, 1.868591e+02
1.000000e+02, 1.870109e+02
1.000000e+02, 1.871644e+02
1.000000e+02, 1.873195e+02
1.000000e+02, 1.874764e+02
1.000000e+02, 1.876349e+02
1.000000e+02, 1.877951e+02
1.000000e+02, 1.879570e+02
1.000000e+02, 1.881206e+02
1.000000e+02, 1.882858e+02
1.000000e+02, 1.884528e+02
1.000000e+02, 1.886215e+02
1.000000e+02, 1.887918e+02
1.000000e+02, 1.889638e+02
1.000000e+02, 1.891376e+02
1.000000e+02, 1.893130e+02
1.000000e+02, 1.894902e+02
1.000000e+02, 1.896691e+02
1.000000e+02, 1.898496e+02
1.000000e+02, 1.900319e+02
1.000000e+02, 1.902159e+02
1.000000e+02, 1.904016e+02
1.000000e+02, 1.905890e+02
1.000000e+02, 1.907782e+02
1.000000e+02, 1.909691e+02
1.000000e+02, 1.911617e+02
1.000000e+02, 1.913560e+02
1.000000e+02, 1.915521e+02
1.000000e+02, 1.917499e+02
1.000000e+02, 1.919494e+02
1.000000e+02, 1.921507e+02
1.000000e+02, 1.923537e+02
1.000000e+02, 1.925584e+02
1.000000e+02, 1.927649e+02
1.000000e+02, 1.929732e+02
1.000000e+02, 1.931832e+02
1.000000e+02, 1.933950e+02
1.000000e+02, 1.936085e+02
1.000000e+02, 1.938238e+02
1.000000e+02, 1.940408e+02
1.000000e+02, 1.942597e+02
1.000000e+02, 1.944803e+02
1.000000e+02, 1.947026e+02
1.000000e+02, 1.949268e+02
1.000000e+02, 1.951527e+02
1.000000e+02, 1.953804e+02
1.000000e+02, 1.956099e+02
1.000000e+02, 1.958412e+02
1.000000e+02, 1.960742e+02
1.000000e+02, 1.963091e+02
1.000000e+02, 1.965458e+02
1.000000e+02, 1.967843e+02
1.000000e+02, 1.970245e+02
1.000000e+02, 1.972666e+02
1.000000e+02, 1.975105e+02
1.000000e+02, 1.977563e+02
1.000000e+02, 1.980038e+02
1.000000e+02, 1.982532e+02
1.000000e+02, 1.985044e+02
1.000000e+02, 1.987574e+02
1.000000e+02, 1.990122e+02
1.000000e+02, 1.992689e+02
1.000000e+02, 1.995275e+02
1.000000e+02, 1.997879e+02
1.000000e+02, 2.000501e+02
1.000000e+02, 2.003142e+02
1.000000e+02, 2.005801e+02
1.000000e+02, 2.008479e+02
1.000000e+02, 2.011176e+02
1.000000e+02, 2.013891e+02
1.000000e+02, 2.016625e+02
1.000000e+02, 2.019378e+02
1.000000e+02, 2.022150e+02
1.000000e+02, 2.024940e+02
1.000000e+02, 2.027750e+02
1.000000e+02, 2.030578e+02
1.000000e+02, 2.033426e+02
1.000000e+02, 2.036292e+02
1.000000e+02, 2.039177e+02
1.000000e+02, 2.042082e+02
1.000000e+02, 2.045006e+02
1.000000e+02, 2.047949e+02
1.000000e+02, 2.050911e+02
1.000000e+02, 2.053892e+02
1.000000e+02, 2.056893e+02
1.000000e+02, 2.059913e+02
1.000000e+02, 2.062953e+02
1.000000e+02, 2.066012e+02
1.000000e+02, 2.069091e+02
1.000000e+02, 2.072189e+02
1.000000e+02, 2.075307e+02
1.000000e+02, 2.078444e+02
1.000000e+02, 2.081601e+02
1.000000e+02, 2.084778e+02
1.000000e+02, 2.087975e+02
1.000000e+02, 2.091192e+02
1.000000e+02, 2.094428e+02
1.000000e+02, 2.097685e+02
1.000000e+02, 2.100961e+02
1.000000e+02, 2.104258e+02
1.000000e+02, 2.107575e+02
1.000000e+02, 2.110912e+02
1.000000e+02, 2.114269e+02
1.000000e+02, 2.117647e+02
1.000000e+02, 2.121045e+02
1.000000e+02, 2.124463e+02
1.000000e+02, 2.127902e+02
1.000000e+02, 2.131361e+02
1.000000e+02, 2.134841e+02
1.000000e+02, 2.138342e+02
1.000000e+02, 2.141863e+02
1.000000e+02, 2.145405e+02
1.000000e+02, 2.148968e+02
1.000000e+02, 2.152552e+02
1.000000e+02, 2.156157e+02
1.000000e+02, 2.159783e+02
1.000000e+02, 2.163429e+02
1.000000e+02, 2.167097e+02
1.000000e+02, 2.170787e+02
1.000000e+02, 2.174497e+02
1.000000e+02, 2.178229e+02
1.000000e+02, 2.181982e+02
1.000000e+02, 2.185757e+02
1.000000e+02, 2.189553e+02
1.000000e+02, 2.193371e+02
1.000000e+02, 2.197210e+02
1.000000e+02, 2.201071e+02
1.000000e+02, 2.204954e+02
1.000000e+02, 2.208859e+02
1.000000e+02, 2.212786e+02
1.000000e+02, 2.216735e+02
1.000000e+02, 2.220706e+02
1.000000e+02, 2.224699e+02
1.000000e+02, 2.228715e+02
1.000000e+02, 2.232752e+02
1.000000e+02, 2.236812e+02
1.000000e+02, 2.240895e+02
1.000000e+02, 2.245000e+02
1.000000e+02, 2.249128e+02
1.000000e+02, 2.253278e+02
1.000000e+02, 2.257452e+02
1.000000e+02, 2.261648e+02
1.000000e+02, 2.265867e+02
1.000000e+02, 2.270109e+02
1.000000e+02, 2.274374e+02
1.000000e+02, 2.278663e+02
1.000000e+02, 2.282974e+02
1.000000e+02, 2.287309e+02
1.000000e+02, 2.291668e+02
1.000000e+02, 2.296050e+02
1.000000e+02, 2.300456e+02
1.000000e+02, 2.304885e+02
1.000000e+02, 2.309339e+02
1.000000e+02, 2.313816e+02
1.000000e+02, 2.318317e+02
1.000000e+02, 2.322842e+02
1.000000e+02, 2.327392e+02
1.000000e+02, 2.331965e+02
1.000000e+02, 2.336564e+02
1.000000e+02, 2.341186e+02
1.000000e+02, 2.345833e+02
1.000000e+02, 2.350505e+02
1.000000e+02, 2.355202e+02
1.000000e+02, 2.359923e+02
1.000000e+02, 2.364670e+02
1.000000e+02, 2.369441e+02
1.000000e+02, 2.374238e+02
1.000000e+02, 2.379060e+02
1.000000e+02, 2.383907e+02
1.000000e+02, 2.388780e+02
1.000000e+02, 2.393679e+02
1.000000e+02, 2.398603e+02
1.000000e+02, 2.403553e+02
1.000000e+02, 2.408529e+02
1.000000e+02, 2.413531e+02
1.000000e+02, 2.418560e+02
1.000000e+02, 2.423614e+02
1.000000e+02, 2.428695e+02
1.000000e+02, 2.433803e+02
1.000000e+02, 2.438937e+02
1.000000e+02, 2.444098e+02
1.000000e+02, 2.449286e+02
1.000000e+02, 2.454501e+02
1.000000e+02, 2.459743e+02
1.000000e+02, 2.465013e+02
1.000000e+02, 2.470309e+02
1.000000e+02, 2.475634e+02
1.000000e+02, 2.480986e+02
1.000000e+02, 2.486366e+02
1.000000e+02, 2.491774e+02
1.000000e+02, 2.497209e+02
1.000000e+02, 2.502674e+02
1.000000e+02, 2.508166e+02
1.000000e+02, 2.513687e+02
1.000000e+02, 2.519237e+02
1.000000e+02, 2.524815e+02
1.000000e+02, 2.530423e+02
1.000000e+02, 2.536059e+02
1.000000e+02, 2.541725e+02
1.000000e+02, 2.547420e+02
1.000000e+02, 2.553145e+02
1.000000e+02, 2.558899e+02
1.000000e+02, 2.564683e+02
1.000000e+02, 2.570498e+02
1.000000e+02, 2.576342e+02
1.000000e+02, 2.582217e+02
1.000000e+02, 2.588122e+02
1.000000e+02, 2.594059e+02
1.000000e+02, 2.600026e+02
1.000000e+02, 2.606024e+02
1.000000e+02, 2.612053e+02
1.000000e+02, 2.618113e+02
1.000000e+02, 2.624206e+02
1.000000e+02, 2.630329e+02
1.000000e+02, 2.636485e+02
1.000000e+02, 2.642673e+02
1.000000e+02, 2.648894e+02
1.000000e+02, 2.655146e+02
1.000000e+02, 2.661432e+02
1.000000e+02, 2.667750e+02
1.000000e+02, 2.674102e+02
1.000000e+02, 2.680487e+02
1.000000e+02, 2.686905e+02
1.000000e+02, 2.693357e+02
1.000000e+02, 2.699843e+02
1.000000e+02, 2.706363e+02
1.000000e+02, 2.712918e+02
1.000000e+02, 2.719507e+02
1.000000e+02, 2.726131e+02
1.000000e+02, 2.732789e+02
1.000000e+02, 2.739484e+02
1.000000e+02, 2.746213e+02
1.000000e+02, 2.752978e+02
1.000000e+02, 2.759780e+02
1.000000e+02, 2.766617e+02
1.000000e+02, 2.773491e+02
1.000000e+02, 2.780402e+02
1.000000e+02, 2.787349e+02
1.000000e+02, 2.794334e+02
1.000000e+02, 2.801356e+02
1.000000e+02, 2.808416e+02
1.000000e+02, 2.815514e+02
1.000000e+02, 2.822650e+02
1.000000e+02, 2.829825e+02
1.000000e+02, 2.837039e+02
1.000000e+02, 2.844292e+02
1.000000e+02, 2.851584e+02
1.000000e+02, 2.858915e+02
1.000000e+02, 2.866287e+02
1.000000e+02, 2.873699e+02
1.000000e+02, 2.881152e+02
1.000000e+02, 2.888646e+02
1.000000e+02, 2.896180e+02
1.000000e+02, 2.903757e+02
1.000000e+02, 2.911375e+02
1.000000e+02, 2.919036e+02
1.000000e+02, 2.926739e+02
1.000000e+02, 2.934485e+02
1.000000e+02, 2.942274e+02
1.000000e+02, 2.950106e+02
1.000000e+02, 2.957983e+02
1.000000e+02, 2.965904e+02
1.000000e+02, 2.973870e+02
1.000000e+02, 2.981881e+02
1.000000e+02, 2.989937e+02
1.000000e+02, 2.998039e+02
1.000000e+02, 3.006188e+02
1.000000e+02, 3.014383e+02
1.000000e+02, 3.022625e+02
1.000000e+02, 3.030914e+02
1.000000e+02, 3.039252e+02
1.000000e+02, 3.047638e+02
1.000000e+02, 3.056073e+02
1.000000e+02, 3.064557e+02
1.000000e+02, 3.073090e+02
1.000000e+02, 3.081674e+02
1.000000e+02, 3.090309e+02
1.000000e+02, 3.098995e+02
1.000000e+02, 3.107732e+02
1.000000e+02, 3.116521e+02
1.000000e+02, 3.125364e+02
1.000000e+02, 3.134259e+02
1.000000e+02, 3.143208e+02
1.000000e+02, 3.152211e+02
1.000000e+02, 3.161270e+02
1.000000e+02, 3.170383e+02
1.000000e+02, 3.179553e+02
1.000000e+02, 3.188779e+02
1.000000e+02, 3.198062e+02
1.000000e+02, 3.207403e+02
1.000000e+02, 3.216803e+02
1.000000e+02, 3.226261e+02
1.000000e+02, 3.235780e+02
1.000000e+02, 3.245358e+02
1.000000e+02, 3.254998e+02
1.000000e+02, 3.264699e+02
1.000000e+02, 3.274463e+02
1.000000e+02, 3.284290e+02
1.000000e+02, 3.294181e+02
1.000000e+02, 3.304137e+02
1.000000e+02, 3.314158e+02
1.000000e+02, 3.324246e+02
1.000000e+02, 3.334401e+02
1.000000e+02, 3.344623e+02
1.000000e+02, 3.354914e+02
1.000000e+02, 3.365275e+02
1.000000e+02, 3.375707e+02
1.000000e+02, 3.386210e+02
1.000000e+02, 3.396785e+02
1.000000e+02, 3.407434e+02
1.000000e+02, 3.418157e+02
1.000000e+02, 3.428955e+02
1.000000e+02, 3.439830e+02
1.000000e+02, 3.450782e+02
1.000000e+02, 3.461813e+02
1.000000e+02, 3.472924e+02
1.000000e+02, 3.484115e+02
1.000000e+02, 3.495388e+02
1.000000e+02, 3.506745e+02
1.000000e+02, 3.518186e+02
1.000000e+02, 3.529712e+02
1.000000e+02, 3.541326e+02
1.000000e+02, 3.553028e+02
1.000000e+02, 3.564820e+02
1.000000e+02, 3.576703e+02
1.000000e+02, 3.588679e+02
1.000000e+02, 7.487429e-02
1.000000e+02, 1.291448e+00
1.000000e+02, 2.517760e+00
1.000000e+02, 3.753975e+00
1.000000e+02, 5.000264e+00
1.000000e+02, 6.256805e+00
1.000000e+02, 7.523778e+00
1.000000e+02, 8.801374e+00
1.000000e+02, 1.008978e+01
1.000000e+02, 1.138921e+01
1.000000e+02, 1.269986e+01
1.000000e+02, 1.402195e+01
1.000000e+02, 1.535570e+01
1.000000e+02, 1.670134e+01
1.000000e+02, 1.805911e+01
1.000000e+02, 1.942926e+01
1.000000e+02, 2.081204e+01
1.000000e+02, 2.220771e+01
1.000000e+02, 2.361656e+01
1.000000e+02, 2.503886e+01
1.000000e+02, 2.647492e+01
1.000000e+02, 2.792504e+01
1.000000e+02, 2.938955e+01
1.000000e+02, 3.086879e+01
1.000000e+02, 3.236309e+01
1.000000e+02, 3.387282e+01
1.000000e+02, 3.539837e+01
1.000000e+02, 3.694013e+01
1.000000e+02, 3.849851e+01
1.000000e+02, 4.007395e+01
1.000000e+02, 4.166690e+01
1.000000e+02, 4.327783e+01
1.000000e+02, 4.490724e+01
1.000000e+02, 4.655565e+01
1.000000e+02, 4.822362e+01
1.000000e+02, 4.991171e+01
1.000000e+02, 5.162054e+01
1.000000e+02, 5.335074e+01
1.000000e+02, 5.510299e+01
1.000000e+02, 5.687800e+01
1.000000e+02, 5.867652e+01
1.000000e+02, 6.049936e+01
1.000000e+02, 6.234735e+01
1.000000e+02, 6.422139e+01
1.000000e+02, 6.612244e+01
1.000000e+02, 6.805152e+01
1.000000e+02, 7.000970e+01
1.000000e+02, 7.199815e+01
1.000000e+02, 7.401811e+01
1.000000e+02, 7.607090e+01
1.000000e+02, 7.815796e+01
1.000000e+02, 8.028083e+01
1.000000e+02, 8.244116e+01
1.000000e+02, 8.464076e+01
1.000000e+02, 8.688159e+01
1.000000e+02, 8.916576e+01
1.000000e+02, 9.149559e+01
1.000000e+02, 9.387362e+01
1.000000e+02, 9.630265e+01
1.000000e+02, 9.878575e+01
1.000000e+02, 1.013263e+02
1.000000e+02, 1.039282e+02
1.000000e+02, 1.065955e+02
1.000000e+02, 1.093331e+02
1.000000e+02, 1.121463e+02
1.000000e+02, 1.150412e+02
1.000000e+02, 1.180248e+02
1.000000e+02, 1.211053e+02
1.000000e+02, 1.242919e+02
1.000000e+02, 1.275957e+02
1.000000e+02, 1.310299e+02
1.000000e+02, 1.346103e+02
1.000000e+02, 1.383562e+02
1.000000e+02, 1.422918e+02
1.000000e+02, 1.464477e+02
1.000000e+02, 1.508641e+02
1.000000e+02, 1.555952e+02
1.000000e+02, 1.607172e+02
1.000000e+02, 1.663439e+02
1.000000e+02, 1.726594e+02
1.000000e+02, 1.800000e+02
##END= 