##TITLE= /opt/topspin3.0/exp/stan/nmr/lists/wave/user/HypSec_trunc2.84_110
##JCAMP-DX= 5.00 Bruker JCAMP library
##DATA TYPE= Shape Data
##ORIGIN= Bruker BioSpin GmbH
##OWNER= <nmrsu>
##DATE= 15/02/24
##TIME= 16:15:04
##MINX= 1.164538e+01
##MAXX= 9.999960e+01
##MINY= 2.546774e-02
##MAXY= 3.585574e+02
##$SHAPE_EXMODE= Adiabatic
##$SHAPE_TOTROT= 1.800000e+02
##$SHAPE_BWFAC= 1.929340e+02
##$SHAPE_INTEGFAC= 2.356110e-02
##$SHAPE_MODE= 0
##NPOINTS= 1000
##XYPOINTS= (XY..XY)
1.000000e+02, 1.800000e+02
1.000000e+02, 1.704671e+02
1.000000e+02, 1.622657e+02
1.000000e+02, 1.549585e+02
1.000000e+02, 1.483069e+02
1.000000e+02, 1.421629e+02
1.000000e+02, 1.364276e+02
1.000000e+02, 1.310305e+02
1.000000e+02, 1.259196e+02
1.000000e+02, 1.210550e+02
1.000000e+02, 1.164053e+02
1.000000e+02, 1.119456e+02
1.000000e+02, 1.076551e+02
1.000000e+02, 1.035168e+02
1.000000e+02, 9.951640e+01
1.000000e+02, 9.564171e+01
1.000000e+02, 9.188224e+01
1.000000e+02, 8.822890e+01
1.000000e+02, 8.467376e+01
1.000000e+02, 8.120986e+01
1.000000e+02, 7.783101e+01
1.000000e+02, 7.453171e+01
1.000000e+02, 7.130706e+01
1.000000e+02, 6.815262e+01
1.000000e+02, 6.506440e+01
1.000000e+02, 6.203878e+01
1.000000e+02, 5.907246e+01
1.000000e+02, 5.616243e+01
1.000000e+02, 5.330594e+01
1.000000e+02, 5.050043e+01
1.000000e+02, 4.774359e+01
1.000000e+02, 4.503325e+01
1.000000e+02, 4.236740e+01
1.000000e+02, 3.974420e+01
1.000000e+02, 3.716191e+01
1.000000e+02, 3.461893e+01
1.000000e+02, 3.211376e+01
1.000000e+02, 2.964497e+01
1.000000e+02, 2.721126e+01
1.000000e+02, 2.481138e+01
1.000000e+02, 2.244417e+01
1.000000e+02, 2.010853e+01
1.000000e+02, 1.780343e+01
1.000000e+02, 1.552788e+01
1.000000e+02, 1.328097e+01
1.000000e+02, 1.106181e+01
1.000000e+02, 8.869581e+00
1.000000e+02, 6.703490e+00
1.000000e+02, 4.562789e+00
1.000000e+02, 2.446766e+00
1.000000e+02, 3.547432e-01
1.000000e+02, 3.582861e+02
1.000000e+02, 3.562401e+02
1.000000e+02, 3.542164e+02
1.000000e+02, 3.522142e+02
1.000000e+02, 3.502330e+02
1.000000e+02, 3.482724e+02
1.000000e+02, 3.463319e+02
1.000000e+02, 3.444109e+02
1.000000e+02, 3.425090e+02
1.000000e+02, 3.406258e+02
1.000000e+02, 3.387609e+02
1.000000e+02, 3.369138e+02
1.000000e+02, 3.350842e+02
1.000000e+02, 3.332717e+02
1.000000e+02, 3.314760e+02
1.000000e+02, 3.296967e+02
1.000000e+02, 3.279334e+02
1.000000e+02, 3.261859e+02
1.000000e+02, 3.244538e+02
1.000000e+02, 3.227369e+02
1.000000e+02, 3.210349e+02
1.000000e+02, 3.193474e+02
1.000000e+02, 3.176742e+02
1.000000e+02, 3.160150e+02
1.000000e+02, 3.143697e+02
1.000000e+02, 3.127379e+02
1.000000e+02, 3.111194e+02
1.000000e+02, 3.095140e+02
1.000000e+02, 3.079215e+02
1.000000e+02, 3.063416e+02
1.000000e+02, 3.047741e+02
1.000000e+02, 3.032189e+02
1.000000e+02, 3.016757e+02
1.000000e+02, 3.001444e+02
1.000000e+02, 2.986247e+02
1.000000e+02, 2.971165e+02
1.000000e+02, 2.956196e+02
1.000000e+02, 2.941338e+02
1.000000e+02, 2.926590e+02
1.000000e+02, 2.911950e+02
1.000000e+02, 2.897417e+02
1.000000e+02, 2.882988e+02
1.000000e+02, 2.868663e+02
1.000000e+02, 2.854440e+02
1.000000e+02, 2.840317e+02
1.000000e+02, 2.826294e+02
1.000000e+02, 2.812369e+02
1.000000e+02, 2.798540e+02
1.000000e+02, 2.784806e+02
1.000000e+02, 2.771167e+02
1.000000e+02, 2.757620e+02
1.000000e+02, 2.744165e+02
1.000000e+02, 2.730800e+02
1.000000e+02, 2.717525e+02
1.000000e+02, 2.704337e+02
1.000000e+02, 2.691237e+02
1.000000e+02, 2.678223e+02
1.000000e+02, 2.665294e+02
1.000000e+02, 2.652449e+02
1.000000e+02, 2.639688e+02
1.000000e+02, 2.627008e+02
1.000000e+02, 2.614409e+02
1.000000e+02, 2.601891e+02
1.000000e+02, 2.589451e+02
1.000000e+02, 2.577091e+02
1.000000e+02, 2.564807e+02
1.000000e+02, 2.552601e+02
1.000000e+02, 2.540470e+02
1.000000e+02, 2.528414e+02
1.000000e+02, 2.516433e+02
1.000000e+02, 2.504525e+02
1.000000e+02, 2.492689e+02
1.000000e+02, 2.480926e+02
1.000000e+02, 2.469234e+02
1.000000e+02, 2.457612e+02
1.000000e+02, 2.446060e+02
1.000000e+02, 2.434578e+02
1.000000e+02, 2.423163e+02
1.000000e+02, 2.411816e+02
1.000000e+02, 2.400537e+02
1.000000e+02, 2.389324e+02
1.000000e+02, 2.378176e+02
1.000000e+02, 2.367094e+02
1.000000e+02, 2.356076e+02
1.000000e+02, 2.345123e+02
1.000000e+02, 2.334232e+02
1.000000e+02, 2.323405e+02
1.000000e+02, 2.312639e+02
1.000000e+02, 2.301936e+02
1.000000e+02, 2.291293e+02
1.000000e+02, 2.280712e+02
1.000000e+02, 2.270190e+02
1.000000e+02, 2.259728e+02
1.000000e+02, 2.249324e+02
1.000000e+02, 2.238980e+02
1.000000e+02, 2.228693e+02
1.000000e+02, 2.218464e+02
1.000000e+02, 2.208292e+02
1.000000e+02, 2.198177e+02
1.000000e+02, 2.188118e+02
1.000000e+02, 2.178114e+02
1.000000e+02, 2.168166e+02
1.000000e+02, 2.158272e+02
1.000000e+02, 2.148433e+02
1.000000e+02, 2.138648e+02
1.000000e+02, 2.128917e+02
1.000000e+02, 2.119239e+02
1.000000e+02, 2.109613e+02
1.000000e+02, 2.100040e+02
1.000000e+02, 2.090518e+02
1.000000e+02, 2.081048e+02
1.000000e+02, 2.071630e+02
1.000000e+02, 2.062262e+02
1.000000e+02, 2.052944e+02
1.000000e+02, 2.043677e+02
1.000000e+02, 2.034459e+02
1.000000e+02, 2.025291e+02
1.000000e+02, 2.016171e+02
1.000000e+02, 2.007101e+02
1.000000e+02, 1.998078e+02
1.000000e+02, 1.989104e+02
1.000000e+02, 1.980177e+02
1.000000e+02, 1.971298e+02
1.000000e+02, 1.962465e+02
1.000000e+02, 1.953680e+02
1.000000e+02, 1.944940e+02
1.000000e+02, 1.936247e+02
1.000000e+02, 1.927599e+02
1.000000e+02, 1.918997e+02
1.000000e+02, 1.910441e+02
1.000000e+02, 1.901929e+02
1.000000e+02, 1.893461e+02
1.000000e+02, 1.885038e+02
1.000000e+02, 1.876660e+02
1.000000e+02, 1.868324e+02
1.000000e+02, 1.860033e+02
1.000000e+02, 1.851784e+02
1.000000e+02, 1.843579e+02
1.000000e+02, 1.835416e+02
1.000000e+02, 1.827296e+02
1.000000e+02, 1.819218e+02
1.000000e+02, 1.811182e+02
1.000000e+02, 1.803188e+02
1.000000e+02, 1.795235e+02
1.000000e+02, 1.787324e+02
1.000000e+02, 1.779453e+02
1.000000e+02, 1.771623e+02
1.000000e+02, 1.763834e+02
1.000000e+02, 1.756085e+02
1.000000e+02, 1.748376e+02
1.000000e+02, 1.740707e+02
1.000000e+02, 1.733078e+02
1.000000e+02, 1.725488e+02
1.000000e+02, 1.717937e+02
1.000000e+02, 1.710425e+02
1.000000e+02, 1.702953e+02
1.000000e+02, 1.695518e+02
1.000000e+02, 1.688122e+02
1.000000e+02, 1.680764e+02
1.000000e+02, 1.673445e+02
1.000000e+02, 1.666163e+02
1.000000e+02, 1.658918e+02
1.000000e+02, 1.651711e+02
1.000000e+02, 1.644541e+02
1.000000e+02, 1.637409e+02
1.000000e+02, 1.630313e+02
1.000000e+02, 1.623253e+02
1.000000e+02, 1.616231e+02
1.000000e+02, 1.609244e+02
1.000000e+02, 1.602294e+02
1.000000e+02, 1.595379e+02
1.000000e+02, 1.588501e+02
1.000000e+02, 1.581657e+02
1.000000e+02, 1.574850e+02
1.000000e+02, 1.568077e+02
1.000000e+02, 1.561340e+02
1.000000e+02, 1.554638e+02
1.000000e+02, 1.547970e+02
1.000000e+02, 1.541337e+02
1.000000e+02, 1.534739e+02
1.000000e+02, 1.528175e+02
1.000000e+02, 1.521645e+02
1.000000e+02, 1.515149e+02
1.000000e+02, 1.508687e+02
1.000000e+02, 1.502258e+02
1.000000e+02, 1.495863e+02
1.000000e+02, 1.489502e+02
1.000000e+02, 1.483174e+02
1.000000e+02, 1.476879e+02
1.000000e+02, 1.470617e+02
1.000000e+02, 1.464387e+02
1.000000e+02, 1.458191e+02
1.000000e+02, 1.452027e+02
1.000000e+02, 1.445895e+02
1.000000e+02, 1.439796e+02
1.000000e+02, 1.433729e+02
1.000000e+02, 1.427694e+02
1.000000e+02, 1.421691e+02
1.000000e+02, 1.415720e+02
1.000000e+02, 1.409780e+02
1.000000e+02, 1.403872e+02
1.000000e+02, 1.397995e+02
1.000000e+02, 1.392150e+02
1.000000e+02, 1.386336e+02
1.000000e+02, 1.380552e+02
1.000000e+02, 1.374800e+02
1.000000e+02, 1.369079e+02
1.000000e+02, 1.363388e+02
1.000000e+02, 1.357728e+02
1.000000e+02, 1.352098e+02
1.000000e+02, 1.346498e+02
1.000000e+02, 1.340929e+02
1.000000e+02, 1.335390e+02
1.000000e+02, 1.329881e+02
1.000000e+02, 1.324402e+02
1.000000e+02, 1.318953e+02
1.000000e+02, 1.313533e+02
1.000000e+02, 1.308143e+02
1.000000e+02, 1.302783e+02
1.000000e+02, 1.297452e+02
1.000000e+02, 1.292150e+02
1.000000e+02, 1.286877e+02
1.000000e+02, 1.281634e+02
1.000000e+02, 1.276419e+02
1.000000e+02, 1.271234e+02
1.000000e+02, 1.266077e+02
1.000000e+02, 1.260949e+02
1.000000e+02, 1.255849e+02
1.000000e+02, 1.250778e+02
1.000000e+02, 1.245735e+02
1.000000e+02, 1.240721e+02
1.000000e+02, 1.235735e+02
1.000000e+02, 1.230777e+02
1.000000e+02, 1.225847e+02
1.000000e+02, 1.220945e+02
1.000000e+02, 1.216071e+02
1.000000e+02, 1.211225e+02
1.000000e+02, 1.206406e+02
1.000000e+02, 1.201615e+02
1.000000e+02, 1.196852e+02
1.000000e+02, 1.192116e+02
1.000000e+02, 1.187407e+02
1.000000e+02, 1.182726e+02
1.000000e+02, 1.178072e+02
1.000000e+02, 1.173445e+02
1.000000e+02, 1.168845e+02
1.000000e+02, 1.164272e+02
1.000000e+02, 1.159726e+02
1.000000e+02, 1.155207e+02
1.000000e+02, 1.150714e+02
1.000000e+02, 1.146249e+02
1.000000e+02, 1.141809e+02
1.000000e+02, 1.137397e+02
1.000000e+02, 1.133010e+02
1.000000e+02, 1.128650e+02
1.000000e+02, 1.124317e+02
1.000000e+02, 1.120009e+02
1.000000e+02, 1.115728e+02
1.000000e+02, 1.111473e+02
1.000000e+02, 1.107244e+02
1.000000e+02, 1.103041e+02
1.000000e+02, 1.098863e+02
1.000000e+02, 1.094712e+02
1.000000e+02, 1.090586e+02
1.000000e+02, 1.086486e+02
1.000000e+02, 1.082412e+02
1.000000e+02, 1.078363e+02
1.000000e+02, 1.074339e+02
1.000000e+02, 1.070341e+02
1.000000e+02, 1.066369e+02
1.000000e+02, 1.062421e+02
1.000000e+02, 1.058499e+02
1.000000e+02, 1.054602e+02
1.000000e+02, 1.050730e+02
1.000000e+02, 1.046884e+02
1.000000e+02, 1.043062e+02
1.000000e+02, 1.039265e+02
1.000000e+02, 1.035493e+02
1.000000e+02, 1.031746e+02
1.000000e+02, 1.028023e+02
1.000000e+02, 1.024326e+02
1.000000e+02, 1.020653e+02
1.000000e+02, 1.017004e+02
1.000000e+02, 1.013380e+02
1.000000e+02, 1.009781e+02
1.000000e+02, 1.006206e+02
1.000000e+02, 1.002655e+02
1.000000e+02, 9.991288e+01
1.000000e+02, 9.956268e+01
1.000000e+02, 9.921490e+01
1.000000e+02, 9.886953e+01
1.000000e+02, 9.852658e+01
1.000000e+02, 9.818604e+01
1.000000e+02, 9.784789e+01
1.000000e+02, 9.751215e+01
1.000000e+02, 9.717879e+01
1.000000e+02, 9.684782e+01
1.000000e+02, 9.651924e+01
1.000000e+02, 9.619303e+01
1.000000e+02, 9.586919e+01
1.000000e+02, 9.554773e+01
1.000000e+02, 9.522862e+01
1.000000e+02, 9.491188e+01
1.000000e+02, 9.459749e+01
1.000000e+02, 9.428545e+01
1.000000e+02, 9.397576e+01
1.000000e+02, 9.366840e+01
1.000000e+02, 9.336339e+01
1.000000e+02, 9.306070e+01
1.000000e+02, 9.276035e+01
1.000000e+02, 9.246232e+01
1.000000e+02, 9.216661e+01
1.000000e+02, 9.187322e+01
1.000000e+02, 9.158213e+01
1.000000e+02, 9.129336e+01
1.000000e+02, 9.100689e+01
1.000000e+02, 9.072272e+01
1.000000e+02, 9.044084e+01
1.000000e+02, 9.016126e+01
1.000000e+02, 8.988397e+01
1.000000e+02, 8.960896e+01
1.000000e+02, 8.933623e+01
1.000000e+02, 8.906577e+01
1.000000e+02, 8.879760e+01
1.000000e+02, 8.853169e+01
1.000000e+02, 8.826804e+01
1.000000e+02, 8.800666e+01
1.000000e+02, 8.774754e+01
1.000000e+02, 8.749068e+01
1.000000e+02, 8.723606e+01
1.000000e+02, 8.698370e+01
1.000000e+02, 8.673358e+01
1.000000e+02, 8.648570e+01
1.000000e+02, 8.624006e+01
1.000000e+02, 8.599666e+01
1.000000e+02, 8.575548e+01
1.000000e+02, 8.551654e+01
1.000000e+02, 8.527982e+01
1.000000e+02, 8.504533e+01
1.000000e+02, 8.481306e+01
1.000000e+02, 8.458300e+01
1.000000e+02, 8.435515e+01
1.000000e+02, 8.412952e+01
1.000000e+02, 8.390609e+01
1.000000e+02, 8.368487e+01
1.000000e+02, 8.346585e+01
1.000000e+02, 8.324903e+01
1.000000e+02, 8.303441e+01
1.000000e+02, 8.282198e+01
1.000000e+02, 8.261174e+01
1.000000e+02, 8.240368e+01
1.000000e+02, 8.219782e+01
1.000000e+02, 8.199413e+01
1.000000e+02, 8.179263e+01
1.000000e+02, 8.159330e+01
1.000000e+02, 8.139615e+01
1.000000e+02, 8.120117e+01
1.000000e+02, 8.100836e+01
1.000000e+02, 8.081771e+01
1.000000e+02, 8.062924e+01
1.000000e+02, 8.044292e+01
1.000000e+02, 8.025877e+01
1.000000e+02, 8.007677e+01
1.000000e+02, 7.989693e+01
1.000000e+02, 7.971924e+01
1.000000e+02, 7.954370e+01
1.000000e+02, 7.937031e+01
1.000000e+02, 7.919907e+01
1.000000e+02, 7.902997e+01
1.000000e+02, 7.886302e+01
1.000000e+02, 7.869820e+01
1.000000e+02, 7.853553e+01
1.000000e+02, 7.837499e+01
1.000000e+02, 7.821658e+01
1.000000e+02, 7.806031e+01
1.000000e+02, 7.790616e+01
1.000000e+02, 7.775415e+01
1.000000e+02, 7.760426e+01
1.000000e+02, 7.745649e+01
1.000000e+02, 7.731085e+01
1.000000e+02, 7.716733e+01
1.000000e+02, 7.702593e+01
1.000000e+02, 7.688665e+01
1.000000e+02, 7.674948e+01
1.000000e+02, 7.661442e+01
1.000000e+02, 7.648148e+01
1.000000e+02, 7.635065e+01
1.000000e+02, 7.622193e+01
1.000000e+02, 7.609531e+01
1.000000e+02, 7.597081e+01
1.000000e+02, 7.584840e+01
1.000000e+02, 7.572810e+01
1.000000e+02, 7.560990e+01
1.000000e+02, 7.549380e+01
1.000000e+02, 7.537980e+01
1.000000e+02, 7.526790e+01
1.000000e+02, 7.515809e+01
1.000000e+02, 7.505038e+01
1.000000e+02, 7.494476e+01
1.000000e+02, 7.484123e+01
1.000000e+02, 7.473979e+01
1.000000e+02, 7.464044e+01
1.000000e+02, 7.454318e+01
1.000000e+02, 7.444801e+01
1.000000e+02, 7.435492e+01
1.000000e+02, 7.426392e+01
1.000000e+02, 7.417500e+01
1.000000e+02, 7.408817e+01
1.000000e+02, 7.400341e+01
1.000000e+02, 7.392074e+01
1.000000e+02, 7.384015e+01
1.000000e+02, 7.376163e+01
1.000000e+02, 7.368519e+01
1.000000e+02, 7.361083e+01
1.000000e+02, 7.353855e+01
1.000000e+02, 7.346834e+01
1.000000e+02, 7.340020e+01
1.000000e+02, 7.333414e+01
1.000000e+02, 7.327015e+01
1.000000e+02, 7.320823e+01
1.000000e+02, 7.314838e+01
1.000000e+02, 7.309060e+01
1.000000e+02, 7.303489e+01
1.000000e+02, 7.298126e+01
1.000000e+02, 7.292969e+01
1.000000e+02, 7.288018e+01
1.000000e+02, 7.283275e+01
1.000000e+02, 7.278738e+01
1.000000e+02, 7.274407e+01
1.000000e+02, 7.270284e+01
1.000000e+02, 7.266366e+01
1.000000e+02, 7.262655e+01
1.000000e+02, 7.259151e+01
1.000000e+02, 7.255853e+01
1.000000e+02, 7.252761e+01
1.000000e+02, 7.249875e+01
1.000000e+02, 7.247196e+01
1.000000e+02, 7.244723e+01
1.000000e+02, 7.242456e+01
1.000000e+02, 7.240396e+01
1.000000e+02, 7.238541e+01
1.000000e+02, 7.236893e+01
1.000000e+02, 7.235450e+01
1.000000e+02, 7.234214e+01
1.000000e+02, 7.233184e+01
1.000000e+02, 7.232360e+01
1.000000e+02, 7.231742e+01
1.000000e+02, 7.231330e+01
1.000000e+02, 7.231124e+01
1.000000e+02, 7.231124e+01
1.000000e+02, 7.231330e+01
1.000000e+02, 7.231742e+01
1.000000e+02, 7.232360e+01
1.000000e+02, 7.233184e+01
1.000000e+02, 7.234214e+01
1.000000e+02, 7.235450e+01
1.000000e+02, 7.236893e+01
1.000000e+02, 7.238541e+01
1.000000e+02, 7.240396e+01
1.000000e+02, 7.242456e+01
1.000000e+02, 7.244723e+01
1.000000e+02, 7.247196e+01
1.000000e+02, 7.249876e+01
1.000000e+02, 7.252761e+01
1.000000e+02, 7.255853e+01
1.000000e+02, 7.259151e+01
1.000000e+02, 7.262655e+01
1.000000e+02, 7.266366e+01
1.000000e+02, 7.270284e+01
1.000000e+02, 7.274407e+01
1.000000e+02, 7.278738e+01
1.000000e+02, 7.283275e+01
1.000000e+02, 7.288018e+01
1.000000e+02, 7.292969e+01
1.000000e+02, 7.298126e+01
1.000000e+02, 7.303489e+01
1.000000e+02, 7.309060e+01
1.000000e+02, 7.314838e+01
1.000000e+02, 7.320823e+01
1.000000e+02, 7.327015e+01
1.000000e+02, 7.333414e+01
1.000000e+02, 7.340020e+01
1.000000e+02, 7.346834e+01
1.000000e+02, 7.353855e+01
1.000000e+02, 7.361083e+01
1.000000e+02, 7.368519e+01
1.000000e+02, 7.376163e+01
1.000000e+02, 7.384015e+01
1.000000e+02, 7.392074e+01
1.000000e+02, 7.400341e+01
1.000000e+02, 7.408817e+01
1.000000e+02, 7.417500e+01
1.000000e+02, 7.426392e+01
1.000000e+02, 7.435492e+01
1.000000e+02, 7.444801e+01
1.000000e+02, 7.454318e+01
1.000000e+02, 7.464044e+01
1.000000e+02, 7.473979e+01
1.000000e+02, 7.484123e+01
1.000000e+02, 7.494476e+01
1.000000e+02, 7.505038e+01
1.000000e+02, 7.515809e+01
1.000000e+02, 7.526790e+01
1.000000e+02, 7.537980e+01
1.000000e+02, 7.549380e+01
1.000000e+02, 7.560990e+01
1.000000e+02, 7.572810e+01
1.000000e+02, 7.584840e+01
1.000000e+02, 7.597081e+01
1.000000e+02, 7.609532e+01
1.000000e+02, 7.622193e+01
1.000000e+02, 7.635065e+01
1.000000e+02, 7.648148e+01
1.000000e+02, 7.661442e+01
1.000000e+02, 7.674948e+01
1.000000e+02, 7.688665e+01
1.000000e+02, 7.702593e+01
1.000000e+02, 7.716733e+01
1.000000e+02, 7.731085e+01
1.000000e+02, 7.745650e+01
1.000000e+02, 7.760426e+01
1.000000e+02, 7.775415e+01
1.000000e+02, 7.790616e+01
1.000000e+02, 7.806031e+01
1.000000e+02, 7.821658e+01
1.000000e+02, 7.837499e+01
1.000000e+02, 7.853553e+01
1.000000e+02, 7.869820e+01
1.000000e+02, 7.886302e+01
1.000000e+02, 7.902997e+01
1.000000e+02, 7.919907e+01
1.000000e+02, 7.937031e+01
1.000000e+02, 7.954370e+01
1.000000e+02, 7.971924e+01
1.000000e+02, 7.989693e+01
1.000000e+02, 8.007677e+01
1.000000e+02, 8.025877e+01
1.000000e+02, 8.044292e+01
1.000000e+02, 8.062924e+01
1.000000e+02, 8.081772e+01
1.000000e+02, 8.100836e+01
1.000000e+02, 8.120117e+01
1.000000e+02, 8.139615e+01
1.000000e+02, 8.159330e+01
1.000000e+02, 8.179263e+01
1.000000e+02, 8.199413e+01
1.000000e+02, 8.219782e+01
1.000000e+02, 8.240369e+01
1.000000e+02, 8.261174e+01
1.000000e+02, 8.282198e+01
1.000000e+02, 8.303441e+01
1.000000e+02, 8.324903e+01
1.000000e+02, 8.346585e+01
1.000000e+02, 8.368487e+01
1.000000e+02, 8.390610e+01
1.000000e+02, 8.412952e+01
1.000000e+02, 8.435516e+01
1.000000e+02, 8.458300e+01
1.000000e+02, 8.481306e+01
1.000000e+02, 8.504533e+01
1.000000e+02, 8.527983e+01
1.000000e+02, 8.551654e+01
1.000000e+02, 8.575549e+01
1.000000e+02, 8.599666e+01
1.000000e+02, 8.624006e+01
1.000000e+02, 8.648570e+01
1.000000e+02, 8.673358e+01
1.000000e+02, 8.698370e+01
1.000000e+02, 8.723606e+01
1.000000e+02, 8.749068e+01
1.000000e+02, 8.774754e+01
1.000000e+02, 8.800666e+01
1.000000e+02, 8.826804e+01
1.000000e+02, 8.853169e+01
1.000000e+02, 8.879760e+01
1.000000e+02, 8.906578e+01
1.000000e+02, 8.933623e+01
1.000000e+02, 8.960896e+01
1.000000e+02, 8.988397e+01
1.000000e+02, 9.016126e+01
1.000000e+02, 9.044084e+01
1.000000e+02, 9.072272e+01
1.000000e+02, 9.100689e+01
1.000000e+02, 9.129336e+01
1.000000e+02, 9.158213e+01
1.000000e+02, 9.187322e+01
1.000000e+02, 9.216661e+01
1.000000e+02, 9.246232e+01
1.000000e+02, 9.276035e+01
1.000000e+02, 9.306071e+01
1.000000e+02, 9.336339e+01
1.000000e+02, 9.366840e+01
1.000000e+02, 9.397576e+01
1.000000e+02, 9.428545e+01
1.000000e+02, 9.459749e+01
1.000000e+02, 9.491188e+01
1.000000e+02, 9.522862e+01
1.000000e+02, 9.554773e+01
1.000000e+02, 9.586919e+01
1.000000e+02, 9.619303e+01
1.000000e+02, 9.651924e+01
1.000000e+02, 9.684782e+01
1.000000e+02, 9.717879e+01
1.000000e+02, 9.751215e+01
1.000000e+02, 9.784789e+01
1.000000e+02, 9.818604e+01
1.000000e+02, 9.852658e+01
1.000000e+02, 9.886954e+01
1.000000e+02, 9.921490e+01
1.000000e+02, 9.956268e+01
1.000000e+02, 9.991289e+01
1.000000e+02, 1.002655e+02
1.000000e+02, 1.006206e+02
1.000000e+02, 1.009781e+02
1.000000e+02, 1.013380e+02
1.000000e+02, 1.017004e+02
1.000000e+02, 1.020653e+02
1.000000e+02, 1.024326e+02
1.000000e+02, 1.028023e+02
1.000000e+02, 1.031746e+02
1.000000e+02, 1.035493e+02
1.000000e+02, 1.039265e+02
1.000000e+02, 1.043062e+02
1.000000e+02, 1.046884e+02
1.000000e+02, 1.050730e+02
1.000000e+02, 1.054602e+02
1.000000e+02, 1.058499e+02
1.000000e+02, 1.062421e+02
1.000000e+02, 1.066369e+02
1.000000e+02, 1.070341e+02
1.000000e+02, 1.074339e+02
1.000000e+02, 1.078363e+02
1.000000e+02, 1.082412e+02
1.000000e+02, 1.086486e+02
1.000000e+02, 1.090586e+02
1.000000e+02, 1.094712e+02
1.000000e+02, 1.098863e+02
1.000000e+02, 1.103041e+02
1.000000e+02, 1.107244e+02
1.000000e+02, 1.111473e+02
1.000000e+02, 1.115728e+02
1.000000e+02, 1.120009e+02
1.000000e+02, 1.124317e+02
1.000000e+02, 1.128650e+02
1.000000e+02, 1.133010e+02
1.000000e+02, 1.137397e+02
1.000000e+02, 1.141809e+02
1.000000e+02, 1.146249e+02
1.000000e+02, 1.150714e+02
1.000000e+02, 1.155207e+02
1.000000e+02, 1.159726e+02
1.000000e+02, 1.164272e+02
1.000000e+02, 1.168845e+02
1.000000e+02, 1.173445e+02
1.000000e+02, 1.178072e+02
1.000000e+02, 1.182726e+02
1.000000e+02, 1.187407e+02
1.000000e+02, 1.192116e+02
1.000000e+02, 1.196852e+02
1.000000e+02, 1.201615e+02
1.000000e+02, 1.206406e+02
1.000000e+02, 1.211225e+02
1.000000e+02, 1.216071e+02
1.000000e+02, 1.220945e+02
1.000000e+02, 1.225847e+02
1.000000e+02, 1.230777e+02
1.000000e+02, 1.235735e+02
1.000000e+02, 1.240721e+02
1.000000e+02, 1.245735e+02
1.000000e+02, 1.250778e+02
1.000000e+02, 1.255849e+02
1.000000e+02, 1.260949e+02
1.000000e+02, 1.266077e+02
1.000000e+02, 1.271234e+02
1.000000e+02, 1.276419e+02
1.000000e+02, 1.281634e+02
1.000000e+02, 1.286877e+02
1.000000e+02, 1.292150e+02
1.000000e+02, 1.297452e+02
1.000000e+02, 1.302783e+02
1.000000e+02, 1.308143e+02
1.000000e+02, 1.313533e+02
1.000000e+02, 1.318953e+02
1.000000e+02, 1.324402e+02
1.000000e+02, 1.329881e+02
1.000000e+02, 1.335390e+02
1.000000e+02, 1.340929e+02
1.000000e+02, 1.346499e+02
1.000000e+02, 1.352098e+02
1.000000e+02, 1.357728e+02
1.000000e+02, 1.363388e+02
1.000000e+02, 1.369079e+02
1.000000e+02, 1.374800e+02
1.000000e+02, 1.380552e+02
1.000000e+02, 1.386336e+02
1.000000e+02, 1.392150e+02
1.000000e+02, 1.397995e+02
1.000000e+02, 1.403872e+02
1.000000e+02, 1.409780e+02
1.000000e+02, 1.415720e+02
1.000000e+02, 1.421691e+02
1.000000e+02, 1.427694e+02
1.000000e+02, 1.433729e+02
1.000000e+02, 1.439796e+02
1.000000e+02, 1.445895e+02
1.000000e+02, 1.452027e+02
1.000000e+02, 1.458191e+02
1.000000e+02, 1.464387e+02
1.000000e+02, 1.470617e+02
1.000000e+02, 1.476879e+02
1.000000e+02, 1.483174e+02
1.000000e+02, 1.489502e+02
1.000000e+02, 1.495863e+02
1.000000e+02, 1.502258e+02
1.000000e+02, 1.508687e+02
1.000000e+02, 1.515149e+02
1.000000e+02, 1.521645e+02
1.000000e+02, 1.528175e+02
1.000000e+02, 1.534739e+02
1.000000e+02, 1.541337e+02
1.000000e+02, 1.547970e+02
1.000000e+02, 1.554638e+02
1.000000e+02, 1.561340e+02
1.000000e+02, 1.568077e+02
1.000000e+02, 1.574850e+02
1.000000e+02, 1.581657e+02
1.000000e+02, 1.588501e+02
1.000000e+02, 1.595379e+02
1.000000e+02, 1.602294e+02
1.000000e+02, 1.609244e+02
1.000000e+02, 1.616231e+02
1.000000e+02, 1.623253e+02
1.000000e+02, 1.630313e+02
1.000000e+02, 1.637409e+02
1.000000e+02, 1.644541e+02
1.000000e+02, 1.651711e+02
1.000000e+02, 1.658918e+02
1.000000e+02, 1.666163e+02
1.000000e+02, 1.673445e+02
1.000000e+02, 1.680764e+02
1.000000e+02, 1.688122e+02
1.000000e+02, 1.695518e+02
1.000000e+02, 1.702953e+02
1.000000e+02, 1.710425e+02
1.000000e+02, 1.717937e+02
1.000000e+02, 1.725488e+02
1.000000e+02, 1.733078e+02
1.000000e+02, 1.740707e+02
1.000000e+02, 1.748376e+02
1.000000e+02, 1.756085e+02
1.000000e+02, 1.763834e+02
1.000000e+02, 1.771623e+02
1.000000e+02, 1.779453e+02
1.000000e+02, 1.787324e+02
1.000000e+02, 1.795235e+02
1.000000e+02, 1.803188e+02
1.000000e+02, 1.811182e+02
1.000000e+02, 1.819218e+02
1.000000e+02, 1.827296e+02
1.000000e+02, 1.835416e+02
1.000000e+02, 1.843579e+02
1.000000e+02, 1.851785e+02
1.000000e+02, 1.860033e+02
1.000000e+02, 1.868324e+02
1.000000e+02, 1.876660e+02
1.000000e+02, 1.885038e+02
1.000000e+02, 1.893461e+02
1.000000e+02, 1.901929e+02
1.000000e+02, 1.910441e+02
1.000000e+02, 1.918997e+02
1.000000e+02, 1.927599e+02
1.000000e+02, 1.936247e+02
1.000000e+02, 1.944940e+02
1.000000e+02, 1.953680e+02
1.000000e+02, 1.962465e+02
1.000000e+02, 1.971298e+02
1.000000e+02, 1.980177e+02
1.000000e+02, 1.989104e+02
1.000000e+02, 1.998078e+02
1.000000e+02, 2.007101e+02
1.000000e+02, 2.016171e+02
1.000000e+02, 2.025291e+02
1.000000e+02, 2.034459e+02
1.000000e+02, 2.043677e+02
1.000000e+02, 2.052944e+02
1.000000e+02, 2.062262e+02
1.000000e+02, 2.071630e+02
1.000000e+02, 2.081048e+02
1.000000e+02, 2.090518e+02
1.000000e+02, 2.100040e+02
1.000000e+02, 2.109613e+02
1.000000e+02, 2.119239e+02
1.000000e+02, 2.128917e+02
1.000000e+02, 2.138648e+02
1.000000e+02, 2.148433e+02
1.000000e+02, 2.158273e+02
1.000000e+02, 2.168166e+02
1.000000e+02, 2.178114e+02
1.000000e+02, 2.188118e+02
1.000000e+02, 2.198177e+02
1.000000e+02, 2.208292e+02
1.000000e+02, 2.218464e+02
1.000000e+02, 2.228693e+02
1.000000e+02, 2.238980e+02
1.000000e+02, 2.249324e+02
1.000000e+02, 2.259728e+02
1.000000e+02, 2.270190e+02
1.000000e+02, 2.280712e+02
1.000000e+02, 2.291293e+02
1.000000e+02, 2.301936e+02
1.000000e+02, 2.312639e+02
1.000000e+02, 2.323405e+02
1.000000e+02, 2.334232e+02
1.000000e+02, 2.345123e+02
1.000000e+02, 2.356076e+02
1.000000e+02, 2.367094e+02
1.000000e+02, 2.378176e+02
1.000000e+02, 2.389324e+02
1.000000e+02, 2.400537e+02
1.000000e+02, 2.411816e+02
1.000000e+02, 2.423163e+02
1.000000e+02, 2.434578e+02
1.000000e+02, 2.446060e+02
1.000000e+02, 2.457612e+02
1.000000e+02, 2.469234e+02
1.000000e+02, 2.480926e+02
1.000000e+02, 2.492690e+02
1.000000e+02, 2.504525e+02
1.000000e+02, 2.516433e+02
1.000000e+02, 2.528414e+02
1.000000e+02, 2.540470e+02
1.000000e+02, 2.552601e+02
1.000000e+02, 2.564807e+02
1.000000e+02, 2.577091e+02
1.000000e+02, 2.589451e+02
1.000000e+02, 2.601891e+02
1.000000e+02, 2.614409e+02
1.000000e+02, 2.627008e+02
1.000000e+02, 2.639688e+02
1.000000e+02, 2.652450e+02
1.000000e+02, 2.665294e+02
1.000000e+02, 2.678223e+02
1.000000e+02, 2.691237e+02
1.000000e+02, 2.704337e+02
1.000000e+02, 2.717525e+02
1.000000e+02, 2.730800e+02
1.000000e+02, 2.744165e+02
1.000000e+02, 2.757620e+02
1.000000e+02, 2.771167e+02
1.000000e+02, 2.784806e+02
1.000000e+02, 2.798540e+02
1.000000e+02, 2.812369e+02
1.000000e+02, 2.826294e+02
1.000000e+02, 2.840317e+02
1.000000e+02, 2.854440e+02
1.000000e+02, 2.868663e+02
1.000000e+02, 2.882988e+02
1.000000e+02, 2.897417e+02
1.000000e+02, 2.911950e+02
1.000000e+02, 2.926590e+02
1.000000e+02, 2.941338e+02
1.000000e+02, 2.956196e+02
1.000000e+02, 2.971165e+02
1.000000e+02, 2.986247e+02
1.000000e+02, 3.001444e+02
1.000000e+02, 3.016757e+02
1.000000e+02, 3.032189e+02
1.000000e+02, 3.047741e+02
1.000000e+02, 3.063416e+02
1.000000e+02, 3.079215e+02
1.000000e+02, 3.095140e+02
1.000000e+02, 3.111194e+02
1.000000e+02, 3.127379e+02
1.000000e+02, 3.143697e+02
1.000000e+02, 3.160150e+02
1.000000e+02, 3.176742e+02
1.000000e+02, 3.193474e+02
1.000000e+02, 3.210349e+02
1.000000e+02, 3.227369e+02
1.000000e+02, 3.244538e+02
1.000000e+02, 3.261859e+02
1.000000e+02, 3.279334e+02
1.000000e+02, 3.296967e+02
1.000000e+02, 3.314760e+02
1.000000e+02, 3.332717e+02
1.000000e+02, 3.350842e+02
1.000000e+02, 3.369138e+02
1.000000e+02, 3.387609e+02
1.000000e+02, 3.406258e+02
1.000000e+02, 3.425090e+02
1.000000e+02, 3.444109e+02
1.000000e+02, 3.463319e+02
1.000000e+02, 3.482724e+02
1.000000e+02, 3.502330e+02
1.000000e+02, 3.522142e+02
1.000000e+02, 3.542164e+02
1.000000e+02, 3.562401e+02
1.000000e+02, 3.582861e+02
1.000000e+02, 3.547487e-01
1.000000e+02, 2.446771e+00
1.000000e+02, 4.562794e+00
1.000000e+02, 6.703495e+00
1.000000e+02, 8.869587e+00
1.000000e+02, 1.106182e+01
1.000000e+02, 1.328097e+01
1.000000e+02, 1.552789e+01
1.000000e+02, 1.780343e+01
1.000000e+02, 2.010854e+01
1.000000e+02, 2.244417e+01
1.000000e+02, 2.481138e+01
1.000000e+02, 2.721126e+01
1.000000e+02, 2.964498e+01
1.000000e+02, 3.211376e+01
1.000000e+02, 3.461894e+01
1.000000e+02, 3.716192e+01
1.000000e+02, 3.974421e+01
1.000000e+02, 4.236741e+01
1.000000e+02, 4.503325e+01
1.000000e+02, 4.774360e+01
1.000000e+02, 5.050044e+01
1.000000e+02, 5.330594e+01
1.000000e+02, 5.616244e+01
1.000000e+02, 5.907247e+01
1.000000e+02, 6.203879e+01
1.000000e+02, 6.506441e+01
1.000000e+02, 6.815263e+01
1.000000e+02, 7.130707e+01
1.000000e+02, 7.453172e+01
1.000000e+02, 7.783101e+01
1.000000e+02, 8.120986e+01
1.000000e+02, 8.467377e+01
1.000000e+02, 8.822890e+01
1.000000e+02, 9.188224e+01
1.000000e+02, 9.564172e+01
1.000000e+02, 9.951641e+01
1.000000e+02, 1.035168e+02
1.000000e+02, 1.076551e+02
1.000000e+02, 1.119456e+02
1.000000e+02, 1.164054e+02
1.000000e+02, 1.210550e+02
1.000000e+02, 1.259196e+02
1.000000e+02, 1.310305e+02
1.000000e+02, 1.364276e+02
1.000000e+02, 1.421629e+02
1.000000e+02, 1.483069e+02
1.000000e+02, 1.549585e+02
1.000000e+02, 1.622657e+02
1.000000e+02, 1.704671e+02
1.000000e+02, 1.800000e+02
##END= 