##TITLE= /opt/topspin3.0/exp/stan/nmr/lists/wave/user/HypSec_trunc2.84_110
##JCAMP-DX= 5.00 Bruker JCAMP library
##DATA TYPE= Shape Data
##ORIGIN= Bruker BioSpin GmbH
##OWNER= <nmrsu>
##DATE= 15/02/24
##TIME= 16:15:04
##MINX= 1.164538e+01
##MAXX= 9.999960e+01
##MINY= 2.546774e-02
##MAXY= 3.585574e+02
##$SHAPE_EXMODE= Adiabatic
##$SHAPE_TOTROT= 1.800000e+02
##$SHAPE_BWFAC= 1.929340e+02
##$SHAPE_INTEGFAC= 2.356110e-02
##$SHAPE_MODE= 0
##NPOINTS= 1000
##XYPOINTS= (XY..XY)
1.000000e+02, 1.800000e+02
1.000000e+02, 1.730912e+02
1.000000e+02, 1.671472e+02
1.000000e+02, 1.618515e+02
1.000000e+02, 1.570308e+02
1.000000e+02, 1.525780e+02
1.000000e+02, 1.484214e+02
1.000000e+02, 1.445099e+02
1.000000e+02, 1.408058e+02
1.000000e+02, 1.372803e+02
1.000000e+02, 1.339105e+02
1.000000e+02, 1.306783e+02
1.000000e+02, 1.275688e+02
1.000000e+02, 1.245697e+02
1.000000e+02, 1.216704e+02
1.000000e+02, 1.188623e+02
1.000000e+02, 1.161376e+02
1.000000e+02, 1.134899e+02
1.000000e+02, 1.109134e+02
1.000000e+02, 1.084030e+02
1.000000e+02, 1.059542e+02
1.000000e+02, 1.035631e+02
1.000000e+02, 1.012260e+02
1.000000e+02, 9.893988e+01
1.000000e+02, 9.670173e+01
1.000000e+02, 9.450894e+01
1.000000e+02, 9.235914e+01
1.000000e+02, 9.025013e+01
1.000000e+02, 8.817991e+01
1.000000e+02, 8.614666e+01
1.000000e+02, 8.414866e+01
1.000000e+02, 8.218437e+01
1.000000e+02, 8.025233e+01
1.000000e+02, 7.835120e+01
1.000000e+02, 7.647971e+01
1.000000e+02, 7.463672e+01
1.000000e+02, 7.282112e+01
1.000000e+02, 7.103189e+01
1.000000e+02, 6.926809e+01
1.000000e+02, 6.752880e+01
1.000000e+02, 6.581320e+01
1.000000e+02, 6.412047e+01
1.000000e+02, 6.244987e+01
1.000000e+02, 6.080069e+01
1.000000e+02, 5.917227e+01
1.000000e+02, 5.756396e+01
1.000000e+02, 5.597517e+01
1.000000e+02, 5.440532e+01
1.000000e+02, 5.285387e+01
1.000000e+02, 5.132030e+01
1.000000e+02, 4.980413e+01
1.000000e+02, 4.830489e+01
1.000000e+02, 4.682213e+01
1.000000e+02, 4.535541e+01
1.000000e+02, 4.390435e+01
1.000000e+02, 4.246854e+01
1.000000e+02, 4.104761e+01
1.000000e+02, 3.964121e+01
1.000000e+02, 3.824899e+01
1.000000e+02, 3.687062e+01
1.000000e+02, 3.550580e+01
1.000000e+02, 3.415422e+01
1.000000e+02, 3.281558e+01
1.000000e+02, 3.148961e+01
1.000000e+02, 3.017603e+01
1.000000e+02, 2.887459e+01
1.000000e+02, 2.758505e+01
1.000000e+02, 2.630714e+01
1.000000e+02, 2.504066e+01
1.000000e+02, 2.378536e+01
1.000000e+02, 2.254104e+01
1.000000e+02, 2.130749e+01
1.000000e+02, 2.008450e+01
1.000000e+02, 1.887188e+01
1.000000e+02, 1.766943e+01
1.000000e+02, 1.647699e+01
1.000000e+02, 1.529436e+01
1.000000e+02, 1.412138e+01
1.000000e+02, 1.295789e+01
1.000000e+02, 1.180371e+01
1.000000e+02, 1.065870e+01
1.000000e+02, 9.522704e+00
1.000000e+02, 8.395573e+00
1.000000e+02, 7.277165e+00
1.000000e+02, 6.167342e+00
1.000000e+02, 5.065969e+00
1.000000e+02, 3.972915e+00
1.000000e+02, 2.888053e+00
1.000000e+02, 1.811260e+00
1.000000e+02, 7.424147e-01
1.000000e+02, 3.596814e+02
1.000000e+02, 3.586281e+02
1.000000e+02, 3.575824e+02
1.000000e+02, 3.565442e+02
1.000000e+02, 3.555134e+02
1.000000e+02, 3.544899e+02
1.000000e+02, 3.534736e+02
1.000000e+02, 3.524644e+02
1.000000e+02, 3.514621e+02
1.000000e+02, 3.504668e+02
1.000000e+02, 3.494783e+02
1.000000e+02, 3.484965e+02
1.000000e+02, 3.475213e+02
1.000000e+02, 3.465528e+02
1.000000e+02, 3.455906e+02
1.000000e+02, 3.446349e+02
1.000000e+02, 3.436855e+02
1.000000e+02, 3.427423e+02
1.000000e+02, 3.418053e+02
1.000000e+02, 3.408744e+02
1.000000e+02, 3.399495e+02
1.000000e+02, 3.390305e+02
1.000000e+02, 3.381175e+02
1.000000e+02, 3.372102e+02
1.000000e+02, 3.363087e+02
1.000000e+02, 3.354128e+02
1.000000e+02, 3.345226e+02
1.000000e+02, 3.336380e+02
1.000000e+02, 3.327588e+02
1.000000e+02, 3.318851e+02
1.000000e+02, 3.310167e+02
1.000000e+02, 3.301537e+02
1.000000e+02, 3.292960e+02
1.000000e+02, 3.284434e+02
1.000000e+02, 3.275960e+02
1.000000e+02, 3.267538e+02
1.000000e+02, 3.259166e+02
1.000000e+02, 3.250844e+02
1.000000e+02, 3.242571e+02
1.000000e+02, 3.234348e+02
1.000000e+02, 3.226173e+02
1.000000e+02, 3.218046e+02
1.000000e+02, 3.209967e+02
1.000000e+02, 3.201936e+02
1.000000e+02, 3.193951e+02
1.000000e+02, 3.186012e+02
1.000000e+02, 3.178120e+02
1.000000e+02, 3.170272e+02
1.000000e+02, 3.162470e+02
1.000000e+02, 3.154713e+02
1.000000e+02, 3.147000e+02
1.000000e+02, 3.139331e+02
1.000000e+02, 3.131705e+02
1.000000e+02, 3.124123e+02
1.000000e+02, 3.116583e+02
1.000000e+02, 3.109086e+02
1.000000e+02, 3.101631e+02
1.000000e+02, 3.094218e+02
1.000000e+02, 3.086846e+02
1.000000e+02, 3.079515e+02
1.000000e+02, 3.072225e+02
1.000000e+02, 3.064975e+02
1.000000e+02, 3.057765e+02
1.000000e+02, 3.050595e+02
1.000000e+02, 3.043464e+02
1.000000e+02, 3.036372e+02
1.000000e+02, 3.029320e+02
1.000000e+02, 3.022305e+02
1.000000e+02, 3.015329e+02
1.000000e+02, 3.008391e+02
1.000000e+02, 3.001491e+02
1.000000e+02, 2.994627e+02
1.000000e+02, 2.987801e+02
1.000000e+02, 2.981012e+02
1.000000e+02, 2.974259e+02
1.000000e+02, 2.967543e+02
1.000000e+02, 2.960862e+02
1.000000e+02, 2.954218e+02
1.000000e+02, 2.947609e+02
1.000000e+02, 2.941035e+02
1.000000e+02, 2.934496e+02
1.000000e+02, 2.927992e+02
1.000000e+02, 2.921522e+02
1.000000e+02, 2.915087e+02
1.000000e+02, 2.908686e+02
1.000000e+02, 2.902318e+02
1.000000e+02, 2.895985e+02
1.000000e+02, 2.889684e+02
1.000000e+02, 2.883417e+02
1.000000e+02, 2.877183e+02
1.000000e+02, 2.870981e+02
1.000000e+02, 2.864812e+02
1.000000e+02, 2.858676e+02
1.000000e+02, 2.852571e+02
1.000000e+02, 2.846499e+02
1.000000e+02, 2.840458e+02
1.000000e+02, 2.834449e+02
1.000000e+02, 2.828471e+02
1.000000e+02, 2.822524e+02
1.000000e+02, 2.816608e+02
1.000000e+02, 2.810723e+02
1.000000e+02, 2.804869e+02
1.000000e+02, 2.799045e+02
1.000000e+02, 2.793251e+02
1.000000e+02, 2.787488e+02
1.000000e+02, 2.781754e+02
1.000000e+02, 2.776050e+02
1.000000e+02, 2.770375e+02
1.000000e+02, 2.764730e+02
1.000000e+02, 2.759114e+02
1.000000e+02, 2.753527e+02
1.000000e+02, 2.747969e+02
1.000000e+02, 2.742440e+02
1.000000e+02, 2.736939e+02
1.000000e+02, 2.731467e+02
1.000000e+02, 2.726023e+02
1.000000e+02, 2.720607e+02
1.000000e+02, 2.715219e+02
1.000000e+02, 2.709859e+02
1.000000e+02, 2.704526e+02
1.000000e+02, 2.699221e+02
1.000000e+02, 2.693944e+02
1.000000e+02, 2.688693e+02
1.000000e+02, 2.683470e+02
1.000000e+02, 2.678274e+02
1.000000e+02, 2.673104e+02
1.000000e+02, 2.667962e+02
1.000000e+02, 2.662846e+02
1.000000e+02, 2.657756e+02
1.000000e+02, 2.652693e+02
1.000000e+02, 2.647655e+02
1.000000e+02, 2.642644e+02
1.000000e+02, 2.637659e+02
1.000000e+02, 2.632699e+02
1.000000e+02, 2.627766e+02
1.000000e+02, 2.622858e+02
1.000000e+02, 2.617975e+02
1.000000e+02, 2.613117e+02
1.000000e+02, 2.608285e+02
1.000000e+02, 2.603478e+02
1.000000e+02, 2.598696e+02
1.000000e+02, 2.593939e+02
1.000000e+02, 2.589206e+02
1.000000e+02, 2.584498e+02
1.000000e+02, 2.579815e+02
1.000000e+02, 2.575156e+02
1.000000e+02, 2.570521e+02
1.000000e+02, 2.565911e+02
1.000000e+02, 2.561325e+02
1.000000e+02, 2.556762e+02
1.000000e+02, 2.552224e+02
1.000000e+02, 2.547709e+02
1.000000e+02, 2.543218e+02
1.000000e+02, 2.538751e+02
1.000000e+02, 2.534307e+02
1.000000e+02, 2.529887e+02
1.000000e+02, 2.525490e+02
1.000000e+02, 2.521116e+02
1.000000e+02, 2.516766e+02
1.000000e+02, 2.512438e+02
1.000000e+02, 2.508133e+02
1.000000e+02, 2.503851e+02
1.000000e+02, 2.499592e+02
1.000000e+02, 2.495356e+02
1.000000e+02, 2.491142e+02
1.000000e+02, 2.486951e+02
1.000000e+02, 2.482782e+02
1.000000e+02, 2.478635e+02
1.000000e+02, 2.474511e+02
1.000000e+02, 2.470409e+02
1.000000e+02, 2.466329e+02
1.000000e+02, 2.462271e+02
1.000000e+02, 2.458235e+02
1.000000e+02, 2.454220e+02
1.000000e+02, 2.450228e+02
1.000000e+02, 2.446257e+02
1.000000e+02, 2.442307e+02
1.000000e+02, 2.438380e+02
1.000000e+02, 2.434473e+02
1.000000e+02, 2.430588e+02
1.000000e+02, 2.426725e+02
1.000000e+02, 2.422882e+02
1.000000e+02, 2.419061e+02
1.000000e+02, 2.415261e+02
1.000000e+02, 2.411482e+02
1.000000e+02, 2.407723e+02
1.000000e+02, 2.403986e+02
1.000000e+02, 2.400269e+02
1.000000e+02, 2.396573e+02
1.000000e+02, 2.392898e+02
1.000000e+02, 2.389244e+02
1.000000e+02, 2.385610e+02
1.000000e+02, 2.381996e+02
1.000000e+02, 2.378403e+02
1.000000e+02, 2.374830e+02
1.000000e+02, 2.371277e+02
1.000000e+02, 2.367745e+02
1.000000e+02, 2.364233e+02
1.000000e+02, 2.360740e+02
1.000000e+02, 2.357268e+02
1.000000e+02, 2.353816e+02
1.000000e+02, 2.350384e+02
1.000000e+02, 2.346971e+02
1.000000e+02, 2.343578e+02
1.000000e+02, 2.340205e+02
1.000000e+02, 2.336852e+02
1.000000e+02, 2.333518e+02
1.000000e+02, 2.330204e+02
1.000000e+02, 2.326910e+02
1.000000e+02, 2.323634e+02
1.000000e+02, 2.320378e+02
1.000000e+02, 2.317142e+02
1.000000e+02, 2.313925e+02
1.000000e+02, 2.310726e+02
1.000000e+02, 2.307548e+02
1.000000e+02, 2.304388e+02
1.000000e+02, 2.301247e+02
1.000000e+02, 2.298125e+02
1.000000e+02, 2.295023e+02
1.000000e+02, 2.291939e+02
1.000000e+02, 2.288874e+02
1.000000e+02, 2.285827e+02
1.000000e+02, 2.282800e+02
1.000000e+02, 2.279791e+02
1.000000e+02, 2.276801e+02
1.000000e+02, 2.273830e+02
1.000000e+02, 2.270877e+02
1.000000e+02, 2.267942e+02
1.000000e+02, 2.265026e+02
1.000000e+02, 2.262129e+02
1.000000e+02, 2.259250e+02
1.000000e+02, 2.256389e+02
1.000000e+02, 2.253546e+02
1.000000e+02, 2.250722e+02
1.000000e+02, 2.247916e+02
1.000000e+02, 2.245128e+02
1.000000e+02, 2.242358e+02
1.000000e+02, 2.239607e+02
1.000000e+02, 2.236873e+02
1.000000e+02, 2.234157e+02
1.000000e+02, 2.231459e+02
1.000000e+02, 2.228780e+02
1.000000e+02, 2.226118e+02
1.000000e+02, 2.223473e+02
1.000000e+02, 2.220847e+02
1.000000e+02, 2.218238e+02
1.000000e+02, 2.215647e+02
1.000000e+02, 2.213074e+02
1.000000e+02, 2.210518e+02
1.000000e+02, 2.207980e+02
1.000000e+02, 2.205460e+02
1.000000e+02, 2.202957e+02
1.000000e+02, 2.200471e+02
1.000000e+02, 2.198003e+02
1.000000e+02, 2.195553e+02
1.000000e+02, 2.193119e+02
1.000000e+02, 2.190703e+02
1.000000e+02, 2.188305e+02
1.000000e+02, 2.185923e+02
1.000000e+02, 2.183559e+02
1.000000e+02, 2.181212e+02
1.000000e+02, 2.178882e+02
1.000000e+02, 2.176570e+02
1.000000e+02, 2.174274e+02
1.000000e+02, 2.171996e+02
1.000000e+02, 2.169734e+02
1.000000e+02, 2.167490e+02
1.000000e+02, 2.165262e+02
1.000000e+02, 2.163052e+02
1.000000e+02, 2.160858e+02
1.000000e+02, 2.158681e+02
1.000000e+02, 2.156521e+02
1.000000e+02, 2.154378e+02
1.000000e+02, 2.152252e+02
1.000000e+02, 2.150142e+02
1.000000e+02, 2.148049e+02
1.000000e+02, 2.145973e+02
1.000000e+02, 2.143914e+02
1.000000e+02, 2.141871e+02
1.000000e+02, 2.139845e+02
1.000000e+02, 2.137835e+02
1.000000e+02, 2.135842e+02
1.000000e+02, 2.133865e+02
1.000000e+02, 2.131905e+02
1.000000e+02, 2.129962e+02
1.000000e+02, 2.128035e+02
1.000000e+02, 2.126124e+02
1.000000e+02, 2.124229e+02
1.000000e+02, 2.122352e+02
1.000000e+02, 2.120490e+02
1.000000e+02, 2.118645e+02
1.000000e+02, 2.116816e+02
1.000000e+02, 2.115003e+02
1.000000e+02, 2.113206e+02
1.000000e+02, 2.111426e+02
1.000000e+02, 2.109662e+02
1.000000e+02, 2.107914e+02
1.000000e+02, 2.106183e+02
1.000000e+02, 2.104467e+02
1.000000e+02, 2.102768e+02
1.000000e+02, 2.101084e+02
1.000000e+02, 2.099417e+02
1.000000e+02, 2.097766e+02
1.000000e+02, 2.096130e+02
1.000000e+02, 2.094511e+02
1.000000e+02, 2.092908e+02
1.000000e+02, 2.091320e+02
1.000000e+02, 2.089749e+02
1.000000e+02, 2.088194e+02
1.000000e+02, 2.086654e+02
1.000000e+02, 2.085130e+02
1.000000e+02, 2.083623e+02
1.000000e+02, 2.082131e+02
1.000000e+02, 2.080654e+02
1.000000e+02, 2.079194e+02
1.000000e+02, 2.077749e+02
1.000000e+02, 2.076321e+02
1.000000e+02, 2.074907e+02
1.000000e+02, 2.073510e+02
1.000000e+02, 2.072128e+02
1.000000e+02, 2.070762e+02
1.000000e+02, 2.069412e+02
1.000000e+02, 2.068077e+02
1.000000e+02, 2.066758e+02
1.000000e+02, 2.065455e+02
1.000000e+02, 2.064167e+02
1.000000e+02, 2.062895e+02
1.000000e+02, 2.061639e+02
1.000000e+02, 2.060397e+02
1.000000e+02, 2.059172e+02
1.000000e+02, 2.057962e+02
1.000000e+02, 2.056767e+02
1.000000e+02, 2.055588e+02
1.000000e+02, 2.054425e+02
1.000000e+02, 2.053277e+02
1.000000e+02, 2.052144e+02
1.000000e+02, 2.051027e+02
1.000000e+02, 2.049926e+02
1.000000e+02, 2.048839e+02
1.000000e+02, 2.047768e+02
1.000000e+02, 2.046713e+02
1.000000e+02, 2.045673e+02
1.000000e+02, 2.044648e+02
1.000000e+02, 2.043638e+02
1.000000e+02, 2.042644e+02
1.000000e+02, 2.041666e+02
1.000000e+02, 2.040702e+02
1.000000e+02, 2.039754e+02
1.000000e+02, 2.038821e+02
1.000000e+02, 2.037903e+02
1.000000e+02, 2.037001e+02
1.000000e+02, 2.036114e+02
1.000000e+02, 2.035242e+02
1.000000e+02, 2.034385e+02
1.000000e+02, 2.033544e+02
1.000000e+02, 2.032718e+02
1.000000e+02, 2.031907e+02
1.000000e+02, 2.031111e+02
1.000000e+02, 2.030330e+02
1.000000e+02, 2.029565e+02
1.000000e+02, 2.028814e+02
1.000000e+02, 2.028079e+02
1.000000e+02, 2.027359e+02
1.000000e+02, 2.026654e+02
1.000000e+02, 2.025965e+02
1.000000e+02, 2.025290e+02
1.000000e+02, 2.024631e+02
1.000000e+02, 2.023986e+02
1.000000e+02, 2.023357e+02
1.000000e+02, 2.022743e+02
1.000000e+02, 2.022143e+02
1.000000e+02, 2.021559e+02
1.000000e+02, 2.020990e+02
1.000000e+02, 2.020436e+02
1.000000e+02, 2.019897e+02
1.000000e+02, 2.019373e+02
1.000000e+02, 2.018865e+02
1.000000e+02, 2.018371e+02
1.000000e+02, 2.017892e+02
1.000000e+02, 2.017428e+02
1.000000e+02, 2.016979e+02
1.000000e+02, 2.016546e+02
1.000000e+02, 2.016127e+02
1.000000e+02, 2.015723e+02
1.000000e+02, 2.015335e+02
1.000000e+02, 2.014961e+02
1.000000e+02, 2.014602e+02
1.000000e+02, 2.014258e+02
1.000000e+02, 2.013929e+02
1.000000e+02, 2.013616e+02
1.000000e+02, 2.013317e+02
1.000000e+02, 2.013033e+02
1.000000e+02, 2.012764e+02
1.000000e+02, 2.012510e+02
1.000000e+02, 2.012271e+02
1.000000e+02, 2.012047e+02
1.000000e+02, 2.011838e+02
1.000000e+02, 2.011643e+02
1.000000e+02, 2.011464e+02
1.000000e+02, 2.011300e+02
1.000000e+02, 2.011151e+02
1.000000e+02, 2.011016e+02
1.000000e+02, 2.010897e+02
1.000000e+02, 2.010792e+02
1.000000e+02, 2.010703e+02
1.000000e+02, 2.010628e+02
1.000000e+02, 2.010568e+02
1.000000e+02, 2.010523e+02
1.000000e+02, 2.010494e+02
1.000000e+02, 2.010479e+02
1.000000e+02, 2.010479e+02
1.000000e+02, 2.010494e+02
1.000000e+02, 2.010523e+02
1.000000e+02, 2.010568e+02
1.000000e+02, 2.010628e+02
1.000000e+02, 2.010703e+02
1.000000e+02, 2.010792e+02
1.000000e+02, 2.010897e+02
1.000000e+02, 2.011016e+02
1.000000e+02, 2.011151e+02
1.000000e+02, 2.011300e+02
1.000000e+02, 2.011464e+02
1.000000e+02, 2.011643e+02
1.000000e+02, 2.011838e+02
1.000000e+02, 2.012047e+02
1.000000e+02, 2.012271e+02
1.000000e+02, 2.012510e+02
1.000000e+02, 2.012764e+02
1.000000e+02, 2.013033e+02
1.000000e+02, 2.013317e+02
1.000000e+02, 2.013616e+02
1.000000e+02, 2.013929e+02
1.000000e+02, 2.014258e+02
1.000000e+02, 2.014602e+02
1.000000e+02, 2.014961e+02
1.000000e+02, 2.015335e+02
1.000000e+02, 2.015723e+02
1.000000e+02, 2.016127e+02
1.000000e+02, 2.016546e+02
1.000000e+02, 2.016979e+02
1.000000e+02, 2.017428e+02
1.000000e+02, 2.017892e+02
1.000000e+02, 2.018371e+02
1.000000e+02, 2.018865e+02
1.000000e+02, 2.019373e+02
1.000000e+02, 2.019897e+02
1.000000e+02, 2.020436e+02
1.000000e+02, 2.020990e+02
1.000000e+02, 2.021559e+02
1.000000e+02, 2.022143e+02
1.000000e+02, 2.022743e+02
1.000000e+02, 2.023357e+02
1.000000e+02, 2.023986e+02
1.000000e+02, 2.024631e+02
1.000000e+02, 2.025290e+02
1.000000e+02, 2.025965e+02
1.000000e+02, 2.026654e+02
1.000000e+02, 2.027359e+02
1.000000e+02, 2.028079e+02
1.000000e+02, 2.028814e+02
1.000000e+02, 2.029565e+02
1.000000e+02, 2.030330e+02
1.000000e+02, 2.031111e+02
1.000000e+02, 2.031907e+02
1.000000e+02, 2.032718e+02
1.000000e+02, 2.033544e+02
1.000000e+02, 2.034385e+02
1.000000e+02, 2.035242e+02
1.000000e+02, 2.036114e+02
1.000000e+02, 2.037001e+02
1.000000e+02, 2.037903e+02
1.000000e+02, 2.038821e+02
1.000000e+02, 2.039754e+02
1.000000e+02, 2.040702e+02
1.000000e+02, 2.041666e+02
1.000000e+02, 2.042644e+02
1.000000e+02, 2.043638e+02
1.000000e+02, 2.044648e+02
1.000000e+02, 2.045673e+02
1.000000e+02, 2.046713e+02
1.000000e+02, 2.047768e+02
1.000000e+02, 2.048839e+02
1.000000e+02, 2.049926e+02
1.000000e+02, 2.051027e+02
1.000000e+02, 2.052144e+02
1.000000e+02, 2.053277e+02
1.000000e+02, 2.054425e+02
1.000000e+02, 2.055588e+02
1.000000e+02, 2.056767e+02
1.000000e+02, 2.057962e+02
1.000000e+02, 2.059172e+02
1.000000e+02, 2.060397e+02
1.000000e+02, 2.061639e+02
1.000000e+02, 2.062895e+02
1.000000e+02, 2.064167e+02
1.000000e+02, 2.065455e+02
1.000000e+02, 2.066758e+02
1.000000e+02, 2.068077e+02
1.000000e+02, 2.069412e+02
1.000000e+02, 2.070762e+02
1.000000e+02, 2.072128e+02
1.000000e+02, 2.073510e+02
1.000000e+02, 2.074907e+02
1.000000e+02, 2.076321e+02
1.000000e+02, 2.077749e+02
1.000000e+02, 2.079194e+02
1.000000e+02, 2.080654e+02
1.000000e+02, 2.082131e+02
1.000000e+02, 2.083623e+02
1.000000e+02, 2.085130e+02
1.000000e+02, 2.086654e+02
1.000000e+02, 2.088194e+02
1.000000e+02, 2.089749e+02
1.000000e+02, 2.091320e+02
1.000000e+02, 2.092908e+02
1.000000e+02, 2.094511e+02
1.000000e+02, 2.096130e+02
1.000000e+02, 2.097766e+02
1.000000e+02, 2.099417e+02
1.000000e+02, 2.101084e+02
1.000000e+02, 2.102768e+02
1.000000e+02, 2.104467e+02
1.000000e+02, 2.106183e+02
1.000000e+02, 2.107914e+02
1.000000e+02, 2.109662e+02
1.000000e+02, 2.111426e+02
1.000000e+02, 2.113206e+02
1.000000e+02, 2.115003e+02
1.000000e+02, 2.116816e+02
1.000000e+02, 2.118645e+02
1.000000e+02, 2.120490e+02
1.000000e+02, 2.122352e+02
1.000000e+02, 2.124229e+02
1.000000e+02, 2.126124e+02
1.000000e+02, 2.128035e+02
1.000000e+02, 2.129962e+02
1.000000e+02, 2.131905e+02
1.000000e+02, 2.133865e+02
1.000000e+02, 2.135842e+02
1.000000e+02, 2.137835e+02
1.000000e+02, 2.139845e+02
1.000000e+02, 2.141871e+02
1.000000e+02, 2.143914e+02
1.000000e+02, 2.145973e+02
1.000000e+02, 2.148049e+02
1.000000e+02, 2.150142e+02
1.000000e+02, 2.152252e+02
1.000000e+02, 2.154378e+02
1.000000e+02, 2.156521e+02
1.000000e+02, 2.158681e+02
1.000000e+02, 2.160858e+02
1.000000e+02, 2.163052e+02
1.000000e+02, 2.165262e+02
1.000000e+02, 2.167490e+02
1.000000e+02, 2.169734e+02
1.000000e+02, 2.171996e+02
1.000000e+02, 2.174274e+02
1.000000e+02, 2.176570e+02
1.000000e+02, 2.178882e+02
1.000000e+02, 2.181212e+02
1.000000e+02, 2.183559e+02
1.000000e+02, 2.185923e+02
1.000000e+02, 2.188305e+02
1.000000e+02, 2.190703e+02
1.000000e+02, 2.193119e+02
1.000000e+02, 2.195553e+02
1.000000e+02, 2.198003e+02
1.000000e+02, 2.200471e+02
1.000000e+02, 2.202957e+02
1.000000e+02, 2.205460e+02
1.000000e+02, 2.207980e+02
1.000000e+02, 2.210518e+02
1.000000e+02, 2.213074e+02
1.000000e+02, 2.215647e+02
1.000000e+02, 2.218238e+02
1.000000e+02, 2.220847e+02
1.000000e+02, 2.223473e+02
1.000000e+02, 2.226118e+02
1.000000e+02, 2.228780e+02
1.000000e+02, 2.231459e+02
1.000000e+02, 2.234157e+02
1.000000e+02, 2.236873e+02
1.000000e+02, 2.239607e+02
1.000000e+02, 2.242358e+02
1.000000e+02, 2.245128e+02
1.000000e+02, 2.247916e+02
1.000000e+02, 2.250722e+02
1.000000e+02, 2.253546e+02
1.000000e+02, 2.256389e+02
1.000000e+02, 2.259250e+02
1.000000e+02, 2.262129e+02
1.000000e+02, 2.265026e+02
1.000000e+02, 2.267942e+02
1.000000e+02, 2.270877e+02
1.000000e+02, 2.273830e+02
1.000000e+02, 2.276801e+02
1.000000e+02, 2.279791e+02
1.000000e+02, 2.282800e+02
1.000000e+02, 2.285827e+02
1.000000e+02, 2.288874e+02
1.000000e+02, 2.291939e+02
1.000000e+02, 2.295023e+02
1.000000e+02, 2.298125e+02
1.000000e+02, 2.301247e+02
1.000000e+02, 2.304388e+02
1.000000e+02, 2.307548e+02
1.000000e+02, 2.310727e+02
1.000000e+02, 2.313925e+02
1.000000e+02, 2.317142e+02
1.000000e+02, 2.320378e+02
1.000000e+02, 2.323634e+02
1.000000e+02, 2.326910e+02
1.000000e+02, 2.330204e+02
1.000000e+02, 2.333518e+02
1.000000e+02, 2.336852e+02
1.000000e+02, 2.340205e+02
1.000000e+02, 2.343578e+02
1.000000e+02, 2.346971e+02
1.000000e+02, 2.350384e+02
1.000000e+02, 2.353816e+02
1.000000e+02, 2.357268e+02
1.000000e+02, 2.360740e+02
1.000000e+02, 2.364233e+02
1.000000e+02, 2.367745e+02
1.000000e+02, 2.371277e+02
1.000000e+02, 2.374830e+02
1.000000e+02, 2.378403e+02
1.000000e+02, 2.381996e+02
1.000000e+02, 2.385610e+02
1.000000e+02, 2.389244e+02
1.000000e+02, 2.392898e+02
1.000000e+02, 2.396573e+02
1.000000e+02, 2.400269e+02
1.000000e+02, 2.403986e+02
1.000000e+02, 2.407723e+02
1.000000e+02, 2.411482e+02
1.000000e+02, 2.415261e+02
1.000000e+02, 2.419061e+02
1.000000e+02, 2.422882e+02
1.000000e+02, 2.426725e+02
1.000000e+02, 2.430588e+02
1.000000e+02, 2.434473e+02
1.000000e+02, 2.438380e+02
1.000000e+02, 2.442307e+02
1.000000e+02, 2.446257e+02
1.000000e+02, 2.450228e+02
1.000000e+02, 2.454220e+02
1.000000e+02, 2.458235e+02
1.000000e+02, 2.462271e+02
1.000000e+02, 2.466329e+02
1.000000e+02, 2.470409e+02
1.000000e+02, 2.474511e+02
1.000000e+02, 2.478635e+02
1.000000e+02, 2.482782e+02
1.000000e+02, 2.486951e+02
1.000000e+02, 2.491142e+02
1.000000e+02, 2.495356e+02
1.000000e+02, 2.499592e+02
1.000000e+02, 2.503851e+02
1.000000e+02, 2.508133e+02
1.000000e+02, 2.512438e+02
1.000000e+02, 2.516766e+02
1.000000e+02, 2.521116e+02
1.000000e+02, 2.525490e+02
1.000000e+02, 2.529887e+02
1.000000e+02, 2.534307e+02
1.000000e+02, 2.538751e+02
1.000000e+02, 2.543219e+02
1.000000e+02, 2.547709e+02
1.000000e+02, 2.552224e+02
1.000000e+02, 2.556762e+02
1.000000e+02, 2.561325e+02
1.000000e+02, 2.565911e+02
1.000000e+02, 2.570521e+02
1.000000e+02, 2.575156e+02
1.000000e+02, 2.579815e+02
1.000000e+02, 2.584498e+02
1.000000e+02, 2.589206e+02
1.000000e+02, 2.593939e+02
1.000000e+02, 2.598696e+02
1.000000e+02, 2.603478e+02
1.000000e+02, 2.608285e+02
1.000000e+02, 2.613117e+02
1.000000e+02, 2.617975e+02
1.000000e+02, 2.622858e+02
1.000000e+02, 2.627766e+02
1.000000e+02, 2.632699e+02
1.000000e+02, 2.637659e+02
1.000000e+02, 2.642644e+02
1.000000e+02, 2.647655e+02
1.000000e+02, 2.652693e+02
1.000000e+02, 2.657756e+02
1.000000e+02, 2.662846e+02
1.000000e+02, 2.667962e+02
1.000000e+02, 2.673105e+02
1.000000e+02, 2.678274e+02
1.000000e+02, 2.683470e+02
1.000000e+02, 2.688693e+02
1.000000e+02, 2.693944e+02
1.000000e+02, 2.699221e+02
1.000000e+02, 2.704526e+02
1.000000e+02, 2.709859e+02
1.000000e+02, 2.715219e+02
1.000000e+02, 2.720607e+02
1.000000e+02, 2.726023e+02
1.000000e+02, 2.731467e+02
1.000000e+02, 2.736939e+02
1.000000e+02, 2.742440e+02
1.000000e+02, 2.747969e+02
1.000000e+02, 2.753527e+02
1.000000e+02, 2.759114e+02
1.000000e+02, 2.764730e+02
1.000000e+02, 2.770375e+02
1.000000e+02, 2.776050e+02
1.000000e+02, 2.781754e+02
1.000000e+02, 2.787488e+02
1.000000e+02, 2.793251e+02
1.000000e+02, 2.799045e+02
1.000000e+02, 2.804869e+02
1.000000e+02, 2.810723e+02
1.000000e+02, 2.816608e+02
1.000000e+02, 2.822524e+02
1.000000e+02, 2.828471e+02
1.000000e+02, 2.834449e+02
1.000000e+02, 2.840458e+02
1.000000e+02, 2.846499e+02
1.000000e+02, 2.852571e+02
1.000000e+02, 2.858676e+02
1.000000e+02, 2.864812e+02
1.000000e+02, 2.870981e+02
1.000000e+02, 2.877183e+02
1.000000e+02, 2.883417e+02
1.000000e+02, 2.889684e+02
1.000000e+02, 2.895985e+02
1.000000e+02, 2.902318e+02
1.000000e+02, 2.908686e+02
1.000000e+02, 2.915087e+02
1.000000e+02, 2.921522e+02
1.000000e+02, 2.927992e+02
1.000000e+02, 2.934496e+02
1.000000e+02, 2.941035e+02
1.000000e+02, 2.947609e+02
1.000000e+02, 2.954218e+02
1.000000e+02, 2.960862e+02
1.000000e+02, 2.967543e+02
1.000000e+02, 2.974259e+02
1.000000e+02, 2.981012e+02
1.000000e+02, 2.987801e+02
1.000000e+02, 2.994627e+02
1.000000e+02, 3.001491e+02
1.000000e+02, 3.008391e+02
1.000000e+02, 3.015329e+02
1.000000e+02, 3.022305e+02
1.000000e+02, 3.029320e+02
1.000000e+02, 3.036372e+02
1.000000e+02, 3.043464e+02
1.000000e+02, 3.050595e+02
1.000000e+02, 3.057765e+02
1.000000e+02, 3.064975e+02
1.000000e+02, 3.072225e+02
1.000000e+02, 3.079515e+02
1.000000e+02, 3.086846e+02
1.000000e+02, 3.094218e+02
1.000000e+02, 3.101631e+02
1.000000e+02, 3.109086e+02
1.000000e+02, 3.116584e+02
1.000000e+02, 3.124123e+02
1.000000e+02, 3.131705e+02
1.000000e+02, 3.139331e+02
1.000000e+02, 3.147000e+02
1.000000e+02, 3.154713e+02
1.000000e+02, 3.162470e+02
1.000000e+02, 3.170272e+02
1.000000e+02, 3.178120e+02
1.000000e+02, 3.186012e+02
1.000000e+02, 3.193951e+02
1.000000e+02, 3.201936e+02
1.000000e+02, 3.209967e+02
1.000000e+02, 3.218046e+02
1.000000e+02, 3.226173e+02
1.000000e+02, 3.234348e+02
1.000000e+02, 3.242571e+02
1.000000e+02, 3.250844e+02
1.000000e+02, 3.259166e+02
1.000000e+02, 3.267538e+02
1.000000e+02, 3.275961e+02
1.000000e+02, 3.284434e+02
1.000000e+02, 3.292960e+02
1.000000e+02, 3.301537e+02
1.000000e+02, 3.310167e+02
1.000000e+02, 3.318851e+02
1.000000e+02, 3.327588e+02
1.000000e+02, 3.336380e+02
1.000000e+02, 3.345226e+02
1.000000e+02, 3.354128e+02
1.000000e+02, 3.363087e+02
1.000000e+02, 3.372102e+02
1.000000e+02, 3.381175e+02
1.000000e+02, 3.390305e+02
1.000000e+02, 3.399495e+02
1.000000e+02, 3.408744e+02
1.000000e+02, 3.418053e+02
1.000000e+02, 3.427423e+02
1.000000e+02, 3.436855e+02
1.000000e+02, 3.446349e+02
1.000000e+02, 3.455906e+02
1.000000e+02, 3.465528e+02
1.000000e+02, 3.475213e+02
1.000000e+02, 3.484965e+02
1.000000e+02, 3.494783e+02
1.000000e+02, 3.504668e+02
1.000000e+02, 3.514621e+02
1.000000e+02, 3.524644e+02
1.000000e+02, 3.534736e+02
1.000000e+02, 3.544899e+02
1.000000e+02, 3.555134e+02
1.000000e+02, 3.565442e+02
1.000000e+02, 3.575824e+02
1.000000e+02, 3.586281e+02
1.000000e+02, 3.596814e+02
1.000000e+02, 7.424182e-01
1.000000e+02, 1.811264e+00
1.000000e+02, 2.888057e+00
1.000000e+02, 3.972919e+00
1.000000e+02, 5.065972e+00
1.000000e+02, 6.167345e+00
1.000000e+02, 7.277168e+00
1.000000e+02, 8.395576e+00
1.000000e+02, 9.522708e+00
1.000000e+02, 1.065871e+01
1.000000e+02, 1.180372e+01
1.000000e+02, 1.295789e+01
1.000000e+02, 1.412139e+01
1.000000e+02, 1.529437e+01
1.000000e+02, 1.647699e+01
1.000000e+02, 1.766944e+01
1.000000e+02, 1.887188e+01
1.000000e+02, 2.008450e+01
1.000000e+02, 2.130749e+01
1.000000e+02, 2.254105e+01
1.000000e+02, 2.378537e+01
1.000000e+02, 2.504066e+01
1.000000e+02, 2.630715e+01
1.000000e+02, 2.758505e+01
1.000000e+02, 2.887460e+01
1.000000e+02, 3.017603e+01
1.000000e+02, 3.148961e+01
1.000000e+02, 3.281558e+01
1.000000e+02, 3.415422e+01
1.000000e+02, 3.550581e+01
1.000000e+02, 3.687063e+01
1.000000e+02, 3.824899e+01
1.000000e+02, 3.964121e+01
1.000000e+02, 4.104761e+01
1.000000e+02, 4.246854e+01
1.000000e+02, 4.390435e+01
1.000000e+02, 4.535542e+01
1.000000e+02, 4.682213e+01
1.000000e+02, 4.830489e+01
1.000000e+02, 4.980414e+01
1.000000e+02, 5.132031e+01
1.000000e+02, 5.285387e+01
1.000000e+02, 5.440532e+01
1.000000e+02, 5.597517e+01
1.000000e+02, 5.756396e+01
1.000000e+02, 5.917227e+01
1.000000e+02, 6.080070e+01
1.000000e+02, 6.244987e+01
1.000000e+02, 6.412047e+01
1.000000e+02, 6.581320e+01
1.000000e+02, 6.752881e+01
1.000000e+02, 6.926809e+01
1.000000e+02, 7.103190e+01
1.000000e+02, 7.282112e+01
1.000000e+02, 7.463672e+01
1.000000e+02, 7.647972e+01
1.000000e+02, 7.835120e+01
1.000000e+02, 8.025234e+01
1.000000e+02, 8.218438e+01
1.000000e+02, 8.414867e+01
1.000000e+02, 8.614666e+01
1.000000e+02, 8.817992e+01
1.000000e+02, 9.025013e+01
1.000000e+02, 9.235914e+01
1.000000e+02, 9.450895e+01
1.000000e+02, 9.670173e+01
1.000000e+02, 9.893988e+01
1.000000e+02, 1.012260e+02
1.000000e+02, 1.035631e+02
1.000000e+02, 1.059542e+02
1.000000e+02, 1.084030e+02
1.000000e+02, 1.109134e+02
1.000000e+02, 1.134899e+02
1.000000e+02, 1.161377e+02
1.000000e+02, 1.188623e+02
1.000000e+02, 1.216704e+02
1.000000e+02, 1.245697e+02
1.000000e+02, 1.275688e+02
1.000000e+02, 1.306783e+02
1.000000e+02, 1.339105e+02
1.000000e+02, 1.372803e+02
1.000000e+02, 1.408058e+02
1.000000e+02, 1.445099e+02
1.000000e+02, 1.484214e+02
1.000000e+02, 1.525780e+02
1.000000e+02, 1.570308e+02
1.000000e+02, 1.618515e+02
1.000000e+02, 1.671472e+02
1.000000e+02, 1.730912e+02
1.000000e+02, 1.800000e+02
##END= 