##TITLE= /opt/topspin3.0/exp/stan/nmr/lists/wave/user/HypSec_trunc2.84_110
##JCAMP-DX= 5.00 Bruker JCAMP library
##DATA TYPE= Shape Data
##ORIGIN= Bruker BioSpin GmbH
##OWNER= <nmrsu>
##DATE= 15/02/24
##TIME= 16:15:04
##MINX= 1.164538e+01
##MAXX= 9.999960e+01
##MINY= 2.546774e-02
##MAXY= 3.585574e+02
##$SHAPE_EXMODE= Adiabatic
##$SHAPE_TOTROT= 1.800000e+02
##$SHAPE_BWFAC= 1.929340e+02
##$SHAPE_INTEGFAC= 2.356110e-02
##$SHAPE_MODE= 0
##NPOINTS= 1000
##XYPOINTS= (XY..XY)
1.000000e+02, 1.800000e+02
1.000000e+02, 1.757152e+02
1.000000e+02, 1.720288e+02
1.000000e+02, 1.687444e+02
1.000000e+02, 1.657547e+02
1.000000e+02, 1.629931e+02
1.000000e+02, 1.604152e+02
1.000000e+02, 1.579893e+02
1.000000e+02, 1.556921e+02
1.000000e+02, 1.535055e+02
1.000000e+02, 1.514156e+02
1.000000e+02, 1.494111e+02
1.000000e+02, 1.474826e+02
1.000000e+02, 1.456225e+02
1.000000e+02, 1.438244e+02
1.000000e+02, 1.420829e+02
1.000000e+02, 1.403931e+02
1.000000e+02, 1.387510e+02
1.000000e+02, 1.371530e+02
1.000000e+02, 1.355961e+02
1.000000e+02, 1.340774e+02
1.000000e+02, 1.325944e+02
1.000000e+02, 1.311450e+02
1.000000e+02, 1.297271e+02
1.000000e+02, 1.283391e+02
1.000000e+02, 1.269791e+02
1.000000e+02, 1.256458e+02
1.000000e+02, 1.243378e+02
1.000000e+02, 1.230539e+02
1.000000e+02, 1.217929e+02
1.000000e+02, 1.205537e+02
1.000000e+02, 1.193355e+02
1.000000e+02, 1.181373e+02
1.000000e+02, 1.169582e+02
1.000000e+02, 1.157975e+02
1.000000e+02, 1.146545e+02
1.000000e+02, 1.135285e+02
1.000000e+02, 1.124188e+02
1.000000e+02, 1.113249e+02
1.000000e+02, 1.102462e+02
1.000000e+02, 1.091822e+02
1.000000e+02, 1.081324e+02
1.000000e+02, 1.070963e+02
1.000000e+02, 1.060735e+02
1.000000e+02, 1.050636e+02
1.000000e+02, 1.040661e+02
1.000000e+02, 1.030808e+02
1.000000e+02, 1.021071e+02
1.000000e+02, 1.011449e+02
1.000000e+02, 1.001938e+02
1.000000e+02, 9.925353e+01
1.000000e+02, 9.832371e+01
1.000000e+02, 9.740411e+01
1.000000e+02, 9.649446e+01
1.000000e+02, 9.559452e+01
1.000000e+02, 9.470404e+01
1.000000e+02, 9.382280e+01
1.000000e+02, 9.295056e+01
1.000000e+02, 9.208711e+01
1.000000e+02, 9.123226e+01
1.000000e+02, 9.038581e+01
1.000000e+02, 8.954757e+01
1.000000e+02, 8.871735e+01
1.000000e+02, 8.789500e+01
1.000000e+02, 8.708033e+01
1.000000e+02, 8.627319e+01
1.000000e+02, 8.547342e+01
1.000000e+02, 8.468087e+01
1.000000e+02, 8.389541e+01
1.000000e+02, 8.311688e+01
1.000000e+02, 8.234517e+01
1.000000e+02, 8.158013e+01
1.000000e+02, 8.082164e+01
1.000000e+02, 8.006958e+01
1.000000e+02, 7.932383e+01
1.000000e+02, 7.858429e+01
1.000000e+02, 7.785083e+01
1.000000e+02, 7.712336e+01
1.000000e+02, 7.640177e+01
1.000000e+02, 7.568596e+01
1.000000e+02, 7.497583e+01
1.000000e+02, 7.427129e+01
1.000000e+02, 7.357225e+01
1.000000e+02, 7.287863e+01
1.000000e+02, 7.219032e+01
1.000000e+02, 7.150726e+01
1.000000e+02, 7.082936e+01
1.000000e+02, 7.015653e+01
1.000000e+02, 6.948871e+01
1.000000e+02, 6.882582e+01
1.000000e+02, 6.816779e+01
1.000000e+02, 6.751454e+01
1.000000e+02, 6.686601e+01
1.000000e+02, 6.622213e+01
1.000000e+02, 6.558284e+01
1.000000e+02, 6.494807e+01
1.000000e+02, 6.431775e+01
1.000000e+02, 6.369183e+01
1.000000e+02, 6.307026e+01
1.000000e+02, 6.245296e+01
1.000000e+02, 6.183990e+01
1.000000e+02, 6.123100e+01
1.000000e+02, 6.062622e+01
1.000000e+02, 6.002551e+01
1.000000e+02, 5.942881e+01
1.000000e+02, 5.883607e+01
1.000000e+02, 5.824725e+01
1.000000e+02, 5.766230e+01
1.000000e+02, 5.708118e+01
1.000000e+02, 5.650383e+01
1.000000e+02, 5.593021e+01
1.000000e+02, 5.536028e+01
1.000000e+02, 5.479400e+01
1.000000e+02, 5.423132e+01
1.000000e+02, 5.367220e+01
1.000000e+02, 5.311661e+01
1.000000e+02, 5.256451e+01
1.000000e+02, 5.201585e+01
1.000000e+02, 5.147060e+01
1.000000e+02, 5.092872e+01
1.000000e+02, 5.039018e+01
1.000000e+02, 4.985495e+01
1.000000e+02, 4.932298e+01
1.000000e+02, 4.879424e+01
1.000000e+02, 4.826870e+01
1.000000e+02, 4.774634e+01
1.000000e+02, 4.722710e+01
1.000000e+02, 4.671098e+01
1.000000e+02, 4.619792e+01
1.000000e+02, 4.568791e+01
1.000000e+02, 4.518092e+01
1.000000e+02, 4.467691e+01
1.000000e+02, 4.417586e+01
1.000000e+02, 4.367774e+01
1.000000e+02, 4.318252e+01
1.000000e+02, 4.269018e+01
1.000000e+02, 4.220068e+01
1.000000e+02, 4.171401e+01
1.000000e+02, 4.123013e+01
1.000000e+02, 4.074903e+01
1.000000e+02, 4.027068e+01
1.000000e+02, 3.979505e+01
1.000000e+02, 3.932212e+01
1.000000e+02, 3.885186e+01
1.000000e+02, 3.838426e+01
1.000000e+02, 3.791930e+01
1.000000e+02, 3.745694e+01
1.000000e+02, 3.699716e+01
1.000000e+02, 3.653996e+01
1.000000e+02, 3.608530e+01
1.000000e+02, 3.563316e+01
1.000000e+02, 3.518353e+01
1.000000e+02, 3.473638e+01
1.000000e+02, 3.429169e+01
1.000000e+02, 3.384945e+01
1.000000e+02, 3.340963e+01
1.000000e+02, 3.297222e+01
1.000000e+02, 3.253720e+01
1.000000e+02, 3.210455e+01
1.000000e+02, 3.167425e+01
1.000000e+02, 3.124629e+01
1.000000e+02, 3.082064e+01
1.000000e+02, 3.039729e+01
1.000000e+02, 2.997622e+01
1.000000e+02, 2.955743e+01
1.000000e+02, 2.914088e+01
1.000000e+02, 2.872656e+01
1.000000e+02, 2.831446e+01
1.000000e+02, 2.790457e+01
1.000000e+02, 2.749686e+01
1.000000e+02, 2.709132e+01
1.000000e+02, 2.668794e+01
1.000000e+02, 2.628671e+01
1.000000e+02, 2.588760e+01
1.000000e+02, 2.549060e+01
1.000000e+02, 2.509570e+01
1.000000e+02, 2.470289e+01
1.000000e+02, 2.431214e+01
1.000000e+02, 2.392346e+01
1.000000e+02, 2.353682e+01
1.000000e+02, 2.315221e+01
1.000000e+02, 2.276962e+01
1.000000e+02, 2.238903e+01
1.000000e+02, 2.201044e+01
1.000000e+02, 2.163383e+01
1.000000e+02, 2.125918e+01
1.000000e+02, 2.088649e+01
1.000000e+02, 2.051575e+01
1.000000e+02, 2.014694e+01
1.000000e+02, 1.978004e+01
1.000000e+02, 1.941506e+01
1.000000e+02, 1.905197e+01
1.000000e+02, 1.869077e+01
1.000000e+02, 1.833145e+01
1.000000e+02, 1.797399e+01
1.000000e+02, 1.761838e+01
1.000000e+02, 1.726462e+01
1.000000e+02, 1.691268e+01
1.000000e+02, 1.656257e+01
1.000000e+02, 1.621428e+01
1.000000e+02, 1.586778e+01
1.000000e+02, 1.552308e+01
1.000000e+02, 1.518015e+01
1.000000e+02, 1.483900e+01
1.000000e+02, 1.449962e+01
1.000000e+02, 1.416198e+01
1.000000e+02, 1.382609e+01
1.000000e+02, 1.349193e+01
1.000000e+02, 1.315950e+01
1.000000e+02, 1.282878e+01
1.000000e+02, 1.249978e+01
1.000000e+02, 1.217247e+01
1.000000e+02, 1.184685e+01
1.000000e+02, 1.152291e+01
1.000000e+02, 1.120064e+01
1.000000e+02, 1.088004e+01
1.000000e+02, 1.056109e+01
1.000000e+02, 1.024379e+01
1.000000e+02, 9.928132e+00
1.000000e+02, 9.614104e+00
1.000000e+02, 9.301700e+00
1.000000e+02, 8.990911e+00
1.000000e+02, 8.681730e+00
1.000000e+02, 8.374150e+00
1.000000e+02, 8.068162e+00
1.000000e+02, 7.763760e+00
1.000000e+02, 7.460935e+00
1.000000e+02, 7.159681e+00
1.000000e+02, 6.859991e+00
1.000000e+02, 6.561856e+00
1.000000e+02, 6.265271e+00
1.000000e+02, 5.970228e+00
1.000000e+02, 5.676720e+00
1.000000e+02, 5.384740e+00
1.000000e+02, 5.094282e+00
1.000000e+02, 4.805339e+00
1.000000e+02, 4.517904e+00
1.000000e+02, 4.231971e+00
1.000000e+02, 3.947533e+00
1.000000e+02, 3.664584e+00
1.000000e+02, 3.383118e+00
1.000000e+02, 3.103128e+00
1.000000e+02, 2.824608e+00
1.000000e+02, 2.547552e+00
1.000000e+02, 2.271954e+00
1.000000e+02, 1.997808e+00
1.000000e+02, 1.725108e+00
1.000000e+02, 1.453849e+00
1.000000e+02, 1.184023e+00
1.000000e+02, 9.156264e-01
1.000000e+02, 6.486525e-01
1.000000e+02, 3.830960e-01
1.000000e+02, 1.189513e-01
1.000000e+02, 3.598562e+02
1.000000e+02, 3.595949e+02
1.000000e+02, 3.593349e+02
1.000000e+02, 3.590764e+02
1.000000e+02, 3.588192e+02
1.000000e+02, 3.585634e+02
1.000000e+02, 3.583090e+02
1.000000e+02, 3.580560e+02
1.000000e+02, 3.578043e+02
1.000000e+02, 3.575540e+02
1.000000e+02, 3.573050e+02
1.000000e+02, 3.570574e+02
1.000000e+02, 3.568111e+02
1.000000e+02, 3.565662e+02
1.000000e+02, 3.563226e+02
1.000000e+02, 3.560803e+02
1.000000e+02, 3.558394e+02
1.000000e+02, 3.555997e+02
1.000000e+02, 3.553614e+02
1.000000e+02, 3.551245e+02
1.000000e+02, 3.548888e+02
1.000000e+02, 3.546544e+02
1.000000e+02, 3.544213e+02
1.000000e+02, 3.541895e+02
1.000000e+02, 3.539590e+02
1.000000e+02, 3.537298e+02
1.000000e+02, 3.535019e+02
1.000000e+02, 3.532752e+02
1.000000e+02, 3.530498e+02
1.000000e+02, 3.528257e+02
1.000000e+02, 3.526029e+02
1.000000e+02, 3.523813e+02
1.000000e+02, 3.521609e+02
1.000000e+02, 3.519419e+02
1.000000e+02, 3.517240e+02
1.000000e+02, 3.515075e+02
1.000000e+02, 3.512921e+02
1.000000e+02, 3.510780e+02
1.000000e+02, 3.508651e+02
1.000000e+02, 3.506535e+02
1.000000e+02, 3.504431e+02
1.000000e+02, 3.502339e+02
1.000000e+02, 3.500259e+02
1.000000e+02, 3.498192e+02
1.000000e+02, 3.496136e+02
1.000000e+02, 3.494093e+02
1.000000e+02, 3.492062e+02
1.000000e+02, 3.490042e+02
1.000000e+02, 3.488035e+02
1.000000e+02, 3.486040e+02
1.000000e+02, 3.484056e+02
1.000000e+02, 3.482085e+02
1.000000e+02, 3.480125e+02
1.000000e+02, 3.478177e+02
1.000000e+02, 3.476241e+02
1.000000e+02, 3.474317e+02
1.000000e+02, 3.472404e+02
1.000000e+02, 3.470503e+02
1.000000e+02, 3.468614e+02
1.000000e+02, 3.466737e+02
1.000000e+02, 3.464871e+02
1.000000e+02, 3.463016e+02
1.000000e+02, 3.461173e+02
1.000000e+02, 3.459342e+02
1.000000e+02, 3.457522e+02
1.000000e+02, 3.455713e+02
1.000000e+02, 3.453916e+02
1.000000e+02, 3.452131e+02
1.000000e+02, 3.450357e+02
1.000000e+02, 3.448594e+02
1.000000e+02, 3.446842e+02
1.000000e+02, 3.445102e+02
1.000000e+02, 3.443373e+02
1.000000e+02, 3.441655e+02
1.000000e+02, 3.439948e+02
1.000000e+02, 3.438253e+02
1.000000e+02, 3.436569e+02
1.000000e+02, 3.434896e+02
1.000000e+02, 3.433233e+02
1.000000e+02, 3.431583e+02
1.000000e+02, 3.429943e+02
1.000000e+02, 3.428314e+02
1.000000e+02, 3.426696e+02
1.000000e+02, 3.425089e+02
1.000000e+02, 3.423493e+02
1.000000e+02, 3.421908e+02
1.000000e+02, 3.420334e+02
1.000000e+02, 3.418771e+02
1.000000e+02, 3.417218e+02
1.000000e+02, 3.415677e+02
1.000000e+02, 3.414146e+02
1.000000e+02, 3.412626e+02
1.000000e+02, 3.411117e+02
1.000000e+02, 3.409619e+02
1.000000e+02, 3.408131e+02
1.000000e+02, 3.406654e+02
1.000000e+02, 3.405188e+02
1.000000e+02, 3.403733e+02
1.000000e+02, 3.402288e+02
1.000000e+02, 3.400853e+02
1.000000e+02, 3.399430e+02
1.000000e+02, 3.398017e+02
1.000000e+02, 3.396614e+02
1.000000e+02, 3.395222e+02
1.000000e+02, 3.393841e+02
1.000000e+02, 3.392470e+02
1.000000e+02, 3.391109e+02
1.000000e+02, 3.389759e+02
1.000000e+02, 3.388419e+02
1.000000e+02, 3.387090e+02
1.000000e+02, 3.385772e+02
1.000000e+02, 3.384463e+02
1.000000e+02, 3.383165e+02
1.000000e+02, 3.381878e+02
1.000000e+02, 3.380600e+02
1.000000e+02, 3.379333e+02
1.000000e+02, 3.378077e+02
1.000000e+02, 3.376830e+02
1.000000e+02, 3.375594e+02
1.000000e+02, 3.374368e+02
1.000000e+02, 3.373153e+02
1.000000e+02, 3.371947e+02
1.000000e+02, 3.370752e+02
1.000000e+02, 3.369567e+02
1.000000e+02, 3.368392e+02
1.000000e+02, 3.367228e+02
1.000000e+02, 3.366073e+02
1.000000e+02, 3.364929e+02
1.000000e+02, 3.363794e+02
1.000000e+02, 3.362670e+02
1.000000e+02, 3.361556e+02
1.000000e+02, 3.360452e+02
1.000000e+02, 3.359358e+02
1.000000e+02, 3.358274e+02
1.000000e+02, 3.357200e+02
1.000000e+02, 3.356136e+02
1.000000e+02, 3.355082e+02
1.000000e+02, 3.354038e+02
1.000000e+02, 3.353004e+02
1.000000e+02, 3.351980e+02
1.000000e+02, 3.350965e+02
1.000000e+02, 3.349961e+02
1.000000e+02, 3.348967e+02
1.000000e+02, 3.347982e+02
1.000000e+02, 3.347008e+02
1.000000e+02, 3.346043e+02
1.000000e+02, 3.345088e+02
1.000000e+02, 3.344143e+02
1.000000e+02, 3.343208e+02
1.000000e+02, 3.342283e+02
1.000000e+02, 3.341367e+02
1.000000e+02, 3.340462e+02
1.000000e+02, 3.339566e+02
1.000000e+02, 3.338680e+02
1.000000e+02, 3.337803e+02
1.000000e+02, 3.336937e+02
1.000000e+02, 3.336080e+02
1.000000e+02, 3.335232e+02
1.000000e+02, 3.334395e+02
1.000000e+02, 3.333567e+02
1.000000e+02, 3.332749e+02
1.000000e+02, 3.331941e+02
1.000000e+02, 3.331142e+02
1.000000e+02, 3.330353e+02
1.000000e+02, 3.329574e+02
1.000000e+02, 3.328804e+02
1.000000e+02, 3.328044e+02
1.000000e+02, 3.327294e+02
1.000000e+02, 3.326553e+02
1.000000e+02, 3.325822e+02
1.000000e+02, 3.325100e+02
1.000000e+02, 3.324388e+02
1.000000e+02, 3.323686e+02
1.000000e+02, 3.322993e+02
1.000000e+02, 3.322310e+02
1.000000e+02, 3.321636e+02
1.000000e+02, 3.320972e+02
1.000000e+02, 3.320317e+02
1.000000e+02, 3.319672e+02
1.000000e+02, 3.319036e+02
1.000000e+02, 3.318410e+02
1.000000e+02, 3.317794e+02
1.000000e+02, 3.317187e+02
1.000000e+02, 3.316589e+02
1.000000e+02, 3.316001e+02
1.000000e+02, 3.315423e+02
1.000000e+02, 3.314854e+02
1.000000e+02, 3.314294e+02
1.000000e+02, 3.313744e+02
1.000000e+02, 3.313203e+02
1.000000e+02, 3.312672e+02
1.000000e+02, 3.312150e+02
1.000000e+02, 3.311637e+02
1.000000e+02, 3.311134e+02
1.000000e+02, 3.310641e+02
1.000000e+02, 3.310157e+02
1.000000e+02, 3.309682e+02
1.000000e+02, 3.309217e+02
1.000000e+02, 3.308761e+02
1.000000e+02, 3.308314e+02
1.000000e+02, 3.307877e+02
1.000000e+02, 3.307449e+02
1.000000e+02, 3.307031e+02
1.000000e+02, 3.306622e+02
1.000000e+02, 3.306222e+02
1.000000e+02, 3.305832e+02
1.000000e+02, 3.305451e+02
1.000000e+02, 3.305079e+02
1.000000e+02, 3.304717e+02
1.000000e+02, 3.304364e+02
1.000000e+02, 3.304021e+02
1.000000e+02, 3.303686e+02
1.000000e+02, 3.303361e+02
1.000000e+02, 3.303046e+02
1.000000e+02, 3.302740e+02
1.000000e+02, 3.302443e+02
1.000000e+02, 3.302155e+02
1.000000e+02, 3.301877e+02
1.000000e+02, 3.301608e+02
1.000000e+02, 3.301348e+02
1.000000e+02, 3.301098e+02
1.000000e+02, 3.300857e+02
1.000000e+02, 3.300625e+02
1.000000e+02, 3.300402e+02
1.000000e+02, 3.300189e+02
1.000000e+02, 3.299985e+02
1.000000e+02, 3.299790e+02
1.000000e+02, 3.299605e+02
1.000000e+02, 3.299429e+02
1.000000e+02, 3.299262e+02
1.000000e+02, 3.299105e+02
1.000000e+02, 3.298956e+02
1.000000e+02, 3.298817e+02
1.000000e+02, 3.298688e+02
1.000000e+02, 3.298567e+02
1.000000e+02, 3.298456e+02
1.000000e+02, 3.298354e+02
1.000000e+02, 3.298262e+02
1.000000e+02, 3.298178e+02
1.000000e+02, 3.298104e+02
1.000000e+02, 3.298039e+02
1.000000e+02, 3.297984e+02
1.000000e+02, 3.297938e+02
1.000000e+02, 3.297900e+02
1.000000e+02, 3.297873e+02
1.000000e+02, 3.297854e+02
1.000000e+02, 3.297845e+02
1.000000e+02, 3.297845e+02
1.000000e+02, 3.297854e+02
1.000000e+02, 3.297873e+02
1.000000e+02, 3.297900e+02
1.000000e+02, 3.297938e+02
1.000000e+02, 3.297984e+02
1.000000e+02, 3.298039e+02
1.000000e+02, 3.298104e+02
1.000000e+02, 3.298178e+02
1.000000e+02, 3.298262e+02
1.000000e+02, 3.298354e+02
1.000000e+02, 3.298456e+02
1.000000e+02, 3.298567e+02
1.000000e+02, 3.298688e+02
1.000000e+02, 3.298817e+02
1.000000e+02, 3.298956e+02
1.000000e+02, 3.299105e+02
1.000000e+02, 3.299262e+02
1.000000e+02, 3.299429e+02
1.000000e+02, 3.299605e+02
1.000000e+02, 3.299790e+02
1.000000e+02, 3.299985e+02
1.000000e+02, 3.300189e+02
1.000000e+02, 3.300402e+02
1.000000e+02, 3.300625e+02
1.000000e+02, 3.300857e+02
1.000000e+02, 3.301098e+02
1.000000e+02, 3.301348e+02
1.000000e+02, 3.301608e+02
1.000000e+02, 3.301877e+02
1.000000e+02, 3.302155e+02
1.000000e+02, 3.302443e+02
1.000000e+02, 3.302740e+02
1.000000e+02, 3.303046e+02
1.000000e+02, 3.303361e+02
1.000000e+02, 3.303686e+02
1.000000e+02, 3.304021e+02
1.000000e+02, 3.304364e+02
1.000000e+02, 3.304717e+02
1.000000e+02, 3.305079e+02
1.000000e+02, 3.305451e+02
1.000000e+02, 3.305832e+02
1.000000e+02, 3.306222e+02
1.000000e+02, 3.306622e+02
1.000000e+02, 3.307031e+02
1.000000e+02, 3.307449e+02
1.000000e+02, 3.307877e+02
1.000000e+02, 3.308314e+02
1.000000e+02, 3.308761e+02
1.000000e+02, 3.309217e+02
1.000000e+02, 3.309682e+02
1.000000e+02, 3.310157e+02
1.000000e+02, 3.310641e+02
1.000000e+02, 3.311134e+02
1.000000e+02, 3.311637e+02
1.000000e+02, 3.312150e+02
1.000000e+02, 3.312672e+02
1.000000e+02, 3.313203e+02
1.000000e+02, 3.313744e+02
1.000000e+02, 3.314294e+02
1.000000e+02, 3.314854e+02
1.000000e+02, 3.315423e+02
1.000000e+02, 3.316001e+02
1.000000e+02, 3.316589e+02
1.000000e+02, 3.317187e+02
1.000000e+02, 3.317794e+02
1.000000e+02, 3.318410e+02
1.000000e+02, 3.319036e+02
1.000000e+02, 3.319672e+02
1.000000e+02, 3.320317e+02
1.000000e+02, 3.320972e+02
1.000000e+02, 3.321636e+02
1.000000e+02, 3.322310e+02
1.000000e+02, 3.322993e+02
1.000000e+02, 3.323686e+02
1.000000e+02, 3.324388e+02
1.000000e+02, 3.325100e+02
1.000000e+02, 3.325822e+02
1.000000e+02, 3.326553e+02
1.000000e+02, 3.327294e+02
1.000000e+02, 3.328044e+02
1.000000e+02, 3.328804e+02
1.000000e+02, 3.329574e+02
1.000000e+02, 3.330353e+02
1.000000e+02, 3.331142e+02
1.000000e+02, 3.331941e+02
1.000000e+02, 3.332749e+02
1.000000e+02, 3.333567e+02
1.000000e+02, 3.334395e+02
1.000000e+02, 3.335232e+02
1.000000e+02, 3.336080e+02
1.000000e+02, 3.336937e+02
1.000000e+02, 3.337803e+02
1.000000e+02, 3.338680e+02
1.000000e+02, 3.339566e+02
1.000000e+02, 3.340462e+02
1.000000e+02, 3.341367e+02
1.000000e+02, 3.342283e+02
1.000000e+02, 3.343208e+02
1.000000e+02, 3.344143e+02
1.000000e+02, 3.345088e+02
1.000000e+02, 3.346043e+02
1.000000e+02, 3.347008e+02
1.000000e+02, 3.347982e+02
1.000000e+02, 3.348967e+02
1.000000e+02, 3.349961e+02
1.000000e+02, 3.350965e+02
1.000000e+02, 3.351980e+02
1.000000e+02, 3.353004e+02
1.000000e+02, 3.354038e+02
1.000000e+02, 3.355082e+02
1.000000e+02, 3.356136e+02
1.000000e+02, 3.357200e+02
1.000000e+02, 3.358274e+02
1.000000e+02, 3.359358e+02
1.000000e+02, 3.360452e+02
1.000000e+02, 3.361556e+02
1.000000e+02, 3.362670e+02
1.000000e+02, 3.363794e+02
1.000000e+02, 3.364929e+02
1.000000e+02, 3.366073e+02
1.000000e+02, 3.367228e+02
1.000000e+02, 3.368392e+02
1.000000e+02, 3.369567e+02
1.000000e+02, 3.370752e+02
1.000000e+02, 3.371947e+02
1.000000e+02, 3.373153e+02
1.000000e+02, 3.374368e+02
1.000000e+02, 3.375594e+02
1.000000e+02, 3.376830e+02
1.000000e+02, 3.378077e+02
1.000000e+02, 3.379333e+02
1.000000e+02, 3.380600e+02
1.000000e+02, 3.381878e+02
1.000000e+02, 3.383165e+02
1.000000e+02, 3.384463e+02
1.000000e+02, 3.385772e+02
1.000000e+02, 3.387090e+02
1.000000e+02, 3.388419e+02
1.000000e+02, 3.389759e+02
1.000000e+02, 3.391109e+02
1.000000e+02, 3.392470e+02
1.000000e+02, 3.393841e+02
1.000000e+02, 3.395222e+02
1.000000e+02, 3.396614e+02
1.000000e+02, 3.398017e+02
1.000000e+02, 3.399430e+02
1.000000e+02, 3.400853e+02
1.000000e+02, 3.402288e+02
1.000000e+02, 3.403733e+02
1.000000e+02, 3.405188e+02
1.000000e+02, 3.406654e+02
1.000000e+02, 3.408131e+02
1.000000e+02, 3.409619e+02
1.000000e+02, 3.411117e+02
1.000000e+02, 3.412626e+02
1.000000e+02, 3.414146e+02
1.000000e+02, 3.415677e+02
1.000000e+02, 3.417218e+02
1.000000e+02, 3.418771e+02
1.000000e+02, 3.420334e+02
1.000000e+02, 3.421908e+02
1.000000e+02, 3.423493e+02
1.000000e+02, 3.425089e+02
1.000000e+02, 3.426696e+02
1.000000e+02, 3.428314e+02
1.000000e+02, 3.429943e+02
1.000000e+02, 3.431583e+02
1.000000e+02, 3.433233e+02
1.000000e+02, 3.434896e+02
1.000000e+02, 3.436569e+02
1.000000e+02, 3.438253e+02
1.000000e+02, 3.439948e+02
1.000000e+02, 3.441655e+02
1.000000e+02, 3.443373e+02
1.000000e+02, 3.445102e+02
1.000000e+02, 3.446842e+02
1.000000e+02, 3.448594e+02
1.000000e+02, 3.450357e+02
1.000000e+02, 3.452131e+02
1.000000e+02, 3.453916e+02
1.000000e+02, 3.455713e+02
1.000000e+02, 3.457522e+02
1.000000e+02, 3.459342e+02
1.000000e+02, 3.461173e+02
1.000000e+02, 3.463016e+02
1.000000e+02, 3.464871e+02
1.000000e+02, 3.466737e+02
1.000000e+02, 3.468614e+02
1.000000e+02, 3.470503e+02
1.000000e+02, 3.472404e+02
1.000000e+02, 3.474317e+02
1.000000e+02, 3.476241e+02
1.000000e+02, 3.478177e+02
1.000000e+02, 3.480125e+02
1.000000e+02, 3.482085e+02
1.000000e+02, 3.484056e+02
1.000000e+02, 3.486040e+02
1.000000e+02, 3.488035e+02
1.000000e+02, 3.490042e+02
1.000000e+02, 3.492062e+02
1.000000e+02, 3.494093e+02
1.000000e+02, 3.496136e+02
1.000000e+02, 3.498192e+02
1.000000e+02, 3.500259e+02
1.000000e+02, 3.502339e+02
1.000000e+02, 3.504431e+02
1.000000e+02, 3.506535e+02
1.000000e+02, 3.508651e+02
1.000000e+02, 3.510780e+02
1.000000e+02, 3.512921e+02
1.000000e+02, 3.515075e+02
1.000000e+02, 3.517240e+02
1.000000e+02, 3.519419e+02
1.000000e+02, 3.521609e+02
1.000000e+02, 3.523813e+02
1.000000e+02, 3.526029e+02
1.000000e+02, 3.528257e+02
1.000000e+02, 3.530498e+02
1.000000e+02, 3.532752e+02
1.000000e+02, 3.535019e+02
1.000000e+02, 3.537298e+02
1.000000e+02, 3.539590e+02
1.000000e+02, 3.541895e+02
1.000000e+02, 3.544213e+02
1.000000e+02, 3.546544e+02
1.000000e+02, 3.548888e+02
1.000000e+02, 3.551245e+02
1.000000e+02, 3.553614e+02
1.000000e+02, 3.555998e+02
1.000000e+02, 3.558394e+02
1.000000e+02, 3.560803e+02
1.000000e+02, 3.563226e+02
1.000000e+02, 3.565662e+02
1.000000e+02, 3.568111e+02
1.000000e+02, 3.570574e+02
1.000000e+02, 3.573050e+02
1.000000e+02, 3.575540e+02
1.000000e+02, 3.578043e+02
1.000000e+02, 3.580560e+02
1.000000e+02, 3.583090e+02
1.000000e+02, 3.585634e+02
1.000000e+02, 3.588192e+02
1.000000e+02, 3.590764e+02
1.000000e+02, 3.593349e+02
1.000000e+02, 3.595949e+02
1.000000e+02, 3.598562e+02
1.000000e+02, 1.189524e-01
1.000000e+02, 3.830972e-01
1.000000e+02, 6.486537e-01
1.000000e+02, 9.156276e-01
1.000000e+02, 1.184024e+00
1.000000e+02, 1.453850e+00
1.000000e+02, 1.725109e+00
1.000000e+02, 1.997809e+00
1.000000e+02, 2.271955e+00
1.000000e+02, 2.547553e+00
1.000000e+02, 2.824609e+00
1.000000e+02, 3.103129e+00
1.000000e+02, 3.383119e+00
1.000000e+02, 3.664585e+00
1.000000e+02, 3.947534e+00
1.000000e+02, 4.231972e+00
1.000000e+02, 4.517905e+00
1.000000e+02, 4.805340e+00
1.000000e+02, 5.094283e+00
1.000000e+02, 5.384741e+00
1.000000e+02, 5.676721e+00
1.000000e+02, 5.970229e+00
1.000000e+02, 6.265272e+00
1.000000e+02, 6.561858e+00
1.000000e+02, 6.859992e+00
1.000000e+02, 7.159683e+00
1.000000e+02, 7.460937e+00
1.000000e+02, 7.763761e+00
1.000000e+02, 8.068164e+00
1.000000e+02, 8.374151e+00
1.000000e+02, 8.681732e+00
1.000000e+02, 8.990912e+00
1.000000e+02, 9.301701e+00
1.000000e+02, 9.614106e+00
1.000000e+02, 9.928134e+00
1.000000e+02, 1.024379e+01
1.000000e+02, 1.056109e+01
1.000000e+02, 1.088004e+01
1.000000e+02, 1.120064e+01
1.000000e+02, 1.152291e+01
1.000000e+02, 1.184685e+01
1.000000e+02, 1.217247e+01
1.000000e+02, 1.249978e+01
1.000000e+02, 1.282879e+01
1.000000e+02, 1.315950e+01
1.000000e+02, 1.349193e+01
1.000000e+02, 1.382609e+01
1.000000e+02, 1.416198e+01
1.000000e+02, 1.449962e+01
1.000000e+02, 1.483900e+01
1.000000e+02, 1.518015e+01
1.000000e+02, 1.552308e+01
1.000000e+02, 1.586778e+01
1.000000e+02, 1.621428e+01
1.000000e+02, 1.656258e+01
1.000000e+02, 1.691269e+01
1.000000e+02, 1.726462e+01
1.000000e+02, 1.761838e+01
1.000000e+02, 1.797399e+01
1.000000e+02, 1.833145e+01
1.000000e+02, 1.869077e+01
1.000000e+02, 1.905197e+01
1.000000e+02, 1.941506e+01
1.000000e+02, 1.978004e+01
1.000000e+02, 2.014694e+01
1.000000e+02, 2.051575e+01
1.000000e+02, 2.088649e+01
1.000000e+02, 2.125918e+01
1.000000e+02, 2.163383e+01
1.000000e+02, 2.201044e+01
1.000000e+02, 2.238903e+01
1.000000e+02, 2.276962e+01
1.000000e+02, 2.315221e+01
1.000000e+02, 2.353682e+01
1.000000e+02, 2.392346e+01
1.000000e+02, 2.431214e+01
1.000000e+02, 2.470289e+01
1.000000e+02, 2.509570e+01
1.000000e+02, 2.549060e+01
1.000000e+02, 2.588760e+01
1.000000e+02, 2.628671e+01
1.000000e+02, 2.668795e+01
1.000000e+02, 2.709133e+01
1.000000e+02, 2.749686e+01
1.000000e+02, 2.790457e+01
1.000000e+02, 2.831447e+01
1.000000e+02, 2.872656e+01
1.000000e+02, 2.914088e+01
1.000000e+02, 2.955743e+01
1.000000e+02, 2.997623e+01
1.000000e+02, 3.039729e+01
1.000000e+02, 3.082064e+01
1.000000e+02, 3.124629e+01
1.000000e+02, 3.167425e+01
1.000000e+02, 3.210455e+01
1.000000e+02, 3.253720e+01
1.000000e+02, 3.297222e+01
1.000000e+02, 3.340963e+01
1.000000e+02, 3.384945e+01
1.000000e+02, 3.429169e+01
1.000000e+02, 3.473638e+01
1.000000e+02, 3.518353e+01
1.000000e+02, 3.563316e+01
1.000000e+02, 3.608530e+01
1.000000e+02, 3.653996e+01
1.000000e+02, 3.699717e+01
1.000000e+02, 3.745694e+01
1.000000e+02, 3.791930e+01
1.000000e+02, 3.838427e+01
1.000000e+02, 3.885187e+01
1.000000e+02, 3.932212e+01
1.000000e+02, 3.979505e+01
1.000000e+02, 4.027068e+01
1.000000e+02, 4.074903e+01
1.000000e+02, 4.123014e+01
1.000000e+02, 4.171401e+01
1.000000e+02, 4.220068e+01
1.000000e+02, 4.269018e+01
1.000000e+02, 4.318252e+01
1.000000e+02, 4.367774e+01
1.000000e+02, 4.417586e+01
1.000000e+02, 4.467691e+01
1.000000e+02, 4.518092e+01
1.000000e+02, 4.568792e+01
1.000000e+02, 4.619793e+01
1.000000e+02, 4.671098e+01
1.000000e+02, 4.722711e+01
1.000000e+02, 4.774634e+01
1.000000e+02, 4.826871e+01
1.000000e+02, 4.879424e+01
1.000000e+02, 4.932298e+01
1.000000e+02, 4.985495e+01
1.000000e+02, 5.039019e+01
1.000000e+02, 5.092872e+01
1.000000e+02, 5.147060e+01
1.000000e+02, 5.201585e+01
1.000000e+02, 5.256451e+01
1.000000e+02, 5.311661e+01
1.000000e+02, 5.367220e+01
1.000000e+02, 5.423132e+01
1.000000e+02, 5.479400e+01
1.000000e+02, 5.536028e+01
1.000000e+02, 5.593021e+01
1.000000e+02, 5.650383e+01
1.000000e+02, 5.708118e+01
1.000000e+02, 5.766231e+01
1.000000e+02, 5.824726e+01
1.000000e+02, 5.883607e+01
1.000000e+02, 5.942881e+01
1.000000e+02, 6.002551e+01
1.000000e+02, 6.062622e+01
1.000000e+02, 6.123100e+01
1.000000e+02, 6.183990e+01
1.000000e+02, 6.245297e+01
1.000000e+02, 6.307026e+01
1.000000e+02, 6.369184e+01
1.000000e+02, 6.431775e+01
1.000000e+02, 6.494807e+01
1.000000e+02, 6.558284e+01
1.000000e+02, 6.622214e+01
1.000000e+02, 6.686602e+01
1.000000e+02, 6.751455e+01
1.000000e+02, 6.816779e+01
1.000000e+02, 6.882583e+01
1.000000e+02, 6.948872e+01
1.000000e+02, 7.015654e+01
1.000000e+02, 7.082936e+01
1.000000e+02, 7.150726e+01
1.000000e+02, 7.219032e+01
1.000000e+02, 7.287863e+01
1.000000e+02, 7.357226e+01
1.000000e+02, 7.427129e+01
1.000000e+02, 7.497583e+01
1.000000e+02, 7.568596e+01
1.000000e+02, 7.640177e+01
1.000000e+02, 7.712336e+01
1.000000e+02, 7.785083e+01
1.000000e+02, 7.858429e+01
1.000000e+02, 7.932383e+01
1.000000e+02, 8.006958e+01
1.000000e+02, 8.082164e+01
1.000000e+02, 8.158013e+01
1.000000e+02, 8.234517e+01
1.000000e+02, 8.311689e+01
1.000000e+02, 8.389541e+01
1.000000e+02, 8.468088e+01
1.000000e+02, 8.547342e+01
1.000000e+02, 8.627319e+01
1.000000e+02, 8.708033e+01
1.000000e+02, 8.789500e+01
1.000000e+02, 8.871736e+01
1.000000e+02, 8.954757e+01
1.000000e+02, 9.038581e+01
1.000000e+02, 9.123226e+01
1.000000e+02, 9.208712e+01
1.000000e+02, 9.295056e+01
1.000000e+02, 9.382280e+01
1.000000e+02, 9.470405e+01
1.000000e+02, 9.559453e+01
1.000000e+02, 9.649447e+01
1.000000e+02, 9.740411e+01
1.000000e+02, 9.832371e+01
1.000000e+02, 9.925353e+01
1.000000e+02, 1.001938e+02
1.000000e+02, 1.011449e+02
1.000000e+02, 1.021071e+02
1.000000e+02, 1.030808e+02
1.000000e+02, 1.040661e+02
1.000000e+02, 1.050636e+02
1.000000e+02, 1.060735e+02
1.000000e+02, 1.070963e+02
1.000000e+02, 1.081324e+02
1.000000e+02, 1.091822e+02
1.000000e+02, 1.102462e+02
1.000000e+02, 1.113249e+02
1.000000e+02, 1.124188e+02
1.000000e+02, 1.135285e+02
1.000000e+02, 1.146545e+02
1.000000e+02, 1.157975e+02
1.000000e+02, 1.169582e+02
1.000000e+02, 1.181373e+02
1.000000e+02, 1.193355e+02
1.000000e+02, 1.205537e+02
1.000000e+02, 1.217929e+02
1.000000e+02, 1.230539e+02
1.000000e+02, 1.243378e+02
1.000000e+02, 1.256458e+02
1.000000e+02, 1.269791e+02
1.000000e+02, 1.283391e+02
1.000000e+02, 1.297271e+02
1.000000e+02, 1.311450e+02
1.000000e+02, 1.325944e+02
1.000000e+02, 1.340774e+02
1.000000e+02, 1.355961e+02
1.000000e+02, 1.371530e+02
1.000000e+02, 1.387510e+02
1.000000e+02, 1.403931e+02
1.000000e+02, 1.420829e+02
1.000000e+02, 1.438244e+02
1.000000e+02, 1.456225e+02
1.000000e+02, 1.474826e+02
1.000000e+02, 1.494111e+02
1.000000e+02, 1.514156e+02
1.000000e+02, 1.535056e+02
1.000000e+02, 1.556921e+02
1.000000e+02, 1.579893e+02
1.000000e+02, 1.604152e+02
1.000000e+02, 1.629931e+02
1.000000e+02, 1.657547e+02
1.000000e+02, 1.687444e+02
1.000000e+02, 1.720288e+02
1.000000e+02, 1.757152e+02
1.000000e+02, 1.800000e+02
##END= 