##TITLE= /opt/topspin3.0/exp/stan/nmr/lists/wave/user/HypSec_trunc2.84_110
##JCAMP-DX= 5.00 Bruker JCAMP library
##DATA TYPE= Shape Data
##ORIGIN= Bruker BioSpin GmbH
##OWNER= <nmrsu>
##DATE= 15/02/24
##TIME= 16:15:04
##MINX= 1.164538e+01
##MAXX= 9.999960e+01
##MINY= 2.546774e-02
##MAXY= 3.585574e+02
##$SHAPE_EXMODE= Adiabatic
##$SHAPE_TOTROT= 1.800000e+02
##$SHAPE_BWFAC= 1.929340e+02
##$SHAPE_INTEGFAC= 2.356110e-02
##$SHAPE_MODE= 0
##NPOINTS= 1000
##XYPOINTS= (XY..XY)
1.000000e+02, 1.800000e+02
1.000000e+02, 1.714304e+02
1.000000e+02, 1.640576e+02
1.000000e+02, 1.574888e+02
1.000000e+02, 1.515093e+02
1.000000e+02, 1.459862e+02
1.000000e+02, 1.408304e+02
1.000000e+02, 1.359786e+02
1.000000e+02, 1.313842e+02
1.000000e+02, 1.270111e+02
1.000000e+02, 1.228313e+02
1.000000e+02, 1.188221e+02
1.000000e+02, 1.149652e+02
1.000000e+02, 1.112451e+02
1.000000e+02, 1.076489e+02
1.000000e+02, 1.041657e+02
1.000000e+02, 1.007861e+02
1.000000e+02, 9.750194e+01
1.000000e+02, 9.430603e+01
1.000000e+02, 9.119214e+01
1.000000e+02, 8.815470e+01
1.000000e+02, 8.518879e+01
1.000000e+02, 8.228997e+01
1.000000e+02, 7.945427e+01
1.000000e+02, 7.667810e+01
1.000000e+02, 7.395821e+01
1.000000e+02, 7.129162e+01
1.000000e+02, 6.867564e+01
1.000000e+02, 6.610777e+01
1.000000e+02, 6.358576e+01
1.000000e+02, 6.110748e+01
1.000000e+02, 5.867100e+01
1.000000e+02, 5.627453e+01
1.000000e+02, 5.391639e+01
1.000000e+02, 5.159503e+01
1.000000e+02, 4.930901e+01
1.000000e+02, 4.705696e+01
1.000000e+02, 4.483764e+01
1.000000e+02, 4.264984e+01
1.000000e+02, 4.049246e+01
1.000000e+02, 3.836444e+01
1.000000e+02, 3.626481e+01
1.000000e+02, 3.419263e+01
1.000000e+02, 3.214701e+01
1.000000e+02, 3.012714e+01
1.000000e+02, 2.813222e+01
1.000000e+02, 2.616150e+01
1.000000e+02, 2.421429e+01
1.000000e+02, 2.228989e+01
1.000000e+02, 2.038769e+01
1.000000e+02, 1.850705e+01
1.000000e+02, 1.664741e+01
1.000000e+02, 1.480821e+01
1.000000e+02, 1.298893e+01
1.000000e+02, 1.118905e+01
1.000000e+02, 9.408088e+00
1.000000e+02, 7.645591e+00
1.000000e+02, 5.901111e+00
1.000000e+02, 4.174225e+00
1.000000e+02, 2.464525e+00
1.000000e+02, 7.716197e-01
1.000000e+02, 3.590951e+02
1.000000e+02, 3.574347e+02
1.000000e+02, 3.557900e+02
1.000000e+02, 3.541607e+02
1.000000e+02, 3.525464e+02
1.000000e+02, 3.509468e+02
1.000000e+02, 3.493617e+02
1.000000e+02, 3.477908e+02
1.000000e+02, 3.462338e+02
1.000000e+02, 3.446903e+02
1.000000e+02, 3.431603e+02
1.000000e+02, 3.416433e+02
1.000000e+02, 3.401392e+02
1.000000e+02, 3.386477e+02
1.000000e+02, 3.371686e+02
1.000000e+02, 3.357017e+02
1.000000e+02, 3.342467e+02
1.000000e+02, 3.328035e+02
1.000000e+02, 3.313719e+02
1.000000e+02, 3.299517e+02
1.000000e+02, 3.285426e+02
1.000000e+02, 3.271445e+02
1.000000e+02, 3.257573e+02
1.000000e+02, 3.243806e+02
1.000000e+02, 3.230145e+02
1.000000e+02, 3.216587e+02
1.000000e+02, 3.203131e+02
1.000000e+02, 3.189774e+02
1.000000e+02, 3.176516e+02
1.000000e+02, 3.163356e+02
1.000000e+02, 3.150291e+02
1.000000e+02, 3.137320e+02
1.000000e+02, 3.124443e+02
1.000000e+02, 3.111657e+02
1.000000e+02, 3.098961e+02
1.000000e+02, 3.086355e+02
1.000000e+02, 3.073837e+02
1.000000e+02, 3.061405e+02
1.000000e+02, 3.049059e+02
1.000000e+02, 3.036798e+02
1.000000e+02, 3.024620e+02
1.000000e+02, 3.012524e+02
1.000000e+02, 3.000510e+02
1.000000e+02, 2.988576e+02
1.000000e+02, 2.976721e+02
1.000000e+02, 2.964945e+02
1.000000e+02, 2.953246e+02
1.000000e+02, 2.941624e+02
1.000000e+02, 2.930077e+02
1.000000e+02, 2.918604e+02
1.000000e+02, 2.907206e+02
1.000000e+02, 2.895880e+02
1.000000e+02, 2.884626e+02
1.000000e+02, 2.873444e+02
1.000000e+02, 2.862332e+02
1.000000e+02, 2.851290e+02
1.000000e+02, 2.840317e+02
1.000000e+02, 2.829412e+02
1.000000e+02, 2.818574e+02
1.000000e+02, 2.807804e+02
1.000000e+02, 2.797099e+02
1.000000e+02, 2.786460e+02
1.000000e+02, 2.775885e+02
1.000000e+02, 2.765374e+02
1.000000e+02, 2.754927e+02
1.000000e+02, 2.744542e+02
1.000000e+02, 2.734220e+02
1.000000e+02, 2.723958e+02
1.000000e+02, 2.713758e+02
1.000000e+02, 2.703618e+02
1.000000e+02, 2.693538e+02
1.000000e+02, 2.683517e+02
1.000000e+02, 2.673555e+02
1.000000e+02, 2.663650e+02
1.000000e+02, 2.653804e+02
1.000000e+02, 2.644014e+02
1.000000e+02, 2.634280e+02
1.000000e+02, 2.624603e+02
1.000000e+02, 2.614981e+02
1.000000e+02, 2.605414e+02
1.000000e+02, 2.595901e+02
1.000000e+02, 2.586442e+02
1.000000e+02, 2.577037e+02
1.000000e+02, 2.567685e+02
1.000000e+02, 2.558386e+02
1.000000e+02, 2.549139e+02
1.000000e+02, 2.539943e+02
1.000000e+02, 2.530799e+02
1.000000e+02, 2.521706e+02
1.000000e+02, 2.512663e+02
1.000000e+02, 2.503671e+02
1.000000e+02, 2.494728e+02
1.000000e+02, 2.485834e+02
1.000000e+02, 2.476989e+02
1.000000e+02, 2.468193e+02
1.000000e+02, 2.459444e+02
1.000000e+02, 2.450744e+02
1.000000e+02, 2.442091e+02
1.000000e+02, 2.433485e+02
1.000000e+02, 2.424926e+02
1.000000e+02, 2.416413e+02
1.000000e+02, 2.407946e+02
1.000000e+02, 2.399524e+02
1.000000e+02, 2.391149e+02
1.000000e+02, 2.382818e+02
1.000000e+02, 2.374531e+02
1.000000e+02, 2.366289e+02
1.000000e+02, 2.358091e+02
1.000000e+02, 2.349937e+02
1.000000e+02, 2.341826e+02
1.000000e+02, 2.333759e+02
1.000000e+02, 2.325734e+02
1.000000e+02, 2.317752e+02
1.000000e+02, 2.309812e+02
1.000000e+02, 2.301914e+02
1.000000e+02, 2.294058e+02
1.000000e+02, 2.286243e+02
1.000000e+02, 2.278469e+02
1.000000e+02, 2.270736e+02
1.000000e+02, 2.263044e+02
1.000000e+02, 2.255392e+02
1.000000e+02, 2.247781e+02
1.000000e+02, 2.240209e+02
1.000000e+02, 2.232677e+02
1.000000e+02, 2.225184e+02
1.000000e+02, 2.217730e+02
1.000000e+02, 2.210315e+02
1.000000e+02, 2.202939e+02
1.000000e+02, 2.195601e+02
1.000000e+02, 2.188301e+02
1.000000e+02, 2.181039e+02
1.000000e+02, 2.173815e+02
1.000000e+02, 2.166629e+02
1.000000e+02, 2.159480e+02
1.000000e+02, 2.152368e+02
1.000000e+02, 2.145292e+02
1.000000e+02, 2.138254e+02
1.000000e+02, 2.131251e+02
1.000000e+02, 2.124286e+02
1.000000e+02, 2.117356e+02
1.000000e+02, 2.110462e+02
1.000000e+02, 2.103603e+02
1.000000e+02, 2.096780e+02
1.000000e+02, 2.089992e+02
1.000000e+02, 2.083240e+02
1.000000e+02, 2.076522e+02
1.000000e+02, 2.069839e+02
1.000000e+02, 2.063190e+02
1.000000e+02, 2.056576e+02
1.000000e+02, 2.049996e+02
1.000000e+02, 2.043449e+02
1.000000e+02, 2.036937e+02
1.000000e+02, 2.030458e+02
1.000000e+02, 2.024013e+02
1.000000e+02, 2.017601e+02
1.000000e+02, 2.011222e+02
1.000000e+02, 2.004876e+02
1.000000e+02, 1.998563e+02
1.000000e+02, 1.992282e+02
1.000000e+02, 1.986034e+02
1.000000e+02, 1.979818e+02
1.000000e+02, 1.973635e+02
1.000000e+02, 1.967483e+02
1.000000e+02, 1.961363e+02
1.000000e+02, 1.955275e+02
1.000000e+02, 1.949219e+02
1.000000e+02, 1.943194e+02
1.000000e+02, 1.937200e+02
1.000000e+02, 1.931237e+02
1.000000e+02, 1.925305e+02
1.000000e+02, 1.919405e+02
1.000000e+02, 1.913534e+02
1.000000e+02, 1.907695e+02
1.000000e+02, 1.901886e+02
1.000000e+02, 1.896107e+02
1.000000e+02, 1.890358e+02
1.000000e+02, 1.884639e+02
1.000000e+02, 1.878951e+02
1.000000e+02, 1.873292e+02
1.000000e+02, 1.867662e+02
1.000000e+02, 1.862063e+02
1.000000e+02, 1.856492e+02
1.000000e+02, 1.850951e+02
1.000000e+02, 1.845439e+02
1.000000e+02, 1.839956e+02
1.000000e+02, 1.834502e+02
1.000000e+02, 1.829077e+02
1.000000e+02, 1.823680e+02
1.000000e+02, 1.818313e+02
1.000000e+02, 1.812973e+02
1.000000e+02, 1.807662e+02
1.000000e+02, 1.802379e+02
1.000000e+02, 1.797124e+02
1.000000e+02, 1.791898e+02
1.000000e+02, 1.786699e+02
1.000000e+02, 1.781528e+02
1.000000e+02, 1.776384e+02
1.000000e+02, 1.771269e+02
1.000000e+02, 1.766180e+02
1.000000e+02, 1.761119e+02
1.000000e+02, 1.756086e+02
1.000000e+02, 1.751079e+02
1.000000e+02, 1.746100e+02
1.000000e+02, 1.741148e+02
1.000000e+02, 1.736222e+02
1.000000e+02, 1.731324e+02
1.000000e+02, 1.726452e+02
1.000000e+02, 1.721606e+02
1.000000e+02, 1.716787e+02
1.000000e+02, 1.711995e+02
1.000000e+02, 1.707229e+02
1.000000e+02, 1.702489e+02
1.000000e+02, 1.697775e+02
1.000000e+02, 1.693088e+02
1.000000e+02, 1.688426e+02
1.000000e+02, 1.683790e+02
1.000000e+02, 1.679180e+02
1.000000e+02, 1.674596e+02
1.000000e+02, 1.670037e+02
1.000000e+02, 1.665504e+02
1.000000e+02, 1.660996e+02
1.000000e+02, 1.656514e+02
1.000000e+02, 1.652057e+02
1.000000e+02, 1.647625e+02
1.000000e+02, 1.643219e+02
1.000000e+02, 1.638837e+02
1.000000e+02, 1.634481e+02
1.000000e+02, 1.630149e+02
1.000000e+02, 1.625842e+02
1.000000e+02, 1.621560e+02
1.000000e+02, 1.617303e+02
1.000000e+02, 1.613070e+02
1.000000e+02, 1.608862e+02
1.000000e+02, 1.604678e+02
1.000000e+02, 1.600519e+02
1.000000e+02, 1.596383e+02
1.000000e+02, 1.592273e+02
1.000000e+02, 1.588186e+02
1.000000e+02, 1.584123e+02
1.000000e+02, 1.580085e+02
1.000000e+02, 1.576070e+02
1.000000e+02, 1.572080e+02
1.000000e+02, 1.568113e+02
1.000000e+02, 1.564170e+02
1.000000e+02, 1.560250e+02
1.000000e+02, 1.556355e+02
1.000000e+02, 1.552482e+02
1.000000e+02, 1.548634e+02
1.000000e+02, 1.544809e+02
1.000000e+02, 1.541007e+02
1.000000e+02, 1.537228e+02
1.000000e+02, 1.533473e+02
1.000000e+02, 1.529741e+02
1.000000e+02, 1.526032e+02
1.000000e+02, 1.522346e+02
1.000000e+02, 1.518684e+02
1.000000e+02, 1.515044e+02
1.000000e+02, 1.511427e+02
1.000000e+02, 1.507833e+02
1.000000e+02, 1.504262e+02
1.000000e+02, 1.500713e+02
1.000000e+02, 1.497187e+02
1.000000e+02, 1.493684e+02
1.000000e+02, 1.490204e+02
1.000000e+02, 1.486745e+02
1.000000e+02, 1.483310e+02
1.000000e+02, 1.479897e+02
1.000000e+02, 1.476506e+02
1.000000e+02, 1.473137e+02
1.000000e+02, 1.469791e+02
1.000000e+02, 1.466467e+02
1.000000e+02, 1.463165e+02
1.000000e+02, 1.459885e+02
1.000000e+02, 1.456627e+02
1.000000e+02, 1.453392e+02
1.000000e+02, 1.450178e+02
1.000000e+02, 1.446986e+02
1.000000e+02, 1.443816e+02
1.000000e+02, 1.440668e+02
1.000000e+02, 1.437542e+02
1.000000e+02, 1.434437e+02
1.000000e+02, 1.431354e+02
1.000000e+02, 1.428293e+02
1.000000e+02, 1.425253e+02
1.000000e+02, 1.422235e+02
1.000000e+02, 1.419238e+02
1.000000e+02, 1.416263e+02
1.000000e+02, 1.413309e+02
1.000000e+02, 1.410376e+02
1.000000e+02, 1.407465e+02
1.000000e+02, 1.404575e+02
1.000000e+02, 1.401707e+02
1.000000e+02, 1.398859e+02
1.000000e+02, 1.396033e+02
1.000000e+02, 1.393228e+02
1.000000e+02, 1.390444e+02
1.000000e+02, 1.387681e+02
1.000000e+02, 1.384939e+02
1.000000e+02, 1.382218e+02
1.000000e+02, 1.379518e+02
1.000000e+02, 1.376839e+02
1.000000e+02, 1.374181e+02
1.000000e+02, 1.371543e+02
1.000000e+02, 1.368926e+02
1.000000e+02, 1.366331e+02
1.000000e+02, 1.363755e+02
1.000000e+02, 1.361201e+02
1.000000e+02, 1.358667e+02
1.000000e+02, 1.356153e+02
1.000000e+02, 1.353661e+02
1.000000e+02, 1.351189e+02
1.000000e+02, 1.348737e+02
1.000000e+02, 1.346306e+02
1.000000e+02, 1.343895e+02
1.000000e+02, 1.341504e+02
1.000000e+02, 1.339134e+02
1.000000e+02, 1.336785e+02
1.000000e+02, 1.334455e+02
1.000000e+02, 1.332146e+02
1.000000e+02, 1.329857e+02
1.000000e+02, 1.327589e+02
1.000000e+02, 1.325340e+02
1.000000e+02, 1.323112e+02
1.000000e+02, 1.320904e+02
1.000000e+02, 1.318716e+02
1.000000e+02, 1.316548e+02
1.000000e+02, 1.314400e+02
1.000000e+02, 1.312272e+02
1.000000e+02, 1.310164e+02
1.000000e+02, 1.308076e+02
1.000000e+02, 1.306007e+02
1.000000e+02, 1.303959e+02
1.000000e+02, 1.301931e+02
1.000000e+02, 1.299922e+02
1.000000e+02, 1.297934e+02
1.000000e+02, 1.295965e+02
1.000000e+02, 1.294016e+02
1.000000e+02, 1.292086e+02
1.000000e+02, 1.290177e+02
1.000000e+02, 1.288287e+02
1.000000e+02, 1.286416e+02
1.000000e+02, 1.284566e+02
1.000000e+02, 1.282735e+02
1.000000e+02, 1.280923e+02
1.000000e+02, 1.279131e+02
1.000000e+02, 1.277359e+02
1.000000e+02, 1.275606e+02
1.000000e+02, 1.273873e+02
1.000000e+02, 1.272159e+02
1.000000e+02, 1.270465e+02
1.000000e+02, 1.268790e+02
1.000000e+02, 1.267135e+02
1.000000e+02, 1.265498e+02
1.000000e+02, 1.263882e+02
1.000000e+02, 1.262284e+02
1.000000e+02, 1.260706e+02
1.000000e+02, 1.259148e+02
1.000000e+02, 1.257608e+02
1.000000e+02, 1.256088e+02
1.000000e+02, 1.254587e+02
1.000000e+02, 1.253106e+02
1.000000e+02, 1.251643e+02
1.000000e+02, 1.250200e+02
1.000000e+02, 1.248776e+02
1.000000e+02, 1.247371e+02
1.000000e+02, 1.245986e+02
1.000000e+02, 1.244619e+02
1.000000e+02, 1.243272e+02
1.000000e+02, 1.241943e+02
1.000000e+02, 1.240634e+02
1.000000e+02, 1.239344e+02
1.000000e+02, 1.238073e+02
1.000000e+02, 1.236821e+02
1.000000e+02, 1.235588e+02
1.000000e+02, 1.234374e+02
1.000000e+02, 1.233178e+02
1.000000e+02, 1.232002e+02
1.000000e+02, 1.230845e+02
1.000000e+02, 1.229707e+02
1.000000e+02, 1.228588e+02
1.000000e+02, 1.227487e+02
1.000000e+02, 1.226406e+02
1.000000e+02, 1.225343e+02
1.000000e+02, 1.224300e+02
1.000000e+02, 1.223275e+02
1.000000e+02, 1.222269e+02
1.000000e+02, 1.221282e+02
1.000000e+02, 1.220313e+02
1.000000e+02, 1.219364e+02
1.000000e+02, 1.218433e+02
1.000000e+02, 1.217521e+02
1.000000e+02, 1.216628e+02
1.000000e+02, 1.215754e+02
1.000000e+02, 1.214898e+02
1.000000e+02, 1.214062e+02
1.000000e+02, 1.213244e+02
1.000000e+02, 1.212444e+02
1.000000e+02, 1.211664e+02
1.000000e+02, 1.210902e+02
1.000000e+02, 1.210159e+02
1.000000e+02, 1.209434e+02
1.000000e+02, 1.208728e+02
1.000000e+02, 1.208041e+02
1.000000e+02, 1.207373e+02
1.000000e+02, 1.206723e+02
1.000000e+02, 1.206092e+02
1.000000e+02, 1.205479e+02
1.000000e+02, 1.204885e+02
1.000000e+02, 1.204310e+02
1.000000e+02, 1.203753e+02
1.000000e+02, 1.203215e+02
1.000000e+02, 1.202696e+02
1.000000e+02, 1.202195e+02
1.000000e+02, 1.201713e+02
1.000000e+02, 1.201249e+02
1.000000e+02, 1.200804e+02
1.000000e+02, 1.200378e+02
1.000000e+02, 1.199970e+02
1.000000e+02, 1.199581e+02
1.000000e+02, 1.199210e+02
1.000000e+02, 1.198858e+02
1.000000e+02, 1.198524e+02
1.000000e+02, 1.198209e+02
1.000000e+02, 1.197913e+02
1.000000e+02, 1.197635e+02
1.000000e+02, 1.197376e+02
1.000000e+02, 1.197135e+02
1.000000e+02, 1.196912e+02
1.000000e+02, 1.196709e+02
1.000000e+02, 1.196523e+02
1.000000e+02, 1.196357e+02
1.000000e+02, 1.196208e+02
1.000000e+02, 1.196079e+02
1.000000e+02, 1.195968e+02
1.000000e+02, 1.195875e+02
1.000000e+02, 1.195801e+02
1.000000e+02, 1.195745e+02
1.000000e+02, 1.195708e+02
1.000000e+02, 1.195690e+02
1.000000e+02, 1.195690e+02
1.000000e+02, 1.195708e+02
1.000000e+02, 1.195745e+02
1.000000e+02, 1.195801e+02
1.000000e+02, 1.195875e+02
1.000000e+02, 1.195968e+02
1.000000e+02, 1.196079e+02
1.000000e+02, 1.196208e+02
1.000000e+02, 1.196357e+02
1.000000e+02, 1.196523e+02
1.000000e+02, 1.196709e+02
1.000000e+02, 1.196912e+02
1.000000e+02, 1.197135e+02
1.000000e+02, 1.197376e+02
1.000000e+02, 1.197635e+02
1.000000e+02, 1.197913e+02
1.000000e+02, 1.198209e+02
1.000000e+02, 1.198524e+02
1.000000e+02, 1.198858e+02
1.000000e+02, 1.199210e+02
1.000000e+02, 1.199581e+02
1.000000e+02, 1.199970e+02
1.000000e+02, 1.200378e+02
1.000000e+02, 1.200804e+02
1.000000e+02, 1.201249e+02
1.000000e+02, 1.201713e+02
1.000000e+02, 1.202195e+02
1.000000e+02, 1.202696e+02
1.000000e+02, 1.203215e+02
1.000000e+02, 1.203753e+02
1.000000e+02, 1.204310e+02
1.000000e+02, 1.204885e+02
1.000000e+02, 1.205479e+02
1.000000e+02, 1.206092e+02
1.000000e+02, 1.206723e+02
1.000000e+02, 1.207373e+02
1.000000e+02, 1.208041e+02
1.000000e+02, 1.208728e+02
1.000000e+02, 1.209434e+02
1.000000e+02, 1.210159e+02
1.000000e+02, 1.210902e+02
1.000000e+02, 1.211664e+02
1.000000e+02, 1.212444e+02
1.000000e+02, 1.213244e+02
1.000000e+02, 1.214062e+02
1.000000e+02, 1.214898e+02
1.000000e+02, 1.215754e+02
1.000000e+02, 1.216628e+02
1.000000e+02, 1.217521e+02
1.000000e+02, 1.218433e+02
1.000000e+02, 1.219364e+02
1.000000e+02, 1.220313e+02
1.000000e+02, 1.221282e+02
1.000000e+02, 1.222269e+02
1.000000e+02, 1.223275e+02
1.000000e+02, 1.224300e+02
1.000000e+02, 1.225343e+02
1.000000e+02, 1.226406e+02
1.000000e+02, 1.227487e+02
1.000000e+02, 1.228588e+02
1.000000e+02, 1.229707e+02
1.000000e+02, 1.230845e+02
1.000000e+02, 1.232002e+02
1.000000e+02, 1.233178e+02
1.000000e+02, 1.234374e+02
1.000000e+02, 1.235588e+02
1.000000e+02, 1.236821e+02
1.000000e+02, 1.238073e+02
1.000000e+02, 1.239344e+02
1.000000e+02, 1.240634e+02
1.000000e+02, 1.241943e+02
1.000000e+02, 1.243272e+02
1.000000e+02, 1.244619e+02
1.000000e+02, 1.245986e+02
1.000000e+02, 1.247371e+02
1.000000e+02, 1.248776e+02
1.000000e+02, 1.250200e+02
1.000000e+02, 1.251643e+02
1.000000e+02, 1.253106e+02
1.000000e+02, 1.254587e+02
1.000000e+02, 1.256088e+02
1.000000e+02, 1.257608e+02
1.000000e+02, 1.259148e+02
1.000000e+02, 1.260706e+02
1.000000e+02, 1.262284e+02
1.000000e+02, 1.263882e+02
1.000000e+02, 1.265498e+02
1.000000e+02, 1.267135e+02
1.000000e+02, 1.268790e+02
1.000000e+02, 1.270465e+02
1.000000e+02, 1.272159e+02
1.000000e+02, 1.273873e+02
1.000000e+02, 1.275606e+02
1.000000e+02, 1.277359e+02
1.000000e+02, 1.279131e+02
1.000000e+02, 1.280923e+02
1.000000e+02, 1.282735e+02
1.000000e+02, 1.284566e+02
1.000000e+02, 1.286416e+02
1.000000e+02, 1.288287e+02
1.000000e+02, 1.290177e+02
1.000000e+02, 1.292086e+02
1.000000e+02, 1.294016e+02
1.000000e+02, 1.295965e+02
1.000000e+02, 1.297934e+02
1.000000e+02, 1.299922e+02
1.000000e+02, 1.301931e+02
1.000000e+02, 1.303959e+02
1.000000e+02, 1.306007e+02
1.000000e+02, 1.308076e+02
1.000000e+02, 1.310164e+02
1.000000e+02, 1.312272e+02
1.000000e+02, 1.314400e+02
1.000000e+02, 1.316548e+02
1.000000e+02, 1.318716e+02
1.000000e+02, 1.320904e+02
1.000000e+02, 1.323112e+02
1.000000e+02, 1.325340e+02
1.000000e+02, 1.327589e+02
1.000000e+02, 1.329857e+02
1.000000e+02, 1.332146e+02
1.000000e+02, 1.334455e+02
1.000000e+02, 1.336785e+02
1.000000e+02, 1.339134e+02
1.000000e+02, 1.341504e+02
1.000000e+02, 1.343895e+02
1.000000e+02, 1.346306e+02
1.000000e+02, 1.348737e+02
1.000000e+02, 1.351189e+02
1.000000e+02, 1.353661e+02
1.000000e+02, 1.356153e+02
1.000000e+02, 1.358667e+02
1.000000e+02, 1.361201e+02
1.000000e+02, 1.363755e+02
1.000000e+02, 1.366331e+02
1.000000e+02, 1.368927e+02
1.000000e+02, 1.371543e+02
1.000000e+02, 1.374181e+02
1.000000e+02, 1.376839e+02
1.000000e+02, 1.379518e+02
1.000000e+02, 1.382218e+02
1.000000e+02, 1.384939e+02
1.000000e+02, 1.387681e+02
1.000000e+02, 1.390444e+02
1.000000e+02, 1.393228e+02
1.000000e+02, 1.396033e+02
1.000000e+02, 1.398859e+02
1.000000e+02, 1.401707e+02
1.000000e+02, 1.404575e+02
1.000000e+02, 1.407465e+02
1.000000e+02, 1.410376e+02
1.000000e+02, 1.413309e+02
1.000000e+02, 1.416263e+02
1.000000e+02, 1.419238e+02
1.000000e+02, 1.422235e+02
1.000000e+02, 1.425253e+02
1.000000e+02, 1.428293e+02
1.000000e+02, 1.431354e+02
1.000000e+02, 1.434437e+02
1.000000e+02, 1.437542e+02
1.000000e+02, 1.440668e+02
1.000000e+02, 1.443816e+02
1.000000e+02, 1.446986e+02
1.000000e+02, 1.450178e+02
1.000000e+02, 1.453392e+02
1.000000e+02, 1.456628e+02
1.000000e+02, 1.459885e+02
1.000000e+02, 1.463165e+02
1.000000e+02, 1.466467e+02
1.000000e+02, 1.469791e+02
1.000000e+02, 1.473137e+02
1.000000e+02, 1.476506e+02
1.000000e+02, 1.479897e+02
1.000000e+02, 1.483310e+02
1.000000e+02, 1.486745e+02
1.000000e+02, 1.490204e+02
1.000000e+02, 1.493684e+02
1.000000e+02, 1.497187e+02
1.000000e+02, 1.500713e+02
1.000000e+02, 1.504262e+02
1.000000e+02, 1.507833e+02
1.000000e+02, 1.511427e+02
1.000000e+02, 1.515044e+02
1.000000e+02, 1.518684e+02
1.000000e+02, 1.522346e+02
1.000000e+02, 1.526032e+02
1.000000e+02, 1.529741e+02
1.000000e+02, 1.533473e+02
1.000000e+02, 1.537228e+02
1.000000e+02, 1.541007e+02
1.000000e+02, 1.544809e+02
1.000000e+02, 1.548634e+02
1.000000e+02, 1.552482e+02
1.000000e+02, 1.556355e+02
1.000000e+02, 1.560250e+02
1.000000e+02, 1.564170e+02
1.000000e+02, 1.568113e+02
1.000000e+02, 1.572080e+02
1.000000e+02, 1.576070e+02
1.000000e+02, 1.580085e+02
1.000000e+02, 1.584123e+02
1.000000e+02, 1.588186e+02
1.000000e+02, 1.592273e+02
1.000000e+02, 1.596383e+02
1.000000e+02, 1.600519e+02
1.000000e+02, 1.604678e+02
1.000000e+02, 1.608862e+02
1.000000e+02, 1.613070e+02
1.000000e+02, 1.617303e+02
1.000000e+02, 1.621560e+02
1.000000e+02, 1.625842e+02
1.000000e+02, 1.630149e+02
1.000000e+02, 1.634481e+02
1.000000e+02, 1.638837e+02
1.000000e+02, 1.643219e+02
1.000000e+02, 1.647626e+02
1.000000e+02, 1.652057e+02
1.000000e+02, 1.656514e+02
1.000000e+02, 1.660997e+02
1.000000e+02, 1.665504e+02
1.000000e+02, 1.670037e+02
1.000000e+02, 1.674596e+02
1.000000e+02, 1.679180e+02
1.000000e+02, 1.683790e+02
1.000000e+02, 1.688426e+02
1.000000e+02, 1.693088e+02
1.000000e+02, 1.697775e+02
1.000000e+02, 1.702489e+02
1.000000e+02, 1.707229e+02
1.000000e+02, 1.711995e+02
1.000000e+02, 1.716787e+02
1.000000e+02, 1.721606e+02
1.000000e+02, 1.726452e+02
1.000000e+02, 1.731324e+02
1.000000e+02, 1.736222e+02
1.000000e+02, 1.741148e+02
1.000000e+02, 1.746100e+02
1.000000e+02, 1.751079e+02
1.000000e+02, 1.756086e+02
1.000000e+02, 1.761119e+02
1.000000e+02, 1.766180e+02
1.000000e+02, 1.771269e+02
1.000000e+02, 1.776384e+02
1.000000e+02, 1.781528e+02
1.000000e+02, 1.786699e+02
1.000000e+02, 1.791898e+02
1.000000e+02, 1.797124e+02
1.000000e+02, 1.802379e+02
1.000000e+02, 1.807662e+02
1.000000e+02, 1.812973e+02
1.000000e+02, 1.818313e+02
1.000000e+02, 1.823680e+02
1.000000e+02, 1.829077e+02
1.000000e+02, 1.834502e+02
1.000000e+02, 1.839956e+02
1.000000e+02, 1.845439e+02
1.000000e+02, 1.850951e+02
1.000000e+02, 1.856492e+02
1.000000e+02, 1.862063e+02
1.000000e+02, 1.867662e+02
1.000000e+02, 1.873292e+02
1.000000e+02, 1.878951e+02
1.000000e+02, 1.884639e+02
1.000000e+02, 1.890358e+02
1.000000e+02, 1.896107e+02
1.000000e+02, 1.901886e+02
1.000000e+02, 1.907695e+02
1.000000e+02, 1.913534e+02
1.000000e+02, 1.919405e+02
1.000000e+02, 1.925305e+02
1.000000e+02, 1.931237e+02
1.000000e+02, 1.937200e+02
1.000000e+02, 1.943194e+02
1.000000e+02, 1.949219e+02
1.000000e+02, 1.955275e+02
1.000000e+02, 1.961363e+02
1.000000e+02, 1.967483e+02
1.000000e+02, 1.973635e+02
1.000000e+02, 1.979818e+02
1.000000e+02, 1.986034e+02
1.000000e+02, 1.992282e+02
1.000000e+02, 1.998563e+02
1.000000e+02, 2.004876e+02
1.000000e+02, 2.011222e+02
1.000000e+02, 2.017601e+02
1.000000e+02, 2.024013e+02
1.000000e+02, 2.030458e+02
1.000000e+02, 2.036937e+02
1.000000e+02, 2.043449e+02
1.000000e+02, 2.049996e+02
1.000000e+02, 2.056576e+02
1.000000e+02, 2.063190e+02
1.000000e+02, 2.069839e+02
1.000000e+02, 2.076522e+02
1.000000e+02, 2.083240e+02
1.000000e+02, 2.089992e+02
1.000000e+02, 2.096780e+02
1.000000e+02, 2.103603e+02
1.000000e+02, 2.110462e+02
1.000000e+02, 2.117356e+02
1.000000e+02, 2.124286e+02
1.000000e+02, 2.131252e+02
1.000000e+02, 2.138254e+02
1.000000e+02, 2.145292e+02
1.000000e+02, 2.152368e+02
1.000000e+02, 2.159480e+02
1.000000e+02, 2.166629e+02
1.000000e+02, 2.173815e+02
1.000000e+02, 2.181039e+02
1.000000e+02, 2.188301e+02
1.000000e+02, 2.195601e+02
1.000000e+02, 2.202939e+02
1.000000e+02, 2.210315e+02
1.000000e+02, 2.217730e+02
1.000000e+02, 2.225184e+02
1.000000e+02, 2.232677e+02
1.000000e+02, 2.240209e+02
1.000000e+02, 2.247781e+02
1.000000e+02, 2.255392e+02
1.000000e+02, 2.263044e+02
1.000000e+02, 2.270736e+02
1.000000e+02, 2.278469e+02
1.000000e+02, 2.286243e+02
1.000000e+02, 2.294058e+02
1.000000e+02, 2.301914e+02
1.000000e+02, 2.309812e+02
1.000000e+02, 2.317752e+02
1.000000e+02, 2.325734e+02
1.000000e+02, 2.333759e+02
1.000000e+02, 2.341827e+02
1.000000e+02, 2.349937e+02
1.000000e+02, 2.358091e+02
1.000000e+02, 2.366289e+02
1.000000e+02, 2.374531e+02
1.000000e+02, 2.382818e+02
1.000000e+02, 2.391149e+02
1.000000e+02, 2.399525e+02
1.000000e+02, 2.407946e+02
1.000000e+02, 2.416413e+02
1.000000e+02, 2.424926e+02
1.000000e+02, 2.433485e+02
1.000000e+02, 2.442091e+02
1.000000e+02, 2.450744e+02
1.000000e+02, 2.459444e+02
1.000000e+02, 2.468193e+02
1.000000e+02, 2.476989e+02
1.000000e+02, 2.485834e+02
1.000000e+02, 2.494728e+02
1.000000e+02, 2.503671e+02
1.000000e+02, 2.512663e+02
1.000000e+02, 2.521706e+02
1.000000e+02, 2.530799e+02
1.000000e+02, 2.539943e+02
1.000000e+02, 2.549139e+02
1.000000e+02, 2.558386e+02
1.000000e+02, 2.567685e+02
1.000000e+02, 2.577037e+02
1.000000e+02, 2.586442e+02
1.000000e+02, 2.595901e+02
1.000000e+02, 2.605414e+02
1.000000e+02, 2.614981e+02
1.000000e+02, 2.624603e+02
1.000000e+02, 2.634280e+02
1.000000e+02, 2.644014e+02
1.000000e+02, 2.653804e+02
1.000000e+02, 2.663650e+02
1.000000e+02, 2.673555e+02
1.000000e+02, 2.683517e+02
1.000000e+02, 2.693538e+02
1.000000e+02, 2.703618e+02
1.000000e+02, 2.713758e+02
1.000000e+02, 2.723959e+02
1.000000e+02, 2.734220e+02
1.000000e+02, 2.744542e+02
1.000000e+02, 2.754927e+02
1.000000e+02, 2.765374e+02
1.000000e+02, 2.775885e+02
1.000000e+02, 2.786460e+02
1.000000e+02, 2.797099e+02
1.000000e+02, 2.807804e+02
1.000000e+02, 2.818574e+02
1.000000e+02, 2.829412e+02
1.000000e+02, 2.840317e+02
1.000000e+02, 2.851290e+02
1.000000e+02, 2.862332e+02
1.000000e+02, 2.873444e+02
1.000000e+02, 2.884626e+02
1.000000e+02, 2.895880e+02
1.000000e+02, 2.907206e+02
1.000000e+02, 2.918604e+02
1.000000e+02, 2.930077e+02
1.000000e+02, 2.941624e+02
1.000000e+02, 2.953246e+02
1.000000e+02, 2.964945e+02
1.000000e+02, 2.976721e+02
1.000000e+02, 2.988576e+02
1.000000e+02, 3.000510e+02
1.000000e+02, 3.012524e+02
1.000000e+02, 3.024620e+02
1.000000e+02, 3.036798e+02
1.000000e+02, 3.049059e+02
1.000000e+02, 3.061405e+02
1.000000e+02, 3.073837e+02
1.000000e+02, 3.086355e+02
1.000000e+02, 3.098961e+02
1.000000e+02, 3.111657e+02
1.000000e+02, 3.124443e+02
1.000000e+02, 3.137320e+02
1.000000e+02, 3.150291e+02
1.000000e+02, 3.163356e+02
1.000000e+02, 3.176517e+02
1.000000e+02, 3.189774e+02
1.000000e+02, 3.203131e+02
1.000000e+02, 3.216587e+02
1.000000e+02, 3.230145e+02
1.000000e+02, 3.243806e+02
1.000000e+02, 3.257573e+02
1.000000e+02, 3.271445e+02
1.000000e+02, 3.285426e+02
1.000000e+02, 3.299517e+02
1.000000e+02, 3.313719e+02
1.000000e+02, 3.328035e+02
1.000000e+02, 3.342467e+02
1.000000e+02, 3.357017e+02
1.000000e+02, 3.371686e+02
1.000000e+02, 3.386477e+02
1.000000e+02, 3.401392e+02
1.000000e+02, 3.416433e+02
1.000000e+02, 3.431603e+02
1.000000e+02, 3.446903e+02
1.000000e+02, 3.462338e+02
1.000000e+02, 3.477908e+02
1.000000e+02, 3.493618e+02
1.000000e+02, 3.509468e+02
1.000000e+02, 3.525464e+02
1.000000e+02, 3.541607e+02
1.000000e+02, 3.557900e+02
1.000000e+02, 3.574347e+02
1.000000e+02, 3.590951e+02
1.000000e+02, 7.716245e-01
1.000000e+02, 2.464530e+00
1.000000e+02, 4.174230e+00
1.000000e+02, 5.901116e+00
1.000000e+02, 7.645595e+00
1.000000e+02, 9.408092e+00
1.000000e+02, 1.118905e+01
1.000000e+02, 1.298893e+01
1.000000e+02, 1.480822e+01
1.000000e+02, 1.664742e+01
1.000000e+02, 1.850706e+01
1.000000e+02, 2.038769e+01
1.000000e+02, 2.228990e+01
1.000000e+02, 2.421429e+01
1.000000e+02, 2.616151e+01
1.000000e+02, 2.813223e+01
1.000000e+02, 3.012715e+01
1.000000e+02, 3.214702e+01
1.000000e+02, 3.419263e+01
1.000000e+02, 3.626482e+01
1.000000e+02, 3.836445e+01
1.000000e+02, 4.049246e+01
1.000000e+02, 4.264985e+01
1.000000e+02, 4.483764e+01
1.000000e+02, 4.705697e+01
1.000000e+02, 4.930901e+01
1.000000e+02, 5.159504e+01
1.000000e+02, 5.391639e+01
1.000000e+02, 5.627453e+01
1.000000e+02, 5.867101e+01
1.000000e+02, 6.110748e+01
1.000000e+02, 6.358576e+01
1.000000e+02, 6.610778e+01
1.000000e+02, 6.867564e+01
1.000000e+02, 7.129163e+01
1.000000e+02, 7.395821e+01
1.000000e+02, 7.667811e+01
1.000000e+02, 7.945428e+01
1.000000e+02, 8.228997e+01
1.000000e+02, 8.518879e+01
1.000000e+02, 8.815471e+01
1.000000e+02, 9.119214e+01
1.000000e+02, 9.430604e+01
1.000000e+02, 9.750194e+01
1.000000e+02, 1.007861e+02
1.000000e+02, 1.041657e+02
1.000000e+02, 1.076489e+02
1.000000e+02, 1.112451e+02
1.000000e+02, 1.149652e+02
1.000000e+02, 1.188221e+02
1.000000e+02, 1.228313e+02
1.000000e+02, 1.270111e+02
1.000000e+02, 1.313842e+02
1.000000e+02, 1.359786e+02
1.000000e+02, 1.408304e+02
1.000000e+02, 1.459862e+02
1.000000e+02, 1.515093e+02
1.000000e+02, 1.574888e+02
1.000000e+02, 1.640576e+02
1.000000e+02, 1.714304e+02
1.000000e+02, 1.800000e+02
##END= 