##TITLE= /opt/topspin3.0/exp/stan/nmr/lists/wave/user/HypSec_trunc2.84_110
##JCAMP-DX= 5.00 Bruker JCAMP library
##DATA TYPE= Shape Data
##ORIGIN= Bruker BioSpin GmbH
##OWNER= <nmrsu>
##DATE= 15/02/24
##TIME= 16:15:04
##MINX= 1.164538e+01
##MAXX= 9.999960e+01
##MINY= 2.546774e-02
##MAXY= 3.585574e+02
##$SHAPE_EXMODE= Adiabatic
##$SHAPE_TOTROT= 1.800000e+02
##$SHAPE_BWFAC= 1.929340e+02
##$SHAPE_INTEGFAC= 2.356110e-02
##$SHAPE_MODE= 0
##NPOINTS= 1000
##XYPOINTS= (XY..XY)
1.000000e+02, 1.800000e+02
1.000000e+02, 1.782064e+02
1.000000e+02, 1.766632e+02
1.000000e+02, 1.752884e+02
1.000000e+02, 1.740368e+02
1.000000e+02, 1.728808e+02
1.000000e+02, 1.718017e+02
1.000000e+02, 1.707862e+02
1.000000e+02, 1.698246e+02
1.000000e+02, 1.689093e+02
1.000000e+02, 1.680345e+02
1.000000e+02, 1.671953e+02
1.000000e+02, 1.663881e+02
1.000000e+02, 1.656094e+02
1.000000e+02, 1.648567e+02
1.000000e+02, 1.641277e+02
1.000000e+02, 1.634204e+02
1.000000e+02, 1.627330e+02
1.000000e+02, 1.620641e+02
1.000000e+02, 1.614123e+02
1.000000e+02, 1.607766e+02
1.000000e+02, 1.601558e+02
1.000000e+02, 1.595491e+02
1.000000e+02, 1.589555e+02
1.000000e+02, 1.583745e+02
1.000000e+02, 1.578052e+02
1.000000e+02, 1.572471e+02
1.000000e+02, 1.566996e+02
1.000000e+02, 1.561621e+02
1.000000e+02, 1.556342e+02
1.000000e+02, 1.551155e+02
1.000000e+02, 1.546056e+02
1.000000e+02, 1.541040e+02
1.000000e+02, 1.536104e+02
1.000000e+02, 1.531245e+02
1.000000e+02, 1.526461e+02
1.000000e+02, 1.521747e+02
1.000000e+02, 1.517102e+02
1.000000e+02, 1.512523e+02
1.000000e+02, 1.508007e+02
1.000000e+02, 1.503553e+02
1.000000e+02, 1.499159e+02
1.000000e+02, 1.494822e+02
1.000000e+02, 1.490540e+02
1.000000e+02, 1.486313e+02
1.000000e+02, 1.482137e+02
1.000000e+02, 1.478012e+02
1.000000e+02, 1.473937e+02
1.000000e+02, 1.469909e+02
1.000000e+02, 1.465928e+02
1.000000e+02, 1.461992e+02
1.000000e+02, 1.458099e+02
1.000000e+02, 1.454250e+02
1.000000e+02, 1.450442e+02
1.000000e+02, 1.446675e+02
1.000000e+02, 1.442947e+02
1.000000e+02, 1.439258e+02
1.000000e+02, 1.435607e+02
1.000000e+02, 1.431993e+02
1.000000e+02, 1.428414e+02
1.000000e+02, 1.424871e+02
1.000000e+02, 1.421362e+02
1.000000e+02, 1.417887e+02
1.000000e+02, 1.414444e+02
1.000000e+02, 1.411034e+02
1.000000e+02, 1.407655e+02
1.000000e+02, 1.404307e+02
1.000000e+02, 1.400990e+02
1.000000e+02, 1.397702e+02
1.000000e+02, 1.394443e+02
1.000000e+02, 1.391212e+02
1.000000e+02, 1.388010e+02
1.000000e+02, 1.384835e+02
1.000000e+02, 1.381687e+02
1.000000e+02, 1.378565e+02
1.000000e+02, 1.375469e+02
1.000000e+02, 1.372399e+02
1.000000e+02, 1.369354e+02
1.000000e+02, 1.366333e+02
1.000000e+02, 1.363337e+02
1.000000e+02, 1.360364e+02
1.000000e+02, 1.357415e+02
1.000000e+02, 1.354489e+02
1.000000e+02, 1.351585e+02
1.000000e+02, 1.348704e+02
1.000000e+02, 1.345844e+02
1.000000e+02, 1.343007e+02
1.000000e+02, 1.340190e+02
1.000000e+02, 1.337395e+02
1.000000e+02, 1.334620e+02
1.000000e+02, 1.331865e+02
1.000000e+02, 1.329131e+02
1.000000e+02, 1.326416e+02
1.000000e+02, 1.323721e+02
1.000000e+02, 1.321044e+02
1.000000e+02, 1.318387e+02
1.000000e+02, 1.315749e+02
1.000000e+02, 1.313129e+02
1.000000e+02, 1.310527e+02
1.000000e+02, 1.307943e+02
1.000000e+02, 1.305376e+02
1.000000e+02, 1.302827e+02
1.000000e+02, 1.300296e+02
1.000000e+02, 1.297781e+02
1.000000e+02, 1.295283e+02
1.000000e+02, 1.292802e+02
1.000000e+02, 1.290337e+02
1.000000e+02, 1.287889e+02
1.000000e+02, 1.285456e+02
1.000000e+02, 1.283039e+02
1.000000e+02, 1.280638e+02
1.000000e+02, 1.278252e+02
1.000000e+02, 1.275882e+02
1.000000e+02, 1.273526e+02
1.000000e+02, 1.271186e+02
1.000000e+02, 1.268860e+02
1.000000e+02, 1.266549e+02
1.000000e+02, 1.264252e+02
1.000000e+02, 1.261970e+02
1.000000e+02, 1.259702e+02
1.000000e+02, 1.257447e+02
1.000000e+02, 1.255207e+02
1.000000e+02, 1.252980e+02
1.000000e+02, 1.250767e+02
1.000000e+02, 1.248567e+02
1.000000e+02, 1.246380e+02
1.000000e+02, 1.244206e+02
1.000000e+02, 1.242046e+02
1.000000e+02, 1.239898e+02
1.000000e+02, 1.237763e+02
1.000000e+02, 1.235641e+02
1.000000e+02, 1.233531e+02
1.000000e+02, 1.231434e+02
1.000000e+02, 1.229349e+02
1.000000e+02, 1.227276e+02
1.000000e+02, 1.225215e+02
1.000000e+02, 1.223166e+02
1.000000e+02, 1.221128e+02
1.000000e+02, 1.219103e+02
1.000000e+02, 1.217089e+02
1.000000e+02, 1.215087e+02
1.000000e+02, 1.213096e+02
1.000000e+02, 1.211116e+02
1.000000e+02, 1.209147e+02
1.000000e+02, 1.207190e+02
1.000000e+02, 1.205244e+02
1.000000e+02, 1.203308e+02
1.000000e+02, 1.201383e+02
1.000000e+02, 1.199470e+02
1.000000e+02, 1.197566e+02
1.000000e+02, 1.195674e+02
1.000000e+02, 1.193792e+02
1.000000e+02, 1.191920e+02
1.000000e+02, 1.190058e+02
1.000000e+02, 1.188207e+02
1.000000e+02, 1.186366e+02
1.000000e+02, 1.184535e+02
1.000000e+02, 1.182714e+02
1.000000e+02, 1.180903e+02
1.000000e+02, 1.179102e+02
1.000000e+02, 1.177310e+02
1.000000e+02, 1.175528e+02
1.000000e+02, 1.173756e+02
1.000000e+02, 1.171993e+02
1.000000e+02, 1.170240e+02
1.000000e+02, 1.168497e+02
1.000000e+02, 1.166762e+02
1.000000e+02, 1.165037e+02
1.000000e+02, 1.163321e+02
1.000000e+02, 1.161615e+02
1.000000e+02, 1.159917e+02
1.000000e+02, 1.158229e+02
1.000000e+02, 1.156549e+02
1.000000e+02, 1.154878e+02
1.000000e+02, 1.153216e+02
1.000000e+02, 1.151563e+02
1.000000e+02, 1.149919e+02
1.000000e+02, 1.148283e+02
1.000000e+02, 1.146656e+02
1.000000e+02, 1.145038e+02
1.000000e+02, 1.143428e+02
1.000000e+02, 1.141826e+02
1.000000e+02, 1.140233e+02
1.000000e+02, 1.138648e+02
1.000000e+02, 1.137072e+02
1.000000e+02, 1.135504e+02
1.000000e+02, 1.133943e+02
1.000000e+02, 1.132392e+02
1.000000e+02, 1.130848e+02
1.000000e+02, 1.129312e+02
1.000000e+02, 1.127784e+02
1.000000e+02, 1.126264e+02
1.000000e+02, 1.124752e+02
1.000000e+02, 1.123248e+02
1.000000e+02, 1.121752e+02
1.000000e+02, 1.120263e+02
1.000000e+02, 1.118782e+02
1.000000e+02, 1.117309e+02
1.000000e+02, 1.115843e+02
1.000000e+02, 1.114385e+02
1.000000e+02, 1.112935e+02
1.000000e+02, 1.111492e+02
1.000000e+02, 1.110056e+02
1.000000e+02, 1.108628e+02
1.000000e+02, 1.107208e+02
1.000000e+02, 1.105794e+02
1.000000e+02, 1.104388e+02
1.000000e+02, 1.102989e+02
1.000000e+02, 1.101598e+02
1.000000e+02, 1.100214e+02
1.000000e+02, 1.098836e+02
1.000000e+02, 1.097466e+02
1.000000e+02, 1.096103e+02
1.000000e+02, 1.094747e+02
1.000000e+02, 1.093398e+02
1.000000e+02, 1.092056e+02
1.000000e+02, 1.090721e+02
1.000000e+02, 1.089393e+02
1.000000e+02, 1.088071e+02
1.000000e+02, 1.086757e+02
1.000000e+02, 1.085449e+02
1.000000e+02, 1.084148e+02
1.000000e+02, 1.082854e+02
1.000000e+02, 1.081566e+02
1.000000e+02, 1.080285e+02
1.000000e+02, 1.079011e+02
1.000000e+02, 1.077743e+02
1.000000e+02, 1.076482e+02
1.000000e+02, 1.075228e+02
1.000000e+02, 1.073980e+02
1.000000e+02, 1.072738e+02
1.000000e+02, 1.071503e+02
1.000000e+02, 1.070275e+02
1.000000e+02, 1.069052e+02
1.000000e+02, 1.067837e+02
1.000000e+02, 1.066627e+02
1.000000e+02, 1.065424e+02
1.000000e+02, 1.064227e+02
1.000000e+02, 1.063036e+02
1.000000e+02, 1.061852e+02
1.000000e+02, 1.060674e+02
1.000000e+02, 1.059501e+02
1.000000e+02, 1.058336e+02
1.000000e+02, 1.057176e+02
1.000000e+02, 1.056022e+02
1.000000e+02, 1.054875e+02
1.000000e+02, 1.053733e+02
1.000000e+02, 1.052598e+02
1.000000e+02, 1.051468e+02
1.000000e+02, 1.050344e+02
1.000000e+02, 1.049227e+02
1.000000e+02, 1.048115e+02
1.000000e+02, 1.047010e+02
1.000000e+02, 1.045910e+02
1.000000e+02, 1.044816e+02
1.000000e+02, 1.043728e+02
1.000000e+02, 1.042645e+02
1.000000e+02, 1.041569e+02
1.000000e+02, 1.040498e+02
1.000000e+02, 1.039433e+02
1.000000e+02, 1.038374e+02
1.000000e+02, 1.037320e+02
1.000000e+02, 1.036272e+02
1.000000e+02, 1.035230e+02
1.000000e+02, 1.034194e+02
1.000000e+02, 1.033163e+02
1.000000e+02, 1.032137e+02
1.000000e+02, 1.031118e+02
1.000000e+02, 1.030104e+02
1.000000e+02, 1.029095e+02
1.000000e+02, 1.028092e+02
1.000000e+02, 1.027094e+02
1.000000e+02, 1.026102e+02
1.000000e+02, 1.025116e+02
1.000000e+02, 1.024135e+02
1.000000e+02, 1.023159e+02
1.000000e+02, 1.022189e+02
1.000000e+02, 1.021224e+02
1.000000e+02, 1.020264e+02
1.000000e+02, 1.019310e+02
1.000000e+02, 1.018361e+02
1.000000e+02, 1.017418e+02
1.000000e+02, 1.016480e+02
1.000000e+02, 1.015547e+02
1.000000e+02, 1.014619e+02
1.000000e+02, 1.013697e+02
1.000000e+02, 1.012780e+02
1.000000e+02, 1.011868e+02
1.000000e+02, 1.010961e+02
1.000000e+02, 1.010060e+02
1.000000e+02, 1.009164e+02
1.000000e+02, 1.008273e+02
1.000000e+02, 1.007387e+02
1.000000e+02, 1.006506e+02
1.000000e+02, 1.005630e+02
1.000000e+02, 1.004760e+02
1.000000e+02, 1.003894e+02
1.000000e+02, 1.003034e+02
1.000000e+02, 1.002178e+02
1.000000e+02, 1.001328e+02
1.000000e+02, 1.000483e+02
1.000000e+02, 9.996426e+01
1.000000e+02, 9.988073e+01
1.000000e+02, 9.979771e+01
1.000000e+02, 9.971518e+01
1.000000e+02, 9.963314e+01
1.000000e+02, 9.955161e+01
1.000000e+02, 9.947056e+01
1.000000e+02, 9.939001e+01
1.000000e+02, 9.930995e+01
1.000000e+02, 9.923037e+01
1.000000e+02, 9.915129e+01
1.000000e+02, 9.907269e+01
1.000000e+02, 9.899458e+01
1.000000e+02, 9.891695e+01
1.000000e+02, 9.883981e+01
1.000000e+02, 9.876315e+01
1.000000e+02, 9.868696e+01
1.000000e+02, 9.861126e+01
1.000000e+02, 9.853604e+01
1.000000e+02, 9.846129e+01
1.000000e+02, 9.838702e+01
1.000000e+02, 9.831322e+01
1.000000e+02, 9.823990e+01
1.000000e+02, 9.816705e+01
1.000000e+02, 9.809467e+01
1.000000e+02, 9.802276e+01
1.000000e+02, 9.795133e+01
1.000000e+02, 9.788035e+01
1.000000e+02, 9.780985e+01
1.000000e+02, 9.773981e+01
1.000000e+02, 9.767024e+01
1.000000e+02, 9.760113e+01
1.000000e+02, 9.753248e+01
1.000000e+02, 9.746430e+01
1.000000e+02, 9.739657e+01
1.000000e+02, 9.732931e+01
1.000000e+02, 9.726250e+01
1.000000e+02, 9.719615e+01
1.000000e+02, 9.713026e+01
1.000000e+02, 9.706482e+01
1.000000e+02, 9.699984e+01
1.000000e+02, 9.693532e+01
1.000000e+02, 9.687124e+01
1.000000e+02, 9.680762e+01
1.000000e+02, 9.674445e+01
1.000000e+02, 9.668172e+01
1.000000e+02, 9.661945e+01
1.000000e+02, 9.655763e+01
1.000000e+02, 9.649625e+01
1.000000e+02, 9.643532e+01
1.000000e+02, 9.637483e+01
1.000000e+02, 9.631479e+01
1.000000e+02, 9.625520e+01
1.000000e+02, 9.619604e+01
1.000000e+02, 9.613733e+01
1.000000e+02, 9.607906e+01
1.000000e+02, 9.602123e+01
1.000000e+02, 9.596384e+01
1.000000e+02, 9.590689e+01
1.000000e+02, 9.585038e+01
1.000000e+02, 9.579430e+01
1.000000e+02, 9.573867e+01
1.000000e+02, 9.568346e+01
1.000000e+02, 9.562869e+01
1.000000e+02, 9.557436e+01
1.000000e+02, 9.552046e+01
1.000000e+02, 9.546699e+01
1.000000e+02, 9.541396e+01
1.000000e+02, 9.536135e+01
1.000000e+02, 9.530918e+01
1.000000e+02, 9.525743e+01
1.000000e+02, 9.520612e+01
1.000000e+02, 9.515523e+01
1.000000e+02, 9.510477e+01
1.000000e+02, 9.505474e+01
1.000000e+02, 9.500514e+01
1.000000e+02, 9.495596e+01
1.000000e+02, 9.490720e+01
1.000000e+02, 9.485887e+01
1.000000e+02, 9.481097e+01
1.000000e+02, 9.476348e+01
1.000000e+02, 9.471642e+01
1.000000e+02, 9.466978e+01
1.000000e+02, 9.462357e+01
1.000000e+02, 9.457777e+01
1.000000e+02, 9.453239e+01
1.000000e+02, 9.448743e+01
1.000000e+02, 9.444289e+01
1.000000e+02, 9.439877e+01
1.000000e+02, 9.435507e+01
1.000000e+02, 9.431178e+01
1.000000e+02, 9.426891e+01
1.000000e+02, 9.422646e+01
1.000000e+02, 9.418442e+01
1.000000e+02, 9.414280e+01
1.000000e+02, 9.410159e+01
1.000000e+02, 9.406079e+01
1.000000e+02, 9.402041e+01
1.000000e+02, 9.398044e+01
1.000000e+02, 9.394088e+01
1.000000e+02, 9.390174e+01
1.000000e+02, 9.386300e+01
1.000000e+02, 9.382468e+01
1.000000e+02, 9.378677e+01
1.000000e+02, 9.374926e+01
1.000000e+02, 9.371217e+01
1.000000e+02, 9.367548e+01
1.000000e+02, 9.363920e+01
1.000000e+02, 9.360333e+01
1.000000e+02, 9.356787e+01
1.000000e+02, 9.353281e+01
1.000000e+02, 9.349817e+01
1.000000e+02, 9.346392e+01
1.000000e+02, 9.343008e+01
1.000000e+02, 9.339665e+01
1.000000e+02, 9.336362e+01
1.000000e+02, 9.333100e+01
1.000000e+02, 9.329878e+01
1.000000e+02, 9.326696e+01
1.000000e+02, 9.323555e+01
1.000000e+02, 9.320454e+01
1.000000e+02, 9.317393e+01
1.000000e+02, 9.314373e+01
1.000000e+02, 9.311392e+01
1.000000e+02, 9.308452e+01
1.000000e+02, 9.305552e+01
1.000000e+02, 9.302691e+01
1.000000e+02, 9.299871e+01
1.000000e+02, 9.297091e+01
1.000000e+02, 9.294351e+01
1.000000e+02, 9.291650e+01
1.000000e+02, 9.288990e+01
1.000000e+02, 9.286369e+01
1.000000e+02, 9.283788e+01
1.000000e+02, 9.281247e+01
1.000000e+02, 9.278746e+01
1.000000e+02, 9.276284e+01
1.000000e+02, 9.273862e+01
1.000000e+02, 9.271480e+01
1.000000e+02, 9.269137e+01
1.000000e+02, 9.266834e+01
1.000000e+02, 9.264571e+01
1.000000e+02, 9.262347e+01
1.000000e+02, 9.260162e+01
1.000000e+02, 9.258017e+01
1.000000e+02, 9.255912e+01
1.000000e+02, 9.253846e+01
1.000000e+02, 9.251819e+01
1.000000e+02, 9.249832e+01
1.000000e+02, 9.247884e+01
1.000000e+02, 9.245975e+01
1.000000e+02, 9.244106e+01
1.000000e+02, 9.242276e+01
1.000000e+02, 9.240485e+01
1.000000e+02, 9.238734e+01
1.000000e+02, 9.237022e+01
1.000000e+02, 9.235348e+01
1.000000e+02, 9.233715e+01
1.000000e+02, 9.232120e+01
1.000000e+02, 9.230564e+01
1.000000e+02, 9.229048e+01
1.000000e+02, 9.227571e+01
1.000000e+02, 9.226133e+01
1.000000e+02, 9.224733e+01
1.000000e+02, 9.223373e+01
1.000000e+02, 9.222052e+01
1.000000e+02, 9.220770e+01
1.000000e+02, 9.219527e+01
1.000000e+02, 9.218323e+01
1.000000e+02, 9.217158e+01
1.000000e+02, 9.216032e+01
1.000000e+02, 9.214945e+01
1.000000e+02, 9.213897e+01
1.000000e+02, 9.212888e+01
1.000000e+02, 9.211917e+01
1.000000e+02, 9.210986e+01
1.000000e+02, 9.210093e+01
1.000000e+02, 9.209240e+01
1.000000e+02, 9.208425e+01
1.000000e+02, 9.207649e+01
1.000000e+02, 9.206912e+01
1.000000e+02, 9.206214e+01
1.000000e+02, 9.205555e+01
1.000000e+02, 9.204934e+01
1.000000e+02, 9.204352e+01
1.000000e+02, 9.203809e+01
1.000000e+02, 9.203305e+01
1.000000e+02, 9.202840e+01
1.000000e+02, 9.202413e+01
1.000000e+02, 9.202026e+01
1.000000e+02, 9.201677e+01
1.000000e+02, 9.201367e+01
1.000000e+02, 9.201095e+01
1.000000e+02, 9.200863e+01
1.000000e+02, 9.200669e+01
1.000000e+02, 9.200514e+01
1.000000e+02, 9.200397e+01
1.000000e+02, 9.200320e+01
1.000000e+02, 9.200281e+01
1.000000e+02, 9.200281e+01
1.000000e+02, 9.200320e+01
1.000000e+02, 9.200397e+01
1.000000e+02, 9.200514e+01
1.000000e+02, 9.200669e+01
1.000000e+02, 9.200863e+01
1.000000e+02, 9.201095e+01
1.000000e+02, 9.201367e+01
1.000000e+02, 9.201677e+01
1.000000e+02, 9.202026e+01
1.000000e+02, 9.202413e+01
1.000000e+02, 9.202840e+01
1.000000e+02, 9.203305e+01
1.000000e+02, 9.203809e+01
1.000000e+02, 9.204352e+01
1.000000e+02, 9.204934e+01
1.000000e+02, 9.205555e+01
1.000000e+02, 9.206214e+01
1.000000e+02, 9.206912e+01
1.000000e+02, 9.207649e+01
1.000000e+02, 9.208425e+01
1.000000e+02, 9.209240e+01
1.000000e+02, 9.210093e+01
1.000000e+02, 9.210986e+01
1.000000e+02, 9.211917e+01
1.000000e+02, 9.212888e+01
1.000000e+02, 9.213897e+01
1.000000e+02, 9.214945e+01
1.000000e+02, 9.216032e+01
1.000000e+02, 9.217158e+01
1.000000e+02, 9.218323e+01
1.000000e+02, 9.219527e+01
1.000000e+02, 9.220770e+01
1.000000e+02, 9.222052e+01
1.000000e+02, 9.223373e+01
1.000000e+02, 9.224733e+01
1.000000e+02, 9.226133e+01
1.000000e+02, 9.227571e+01
1.000000e+02, 9.229048e+01
1.000000e+02, 9.230564e+01
1.000000e+02, 9.232120e+01
1.000000e+02, 9.233715e+01
1.000000e+02, 9.235348e+01
1.000000e+02, 9.237022e+01
1.000000e+02, 9.238734e+01
1.000000e+02, 9.240485e+01
1.000000e+02, 9.242276e+01
1.000000e+02, 9.244106e+01
1.000000e+02, 9.245975e+01
1.000000e+02, 9.247884e+01
1.000000e+02, 9.249832e+01
1.000000e+02, 9.251819e+01
1.000000e+02, 9.253846e+01
1.000000e+02, 9.255912e+01
1.000000e+02, 9.258017e+01
1.000000e+02, 9.260162e+01
1.000000e+02, 9.262347e+01
1.000000e+02, 9.264571e+01
1.000000e+02, 9.266834e+01
1.000000e+02, 9.269137e+01
1.000000e+02, 9.271480e+01
1.000000e+02, 9.273862e+01
1.000000e+02, 9.276284e+01
1.000000e+02, 9.278746e+01
1.000000e+02, 9.281247e+01
1.000000e+02, 9.283788e+01
1.000000e+02, 9.286369e+01
1.000000e+02, 9.288990e+01
1.000000e+02, 9.291650e+01
1.000000e+02, 9.294351e+01
1.000000e+02, 9.297091e+01
1.000000e+02, 9.299871e+01
1.000000e+02, 9.302691e+01
1.000000e+02, 9.305552e+01
1.000000e+02, 9.308452e+01
1.000000e+02, 9.311392e+01
1.000000e+02, 9.314373e+01
1.000000e+02, 9.317393e+01
1.000000e+02, 9.320454e+01
1.000000e+02, 9.323555e+01
1.000000e+02, 9.326696e+01
1.000000e+02, 9.329878e+01
1.000000e+02, 9.333100e+01
1.000000e+02, 9.336362e+01
1.000000e+02, 9.339665e+01
1.000000e+02, 9.343008e+01
1.000000e+02, 9.346392e+01
1.000000e+02, 9.349817e+01
1.000000e+02, 9.353281e+01
1.000000e+02, 9.356787e+01
1.000000e+02, 9.360333e+01
1.000000e+02, 9.363920e+01
1.000000e+02, 9.367548e+01
1.000000e+02, 9.371217e+01
1.000000e+02, 9.374926e+01
1.000000e+02, 9.378677e+01
1.000000e+02, 9.382468e+01
1.000000e+02, 9.386300e+01
1.000000e+02, 9.390174e+01
1.000000e+02, 9.394088e+01
1.000000e+02, 9.398044e+01
1.000000e+02, 9.402041e+01
1.000000e+02, 9.406079e+01
1.000000e+02, 9.410159e+01
1.000000e+02, 9.414280e+01
1.000000e+02, 9.418442e+01
1.000000e+02, 9.422646e+01
1.000000e+02, 9.426891e+01
1.000000e+02, 9.431178e+01
1.000000e+02, 9.435507e+01
1.000000e+02, 9.439877e+01
1.000000e+02, 9.444289e+01
1.000000e+02, 9.448743e+01
1.000000e+02, 9.453239e+01
1.000000e+02, 9.457777e+01
1.000000e+02, 9.462357e+01
1.000000e+02, 9.466978e+01
1.000000e+02, 9.471642e+01
1.000000e+02, 9.476348e+01
1.000000e+02, 9.481097e+01
1.000000e+02, 9.485887e+01
1.000000e+02, 9.490720e+01
1.000000e+02, 9.495596e+01
1.000000e+02, 9.500514e+01
1.000000e+02, 9.505474e+01
1.000000e+02, 9.510477e+01
1.000000e+02, 9.515523e+01
1.000000e+02, 9.520612e+01
1.000000e+02, 9.525743e+01
1.000000e+02, 9.530918e+01
1.000000e+02, 9.536135e+01
1.000000e+02, 9.541396e+01
1.000000e+02, 9.546699e+01
1.000000e+02, 9.552046e+01
1.000000e+02, 9.557436e+01
1.000000e+02, 9.562869e+01
1.000000e+02, 9.568346e+01
1.000000e+02, 9.573867e+01
1.000000e+02, 9.579430e+01
1.000000e+02, 9.585038e+01
1.000000e+02, 9.590689e+01
1.000000e+02, 9.596384e+01
1.000000e+02, 9.602123e+01
1.000000e+02, 9.607906e+01
1.000000e+02, 9.613733e+01
1.000000e+02, 9.619604e+01
1.000000e+02, 9.625520e+01
1.000000e+02, 9.631479e+01
1.000000e+02, 9.637483e+01
1.000000e+02, 9.643532e+01
1.000000e+02, 9.649625e+01
1.000000e+02, 9.655763e+01
1.000000e+02, 9.661945e+01
1.000000e+02, 9.668172e+01
1.000000e+02, 9.674445e+01
1.000000e+02, 9.680762e+01
1.000000e+02, 9.687124e+01
1.000000e+02, 9.693532e+01
1.000000e+02, 9.699984e+01
1.000000e+02, 9.706482e+01
1.000000e+02, 9.713026e+01
1.000000e+02, 9.719615e+01
1.000000e+02, 9.726250e+01
1.000000e+02, 9.732931e+01
1.000000e+02, 9.739657e+01
1.000000e+02, 9.746430e+01
1.000000e+02, 9.753248e+01
1.000000e+02, 9.760113e+01
1.000000e+02, 9.767024e+01
1.000000e+02, 9.773981e+01
1.000000e+02, 9.780985e+01
1.000000e+02, 9.788035e+01
1.000000e+02, 9.795133e+01
1.000000e+02, 9.802276e+01
1.000000e+02, 9.809467e+01
1.000000e+02, 9.816705e+01
1.000000e+02, 9.823990e+01
1.000000e+02, 9.831322e+01
1.000000e+02, 9.838702e+01
1.000000e+02, 9.846129e+01
1.000000e+02, 9.853604e+01
1.000000e+02, 9.861126e+01
1.000000e+02, 9.868696e+01
1.000000e+02, 9.876315e+01
1.000000e+02, 9.883981e+01
1.000000e+02, 9.891695e+01
1.000000e+02, 9.899458e+01
1.000000e+02, 9.907269e+01
1.000000e+02, 9.915129e+01
1.000000e+02, 9.923037e+01
1.000000e+02, 9.930995e+01
1.000000e+02, 9.939001e+01
1.000000e+02, 9.947056e+01
1.000000e+02, 9.955161e+01
1.000000e+02, 9.963314e+01
1.000000e+02, 9.971518e+01
1.000000e+02, 9.979771e+01
1.000000e+02, 9.988073e+01
1.000000e+02, 9.996426e+01
1.000000e+02, 1.000483e+02
1.000000e+02, 1.001328e+02
1.000000e+02, 1.002178e+02
1.000000e+02, 1.003034e+02
1.000000e+02, 1.003894e+02
1.000000e+02, 1.004760e+02
1.000000e+02, 1.005630e+02
1.000000e+02, 1.006506e+02
1.000000e+02, 1.007387e+02
1.000000e+02, 1.008273e+02
1.000000e+02, 1.009164e+02
1.000000e+02, 1.010060e+02
1.000000e+02, 1.010961e+02
1.000000e+02, 1.011868e+02
1.000000e+02, 1.012780e+02
1.000000e+02, 1.013697e+02
1.000000e+02, 1.014619e+02
1.000000e+02, 1.015547e+02
1.000000e+02, 1.016480e+02
1.000000e+02, 1.017418e+02
1.000000e+02, 1.018361e+02
1.000000e+02, 1.019310e+02
1.000000e+02, 1.020264e+02
1.000000e+02, 1.021224e+02
1.000000e+02, 1.022189e+02
1.000000e+02, 1.023159e+02
1.000000e+02, 1.024135e+02
1.000000e+02, 1.025116e+02
1.000000e+02, 1.026102e+02
1.000000e+02, 1.027094e+02
1.000000e+02, 1.028092e+02
1.000000e+02, 1.029095e+02
1.000000e+02, 1.030104e+02
1.000000e+02, 1.031118e+02
1.000000e+02, 1.032137e+02
1.000000e+02, 1.033163e+02
1.000000e+02, 1.034194e+02
1.000000e+02, 1.035230e+02
1.000000e+02, 1.036272e+02
1.000000e+02, 1.037320e+02
1.000000e+02, 1.038374e+02
1.000000e+02, 1.039433e+02
1.000000e+02, 1.040498e+02
1.000000e+02, 1.041569e+02
1.000000e+02, 1.042645e+02
1.000000e+02, 1.043728e+02
1.000000e+02, 1.044816e+02
1.000000e+02, 1.045910e+02
1.000000e+02, 1.047010e+02
1.000000e+02, 1.048115e+02
1.000000e+02, 1.049227e+02
1.000000e+02, 1.050344e+02
1.000000e+02, 1.051468e+02
1.000000e+02, 1.052598e+02
1.000000e+02, 1.053733e+02
1.000000e+02, 1.054875e+02
1.000000e+02, 1.056022e+02
1.000000e+02, 1.057176e+02
1.000000e+02, 1.058336e+02
1.000000e+02, 1.059501e+02
1.000000e+02, 1.060674e+02
1.000000e+02, 1.061852e+02
1.000000e+02, 1.063036e+02
1.000000e+02, 1.064227e+02
1.000000e+02, 1.065424e+02
1.000000e+02, 1.066627e+02
1.000000e+02, 1.067837e+02
1.000000e+02, 1.069052e+02
1.000000e+02, 1.070275e+02
1.000000e+02, 1.071503e+02
1.000000e+02, 1.072738e+02
1.000000e+02, 1.073980e+02
1.000000e+02, 1.075228e+02
1.000000e+02, 1.076482e+02
1.000000e+02, 1.077743e+02
1.000000e+02, 1.079011e+02
1.000000e+02, 1.080285e+02
1.000000e+02, 1.081566e+02
1.000000e+02, 1.082854e+02
1.000000e+02, 1.084148e+02
1.000000e+02, 1.085449e+02
1.000000e+02, 1.086757e+02
1.000000e+02, 1.088071e+02
1.000000e+02, 1.089393e+02
1.000000e+02, 1.090721e+02
1.000000e+02, 1.092056e+02
1.000000e+02, 1.093398e+02
1.000000e+02, 1.094747e+02
1.000000e+02, 1.096103e+02
1.000000e+02, 1.097466e+02
1.000000e+02, 1.098836e+02
1.000000e+02, 1.100214e+02
1.000000e+02, 1.101598e+02
1.000000e+02, 1.102989e+02
1.000000e+02, 1.104388e+02
1.000000e+02, 1.105794e+02
1.000000e+02, 1.107208e+02
1.000000e+02, 1.108628e+02
1.000000e+02, 1.110056e+02
1.000000e+02, 1.111492e+02
1.000000e+02, 1.112935e+02
1.000000e+02, 1.114385e+02
1.000000e+02, 1.115843e+02
1.000000e+02, 1.117309e+02
1.000000e+02, 1.118782e+02
1.000000e+02, 1.120263e+02
1.000000e+02, 1.121752e+02
1.000000e+02, 1.123248e+02
1.000000e+02, 1.124752e+02
1.000000e+02, 1.126264e+02
1.000000e+02, 1.127784e+02
1.000000e+02, 1.129312e+02
1.000000e+02, 1.130848e+02
1.000000e+02, 1.132392e+02
1.000000e+02, 1.133943e+02
1.000000e+02, 1.135504e+02
1.000000e+02, 1.137072e+02
1.000000e+02, 1.138648e+02
1.000000e+02, 1.140233e+02
1.000000e+02, 1.141826e+02
1.000000e+02, 1.143428e+02
1.000000e+02, 1.145038e+02
1.000000e+02, 1.146656e+02
1.000000e+02, 1.148283e+02
1.000000e+02, 1.149919e+02
1.000000e+02, 1.151563e+02
1.000000e+02, 1.153216e+02
1.000000e+02, 1.154878e+02
1.000000e+02, 1.156549e+02
1.000000e+02, 1.158229e+02
1.000000e+02, 1.159917e+02
1.000000e+02, 1.161615e+02
1.000000e+02, 1.163321e+02
1.000000e+02, 1.165037e+02
1.000000e+02, 1.166762e+02
1.000000e+02, 1.168497e+02
1.000000e+02, 1.170240e+02
1.000000e+02, 1.171994e+02
1.000000e+02, 1.173756e+02
1.000000e+02, 1.175528e+02
1.000000e+02, 1.177310e+02
1.000000e+02, 1.179102e+02
1.000000e+02, 1.180903e+02
1.000000e+02, 1.182714e+02
1.000000e+02, 1.184535e+02
1.000000e+02, 1.186366e+02
1.000000e+02, 1.188207e+02
1.000000e+02, 1.190058e+02
1.000000e+02, 1.191920e+02
1.000000e+02, 1.193792e+02
1.000000e+02, 1.195674e+02
1.000000e+02, 1.197566e+02
1.000000e+02, 1.199470e+02
1.000000e+02, 1.201383e+02
1.000000e+02, 1.203308e+02
1.000000e+02, 1.205244e+02
1.000000e+02, 1.207190e+02
1.000000e+02, 1.209147e+02
1.000000e+02, 1.211116e+02
1.000000e+02, 1.213096e+02
1.000000e+02, 1.215087e+02
1.000000e+02, 1.217089e+02
1.000000e+02, 1.219103e+02
1.000000e+02, 1.221128e+02
1.000000e+02, 1.223166e+02
1.000000e+02, 1.225215e+02
1.000000e+02, 1.227276e+02
1.000000e+02, 1.229349e+02
1.000000e+02, 1.231434e+02
1.000000e+02, 1.233531e+02
1.000000e+02, 1.235641e+02
1.000000e+02, 1.237763e+02
1.000000e+02, 1.239898e+02
1.000000e+02, 1.242046e+02
1.000000e+02, 1.244206e+02
1.000000e+02, 1.246380e+02
1.000000e+02, 1.248567e+02
1.000000e+02, 1.250767e+02
1.000000e+02, 1.252980e+02
1.000000e+02, 1.255207e+02
1.000000e+02, 1.257447e+02
1.000000e+02, 1.259702e+02
1.000000e+02, 1.261970e+02
1.000000e+02, 1.264252e+02
1.000000e+02, 1.266549e+02
1.000000e+02, 1.268860e+02
1.000000e+02, 1.271186e+02
1.000000e+02, 1.273526e+02
1.000000e+02, 1.275882e+02
1.000000e+02, 1.278252e+02
1.000000e+02, 1.280638e+02
1.000000e+02, 1.283039e+02
1.000000e+02, 1.285456e+02
1.000000e+02, 1.287889e+02
1.000000e+02, 1.290337e+02
1.000000e+02, 1.292802e+02
1.000000e+02, 1.295283e+02
1.000000e+02, 1.297781e+02
1.000000e+02, 1.300296e+02
1.000000e+02, 1.302827e+02
1.000000e+02, 1.305376e+02
1.000000e+02, 1.307943e+02
1.000000e+02, 1.310527e+02
1.000000e+02, 1.313129e+02
1.000000e+02, 1.315749e+02
1.000000e+02, 1.318387e+02
1.000000e+02, 1.321044e+02
1.000000e+02, 1.323721e+02
1.000000e+02, 1.326416e+02
1.000000e+02, 1.329131e+02
1.000000e+02, 1.331865e+02
1.000000e+02, 1.334620e+02
1.000000e+02, 1.337395e+02
1.000000e+02, 1.340190e+02
1.000000e+02, 1.343007e+02
1.000000e+02, 1.345844e+02
1.000000e+02, 1.348704e+02
1.000000e+02, 1.351585e+02
1.000000e+02, 1.354489e+02
1.000000e+02, 1.357415e+02
1.000000e+02, 1.360364e+02
1.000000e+02, 1.363337e+02
1.000000e+02, 1.366333e+02
1.000000e+02, 1.369354e+02
1.000000e+02, 1.372399e+02
1.000000e+02, 1.375469e+02
1.000000e+02, 1.378565e+02
1.000000e+02, 1.381687e+02
1.000000e+02, 1.384835e+02
1.000000e+02, 1.388010e+02
1.000000e+02, 1.391212e+02
1.000000e+02, 1.394443e+02
1.000000e+02, 1.397702e+02
1.000000e+02, 1.400990e+02
1.000000e+02, 1.404307e+02
1.000000e+02, 1.407655e+02
1.000000e+02, 1.411034e+02
1.000000e+02, 1.414444e+02
1.000000e+02, 1.417887e+02
1.000000e+02, 1.421362e+02
1.000000e+02, 1.424871e+02
1.000000e+02, 1.428414e+02
1.000000e+02, 1.431993e+02
1.000000e+02, 1.435607e+02
1.000000e+02, 1.439258e+02
1.000000e+02, 1.442947e+02
1.000000e+02, 1.446675e+02
1.000000e+02, 1.450442e+02
1.000000e+02, 1.454250e+02
1.000000e+02, 1.458099e+02
1.000000e+02, 1.461992e+02
1.000000e+02, 1.465928e+02
1.000000e+02, 1.469909e+02
1.000000e+02, 1.473937e+02
1.000000e+02, 1.478012e+02
1.000000e+02, 1.482137e+02
1.000000e+02, 1.486313e+02
1.000000e+02, 1.490540e+02
1.000000e+02, 1.494822e+02
1.000000e+02, 1.499159e+02
1.000000e+02, 1.503553e+02
1.000000e+02, 1.508007e+02
1.000000e+02, 1.512523e+02
1.000000e+02, 1.517102e+02
1.000000e+02, 1.521747e+02
1.000000e+02, 1.526461e+02
1.000000e+02, 1.531245e+02
1.000000e+02, 1.536104e+02
1.000000e+02, 1.541040e+02
1.000000e+02, 1.546056e+02
1.000000e+02, 1.551155e+02
1.000000e+02, 1.556342e+02
1.000000e+02, 1.561621e+02
1.000000e+02, 1.566996e+02
1.000000e+02, 1.572471e+02
1.000000e+02, 1.578052e+02
1.000000e+02, 1.583745e+02
1.000000e+02, 1.589555e+02
1.000000e+02, 1.595491e+02
1.000000e+02, 1.601558e+02
1.000000e+02, 1.607766e+02
1.000000e+02, 1.614123e+02
1.000000e+02, 1.620641e+02
1.000000e+02, 1.627330e+02
1.000000e+02, 1.634204e+02
1.000000e+02, 1.641277e+02
1.000000e+02, 1.648567e+02
1.000000e+02, 1.656094e+02
1.000000e+02, 1.663881e+02
1.000000e+02, 1.671953e+02
1.000000e+02, 1.680345e+02
1.000000e+02, 1.689093e+02
1.000000e+02, 1.698246e+02
1.000000e+02, 1.707862e+02
1.000000e+02, 1.718017e+02
1.000000e+02, 1.728808e+02
1.000000e+02, 1.740368e+02
1.000000e+02, 1.752884e+02
1.000000e+02, 1.766632e+02
1.000000e+02, 1.782064e+02
1.000000e+02, 1.800000e+02
##END= 