##TITLE= /opt/topspin3.0/exp/stan/nmr/lists/wave/user/HypSec_trunc2.84_110
##JCAMP-DX= 5.00 Bruker JCAMP library
##DATA TYPE= Shape Data
##ORIGIN= Bruker BioSpin GmbH
##OWNER= <nmrsu>
##DATE= 15/02/24
##TIME= 16:15:04
##MINX= 1.164538e+01
##MAXX= 9.999960e+01
##MINY= 2.546774e-02
##MAXY= 3.585574e+02
##$SHAPE_EXMODE= Adiabatic
##$SHAPE_TOTROT= 1.800000e+02
##$SHAPE_BWFAC= 1.929340e+02
##$SHAPE_INTEGFAC= 2.356110e-02
##$SHAPE_MODE= 0
##NPOINTS= 1000
##XYPOINTS= (XY..XY)
1.000000e+02, 1.800000e+02
1.000000e+02, 1.743866e+02
1.000000e+02, 1.695571e+02
1.000000e+02, 1.652543e+02
1.000000e+02, 1.613375e+02
1.000000e+02, 1.577196e+02
1.000000e+02, 1.543424e+02
1.000000e+02, 1.511643e+02
1.000000e+02, 1.481547e+02
1.000000e+02, 1.452902e+02
1.000000e+02, 1.425523e+02
1.000000e+02, 1.399261e+02
1.000000e+02, 1.373997e+02
1.000000e+02, 1.349628e+02
1.000000e+02, 1.326072e+02
1.000000e+02, 1.303256e+02
1.000000e+02, 1.281118e+02
1.000000e+02, 1.259606e+02
1.000000e+02, 1.238671e+02
1.000000e+02, 1.218274e+02
1.000000e+02, 1.198378e+02
1.000000e+02, 1.178950e+02
1.000000e+02, 1.159961e+02
1.000000e+02, 1.141387e+02
1.000000e+02, 1.123202e+02
1.000000e+02, 1.105385e+02
1.000000e+02, 1.087918e+02
1.000000e+02, 1.070782e+02
1.000000e+02, 1.053962e+02
1.000000e+02, 1.037442e+02
1.000000e+02, 1.021208e+02
1.000000e+02, 1.005248e+02
1.000000e+02, 9.895502e+01
1.000000e+02, 9.741035e+01
1.000000e+02, 9.588977e+01
1.000000e+02, 9.439233e+01
1.000000e+02, 9.291716e+01
1.000000e+02, 9.146341e+01
1.000000e+02, 9.003032e+01
1.000000e+02, 8.861715e+01
1.000000e+02, 8.722322e+01
1.000000e+02, 8.584788e+01
1.000000e+02, 8.449052e+01
1.000000e+02, 8.315056e+01
1.000000e+02, 8.182747e+01
1.000000e+02, 8.052072e+01
1.000000e+02, 7.922982e+01
1.000000e+02, 7.795432e+01
1.000000e+02, 7.669377e+01
1.000000e+02, 7.544775e+01
1.000000e+02, 7.421586e+01
1.000000e+02, 7.299772e+01
1.000000e+02, 7.179298e+01
1.000000e+02, 7.060127e+01
1.000000e+02, 6.942228e+01
1.000000e+02, 6.825569e+01
1.000000e+02, 6.710118e+01
1.000000e+02, 6.595848e+01
1.000000e+02, 6.482730e+01
1.000000e+02, 6.370738e+01
1.000000e+02, 6.259846e+01
1.000000e+02, 6.150030e+01
1.000000e+02, 6.041266e+01
1.000000e+02, 5.933530e+01
1.000000e+02, 5.826802e+01
1.000000e+02, 5.721061e+01
1.000000e+02, 5.616285e+01
1.000000e+02, 5.512455e+01
1.000000e+02, 5.409553e+01
1.000000e+02, 5.307561e+01
1.000000e+02, 5.206460e+01
1.000000e+02, 5.106234e+01
1.000000e+02, 5.006866e+01
1.000000e+02, 4.908340e+01
1.000000e+02, 4.810642e+01
1.000000e+02, 4.713755e+01
1.000000e+02, 4.617667e+01
1.000000e+02, 4.522362e+01
1.000000e+02, 4.427828e+01
1.000000e+02, 4.334052e+01
1.000000e+02, 4.241020e+01
1.000000e+02, 4.148720e+01
1.000000e+02, 4.057140e+01
1.000000e+02, 3.966270e+01
1.000000e+02, 3.876097e+01
1.000000e+02, 3.786610e+01
1.000000e+02, 3.697799e+01
1.000000e+02, 3.609654e+01
1.000000e+02, 3.522165e+01
1.000000e+02, 3.435321e+01
1.000000e+02, 3.349114e+01
1.000000e+02, 3.263533e+01
1.000000e+02, 3.178571e+01
1.000000e+02, 3.094218e+01
1.000000e+02, 3.010465e+01
1.000000e+02, 2.927305e+01
1.000000e+02, 2.844729e+01
1.000000e+02, 2.762729e+01
1.000000e+02, 2.681297e+01
1.000000e+02, 2.600427e+01
1.000000e+02, 2.520110e+01
1.000000e+02, 2.440340e+01
1.000000e+02, 2.361109e+01
1.000000e+02, 2.282411e+01
1.000000e+02, 2.204239e+01
1.000000e+02, 2.126586e+01
1.000000e+02, 2.049446e+01
1.000000e+02, 1.972814e+01
1.000000e+02, 1.896681e+01
1.000000e+02, 1.821044e+01
1.000000e+02, 1.745896e+01
1.000000e+02, 1.671230e+01
1.000000e+02, 1.597043e+01
1.000000e+02, 1.523328e+01
1.000000e+02, 1.450079e+01
1.000000e+02, 1.377293e+01
1.000000e+02, 1.304962e+01
1.000000e+02, 1.233084e+01
1.000000e+02, 1.161652e+01
1.000000e+02, 1.090662e+01
1.000000e+02, 1.020109e+01
1.000000e+02, 9.499891e+00
1.000000e+02, 8.802969e+00
1.000000e+02, 8.110283e+00
1.000000e+02, 7.421790e+00
1.000000e+02, 6.737447e+00
1.000000e+02, 6.057213e+00
1.000000e+02, 5.381046e+00
1.000000e+02, 4.708907e+00
1.000000e+02, 4.040756e+00
1.000000e+02, 3.376555e+00
1.000000e+02, 2.716265e+00
1.000000e+02, 2.059850e+00
1.000000e+02, 1.407272e+00
1.000000e+02, 7.584963e-01
1.000000e+02, 1.134875e-01
1.000000e+02, 3.594722e+02
1.000000e+02, 3.588346e+02
1.000000e+02, 3.582007e+02
1.000000e+02, 3.575704e+02
1.000000e+02, 3.569438e+02
1.000000e+02, 3.563206e+02
1.000000e+02, 3.557011e+02
1.000000e+02, 3.550850e+02
1.000000e+02, 3.544724e+02
1.000000e+02, 3.538633e+02
1.000000e+02, 3.532575e+02
1.000000e+02, 3.526552e+02
1.000000e+02, 3.520562e+02
1.000000e+02, 3.514606e+02
1.000000e+02, 3.508682e+02
1.000000e+02, 3.502792e+02
1.000000e+02, 3.496934e+02
1.000000e+02, 3.491108e+02
1.000000e+02, 3.485314e+02
1.000000e+02, 3.479553e+02
1.000000e+02, 3.473822e+02
1.000000e+02, 3.468123e+02
1.000000e+02, 3.462455e+02
1.000000e+02, 3.456818e+02
1.000000e+02, 3.451211e+02
1.000000e+02, 3.445635e+02
1.000000e+02, 3.440089e+02
1.000000e+02, 3.434572e+02
1.000000e+02, 3.429086e+02
1.000000e+02, 3.423629e+02
1.000000e+02, 3.418201e+02
1.000000e+02, 3.412802e+02
1.000000e+02, 3.407432e+02
1.000000e+02, 3.402091e+02
1.000000e+02, 3.396778e+02
1.000000e+02, 3.391493e+02
1.000000e+02, 3.386237e+02
1.000000e+02, 3.381008e+02
1.000000e+02, 3.375807e+02
1.000000e+02, 3.370634e+02
1.000000e+02, 3.365487e+02
1.000000e+02, 3.360368e+02
1.000000e+02, 3.355276e+02
1.000000e+02, 3.350211e+02
1.000000e+02, 3.345172e+02
1.000000e+02, 3.340160e+02
1.000000e+02, 3.335174e+02
1.000000e+02, 3.330214e+02
1.000000e+02, 3.325280e+02
1.000000e+02, 3.320372e+02
1.000000e+02, 3.315490e+02
1.000000e+02, 3.310633e+02
1.000000e+02, 3.305801e+02
1.000000e+02, 3.300994e+02
1.000000e+02, 3.296213e+02
1.000000e+02, 3.291456e+02
1.000000e+02, 3.286724e+02
1.000000e+02, 3.282017e+02
1.000000e+02, 3.277334e+02
1.000000e+02, 3.272675e+02
1.000000e+02, 3.268040e+02
1.000000e+02, 3.263430e+02
1.000000e+02, 3.258843e+02
1.000000e+02, 3.254280e+02
1.000000e+02, 3.249741e+02
1.000000e+02, 3.245225e+02
1.000000e+02, 3.240732e+02
1.000000e+02, 3.236263e+02
1.000000e+02, 3.231817e+02
1.000000e+02, 3.227393e+02
1.000000e+02, 3.222993e+02
1.000000e+02, 3.218615e+02
1.000000e+02, 3.214260e+02
1.000000e+02, 3.209927e+02
1.000000e+02, 3.205617e+02
1.000000e+02, 3.201329e+02
1.000000e+02, 3.197063e+02
1.000000e+02, 3.192819e+02
1.000000e+02, 3.188598e+02
1.000000e+02, 3.184397e+02
1.000000e+02, 3.180219e+02
1.000000e+02, 3.176062e+02
1.000000e+02, 3.171927e+02
1.000000e+02, 3.167813e+02
1.000000e+02, 3.163720e+02
1.000000e+02, 3.159648e+02
1.000000e+02, 3.155598e+02
1.000000e+02, 3.151568e+02
1.000000e+02, 3.147560e+02
1.000000e+02, 3.143572e+02
1.000000e+02, 3.139605e+02
1.000000e+02, 3.135658e+02
1.000000e+02, 3.131732e+02
1.000000e+02, 3.127826e+02
1.000000e+02, 3.123940e+02
1.000000e+02, 3.120075e+02
1.000000e+02, 3.116230e+02
1.000000e+02, 3.112405e+02
1.000000e+02, 3.108600e+02
1.000000e+02, 3.104814e+02
1.000000e+02, 3.101049e+02
1.000000e+02, 3.097303e+02
1.000000e+02, 3.093576e+02
1.000000e+02, 3.089869e+02
1.000000e+02, 3.086182e+02
1.000000e+02, 3.082514e+02
1.000000e+02, 3.078865e+02
1.000000e+02, 3.075235e+02
1.000000e+02, 3.071625e+02
1.000000e+02, 3.068033e+02
1.000000e+02, 3.064461e+02
1.000000e+02, 3.060907e+02
1.000000e+02, 3.057372e+02
1.000000e+02, 3.053856e+02
1.000000e+02, 3.050358e+02
1.000000e+02, 3.046879e+02
1.000000e+02, 3.043419e+02
1.000000e+02, 3.039977e+02
1.000000e+02, 3.036553e+02
1.000000e+02, 3.033148e+02
1.000000e+02, 3.029760e+02
1.000000e+02, 3.026391e+02
1.000000e+02, 3.023040e+02
1.000000e+02, 3.019707e+02
1.000000e+02, 3.016392e+02
1.000000e+02, 3.013095e+02
1.000000e+02, 3.009816e+02
1.000000e+02, 3.006554e+02
1.000000e+02, 3.003310e+02
1.000000e+02, 3.000084e+02
1.000000e+02, 2.996875e+02
1.000000e+02, 2.993683e+02
1.000000e+02, 2.990510e+02
1.000000e+02, 2.987353e+02
1.000000e+02, 2.984214e+02
1.000000e+02, 2.981092e+02
1.000000e+02, 2.977987e+02
1.000000e+02, 2.974899e+02
1.000000e+02, 2.971829e+02
1.000000e+02, 2.968775e+02
1.000000e+02, 2.965739e+02
1.000000e+02, 2.962719e+02
1.000000e+02, 2.959716e+02
1.000000e+02, 2.956730e+02
1.000000e+02, 2.953760e+02
1.000000e+02, 2.950808e+02
1.000000e+02, 2.947872e+02
1.000000e+02, 2.944952e+02
1.000000e+02, 2.942049e+02
1.000000e+02, 2.939163e+02
1.000000e+02, 2.936293e+02
1.000000e+02, 2.933439e+02
1.000000e+02, 2.930602e+02
1.000000e+02, 2.927780e+02
1.000000e+02, 2.924975e+02
1.000000e+02, 2.922187e+02
1.000000e+02, 2.919414e+02
1.000000e+02, 2.916657e+02
1.000000e+02, 2.913917e+02
1.000000e+02, 2.911192e+02
1.000000e+02, 2.908484e+02
1.000000e+02, 2.905791e+02
1.000000e+02, 2.903114e+02
1.000000e+02, 2.900453e+02
1.000000e+02, 2.897807e+02
1.000000e+02, 2.895178e+02
1.000000e+02, 2.892564e+02
1.000000e+02, 2.889965e+02
1.000000e+02, 2.887382e+02
1.000000e+02, 2.884815e+02
1.000000e+02, 2.882263e+02
1.000000e+02, 2.879727e+02
1.000000e+02, 2.877206e+02
1.000000e+02, 2.874700e+02
1.000000e+02, 2.872210e+02
1.000000e+02, 2.869735e+02
1.000000e+02, 2.867275e+02
1.000000e+02, 2.864830e+02
1.000000e+02, 2.862401e+02
1.000000e+02, 2.859987e+02
1.000000e+02, 2.857587e+02
1.000000e+02, 2.855203e+02
1.000000e+02, 2.852834e+02
1.000000e+02, 2.850480e+02
1.000000e+02, 2.848140e+02
1.000000e+02, 2.845816e+02
1.000000e+02, 2.843506e+02
1.000000e+02, 2.841212e+02
1.000000e+02, 2.838932e+02
1.000000e+02, 2.836667e+02
1.000000e+02, 2.834416e+02
1.000000e+02, 2.832180e+02
1.000000e+02, 2.829959e+02
1.000000e+02, 2.827753e+02
1.000000e+02, 2.825561e+02
1.000000e+02, 2.823383e+02
1.000000e+02, 2.821221e+02
1.000000e+02, 2.819072e+02
1.000000e+02, 2.816938e+02
1.000000e+02, 2.814819e+02
1.000000e+02, 2.812713e+02
1.000000e+02, 2.810623e+02
1.000000e+02, 2.808546e+02
1.000000e+02, 2.806484e+02
1.000000e+02, 2.804436e+02
1.000000e+02, 2.802402e+02
1.000000e+02, 2.800383e+02
1.000000e+02, 2.798378e+02
1.000000e+02, 2.796387e+02
1.000000e+02, 2.794409e+02
1.000000e+02, 2.792447e+02
1.000000e+02, 2.790498e+02
1.000000e+02, 2.788563e+02
1.000000e+02, 2.786642e+02
1.000000e+02, 2.784735e+02
1.000000e+02, 2.782842e+02
1.000000e+02, 2.780963e+02
1.000000e+02, 2.779098e+02
1.000000e+02, 2.777247e+02
1.000000e+02, 2.775409e+02
1.000000e+02, 2.773585e+02
1.000000e+02, 2.771776e+02
1.000000e+02, 2.769980e+02
1.000000e+02, 2.768197e+02
1.000000e+02, 2.766429e+02
1.000000e+02, 2.764674e+02
1.000000e+02, 2.762932e+02
1.000000e+02, 2.761205e+02
1.000000e+02, 2.759491e+02
1.000000e+02, 2.757790e+02
1.000000e+02, 2.756103e+02
1.000000e+02, 2.754430e+02
1.000000e+02, 2.752770e+02
1.000000e+02, 2.751124e+02
1.000000e+02, 2.749491e+02
1.000000e+02, 2.747872e+02
1.000000e+02, 2.746266e+02
1.000000e+02, 2.744673e+02
1.000000e+02, 2.743094e+02
1.000000e+02, 2.741528e+02
1.000000e+02, 2.739976e+02
1.000000e+02, 2.738436e+02
1.000000e+02, 2.736911e+02
1.000000e+02, 2.735398e+02
1.000000e+02, 2.733899e+02
1.000000e+02, 2.732413e+02
1.000000e+02, 2.730940e+02
1.000000e+02, 2.729480e+02
1.000000e+02, 2.728034e+02
1.000000e+02, 2.726601e+02
1.000000e+02, 2.725180e+02
1.000000e+02, 2.723773e+02
1.000000e+02, 2.722379e+02
1.000000e+02, 2.720999e+02
1.000000e+02, 2.719631e+02
1.000000e+02, 2.718276e+02
1.000000e+02, 2.716935e+02
1.000000e+02, 2.715606e+02
1.000000e+02, 2.714290e+02
1.000000e+02, 2.712988e+02
1.000000e+02, 2.711698e+02
1.000000e+02, 2.710421e+02
1.000000e+02, 2.709157e+02
1.000000e+02, 2.707906e+02
1.000000e+02, 2.706668e+02
1.000000e+02, 2.705443e+02
1.000000e+02, 2.704231e+02
1.000000e+02, 2.703032e+02
1.000000e+02, 2.701845e+02
1.000000e+02, 2.700671e+02
1.000000e+02, 2.699510e+02
1.000000e+02, 2.698362e+02
1.000000e+02, 2.697227e+02
1.000000e+02, 2.696104e+02
1.000000e+02, 2.694994e+02
1.000000e+02, 2.693897e+02
1.000000e+02, 2.692813e+02
1.000000e+02, 2.691741e+02
1.000000e+02, 2.690682e+02
1.000000e+02, 2.689636e+02
1.000000e+02, 2.688602e+02
1.000000e+02, 2.687581e+02
1.000000e+02, 2.686573e+02
1.000000e+02, 2.685577e+02
1.000000e+02, 2.684594e+02
1.000000e+02, 2.683624e+02
1.000000e+02, 2.682666e+02
1.000000e+02, 2.681720e+02
1.000000e+02, 2.680788e+02
1.000000e+02, 2.679867e+02
1.000000e+02, 2.678960e+02
1.000000e+02, 2.678064e+02
1.000000e+02, 2.677182e+02
1.000000e+02, 2.676312e+02
1.000000e+02, 2.675454e+02
1.000000e+02, 2.674609e+02
1.000000e+02, 2.673776e+02
1.000000e+02, 2.672956e+02
1.000000e+02, 2.672148e+02
1.000000e+02, 2.671353e+02
1.000000e+02, 2.670570e+02
1.000000e+02, 2.669800e+02
1.000000e+02, 2.669042e+02
1.000000e+02, 2.668296e+02
1.000000e+02, 2.667563e+02
1.000000e+02, 2.666843e+02
1.000000e+02, 2.666134e+02
1.000000e+02, 2.665438e+02
1.000000e+02, 2.664754e+02
1.000000e+02, 2.664083e+02
1.000000e+02, 2.663424e+02
1.000000e+02, 2.662778e+02
1.000000e+02, 2.662143e+02
1.000000e+02, 2.661521e+02
1.000000e+02, 2.660912e+02
1.000000e+02, 2.660314e+02
1.000000e+02, 2.659729e+02
1.000000e+02, 2.659157e+02
1.000000e+02, 2.658596e+02
1.000000e+02, 2.658048e+02
1.000000e+02, 2.657512e+02
1.000000e+02, 2.656989e+02
1.000000e+02, 2.656477e+02
1.000000e+02, 2.655978e+02
1.000000e+02, 2.655491e+02
1.000000e+02, 2.655017e+02
1.000000e+02, 2.654555e+02
1.000000e+02, 2.654104e+02
1.000000e+02, 2.653667e+02
1.000000e+02, 2.653241e+02
1.000000e+02, 2.652827e+02
1.000000e+02, 2.652426e+02
1.000000e+02, 2.652037e+02
1.000000e+02, 2.651660e+02
1.000000e+02, 2.651296e+02
1.000000e+02, 2.650943e+02
1.000000e+02, 2.650603e+02
1.000000e+02, 2.650275e+02
1.000000e+02, 2.649959e+02
1.000000e+02, 2.649656e+02
1.000000e+02, 2.649364e+02
1.000000e+02, 2.649085e+02
1.000000e+02, 2.648818e+02
1.000000e+02, 2.648563e+02
1.000000e+02, 2.648320e+02
1.000000e+02, 2.648089e+02
1.000000e+02, 2.647871e+02
1.000000e+02, 2.647664e+02
1.000000e+02, 2.647470e+02
1.000000e+02, 2.647288e+02
1.000000e+02, 2.647118e+02
1.000000e+02, 2.646960e+02
1.000000e+02, 2.646815e+02
1.000000e+02, 2.646681e+02
1.000000e+02, 2.646560e+02
1.000000e+02, 2.646451e+02
1.000000e+02, 2.646354e+02
1.000000e+02, 2.646269e+02
1.000000e+02, 2.646196e+02
1.000000e+02, 2.646135e+02
1.000000e+02, 2.646087e+02
1.000000e+02, 2.646050e+02
1.000000e+02, 2.646026e+02
1.000000e+02, 2.646014e+02
1.000000e+02, 2.646014e+02
1.000000e+02, 2.646026e+02
1.000000e+02, 2.646050e+02
1.000000e+02, 2.646087e+02
1.000000e+02, 2.646135e+02
1.000000e+02, 2.646196e+02
1.000000e+02, 2.646269e+02
1.000000e+02, 2.646354e+02
1.000000e+02, 2.646451e+02
1.000000e+02, 2.646560e+02
1.000000e+02, 2.646681e+02
1.000000e+02, 2.646815e+02
1.000000e+02, 2.646960e+02
1.000000e+02, 2.647118e+02
1.000000e+02, 2.647288e+02
1.000000e+02, 2.647470e+02
1.000000e+02, 2.647664e+02
1.000000e+02, 2.647871e+02
1.000000e+02, 2.648089e+02
1.000000e+02, 2.648320e+02
1.000000e+02, 2.648563e+02
1.000000e+02, 2.648818e+02
1.000000e+02, 2.649085e+02
1.000000e+02, 2.649364e+02
1.000000e+02, 2.649656e+02
1.000000e+02, 2.649959e+02
1.000000e+02, 2.650275e+02
1.000000e+02, 2.650603e+02
1.000000e+02, 2.650943e+02
1.000000e+02, 2.651296e+02
1.000000e+02, 2.651660e+02
1.000000e+02, 2.652037e+02
1.000000e+02, 2.652426e+02
1.000000e+02, 2.652827e+02
1.000000e+02, 2.653241e+02
1.000000e+02, 2.653667e+02
1.000000e+02, 2.654104e+02
1.000000e+02, 2.654555e+02
1.000000e+02, 2.655017e+02
1.000000e+02, 2.655491e+02
1.000000e+02, 2.655978e+02
1.000000e+02, 2.656477e+02
1.000000e+02, 2.656989e+02
1.000000e+02, 2.657512e+02
1.000000e+02, 2.658048e+02
1.000000e+02, 2.658596e+02
1.000000e+02, 2.659157e+02
1.000000e+02, 2.659729e+02
1.000000e+02, 2.660314e+02
1.000000e+02, 2.660912e+02
1.000000e+02, 2.661521e+02
1.000000e+02, 2.662143e+02
1.000000e+02, 2.662778e+02
1.000000e+02, 2.663424e+02
1.000000e+02, 2.664083e+02
1.000000e+02, 2.664754e+02
1.000000e+02, 2.665438e+02
1.000000e+02, 2.666134e+02
1.000000e+02, 2.666843e+02
1.000000e+02, 2.667563e+02
1.000000e+02, 2.668296e+02
1.000000e+02, 2.669042e+02
1.000000e+02, 2.669800e+02
1.000000e+02, 2.670570e+02
1.000000e+02, 2.671353e+02
1.000000e+02, 2.672149e+02
1.000000e+02, 2.672956e+02
1.000000e+02, 2.673776e+02
1.000000e+02, 2.674609e+02
1.000000e+02, 2.675454e+02
1.000000e+02, 2.676312e+02
1.000000e+02, 2.677182e+02
1.000000e+02, 2.678064e+02
1.000000e+02, 2.678960e+02
1.000000e+02, 2.679867e+02
1.000000e+02, 2.680788e+02
1.000000e+02, 2.681720e+02
1.000000e+02, 2.682666e+02
1.000000e+02, 2.683624e+02
1.000000e+02, 2.684594e+02
1.000000e+02, 2.685577e+02
1.000000e+02, 2.686573e+02
1.000000e+02, 2.687581e+02
1.000000e+02, 2.688602e+02
1.000000e+02, 2.689636e+02
1.000000e+02, 2.690682e+02
1.000000e+02, 2.691741e+02
1.000000e+02, 2.692813e+02
1.000000e+02, 2.693897e+02
1.000000e+02, 2.694994e+02
1.000000e+02, 2.696104e+02
1.000000e+02, 2.697227e+02
1.000000e+02, 2.698362e+02
1.000000e+02, 2.699510e+02
1.000000e+02, 2.700671e+02
1.000000e+02, 2.701845e+02
1.000000e+02, 2.703032e+02
1.000000e+02, 2.704231e+02
1.000000e+02, 2.705443e+02
1.000000e+02, 2.706668e+02
1.000000e+02, 2.707906e+02
1.000000e+02, 2.709157e+02
1.000000e+02, 2.710421e+02
1.000000e+02, 2.711698e+02
1.000000e+02, 2.712988e+02
1.000000e+02, 2.714290e+02
1.000000e+02, 2.715606e+02
1.000000e+02, 2.716935e+02
1.000000e+02, 2.718276e+02
1.000000e+02, 2.719631e+02
1.000000e+02, 2.720999e+02
1.000000e+02, 2.722379e+02
1.000000e+02, 2.723773e+02
1.000000e+02, 2.725180e+02
1.000000e+02, 2.726601e+02
1.000000e+02, 2.728034e+02
1.000000e+02, 2.729480e+02
1.000000e+02, 2.730940e+02
1.000000e+02, 2.732413e+02
1.000000e+02, 2.733899e+02
1.000000e+02, 2.735398e+02
1.000000e+02, 2.736911e+02
1.000000e+02, 2.738436e+02
1.000000e+02, 2.739976e+02
1.000000e+02, 2.741528e+02
1.000000e+02, 2.743094e+02
1.000000e+02, 2.744673e+02
1.000000e+02, 2.746266e+02
1.000000e+02, 2.747872e+02
1.000000e+02, 2.749491e+02
1.000000e+02, 2.751124e+02
1.000000e+02, 2.752770e+02
1.000000e+02, 2.754430e+02
1.000000e+02, 2.756103e+02
1.000000e+02, 2.757790e+02
1.000000e+02, 2.759491e+02
1.000000e+02, 2.761205e+02
1.000000e+02, 2.762932e+02
1.000000e+02, 2.764674e+02
1.000000e+02, 2.766429e+02
1.000000e+02, 2.768197e+02
1.000000e+02, 2.769980e+02
1.000000e+02, 2.771776e+02
1.000000e+02, 2.773585e+02
1.000000e+02, 2.775409e+02
1.000000e+02, 2.777247e+02
1.000000e+02, 2.779098e+02
1.000000e+02, 2.780963e+02
1.000000e+02, 2.782842e+02
1.000000e+02, 2.784735e+02
1.000000e+02, 2.786642e+02
1.000000e+02, 2.788563e+02
1.000000e+02, 2.790498e+02
1.000000e+02, 2.792447e+02
1.000000e+02, 2.794410e+02
1.000000e+02, 2.796387e+02
1.000000e+02, 2.798378e+02
1.000000e+02, 2.800383e+02
1.000000e+02, 2.802402e+02
1.000000e+02, 2.804436e+02
1.000000e+02, 2.806484e+02
1.000000e+02, 2.808546e+02
1.000000e+02, 2.810623e+02
1.000000e+02, 2.812714e+02
1.000000e+02, 2.814819e+02
1.000000e+02, 2.816938e+02
1.000000e+02, 2.819072e+02
1.000000e+02, 2.821221e+02
1.000000e+02, 2.823383e+02
1.000000e+02, 2.825561e+02
1.000000e+02, 2.827753e+02
1.000000e+02, 2.829959e+02
1.000000e+02, 2.832180e+02
1.000000e+02, 2.834416e+02
1.000000e+02, 2.836667e+02
1.000000e+02, 2.838932e+02
1.000000e+02, 2.841212e+02
1.000000e+02, 2.843506e+02
1.000000e+02, 2.845816e+02
1.000000e+02, 2.848140e+02
1.000000e+02, 2.850480e+02
1.000000e+02, 2.852834e+02
1.000000e+02, 2.855203e+02
1.000000e+02, 2.857587e+02
1.000000e+02, 2.859987e+02
1.000000e+02, 2.862401e+02
1.000000e+02, 2.864830e+02
1.000000e+02, 2.867275e+02
1.000000e+02, 2.869735e+02
1.000000e+02, 2.872210e+02
1.000000e+02, 2.874700e+02
1.000000e+02, 2.877206e+02
1.000000e+02, 2.879727e+02
1.000000e+02, 2.882263e+02
1.000000e+02, 2.884815e+02
1.000000e+02, 2.887382e+02
1.000000e+02, 2.889965e+02
1.000000e+02, 2.892564e+02
1.000000e+02, 2.895178e+02
1.000000e+02, 2.897807e+02
1.000000e+02, 2.900453e+02
1.000000e+02, 2.903114e+02
1.000000e+02, 2.905791e+02
1.000000e+02, 2.908484e+02
1.000000e+02, 2.911192e+02
1.000000e+02, 2.913917e+02
1.000000e+02, 2.916658e+02
1.000000e+02, 2.919414e+02
1.000000e+02, 2.922187e+02
1.000000e+02, 2.924975e+02
1.000000e+02, 2.927780e+02
1.000000e+02, 2.930602e+02
1.000000e+02, 2.933439e+02
1.000000e+02, 2.936293e+02
1.000000e+02, 2.939163e+02
1.000000e+02, 2.942049e+02
1.000000e+02, 2.944952e+02
1.000000e+02, 2.947872e+02
1.000000e+02, 2.950808e+02
1.000000e+02, 2.953760e+02
1.000000e+02, 2.956730e+02
1.000000e+02, 2.959716e+02
1.000000e+02, 2.962719e+02
1.000000e+02, 2.965739e+02
1.000000e+02, 2.968775e+02
1.000000e+02, 2.971829e+02
1.000000e+02, 2.974899e+02
1.000000e+02, 2.977987e+02
1.000000e+02, 2.981092e+02
1.000000e+02, 2.984214e+02
1.000000e+02, 2.987353e+02
1.000000e+02, 2.990510e+02
1.000000e+02, 2.993683e+02
1.000000e+02, 2.996875e+02
1.000000e+02, 3.000084e+02
1.000000e+02, 3.003310e+02
1.000000e+02, 3.006554e+02
1.000000e+02, 3.009816e+02
1.000000e+02, 3.013095e+02
1.000000e+02, 3.016392e+02
1.000000e+02, 3.019707e+02
1.000000e+02, 3.023040e+02
1.000000e+02, 3.026391e+02
1.000000e+02, 3.029760e+02
1.000000e+02, 3.033148e+02
1.000000e+02, 3.036553e+02
1.000000e+02, 3.039977e+02
1.000000e+02, 3.043419e+02
1.000000e+02, 3.046879e+02
1.000000e+02, 3.050358e+02
1.000000e+02, 3.053856e+02
1.000000e+02, 3.057372e+02
1.000000e+02, 3.060907e+02
1.000000e+02, 3.064461e+02
1.000000e+02, 3.068033e+02
1.000000e+02, 3.071625e+02
1.000000e+02, 3.075235e+02
1.000000e+02, 3.078865e+02
1.000000e+02, 3.082514e+02
1.000000e+02, 3.086182e+02
1.000000e+02, 3.089869e+02
1.000000e+02, 3.093576e+02
1.000000e+02, 3.097303e+02
1.000000e+02, 3.101049e+02
1.000000e+02, 3.104814e+02
1.000000e+02, 3.108600e+02
1.000000e+02, 3.112405e+02
1.000000e+02, 3.116230e+02
1.000000e+02, 3.120075e+02
1.000000e+02, 3.123940e+02
1.000000e+02, 3.127826e+02
1.000000e+02, 3.131732e+02
1.000000e+02, 3.135658e+02
1.000000e+02, 3.139605e+02
1.000000e+02, 3.143572e+02
1.000000e+02, 3.147560e+02
1.000000e+02, 3.151568e+02
1.000000e+02, 3.155598e+02
1.000000e+02, 3.159648e+02
1.000000e+02, 3.163720e+02
1.000000e+02, 3.167813e+02
1.000000e+02, 3.171927e+02
1.000000e+02, 3.176062e+02
1.000000e+02, 3.180219e+02
1.000000e+02, 3.184397e+02
1.000000e+02, 3.188598e+02
1.000000e+02, 3.192819e+02
1.000000e+02, 3.197063e+02
1.000000e+02, 3.201329e+02
1.000000e+02, 3.205617e+02
1.000000e+02, 3.209928e+02
1.000000e+02, 3.214260e+02
1.000000e+02, 3.218615e+02
1.000000e+02, 3.222993e+02
1.000000e+02, 3.227393e+02
1.000000e+02, 3.231817e+02
1.000000e+02, 3.236263e+02
1.000000e+02, 3.240732e+02
1.000000e+02, 3.245225e+02
1.000000e+02, 3.249741e+02
1.000000e+02, 3.254280e+02
1.000000e+02, 3.258843e+02
1.000000e+02, 3.263430e+02
1.000000e+02, 3.268040e+02
1.000000e+02, 3.272675e+02
1.000000e+02, 3.277334e+02
1.000000e+02, 3.282017e+02
1.000000e+02, 3.286724e+02
1.000000e+02, 3.291456e+02
1.000000e+02, 3.296213e+02
1.000000e+02, 3.300994e+02
1.000000e+02, 3.305801e+02
1.000000e+02, 3.310633e+02
1.000000e+02, 3.315490e+02
1.000000e+02, 3.320372e+02
1.000000e+02, 3.325280e+02
1.000000e+02, 3.330214e+02
1.000000e+02, 3.335174e+02
1.000000e+02, 3.340160e+02
1.000000e+02, 3.345172e+02
1.000000e+02, 3.350211e+02
1.000000e+02, 3.355276e+02
1.000000e+02, 3.360368e+02
1.000000e+02, 3.365487e+02
1.000000e+02, 3.370634e+02
1.000000e+02, 3.375807e+02
1.000000e+02, 3.381008e+02
1.000000e+02, 3.386237e+02
1.000000e+02, 3.391493e+02
1.000000e+02, 3.396778e+02
1.000000e+02, 3.402091e+02
1.000000e+02, 3.407432e+02
1.000000e+02, 3.412802e+02
1.000000e+02, 3.418201e+02
1.000000e+02, 3.423629e+02
1.000000e+02, 3.429086e+02
1.000000e+02, 3.434572e+02
1.000000e+02, 3.440089e+02
1.000000e+02, 3.445635e+02
1.000000e+02, 3.451211e+02
1.000000e+02, 3.456818e+02
1.000000e+02, 3.462455e+02
1.000000e+02, 3.468123e+02
1.000000e+02, 3.473822e+02
1.000000e+02, 3.479553e+02
1.000000e+02, 3.485314e+02
1.000000e+02, 3.491108e+02
1.000000e+02, 3.496934e+02
1.000000e+02, 3.502792e+02
1.000000e+02, 3.508682e+02
1.000000e+02, 3.514606e+02
1.000000e+02, 3.520562e+02
1.000000e+02, 3.526552e+02
1.000000e+02, 3.532575e+02
1.000000e+02, 3.538633e+02
1.000000e+02, 3.544724e+02
1.000000e+02, 3.550850e+02
1.000000e+02, 3.557011e+02
1.000000e+02, 3.563206e+02
1.000000e+02, 3.569438e+02
1.000000e+02, 3.575704e+02
1.000000e+02, 3.582007e+02
1.000000e+02, 3.588346e+02
1.000000e+02, 3.594722e+02
1.000000e+02, 1.134899e-01
1.000000e+02, 7.584987e-01
1.000000e+02, 1.407274e+00
1.000000e+02, 2.059852e+00
1.000000e+02, 2.716267e+00
1.000000e+02, 3.376557e+00
1.000000e+02, 4.040759e+00
1.000000e+02, 4.708910e+00
1.000000e+02, 5.381049e+00
1.000000e+02, 6.057216e+00
1.000000e+02, 6.737450e+00
1.000000e+02, 7.421793e+00
1.000000e+02, 8.110286e+00
1.000000e+02, 8.802971e+00
1.000000e+02, 9.499894e+00
1.000000e+02, 1.020110e+01
1.000000e+02, 1.090662e+01
1.000000e+02, 1.161652e+01
1.000000e+02, 1.233084e+01
1.000000e+02, 1.304963e+01
1.000000e+02, 1.377293e+01
1.000000e+02, 1.450080e+01
1.000000e+02, 1.523328e+01
1.000000e+02, 1.597043e+01
1.000000e+02, 1.671231e+01
1.000000e+02, 1.745896e+01
1.000000e+02, 1.821044e+01
1.000000e+02, 1.896682e+01
1.000000e+02, 1.972814e+01
1.000000e+02, 2.049447e+01
1.000000e+02, 2.126586e+01
1.000000e+02, 2.204239e+01
1.000000e+02, 2.282411e+01
1.000000e+02, 2.361110e+01
1.000000e+02, 2.440340e+01
1.000000e+02, 2.520111e+01
1.000000e+02, 2.600427e+01
1.000000e+02, 2.681298e+01
1.000000e+02, 2.762729e+01
1.000000e+02, 2.844729e+01
1.000000e+02, 2.927305e+01
1.000000e+02, 3.010465e+01
1.000000e+02, 3.094218e+01
1.000000e+02, 3.178571e+01
1.000000e+02, 3.263534e+01
1.000000e+02, 3.349114e+01
1.000000e+02, 3.435321e+01
1.000000e+02, 3.522165e+01
1.000000e+02, 3.609655e+01
1.000000e+02, 3.697800e+01
1.000000e+02, 3.786610e+01
1.000000e+02, 3.876097e+01
1.000000e+02, 3.966270e+01
1.000000e+02, 4.057141e+01
1.000000e+02, 4.148720e+01
1.000000e+02, 4.241020e+01
1.000000e+02, 4.334052e+01
1.000000e+02, 4.427829e+01
1.000000e+02, 4.522363e+01
1.000000e+02, 4.617667e+01
1.000000e+02, 4.713756e+01
1.000000e+02, 4.810642e+01
1.000000e+02, 4.908340e+01
1.000000e+02, 5.006866e+01
1.000000e+02, 5.106234e+01
1.000000e+02, 5.206460e+01
1.000000e+02, 5.307561e+01
1.000000e+02, 5.409554e+01
1.000000e+02, 5.512456e+01
1.000000e+02, 5.616285e+01
1.000000e+02, 5.721061e+01
1.000000e+02, 5.826803e+01
1.000000e+02, 5.933531e+01
1.000000e+02, 6.041266e+01
1.000000e+02, 6.150030e+01
1.000000e+02, 6.259847e+01
1.000000e+02, 6.370739e+01
1.000000e+02, 6.482731e+01
1.000000e+02, 6.595848e+01
1.000000e+02, 6.710118e+01
1.000000e+02, 6.825569e+01
1.000000e+02, 6.942228e+01
1.000000e+02, 7.060128e+01
1.000000e+02, 7.179298e+01
1.000000e+02, 7.299773e+01
1.000000e+02, 7.421586e+01
1.000000e+02, 7.544775e+01
1.000000e+02, 7.669377e+01
1.000000e+02, 7.795432e+01
1.000000e+02, 7.922983e+01
1.000000e+02, 8.052072e+01
1.000000e+02, 8.182747e+01
1.000000e+02, 8.315057e+01
1.000000e+02, 8.449052e+01
1.000000e+02, 8.584788e+01
1.000000e+02, 8.722322e+01
1.000000e+02, 8.861716e+01
1.000000e+02, 9.003033e+01
1.000000e+02, 9.146342e+01
1.000000e+02, 9.291716e+01
1.000000e+02, 9.439234e+01
1.000000e+02, 9.588977e+01
1.000000e+02, 9.741035e+01
1.000000e+02, 9.895502e+01
1.000000e+02, 1.005248e+02
1.000000e+02, 1.021208e+02
1.000000e+02, 1.037442e+02
1.000000e+02, 1.053962e+02
1.000000e+02, 1.070782e+02
1.000000e+02, 1.087918e+02
1.000000e+02, 1.105385e+02
1.000000e+02, 1.123202e+02
1.000000e+02, 1.141387e+02
1.000000e+02, 1.159961e+02
1.000000e+02, 1.178950e+02
1.000000e+02, 1.198378e+02
1.000000e+02, 1.218274e+02
1.000000e+02, 1.238671e+02
1.000000e+02, 1.259606e+02
1.000000e+02, 1.281118e+02
1.000000e+02, 1.303256e+02
1.000000e+02, 1.326072e+02
1.000000e+02, 1.349628e+02
1.000000e+02, 1.373997e+02
1.000000e+02, 1.399261e+02
1.000000e+02, 1.425523e+02
1.000000e+02, 1.452902e+02
1.000000e+02, 1.481547e+02
1.000000e+02, 1.511643e+02
1.000000e+02, 1.543424e+02
1.000000e+02, 1.577196e+02
1.000000e+02, 1.613375e+02
1.000000e+02, 1.652543e+02
1.000000e+02, 1.695571e+02
1.000000e+02, 1.743866e+02
1.000000e+02, 1.800000e+02
##END= 