##TITLE= /opt/topspin3.0/exp/stan/nmr/lists/wave/user/HypSec_trunc2.84_110
##JCAMP-DX= 5.00 Bruker JCAMP library
##DATA TYPE= Shape Data
##ORIGIN= Bruker BioSpin GmbH
##OWNER= <nmrsu>
##DATE= 15/02/24
##TIME= 16:15:04
##MINX= 1.164538e+01
##MAXX= 9.999960e+01
##MINY= 2.546774e-02
##MAXY= 3.585574e+02
##$SHAPE_EXMODE= Adiabatic
##$SHAPE_TOTROT= 1.800000e+02
##$SHAPE_BWFAC= 1.929340e+02
##$SHAPE_INTEGFAC= 2.356110e-02
##$SHAPE_MODE= 0
##NPOINTS= 1000
##XYPOINTS= (XY..XY)
1.000000e+02, 1.800000e+02
1.000000e+02, 1.729915e+02
1.000000e+02, 1.669619e+02
1.000000e+02, 1.615897e+02
1.000000e+02, 1.566995e+02
1.000000e+02, 1.521825e+02
1.000000e+02, 1.479659e+02
1.000000e+02, 1.439980e+02
1.000000e+02, 1.402405e+02
1.000000e+02, 1.366641e+02
1.000000e+02, 1.332457e+02
1.000000e+02, 1.299669e+02
1.000000e+02, 1.268126e+02
1.000000e+02, 1.237702e+02
1.000000e+02, 1.208291e+02
1.000000e+02, 1.179805e+02
1.000000e+02, 1.152166e+02
1.000000e+02, 1.125307e+02
1.000000e+02, 1.099169e+02
1.000000e+02, 1.073703e+02
1.000000e+02, 1.048862e+02
1.000000e+02, 1.024606e+02
1.000000e+02, 1.000899e+02
1.000000e+02, 9.777074e+01
1.000000e+02, 9.550031e+01
1.000000e+02, 9.327590e+01
1.000000e+02, 9.109509e+01
1.000000e+02, 8.895566e+01
1.000000e+02, 8.685558e+01
1.000000e+02, 8.479300e+01
1.000000e+02, 8.276619e+01
1.000000e+02, 8.077357e+01
1.000000e+02, 7.881366e+01
1.000000e+02, 7.688511e+01
1.000000e+02, 7.498663e+01
1.000000e+02, 7.311706e+01
1.000000e+02, 7.127527e+01
1.000000e+02, 6.946024e+01
1.000000e+02, 6.767099e+01
1.000000e+02, 6.590662e+01
1.000000e+02, 6.416627e+01
1.000000e+02, 6.244913e+01
1.000000e+02, 6.075444e+01
1.000000e+02, 5.908147e+01
1.000000e+02, 5.742956e+01
1.000000e+02, 5.579806e+01
1.000000e+02, 5.418635e+01
1.000000e+02, 5.259385e+01
1.000000e+02, 5.102003e+01
1.000000e+02, 4.946435e+01
1.000000e+02, 4.792631e+01
1.000000e+02, 4.640544e+01
1.000000e+02, 4.490129e+01
1.000000e+02, 4.341342e+01
1.000000e+02, 4.194143e+01
1.000000e+02, 4.048491e+01
1.000000e+02, 3.904349e+01
1.000000e+02, 3.761680e+01
1.000000e+02, 3.620450e+01
1.000000e+02, 3.480626e+01
1.000000e+02, 3.342175e+01
1.000000e+02, 3.205067e+01
1.000000e+02, 3.069273e+01
1.000000e+02, 2.934763e+01
1.000000e+02, 2.801511e+01
1.000000e+02, 2.669490e+01
1.000000e+02, 2.538675e+01
1.000000e+02, 2.409042e+01
1.000000e+02, 2.280567e+01
1.000000e+02, 2.153227e+01
1.000000e+02, 2.027000e+01
1.000000e+02, 1.901866e+01
1.000000e+02, 1.777803e+01
1.000000e+02, 1.654791e+01
1.000000e+02, 1.532813e+01
1.000000e+02, 1.411848e+01
1.000000e+02, 1.291880e+01
1.000000e+02, 1.172890e+01
1.000000e+02, 1.054863e+01
1.000000e+02, 9.377804e+00
1.000000e+02, 8.216279e+00
1.000000e+02, 7.063897e+00
1.000000e+02, 5.920509e+00
1.000000e+02, 4.785970e+00
1.000000e+02, 3.660140e+00
1.000000e+02, 2.542882e+00
1.000000e+02, 1.434063e+00
1.000000e+02, 3.335542e-01
1.000000e+02, 3.592412e+02
1.000000e+02, 3.581570e+02
1.000000e+02, 3.570807e+02
1.000000e+02, 3.560122e+02
1.000000e+02, 3.549514e+02
1.000000e+02, 3.538982e+02
1.000000e+02, 3.528526e+02
1.000000e+02, 3.518143e+02
1.000000e+02, 3.507833e+02
1.000000e+02, 3.497595e+02
1.000000e+02, 3.487428e+02
1.000000e+02, 3.477331e+02
1.000000e+02, 3.467304e+02
1.000000e+02, 3.457344e+02
1.000000e+02, 3.447452e+02
1.000000e+02, 3.437626e+02
1.000000e+02, 3.427867e+02
1.000000e+02, 3.418171e+02
1.000000e+02, 3.408540e+02
1.000000e+02, 3.398973e+02
1.000000e+02, 3.389467e+02
1.000000e+02, 3.380024e+02
1.000000e+02, 3.370641e+02
1.000000e+02, 3.361319e+02
1.000000e+02, 3.352057e+02
1.000000e+02, 3.342853e+02
1.000000e+02, 3.333708e+02
1.000000e+02, 3.324621e+02
1.000000e+02, 3.315590e+02
1.000000e+02, 3.306616e+02
1.000000e+02, 3.297697e+02
1.000000e+02, 3.288834e+02
1.000000e+02, 3.280025e+02
1.000000e+02, 3.271271e+02
1.000000e+02, 3.262570e+02
1.000000e+02, 3.253921e+02
1.000000e+02, 3.245325e+02
1.000000e+02, 3.236781e+02
1.000000e+02, 3.228288e+02
1.000000e+02, 3.219846e+02
1.000000e+02, 3.211454e+02
1.000000e+02, 3.203112e+02
1.000000e+02, 3.194820e+02
1.000000e+02, 3.186576e+02
1.000000e+02, 3.178380e+02
1.000000e+02, 3.170233e+02
1.000000e+02, 3.162133e+02
1.000000e+02, 3.154080e+02
1.000000e+02, 3.146073e+02
1.000000e+02, 3.138113e+02
1.000000e+02, 3.130198e+02
1.000000e+02, 3.122329e+02
1.000000e+02, 3.114505e+02
1.000000e+02, 3.106725e+02
1.000000e+02, 3.098990e+02
1.000000e+02, 3.091298e+02
1.000000e+02, 3.083650e+02
1.000000e+02, 3.076044e+02
1.000000e+02, 3.068482e+02
1.000000e+02, 3.060961e+02
1.000000e+02, 3.053483e+02
1.000000e+02, 3.046046e+02
1.000000e+02, 3.038651e+02
1.000000e+02, 3.031296e+02
1.000000e+02, 3.023983e+02
1.000000e+02, 3.016709e+02
1.000000e+02, 3.009475e+02
1.000000e+02, 3.002282e+02
1.000000e+02, 2.995127e+02
1.000000e+02, 2.988012e+02
1.000000e+02, 2.980935e+02
1.000000e+02, 2.973897e+02
1.000000e+02, 2.966897e+02
1.000000e+02, 2.959934e+02
1.000000e+02, 2.953010e+02
1.000000e+02, 2.946123e+02
1.000000e+02, 2.939273e+02
1.000000e+02, 2.932459e+02
1.000000e+02, 2.925683e+02
1.000000e+02, 2.918942e+02
1.000000e+02, 2.912238e+02
1.000000e+02, 2.905569e+02
1.000000e+02, 2.898936e+02
1.000000e+02, 2.892338e+02
1.000000e+02, 2.885775e+02
1.000000e+02, 2.879247e+02
1.000000e+02, 2.872753e+02
1.000000e+02, 2.866294e+02
1.000000e+02, 2.859869e+02
1.000000e+02, 2.853478e+02
1.000000e+02, 2.847120e+02
1.000000e+02, 2.840796e+02
1.000000e+02, 2.834505e+02
1.000000e+02, 2.828247e+02
1.000000e+02, 2.822022e+02
1.000000e+02, 2.815830e+02
1.000000e+02, 2.809670e+02
1.000000e+02, 2.803542e+02
1.000000e+02, 2.797446e+02
1.000000e+02, 2.791382e+02
1.000000e+02, 2.785349e+02
1.000000e+02, 2.779348e+02
1.000000e+02, 2.773378e+02
1.000000e+02, 2.767439e+02
1.000000e+02, 2.761531e+02
1.000000e+02, 2.755654e+02
1.000000e+02, 2.749807e+02
1.000000e+02, 2.743991e+02
1.000000e+02, 2.738204e+02
1.000000e+02, 2.732448e+02
1.000000e+02, 2.726721e+02
1.000000e+02, 2.721024e+02
1.000000e+02, 2.715357e+02
1.000000e+02, 2.709719e+02
1.000000e+02, 2.704109e+02
1.000000e+02, 2.698529e+02
1.000000e+02, 2.692978e+02
1.000000e+02, 2.687456e+02
1.000000e+02, 2.681962e+02
1.000000e+02, 2.676496e+02
1.000000e+02, 2.671058e+02
1.000000e+02, 2.665649e+02
1.000000e+02, 2.660268e+02
1.000000e+02, 2.654914e+02
1.000000e+02, 2.649588e+02
1.000000e+02, 2.644289e+02
1.000000e+02, 2.639018e+02
1.000000e+02, 2.633774e+02
1.000000e+02, 2.628557e+02
1.000000e+02, 2.623367e+02
1.000000e+02, 2.618204e+02
1.000000e+02, 2.613068e+02
1.000000e+02, 2.607958e+02
1.000000e+02, 2.602875e+02
1.000000e+02, 2.597817e+02
1.000000e+02, 2.592786e+02
1.000000e+02, 2.587782e+02
1.000000e+02, 2.582803e+02
1.000000e+02, 2.577849e+02
1.000000e+02, 2.572922e+02
1.000000e+02, 2.568020e+02
1.000000e+02, 2.563144e+02
1.000000e+02, 2.558292e+02
1.000000e+02, 2.553467e+02
1.000000e+02, 2.548666e+02
1.000000e+02, 2.543890e+02
1.000000e+02, 2.539139e+02
1.000000e+02, 2.534413e+02
1.000000e+02, 2.529711e+02
1.000000e+02, 2.525035e+02
1.000000e+02, 2.520382e+02
1.000000e+02, 2.515754e+02
1.000000e+02, 2.511150e+02
1.000000e+02, 2.506571e+02
1.000000e+02, 2.502015e+02
1.000000e+02, 2.497483e+02
1.000000e+02, 2.492975e+02
1.000000e+02, 2.488491e+02
1.000000e+02, 2.484031e+02
1.000000e+02, 2.479594e+02
1.000000e+02, 2.475181e+02
1.000000e+02, 2.470790e+02
1.000000e+02, 2.466424e+02
1.000000e+02, 2.462080e+02
1.000000e+02, 2.457760e+02
1.000000e+02, 2.453462e+02
1.000000e+02, 2.449187e+02
1.000000e+02, 2.444936e+02
1.000000e+02, 2.440707e+02
1.000000e+02, 2.436500e+02
1.000000e+02, 2.432316e+02
1.000000e+02, 2.428155e+02
1.000000e+02, 2.424016e+02
1.000000e+02, 2.419900e+02
1.000000e+02, 2.415805e+02
1.000000e+02, 2.411733e+02
1.000000e+02, 2.407683e+02
1.000000e+02, 2.403655e+02
1.000000e+02, 2.399648e+02
1.000000e+02, 2.395664e+02
1.000000e+02, 2.391701e+02
1.000000e+02, 2.387760e+02
1.000000e+02, 2.383841e+02
1.000000e+02, 2.379943e+02
1.000000e+02, 2.376067e+02
1.000000e+02, 2.372212e+02
1.000000e+02, 2.368378e+02
1.000000e+02, 2.364565e+02
1.000000e+02, 2.360774e+02
1.000000e+02, 2.357004e+02
1.000000e+02, 2.353255e+02
1.000000e+02, 2.349527e+02
1.000000e+02, 2.345819e+02
1.000000e+02, 2.342133e+02
1.000000e+02, 2.338467e+02
1.000000e+02, 2.334822e+02
1.000000e+02, 2.331198e+02
1.000000e+02, 2.327594e+02
1.000000e+02, 2.324010e+02
1.000000e+02, 2.320447e+02
1.000000e+02, 2.316905e+02
1.000000e+02, 2.313383e+02
1.000000e+02, 2.309881e+02
1.000000e+02, 2.306399e+02
1.000000e+02, 2.302937e+02
1.000000e+02, 2.299495e+02
1.000000e+02, 2.296074e+02
1.000000e+02, 2.292672e+02
1.000000e+02, 2.289290e+02
1.000000e+02, 2.285928e+02
1.000000e+02, 2.282586e+02
1.000000e+02, 2.279264e+02
1.000000e+02, 2.275961e+02
1.000000e+02, 2.272678e+02
1.000000e+02, 2.269414e+02
1.000000e+02, 2.266170e+02
1.000000e+02, 2.262945e+02
1.000000e+02, 2.259740e+02
1.000000e+02, 2.256553e+02
1.000000e+02, 2.253387e+02
1.000000e+02, 2.250239e+02
1.000000e+02, 2.247111e+02
1.000000e+02, 2.244002e+02
1.000000e+02, 2.240911e+02
1.000000e+02, 2.237840e+02
1.000000e+02, 2.234788e+02
1.000000e+02, 2.231755e+02
1.000000e+02, 2.228741e+02
1.000000e+02, 2.225745e+02
1.000000e+02, 2.222768e+02
1.000000e+02, 2.219810e+02
1.000000e+02, 2.216871e+02
1.000000e+02, 2.213950e+02
1.000000e+02, 2.211048e+02
1.000000e+02, 2.208165e+02
1.000000e+02, 2.205300e+02
1.000000e+02, 2.202453e+02
1.000000e+02, 2.199625e+02
1.000000e+02, 2.196815e+02
1.000000e+02, 2.194024e+02
1.000000e+02, 2.191251e+02
1.000000e+02, 2.188496e+02
1.000000e+02, 2.185759e+02
1.000000e+02, 2.183041e+02
1.000000e+02, 2.180340e+02
1.000000e+02, 2.177658e+02
1.000000e+02, 2.174994e+02
1.000000e+02, 2.172348e+02
1.000000e+02, 2.169719e+02
1.000000e+02, 2.167109e+02
1.000000e+02, 2.164516e+02
1.000000e+02, 2.161942e+02
1.000000e+02, 2.159385e+02
1.000000e+02, 2.156846e+02
1.000000e+02, 2.154324e+02
1.000000e+02, 2.151821e+02
1.000000e+02, 2.149335e+02
1.000000e+02, 2.146866e+02
1.000000e+02, 2.144415e+02
1.000000e+02, 2.141982e+02
1.000000e+02, 2.139567e+02
1.000000e+02, 2.137168e+02
1.000000e+02, 2.134787e+02
1.000000e+02, 2.132424e+02
1.000000e+02, 2.130078e+02
1.000000e+02, 2.127749e+02
1.000000e+02, 2.125438e+02
1.000000e+02, 2.123144e+02
1.000000e+02, 2.120867e+02
1.000000e+02, 2.118607e+02
1.000000e+02, 2.116365e+02
1.000000e+02, 2.114140e+02
1.000000e+02, 2.111931e+02
1.000000e+02, 2.109740e+02
1.000000e+02, 2.107566e+02
1.000000e+02, 2.105409e+02
1.000000e+02, 2.103269e+02
1.000000e+02, 2.101146e+02
1.000000e+02, 2.099040e+02
1.000000e+02, 2.096951e+02
1.000000e+02, 2.094879e+02
1.000000e+02, 2.092823e+02
1.000000e+02, 2.090785e+02
1.000000e+02, 2.088763e+02
1.000000e+02, 2.086758e+02
1.000000e+02, 2.084769e+02
1.000000e+02, 2.082798e+02
1.000000e+02, 2.080843e+02
1.000000e+02, 2.078904e+02
1.000000e+02, 2.076983e+02
1.000000e+02, 2.075078e+02
1.000000e+02, 2.073189e+02
1.000000e+02, 2.071317e+02
1.000000e+02, 2.069462e+02
1.000000e+02, 2.067623e+02
1.000000e+02, 2.065801e+02
1.000000e+02, 2.063995e+02
1.000000e+02, 2.062205e+02
1.000000e+02, 2.060432e+02
1.000000e+02, 2.058676e+02
1.000000e+02, 2.056935e+02
1.000000e+02, 2.055211e+02
1.000000e+02, 2.053504e+02
1.000000e+02, 2.051812e+02
1.000000e+02, 2.050137e+02
1.000000e+02, 2.048478e+02
1.000000e+02, 2.046836e+02
1.000000e+02, 2.045209e+02
1.000000e+02, 2.043599e+02
1.000000e+02, 2.042005e+02
1.000000e+02, 2.040427e+02
1.000000e+02, 2.038865e+02
1.000000e+02, 2.037320e+02
1.000000e+02, 2.035790e+02
1.000000e+02, 2.034277e+02
1.000000e+02, 2.032779e+02
1.000000e+02, 2.031298e+02
1.000000e+02, 2.029832e+02
1.000000e+02, 2.028383e+02
1.000000e+02, 2.026949e+02
1.000000e+02, 2.025532e+02
1.000000e+02, 2.024130e+02
1.000000e+02, 2.022745e+02
1.000000e+02, 2.021375e+02
1.000000e+02, 2.020021e+02
1.000000e+02, 2.018683e+02
1.000000e+02, 2.017361e+02
1.000000e+02, 2.016054e+02
1.000000e+02, 2.014764e+02
1.000000e+02, 2.013489e+02
1.000000e+02, 2.012230e+02
1.000000e+02, 2.010987e+02
1.000000e+02, 2.009759e+02
1.000000e+02, 2.008548e+02
1.000000e+02, 2.007352e+02
1.000000e+02, 2.006172e+02
1.000000e+02, 2.005007e+02
1.000000e+02, 2.003858e+02
1.000000e+02, 2.002725e+02
1.000000e+02, 2.001607e+02
1.000000e+02, 2.000505e+02
1.000000e+02, 1.999419e+02
1.000000e+02, 1.998348e+02
1.000000e+02, 1.997293e+02
1.000000e+02, 1.996253e+02
1.000000e+02, 1.995229e+02
1.000000e+02, 1.994221e+02
1.000000e+02, 1.993228e+02
1.000000e+02, 1.992251e+02
1.000000e+02, 1.991289e+02
1.000000e+02, 1.990342e+02
1.000000e+02, 1.989412e+02
1.000000e+02, 1.988496e+02
1.000000e+02, 1.987596e+02
1.000000e+02, 1.986712e+02
1.000000e+02, 1.985843e+02
1.000000e+02, 1.984989e+02
1.000000e+02, 1.984151e+02
1.000000e+02, 1.983328e+02
1.000000e+02, 1.982521e+02
1.000000e+02, 1.981729e+02
1.000000e+02, 1.980953e+02
1.000000e+02, 1.980192e+02
1.000000e+02, 1.979446e+02
1.000000e+02, 1.978715e+02
1.000000e+02, 1.978000e+02
1.000000e+02, 1.977301e+02
1.000000e+02, 1.976616e+02
1.000000e+02, 1.975947e+02
1.000000e+02, 1.975294e+02
1.000000e+02, 1.974655e+02
1.000000e+02, 1.974032e+02
1.000000e+02, 1.973424e+02
1.000000e+02, 1.972832e+02
1.000000e+02, 1.972254e+02
1.000000e+02, 1.971693e+02
1.000000e+02, 1.971146e+02
1.000000e+02, 1.970614e+02
1.000000e+02, 1.970098e+02
1.000000e+02, 1.969597e+02
1.000000e+02, 1.969112e+02
1.000000e+02, 1.968641e+02
1.000000e+02, 1.968186e+02
1.000000e+02, 1.967746e+02
1.000000e+02, 1.967321e+02
1.000000e+02, 1.966912e+02
1.000000e+02, 1.966517e+02
1.000000e+02, 1.966138e+02
1.000000e+02, 1.965774e+02
1.000000e+02, 1.965425e+02
1.000000e+02, 1.965092e+02
1.000000e+02, 1.964773e+02
1.000000e+02, 1.964470e+02
1.000000e+02, 1.964182e+02
1.000000e+02, 1.963910e+02
1.000000e+02, 1.963652e+02
1.000000e+02, 1.963409e+02
1.000000e+02, 1.963182e+02
1.000000e+02, 1.962970e+02
1.000000e+02, 1.962773e+02
1.000000e+02, 1.962591e+02
1.000000e+02, 1.962424e+02
1.000000e+02, 1.962273e+02
1.000000e+02, 1.962137e+02
1.000000e+02, 1.962015e+02
1.000000e+02, 1.961909e+02
1.000000e+02, 1.961819e+02
1.000000e+02, 1.961743e+02
1.000000e+02, 1.961682e+02
1.000000e+02, 1.961637e+02
1.000000e+02, 1.961606e+02
1.000000e+02, 1.961591e+02
1.000000e+02, 1.961591e+02
1.000000e+02, 1.961606e+02
1.000000e+02, 1.961637e+02
1.000000e+02, 1.961682e+02
1.000000e+02, 1.961743e+02
1.000000e+02, 1.961819e+02
1.000000e+02, 1.961909e+02
1.000000e+02, 1.962015e+02
1.000000e+02, 1.962137e+02
1.000000e+02, 1.962273e+02
1.000000e+02, 1.962424e+02
1.000000e+02, 1.962591e+02
1.000000e+02, 1.962773e+02
1.000000e+02, 1.962970e+02
1.000000e+02, 1.963182e+02
1.000000e+02, 1.963409e+02
1.000000e+02, 1.963652e+02
1.000000e+02, 1.963910e+02
1.000000e+02, 1.964182e+02
1.000000e+02, 1.964470e+02
1.000000e+02, 1.964774e+02
1.000000e+02, 1.965092e+02
1.000000e+02, 1.965425e+02
1.000000e+02, 1.965774e+02
1.000000e+02, 1.966138e+02
1.000000e+02, 1.966517e+02
1.000000e+02, 1.966912e+02
1.000000e+02, 1.967321e+02
1.000000e+02, 1.967746e+02
1.000000e+02, 1.968186e+02
1.000000e+02, 1.968641e+02
1.000000e+02, 1.969112e+02
1.000000e+02, 1.969597e+02
1.000000e+02, 1.970098e+02
1.000000e+02, 1.970614e+02
1.000000e+02, 1.971146e+02
1.000000e+02, 1.971693e+02
1.000000e+02, 1.972254e+02
1.000000e+02, 1.972832e+02
1.000000e+02, 1.973424e+02
1.000000e+02, 1.974032e+02
1.000000e+02, 1.974655e+02
1.000000e+02, 1.975294e+02
1.000000e+02, 1.975947e+02
1.000000e+02, 1.976616e+02
1.000000e+02, 1.977301e+02
1.000000e+02, 1.978000e+02
1.000000e+02, 1.978715e+02
1.000000e+02, 1.979446e+02
1.000000e+02, 1.980192e+02
1.000000e+02, 1.980953e+02
1.000000e+02, 1.981729e+02
1.000000e+02, 1.982521e+02
1.000000e+02, 1.983328e+02
1.000000e+02, 1.984151e+02
1.000000e+02, 1.984989e+02
1.000000e+02, 1.985843e+02
1.000000e+02, 1.986712e+02
1.000000e+02, 1.987596e+02
1.000000e+02, 1.988496e+02
1.000000e+02, 1.989412e+02
1.000000e+02, 1.990342e+02
1.000000e+02, 1.991289e+02
1.000000e+02, 1.992251e+02
1.000000e+02, 1.993228e+02
1.000000e+02, 1.994221e+02
1.000000e+02, 1.995229e+02
1.000000e+02, 1.996253e+02
1.000000e+02, 1.997293e+02
1.000000e+02, 1.998348e+02
1.000000e+02, 1.999419e+02
1.000000e+02, 2.000505e+02
1.000000e+02, 2.001607e+02
1.000000e+02, 2.002725e+02
1.000000e+02, 2.003858e+02
1.000000e+02, 2.005007e+02
1.000000e+02, 2.006172e+02
1.000000e+02, 2.007352e+02
1.000000e+02, 2.008548e+02
1.000000e+02, 2.009759e+02
1.000000e+02, 2.010987e+02
1.000000e+02, 2.012230e+02
1.000000e+02, 2.013489e+02
1.000000e+02, 2.014764e+02
1.000000e+02, 2.016054e+02
1.000000e+02, 2.017361e+02
1.000000e+02, 2.018683e+02
1.000000e+02, 2.020021e+02
1.000000e+02, 2.021375e+02
1.000000e+02, 2.022745e+02
1.000000e+02, 2.024130e+02
1.000000e+02, 2.025532e+02
1.000000e+02, 2.026949e+02
1.000000e+02, 2.028383e+02
1.000000e+02, 2.029832e+02
1.000000e+02, 2.031298e+02
1.000000e+02, 2.032779e+02
1.000000e+02, 2.034277e+02
1.000000e+02, 2.035790e+02
1.000000e+02, 2.037320e+02
1.000000e+02, 2.038865e+02
1.000000e+02, 2.040427e+02
1.000000e+02, 2.042005e+02
1.000000e+02, 2.043599e+02
1.000000e+02, 2.045209e+02
1.000000e+02, 2.046836e+02
1.000000e+02, 2.048478e+02
1.000000e+02, 2.050137e+02
1.000000e+02, 2.051812e+02
1.000000e+02, 2.053504e+02
1.000000e+02, 2.055211e+02
1.000000e+02, 2.056935e+02
1.000000e+02, 2.058676e+02
1.000000e+02, 2.060432e+02
1.000000e+02, 2.062205e+02
1.000000e+02, 2.063995e+02
1.000000e+02, 2.065801e+02
1.000000e+02, 2.067623e+02
1.000000e+02, 2.069462e+02
1.000000e+02, 2.071317e+02
1.000000e+02, 2.073189e+02
1.000000e+02, 2.075078e+02
1.000000e+02, 2.076983e+02
1.000000e+02, 2.078904e+02
1.000000e+02, 2.080843e+02
1.000000e+02, 2.082798e+02
1.000000e+02, 2.084769e+02
1.000000e+02, 2.086758e+02
1.000000e+02, 2.088763e+02
1.000000e+02, 2.090785e+02
1.000000e+02, 2.092823e+02
1.000000e+02, 2.094879e+02
1.000000e+02, 2.096951e+02
1.000000e+02, 2.099040e+02
1.000000e+02, 2.101146e+02
1.000000e+02, 2.103269e+02
1.000000e+02, 2.105409e+02
1.000000e+02, 2.107566e+02
1.000000e+02, 2.109740e+02
1.000000e+02, 2.111932e+02
1.000000e+02, 2.114140e+02
1.000000e+02, 2.116365e+02
1.000000e+02, 2.118607e+02
1.000000e+02, 2.120867e+02
1.000000e+02, 2.123144e+02
1.000000e+02, 2.125438e+02
1.000000e+02, 2.127749e+02
1.000000e+02, 2.130078e+02
1.000000e+02, 2.132424e+02
1.000000e+02, 2.134787e+02
1.000000e+02, 2.137168e+02
1.000000e+02, 2.139567e+02
1.000000e+02, 2.141982e+02
1.000000e+02, 2.144416e+02
1.000000e+02, 2.146866e+02
1.000000e+02, 2.149335e+02
1.000000e+02, 2.151821e+02
1.000000e+02, 2.154324e+02
1.000000e+02, 2.156846e+02
1.000000e+02, 2.159385e+02
1.000000e+02, 2.161942e+02
1.000000e+02, 2.164516e+02
1.000000e+02, 2.167109e+02
1.000000e+02, 2.169719e+02
1.000000e+02, 2.172348e+02
1.000000e+02, 2.174994e+02
1.000000e+02, 2.177658e+02
1.000000e+02, 2.180340e+02
1.000000e+02, 2.183041e+02
1.000000e+02, 2.185759e+02
1.000000e+02, 2.188496e+02
1.000000e+02, 2.191251e+02
1.000000e+02, 2.194024e+02
1.000000e+02, 2.196815e+02
1.000000e+02, 2.199625e+02
1.000000e+02, 2.202453e+02
1.000000e+02, 2.205300e+02
1.000000e+02, 2.208165e+02
1.000000e+02, 2.211048e+02
1.000000e+02, 2.213950e+02
1.000000e+02, 2.216871e+02
1.000000e+02, 2.219810e+02
1.000000e+02, 2.222768e+02
1.000000e+02, 2.225745e+02
1.000000e+02, 2.228741e+02
1.000000e+02, 2.231755e+02
1.000000e+02, 2.234788e+02
1.000000e+02, 2.237840e+02
1.000000e+02, 2.240911e+02
1.000000e+02, 2.244002e+02
1.000000e+02, 2.247111e+02
1.000000e+02, 2.250239e+02
1.000000e+02, 2.253387e+02
1.000000e+02, 2.256554e+02
1.000000e+02, 2.259740e+02
1.000000e+02, 2.262945e+02
1.000000e+02, 2.266170e+02
1.000000e+02, 2.269414e+02
1.000000e+02, 2.272678e+02
1.000000e+02, 2.275961e+02
1.000000e+02, 2.279264e+02
1.000000e+02, 2.282586e+02
1.000000e+02, 2.285928e+02
1.000000e+02, 2.289290e+02
1.000000e+02, 2.292672e+02
1.000000e+02, 2.296074e+02
1.000000e+02, 2.299495e+02
1.000000e+02, 2.302937e+02
1.000000e+02, 2.306399e+02
1.000000e+02, 2.309881e+02
1.000000e+02, 2.313383e+02
1.000000e+02, 2.316905e+02
1.000000e+02, 2.320447e+02
1.000000e+02, 2.324010e+02
1.000000e+02, 2.327594e+02
1.000000e+02, 2.331198e+02
1.000000e+02, 2.334822e+02
1.000000e+02, 2.338467e+02
1.000000e+02, 2.342133e+02
1.000000e+02, 2.345819e+02
1.000000e+02, 2.349527e+02
1.000000e+02, 2.353255e+02
1.000000e+02, 2.357004e+02
1.000000e+02, 2.360774e+02
1.000000e+02, 2.364565e+02
1.000000e+02, 2.368378e+02
1.000000e+02, 2.372212e+02
1.000000e+02, 2.376067e+02
1.000000e+02, 2.379943e+02
1.000000e+02, 2.383841e+02
1.000000e+02, 2.387760e+02
1.000000e+02, 2.391701e+02
1.000000e+02, 2.395664e+02
1.000000e+02, 2.399648e+02
1.000000e+02, 2.403655e+02
1.000000e+02, 2.407683e+02
1.000000e+02, 2.411733e+02
1.000000e+02, 2.415805e+02
1.000000e+02, 2.419900e+02
1.000000e+02, 2.424016e+02
1.000000e+02, 2.428155e+02
1.000000e+02, 2.432317e+02
1.000000e+02, 2.436500e+02
1.000000e+02, 2.440707e+02
1.000000e+02, 2.444936e+02
1.000000e+02, 2.449188e+02
1.000000e+02, 2.453462e+02
1.000000e+02, 2.457760e+02
1.000000e+02, 2.462080e+02
1.000000e+02, 2.466424e+02
1.000000e+02, 2.470790e+02
1.000000e+02, 2.475181e+02
1.000000e+02, 2.479594e+02
1.000000e+02, 2.484031e+02
1.000000e+02, 2.488491e+02
1.000000e+02, 2.492975e+02
1.000000e+02, 2.497483e+02
1.000000e+02, 2.502015e+02
1.000000e+02, 2.506571e+02
1.000000e+02, 2.511150e+02
1.000000e+02, 2.515754e+02
1.000000e+02, 2.520382e+02
1.000000e+02, 2.525035e+02
1.000000e+02, 2.529711e+02
1.000000e+02, 2.534413e+02
1.000000e+02, 2.539139e+02
1.000000e+02, 2.543890e+02
1.000000e+02, 2.548666e+02
1.000000e+02, 2.553467e+02
1.000000e+02, 2.558292e+02
1.000000e+02, 2.563144e+02
1.000000e+02, 2.568020e+02
1.000000e+02, 2.572922e+02
1.000000e+02, 2.577849e+02
1.000000e+02, 2.582803e+02
1.000000e+02, 2.587782e+02
1.000000e+02, 2.592787e+02
1.000000e+02, 2.597817e+02
1.000000e+02, 2.602875e+02
1.000000e+02, 2.607958e+02
1.000000e+02, 2.613068e+02
1.000000e+02, 2.618204e+02
1.000000e+02, 2.623367e+02
1.000000e+02, 2.628557e+02
1.000000e+02, 2.633774e+02
1.000000e+02, 2.639018e+02
1.000000e+02, 2.644289e+02
1.000000e+02, 2.649588e+02
1.000000e+02, 2.654914e+02
1.000000e+02, 2.660268e+02
1.000000e+02, 2.665649e+02
1.000000e+02, 2.671059e+02
1.000000e+02, 2.676496e+02
1.000000e+02, 2.681962e+02
1.000000e+02, 2.687456e+02
1.000000e+02, 2.692978e+02
1.000000e+02, 2.698529e+02
1.000000e+02, 2.704110e+02
1.000000e+02, 2.709719e+02
1.000000e+02, 2.715357e+02
1.000000e+02, 2.721024e+02
1.000000e+02, 2.726721e+02
1.000000e+02, 2.732448e+02
1.000000e+02, 2.738204e+02
1.000000e+02, 2.743991e+02
1.000000e+02, 2.749807e+02
1.000000e+02, 2.755654e+02
1.000000e+02, 2.761531e+02
1.000000e+02, 2.767439e+02
1.000000e+02, 2.773378e+02
1.000000e+02, 2.779348e+02
1.000000e+02, 2.785349e+02
1.000000e+02, 2.791382e+02
1.000000e+02, 2.797446e+02
1.000000e+02, 2.803542e+02
1.000000e+02, 2.809670e+02
1.000000e+02, 2.815830e+02
1.000000e+02, 2.822022e+02
1.000000e+02, 2.828247e+02
1.000000e+02, 2.834505e+02
1.000000e+02, 2.840796e+02
1.000000e+02, 2.847120e+02
1.000000e+02, 2.853478e+02
1.000000e+02, 2.859869e+02
1.000000e+02, 2.866294e+02
1.000000e+02, 2.872753e+02
1.000000e+02, 2.879247e+02
1.000000e+02, 2.885775e+02
1.000000e+02, 2.892338e+02
1.000000e+02, 2.898936e+02
1.000000e+02, 2.905569e+02
1.000000e+02, 2.912238e+02
1.000000e+02, 2.918942e+02
1.000000e+02, 2.925683e+02
1.000000e+02, 2.932459e+02
1.000000e+02, 2.939273e+02
1.000000e+02, 2.946123e+02
1.000000e+02, 2.953010e+02
1.000000e+02, 2.959934e+02
1.000000e+02, 2.966897e+02
1.000000e+02, 2.973897e+02
1.000000e+02, 2.980935e+02
1.000000e+02, 2.988012e+02
1.000000e+02, 2.995127e+02
1.000000e+02, 3.002282e+02
1.000000e+02, 3.009475e+02
1.000000e+02, 3.016709e+02
1.000000e+02, 3.023983e+02
1.000000e+02, 3.031296e+02
1.000000e+02, 3.038651e+02
1.000000e+02, 3.046046e+02
1.000000e+02, 3.053483e+02
1.000000e+02, 3.060961e+02
1.000000e+02, 3.068482e+02
1.000000e+02, 3.076044e+02
1.000000e+02, 3.083650e+02
1.000000e+02, 3.091298e+02
1.000000e+02, 3.098990e+02
1.000000e+02, 3.106725e+02
1.000000e+02, 3.114505e+02
1.000000e+02, 3.122329e+02
1.000000e+02, 3.130198e+02
1.000000e+02, 3.138113e+02
1.000000e+02, 3.146073e+02
1.000000e+02, 3.154080e+02
1.000000e+02, 3.162133e+02
1.000000e+02, 3.170233e+02
1.000000e+02, 3.178380e+02
1.000000e+02, 3.186576e+02
1.000000e+02, 3.194820e+02
1.000000e+02, 3.203112e+02
1.000000e+02, 3.211454e+02
1.000000e+02, 3.219846e+02
1.000000e+02, 3.228288e+02
1.000000e+02, 3.236781e+02
1.000000e+02, 3.245325e+02
1.000000e+02, 3.253921e+02
1.000000e+02, 3.262570e+02
1.000000e+02, 3.271271e+02
1.000000e+02, 3.280026e+02
1.000000e+02, 3.288834e+02
1.000000e+02, 3.297697e+02
1.000000e+02, 3.306616e+02
1.000000e+02, 3.315590e+02
1.000000e+02, 3.324621e+02
1.000000e+02, 3.333708e+02
1.000000e+02, 3.342853e+02
1.000000e+02, 3.352057e+02
1.000000e+02, 3.361319e+02
1.000000e+02, 3.370641e+02
1.000000e+02, 3.380024e+02
1.000000e+02, 3.389467e+02
1.000000e+02, 3.398973e+02
1.000000e+02, 3.408540e+02
1.000000e+02, 3.418171e+02
1.000000e+02, 3.427867e+02
1.000000e+02, 3.437627e+02
1.000000e+02, 3.447452e+02
1.000000e+02, 3.457344e+02
1.000000e+02, 3.467304e+02
1.000000e+02, 3.477331e+02
1.000000e+02, 3.487428e+02
1.000000e+02, 3.497595e+02
1.000000e+02, 3.507833e+02
1.000000e+02, 3.518143e+02
1.000000e+02, 3.528526e+02
1.000000e+02, 3.538982e+02
1.000000e+02, 3.549514e+02
1.000000e+02, 3.560122e+02
1.000000e+02, 3.570807e+02
1.000000e+02, 3.581570e+02
1.000000e+02, 3.592412e+02
1.000000e+02, 3.335578e-01
1.000000e+02, 1.434067e+00
1.000000e+02, 2.542885e+00
1.000000e+02, 3.660144e+00
1.000000e+02, 4.785974e+00
1.000000e+02, 5.920513e+00
1.000000e+02, 7.063901e+00
1.000000e+02, 8.216283e+00
1.000000e+02, 9.377808e+00
1.000000e+02, 1.054863e+01
1.000000e+02, 1.172891e+01
1.000000e+02, 1.291880e+01
1.000000e+02, 1.411849e+01
1.000000e+02, 1.532813e+01
1.000000e+02, 1.654792e+01
1.000000e+02, 1.777803e+01
1.000000e+02, 1.901866e+01
1.000000e+02, 2.027001e+01
1.000000e+02, 2.153227e+01
1.000000e+02, 2.280567e+01
1.000000e+02, 2.409042e+01
1.000000e+02, 2.538676e+01
1.000000e+02, 2.669490e+01
1.000000e+02, 2.801511e+01
1.000000e+02, 2.934763e+01
1.000000e+02, 3.069273e+01
1.000000e+02, 3.205068e+01
1.000000e+02, 3.342175e+01
1.000000e+02, 3.480626e+01
1.000000e+02, 3.620451e+01
1.000000e+02, 3.761680e+01
1.000000e+02, 3.904349e+01
1.000000e+02, 4.048491e+01
1.000000e+02, 4.194143e+01
1.000000e+02, 4.341343e+01
1.000000e+02, 4.490129e+01
1.000000e+02, 4.640545e+01
1.000000e+02, 4.792631e+01
1.000000e+02, 4.946435e+01
1.000000e+02, 5.102003e+01
1.000000e+02, 5.259386e+01
1.000000e+02, 5.418635e+01
1.000000e+02, 5.579806e+01
1.000000e+02, 5.742957e+01
1.000000e+02, 5.908148e+01
1.000000e+02, 6.075444e+01
1.000000e+02, 6.244913e+01
1.000000e+02, 6.416627e+01
1.000000e+02, 6.590663e+01
1.000000e+02, 6.767100e+01
1.000000e+02, 6.946024e+01
1.000000e+02, 7.127527e+01
1.000000e+02, 7.311706e+01
1.000000e+02, 7.498664e+01
1.000000e+02, 7.688511e+01
1.000000e+02, 7.881367e+01
1.000000e+02, 8.077357e+01
1.000000e+02, 8.276620e+01
1.000000e+02, 8.479301e+01
1.000000e+02, 8.685559e+01
1.000000e+02, 8.895566e+01
1.000000e+02, 9.109509e+01
1.000000e+02, 9.327590e+01
1.000000e+02, 9.550031e+01
1.000000e+02, 9.777075e+01
1.000000e+02, 1.000899e+02
1.000000e+02, 1.024606e+02
1.000000e+02, 1.048862e+02
1.000000e+02, 1.073703e+02
1.000000e+02, 1.099170e+02
1.000000e+02, 1.125307e+02
1.000000e+02, 1.152166e+02
1.000000e+02, 1.179805e+02
1.000000e+02, 1.208291e+02
1.000000e+02, 1.237702e+02
1.000000e+02, 1.268126e+02
1.000000e+02, 1.299669e+02
1.000000e+02, 1.332457e+02
1.000000e+02, 1.366641e+02
1.000000e+02, 1.402405e+02
1.000000e+02, 1.439980e+02
1.000000e+02, 1.479659e+02
1.000000e+02, 1.521825e+02
1.000000e+02, 1.566995e+02
1.000000e+02, 1.615897e+02
1.000000e+02, 1.669619e+02
1.000000e+02, 1.729915e+02
1.000000e+02, 1.800000e+02
##END= 