##TITLE= /opt/topspin3.0/exp/stan/nmr/lists/wave/user/HypSec_trunc2.84_110
##JCAMP-DX= 5.00 Bruker JCAMP library
##DATA TYPE= Shape Data
##ORIGIN= Bruker BioSpin GmbH
##OWNER= <nmrsu>
##DATE= 15/02/24
##TIME= 16:15:04
##MINX= 1.164538e+01
##MAXX= 9.999960e+01
##MINY= 2.546774e-02
##MAXY= 3.585574e+02
##$SHAPE_EXMODE= Adiabatic
##$SHAPE_TOTROT= 1.800000e+02
##$SHAPE_BWFAC= 1.929340e+02
##$SHAPE_INTEGFAC= 2.356110e-02
##$SHAPE_MODE= 0
##NPOINTS= 1000
##XYPOINTS= (XY..XY)
1.000000e+02, 1.800000e+02
1.000000e+02, 1.751173e+02
1.000000e+02, 1.709166e+02
1.000000e+02, 1.671739e+02
1.000000e+02, 1.637669e+02
1.000000e+02, 1.606200e+02
1.000000e+02, 1.576824e+02
1.000000e+02, 1.549181e+02
1.000000e+02, 1.523003e+02
1.000000e+02, 1.498086e+02
1.000000e+02, 1.474271e+02
1.000000e+02, 1.451428e+02
1.000000e+02, 1.429453e+02
1.000000e+02, 1.408257e+02
1.000000e+02, 1.387767e+02
1.000000e+02, 1.367921e+02
1.000000e+02, 1.348665e+02
1.000000e+02, 1.329953e+02
1.000000e+02, 1.311744e+02
1.000000e+02, 1.294002e+02
1.000000e+02, 1.276695e+02
1.000000e+02, 1.259797e+02
1.000000e+02, 1.243280e+02
1.000000e+02, 1.227123e+02
1.000000e+02, 1.211305e+02
1.000000e+02, 1.195808e+02
1.000000e+02, 1.180615e+02
1.000000e+02, 1.165710e+02
1.000000e+02, 1.151079e+02
1.000000e+02, 1.136710e+02
1.000000e+02, 1.122589e+02
1.000000e+02, 1.108707e+02
1.000000e+02, 1.095053e+02
1.000000e+02, 1.081617e+02
1.000000e+02, 1.068390e+02
1.000000e+02, 1.055365e+02
1.000000e+02, 1.042534e+02
1.000000e+02, 1.029889e+02
1.000000e+02, 1.017424e+02
1.000000e+02, 1.005131e+02
1.000000e+02, 9.930067e+01
1.000000e+02, 9.810437e+01
1.000000e+02, 9.692371e+01
1.000000e+02, 9.575818e+01
1.000000e+02, 9.460732e+01
1.000000e+02, 9.347068e+01
1.000000e+02, 9.234783e+01
1.000000e+02, 9.123837e+01
1.000000e+02, 9.014192e+01
1.000000e+02, 8.905810e+01
1.000000e+02, 8.798658e+01
1.000000e+02, 8.692701e+01
1.000000e+02, 8.587910e+01
1.000000e+02, 8.484253e+01
1.000000e+02, 8.381701e+01
1.000000e+02, 8.280228e+01
1.000000e+02, 8.179807e+01
1.000000e+02, 8.080412e+01
1.000000e+02, 7.982020e+01
1.000000e+02, 7.884607e+01
1.000000e+02, 7.788150e+01
1.000000e+02, 7.692630e+01
1.000000e+02, 7.598024e+01
1.000000e+02, 7.504313e+01
1.000000e+02, 7.411479e+01
1.000000e+02, 7.319503e+01
1.000000e+02, 7.228366e+01
1.000000e+02, 7.138053e+01
1.000000e+02, 7.048547e+01
1.000000e+02, 6.959831e+01
1.000000e+02, 6.871891e+01
1.000000e+02, 6.784712e+01
1.000000e+02, 6.698280e+01
1.000000e+02, 6.612580e+01
1.000000e+02, 6.527599e+01
1.000000e+02, 6.443326e+01
1.000000e+02, 6.359746e+01
1.000000e+02, 6.276848e+01
1.000000e+02, 6.194620e+01
1.000000e+02, 6.113051e+01
1.000000e+02, 6.032129e+01
1.000000e+02, 5.951845e+01
1.000000e+02, 5.872187e+01
1.000000e+02, 5.793146e+01
1.000000e+02, 5.714711e+01
1.000000e+02, 5.636874e+01
1.000000e+02, 5.559624e+01
1.000000e+02, 5.482954e+01
1.000000e+02, 5.406853e+01
1.000000e+02, 5.331315e+01
1.000000e+02, 5.256330e+01
1.000000e+02, 5.181890e+01
1.000000e+02, 5.107988e+01
1.000000e+02, 5.034615e+01
1.000000e+02, 4.961765e+01
1.000000e+02, 4.889431e+01
1.000000e+02, 4.817604e+01
1.000000e+02, 4.746279e+01
1.000000e+02, 4.675448e+01
1.000000e+02, 4.605105e+01
1.000000e+02, 4.535244e+01
1.000000e+02, 4.465858e+01
1.000000e+02, 4.396941e+01
1.000000e+02, 4.328488e+01
1.000000e+02, 4.260492e+01
1.000000e+02, 4.192948e+01
1.000000e+02, 4.125850e+01
1.000000e+02, 4.059193e+01
1.000000e+02, 3.992971e+01
1.000000e+02, 3.927180e+01
1.000000e+02, 3.861814e+01
1.000000e+02, 3.796869e+01
1.000000e+02, 3.732339e+01
1.000000e+02, 3.668220e+01
1.000000e+02, 3.604507e+01
1.000000e+02, 3.541195e+01
1.000000e+02, 3.478281e+01
1.000000e+02, 3.415759e+01
1.000000e+02, 3.353626e+01
1.000000e+02, 3.291878e+01
1.000000e+02, 3.230509e+01
1.000000e+02, 3.169517e+01
1.000000e+02, 3.108897e+01
1.000000e+02, 3.048646e+01
1.000000e+02, 2.988759e+01
1.000000e+02, 2.929234e+01
1.000000e+02, 2.870065e+01
1.000000e+02, 2.811251e+01
1.000000e+02, 2.752787e+01
1.000000e+02, 2.694669e+01
1.000000e+02, 2.636896e+01
1.000000e+02, 2.579462e+01
1.000000e+02, 2.522366e+01
1.000000e+02, 2.465603e+01
1.000000e+02, 2.409171e+01
1.000000e+02, 2.353067e+01
1.000000e+02, 2.297287e+01
1.000000e+02, 2.241829e+01
1.000000e+02, 2.186690e+01
1.000000e+02, 2.131867e+01
1.000000e+02, 2.077356e+01
1.000000e+02, 2.023157e+01
1.000000e+02, 1.969265e+01
1.000000e+02, 1.915677e+01
1.000000e+02, 1.862393e+01
1.000000e+02, 1.809408e+01
1.000000e+02, 1.756721e+01
1.000000e+02, 1.704328e+01
1.000000e+02, 1.652228e+01
1.000000e+02, 1.600417e+01
1.000000e+02, 1.548895e+01
1.000000e+02, 1.497658e+01
1.000000e+02, 1.446703e+01
1.000000e+02, 1.396030e+01
1.000000e+02, 1.345635e+01
1.000000e+02, 1.295516e+01
1.000000e+02, 1.245672e+01
1.000000e+02, 1.196100e+01
1.000000e+02, 1.146798e+01
1.000000e+02, 1.097764e+01
1.000000e+02, 1.048995e+01
1.000000e+02, 1.000491e+01
1.000000e+02, 9.522493e+00
1.000000e+02, 9.042675e+00
1.000000e+02, 8.565438e+00
1.000000e+02, 8.090766e+00
1.000000e+02, 7.618639e+00
1.000000e+02, 7.149040e+00
1.000000e+02, 6.681950e+00
1.000000e+02, 6.217352e+00
1.000000e+02, 5.755229e+00
1.000000e+02, 5.295564e+00
1.000000e+02, 4.838339e+00
1.000000e+02, 4.383539e+00
1.000000e+02, 3.931146e+00
1.000000e+02, 3.481146e+00
1.000000e+02, 3.033521e+00
1.000000e+02, 2.588256e+00
1.000000e+02, 2.145336e+00
1.000000e+02, 1.704746e+00
1.000000e+02, 1.266471e+00
1.000000e+02, 8.304950e-01
1.000000e+02, 3.968044e-01
1.000000e+02, 3.599654e+02
1.000000e+02, 3.595362e+02
1.000000e+02, 3.591093e+02
1.000000e+02, 3.586846e+02
1.000000e+02, 3.582621e+02
1.000000e+02, 3.578419e+02
1.000000e+02, 3.574238e+02
1.000000e+02, 3.570079e+02
1.000000e+02, 3.565941e+02
1.000000e+02, 3.561825e+02
1.000000e+02, 3.557730e+02
1.000000e+02, 3.553657e+02
1.000000e+02, 3.549605e+02
1.000000e+02, 3.545574e+02
1.000000e+02, 3.541563e+02
1.000000e+02, 3.537574e+02
1.000000e+02, 3.533605e+02
1.000000e+02, 3.529656e+02
1.000000e+02, 3.525728e+02
1.000000e+02, 3.521820e+02
1.000000e+02, 3.517933e+02
1.000000e+02, 3.514065e+02
1.000000e+02, 3.510218e+02
1.000000e+02, 3.506390e+02
1.000000e+02, 3.502582e+02
1.000000e+02, 3.498794e+02
1.000000e+02, 3.495026e+02
1.000000e+02, 3.491277e+02
1.000000e+02, 3.487547e+02
1.000000e+02, 3.483836e+02
1.000000e+02, 3.480145e+02
1.000000e+02, 3.476472e+02
1.000000e+02, 3.472819e+02
1.000000e+02, 3.469185e+02
1.000000e+02, 3.465569e+02
1.000000e+02, 3.461972e+02
1.000000e+02, 3.458393e+02
1.000000e+02, 3.454833e+02
1.000000e+02, 3.451292e+02
1.000000e+02, 3.447769e+02
1.000000e+02, 3.444264e+02
1.000000e+02, 3.440777e+02
1.000000e+02, 3.437308e+02
1.000000e+02, 3.433857e+02
1.000000e+02, 3.430424e+02
1.000000e+02, 3.427009e+02
1.000000e+02, 3.423612e+02
1.000000e+02, 3.420232e+02
1.000000e+02, 3.416870e+02
1.000000e+02, 3.413525e+02
1.000000e+02, 3.410198e+02
1.000000e+02, 3.406888e+02
1.000000e+02, 3.403596e+02
1.000000e+02, 3.400320e+02
1.000000e+02, 3.397062e+02
1.000000e+02, 3.393821e+02
1.000000e+02, 3.390596e+02
1.000000e+02, 3.387389e+02
1.000000e+02, 3.384198e+02
1.000000e+02, 3.381025e+02
1.000000e+02, 3.377867e+02
1.000000e+02, 3.374727e+02
1.000000e+02, 3.371603e+02
1.000000e+02, 3.368495e+02
1.000000e+02, 3.365404e+02
1.000000e+02, 3.362330e+02
1.000000e+02, 3.359271e+02
1.000000e+02, 3.356229e+02
1.000000e+02, 3.353203e+02
1.000000e+02, 3.350193e+02
1.000000e+02, 3.347199e+02
1.000000e+02, 3.344221e+02
1.000000e+02, 3.341259e+02
1.000000e+02, 3.338312e+02
1.000000e+02, 3.335382e+02
1.000000e+02, 3.332467e+02
1.000000e+02, 3.329568e+02
1.000000e+02, 3.326684e+02
1.000000e+02, 3.323816e+02
1.000000e+02, 3.320964e+02
1.000000e+02, 3.318127e+02
1.000000e+02, 3.315305e+02
1.000000e+02, 3.312499e+02
1.000000e+02, 3.309708e+02
1.000000e+02, 3.306932e+02
1.000000e+02, 3.304171e+02
1.000000e+02, 3.301425e+02
1.000000e+02, 3.298695e+02
1.000000e+02, 3.295979e+02
1.000000e+02, 3.293279e+02
1.000000e+02, 3.290593e+02
1.000000e+02, 3.287922e+02
1.000000e+02, 3.285266e+02
1.000000e+02, 3.282625e+02
1.000000e+02, 3.279998e+02
1.000000e+02, 3.277386e+02
1.000000e+02, 3.274789e+02
1.000000e+02, 3.272206e+02
1.000000e+02, 3.269638e+02
1.000000e+02, 3.267084e+02
1.000000e+02, 3.264544e+02
1.000000e+02, 3.262019e+02
1.000000e+02, 3.259508e+02
1.000000e+02, 3.257012e+02
1.000000e+02, 3.254530e+02
1.000000e+02, 3.252062e+02
1.000000e+02, 3.249608e+02
1.000000e+02, 3.247168e+02
1.000000e+02, 3.244742e+02
1.000000e+02, 3.242331e+02
1.000000e+02, 3.239933e+02
1.000000e+02, 3.237549e+02
1.000000e+02, 3.235179e+02
1.000000e+02, 3.232823e+02
1.000000e+02, 3.230481e+02
1.000000e+02, 3.228152e+02
1.000000e+02, 3.225838e+02
1.000000e+02, 3.223537e+02
1.000000e+02, 3.221249e+02
1.000000e+02, 3.218976e+02
1.000000e+02, 3.216715e+02
1.000000e+02, 3.214469e+02
1.000000e+02, 3.212236e+02
1.000000e+02, 3.210016e+02
1.000000e+02, 3.207810e+02
1.000000e+02, 3.205617e+02
1.000000e+02, 3.203437e+02
1.000000e+02, 3.201271e+02
1.000000e+02, 3.199118e+02
1.000000e+02, 3.196979e+02
1.000000e+02, 3.194852e+02
1.000000e+02, 3.192739e+02
1.000000e+02, 3.190639e+02
1.000000e+02, 3.188552e+02
1.000000e+02, 3.186478e+02
1.000000e+02, 3.184418e+02
1.000000e+02, 3.182370e+02
1.000000e+02, 3.180335e+02
1.000000e+02, 3.178313e+02
1.000000e+02, 3.176304e+02
1.000000e+02, 3.174308e+02
1.000000e+02, 3.172325e+02
1.000000e+02, 3.170355e+02
1.000000e+02, 3.168397e+02
1.000000e+02, 3.166453e+02
1.000000e+02, 3.164521e+02
1.000000e+02, 3.162601e+02
1.000000e+02, 3.160695e+02
1.000000e+02, 3.158801e+02
1.000000e+02, 3.156920e+02
1.000000e+02, 3.155051e+02
1.000000e+02, 3.153195e+02
1.000000e+02, 3.151351e+02
1.000000e+02, 3.149520e+02
1.000000e+02, 3.147701e+02
1.000000e+02, 3.145895e+02
1.000000e+02, 3.144102e+02
1.000000e+02, 3.142320e+02
1.000000e+02, 3.140551e+02
1.000000e+02, 3.138795e+02
1.000000e+02, 3.137050e+02
1.000000e+02, 3.135318e+02
1.000000e+02, 3.133599e+02
1.000000e+02, 3.131891e+02
1.000000e+02, 3.130196e+02
1.000000e+02, 3.128513e+02
1.000000e+02, 3.126842e+02
1.000000e+02, 3.125184e+02
1.000000e+02, 3.123537e+02
1.000000e+02, 3.121903e+02
1.000000e+02, 3.120280e+02
1.000000e+02, 3.118670e+02
1.000000e+02, 3.117072e+02
1.000000e+02, 3.115486e+02
1.000000e+02, 3.113911e+02
1.000000e+02, 3.112349e+02
1.000000e+02, 3.110799e+02
1.000000e+02, 3.109260e+02
1.000000e+02, 3.107734e+02
1.000000e+02, 3.106219e+02
1.000000e+02, 3.104716e+02
1.000000e+02, 3.103226e+02
1.000000e+02, 3.101746e+02
1.000000e+02, 3.100279e+02
1.000000e+02, 3.098824e+02
1.000000e+02, 3.097380e+02
1.000000e+02, 3.095948e+02
1.000000e+02, 3.094528e+02
1.000000e+02, 3.093119e+02
1.000000e+02, 3.091722e+02
1.000000e+02, 3.090337e+02
1.000000e+02, 3.088963e+02
1.000000e+02, 3.087601e+02
1.000000e+02, 3.086251e+02
1.000000e+02, 3.084912e+02
1.000000e+02, 3.083585e+02
1.000000e+02, 3.082269e+02
1.000000e+02, 3.080965e+02
1.000000e+02, 3.079673e+02
1.000000e+02, 3.078391e+02
1.000000e+02, 3.077122e+02
1.000000e+02, 3.075864e+02
1.000000e+02, 3.074617e+02
1.000000e+02, 3.073382e+02
1.000000e+02, 3.072158e+02
1.000000e+02, 3.070945e+02
1.000000e+02, 3.069744e+02
1.000000e+02, 3.068555e+02
1.000000e+02, 3.067376e+02
1.000000e+02, 3.066209e+02
1.000000e+02, 3.065054e+02
1.000000e+02, 3.063909e+02
1.000000e+02, 3.062776e+02
1.000000e+02, 3.061654e+02
1.000000e+02, 3.060544e+02
1.000000e+02, 3.059445e+02
1.000000e+02, 3.058356e+02
1.000000e+02, 3.057280e+02
1.000000e+02, 3.056214e+02
1.000000e+02, 3.055160e+02
1.000000e+02, 3.054116e+02
1.000000e+02, 3.053084e+02
1.000000e+02, 3.052063e+02
1.000000e+02, 3.051053e+02
1.000000e+02, 3.050055e+02
1.000000e+02, 3.049067e+02
1.000000e+02, 3.048091e+02
1.000000e+02, 3.047125e+02
1.000000e+02, 3.046171e+02
1.000000e+02, 3.045228e+02
1.000000e+02, 3.044296e+02
1.000000e+02, 3.043375e+02
1.000000e+02, 3.042464e+02
1.000000e+02, 3.041565e+02
1.000000e+02, 3.040677e+02
1.000000e+02, 3.039800e+02
1.000000e+02, 3.038934e+02
1.000000e+02, 3.038079e+02
1.000000e+02, 3.037235e+02
1.000000e+02, 3.036401e+02
1.000000e+02, 3.035579e+02
1.000000e+02, 3.034768e+02
1.000000e+02, 3.033967e+02
1.000000e+02, 3.033178e+02
1.000000e+02, 3.032399e+02
1.000000e+02, 3.031632e+02
1.000000e+02, 3.030875e+02
1.000000e+02, 3.030129e+02
1.000000e+02, 3.029394e+02
1.000000e+02, 3.028669e+02
1.000000e+02, 3.027956e+02
1.000000e+02, 3.027253e+02
1.000000e+02, 3.026562e+02
1.000000e+02, 3.025881e+02
1.000000e+02, 3.025211e+02
1.000000e+02, 3.024551e+02
1.000000e+02, 3.023903e+02
1.000000e+02, 3.023265e+02
1.000000e+02, 3.022638e+02
1.000000e+02, 3.022022e+02
1.000000e+02, 3.021417e+02
1.000000e+02, 3.020822e+02
1.000000e+02, 3.020238e+02
1.000000e+02, 3.019665e+02
1.000000e+02, 3.019102e+02
1.000000e+02, 3.018551e+02
1.000000e+02, 3.018010e+02
1.000000e+02, 3.017479e+02
1.000000e+02, 3.016960e+02
1.000000e+02, 3.016451e+02
1.000000e+02, 3.015953e+02
1.000000e+02, 3.015465e+02
1.000000e+02, 3.014989e+02
1.000000e+02, 3.014523e+02
1.000000e+02, 3.014067e+02
1.000000e+02, 3.013622e+02
1.000000e+02, 3.013188e+02
1.000000e+02, 3.012765e+02
1.000000e+02, 3.012352e+02
1.000000e+02, 3.011950e+02
1.000000e+02, 3.011558e+02
1.000000e+02, 3.011177e+02
1.000000e+02, 3.010807e+02
1.000000e+02, 3.010448e+02
1.000000e+02, 3.010099e+02
1.000000e+02, 3.009760e+02
1.000000e+02, 3.009432e+02
1.000000e+02, 3.009115e+02
1.000000e+02, 3.008809e+02
1.000000e+02, 3.008513e+02
1.000000e+02, 3.008228e+02
1.000000e+02, 3.007953e+02
1.000000e+02, 3.007689e+02
1.000000e+02, 3.007435e+02
1.000000e+02, 3.007192e+02
1.000000e+02, 3.006960e+02
1.000000e+02, 3.006738e+02
1.000000e+02, 3.006527e+02
1.000000e+02, 3.006326e+02
1.000000e+02, 3.006136e+02
1.000000e+02, 3.005957e+02
1.000000e+02, 3.005788e+02
1.000000e+02, 3.005629e+02
1.000000e+02, 3.005481e+02
1.000000e+02, 3.005344e+02
1.000000e+02, 3.005218e+02
1.000000e+02, 3.005101e+02
1.000000e+02, 3.004996e+02
1.000000e+02, 3.004901e+02
1.000000e+02, 3.004816e+02
1.000000e+02, 3.004743e+02
1.000000e+02, 3.004679e+02
1.000000e+02, 3.004626e+02
1.000000e+02, 3.004584e+02
1.000000e+02, 3.004553e+02
1.000000e+02, 3.004532e+02
1.000000e+02, 3.004521e+02
1.000000e+02, 3.004521e+02
1.000000e+02, 3.004532e+02
1.000000e+02, 3.004553e+02
1.000000e+02, 3.004584e+02
1.000000e+02, 3.004626e+02
1.000000e+02, 3.004679e+02
1.000000e+02, 3.004743e+02
1.000000e+02, 3.004816e+02
1.000000e+02, 3.004901e+02
1.000000e+02, 3.004996e+02
1.000000e+02, 3.005101e+02
1.000000e+02, 3.005218e+02
1.000000e+02, 3.005344e+02
1.000000e+02, 3.005481e+02
1.000000e+02, 3.005629e+02
1.000000e+02, 3.005788e+02
1.000000e+02, 3.005957e+02
1.000000e+02, 3.006136e+02
1.000000e+02, 3.006326e+02
1.000000e+02, 3.006527e+02
1.000000e+02, 3.006738e+02
1.000000e+02, 3.006960e+02
1.000000e+02, 3.007192e+02
1.000000e+02, 3.007435e+02
1.000000e+02, 3.007689e+02
1.000000e+02, 3.007953e+02
1.000000e+02, 3.008228e+02
1.000000e+02, 3.008513e+02
1.000000e+02, 3.008809e+02
1.000000e+02, 3.009115e+02
1.000000e+02, 3.009432e+02
1.000000e+02, 3.009760e+02
1.000000e+02, 3.010099e+02
1.000000e+02, 3.010448e+02
1.000000e+02, 3.010807e+02
1.000000e+02, 3.011177e+02
1.000000e+02, 3.011558e+02
1.000000e+02, 3.011950e+02
1.000000e+02, 3.012352e+02
1.000000e+02, 3.012765e+02
1.000000e+02, 3.013188e+02
1.000000e+02, 3.013622e+02
1.000000e+02, 3.014067e+02
1.000000e+02, 3.014523e+02
1.000000e+02, 3.014989e+02
1.000000e+02, 3.015465e+02
1.000000e+02, 3.015953e+02
1.000000e+02, 3.016451e+02
1.000000e+02, 3.016960e+02
1.000000e+02, 3.017479e+02
1.000000e+02, 3.018010e+02
1.000000e+02, 3.018551e+02
1.000000e+02, 3.019102e+02
1.000000e+02, 3.019665e+02
1.000000e+02, 3.020238e+02
1.000000e+02, 3.020822e+02
1.000000e+02, 3.021417e+02
1.000000e+02, 3.022022e+02
1.000000e+02, 3.022638e+02
1.000000e+02, 3.023265e+02
1.000000e+02, 3.023903e+02
1.000000e+02, 3.024551e+02
1.000000e+02, 3.025211e+02
1.000000e+02, 3.025881e+02
1.000000e+02, 3.026562e+02
1.000000e+02, 3.027253e+02
1.000000e+02, 3.027956e+02
1.000000e+02, 3.028669e+02
1.000000e+02, 3.029394e+02
1.000000e+02, 3.030129e+02
1.000000e+02, 3.030875e+02
1.000000e+02, 3.031632e+02
1.000000e+02, 3.032399e+02
1.000000e+02, 3.033178e+02
1.000000e+02, 3.033967e+02
1.000000e+02, 3.034768e+02
1.000000e+02, 3.035579e+02
1.000000e+02, 3.036401e+02
1.000000e+02, 3.037235e+02
1.000000e+02, 3.038079e+02
1.000000e+02, 3.038934e+02
1.000000e+02, 3.039800e+02
1.000000e+02, 3.040677e+02
1.000000e+02, 3.041565e+02
1.000000e+02, 3.042464e+02
1.000000e+02, 3.043375e+02
1.000000e+02, 3.044296e+02
1.000000e+02, 3.045228e+02
1.000000e+02, 3.046171e+02
1.000000e+02, 3.047125e+02
1.000000e+02, 3.048091e+02
1.000000e+02, 3.049067e+02
1.000000e+02, 3.050055e+02
1.000000e+02, 3.051053e+02
1.000000e+02, 3.052063e+02
1.000000e+02, 3.053084e+02
1.000000e+02, 3.054116e+02
1.000000e+02, 3.055160e+02
1.000000e+02, 3.056214e+02
1.000000e+02, 3.057280e+02
1.000000e+02, 3.058356e+02
1.000000e+02, 3.059445e+02
1.000000e+02, 3.060544e+02
1.000000e+02, 3.061654e+02
1.000000e+02, 3.062776e+02
1.000000e+02, 3.063909e+02
1.000000e+02, 3.065054e+02
1.000000e+02, 3.066209e+02
1.000000e+02, 3.067376e+02
1.000000e+02, 3.068555e+02
1.000000e+02, 3.069744e+02
1.000000e+02, 3.070945e+02
1.000000e+02, 3.072158e+02
1.000000e+02, 3.073382e+02
1.000000e+02, 3.074617e+02
1.000000e+02, 3.075864e+02
1.000000e+02, 3.077122e+02
1.000000e+02, 3.078391e+02
1.000000e+02, 3.079673e+02
1.000000e+02, 3.080965e+02
1.000000e+02, 3.082269e+02
1.000000e+02, 3.083585e+02
1.000000e+02, 3.084912e+02
1.000000e+02, 3.086251e+02
1.000000e+02, 3.087601e+02
1.000000e+02, 3.088963e+02
1.000000e+02, 3.090337e+02
1.000000e+02, 3.091722e+02
1.000000e+02, 3.093119e+02
1.000000e+02, 3.094528e+02
1.000000e+02, 3.095948e+02
1.000000e+02, 3.097380e+02
1.000000e+02, 3.098824e+02
1.000000e+02, 3.100279e+02
1.000000e+02, 3.101746e+02
1.000000e+02, 3.103226e+02
1.000000e+02, 3.104716e+02
1.000000e+02, 3.106219e+02
1.000000e+02, 3.107734e+02
1.000000e+02, 3.109260e+02
1.000000e+02, 3.110799e+02
1.000000e+02, 3.112349e+02
1.000000e+02, 3.113911e+02
1.000000e+02, 3.115486e+02
1.000000e+02, 3.117072e+02
1.000000e+02, 3.118670e+02
1.000000e+02, 3.120280e+02
1.000000e+02, 3.121903e+02
1.000000e+02, 3.123537e+02
1.000000e+02, 3.125184e+02
1.000000e+02, 3.126842e+02
1.000000e+02, 3.128513e+02
1.000000e+02, 3.130196e+02
1.000000e+02, 3.131891e+02
1.000000e+02, 3.133599e+02
1.000000e+02, 3.135318e+02
1.000000e+02, 3.137050e+02
1.000000e+02, 3.138795e+02
1.000000e+02, 3.140551e+02
1.000000e+02, 3.142320e+02
1.000000e+02, 3.144102e+02
1.000000e+02, 3.145895e+02
1.000000e+02, 3.147701e+02
1.000000e+02, 3.149520e+02
1.000000e+02, 3.151351e+02
1.000000e+02, 3.153195e+02
1.000000e+02, 3.155051e+02
1.000000e+02, 3.156920e+02
1.000000e+02, 3.158801e+02
1.000000e+02, 3.160695e+02
1.000000e+02, 3.162601e+02
1.000000e+02, 3.164521e+02
1.000000e+02, 3.166453e+02
1.000000e+02, 3.168397e+02
1.000000e+02, 3.170355e+02
1.000000e+02, 3.172325e+02
1.000000e+02, 3.174308e+02
1.000000e+02, 3.176304e+02
1.000000e+02, 3.178313e+02
1.000000e+02, 3.180335e+02
1.000000e+02, 3.182370e+02
1.000000e+02, 3.184418e+02
1.000000e+02, 3.186478e+02
1.000000e+02, 3.188552e+02
1.000000e+02, 3.190639e+02
1.000000e+02, 3.192739e+02
1.000000e+02, 3.194852e+02
1.000000e+02, 3.196979e+02
1.000000e+02, 3.199118e+02
1.000000e+02, 3.201271e+02
1.000000e+02, 3.203437e+02
1.000000e+02, 3.205617e+02
1.000000e+02, 3.207810e+02
1.000000e+02, 3.210016e+02
1.000000e+02, 3.212236e+02
1.000000e+02, 3.214469e+02
1.000000e+02, 3.216715e+02
1.000000e+02, 3.218976e+02
1.000000e+02, 3.221249e+02
1.000000e+02, 3.223537e+02
1.000000e+02, 3.225838e+02
1.000000e+02, 3.228152e+02
1.000000e+02, 3.230481e+02
1.000000e+02, 3.232823e+02
1.000000e+02, 3.235179e+02
1.000000e+02, 3.237549e+02
1.000000e+02, 3.239933e+02
1.000000e+02, 3.242331e+02
1.000000e+02, 3.244742e+02
1.000000e+02, 3.247168e+02
1.000000e+02, 3.249608e+02
1.000000e+02, 3.252062e+02
1.000000e+02, 3.254530e+02
1.000000e+02, 3.257012e+02
1.000000e+02, 3.259508e+02
1.000000e+02, 3.262019e+02
1.000000e+02, 3.264544e+02
1.000000e+02, 3.267084e+02
1.000000e+02, 3.269638e+02
1.000000e+02, 3.272206e+02
1.000000e+02, 3.274789e+02
1.000000e+02, 3.277386e+02
1.000000e+02, 3.279998e+02
1.000000e+02, 3.282625e+02
1.000000e+02, 3.285266e+02
1.000000e+02, 3.287922e+02
1.000000e+02, 3.290593e+02
1.000000e+02, 3.293279e+02
1.000000e+02, 3.295979e+02
1.000000e+02, 3.298695e+02
1.000000e+02, 3.301425e+02
1.000000e+02, 3.304171e+02
1.000000e+02, 3.306932e+02
1.000000e+02, 3.309708e+02
1.000000e+02, 3.312499e+02
1.000000e+02, 3.315305e+02
1.000000e+02, 3.318127e+02
1.000000e+02, 3.320964e+02
1.000000e+02, 3.323816e+02
1.000000e+02, 3.326684e+02
1.000000e+02, 3.329568e+02
1.000000e+02, 3.332467e+02
1.000000e+02, 3.335382e+02
1.000000e+02, 3.338312e+02
1.000000e+02, 3.341259e+02
1.000000e+02, 3.344221e+02
1.000000e+02, 3.347199e+02
1.000000e+02, 3.350193e+02
1.000000e+02, 3.353203e+02
1.000000e+02, 3.356229e+02
1.000000e+02, 3.359271e+02
1.000000e+02, 3.362330e+02
1.000000e+02, 3.365404e+02
1.000000e+02, 3.368495e+02
1.000000e+02, 3.371603e+02
1.000000e+02, 3.374727e+02
1.000000e+02, 3.377867e+02
1.000000e+02, 3.381025e+02
1.000000e+02, 3.384198e+02
1.000000e+02, 3.387389e+02
1.000000e+02, 3.390596e+02
1.000000e+02, 3.393821e+02
1.000000e+02, 3.397062e+02
1.000000e+02, 3.400320e+02
1.000000e+02, 3.403596e+02
1.000000e+02, 3.406888e+02
1.000000e+02, 3.410198e+02
1.000000e+02, 3.413525e+02
1.000000e+02, 3.416870e+02
1.000000e+02, 3.420232e+02
1.000000e+02, 3.423612e+02
1.000000e+02, 3.427009e+02
1.000000e+02, 3.430424e+02
1.000000e+02, 3.433857e+02
1.000000e+02, 3.437308e+02
1.000000e+02, 3.440777e+02
1.000000e+02, 3.444264e+02
1.000000e+02, 3.447769e+02
1.000000e+02, 3.451292e+02
1.000000e+02, 3.454833e+02
1.000000e+02, 3.458393e+02
1.000000e+02, 3.461972e+02
1.000000e+02, 3.465569e+02
1.000000e+02, 3.469185e+02
1.000000e+02, 3.472819e+02
1.000000e+02, 3.476472e+02
1.000000e+02, 3.480145e+02
1.000000e+02, 3.483836e+02
1.000000e+02, 3.487547e+02
1.000000e+02, 3.491277e+02
1.000000e+02, 3.495026e+02
1.000000e+02, 3.498794e+02
1.000000e+02, 3.502582e+02
1.000000e+02, 3.506390e+02
1.000000e+02, 3.510218e+02
1.000000e+02, 3.514065e+02
1.000000e+02, 3.517933e+02
1.000000e+02, 3.521820e+02
1.000000e+02, 3.525728e+02
1.000000e+02, 3.529656e+02
1.000000e+02, 3.533605e+02
1.000000e+02, 3.537574e+02
1.000000e+02, 3.541563e+02
1.000000e+02, 3.545574e+02
1.000000e+02, 3.549605e+02
1.000000e+02, 3.553657e+02
1.000000e+02, 3.557730e+02
1.000000e+02, 3.561825e+02
1.000000e+02, 3.565941e+02
1.000000e+02, 3.570079e+02
1.000000e+02, 3.574238e+02
1.000000e+02, 3.578419e+02
1.000000e+02, 3.582621e+02
1.000000e+02, 3.586846e+02
1.000000e+02, 3.591093e+02
1.000000e+02, 3.595362e+02
1.000000e+02, 3.599654e+02
1.000000e+02, 3.968062e-01
1.000000e+02, 8.304968e-01
1.000000e+02, 1.266473e+00
1.000000e+02, 1.704748e+00
1.000000e+02, 2.145338e+00
1.000000e+02, 2.588258e+00
1.000000e+02, 3.033523e+00
1.000000e+02, 3.481147e+00
1.000000e+02, 3.931148e+00
1.000000e+02, 4.383541e+00
1.000000e+02, 4.838341e+00
1.000000e+02, 5.295566e+00
1.000000e+02, 5.755231e+00
1.000000e+02, 6.217354e+00
1.000000e+02, 6.681952e+00
1.000000e+02, 7.149042e+00
1.000000e+02, 7.618641e+00
1.000000e+02, 8.090768e+00
1.000000e+02, 8.565440e+00
1.000000e+02, 9.042677e+00
1.000000e+02, 9.522495e+00
1.000000e+02, 1.000492e+01
1.000000e+02, 1.048996e+01
1.000000e+02, 1.097764e+01
1.000000e+02, 1.146798e+01
1.000000e+02, 1.196100e+01
1.000000e+02, 1.245672e+01
1.000000e+02, 1.295516e+01
1.000000e+02, 1.345635e+01
1.000000e+02, 1.396030e+01
1.000000e+02, 1.446703e+01
1.000000e+02, 1.497658e+01
1.000000e+02, 1.548895e+01
1.000000e+02, 1.600418e+01
1.000000e+02, 1.652228e+01
1.000000e+02, 1.704328e+01
1.000000e+02, 1.756721e+01
1.000000e+02, 1.809408e+01
1.000000e+02, 1.862393e+01
1.000000e+02, 1.915678e+01
1.000000e+02, 1.969265e+01
1.000000e+02, 2.023157e+01
1.000000e+02, 2.077357e+01
1.000000e+02, 2.131867e+01
1.000000e+02, 2.186690e+01
1.000000e+02, 2.241829e+01
1.000000e+02, 2.297287e+01
1.000000e+02, 2.353067e+01
1.000000e+02, 2.409171e+01
1.000000e+02, 2.465603e+01
1.000000e+02, 2.522366e+01
1.000000e+02, 2.579462e+01
1.000000e+02, 2.636896e+01
1.000000e+02, 2.694670e+01
1.000000e+02, 2.752787e+01
1.000000e+02, 2.811251e+01
1.000000e+02, 2.870065e+01
1.000000e+02, 2.929234e+01
1.000000e+02, 2.988759e+01
1.000000e+02, 3.048646e+01
1.000000e+02, 3.108898e+01
1.000000e+02, 3.169517e+01
1.000000e+02, 3.230510e+01
1.000000e+02, 3.291878e+01
1.000000e+02, 3.353627e+01
1.000000e+02, 3.415760e+01
1.000000e+02, 3.478281e+01
1.000000e+02, 3.541196e+01
1.000000e+02, 3.604507e+01
1.000000e+02, 3.668220e+01
1.000000e+02, 3.732339e+01
1.000000e+02, 3.796869e+01
1.000000e+02, 3.861815e+01
1.000000e+02, 3.927181e+01
1.000000e+02, 3.992972e+01
1.000000e+02, 4.059193e+01
1.000000e+02, 4.125850e+01
1.000000e+02, 4.192948e+01
1.000000e+02, 4.260492e+01
1.000000e+02, 4.328488e+01
1.000000e+02, 4.396941e+01
1.000000e+02, 4.465858e+01
1.000000e+02, 4.535244e+01
1.000000e+02, 4.605105e+01
1.000000e+02, 4.675448e+01
1.000000e+02, 4.746279e+01
1.000000e+02, 4.817604e+01
1.000000e+02, 4.889431e+01
1.000000e+02, 4.961766e+01
1.000000e+02, 5.034616e+01
1.000000e+02, 5.107988e+01
1.000000e+02, 5.181890e+01
1.000000e+02, 5.256330e+01
1.000000e+02, 5.331315e+01
1.000000e+02, 5.406854e+01
1.000000e+02, 5.482954e+01
1.000000e+02, 5.559625e+01
1.000000e+02, 5.636874e+01
1.000000e+02, 5.714711e+01
1.000000e+02, 5.793146e+01
1.000000e+02, 5.872187e+01
1.000000e+02, 5.951845e+01
1.000000e+02, 6.032130e+01
1.000000e+02, 6.113051e+01
1.000000e+02, 6.194620e+01
1.000000e+02, 6.276848e+01
1.000000e+02, 6.359746e+01
1.000000e+02, 6.443326e+01
1.000000e+02, 6.527600e+01
1.000000e+02, 6.612580e+01
1.000000e+02, 6.698280e+01
1.000000e+02, 6.784712e+01
1.000000e+02, 6.871891e+01
1.000000e+02, 6.959831e+01
1.000000e+02, 7.048547e+01
1.000000e+02, 7.138053e+01
1.000000e+02, 7.228366e+01
1.000000e+02, 7.319503e+01
1.000000e+02, 7.411479e+01
1.000000e+02, 7.504314e+01
1.000000e+02, 7.598024e+01
1.000000e+02, 7.692630e+01
1.000000e+02, 7.788151e+01
1.000000e+02, 7.884607e+01
1.000000e+02, 7.982020e+01
1.000000e+02, 8.080412e+01
1.000000e+02, 8.179807e+01
1.000000e+02, 8.280229e+01
1.000000e+02, 8.381702e+01
1.000000e+02, 8.484253e+01
1.000000e+02, 8.587910e+01
1.000000e+02, 8.692702e+01
1.000000e+02, 8.798658e+01
1.000000e+02, 8.905810e+01
1.000000e+02, 9.014192e+01
1.000000e+02, 9.123838e+01
1.000000e+02, 9.234784e+01
1.000000e+02, 9.347069e+01
1.000000e+02, 9.460733e+01
1.000000e+02, 9.575819e+01
1.000000e+02, 9.692371e+01
1.000000e+02, 9.810437e+01
1.000000e+02, 9.930067e+01
1.000000e+02, 1.005131e+02
1.000000e+02, 1.017424e+02
1.000000e+02, 1.029889e+02
1.000000e+02, 1.042534e+02
1.000000e+02, 1.055365e+02
1.000000e+02, 1.068390e+02
1.000000e+02, 1.081617e+02
1.000000e+02, 1.095053e+02
1.000000e+02, 1.108707e+02
1.000000e+02, 1.122589e+02
1.000000e+02, 1.136710e+02
1.000000e+02, 1.151079e+02
1.000000e+02, 1.165710e+02
1.000000e+02, 1.180615e+02
1.000000e+02, 1.195808e+02
1.000000e+02, 1.211306e+02
1.000000e+02, 1.227123e+02
1.000000e+02, 1.243280e+02
1.000000e+02, 1.259797e+02
1.000000e+02, 1.276695e+02
1.000000e+02, 1.294002e+02
1.000000e+02, 1.311744e+02
1.000000e+02, 1.329953e+02
1.000000e+02, 1.348665e+02
1.000000e+02, 1.367921e+02
1.000000e+02, 1.387767e+02
1.000000e+02, 1.408257e+02
1.000000e+02, 1.429453e+02
1.000000e+02, 1.451428e+02
1.000000e+02, 1.474271e+02
1.000000e+02, 1.498087e+02
1.000000e+02, 1.523003e+02
1.000000e+02, 1.549181e+02
1.000000e+02, 1.576824e+02
1.000000e+02, 1.606200e+02
1.000000e+02, 1.637669e+02
1.000000e+02, 1.671739e+02
1.000000e+02, 1.709166e+02
1.000000e+02, 1.751173e+02
1.000000e+02, 1.800000e+02
##END= 