##TITLE= /opt/topspin3.0/exp/stan/nmr/lists/wave/user/HypSec_trunc2.84_110
##JCAMP-DX= 5.00 Bruker JCAMP library
##DATA TYPE= Shape Data
##ORIGIN= Bruker BioSpin GmbH
##OWNER= <nmrsu>
##DATE= 15/02/24
##TIME= 16:15:04
##MINX= 1.164538e+01
##MAXX= 9.999960e+01
##MINY= 2.546774e-02
##MAXY= 3.585574e+02
##$SHAPE_EXMODE= Adiabatic
##$SHAPE_TOTROT= 1.800000e+02
##$SHAPE_BWFAC= 1.929340e+02
##$SHAPE_INTEGFAC= 2.356110e-02
##$SHAPE_MODE= 0
##NPOINTS= 100
##XYPOINTS= (XY..XY)
1.000000e+02, 1.800000e+02
1.000000e+02, 1.763391e+02
1.000000e+02, 1.744058e+02
1.000000e+02, 1.729182e+02
1.000000e+02, 1.716728e+02
1.000000e+02, 1.705876e+02
1.000000e+02, 1.696194e+02
1.000000e+02, 1.687422e+02
1.000000e+02, 1.679387e+02
1.000000e+02, 1.671968e+02
1.000000e+02, 1.665074e+02
1.000000e+02, 1.658639e+02
1.000000e+02, 1.652608e+02
1.000000e+02, 1.646939e+02
1.000000e+02, 1.641597e+02
1.000000e+02, 1.636554e+02
1.000000e+02, 1.631785e+02
1.000000e+02, 1.627270e+02
1.000000e+02, 1.622991e+02
1.000000e+02, 1.618933e+02
1.000000e+02, 1.615083e+02
1.000000e+02, 1.611429e+02
1.000000e+02, 1.607961e+02
1.000000e+02, 1.604670e+02
1.000000e+02, 1.601549e+02
1.000000e+02, 1.598589e+02
1.000000e+02, 1.595784e+02
1.000000e+02, 1.593129e+02
1.000000e+02, 1.590618e+02
1.000000e+02, 1.588247e+02
1.000000e+02, 1.586011e+02
1.000000e+02, 1.583907e+02
1.000000e+02, 1.581930e+02
1.000000e+02, 1.580079e+02
1.000000e+02, 1.578349e+02
1.000000e+02, 1.576739e+02
1.000000e+02, 1.575246e+02
1.000000e+02, 1.573867e+02
1.000000e+02, 1.572602e+02
1.000000e+02, 1.571447e+02
1.000000e+02, 1.570402e+02
1.000000e+02, 1.569466e+02
1.000000e+02, 1.568636e+02
1.000000e+02, 1.567912e+02
1.000000e+02, 1.567294e+02
1.000000e+02, 1.566779e+02
1.000000e+02, 1.566369e+02
1.000000e+02, 1.566061e+02
1.000000e+02, 1.565856e+02
1.000000e+02, 1.565754e+02
1.000000e+02, 1.565754e+02
1.000000e+02, 1.565856e+02
1.000000e+02, 1.566061e+02
1.000000e+02, 1.566369e+02
1.000000e+02, 1.566779e+02
1.000000e+02, 1.567294e+02
1.000000e+02, 1.567912e+02
1.000000e+02, 1.568636e+02
1.000000e+02, 1.569466e+02
1.000000e+02, 1.570402e+02
1.000000e+02, 1.571447e+02
1.000000e+02, 1.572602e+02
1.000000e+02, 1.573867e+02
1.000000e+02, 1.575246e+02
1.000000e+02, 1.576739e+02
1.000000e+02, 1.578349e+02
1.000000e+02, 1.580079e+02
1.000000e+02, 1.581930e+02
1.000000e+02, 1.583907e+02
1.000000e+02, 1.586011e+02
1.000000e+02, 1.588247e+02
1.000000e+02, 1.590618e+02
1.000000e+02, 1.593129e+02
1.000000e+02, 1.595784e+02
1.000000e+02, 1.598589e+02
1.000000e+02, 1.601549e+02
1.000000e+02, 1.604670e+02
1.000000e+02, 1.607961e+02
1.000000e+02, 1.611429e+02
1.000000e+02, 1.615083e+02
1.000000e+02, 1.618933e+02
1.000000e+02, 1.622991e+02
1.000000e+02, 1.627270e+02
1.000000e+02, 1.631785e+02
1.000000e+02, 1.636554e+02
1.000000e+02, 1.641597e+02
1.000000e+02, 1.646939e+02
1.000000e+02, 1.652608e+02
1.000000e+02, 1.658639e+02
1.000000e+02, 1.665074e+02
1.000000e+02, 1.671968e+02
1.000000e+02, 1.679387e+02
1.000000e+02, 1.687422e+02
1.000000e+02, 1.696194e+02
1.000000e+02, 1.705876e+02
1.000000e+02, 1.716728e+02
1.000000e+02, 1.729182e+02
1.000000e+02, 1.744058e+02
1.000000e+02, 1.763391e+02
1.000000e+02, 1.800000e+02
##END= 