##TITLE= /opt/topspin3.0/exp/stan/nmr/lists/wave/user/HypSec_trunc2.84_110
##JCAMP-DX= 5.00 Bruker JCAMP library
##DATA TYPE= Shape Data
##ORIGIN= Bruker BioSpin GmbH
##OWNER= <nmrsu>
##DATE= 15/02/24
##TIME= 16:15:04
##MINX= 1.164538e+01
##MAXX= 9.999960e+01
##MINY= 2.546774e-02
##MAXY= 3.585574e+02
##$SHAPE_EXMODE= Adiabatic
##$SHAPE_TOTROT= 1.800000e+02
##$SHAPE_BWFAC= 1.929340e+02
##$SHAPE_INTEGFAC= 2.356110e-02
##$SHAPE_MODE= 0
##NPOINTS= 500
##XYPOINTS= (XY..XY)
1.000000e+02, 1.800000e+02
1.000000e+02, 1.773603e+02
1.000000e+02, 1.753029e+02
1.000000e+02, 1.735574e+02
1.000000e+02, 1.720154e+02
1.000000e+02, 1.706202e+02
1.000000e+02, 1.693376e+02
1.000000e+02, 1.681449e+02
1.000000e+02, 1.670264e+02
1.000000e+02, 1.659704e+02
1.000000e+02, 1.649680e+02
1.000000e+02, 1.640125e+02
1.000000e+02, 1.630982e+02
1.000000e+02, 1.622206e+02
1.000000e+02, 1.613761e+02
1.000000e+02, 1.605616e+02
1.000000e+02, 1.597743e+02
1.000000e+02, 1.590120e+02
1.000000e+02, 1.582728e+02
1.000000e+02, 1.575549e+02
1.000000e+02, 1.568569e+02
1.000000e+02, 1.561774e+02
1.000000e+02, 1.555152e+02
1.000000e+02, 1.548693e+02
1.000000e+02, 1.542387e+02
1.000000e+02, 1.536225e+02
1.000000e+02, 1.530201e+02
1.000000e+02, 1.524306e+02
1.000000e+02, 1.518535e+02
1.000000e+02, 1.512881e+02
1.000000e+02, 1.507339e+02
1.000000e+02, 1.501905e+02
1.000000e+02, 1.496572e+02
1.000000e+02, 1.491338e+02
1.000000e+02, 1.486198e+02
1.000000e+02, 1.481149e+02
1.000000e+02, 1.476186e+02
1.000000e+02, 1.471308e+02
1.000000e+02, 1.466510e+02
1.000000e+02, 1.461790e+02
1.000000e+02, 1.457146e+02
1.000000e+02, 1.452574e+02
1.000000e+02, 1.448073e+02
1.000000e+02, 1.443640e+02
1.000000e+02, 1.439274e+02
1.000000e+02, 1.434971e+02
1.000000e+02, 1.430731e+02
1.000000e+02, 1.426552e+02
1.000000e+02, 1.422432e+02
1.000000e+02, 1.418369e+02
1.000000e+02, 1.414362e+02
1.000000e+02, 1.410409e+02
1.000000e+02, 1.406509e+02
1.000000e+02, 1.402661e+02
1.000000e+02, 1.398863e+02
1.000000e+02, 1.395115e+02
1.000000e+02, 1.391414e+02
1.000000e+02, 1.387761e+02
1.000000e+02, 1.384153e+02
1.000000e+02, 1.380591e+02
1.000000e+02, 1.377072e+02
1.000000e+02, 1.373596e+02
1.000000e+02, 1.370163e+02
1.000000e+02, 1.366771e+02
1.000000e+02, 1.363419e+02
1.000000e+02, 1.360107e+02
1.000000e+02, 1.356834e+02
1.000000e+02, 1.353599e+02
1.000000e+02, 1.350402e+02
1.000000e+02, 1.347241e+02
1.000000e+02, 1.344117e+02
1.000000e+02, 1.341028e+02
1.000000e+02, 1.337973e+02
1.000000e+02, 1.334954e+02
1.000000e+02, 1.331968e+02
1.000000e+02, 1.329015e+02
1.000000e+02, 1.326094e+02
1.000000e+02, 1.323206e+02
1.000000e+02, 1.320350e+02
1.000000e+02, 1.317524e+02
1.000000e+02, 1.314730e+02
1.000000e+02, 1.311965e+02
1.000000e+02, 1.309230e+02
1.000000e+02, 1.306525e+02
1.000000e+02, 1.303848e+02
1.000000e+02, 1.301200e+02
1.000000e+02, 1.298580e+02
1.000000e+02, 1.295988e+02
1.000000e+02, 1.293423e+02
1.000000e+02, 1.290885e+02
1.000000e+02, 1.288374e+02
1.000000e+02, 1.285889e+02
1.000000e+02, 1.283430e+02
1.000000e+02, 1.280997e+02
1.000000e+02, 1.278589e+02
1.000000e+02, 1.276206e+02
1.000000e+02, 1.273848e+02
1.000000e+02, 1.271514e+02
1.000000e+02, 1.269205e+02
1.000000e+02, 1.266919e+02
1.000000e+02, 1.264657e+02
1.000000e+02, 1.262418e+02
1.000000e+02, 1.260203e+02
1.000000e+02, 1.258010e+02
1.000000e+02, 1.255840e+02
1.000000e+02, 1.253692e+02
1.000000e+02, 1.251566e+02
1.000000e+02, 1.249463e+02
1.000000e+02, 1.247380e+02
1.000000e+02, 1.245320e+02
1.000000e+02, 1.243281e+02
1.000000e+02, 1.241262e+02
1.000000e+02, 1.239265e+02
1.000000e+02, 1.237288e+02
1.000000e+02, 1.235332e+02
1.000000e+02, 1.233396e+02
1.000000e+02, 1.231480e+02
1.000000e+02, 1.229585e+02
1.000000e+02, 1.227708e+02
1.000000e+02, 1.225852e+02
1.000000e+02, 1.224015e+02
1.000000e+02, 1.222197e+02
1.000000e+02, 1.220398e+02
1.000000e+02, 1.218618e+02
1.000000e+02, 1.216857e+02
1.000000e+02, 1.215114e+02
1.000000e+02, 1.213390e+02
1.000000e+02, 1.211685e+02
1.000000e+02, 1.209997e+02
1.000000e+02, 1.208328e+02
1.000000e+02, 1.206676e+02
1.000000e+02, 1.205042e+02
1.000000e+02, 1.203426e+02
1.000000e+02, 1.201828e+02
1.000000e+02, 1.200246e+02
1.000000e+02, 1.198683e+02
1.000000e+02, 1.197136e+02
1.000000e+02, 1.195606e+02
1.000000e+02, 1.194093e+02
1.000000e+02, 1.192598e+02
1.000000e+02, 1.191118e+02
1.000000e+02, 1.189656e+02
1.000000e+02, 1.188210e+02
1.000000e+02, 1.186780e+02
1.000000e+02, 1.185366e+02
1.000000e+02, 1.183969e+02
1.000000e+02, 1.182588e+02
1.000000e+02, 1.181223e+02
1.000000e+02, 1.179873e+02
1.000000e+02, 1.178540e+02
1.000000e+02, 1.177222e+02
1.000000e+02, 1.175920e+02
1.000000e+02, 1.174633e+02
1.000000e+02, 1.173362e+02
1.000000e+02, 1.172107e+02
1.000000e+02, 1.170866e+02
1.000000e+02, 1.169641e+02
1.000000e+02, 1.168431e+02
1.000000e+02, 1.167235e+02
1.000000e+02, 1.166055e+02
1.000000e+02, 1.164890e+02
1.000000e+02, 1.163740e+02
1.000000e+02, 1.162604e+02
1.000000e+02, 1.161483e+02
1.000000e+02, 1.160377e+02
1.000000e+02, 1.159285e+02
1.000000e+02, 1.158208e+02
1.000000e+02, 1.157145e+02
1.000000e+02, 1.156096e+02
1.000000e+02, 1.155062e+02
1.000000e+02, 1.154042e+02
1.000000e+02, 1.153036e+02
1.000000e+02, 1.152044e+02
1.000000e+02, 1.151066e+02
1.000000e+02, 1.150103e+02
1.000000e+02, 1.149153e+02
1.000000e+02, 1.148217e+02
1.000000e+02, 1.147295e+02
1.000000e+02, 1.146386e+02
1.000000e+02, 1.145492e+02
1.000000e+02, 1.144611e+02
1.000000e+02, 1.143744e+02
1.000000e+02, 1.142890e+02
1.000000e+02, 1.142050e+02
1.000000e+02, 1.141223e+02
1.000000e+02, 1.140410e+02
1.000000e+02, 1.139610e+02
1.000000e+02, 1.138823e+02
1.000000e+02, 1.138050e+02
1.000000e+02, 1.137290e+02
1.000000e+02, 1.136543e+02
1.000000e+02, 1.135810e+02
1.000000e+02, 1.135089e+02
1.000000e+02, 1.134382e+02
1.000000e+02, 1.133688e+02
1.000000e+02, 1.133006e+02
1.000000e+02, 1.132338e+02
1.000000e+02, 1.131683e+02
1.000000e+02, 1.131041e+02
1.000000e+02, 1.130411e+02
1.000000e+02, 1.129794e+02
1.000000e+02, 1.129191e+02
1.000000e+02, 1.128600e+02
1.000000e+02, 1.128022e+02
1.000000e+02, 1.127456e+02
1.000000e+02, 1.126903e+02
1.000000e+02, 1.126363e+02
1.000000e+02, 1.125836e+02
1.000000e+02, 1.125321e+02
1.000000e+02, 1.124819e+02
1.000000e+02, 1.124329e+02
1.000000e+02, 1.123852e+02
1.000000e+02, 1.123387e+02
1.000000e+02, 1.122935e+02
1.000000e+02, 1.122496e+02
1.000000e+02, 1.122069e+02
1.000000e+02, 1.121654e+02
1.000000e+02, 1.121252e+02
1.000000e+02, 1.120862e+02
1.000000e+02, 1.120484e+02
1.000000e+02, 1.120119e+02
1.000000e+02, 1.119766e+02
1.000000e+02, 1.119426e+02
1.000000e+02, 1.119098e+02
1.000000e+02, 1.118782e+02
1.000000e+02, 1.118478e+02
1.000000e+02, 1.118187e+02
1.000000e+02, 1.117908e+02
1.000000e+02, 1.117641e+02
1.000000e+02, 1.117386e+02
1.000000e+02, 1.117144e+02
1.000000e+02, 1.116913e+02
1.000000e+02, 1.116695e+02
1.000000e+02, 1.116489e+02
1.000000e+02, 1.116296e+02
1.000000e+02, 1.116114e+02
1.000000e+02, 1.115945e+02
1.000000e+02, 1.115787e+02
1.000000e+02, 1.115642e+02
1.000000e+02, 1.115509e+02
1.000000e+02, 1.115388e+02
1.000000e+02, 1.115279e+02
1.000000e+02, 1.115183e+02
1.000000e+02, 1.115098e+02
1.000000e+02, 1.115025e+02
1.000000e+02, 1.114965e+02
1.000000e+02, 1.114917e+02
1.000000e+02, 1.114880e+02
1.000000e+02, 1.114856e+02
1.000000e+02, 1.114844e+02
1.000000e+02, 1.114844e+02
1.000000e+02, 1.114856e+02
1.000000e+02, 1.114880e+02
1.000000e+02, 1.114917e+02
1.000000e+02, 1.114965e+02
1.000000e+02, 1.115025e+02
1.000000e+02, 1.115098e+02
1.000000e+02, 1.115183e+02
1.000000e+02, 1.115279e+02
1.000000e+02, 1.115388e+02
1.000000e+02, 1.115509e+02
1.000000e+02, 1.115642e+02
1.000000e+02, 1.115787e+02
1.000000e+02, 1.115945e+02
1.000000e+02, 1.116114e+02
1.000000e+02, 1.116296e+02
1.000000e+02, 1.116489e+02
1.000000e+02, 1.116695e+02
1.000000e+02, 1.116913e+02
1.000000e+02, 1.117144e+02
1.000000e+02, 1.117386e+02
1.000000e+02, 1.117641e+02
1.000000e+02, 1.117908e+02
1.000000e+02, 1.118187e+02
1.000000e+02, 1.118478e+02
1.000000e+02, 1.118782e+02
1.000000e+02, 1.119098e+02
1.000000e+02, 1.119426e+02
1.000000e+02, 1.119766e+02
1.000000e+02, 1.120119e+02
1.000000e+02, 1.120484e+02
1.000000e+02, 1.120862e+02
1.000000e+02, 1.121252e+02
1.000000e+02, 1.121654e+02
1.000000e+02, 1.122069e+02
1.000000e+02, 1.122496e+02
1.000000e+02, 1.122935e+02
1.000000e+02, 1.123387e+02
1.000000e+02, 1.123852e+02
1.000000e+02, 1.124329e+02
1.000000e+02, 1.124819e+02
1.000000e+02, 1.125321e+02
1.000000e+02, 1.125836e+02
1.000000e+02, 1.126363e+02
1.000000e+02, 1.126903e+02
1.000000e+02, 1.127456e+02
1.000000e+02, 1.128022e+02
1.000000e+02, 1.128600e+02
1.000000e+02, 1.129191e+02
1.000000e+02, 1.129794e+02
1.000000e+02, 1.130411e+02
1.000000e+02, 1.131041e+02
1.000000e+02, 1.131683e+02
1.000000e+02, 1.132338e+02
1.000000e+02, 1.133006e+02
1.000000e+02, 1.133688e+02
1.000000e+02, 1.134382e+02
1.000000e+02, 1.135089e+02
1.000000e+02, 1.135810e+02
1.000000e+02, 1.136543e+02
1.000000e+02, 1.137290e+02
1.000000e+02, 1.138050e+02
1.000000e+02, 1.138823e+02
1.000000e+02, 1.139610e+02
1.000000e+02, 1.140410e+02
1.000000e+02, 1.141223e+02
1.000000e+02, 1.142050e+02
1.000000e+02, 1.142890e+02
1.000000e+02, 1.143744e+02
1.000000e+02, 1.144611e+02
1.000000e+02, 1.145492e+02
1.000000e+02, 1.146386e+02
1.000000e+02, 1.147295e+02
1.000000e+02, 1.148217e+02
1.000000e+02, 1.149153e+02
1.000000e+02, 1.150103e+02
1.000000e+02, 1.151066e+02
1.000000e+02, 1.152044e+02
1.000000e+02, 1.153036e+02
1.000000e+02, 1.154042e+02
1.000000e+02, 1.155062e+02
1.000000e+02, 1.156096e+02
1.000000e+02, 1.157145e+02
1.000000e+02, 1.158208e+02
1.000000e+02, 1.159285e+02
1.000000e+02, 1.160377e+02
1.000000e+02, 1.161483e+02
1.000000e+02, 1.162604e+02
1.000000e+02, 1.163740e+02
1.000000e+02, 1.164890e+02
1.000000e+02, 1.166055e+02
1.000000e+02, 1.167235e+02
1.000000e+02, 1.168431e+02
1.000000e+02, 1.169641e+02
1.000000e+02, 1.170866e+02
1.000000e+02, 1.172107e+02
1.000000e+02, 1.173362e+02
1.000000e+02, 1.174633e+02
1.000000e+02, 1.175920e+02
1.000000e+02, 1.177222e+02
1.000000e+02, 1.178540e+02
1.000000e+02, 1.179873e+02
1.000000e+02, 1.181223e+02
1.000000e+02, 1.182588e+02
1.000000e+02, 1.183969e+02
1.000000e+02, 1.185366e+02
1.000000e+02, 1.186780e+02
1.000000e+02, 1.188210e+02
1.000000e+02, 1.189656e+02
1.000000e+02, 1.191118e+02
1.000000e+02, 1.192598e+02
1.000000e+02, 1.194093e+02
1.000000e+02, 1.195606e+02
1.000000e+02, 1.197136e+02
1.000000e+02, 1.198683e+02
1.000000e+02, 1.200246e+02
1.000000e+02, 1.201828e+02
1.000000e+02, 1.203426e+02
1.000000e+02, 1.205042e+02
1.000000e+02, 1.206676e+02
1.000000e+02, 1.208328e+02
1.000000e+02, 1.209997e+02
1.000000e+02, 1.211685e+02
1.000000e+02, 1.213390e+02
1.000000e+02, 1.215114e+02
1.000000e+02, 1.216857e+02
1.000000e+02, 1.218618e+02
1.000000e+02, 1.220398e+02
1.000000e+02, 1.222197e+02
1.000000e+02, 1.224015e+02
1.000000e+02, 1.225852e+02
1.000000e+02, 1.227708e+02
1.000000e+02, 1.229585e+02
1.000000e+02, 1.231480e+02
1.000000e+02, 1.233396e+02
1.000000e+02, 1.235332e+02
1.000000e+02, 1.237288e+02
1.000000e+02, 1.239265e+02
1.000000e+02, 1.241262e+02
1.000000e+02, 1.243281e+02
1.000000e+02, 1.245320e+02
1.000000e+02, 1.247381e+02
1.000000e+02, 1.249463e+02
1.000000e+02, 1.251566e+02
1.000000e+02, 1.253692e+02
1.000000e+02, 1.255840e+02
1.000000e+02, 1.258010e+02
1.000000e+02, 1.260203e+02
1.000000e+02, 1.262418e+02
1.000000e+02, 1.264657e+02
1.000000e+02, 1.266919e+02
1.000000e+02, 1.269205e+02
1.000000e+02, 1.271514e+02
1.000000e+02, 1.273848e+02
1.000000e+02, 1.276206e+02
1.000000e+02, 1.278589e+02
1.000000e+02, 1.280997e+02
1.000000e+02, 1.283430e+02
1.000000e+02, 1.285889e+02
1.000000e+02, 1.288374e+02
1.000000e+02, 1.290885e+02
1.000000e+02, 1.293423e+02
1.000000e+02, 1.295988e+02
1.000000e+02, 1.298580e+02
1.000000e+02, 1.301200e+02
1.000000e+02, 1.303848e+02
1.000000e+02, 1.306525e+02
1.000000e+02, 1.309230e+02
1.000000e+02, 1.311965e+02
1.000000e+02, 1.314730e+02
1.000000e+02, 1.317524e+02
1.000000e+02, 1.320350e+02
1.000000e+02, 1.323206e+02
1.000000e+02, 1.326094e+02
1.000000e+02, 1.329015e+02
1.000000e+02, 1.331968e+02
1.000000e+02, 1.334954e+02
1.000000e+02, 1.337973e+02
1.000000e+02, 1.341028e+02
1.000000e+02, 1.344117e+02
1.000000e+02, 1.347241e+02
1.000000e+02, 1.350402e+02
1.000000e+02, 1.353599e+02
1.000000e+02, 1.356834e+02
1.000000e+02, 1.360107e+02
1.000000e+02, 1.363419e+02
1.000000e+02, 1.366771e+02
1.000000e+02, 1.370163e+02
1.000000e+02, 1.373596e+02
1.000000e+02, 1.377072e+02
1.000000e+02, 1.380591e+02
1.000000e+02, 1.384153e+02
1.000000e+02, 1.387761e+02
1.000000e+02, 1.391414e+02
1.000000e+02, 1.395115e+02
1.000000e+02, 1.398863e+02
1.000000e+02, 1.402661e+02
1.000000e+02, 1.406509e+02
1.000000e+02, 1.410409e+02
1.000000e+02, 1.414362e+02
1.000000e+02, 1.418369e+02
1.000000e+02, 1.422432e+02
1.000000e+02, 1.426552e+02
1.000000e+02, 1.430731e+02
1.000000e+02, 1.434971e+02
1.000000e+02, 1.439274e+02
1.000000e+02, 1.443640e+02
1.000000e+02, 1.448073e+02
1.000000e+02, 1.452574e+02
1.000000e+02, 1.457146e+02
1.000000e+02, 1.461790e+02
1.000000e+02, 1.466510e+02
1.000000e+02, 1.471308e+02
1.000000e+02, 1.476186e+02
1.000000e+02, 1.481149e+02
1.000000e+02, 1.486198e+02
1.000000e+02, 1.491338e+02
1.000000e+02, 1.496572e+02
1.000000e+02, 1.501905e+02
1.000000e+02, 1.507340e+02
1.000000e+02, 1.512881e+02
1.000000e+02, 1.518535e+02
1.000000e+02, 1.524306e+02
1.000000e+02, 1.530201e+02
1.000000e+02, 1.536225e+02
1.000000e+02, 1.542387e+02
1.000000e+02, 1.548693e+02
1.000000e+02, 1.555152e+02
1.000000e+02, 1.561774e+02
1.000000e+02, 1.568569e+02
1.000000e+02, 1.575549e+02
1.000000e+02, 1.582728e+02
1.000000e+02, 1.590120e+02
1.000000e+02, 1.597743e+02
1.000000e+02, 1.605616e+02
1.000000e+02, 1.613761e+02
1.000000e+02, 1.622206e+02
1.000000e+02, 1.630982e+02
1.000000e+02, 1.640125e+02
1.000000e+02, 1.649680e+02
1.000000e+02, 1.659704e+02
1.000000e+02, 1.670264e+02
1.000000e+02, 1.681449e+02
1.000000e+02, 1.693376e+02
1.000000e+02, 1.706202e+02
1.000000e+02, 1.720154e+02
1.000000e+02, 1.735574e+02
1.000000e+02, 1.753029e+02
1.000000e+02, 1.773603e+02
1.000000e+02, 1.800000e+02
##END= 