##TITLE= /opt/topspin3.0/exp/stan/nmr/lists/wave/user/HypSec_trunc2.84_110
##JCAMP-DX= 5.00 Bruker JCAMP library
##DATA TYPE= Shape Data
##ORIGIN= Bruker BioSpin GmbH
##OWNER= <nmrsu>
##DATE= 15/02/24
##TIME= 16:15:04
##MINX= 1.164538e+01
##MAXX= 9.999960e+01
##MINY= 2.546774e-02
##MAXY= 3.585574e+02
##$SHAPE_EXMODE= Adiabatic
##$SHAPE_TOTROT= 1.800000e+02
##$SHAPE_BWFAC= 1.929340e+02
##$SHAPE_INTEGFAC= 2.356110e-02
##$SHAPE_MODE= 0
##NPOINTS= 1000
##XYPOINTS= (XY..XY)
1.000000e+02, 1.800000e+02
1.000000e+02, 1.773760e+02
1.000000e+02, 1.751184e+02
1.000000e+02, 1.731070e+02
1.000000e+02, 1.712761e+02
1.000000e+02, 1.695849e+02
1.000000e+02, 1.680062e+02
1.000000e+02, 1.665206e+02
1.000000e+02, 1.651138e+02
1.000000e+02, 1.637747e+02
1.000000e+02, 1.624949e+02
1.000000e+02, 1.612672e+02
1.000000e+02, 1.600862e+02
1.000000e+02, 1.589471e+02
1.000000e+02, 1.578460e+02
1.000000e+02, 1.567794e+02
1.000000e+02, 1.557446e+02
1.000000e+02, 1.547390e+02
1.000000e+02, 1.537604e+02
1.000000e+02, 1.528069e+02
1.000000e+02, 1.518768e+02
1.000000e+02, 1.509687e+02
1.000000e+02, 1.500810e+02
1.000000e+02, 1.492127e+02
1.000000e+02, 1.483627e+02
1.000000e+02, 1.475298e+02
1.000000e+02, 1.467133e+02
1.000000e+02, 1.459123e+02
1.000000e+02, 1.451260e+02
1.000000e+02, 1.443538e+02
1.000000e+02, 1.435949e+02
1.000000e+02, 1.428489e+02
1.000000e+02, 1.421151e+02
1.000000e+02, 1.413930e+02
1.000000e+02, 1.406822e+02
1.000000e+02, 1.399822e+02
1.000000e+02, 1.392926e+02
1.000000e+02, 1.386131e+02
1.000000e+02, 1.379432e+02
1.000000e+02, 1.372826e+02
1.000000e+02, 1.366310e+02
1.000000e+02, 1.359881e+02
1.000000e+02, 1.353536e+02
1.000000e+02, 1.347272e+02
1.000000e+02, 1.341087e+02
1.000000e+02, 1.334979e+02
1.000000e+02, 1.328944e+02
1.000000e+02, 1.322982e+02
1.000000e+02, 1.317089e+02
1.000000e+02, 1.311265e+02
1.000000e+02, 1.305506e+02
1.000000e+02, 1.299812e+02
1.000000e+02, 1.294180e+02
1.000000e+02, 1.288610e+02
1.000000e+02, 1.283098e+02
1.000000e+02, 1.277645e+02
1.000000e+02, 1.272248e+02
1.000000e+02, 1.266907e+02
1.000000e+02, 1.261619e+02
1.000000e+02, 1.256384e+02
1.000000e+02, 1.251200e+02
1.000000e+02, 1.246066e+02
1.000000e+02, 1.240982e+02
1.000000e+02, 1.235946e+02
1.000000e+02, 1.230957e+02
1.000000e+02, 1.226014e+02
1.000000e+02, 1.221116e+02
1.000000e+02, 1.216263e+02
1.000000e+02, 1.211453e+02
1.000000e+02, 1.206685e+02
1.000000e+02, 1.201959e+02
1.000000e+02, 1.197274e+02
1.000000e+02, 1.192629e+02
1.000000e+02, 1.188023e+02
1.000000e+02, 1.183456e+02
1.000000e+02, 1.178927e+02
1.000000e+02, 1.174435e+02
1.000000e+02, 1.169980e+02
1.000000e+02, 1.165561e+02
1.000000e+02, 1.161178e+02
1.000000e+02, 1.156829e+02
1.000000e+02, 1.152514e+02
1.000000e+02, 1.148233e+02
1.000000e+02, 1.143985e+02
1.000000e+02, 1.139770e+02
1.000000e+02, 1.135587e+02
1.000000e+02, 1.131436e+02
1.000000e+02, 1.127315e+02
1.000000e+02, 1.123225e+02
1.000000e+02, 1.119166e+02
1.000000e+02, 1.115136e+02
1.000000e+02, 1.111136e+02
1.000000e+02, 1.107164e+02
1.000000e+02, 1.103221e+02
1.000000e+02, 1.099306e+02
1.000000e+02, 1.095418e+02
1.000000e+02, 1.091558e+02
1.000000e+02, 1.087725e+02
1.000000e+02, 1.083919e+02
1.000000e+02, 1.080138e+02
1.000000e+02, 1.076384e+02
1.000000e+02, 1.072655e+02
1.000000e+02, 1.068951e+02
1.000000e+02, 1.065272e+02
1.000000e+02, 1.061618e+02
1.000000e+02, 1.057988e+02
1.000000e+02, 1.054382e+02
1.000000e+02, 1.050800e+02
1.000000e+02, 1.047241e+02
1.000000e+02, 1.043706e+02
1.000000e+02, 1.040193e+02
1.000000e+02, 1.036702e+02
1.000000e+02, 1.033235e+02
1.000000e+02, 1.029789e+02
1.000000e+02, 1.026365e+02
1.000000e+02, 1.022962e+02
1.000000e+02, 1.019581e+02
1.000000e+02, 1.016221e+02
1.000000e+02, 1.012882e+02
1.000000e+02, 1.009563e+02
1.000000e+02, 1.006265e+02
1.000000e+02, 1.002988e+02
1.000000e+02, 9.997299e+01
1.000000e+02, 9.964919e+01
1.000000e+02, 9.932735e+01
1.000000e+02, 9.900745e+01
1.000000e+02, 9.868947e+01
1.000000e+02, 9.837339e+01
1.000000e+02, 9.805919e+01
1.000000e+02, 9.774686e+01
1.000000e+02, 9.743638e+01
1.000000e+02, 9.712772e+01
1.000000e+02, 9.682088e+01
1.000000e+02, 9.651583e+01
1.000000e+02, 9.621255e+01
1.000000e+02, 9.591104e+01
1.000000e+02, 9.561127e+01
1.000000e+02, 9.531323e+01
1.000000e+02, 9.501690e+01
1.000000e+02, 9.472228e+01
1.000000e+02, 9.442933e+01
1.000000e+02, 9.413805e+01
1.000000e+02, 9.384843e+01
1.000000e+02, 9.356044e+01
1.000000e+02, 9.327408e+01
1.000000e+02, 9.298934e+01
1.000000e+02, 9.270619e+01
1.000000e+02, 9.242462e+01
1.000000e+02, 9.214462e+01
1.000000e+02, 9.186619e+01
1.000000e+02, 9.158930e+01
1.000000e+02, 9.131394e+01
1.000000e+02, 9.104011e+01
1.000000e+02, 9.076778e+01
1.000000e+02, 9.049695e+01
1.000000e+02, 9.022760e+01
1.000000e+02, 8.995973e+01
1.000000e+02, 8.969333e+01
1.000000e+02, 8.942837e+01
1.000000e+02, 8.916485e+01
1.000000e+02, 8.890276e+01
1.000000e+02, 8.864210e+01
1.000000e+02, 8.838284e+01
1.000000e+02, 8.812497e+01
1.000000e+02, 8.786850e+01
1.000000e+02, 8.761340e+01
1.000000e+02, 8.735968e+01
1.000000e+02, 8.710731e+01
1.000000e+02, 8.685629e+01
1.000000e+02, 8.660660e+01
1.000000e+02, 8.635825e+01
1.000000e+02, 8.611122e+01
1.000000e+02, 8.586550e+01
1.000000e+02, 8.562109e+01
1.000000e+02, 8.537796e+01
1.000000e+02, 8.513613e+01
1.000000e+02, 8.489557e+01
1.000000e+02, 8.465627e+01
1.000000e+02, 8.441824e+01
1.000000e+02, 8.418146e+01
1.000000e+02, 8.394593e+01
1.000000e+02, 8.371163e+01
1.000000e+02, 8.347855e+01
1.000000e+02, 8.324670e+01
1.000000e+02, 8.301606e+01
1.000000e+02, 8.278663e+01
1.000000e+02, 8.255840e+01
1.000000e+02, 8.233135e+01
1.000000e+02, 8.210549e+01
1.000000e+02, 8.188080e+01
1.000000e+02, 8.165728e+01
1.000000e+02, 8.143493e+01
1.000000e+02, 8.121373e+01
1.000000e+02, 8.099368e+01
1.000000e+02, 8.077477e+01
1.000000e+02, 8.055699e+01
1.000000e+02, 8.034035e+01
1.000000e+02, 8.012482e+01
1.000000e+02, 7.991041e+01
1.000000e+02, 7.969712e+01
1.000000e+02, 7.948492e+01
1.000000e+02, 7.927382e+01
1.000000e+02, 7.906381e+01
1.000000e+02, 7.885489e+01
1.000000e+02, 7.864705e+01
1.000000e+02, 7.844028e+01
1.000000e+02, 7.823458e+01
1.000000e+02, 7.802994e+01
1.000000e+02, 7.782636e+01
1.000000e+02, 7.762383e+01
1.000000e+02, 7.742234e+01
1.000000e+02, 7.722190e+01
1.000000e+02, 7.702249e+01
1.000000e+02, 7.682411e+01
1.000000e+02, 7.662675e+01
1.000000e+02, 7.643041e+01
1.000000e+02, 7.623509e+01
1.000000e+02, 7.604077e+01
1.000000e+02, 7.584746e+01
1.000000e+02, 7.565515e+01
1.000000e+02, 7.546383e+01
1.000000e+02, 7.527350e+01
1.000000e+02, 7.508416e+01
1.000000e+02, 7.489580e+01
1.000000e+02, 7.470841e+01
1.000000e+02, 7.452199e+01
1.000000e+02, 7.433654e+01
1.000000e+02, 7.415205e+01
1.000000e+02, 7.396852e+01
1.000000e+02, 7.378594e+01
1.000000e+02, 7.360431e+01
1.000000e+02, 7.342363e+01
1.000000e+02, 7.324388e+01
1.000000e+02, 7.306507e+01
1.000000e+02, 7.288720e+01
1.000000e+02, 7.271025e+01
1.000000e+02, 7.253422e+01
1.000000e+02, 7.235911e+01
1.000000e+02, 7.218492e+01
1.000000e+02, 7.201164e+01
1.000000e+02, 7.183927e+01
1.000000e+02, 7.166781e+01
1.000000e+02, 7.149724e+01
1.000000e+02, 7.132757e+01
1.000000e+02, 7.115879e+01
1.000000e+02, 7.099091e+01
1.000000e+02, 7.082390e+01
1.000000e+02, 7.065778e+01
1.000000e+02, 7.049254e+01
1.000000e+02, 7.032817e+01
1.000000e+02, 7.016468e+01
1.000000e+02, 7.000205e+01
1.000000e+02, 6.984029e+01
1.000000e+02, 6.967939e+01
1.000000e+02, 6.951934e+01
1.000000e+02, 6.936015e+01
1.000000e+02, 6.920181e+01
1.000000e+02, 6.904432e+01
1.000000e+02, 6.888768e+01
1.000000e+02, 6.873188e+01
1.000000e+02, 6.857691e+01
1.000000e+02, 6.842278e+01
1.000000e+02, 6.826948e+01
1.000000e+02, 6.811702e+01
1.000000e+02, 6.796537e+01
1.000000e+02, 6.781456e+01
1.000000e+02, 6.766456e+01
1.000000e+02, 6.751538e+01
1.000000e+02, 6.736701e+01
1.000000e+02, 6.721946e+01
1.000000e+02, 6.707272e+01
1.000000e+02, 6.692678e+01
1.000000e+02, 6.678164e+01
1.000000e+02, 6.663731e+01
1.000000e+02, 6.649377e+01
1.000000e+02, 6.635103e+01
1.000000e+02, 6.620908e+01
1.000000e+02, 6.606792e+01
1.000000e+02, 6.592755e+01
1.000000e+02, 6.578796e+01
1.000000e+02, 6.564916e+01
1.000000e+02, 6.551113e+01
1.000000e+02, 6.537389e+01
1.000000e+02, 6.523741e+01
1.000000e+02, 6.510171e+01
1.000000e+02, 6.496678e+01
1.000000e+02, 6.483262e+01
1.000000e+02, 6.469922e+01
1.000000e+02, 6.456658e+01
1.000000e+02, 6.443471e+01
1.000000e+02, 6.430359e+01
1.000000e+02, 6.417323e+01
1.000000e+02, 6.404362e+01
1.000000e+02, 6.391476e+01
1.000000e+02, 6.378665e+01
1.000000e+02, 6.365929e+01
1.000000e+02, 6.353267e+01
1.000000e+02, 6.340680e+01
1.000000e+02, 6.328166e+01
1.000000e+02, 6.315726e+01
1.000000e+02, 6.303360e+01
1.000000e+02, 6.291068e+01
1.000000e+02, 6.278848e+01
1.000000e+02, 6.266702e+01
1.000000e+02, 6.254628e+01
1.000000e+02, 6.242627e+01
1.000000e+02, 6.230698e+01
1.000000e+02, 6.218841e+01
1.000000e+02, 6.207057e+01
1.000000e+02, 6.195344e+01
1.000000e+02, 6.183703e+01
1.000000e+02, 6.172133e+01
1.000000e+02, 6.160634e+01
1.000000e+02, 6.149207e+01
1.000000e+02, 6.137850e+01
1.000000e+02, 6.126564e+01
1.000000e+02, 6.115349e+01
1.000000e+02, 6.104204e+01
1.000000e+02, 6.093129e+01
1.000000e+02, 6.082124e+01
1.000000e+02, 6.071189e+01
1.000000e+02, 6.060323e+01
1.000000e+02, 6.049527e+01
1.000000e+02, 6.038800e+01
1.000000e+02, 6.028143e+01
1.000000e+02, 6.017554e+01
1.000000e+02, 6.007034e+01
1.000000e+02, 5.996583e+01
1.000000e+02, 5.986200e+01
1.000000e+02, 5.975885e+01
1.000000e+02, 5.965639e+01
1.000000e+02, 5.955461e+01
1.000000e+02, 5.945350e+01
1.000000e+02, 5.935308e+01
1.000000e+02, 5.925332e+01
1.000000e+02, 5.915424e+01
1.000000e+02, 5.905584e+01
1.000000e+02, 5.895810e+01
1.000000e+02, 5.886104e+01
1.000000e+02, 5.876464e+01
1.000000e+02, 5.866891e+01
1.000000e+02, 5.857384e+01
1.000000e+02, 5.847944e+01
1.000000e+02, 5.838570e+01
1.000000e+02, 5.829263e+01
1.000000e+02, 5.820021e+01
1.000000e+02, 5.810845e+01
1.000000e+02, 5.801734e+01
1.000000e+02, 5.792690e+01
1.000000e+02, 5.783711e+01
1.000000e+02, 5.774797e+01
1.000000e+02, 5.765948e+01
1.000000e+02, 5.757164e+01
1.000000e+02, 5.748445e+01
1.000000e+02, 5.739792e+01
1.000000e+02, 5.731202e+01
1.000000e+02, 5.722678e+01
1.000000e+02, 5.714217e+01
1.000000e+02, 5.705821e+01
1.000000e+02, 5.697490e+01
1.000000e+02, 5.689222e+01
1.000000e+02, 5.681019e+01
1.000000e+02, 5.672879e+01
1.000000e+02, 5.664803e+01
1.000000e+02, 5.656790e+01
1.000000e+02, 5.648842e+01
1.000000e+02, 5.640956e+01
1.000000e+02, 5.633134e+01
1.000000e+02, 5.625375e+01
1.000000e+02, 5.617679e+01
1.000000e+02, 5.610046e+01
1.000000e+02, 5.602476e+01
1.000000e+02, 5.594969e+01
1.000000e+02, 5.587525e+01
1.000000e+02, 5.580143e+01
1.000000e+02, 5.572823e+01
1.000000e+02, 5.565566e+01
1.000000e+02, 5.558372e+01
1.000000e+02, 5.551239e+01
1.000000e+02, 5.544168e+01
1.000000e+02, 5.537160e+01
1.000000e+02, 5.530213e+01
1.000000e+02, 5.523328e+01
1.000000e+02, 5.516505e+01
1.000000e+02, 5.509744e+01
1.000000e+02, 5.503044e+01
1.000000e+02, 5.496405e+01
1.000000e+02, 5.489828e+01
1.000000e+02, 5.483312e+01
1.000000e+02, 5.476858e+01
1.000000e+02, 5.470464e+01
1.000000e+02, 5.464131e+01
1.000000e+02, 5.457860e+01
1.000000e+02, 5.451649e+01
1.000000e+02, 5.445499e+01
1.000000e+02, 5.439409e+01
1.000000e+02, 5.433381e+01
1.000000e+02, 5.427412e+01
1.000000e+02, 5.421505e+01
1.000000e+02, 5.415657e+01
1.000000e+02, 5.409870e+01
1.000000e+02, 5.404143e+01
1.000000e+02, 5.398476e+01
1.000000e+02, 5.392870e+01
1.000000e+02, 5.387323e+01
1.000000e+02, 5.381836e+01
1.000000e+02, 5.376410e+01
1.000000e+02, 5.371043e+01
1.000000e+02, 5.365735e+01
1.000000e+02, 5.360488e+01
1.000000e+02, 5.355300e+01
1.000000e+02, 5.350171e+01
1.000000e+02, 5.345102e+01
1.000000e+02, 5.340092e+01
1.000000e+02, 5.335142e+01
1.000000e+02, 5.330251e+01
1.000000e+02, 5.325419e+01
1.000000e+02, 5.320646e+01
1.000000e+02, 5.315933e+01
1.000000e+02, 5.311278e+01
1.000000e+02, 5.306682e+01
1.000000e+02, 5.302146e+01
1.000000e+02, 5.297668e+01
1.000000e+02, 5.293249e+01
1.000000e+02, 5.288888e+01
1.000000e+02, 5.284587e+01
1.000000e+02, 5.280344e+01
1.000000e+02, 5.276159e+01
1.000000e+02, 5.272034e+01
1.000000e+02, 5.267966e+01
1.000000e+02, 5.263957e+01
1.000000e+02, 5.260007e+01
1.000000e+02, 5.256114e+01
1.000000e+02, 5.252281e+01
1.000000e+02, 5.248505e+01
1.000000e+02, 5.244787e+01
1.000000e+02, 5.241128e+01
1.000000e+02, 5.237527e+01
1.000000e+02, 5.233983e+01
1.000000e+02, 5.230498e+01
1.000000e+02, 5.227071e+01
1.000000e+02, 5.223702e+01
1.000000e+02, 5.220390e+01
1.000000e+02, 5.217137e+01
1.000000e+02, 5.213941e+01
1.000000e+02, 5.210803e+01
1.000000e+02, 5.207723e+01
1.000000e+02, 5.204700e+01
1.000000e+02, 5.201735e+01
1.000000e+02, 5.198828e+01
1.000000e+02, 5.195978e+01
1.000000e+02, 5.193186e+01
1.000000e+02, 5.190451e+01
1.000000e+02, 5.187774e+01
1.000000e+02, 5.185154e+01
1.000000e+02, 5.182592e+01
1.000000e+02, 5.180087e+01
1.000000e+02, 5.177639e+01
1.000000e+02, 5.175249e+01
1.000000e+02, 5.172916e+01
1.000000e+02, 5.170641e+01
1.000000e+02, 5.168422e+01
1.000000e+02, 5.166261e+01
1.000000e+02, 5.164157e+01
1.000000e+02, 5.162110e+01
1.000000e+02, 5.160120e+01
1.000000e+02, 5.158188e+01
1.000000e+02, 5.156312e+01
1.000000e+02, 5.154494e+01
1.000000e+02, 5.152732e+01
1.000000e+02, 5.151028e+01
1.000000e+02, 5.149380e+01
1.000000e+02, 5.147790e+01
1.000000e+02, 5.146257e+01
1.000000e+02, 5.144780e+01
1.000000e+02, 5.143361e+01
1.000000e+02, 5.141998e+01
1.000000e+02, 5.140692e+01
1.000000e+02, 5.139443e+01
1.000000e+02, 5.138251e+01
1.000000e+02, 5.137116e+01
1.000000e+02, 5.136038e+01
1.000000e+02, 5.135017e+01
1.000000e+02, 5.134052e+01
1.000000e+02, 5.133144e+01
1.000000e+02, 5.132293e+01
1.000000e+02, 5.131499e+01
1.000000e+02, 5.130761e+01
1.000000e+02, 5.130081e+01
1.000000e+02, 5.129457e+01
1.000000e+02, 5.128889e+01
1.000000e+02, 5.128379e+01
1.000000e+02, 5.127925e+01
1.000000e+02, 5.127528e+01
1.000000e+02, 5.127188e+01
1.000000e+02, 5.126904e+01
1.000000e+02, 5.126677e+01
1.000000e+02, 5.126507e+01
1.000000e+02, 5.126394e+01
1.000000e+02, 5.126337e+01
1.000000e+02, 5.126337e+01
1.000000e+02, 5.126394e+01
1.000000e+02, 5.126507e+01
1.000000e+02, 5.126677e+01
1.000000e+02, 5.126904e+01
1.000000e+02, 5.127188e+01
1.000000e+02, 5.127528e+01
1.000000e+02, 5.127925e+01
1.000000e+02, 5.128379e+01
1.000000e+02, 5.128889e+01
1.000000e+02, 5.129457e+01
1.000000e+02, 5.130081e+01
1.000000e+02, 5.130761e+01
1.000000e+02, 5.131499e+01
1.000000e+02, 5.132293e+01
1.000000e+02, 5.133144e+01
1.000000e+02, 5.134052e+01
1.000000e+02, 5.135017e+01
1.000000e+02, 5.136038e+01
1.000000e+02, 5.137116e+01
1.000000e+02, 5.138251e+01
1.000000e+02, 5.139443e+01
1.000000e+02, 5.140692e+01
1.000000e+02, 5.141998e+01
1.000000e+02, 5.143361e+01
1.000000e+02, 5.144780e+01
1.000000e+02, 5.146257e+01
1.000000e+02, 5.147790e+01
1.000000e+02, 5.149380e+01
1.000000e+02, 5.151028e+01
1.000000e+02, 5.152732e+01
1.000000e+02, 5.154494e+01
1.000000e+02, 5.156312e+01
1.000000e+02, 5.158188e+01
1.000000e+02, 5.160120e+01
1.000000e+02, 5.162110e+01
1.000000e+02, 5.164157e+01
1.000000e+02, 5.166261e+01
1.000000e+02, 5.168422e+01
1.000000e+02, 5.170641e+01
1.000000e+02, 5.172916e+01
1.000000e+02, 5.175249e+01
1.000000e+02, 5.177639e+01
1.000000e+02, 5.180087e+01
1.000000e+02, 5.182592e+01
1.000000e+02, 5.185154e+01
1.000000e+02, 5.187774e+01
1.000000e+02, 5.190451e+01
1.000000e+02, 5.193186e+01
1.000000e+02, 5.195978e+01
1.000000e+02, 5.198828e+01
1.000000e+02, 5.201735e+01
1.000000e+02, 5.204700e+01
1.000000e+02, 5.207723e+01
1.000000e+02, 5.210803e+01
1.000000e+02, 5.213941e+01
1.000000e+02, 5.217137e+01
1.000000e+02, 5.220390e+01
1.000000e+02, 5.223702e+01
1.000000e+02, 5.227071e+01
1.000000e+02, 5.230498e+01
1.000000e+02, 5.233983e+01
1.000000e+02, 5.237527e+01
1.000000e+02, 5.241128e+01
1.000000e+02, 5.244787e+01
1.000000e+02, 5.248505e+01
1.000000e+02, 5.252281e+01
1.000000e+02, 5.256114e+01
1.000000e+02, 5.260007e+01
1.000000e+02, 5.263957e+01
1.000000e+02, 5.267966e+01
1.000000e+02, 5.272034e+01
1.000000e+02, 5.276159e+01
1.000000e+02, 5.280344e+01
1.000000e+02, 5.284587e+01
1.000000e+02, 5.288888e+01
1.000000e+02, 5.293249e+01
1.000000e+02, 5.297668e+01
1.000000e+02, 5.302146e+01
1.000000e+02, 5.306682e+01
1.000000e+02, 5.311278e+01
1.000000e+02, 5.315933e+01
1.000000e+02, 5.320646e+01
1.000000e+02, 5.325419e+01
1.000000e+02, 5.330251e+01
1.000000e+02, 5.335142e+01
1.000000e+02, 5.340092e+01
1.000000e+02, 5.345102e+01
1.000000e+02, 5.350171e+01
1.000000e+02, 5.355300e+01
1.000000e+02, 5.360488e+01
1.000000e+02, 5.365735e+01
1.000000e+02, 5.371043e+01
1.000000e+02, 5.376410e+01
1.000000e+02, 5.381837e+01
1.000000e+02, 5.387323e+01
1.000000e+02, 5.392870e+01
1.000000e+02, 5.398477e+01
1.000000e+02, 5.404143e+01
1.000000e+02, 5.409870e+01
1.000000e+02, 5.415657e+01
1.000000e+02, 5.421505e+01
1.000000e+02, 5.427412e+01
1.000000e+02, 5.433381e+01
1.000000e+02, 5.439409e+01
1.000000e+02, 5.445499e+01
1.000000e+02, 5.451649e+01
1.000000e+02, 5.457860e+01
1.000000e+02, 5.464131e+01
1.000000e+02, 5.470464e+01
1.000000e+02, 5.476858e+01
1.000000e+02, 5.483312e+01
1.000000e+02, 5.489828e+01
1.000000e+02, 5.496405e+01
1.000000e+02, 5.503044e+01
1.000000e+02, 5.509744e+01
1.000000e+02, 5.516505e+01
1.000000e+02, 5.523328e+01
1.000000e+02, 5.530213e+01
1.000000e+02, 5.537160e+01
1.000000e+02, 5.544168e+01
1.000000e+02, 5.551239e+01
1.000000e+02, 5.558372e+01
1.000000e+02, 5.565566e+01
1.000000e+02, 5.572823e+01
1.000000e+02, 5.580143e+01
1.000000e+02, 5.587525e+01
1.000000e+02, 5.594969e+01
1.000000e+02, 5.602477e+01
1.000000e+02, 5.610046e+01
1.000000e+02, 5.617679e+01
1.000000e+02, 5.625375e+01
1.000000e+02, 5.633134e+01
1.000000e+02, 5.640956e+01
1.000000e+02, 5.648842e+01
1.000000e+02, 5.656790e+01
1.000000e+02, 5.664803e+01
1.000000e+02, 5.672879e+01
1.000000e+02, 5.681019e+01
1.000000e+02, 5.689222e+01
1.000000e+02, 5.697490e+01
1.000000e+02, 5.705822e+01
1.000000e+02, 5.714217e+01
1.000000e+02, 5.722678e+01
1.000000e+02, 5.731202e+01
1.000000e+02, 5.739792e+01
1.000000e+02, 5.748445e+01
1.000000e+02, 5.757164e+01
1.000000e+02, 5.765948e+01
1.000000e+02, 5.774797e+01
1.000000e+02, 5.783711e+01
1.000000e+02, 5.792690e+01
1.000000e+02, 5.801735e+01
1.000000e+02, 5.810845e+01
1.000000e+02, 5.820021e+01
1.000000e+02, 5.829263e+01
1.000000e+02, 5.838570e+01
1.000000e+02, 5.847944e+01
1.000000e+02, 5.857384e+01
1.000000e+02, 5.866891e+01
1.000000e+02, 5.876464e+01
1.000000e+02, 5.886104e+01
1.000000e+02, 5.895810e+01
1.000000e+02, 5.905584e+01
1.000000e+02, 5.915424e+01
1.000000e+02, 5.925332e+01
1.000000e+02, 5.935308e+01
1.000000e+02, 5.945350e+01
1.000000e+02, 5.955461e+01
1.000000e+02, 5.965639e+01
1.000000e+02, 5.975886e+01
1.000000e+02, 5.986200e+01
1.000000e+02, 5.996583e+01
1.000000e+02, 6.007034e+01
1.000000e+02, 6.017554e+01
1.000000e+02, 6.028143e+01
1.000000e+02, 6.038800e+01
1.000000e+02, 6.049527e+01
1.000000e+02, 6.060323e+01
1.000000e+02, 6.071189e+01
1.000000e+02, 6.082124e+01
1.000000e+02, 6.093129e+01
1.000000e+02, 6.104204e+01
1.000000e+02, 6.115349e+01
1.000000e+02, 6.126565e+01
1.000000e+02, 6.137850e+01
1.000000e+02, 6.149207e+01
1.000000e+02, 6.160635e+01
1.000000e+02, 6.172133e+01
1.000000e+02, 6.183703e+01
1.000000e+02, 6.195344e+01
1.000000e+02, 6.207057e+01
1.000000e+02, 6.218841e+01
1.000000e+02, 6.230698e+01
1.000000e+02, 6.242627e+01
1.000000e+02, 6.254628e+01
1.000000e+02, 6.266702e+01
1.000000e+02, 6.278848e+01
1.000000e+02, 6.291068e+01
1.000000e+02, 6.303360e+01
1.000000e+02, 6.315726e+01
1.000000e+02, 6.328166e+01
1.000000e+02, 6.340680e+01
1.000000e+02, 6.353267e+01
1.000000e+02, 6.365929e+01
1.000000e+02, 6.378665e+01
1.000000e+02, 6.391476e+01
1.000000e+02, 6.404362e+01
1.000000e+02, 6.417323e+01
1.000000e+02, 6.430359e+01
1.000000e+02, 6.443471e+01
1.000000e+02, 6.456658e+01
1.000000e+02, 6.469922e+01
1.000000e+02, 6.483262e+01
1.000000e+02, 6.496678e+01
1.000000e+02, 6.510171e+01
1.000000e+02, 6.523741e+01
1.000000e+02, 6.537389e+01
1.000000e+02, 6.551113e+01
1.000000e+02, 6.564916e+01
1.000000e+02, 6.578796e+01
1.000000e+02, 6.592755e+01
1.000000e+02, 6.606792e+01
1.000000e+02, 6.620908e+01
1.000000e+02, 6.635103e+01
1.000000e+02, 6.649377e+01
1.000000e+02, 6.663731e+01
1.000000e+02, 6.678164e+01
1.000000e+02, 6.692678e+01
1.000000e+02, 6.707272e+01
1.000000e+02, 6.721946e+01
1.000000e+02, 6.736701e+01
1.000000e+02, 6.751538e+01
1.000000e+02, 6.766456e+01
1.000000e+02, 6.781456e+01
1.000000e+02, 6.796538e+01
1.000000e+02, 6.811702e+01
1.000000e+02, 6.826948e+01
1.000000e+02, 6.842278e+01
1.000000e+02, 6.857691e+01
1.000000e+02, 6.873188e+01
1.000000e+02, 6.888768e+01
1.000000e+02, 6.904433e+01
1.000000e+02, 6.920182e+01
1.000000e+02, 6.936015e+01
1.000000e+02, 6.951934e+01
1.000000e+02, 6.967939e+01
1.000000e+02, 6.984029e+01
1.000000e+02, 7.000205e+01
1.000000e+02, 7.016468e+01
1.000000e+02, 7.032818e+01
1.000000e+02, 7.049254e+01
1.000000e+02, 7.065778e+01
1.000000e+02, 7.082390e+01
1.000000e+02, 7.099091e+01
1.000000e+02, 7.115879e+01
1.000000e+02, 7.132757e+01
1.000000e+02, 7.149724e+01
1.000000e+02, 7.166781e+01
1.000000e+02, 7.183927e+01
1.000000e+02, 7.201165e+01
1.000000e+02, 7.218492e+01
1.000000e+02, 7.235911e+01
1.000000e+02, 7.253422e+01
1.000000e+02, 7.271025e+01
1.000000e+02, 7.288720e+01
1.000000e+02, 7.306507e+01
1.000000e+02, 7.324388e+01
1.000000e+02, 7.342363e+01
1.000000e+02, 7.360431e+01
1.000000e+02, 7.378594e+01
1.000000e+02, 7.396852e+01
1.000000e+02, 7.415205e+01
1.000000e+02, 7.433654e+01
1.000000e+02, 7.452199e+01
1.000000e+02, 7.470841e+01
1.000000e+02, 7.489580e+01
1.000000e+02, 7.508416e+01
1.000000e+02, 7.527350e+01
1.000000e+02, 7.546383e+01
1.000000e+02, 7.565515e+01
1.000000e+02, 7.584746e+01
1.000000e+02, 7.604077e+01
1.000000e+02, 7.623509e+01
1.000000e+02, 7.643041e+01
1.000000e+02, 7.662675e+01
1.000000e+02, 7.682411e+01
1.000000e+02, 7.702249e+01
1.000000e+02, 7.722190e+01
1.000000e+02, 7.742234e+01
1.000000e+02, 7.762383e+01
1.000000e+02, 7.782636e+01
1.000000e+02, 7.802994e+01
1.000000e+02, 7.823458e+01
1.000000e+02, 7.844028e+01
1.000000e+02, 7.864705e+01
1.000000e+02, 7.885489e+01
1.000000e+02, 7.906382e+01
1.000000e+02, 7.927382e+01
1.000000e+02, 7.948492e+01
1.000000e+02, 7.969712e+01
1.000000e+02, 7.991041e+01
1.000000e+02, 8.012482e+01
1.000000e+02, 8.034035e+01
1.000000e+02, 8.055699e+01
1.000000e+02, 8.077477e+01
1.000000e+02, 8.099368e+01
1.000000e+02, 8.121373e+01
1.000000e+02, 8.143493e+01
1.000000e+02, 8.165728e+01
1.000000e+02, 8.188080e+01
1.000000e+02, 8.210549e+01
1.000000e+02, 8.233135e+01
1.000000e+02, 8.255840e+01
1.000000e+02, 8.278663e+01
1.000000e+02, 8.301607e+01
1.000000e+02, 8.324670e+01
1.000000e+02, 8.347856e+01
1.000000e+02, 8.371163e+01
1.000000e+02, 8.394593e+01
1.000000e+02, 8.418146e+01
1.000000e+02, 8.441824e+01
1.000000e+02, 8.465627e+01
1.000000e+02, 8.489557e+01
1.000000e+02, 8.513613e+01
1.000000e+02, 8.537796e+01
1.000000e+02, 8.562109e+01
1.000000e+02, 8.586550e+01
1.000000e+02, 8.611122e+01
1.000000e+02, 8.635825e+01
1.000000e+02, 8.660661e+01
1.000000e+02, 8.685629e+01
1.000000e+02, 8.710731e+01
1.000000e+02, 8.735968e+01
1.000000e+02, 8.761341e+01
1.000000e+02, 8.786850e+01
1.000000e+02, 8.812498e+01
1.000000e+02, 8.838284e+01
1.000000e+02, 8.864210e+01
1.000000e+02, 8.890277e+01
1.000000e+02, 8.916485e+01
1.000000e+02, 8.942837e+01
1.000000e+02, 8.969333e+01
1.000000e+02, 8.995973e+01
1.000000e+02, 9.022761e+01
1.000000e+02, 9.049695e+01
1.000000e+02, 9.076778e+01
1.000000e+02, 9.104011e+01
1.000000e+02, 9.131394e+01
1.000000e+02, 9.158930e+01
1.000000e+02, 9.186619e+01
1.000000e+02, 9.214463e+01
1.000000e+02, 9.242462e+01
1.000000e+02, 9.270619e+01
1.000000e+02, 9.298934e+01
1.000000e+02, 9.327409e+01
1.000000e+02, 9.356044e+01
1.000000e+02, 9.384843e+01
1.000000e+02, 9.413805e+01
1.000000e+02, 9.442933e+01
1.000000e+02, 9.472228e+01
1.000000e+02, 9.501691e+01
1.000000e+02, 9.531323e+01
1.000000e+02, 9.561127e+01
1.000000e+02, 9.591104e+01
1.000000e+02, 9.621255e+01
1.000000e+02, 9.651583e+01
1.000000e+02, 9.682088e+01
1.000000e+02, 9.712772e+01
1.000000e+02, 9.743638e+01
1.000000e+02, 9.774686e+01
1.000000e+02, 9.805919e+01
1.000000e+02, 9.837339e+01
1.000000e+02, 9.868947e+01
1.000000e+02, 9.900745e+01
1.000000e+02, 9.932735e+01
1.000000e+02, 9.964919e+01
1.000000e+02, 9.997299e+01
1.000000e+02, 1.002988e+02
1.000000e+02, 1.006265e+02
1.000000e+02, 1.009564e+02
1.000000e+02, 1.012882e+02
1.000000e+02, 1.016221e+02
1.000000e+02, 1.019581e+02
1.000000e+02, 1.022962e+02
1.000000e+02, 1.026365e+02
1.000000e+02, 1.029789e+02
1.000000e+02, 1.033235e+02
1.000000e+02, 1.036702e+02
1.000000e+02, 1.040193e+02
1.000000e+02, 1.043706e+02
1.000000e+02, 1.047241e+02
1.000000e+02, 1.050800e+02
1.000000e+02, 1.054382e+02
1.000000e+02, 1.057988e+02
1.000000e+02, 1.061618e+02
1.000000e+02, 1.065272e+02
1.000000e+02, 1.068951e+02
1.000000e+02, 1.072655e+02
1.000000e+02, 1.076384e+02
1.000000e+02, 1.080138e+02
1.000000e+02, 1.083919e+02
1.000000e+02, 1.087725e+02
1.000000e+02, 1.091558e+02
1.000000e+02, 1.095418e+02
1.000000e+02, 1.099306e+02
1.000000e+02, 1.103221e+02
1.000000e+02, 1.107164e+02
1.000000e+02, 1.111136e+02
1.000000e+02, 1.115136e+02
1.000000e+02, 1.119166e+02
1.000000e+02, 1.123225e+02
1.000000e+02, 1.127315e+02
1.000000e+02, 1.131436e+02
1.000000e+02, 1.135587e+02
1.000000e+02, 1.139770e+02
1.000000e+02, 1.143985e+02
1.000000e+02, 1.148233e+02
1.000000e+02, 1.152514e+02
1.000000e+02, 1.156829e+02
1.000000e+02, 1.161178e+02
1.000000e+02, 1.165561e+02
1.000000e+02, 1.169980e+02
1.000000e+02, 1.174435e+02
1.000000e+02, 1.178927e+02
1.000000e+02, 1.183456e+02
1.000000e+02, 1.188023e+02
1.000000e+02, 1.192629e+02
1.000000e+02, 1.197274e+02
1.000000e+02, 1.201959e+02
1.000000e+02, 1.206685e+02
1.000000e+02, 1.211453e+02
1.000000e+02, 1.216263e+02
1.000000e+02, 1.221116e+02
1.000000e+02, 1.226014e+02
1.000000e+02, 1.230957e+02
1.000000e+02, 1.235946e+02
1.000000e+02, 1.240982e+02
1.000000e+02, 1.246067e+02
1.000000e+02, 1.251200e+02
1.000000e+02, 1.256384e+02
1.000000e+02, 1.261619e+02
1.000000e+02, 1.266907e+02
1.000000e+02, 1.272248e+02
1.000000e+02, 1.277645e+02
1.000000e+02, 1.283098e+02
1.000000e+02, 1.288610e+02
1.000000e+02, 1.294180e+02
1.000000e+02, 1.299812e+02
1.000000e+02, 1.305506e+02
1.000000e+02, 1.311265e+02
1.000000e+02, 1.317089e+02
1.000000e+02, 1.322982e+02
1.000000e+02, 1.328944e+02
1.000000e+02, 1.334979e+02
1.000000e+02, 1.341087e+02
1.000000e+02, 1.347272e+02
1.000000e+02, 1.353536e+02
1.000000e+02, 1.359881e+02
1.000000e+02, 1.366310e+02
1.000000e+02, 1.372826e+02
1.000000e+02, 1.379432e+02
1.000000e+02, 1.386131e+02
1.000000e+02, 1.392926e+02
1.000000e+02, 1.399822e+02
1.000000e+02, 1.406822e+02
1.000000e+02, 1.413930e+02
1.000000e+02, 1.421151e+02
1.000000e+02, 1.428489e+02
1.000000e+02, 1.435949e+02
1.000000e+02, 1.443538e+02
1.000000e+02, 1.451260e+02
1.000000e+02, 1.459123e+02
1.000000e+02, 1.467133e+02
1.000000e+02, 1.475298e+02
1.000000e+02, 1.483627e+02
1.000000e+02, 1.492127e+02
1.000000e+02, 1.500810e+02
1.000000e+02, 1.509687e+02
1.000000e+02, 1.518768e+02
1.000000e+02, 1.528069e+02
1.000000e+02, 1.537604e+02
1.000000e+02, 1.547390e+02
1.000000e+02, 1.557446e+02
1.000000e+02, 1.567794e+02
1.000000e+02, 1.578460e+02
1.000000e+02, 1.589471e+02
1.000000e+02, 1.600862e+02
1.000000e+02, 1.612672e+02
1.000000e+02, 1.624949e+02
1.000000e+02, 1.637747e+02
1.000000e+02, 1.651138e+02
1.000000e+02, 1.665206e+02
1.000000e+02, 1.680062e+02
1.000000e+02, 1.695849e+02
1.000000e+02, 1.712761e+02
1.000000e+02, 1.731070e+02
1.000000e+02, 1.751184e+02
1.000000e+02, 1.773760e+02
1.000000e+02, 1.800000e+02
##END= 