##TITLE= /opt/topspin3.0/exp/stan/nmr/lists/wave/user/HypSec_trunc2.84_110
##JCAMP-DX= 5.00 Bruker JCAMP library
##DATA TYPE= Shape Data
##ORIGIN= Bruker BioSpin GmbH
##OWNER= <nmrsu>
##DATE= 15/02/24
##TIME= 16:15:04
##MINX= 1.164538e+01
##MAXX= 9.999960e+01
##MINY= 2.546774e-02
##MAXY= 3.585574e+02
##$SHAPE_EXMODE= Adiabatic
##$SHAPE_TOTROT= 1.800000e+02
##$SHAPE_BWFAC= 1.929340e+02
##$SHAPE_INTEGFAC= 2.356110e-02
##$SHAPE_MODE= 0
##NPOINTS= 1000
##XYPOINTS= (XY..XY)
1.000000e+02, 1.800000e+02
1.000000e+02, 1.772763e+02
1.000000e+02, 1.749330e+02
1.000000e+02, 1.728453e+02
1.000000e+02, 1.709448e+02
1.000000e+02, 1.691894e+02
1.000000e+02, 1.675507e+02
1.000000e+02, 1.660087e+02
1.000000e+02, 1.645485e+02
1.000000e+02, 1.631586e+02
1.000000e+02, 1.618301e+02
1.000000e+02, 1.605559e+02
1.000000e+02, 1.593300e+02
1.000000e+02, 1.581477e+02
1.000000e+02, 1.570047e+02
1.000000e+02, 1.558976e+02
1.000000e+02, 1.548235e+02
1.000000e+02, 1.537797e+02
1.000000e+02, 1.527639e+02
1.000000e+02, 1.517742e+02
1.000000e+02, 1.508089e+02
1.000000e+02, 1.498662e+02
1.000000e+02, 1.489449e+02
1.000000e+02, 1.480436e+02
1.000000e+02, 1.471613e+02
1.000000e+02, 1.462968e+02
1.000000e+02, 1.454493e+02
1.000000e+02, 1.446178e+02
1.000000e+02, 1.438017e+02
1.000000e+02, 1.430001e+02
1.000000e+02, 1.422125e+02
1.000000e+02, 1.414381e+02
1.000000e+02, 1.406764e+02
1.000000e+02, 1.399269e+02
1.000000e+02, 1.391891e+02
1.000000e+02, 1.384626e+02
1.000000e+02, 1.377468e+02
1.000000e+02, 1.370414e+02
1.000000e+02, 1.363461e+02
1.000000e+02, 1.356604e+02
1.000000e+02, 1.349840e+02
1.000000e+02, 1.343167e+02
1.000000e+02, 1.336581e+02
1.000000e+02, 1.330080e+02
1.000000e+02, 1.323660e+02
1.000000e+02, 1.317319e+02
1.000000e+02, 1.311056e+02
1.000000e+02, 1.304867e+02
1.000000e+02, 1.298751e+02
1.000000e+02, 1.292705e+02
1.000000e+02, 1.286728e+02
1.000000e+02, 1.280817e+02
1.000000e+02, 1.274972e+02
1.000000e+02, 1.269190e+02
1.000000e+02, 1.263469e+02
1.000000e+02, 1.257809e+02
1.000000e+02, 1.252207e+02
1.000000e+02, 1.246662e+02
1.000000e+02, 1.241174e+02
1.000000e+02, 1.235740e+02
1.000000e+02, 1.230359e+02
1.000000e+02, 1.225031e+02
1.000000e+02, 1.219754e+02
1.000000e+02, 1.214526e+02
1.000000e+02, 1.209348e+02
1.000000e+02, 1.204217e+02
1.000000e+02, 1.199133e+02
1.000000e+02, 1.194095e+02
1.000000e+02, 1.189103e+02
1.000000e+02, 1.184154e+02
1.000000e+02, 1.179248e+02
1.000000e+02, 1.174385e+02
1.000000e+02, 1.169564e+02
1.000000e+02, 1.164783e+02
1.000000e+02, 1.160043e+02
1.000000e+02, 1.155342e+02
1.000000e+02, 1.150680e+02
1.000000e+02, 1.146055e+02
1.000000e+02, 1.141469e+02
1.000000e+02, 1.136918e+02
1.000000e+02, 1.132404e+02
1.000000e+02, 1.127926e+02
1.000000e+02, 1.123483e+02
1.000000e+02, 1.119073e+02
1.000000e+02, 1.114698e+02
1.000000e+02, 1.110356e+02
1.000000e+02, 1.106047e+02
1.000000e+02, 1.101770e+02
1.000000e+02, 1.097525e+02
1.000000e+02, 1.093311e+02
1.000000e+02, 1.089129e+02
1.000000e+02, 1.084976e+02
1.000000e+02, 1.080854e+02
1.000000e+02, 1.076761e+02
1.000000e+02, 1.072697e+02
1.000000e+02, 1.068662e+02
1.000000e+02, 1.064655e+02
1.000000e+02, 1.060677e+02
1.000000e+02, 1.056726e+02
1.000000e+02, 1.052802e+02
1.000000e+02, 1.048905e+02
1.000000e+02, 1.045034e+02
1.000000e+02, 1.041190e+02
1.000000e+02, 1.037371e+02
1.000000e+02, 1.033578e+02
1.000000e+02, 1.029811e+02
1.000000e+02, 1.026068e+02
1.000000e+02, 1.022350e+02
1.000000e+02, 1.018656e+02
1.000000e+02, 1.014986e+02
1.000000e+02, 1.011339e+02
1.000000e+02, 1.007717e+02
1.000000e+02, 1.004117e+02
1.000000e+02, 1.000540e+02
1.000000e+02, 9.969861e+01
1.000000e+02, 9.934544e+01
1.000000e+02, 9.899449e+01
1.000000e+02, 9.864573e+01
1.000000e+02, 9.829914e+01
1.000000e+02, 9.795469e+01
1.000000e+02, 9.761236e+01
1.000000e+02, 9.727214e+01
1.000000e+02, 9.693398e+01
1.000000e+02, 9.659789e+01
1.000000e+02, 9.626383e+01
1.000000e+02, 9.593178e+01
1.000000e+02, 9.560172e+01
1.000000e+02, 9.527364e+01
1.000000e+02, 9.494752e+01
1.000000e+02, 9.462333e+01
1.000000e+02, 9.430105e+01
1.000000e+02, 9.398067e+01
1.000000e+02, 9.366218e+01
1.000000e+02, 9.334554e+01
1.000000e+02, 9.303075e+01
1.000000e+02, 9.271779e+01
1.000000e+02, 9.240663e+01
1.000000e+02, 9.209728e+01
1.000000e+02, 9.178970e+01
1.000000e+02, 9.148388e+01
1.000000e+02, 9.117981e+01
1.000000e+02, 9.087747e+01
1.000000e+02, 9.057685e+01
1.000000e+02, 9.027793e+01
1.000000e+02, 8.998069e+01
1.000000e+02, 8.968513e+01
1.000000e+02, 8.939123e+01
1.000000e+02, 8.909897e+01
1.000000e+02, 8.880834e+01
1.000000e+02, 8.851934e+01
1.000000e+02, 8.823193e+01
1.000000e+02, 8.794612e+01
1.000000e+02, 8.766188e+01
1.000000e+02, 8.737921e+01
1.000000e+02, 8.709810e+01
1.000000e+02, 8.681853e+01
1.000000e+02, 8.654048e+01
1.000000e+02, 8.626396e+01
1.000000e+02, 8.598894e+01
1.000000e+02, 8.571542e+01
1.000000e+02, 8.544338e+01
1.000000e+02, 8.517281e+01
1.000000e+02, 8.490370e+01
1.000000e+02, 8.463605e+01
1.000000e+02, 8.436984e+01
1.000000e+02, 8.410505e+01
1.000000e+02, 8.384169e+01
1.000000e+02, 8.357974e+01
1.000000e+02, 8.331918e+01
1.000000e+02, 8.306002e+01
1.000000e+02, 8.280224e+01
1.000000e+02, 8.254582e+01
1.000000e+02, 8.229077e+01
1.000000e+02, 8.203708e+01
1.000000e+02, 8.178472e+01
1.000000e+02, 8.153370e+01
1.000000e+02, 8.128400e+01
1.000000e+02, 8.103563e+01
1.000000e+02, 8.078856e+01
1.000000e+02, 8.054278e+01
1.000000e+02, 8.029830e+01
1.000000e+02, 8.005511e+01
1.000000e+02, 7.981318e+01
1.000000e+02, 7.957253e+01
1.000000e+02, 7.933313e+01
1.000000e+02, 7.909498e+01
1.000000e+02, 7.885808e+01
1.000000e+02, 7.862241e+01
1.000000e+02, 7.838797e+01
1.000000e+02, 7.815476e+01
1.000000e+02, 7.792275e+01
1.000000e+02, 7.769195e+01
1.000000e+02, 7.746235e+01
1.000000e+02, 7.723394e+01
1.000000e+02, 7.700672e+01
1.000000e+02, 7.678068e+01
1.000000e+02, 7.655580e+01
1.000000e+02, 7.633209e+01
1.000000e+02, 7.610954e+01
1.000000e+02, 7.588814e+01
1.000000e+02, 7.566789e+01
1.000000e+02, 7.544878e+01
1.000000e+02, 7.523080e+01
1.000000e+02, 7.501394e+01
1.000000e+02, 7.479820e+01
1.000000e+02, 7.458358e+01
1.000000e+02, 7.437007e+01
1.000000e+02, 7.415766e+01
1.000000e+02, 7.394635e+01
1.000000e+02, 7.373613e+01
1.000000e+02, 7.352699e+01
1.000000e+02, 7.331893e+01
1.000000e+02, 7.311195e+01
1.000000e+02, 7.290603e+01
1.000000e+02, 7.270118e+01
1.000000e+02, 7.249739e+01
1.000000e+02, 7.229465e+01
1.000000e+02, 7.209295e+01
1.000000e+02, 7.189230e+01
1.000000e+02, 7.169269e+01
1.000000e+02, 7.149410e+01
1.000000e+02, 7.129655e+01
1.000000e+02, 7.110001e+01
1.000000e+02, 7.090450e+01
1.000000e+02, 7.070999e+01
1.000000e+02, 7.051650e+01
1.000000e+02, 7.032401e+01
1.000000e+02, 7.013251e+01
1.000000e+02, 6.994201e+01
1.000000e+02, 6.975250e+01
1.000000e+02, 6.956397e+01
1.000000e+02, 6.937642e+01
1.000000e+02, 6.918985e+01
1.000000e+02, 6.900425e+01
1.000000e+02, 6.881962e+01
1.000000e+02, 6.863595e+01
1.000000e+02, 6.845324e+01
1.000000e+02, 6.827149e+01
1.000000e+02, 6.809068e+01
1.000000e+02, 6.791082e+01
1.000000e+02, 6.773190e+01
1.000000e+02, 6.755393e+01
1.000000e+02, 6.737688e+01
1.000000e+02, 6.720077e+01
1.000000e+02, 6.702558e+01
1.000000e+02, 6.685132e+01
1.000000e+02, 6.667798e+01
1.000000e+02, 6.650555e+01
1.000000e+02, 6.633403e+01
1.000000e+02, 6.616342e+01
1.000000e+02, 6.599372e+01
1.000000e+02, 6.582491e+01
1.000000e+02, 6.565701e+01
1.000000e+02, 6.549000e+01
1.000000e+02, 6.532387e+01
1.000000e+02, 6.515864e+01
1.000000e+02, 6.499429e+01
1.000000e+02, 6.483082e+01
1.000000e+02, 6.466822e+01
1.000000e+02, 6.450650e+01
1.000000e+02, 6.434565e+01
1.000000e+02, 6.418567e+01
1.000000e+02, 6.402655e+01
1.000000e+02, 6.386830e+01
1.000000e+02, 6.371090e+01
1.000000e+02, 6.355435e+01
1.000000e+02, 6.339866e+01
1.000000e+02, 6.324381e+01
1.000000e+02, 6.308981e+01
1.000000e+02, 6.293665e+01
1.000000e+02, 6.278434e+01
1.000000e+02, 6.263286e+01
1.000000e+02, 6.248221e+01
1.000000e+02, 6.233239e+01
1.000000e+02, 6.218341e+01
1.000000e+02, 6.203524e+01
1.000000e+02, 6.188791e+01
1.000000e+02, 6.174139e+01
1.000000e+02, 6.159568e+01
1.000000e+02, 6.145080e+01
1.000000e+02, 6.130672e+01
1.000000e+02, 6.116345e+01
1.000000e+02, 6.102099e+01
1.000000e+02, 6.087934e+01
1.000000e+02, 6.073848e+01
1.000000e+02, 6.059843e+01
1.000000e+02, 6.045917e+01
1.000000e+02, 6.032071e+01
1.000000e+02, 6.018303e+01
1.000000e+02, 6.004615e+01
1.000000e+02, 5.991005e+01
1.000000e+02, 5.977474e+01
1.000000e+02, 5.964021e+01
1.000000e+02, 5.950646e+01
1.000000e+02, 5.937348e+01
1.000000e+02, 5.924129e+01
1.000000e+02, 5.910986e+01
1.000000e+02, 5.897921e+01
1.000000e+02, 5.884932e+01
1.000000e+02, 5.872020e+01
1.000000e+02, 5.859184e+01
1.000000e+02, 5.846425e+01
1.000000e+02, 5.833741e+01
1.000000e+02, 5.821133e+01
1.000000e+02, 5.808601e+01
1.000000e+02, 5.796144e+01
1.000000e+02, 5.783762e+01
1.000000e+02, 5.771456e+01
1.000000e+02, 5.759223e+01
1.000000e+02, 5.747066e+01
1.000000e+02, 5.734983e+01
1.000000e+02, 5.722974e+01
1.000000e+02, 5.711038e+01
1.000000e+02, 5.699177e+01
1.000000e+02, 5.687389e+01
1.000000e+02, 5.675675e+01
1.000000e+02, 5.664033e+01
1.000000e+02, 5.652465e+01
1.000000e+02, 5.640969e+01
1.000000e+02, 5.629546e+01
1.000000e+02, 5.618196e+01
1.000000e+02, 5.606918e+01
1.000000e+02, 5.595712e+01
1.000000e+02, 5.584578e+01
1.000000e+02, 5.573515e+01
1.000000e+02, 5.562524e+01
1.000000e+02, 5.551605e+01
1.000000e+02, 5.540757e+01
1.000000e+02, 5.529980e+01
1.000000e+02, 5.519274e+01
1.000000e+02, 5.508638e+01
1.000000e+02, 5.498073e+01
1.000000e+02, 5.487579e+01
1.000000e+02, 5.477155e+01
1.000000e+02, 5.466801e+01
1.000000e+02, 5.456516e+01
1.000000e+02, 5.446302e+01
1.000000e+02, 5.436158e+01
1.000000e+02, 5.426082e+01
1.000000e+02, 5.416077e+01
1.000000e+02, 5.406140e+01
1.000000e+02, 5.396272e+01
1.000000e+02, 5.386474e+01
1.000000e+02, 5.376744e+01
1.000000e+02, 5.367083e+01
1.000000e+02, 5.357490e+01
1.000000e+02, 5.347965e+01
1.000000e+02, 5.338509e+01
1.000000e+02, 5.329121e+01
1.000000e+02, 5.319801e+01
1.000000e+02, 5.310548e+01
1.000000e+02, 5.301364e+01
1.000000e+02, 5.292246e+01
1.000000e+02, 5.283197e+01
1.000000e+02, 5.274214e+01
1.000000e+02, 5.265299e+01
1.000000e+02, 5.256450e+01
1.000000e+02, 5.247669e+01
1.000000e+02, 5.238954e+01
1.000000e+02, 5.230306e+01
1.000000e+02, 5.221724e+01
1.000000e+02, 5.213209e+01
1.000000e+02, 5.204760e+01
1.000000e+02, 5.196378e+01
1.000000e+02, 5.188061e+01
1.000000e+02, 5.179810e+01
1.000000e+02, 5.171625e+01
1.000000e+02, 5.163506e+01
1.000000e+02, 5.155453e+01
1.000000e+02, 5.147465e+01
1.000000e+02, 5.139542e+01
1.000000e+02, 5.131684e+01
1.000000e+02, 5.123892e+01
1.000000e+02, 5.116165e+01
1.000000e+02, 5.108503e+01
1.000000e+02, 5.100905e+01
1.000000e+02, 5.093373e+01
1.000000e+02, 5.085905e+01
1.000000e+02, 5.078501e+01
1.000000e+02, 5.071162e+01
1.000000e+02, 5.063887e+01
1.000000e+02, 5.056677e+01
1.000000e+02, 5.049531e+01
1.000000e+02, 5.042449e+01
1.000000e+02, 5.035430e+01
1.000000e+02, 5.028476e+01
1.000000e+02, 5.021585e+01
1.000000e+02, 5.014758e+01
1.000000e+02, 5.007995e+01
1.000000e+02, 5.001295e+01
1.000000e+02, 4.994659e+01
1.000000e+02, 4.988086e+01
1.000000e+02, 4.981576e+01
1.000000e+02, 4.975129e+01
1.000000e+02, 4.968746e+01
1.000000e+02, 4.962425e+01
1.000000e+02, 4.956167e+01
1.000000e+02, 4.949972e+01
1.000000e+02, 4.943840e+01
1.000000e+02, 4.937771e+01
1.000000e+02, 4.931764e+01
1.000000e+02, 4.925820e+01
1.000000e+02, 4.919938e+01
1.000000e+02, 4.914118e+01
1.000000e+02, 4.908361e+01
1.000000e+02, 4.902666e+01
1.000000e+02, 4.897033e+01
1.000000e+02, 4.891462e+01
1.000000e+02, 4.885953e+01
1.000000e+02, 4.880506e+01
1.000000e+02, 4.875121e+01
1.000000e+02, 4.869798e+01
1.000000e+02, 4.864536e+01
1.000000e+02, 4.859336e+01
1.000000e+02, 4.854198e+01
1.000000e+02, 4.849121e+01
1.000000e+02, 4.844106e+01
1.000000e+02, 4.839152e+01
1.000000e+02, 4.834259e+01
1.000000e+02, 4.829428e+01
1.000000e+02, 4.824658e+01
1.000000e+02, 4.819949e+01
1.000000e+02, 4.815301e+01
1.000000e+02, 4.810714e+01
1.000000e+02, 4.806188e+01
1.000000e+02, 4.801723e+01
1.000000e+02, 4.797319e+01
1.000000e+02, 4.792976e+01
1.000000e+02, 4.788693e+01
1.000000e+02, 4.784471e+01
1.000000e+02, 4.780310e+01
1.000000e+02, 4.776209e+01
1.000000e+02, 4.772169e+01
1.000000e+02, 4.768190e+01
1.000000e+02, 4.764271e+01
1.000000e+02, 4.760412e+01
1.000000e+02, 4.756614e+01
1.000000e+02, 4.752876e+01
1.000000e+02, 4.749198e+01
1.000000e+02, 4.745580e+01
1.000000e+02, 4.742023e+01
1.000000e+02, 4.738526e+01
1.000000e+02, 4.735089e+01
1.000000e+02, 4.731711e+01
1.000000e+02, 4.728394e+01
1.000000e+02, 4.725137e+01
1.000000e+02, 4.721940e+01
1.000000e+02, 4.718803e+01
1.000000e+02, 4.715725e+01
1.000000e+02, 4.712707e+01
1.000000e+02, 4.709749e+01
1.000000e+02, 4.706851e+01
1.000000e+02, 4.704013e+01
1.000000e+02, 4.701234e+01
1.000000e+02, 4.698515e+01
1.000000e+02, 4.695855e+01
1.000000e+02, 4.693255e+01
1.000000e+02, 4.690714e+01
1.000000e+02, 4.688233e+01
1.000000e+02, 4.685812e+01
1.000000e+02, 4.683450e+01
1.000000e+02, 4.681147e+01
1.000000e+02, 4.678904e+01
1.000000e+02, 4.676720e+01
1.000000e+02, 4.674595e+01
1.000000e+02, 4.672530e+01
1.000000e+02, 4.670524e+01
1.000000e+02, 4.668577e+01
1.000000e+02, 4.666690e+01
1.000000e+02, 4.664861e+01
1.000000e+02, 4.663092e+01
1.000000e+02, 4.661382e+01
1.000000e+02, 4.659731e+01
1.000000e+02, 4.658140e+01
1.000000e+02, 4.656607e+01
1.000000e+02, 4.655134e+01
1.000000e+02, 4.653719e+01
1.000000e+02, 4.652364e+01
1.000000e+02, 4.651068e+01
1.000000e+02, 4.649831e+01
1.000000e+02, 4.648652e+01
1.000000e+02, 4.647533e+01
1.000000e+02, 4.646473e+01
1.000000e+02, 4.645472e+01
1.000000e+02, 4.644529e+01
1.000000e+02, 4.643646e+01
1.000000e+02, 4.642822e+01
1.000000e+02, 4.642056e+01
1.000000e+02, 4.641349e+01
1.000000e+02, 4.640702e+01
1.000000e+02, 4.640113e+01
1.000000e+02, 4.639583e+01
1.000000e+02, 4.639112e+01
1.000000e+02, 4.638700e+01
1.000000e+02, 4.638347e+01
1.000000e+02, 4.638053e+01
1.000000e+02, 4.637817e+01
1.000000e+02, 4.637641e+01
1.000000e+02, 4.637523e+01
1.000000e+02, 4.637464e+01
1.000000e+02, 4.637464e+01
1.000000e+02, 4.637523e+01
1.000000e+02, 4.637641e+01
1.000000e+02, 4.637817e+01
1.000000e+02, 4.638053e+01
1.000000e+02, 4.638347e+01
1.000000e+02, 4.638700e+01
1.000000e+02, 4.639112e+01
1.000000e+02, 4.639583e+01
1.000000e+02, 4.640113e+01
1.000000e+02, 4.640702e+01
1.000000e+02, 4.641349e+01
1.000000e+02, 4.642056e+01
1.000000e+02, 4.642822e+01
1.000000e+02, 4.643646e+01
1.000000e+02, 4.644529e+01
1.000000e+02, 4.645472e+01
1.000000e+02, 4.646473e+01
1.000000e+02, 4.647533e+01
1.000000e+02, 4.648652e+01
1.000000e+02, 4.649831e+01
1.000000e+02, 4.651068e+01
1.000000e+02, 4.652364e+01
1.000000e+02, 4.653719e+01
1.000000e+02, 4.655134e+01
1.000000e+02, 4.656607e+01
1.000000e+02, 4.658140e+01
1.000000e+02, 4.659732e+01
1.000000e+02, 4.661382e+01
1.000000e+02, 4.663092e+01
1.000000e+02, 4.664861e+01
1.000000e+02, 4.666690e+01
1.000000e+02, 4.668577e+01
1.000000e+02, 4.670524e+01
1.000000e+02, 4.672530e+01
1.000000e+02, 4.674595e+01
1.000000e+02, 4.676720e+01
1.000000e+02, 4.678904e+01
1.000000e+02, 4.681147e+01
1.000000e+02, 4.683450e+01
1.000000e+02, 4.685812e+01
1.000000e+02, 4.688233e+01
1.000000e+02, 4.690714e+01
1.000000e+02, 4.693255e+01
1.000000e+02, 4.695855e+01
1.000000e+02, 4.698515e+01
1.000000e+02, 4.701234e+01
1.000000e+02, 4.704013e+01
1.000000e+02, 4.706851e+01
1.000000e+02, 4.709749e+01
1.000000e+02, 4.712707e+01
1.000000e+02, 4.715725e+01
1.000000e+02, 4.718803e+01
1.000000e+02, 4.721940e+01
1.000000e+02, 4.725137e+01
1.000000e+02, 4.728394e+01
1.000000e+02, 4.731711e+01
1.000000e+02, 4.735089e+01
1.000000e+02, 4.738526e+01
1.000000e+02, 4.742023e+01
1.000000e+02, 4.745580e+01
1.000000e+02, 4.749198e+01
1.000000e+02, 4.752876e+01
1.000000e+02, 4.756614e+01
1.000000e+02, 4.760412e+01
1.000000e+02, 4.764271e+01
1.000000e+02, 4.768190e+01
1.000000e+02, 4.772169e+01
1.000000e+02, 4.776210e+01
1.000000e+02, 4.780310e+01
1.000000e+02, 4.784471e+01
1.000000e+02, 4.788693e+01
1.000000e+02, 4.792976e+01
1.000000e+02, 4.797319e+01
1.000000e+02, 4.801723e+01
1.000000e+02, 4.806188e+01
1.000000e+02, 4.810714e+01
1.000000e+02, 4.815301e+01
1.000000e+02, 4.819949e+01
1.000000e+02, 4.824658e+01
1.000000e+02, 4.829428e+01
1.000000e+02, 4.834259e+01
1.000000e+02, 4.839152e+01
1.000000e+02, 4.844106e+01
1.000000e+02, 4.849121e+01
1.000000e+02, 4.854198e+01
1.000000e+02, 4.859336e+01
1.000000e+02, 4.864536e+01
1.000000e+02, 4.869798e+01
1.000000e+02, 4.875121e+01
1.000000e+02, 4.880506e+01
1.000000e+02, 4.885953e+01
1.000000e+02, 4.891462e+01
1.000000e+02, 4.897033e+01
1.000000e+02, 4.902666e+01
1.000000e+02, 4.908361e+01
1.000000e+02, 4.914118e+01
1.000000e+02, 4.919938e+01
1.000000e+02, 4.925820e+01
1.000000e+02, 4.931764e+01
1.000000e+02, 4.937771e+01
1.000000e+02, 4.943840e+01
1.000000e+02, 4.949972e+01
1.000000e+02, 4.956167e+01
1.000000e+02, 4.962425e+01
1.000000e+02, 4.968746e+01
1.000000e+02, 4.975129e+01
1.000000e+02, 4.981576e+01
1.000000e+02, 4.988086e+01
1.000000e+02, 4.994659e+01
1.000000e+02, 5.001295e+01
1.000000e+02, 5.007995e+01
1.000000e+02, 5.014758e+01
1.000000e+02, 5.021585e+01
1.000000e+02, 5.028476e+01
1.000000e+02, 5.035430e+01
1.000000e+02, 5.042449e+01
1.000000e+02, 5.049531e+01
1.000000e+02, 5.056677e+01
1.000000e+02, 5.063888e+01
1.000000e+02, 5.071162e+01
1.000000e+02, 5.078501e+01
1.000000e+02, 5.085905e+01
1.000000e+02, 5.093373e+01
1.000000e+02, 5.100905e+01
1.000000e+02, 5.108503e+01
1.000000e+02, 5.116165e+01
1.000000e+02, 5.123892e+01
1.000000e+02, 5.131684e+01
1.000000e+02, 5.139542e+01
1.000000e+02, 5.147465e+01
1.000000e+02, 5.155453e+01
1.000000e+02, 5.163506e+01
1.000000e+02, 5.171625e+01
1.000000e+02, 5.179810e+01
1.000000e+02, 5.188061e+01
1.000000e+02, 5.196378e+01
1.000000e+02, 5.204760e+01
1.000000e+02, 5.213209e+01
1.000000e+02, 5.221724e+01
1.000000e+02, 5.230306e+01
1.000000e+02, 5.238954e+01
1.000000e+02, 5.247669e+01
1.000000e+02, 5.256450e+01
1.000000e+02, 5.265299e+01
1.000000e+02, 5.274214e+01
1.000000e+02, 5.283197e+01
1.000000e+02, 5.292246e+01
1.000000e+02, 5.301364e+01
1.000000e+02, 5.310548e+01
1.000000e+02, 5.319801e+01
1.000000e+02, 5.329121e+01
1.000000e+02, 5.338509e+01
1.000000e+02, 5.347965e+01
1.000000e+02, 5.357490e+01
1.000000e+02, 5.367083e+01
1.000000e+02, 5.376744e+01
1.000000e+02, 5.386474e+01
1.000000e+02, 5.396272e+01
1.000000e+02, 5.406140e+01
1.000000e+02, 5.416077e+01
1.000000e+02, 5.426082e+01
1.000000e+02, 5.436158e+01
1.000000e+02, 5.446302e+01
1.000000e+02, 5.456517e+01
1.000000e+02, 5.466801e+01
1.000000e+02, 5.477155e+01
1.000000e+02, 5.487579e+01
1.000000e+02, 5.498073e+01
1.000000e+02, 5.508638e+01
1.000000e+02, 5.519274e+01
1.000000e+02, 5.529980e+01
1.000000e+02, 5.540757e+01
1.000000e+02, 5.551605e+01
1.000000e+02, 5.562524e+01
1.000000e+02, 5.573515e+01
1.000000e+02, 5.584578e+01
1.000000e+02, 5.595712e+01
1.000000e+02, 5.606918e+01
1.000000e+02, 5.618196e+01
1.000000e+02, 5.629546e+01
1.000000e+02, 5.640969e+01
1.000000e+02, 5.652465e+01
1.000000e+02, 5.664033e+01
1.000000e+02, 5.675675e+01
1.000000e+02, 5.687389e+01
1.000000e+02, 5.699177e+01
1.000000e+02, 5.711038e+01
1.000000e+02, 5.722974e+01
1.000000e+02, 5.734983e+01
1.000000e+02, 5.747066e+01
1.000000e+02, 5.759224e+01
1.000000e+02, 5.771456e+01
1.000000e+02, 5.783762e+01
1.000000e+02, 5.796144e+01
1.000000e+02, 5.808601e+01
1.000000e+02, 5.821133e+01
1.000000e+02, 5.833741e+01
1.000000e+02, 5.846425e+01
1.000000e+02, 5.859184e+01
1.000000e+02, 5.872020e+01
1.000000e+02, 5.884932e+01
1.000000e+02, 5.897921e+01
1.000000e+02, 5.910986e+01
1.000000e+02, 5.924129e+01
1.000000e+02, 5.937349e+01
1.000000e+02, 5.950646e+01
1.000000e+02, 5.964021e+01
1.000000e+02, 5.977474e+01
1.000000e+02, 5.991005e+01
1.000000e+02, 6.004615e+01
1.000000e+02, 6.018303e+01
1.000000e+02, 6.032071e+01
1.000000e+02, 6.045917e+01
1.000000e+02, 6.059843e+01
1.000000e+02, 6.073849e+01
1.000000e+02, 6.087934e+01
1.000000e+02, 6.102100e+01
1.000000e+02, 6.116346e+01
1.000000e+02, 6.130672e+01
1.000000e+02, 6.145080e+01
1.000000e+02, 6.159568e+01
1.000000e+02, 6.174139e+01
1.000000e+02, 6.188791e+01
1.000000e+02, 6.203525e+01
1.000000e+02, 6.218341e+01
1.000000e+02, 6.233239e+01
1.000000e+02, 6.248221e+01
1.000000e+02, 6.263286e+01
1.000000e+02, 6.278434e+01
1.000000e+02, 6.293666e+01
1.000000e+02, 6.308981e+01
1.000000e+02, 6.324381e+01
1.000000e+02, 6.339866e+01
1.000000e+02, 6.355435e+01
1.000000e+02, 6.371090e+01
1.000000e+02, 6.386830e+01
1.000000e+02, 6.402655e+01
1.000000e+02, 6.418567e+01
1.000000e+02, 6.434565e+01
1.000000e+02, 6.450650e+01
1.000000e+02, 6.466822e+01
1.000000e+02, 6.483082e+01
1.000000e+02, 6.499429e+01
1.000000e+02, 6.515864e+01
1.000000e+02, 6.532387e+01
1.000000e+02, 6.549000e+01
1.000000e+02, 6.565701e+01
1.000000e+02, 6.582491e+01
1.000000e+02, 6.599372e+01
1.000000e+02, 6.616342e+01
1.000000e+02, 6.633403e+01
1.000000e+02, 6.650555e+01
1.000000e+02, 6.667798e+01
1.000000e+02, 6.685132e+01
1.000000e+02, 6.702558e+01
1.000000e+02, 6.720077e+01
1.000000e+02, 6.737688e+01
1.000000e+02, 6.755393e+01
1.000000e+02, 6.773191e+01
1.000000e+02, 6.791082e+01
1.000000e+02, 6.809068e+01
1.000000e+02, 6.827149e+01
1.000000e+02, 6.845324e+01
1.000000e+02, 6.863595e+01
1.000000e+02, 6.881962e+01
1.000000e+02, 6.900425e+01
1.000000e+02, 6.918985e+01
1.000000e+02, 6.937642e+01
1.000000e+02, 6.956397e+01
1.000000e+02, 6.975250e+01
1.000000e+02, 6.994201e+01
1.000000e+02, 7.013251e+01
1.000000e+02, 7.032401e+01
1.000000e+02, 7.051650e+01
1.000000e+02, 7.071000e+01
1.000000e+02, 7.090450e+01
1.000000e+02, 7.110002e+01
1.000000e+02, 7.129655e+01
1.000000e+02, 7.149410e+01
1.000000e+02, 7.169269e+01
1.000000e+02, 7.189230e+01
1.000000e+02, 7.209295e+01
1.000000e+02, 7.229465e+01
1.000000e+02, 7.249739e+01
1.000000e+02, 7.270118e+01
1.000000e+02, 7.290603e+01
1.000000e+02, 7.311195e+01
1.000000e+02, 7.331893e+01
1.000000e+02, 7.352699e+01
1.000000e+02, 7.373613e+01
1.000000e+02, 7.394635e+01
1.000000e+02, 7.415766e+01
1.000000e+02, 7.437007e+01
1.000000e+02, 7.458359e+01
1.000000e+02, 7.479821e+01
1.000000e+02, 7.501394e+01
1.000000e+02, 7.523080e+01
1.000000e+02, 7.544878e+01
1.000000e+02, 7.566789e+01
1.000000e+02, 7.588815e+01
1.000000e+02, 7.610954e+01
1.000000e+02, 7.633209e+01
1.000000e+02, 7.655580e+01
1.000000e+02, 7.678068e+01
1.000000e+02, 7.700672e+01
1.000000e+02, 7.723394e+01
1.000000e+02, 7.746235e+01
1.000000e+02, 7.769195e+01
1.000000e+02, 7.792275e+01
1.000000e+02, 7.815476e+01
1.000000e+02, 7.838798e+01
1.000000e+02, 7.862241e+01
1.000000e+02, 7.885808e+01
1.000000e+02, 7.909498e+01
1.000000e+02, 7.933313e+01
1.000000e+02, 7.957253e+01
1.000000e+02, 7.981318e+01
1.000000e+02, 8.005511e+01
1.000000e+02, 8.029830e+01
1.000000e+02, 8.054278e+01
1.000000e+02, 8.078856e+01
1.000000e+02, 8.103563e+01
1.000000e+02, 8.128401e+01
1.000000e+02, 8.153370e+01
1.000000e+02, 8.178472e+01
1.000000e+02, 8.203708e+01
1.000000e+02, 8.229078e+01
1.000000e+02, 8.254583e+01
1.000000e+02, 8.280224e+01
1.000000e+02, 8.306002e+01
1.000000e+02, 8.331918e+01
1.000000e+02, 8.357974e+01
1.000000e+02, 8.384169e+01
1.000000e+02, 8.410505e+01
1.000000e+02, 8.436984e+01
1.000000e+02, 8.463605e+01
1.000000e+02, 8.490370e+01
1.000000e+02, 8.517281e+01
1.000000e+02, 8.544338e+01
1.000000e+02, 8.571542e+01
1.000000e+02, 8.598894e+01
1.000000e+02, 8.626396e+01
1.000000e+02, 8.654048e+01
1.000000e+02, 8.681853e+01
1.000000e+02, 8.709810e+01
1.000000e+02, 8.737921e+01
1.000000e+02, 8.766188e+01
1.000000e+02, 8.794612e+01
1.000000e+02, 8.823193e+01
1.000000e+02, 8.851934e+01
1.000000e+02, 8.880835e+01
1.000000e+02, 8.909897e+01
1.000000e+02, 8.939123e+01
1.000000e+02, 8.968513e+01
1.000000e+02, 8.998070e+01
1.000000e+02, 9.027793e+01
1.000000e+02, 9.057685e+01
1.000000e+02, 9.087747e+01
1.000000e+02, 9.117981e+01
1.000000e+02, 9.148388e+01
1.000000e+02, 9.178970e+01
1.000000e+02, 9.209728e+01
1.000000e+02, 9.240664e+01
1.000000e+02, 9.271779e+01
1.000000e+02, 9.303075e+01
1.000000e+02, 9.334554e+01
1.000000e+02, 9.366218e+01
1.000000e+02, 9.398067e+01
1.000000e+02, 9.430105e+01
1.000000e+02, 9.462333e+01
1.000000e+02, 9.494752e+01
1.000000e+02, 9.527365e+01
1.000000e+02, 9.560173e+01
1.000000e+02, 9.593178e+01
1.000000e+02, 9.626383e+01
1.000000e+02, 9.659789e+01
1.000000e+02, 9.693399e+01
1.000000e+02, 9.727214e+01
1.000000e+02, 9.761237e+01
1.000000e+02, 9.795469e+01
1.000000e+02, 9.829914e+01
1.000000e+02, 9.864573e+01
1.000000e+02, 9.899449e+01
1.000000e+02, 9.934544e+01
1.000000e+02, 9.969861e+01
1.000000e+02, 1.000540e+02
1.000000e+02, 1.004117e+02
1.000000e+02, 1.007717e+02
1.000000e+02, 1.011339e+02
1.000000e+02, 1.014986e+02
1.000000e+02, 1.018656e+02
1.000000e+02, 1.022350e+02
1.000000e+02, 1.026068e+02
1.000000e+02, 1.029811e+02
1.000000e+02, 1.033578e+02
1.000000e+02, 1.037371e+02
1.000000e+02, 1.041190e+02
1.000000e+02, 1.045034e+02
1.000000e+02, 1.048905e+02
1.000000e+02, 1.052802e+02
1.000000e+02, 1.056726e+02
1.000000e+02, 1.060677e+02
1.000000e+02, 1.064655e+02
1.000000e+02, 1.068662e+02
1.000000e+02, 1.072697e+02
1.000000e+02, 1.076761e+02
1.000000e+02, 1.080854e+02
1.000000e+02, 1.084976e+02
1.000000e+02, 1.089129e+02
1.000000e+02, 1.093311e+02
1.000000e+02, 1.097525e+02
1.000000e+02, 1.101770e+02
1.000000e+02, 1.106047e+02
1.000000e+02, 1.110356e+02
1.000000e+02, 1.114698e+02
1.000000e+02, 1.119073e+02
1.000000e+02, 1.123483e+02
1.000000e+02, 1.127926e+02
1.000000e+02, 1.132405e+02
1.000000e+02, 1.136918e+02
1.000000e+02, 1.141469e+02
1.000000e+02, 1.146055e+02
1.000000e+02, 1.150680e+02
1.000000e+02, 1.155342e+02
1.000000e+02, 1.160043e+02
1.000000e+02, 1.164783e+02
1.000000e+02, 1.169564e+02
1.000000e+02, 1.174385e+02
1.000000e+02, 1.179248e+02
1.000000e+02, 1.184154e+02
1.000000e+02, 1.189103e+02
1.000000e+02, 1.194095e+02
1.000000e+02, 1.199133e+02
1.000000e+02, 1.204217e+02
1.000000e+02, 1.209348e+02
1.000000e+02, 1.214526e+02
1.000000e+02, 1.219754e+02
1.000000e+02, 1.225031e+02
1.000000e+02, 1.230359e+02
1.000000e+02, 1.235740e+02
1.000000e+02, 1.241174e+02
1.000000e+02, 1.246662e+02
1.000000e+02, 1.252207e+02
1.000000e+02, 1.257809e+02
1.000000e+02, 1.263469e+02
1.000000e+02, 1.269190e+02
1.000000e+02, 1.274972e+02
1.000000e+02, 1.280817e+02
1.000000e+02, 1.286728e+02
1.000000e+02, 1.292705e+02
1.000000e+02, 1.298751e+02
1.000000e+02, 1.304867e+02
1.000000e+02, 1.311056e+02
1.000000e+02, 1.317319e+02
1.000000e+02, 1.323660e+02
1.000000e+02, 1.330080e+02
1.000000e+02, 1.336581e+02
1.000000e+02, 1.343167e+02
1.000000e+02, 1.349840e+02
1.000000e+02, 1.356604e+02
1.000000e+02, 1.363461e+02
1.000000e+02, 1.370414e+02
1.000000e+02, 1.377468e+02
1.000000e+02, 1.384626e+02
1.000000e+02, 1.391891e+02
1.000000e+02, 1.399269e+02
1.000000e+02, 1.406764e+02
1.000000e+02, 1.414381e+02
1.000000e+02, 1.422125e+02
1.000000e+02, 1.430001e+02
1.000000e+02, 1.438017e+02
1.000000e+02, 1.446178e+02
1.000000e+02, 1.454493e+02
1.000000e+02, 1.462968e+02
1.000000e+02, 1.471613e+02
1.000000e+02, 1.480436e+02
1.000000e+02, 1.489449e+02
1.000000e+02, 1.498662e+02
1.000000e+02, 1.508089e+02
1.000000e+02, 1.517742e+02
1.000000e+02, 1.527639e+02
1.000000e+02, 1.537797e+02
1.000000e+02, 1.548235e+02
1.000000e+02, 1.558976e+02
1.000000e+02, 1.570047e+02
1.000000e+02, 1.581477e+02
1.000000e+02, 1.593300e+02
1.000000e+02, 1.605559e+02
1.000000e+02, 1.618301e+02
1.000000e+02, 1.631586e+02
1.000000e+02, 1.645485e+02
1.000000e+02, 1.660087e+02
1.000000e+02, 1.675507e+02
1.000000e+02, 1.691894e+02
1.000000e+02, 1.709448e+02
1.000000e+02, 1.728453e+02
1.000000e+02, 1.749330e+02
1.000000e+02, 1.772763e+02
1.000000e+02, 1.800000e+02
##END= 