##TITLE= /opt/topspin3.0/exp/stan/nmr/lists/wave/user/HypSec_trunc2.84_110
##JCAMP-DX= 5.00 Bruker JCAMP library
##DATA TYPE= Shape Data
##ORIGIN= Bruker BioSpin GmbH
##OWNER= <nmrsu>
##DATE= 15/02/24
##TIME= 16:15:04
##MINX= 1.164538e+01
##MAXX= 9.999960e+01
##MINY= 2.546774e-02
##MAXY= 3.585574e+02
##$SHAPE_EXMODE= Adiabatic
##$SHAPE_TOTROT= 1.800000e+02
##$SHAPE_BWFAC= 1.929340e+02
##$SHAPE_INTEGFAC= 2.356110e-02
##$SHAPE_MODE= 0
##NPOINTS= 100
##XYPOINTS= (XY..XY)
1.000000e+02, 1.800000e+02
1.000000e+02, 1.779081e+02
1.000000e+02, 1.768033e+02
1.000000e+02, 1.759533e+02
1.000000e+02, 1.752416e+02
1.000000e+02, 1.746215e+02
1.000000e+02, 1.740682e+02
1.000000e+02, 1.735670e+02
1.000000e+02, 1.731078e+02
1.000000e+02, 1.726839e+02
1.000000e+02, 1.722900e+02
1.000000e+02, 1.719222e+02
1.000000e+02, 1.715776e+02
1.000000e+02, 1.712537e+02
1.000000e+02, 1.709484e+02
1.000000e+02, 1.706602e+02
1.000000e+02, 1.703877e+02
1.000000e+02, 1.701297e+02
1.000000e+02, 1.698852e+02
1.000000e+02, 1.696533e+02
1.000000e+02, 1.694333e+02
1.000000e+02, 1.692245e+02
1.000000e+02, 1.690264e+02
1.000000e+02, 1.688383e+02
1.000000e+02, 1.686599e+02
1.000000e+02, 1.684908e+02
1.000000e+02, 1.683305e+02
1.000000e+02, 1.681788e+02
1.000000e+02, 1.680353e+02
1.000000e+02, 1.678998e+02
1.000000e+02, 1.677721e+02
1.000000e+02, 1.676518e+02
1.000000e+02, 1.675389e+02
1.000000e+02, 1.674331e+02
1.000000e+02, 1.673342e+02
1.000000e+02, 1.672422e+02
1.000000e+02, 1.671569e+02
1.000000e+02, 1.670781e+02
1.000000e+02, 1.670058e+02
1.000000e+02, 1.669398e+02
1.000000e+02, 1.668801e+02
1.000000e+02, 1.668266e+02
1.000000e+02, 1.667792e+02
1.000000e+02, 1.667378e+02
1.000000e+02, 1.667025e+02
1.000000e+02, 1.666731e+02
1.000000e+02, 1.666496e+02
1.000000e+02, 1.666321e+02
1.000000e+02, 1.666203e+02
1.000000e+02, 1.666145e+02
1.000000e+02, 1.666145e+02
1.000000e+02, 1.666203e+02
1.000000e+02, 1.666321e+02
1.000000e+02, 1.666496e+02
1.000000e+02, 1.666731e+02
1.000000e+02, 1.667025e+02
1.000000e+02, 1.667378e+02
1.000000e+02, 1.667792e+02
1.000000e+02, 1.668266e+02
1.000000e+02, 1.668801e+02
1.000000e+02, 1.669398e+02
1.000000e+02, 1.670058e+02
1.000000e+02, 1.670781e+02
1.000000e+02, 1.671569e+02
1.000000e+02, 1.672422e+02
1.000000e+02, 1.673342e+02
1.000000e+02, 1.674331e+02
1.000000e+02, 1.675389e+02
1.000000e+02, 1.676518e+02
1.000000e+02, 1.677721e+02
1.000000e+02, 1.678998e+02
1.000000e+02, 1.680353e+02
1.000000e+02, 1.681788e+02
1.000000e+02, 1.683305e+02
1.000000e+02, 1.684908e+02
1.000000e+02, 1.686599e+02
1.000000e+02, 1.688383e+02
1.000000e+02, 1.690264e+02
1.000000e+02, 1.692245e+02
1.000000e+02, 1.694333e+02
1.000000e+02, 1.696533e+02
1.000000e+02, 1.698852e+02
1.000000e+02, 1.701297e+02
1.000000e+02, 1.703877e+02
1.000000e+02, 1.706602e+02
1.000000e+02, 1.709484e+02
1.000000e+02, 1.712537e+02
1.000000e+02, 1.715776e+02
1.000000e+02, 1.719222e+02
1.000000e+02, 1.722900e+02
1.000000e+02, 1.726839e+02
1.000000e+02, 1.731078e+02
1.000000e+02, 1.735670e+02
1.000000e+02, 1.740682e+02
1.000000e+02, 1.746215e+02
1.000000e+02, 1.752416e+02
1.000000e+02, 1.759533e+02
1.000000e+02, 1.768033e+02
1.000000e+02, 1.779081e+02
1.000000e+02, 1.800000e+02
##END= 