##TITLE= /opt/topspin3.0/exp/stan/nmr/lists/wave/user/HypSec_trunc2.84_110
##JCAMP-DX= 5.00 Bruker JCAMP library
##DATA TYPE= Shape Data
##ORIGIN= Bruker BioSpin GmbH
##OWNER= <nmrsu>
##DATE= 15/02/24
##TIME= 16:15:04
##MINX= 1.164538e+01
##MAXX= 9.999960e+01
##MINY= 2.546774e-02
##MAXY= 3.585574e+02
##$SHAPE_EXMODE= Adiabatic
##$SHAPE_TOTROT= 1.800000e+02
##$SHAPE_BWFAC= 1.929340e+02
##$SHAPE_INTEGFAC= 2.356110e-02
##$SHAPE_MODE= 0
##NPOINTS= 1000
##XYPOINTS= (XY..XY)
1.000000e+02, 1.800000e+02
1.000000e+02, 1.769774e+02
1.000000e+02, 1.743769e+02
1.000000e+02, 1.720600e+02
1.000000e+02, 1.699510e+02
1.000000e+02, 1.680029e+02
1.000000e+02, 1.661844e+02
1.000000e+02, 1.644731e+02
1.000000e+02, 1.628526e+02
1.000000e+02, 1.613101e+02
1.000000e+02, 1.598358e+02
1.000000e+02, 1.584218e+02
1.000000e+02, 1.570614e+02
1.000000e+02, 1.557492e+02
1.000000e+02, 1.544808e+02
1.000000e+02, 1.532522e+02
1.000000e+02, 1.520602e+02
1.000000e+02, 1.509018e+02
1.000000e+02, 1.497746e+02
1.000000e+02, 1.486763e+02
1.000000e+02, 1.476050e+02
1.000000e+02, 1.465588e+02
1.000000e+02, 1.455364e+02
1.000000e+02, 1.445362e+02
1.000000e+02, 1.435570e+02
1.000000e+02, 1.425977e+02
1.000000e+02, 1.416571e+02
1.000000e+02, 1.407344e+02
1.000000e+02, 1.398287e+02
1.000000e+02, 1.389392e+02
1.000000e+02, 1.380650e+02
1.000000e+02, 1.372057e+02
1.000000e+02, 1.363604e+02
1.000000e+02, 1.355286e+02
1.000000e+02, 1.347099e+02
1.000000e+02, 1.339036e+02
1.000000e+02, 1.331092e+02
1.000000e+02, 1.323265e+02
1.000000e+02, 1.315548e+02
1.000000e+02, 1.307939e+02
1.000000e+02, 1.300433e+02
1.000000e+02, 1.293027e+02
1.000000e+02, 1.285718e+02
1.000000e+02, 1.278503e+02
1.000000e+02, 1.271379e+02
1.000000e+02, 1.264342e+02
1.000000e+02, 1.257391e+02
1.000000e+02, 1.250523e+02
1.000000e+02, 1.243736e+02
1.000000e+02, 1.237026e+02
1.000000e+02, 1.230393e+02
1.000000e+02, 1.223834e+02
1.000000e+02, 1.217347e+02
1.000000e+02, 1.210930e+02
1.000000e+02, 1.204582e+02
1.000000e+02, 1.198300e+02
1.000000e+02, 1.192083e+02
1.000000e+02, 1.185930e+02
1.000000e+02, 1.179839e+02
1.000000e+02, 1.173809e+02
1.000000e+02, 1.167838e+02
1.000000e+02, 1.161925e+02
1.000000e+02, 1.156068e+02
1.000000e+02, 1.150267e+02
1.000000e+02, 1.144520e+02
1.000000e+02, 1.138826e+02
1.000000e+02, 1.133185e+02
1.000000e+02, 1.127594e+02
1.000000e+02, 1.122053e+02
1.000000e+02, 1.116561e+02
1.000000e+02, 1.111117e+02
1.000000e+02, 1.105720e+02
1.000000e+02, 1.100370e+02
1.000000e+02, 1.095064e+02
1.000000e+02, 1.089804e+02
1.000000e+02, 1.084587e+02
1.000000e+02, 1.079413e+02
1.000000e+02, 1.074281e+02
1.000000e+02, 1.069191e+02
1.000000e+02, 1.064141e+02
1.000000e+02, 1.059132e+02
1.000000e+02, 1.054162e+02
1.000000e+02, 1.049231e+02
1.000000e+02, 1.044338e+02
1.000000e+02, 1.039482e+02
1.000000e+02, 1.034664e+02
1.000000e+02, 1.029882e+02
1.000000e+02, 1.025135e+02
1.000000e+02, 1.020424e+02
1.000000e+02, 1.015748e+02
1.000000e+02, 1.011106e+02
1.000000e+02, 1.006498e+02
1.000000e+02, 1.001923e+02
1.000000e+02, 9.973809e+01
1.000000e+02, 9.928712e+01
1.000000e+02, 9.883933e+01
1.000000e+02, 9.839469e+01
1.000000e+02, 9.795315e+01
1.000000e+02, 9.751468e+01
1.000000e+02, 9.707922e+01
1.000000e+02, 9.664675e+01
1.000000e+02, 9.621722e+01
1.000000e+02, 9.579059e+01
1.000000e+02, 9.536683e+01
1.000000e+02, 9.494590e+01
1.000000e+02, 9.452777e+01
1.000000e+02, 9.411240e+01
1.000000e+02, 9.369977e+01
1.000000e+02, 9.328982e+01
1.000000e+02, 9.288254e+01
1.000000e+02, 9.247790e+01
1.000000e+02, 9.207586e+01
1.000000e+02, 9.167638e+01
1.000000e+02, 9.127946e+01
1.000000e+02, 9.088504e+01
1.000000e+02, 9.049311e+01
1.000000e+02, 9.010364e+01
1.000000e+02, 8.971661e+01
1.000000e+02, 8.933197e+01
1.000000e+02, 8.894972e+01
1.000000e+02, 8.856982e+01
1.000000e+02, 8.819225e+01
1.000000e+02, 8.781698e+01
1.000000e+02, 8.744400e+01
1.000000e+02, 8.707327e+01
1.000000e+02, 8.670478e+01
1.000000e+02, 8.633850e+01
1.000000e+02, 8.597441e+01
1.000000e+02, 8.561249e+01
1.000000e+02, 8.525271e+01
1.000000e+02, 8.489507e+01
1.000000e+02, 8.453953e+01
1.000000e+02, 8.418607e+01
1.000000e+02, 8.383468e+01
1.000000e+02, 8.348534e+01
1.000000e+02, 8.313803e+01
1.000000e+02, 8.279273e+01
1.000000e+02, 8.244942e+01
1.000000e+02, 8.210808e+01
1.000000e+02, 8.176870e+01
1.000000e+02, 8.143125e+01
1.000000e+02, 8.109573e+01
1.000000e+02, 8.076211e+01
1.000000e+02, 8.043038e+01
1.000000e+02, 8.010053e+01
1.000000e+02, 7.977253e+01
1.000000e+02, 7.944637e+01
1.000000e+02, 7.912203e+01
1.000000e+02, 7.879950e+01
1.000000e+02, 7.847877e+01
1.000000e+02, 7.815982e+01
1.000000e+02, 7.784264e+01
1.000000e+02, 7.752721e+01
1.000000e+02, 7.721352e+01
1.000000e+02, 7.690155e+01
1.000000e+02, 7.659129e+01
1.000000e+02, 7.628273e+01
1.000000e+02, 7.597586e+01
1.000000e+02, 7.567065e+01
1.000000e+02, 7.536711e+01
1.000000e+02, 7.506521e+01
1.000000e+02, 7.476495e+01
1.000000e+02, 7.446631e+01
1.000000e+02, 7.416927e+01
1.000000e+02, 7.387384e+01
1.000000e+02, 7.358000e+01
1.000000e+02, 7.328773e+01
1.000000e+02, 7.299702e+01
1.000000e+02, 7.270787e+01
1.000000e+02, 7.242027e+01
1.000000e+02, 7.213419e+01
1.000000e+02, 7.184963e+01
1.000000e+02, 7.156659e+01
1.000000e+02, 7.128505e+01
1.000000e+02, 7.100500e+01
1.000000e+02, 7.072642e+01
1.000000e+02, 7.044932e+01
1.000000e+02, 7.017368e+01
1.000000e+02, 6.989949e+01
1.000000e+02, 6.962675e+01
1.000000e+02, 6.935543e+01
1.000000e+02, 6.908554e+01
1.000000e+02, 6.881707e+01
1.000000e+02, 6.855000e+01
1.000000e+02, 6.828433e+01
1.000000e+02, 6.802004e+01
1.000000e+02, 6.775714e+01
1.000000e+02, 6.749561e+01
1.000000e+02, 6.723543e+01
1.000000e+02, 6.697662e+01
1.000000e+02, 6.671915e+01
1.000000e+02, 6.646302e+01
1.000000e+02, 6.620822e+01
1.000000e+02, 6.595474e+01
1.000000e+02, 6.570258e+01
1.000000e+02, 6.545173e+01
1.000000e+02, 6.520217e+01
1.000000e+02, 6.495391e+01
1.000000e+02, 6.470693e+01
1.000000e+02, 6.446123e+01
1.000000e+02, 6.421681e+01
1.000000e+02, 6.397364e+01
1.000000e+02, 6.373174e+01
1.000000e+02, 6.349108e+01
1.000000e+02, 6.325167e+01
1.000000e+02, 6.301349e+01
1.000000e+02, 6.277654e+01
1.000000e+02, 6.254082e+01
1.000000e+02, 6.230631e+01
1.000000e+02, 6.207302e+01
1.000000e+02, 6.184093e+01
1.000000e+02, 6.161003e+01
1.000000e+02, 6.138033e+01
1.000000e+02, 6.115182e+01
1.000000e+02, 6.092448e+01
1.000000e+02, 6.069832e+01
1.000000e+02, 6.047333e+01
1.000000e+02, 6.024950e+01
1.000000e+02, 6.002682e+01
1.000000e+02, 5.980530e+01
1.000000e+02, 5.958492e+01
1.000000e+02, 5.936568e+01
1.000000e+02, 5.914758e+01
1.000000e+02, 5.893060e+01
1.000000e+02, 5.871475e+01
1.000000e+02, 5.850002e+01
1.000000e+02, 5.828640e+01
1.000000e+02, 5.807388e+01
1.000000e+02, 5.786247e+01
1.000000e+02, 5.765216e+01
1.000000e+02, 5.744294e+01
1.000000e+02, 5.723481e+01
1.000000e+02, 5.702776e+01
1.000000e+02, 5.682179e+01
1.000000e+02, 5.661690e+01
1.000000e+02, 5.641307e+01
1.000000e+02, 5.621030e+01
1.000000e+02, 5.600860e+01
1.000000e+02, 5.580795e+01
1.000000e+02, 5.560835e+01
1.000000e+02, 5.540980e+01
1.000000e+02, 5.521228e+01
1.000000e+02, 5.501581e+01
1.000000e+02, 5.482037e+01
1.000000e+02, 5.462595e+01
1.000000e+02, 5.443256e+01
1.000000e+02, 5.424019e+01
1.000000e+02, 5.404884e+01
1.000000e+02, 5.385850e+01
1.000000e+02, 5.366916e+01
1.000000e+02, 5.348083e+01
1.000000e+02, 5.329350e+01
1.000000e+02, 5.310717e+01
1.000000e+02, 5.292182e+01
1.000000e+02, 5.273747e+01
1.000000e+02, 5.255410e+01
1.000000e+02, 5.237171e+01
1.000000e+02, 5.219030e+01
1.000000e+02, 5.200986e+01
1.000000e+02, 5.183039e+01
1.000000e+02, 5.165188e+01
1.000000e+02, 5.147434e+01
1.000000e+02, 5.129776e+01
1.000000e+02, 5.112213e+01
1.000000e+02, 5.094746e+01
1.000000e+02, 5.077373e+01
1.000000e+02, 5.060095e+01
1.000000e+02, 5.042911e+01
1.000000e+02, 5.025821e+01
1.000000e+02, 5.008824e+01
1.000000e+02, 4.991920e+01
1.000000e+02, 4.975110e+01
1.000000e+02, 4.958392e+01
1.000000e+02, 4.941766e+01
1.000000e+02, 4.925232e+01
1.000000e+02, 4.908789e+01
1.000000e+02, 4.892438e+01
1.000000e+02, 4.876178e+01
1.000000e+02, 4.860009e+01
1.000000e+02, 4.843930e+01
1.000000e+02, 4.827941e+01
1.000000e+02, 4.812042e+01
1.000000e+02, 4.796232e+01
1.000000e+02, 4.780512e+01
1.000000e+02, 4.764881e+01
1.000000e+02, 4.749338e+01
1.000000e+02, 4.733884e+01
1.000000e+02, 4.718517e+01
1.000000e+02, 4.703239e+01
1.000000e+02, 4.688048e+01
1.000000e+02, 4.672945e+01
1.000000e+02, 4.657928e+01
1.000000e+02, 4.642999e+01
1.000000e+02, 4.628156e+01
1.000000e+02, 4.613399e+01
1.000000e+02, 4.598728e+01
1.000000e+02, 4.584143e+01
1.000000e+02, 4.569643e+01
1.000000e+02, 4.555229e+01
1.000000e+02, 4.540900e+01
1.000000e+02, 4.526655e+01
1.000000e+02, 4.512496e+01
1.000000e+02, 4.498420e+01
1.000000e+02, 4.484428e+01
1.000000e+02, 4.470521e+01
1.000000e+02, 4.456697e+01
1.000000e+02, 4.442956e+01
1.000000e+02, 4.429298e+01
1.000000e+02, 4.415724e+01
1.000000e+02, 4.402232e+01
1.000000e+02, 4.388822e+01
1.000000e+02, 4.375495e+01
1.000000e+02, 4.362250e+01
1.000000e+02, 4.349087e+01
1.000000e+02, 4.336005e+01
1.000000e+02, 4.323005e+01
1.000000e+02, 4.310086e+01
1.000000e+02, 4.297248e+01
1.000000e+02, 4.284490e+01
1.000000e+02, 4.271814e+01
1.000000e+02, 4.259217e+01
1.000000e+02, 4.246701e+01
1.000000e+02, 4.234265e+01
1.000000e+02, 4.221909e+01
1.000000e+02, 4.209633e+01
1.000000e+02, 4.197436e+01
1.000000e+02, 4.185318e+01
1.000000e+02, 4.173279e+01
1.000000e+02, 4.161319e+01
1.000000e+02, 4.149438e+01
1.000000e+02, 4.137635e+01
1.000000e+02, 4.125911e+01
1.000000e+02, 4.114264e+01
1.000000e+02, 4.102696e+01
1.000000e+02, 4.091206e+01
1.000000e+02, 4.079793e+01
1.000000e+02, 4.068457e+01
1.000000e+02, 4.057199e+01
1.000000e+02, 4.046018e+01
1.000000e+02, 4.034914e+01
1.000000e+02, 4.023887e+01
1.000000e+02, 4.012936e+01
1.000000e+02, 4.002062e+01
1.000000e+02, 3.991265e+01
1.000000e+02, 3.980543e+01
1.000000e+02, 3.969897e+01
1.000000e+02, 3.959327e+01
1.000000e+02, 3.948833e+01
1.000000e+02, 3.938415e+01
1.000000e+02, 3.928072e+01
1.000000e+02, 3.917804e+01
1.000000e+02, 3.907611e+01
1.000000e+02, 3.897493e+01
1.000000e+02, 3.887450e+01
1.000000e+02, 3.877481e+01
1.000000e+02, 3.867587e+01
1.000000e+02, 3.857768e+01
1.000000e+02, 3.848023e+01
1.000000e+02, 3.838351e+01
1.000000e+02, 3.828754e+01
1.000000e+02, 3.819231e+01
1.000000e+02, 3.809781e+01
1.000000e+02, 3.800405e+01
1.000000e+02, 3.791102e+01
1.000000e+02, 3.781873e+01
1.000000e+02, 3.772716e+01
1.000000e+02, 3.763633e+01
1.000000e+02, 3.754623e+01
1.000000e+02, 3.745685e+01
1.000000e+02, 3.736820e+01
1.000000e+02, 3.728028e+01
1.000000e+02, 3.719308e+01
1.000000e+02, 3.710661e+01
1.000000e+02, 3.702086e+01
1.000000e+02, 3.693582e+01
1.000000e+02, 3.685151e+01
1.000000e+02, 3.676792e+01
1.000000e+02, 3.668504e+01
1.000000e+02, 3.660288e+01
1.000000e+02, 3.652143e+01
1.000000e+02, 3.644070e+01
1.000000e+02, 3.636068e+01
1.000000e+02, 3.628138e+01
1.000000e+02, 3.620278e+01
1.000000e+02, 3.612490e+01
1.000000e+02, 3.604772e+01
1.000000e+02, 3.597125e+01
1.000000e+02, 3.589549e+01
1.000000e+02, 3.582043e+01
1.000000e+02, 3.574608e+01
1.000000e+02, 3.567243e+01
1.000000e+02, 3.559949e+01
1.000000e+02, 3.552724e+01
1.000000e+02, 3.545570e+01
1.000000e+02, 3.538486e+01
1.000000e+02, 3.531472e+01
1.000000e+02, 3.524527e+01
1.000000e+02, 3.517652e+01
1.000000e+02, 3.510847e+01
1.000000e+02, 3.504111e+01
1.000000e+02, 3.497445e+01
1.000000e+02, 3.490849e+01
1.000000e+02, 3.484321e+01
1.000000e+02, 3.477863e+01
1.000000e+02, 3.471474e+01
1.000000e+02, 3.465153e+01
1.000000e+02, 3.458902e+01
1.000000e+02, 3.452720e+01
1.000000e+02, 3.446606e+01
1.000000e+02, 3.440562e+01
1.000000e+02, 3.434586e+01
1.000000e+02, 3.428678e+01
1.000000e+02, 3.422839e+01
1.000000e+02, 3.417068e+01
1.000000e+02, 3.411366e+01
1.000000e+02, 3.405732e+01
1.000000e+02, 3.400166e+01
1.000000e+02, 3.394668e+01
1.000000e+02, 3.389239e+01
1.000000e+02, 3.383877e+01
1.000000e+02, 3.378584e+01
1.000000e+02, 3.373358e+01
1.000000e+02, 3.368200e+01
1.000000e+02, 3.363109e+01
1.000000e+02, 3.358087e+01
1.000000e+02, 3.353132e+01
1.000000e+02, 3.348244e+01
1.000000e+02, 3.343424e+01
1.000000e+02, 3.338672e+01
1.000000e+02, 3.333986e+01
1.000000e+02, 3.329369e+01
1.000000e+02, 3.324818e+01
1.000000e+02, 3.320334e+01
1.000000e+02, 3.315918e+01
1.000000e+02, 3.311569e+01
1.000000e+02, 3.307287e+01
1.000000e+02, 3.303071e+01
1.000000e+02, 3.298923e+01
1.000000e+02, 3.294842e+01
1.000000e+02, 3.290827e+01
1.000000e+02, 3.286879e+01
1.000000e+02, 3.282998e+01
1.000000e+02, 3.279184e+01
1.000000e+02, 3.275436e+01
1.000000e+02, 3.271755e+01
1.000000e+02, 3.268140e+01
1.000000e+02, 3.264592e+01
1.000000e+02, 3.261110e+01
1.000000e+02, 3.257695e+01
1.000000e+02, 3.254346e+01
1.000000e+02, 3.251063e+01
1.000000e+02, 3.247847e+01
1.000000e+02, 3.244697e+01
1.000000e+02, 3.241613e+01
1.000000e+02, 3.238595e+01
1.000000e+02, 3.235644e+01
1.000000e+02, 3.232758e+01
1.000000e+02, 3.229939e+01
1.000000e+02, 3.227186e+01
1.000000e+02, 3.224498e+01
1.000000e+02, 3.221877e+01
1.000000e+02, 3.219322e+01
1.000000e+02, 3.216832e+01
1.000000e+02, 3.214409e+01
1.000000e+02, 3.212051e+01
1.000000e+02, 3.209759e+01
1.000000e+02, 3.207533e+01
1.000000e+02, 3.205372e+01
1.000000e+02, 3.203277e+01
1.000000e+02, 3.201249e+01
1.000000e+02, 3.199285e+01
1.000000e+02, 3.197388e+01
1.000000e+02, 3.195556e+01
1.000000e+02, 3.193789e+01
1.000000e+02, 3.192089e+01
1.000000e+02, 3.190453e+01
1.000000e+02, 3.188884e+01
1.000000e+02, 3.187380e+01
1.000000e+02, 3.185941e+01
1.000000e+02, 3.184568e+01
1.000000e+02, 3.183261e+01
1.000000e+02, 3.182019e+01
1.000000e+02, 3.180842e+01
1.000000e+02, 3.179731e+01
1.000000e+02, 3.178685e+01
1.000000e+02, 3.177705e+01
1.000000e+02, 3.176790e+01
1.000000e+02, 3.175940e+01
1.000000e+02, 3.175156e+01
1.000000e+02, 3.174437e+01
1.000000e+02, 3.173784e+01
1.000000e+02, 3.173196e+01
1.000000e+02, 3.172673e+01
1.000000e+02, 3.172216e+01
1.000000e+02, 3.171824e+01
1.000000e+02, 3.171497e+01
1.000000e+02, 3.171236e+01
1.000000e+02, 3.171040e+01
1.000000e+02, 3.170909e+01
1.000000e+02, 3.170844e+01
1.000000e+02, 3.170844e+01
1.000000e+02, 3.170909e+01
1.000000e+02, 3.171040e+01
1.000000e+02, 3.171236e+01
1.000000e+02, 3.171497e+01
1.000000e+02, 3.171824e+01
1.000000e+02, 3.172216e+01
1.000000e+02, 3.172673e+01
1.000000e+02, 3.173196e+01
1.000000e+02, 3.173784e+01
1.000000e+02, 3.174437e+01
1.000000e+02, 3.175156e+01
1.000000e+02, 3.175940e+01
1.000000e+02, 3.176790e+01
1.000000e+02, 3.177705e+01
1.000000e+02, 3.178685e+01
1.000000e+02, 3.179731e+01
1.000000e+02, 3.180842e+01
1.000000e+02, 3.182019e+01
1.000000e+02, 3.183261e+01
1.000000e+02, 3.184568e+01
1.000000e+02, 3.185941e+01
1.000000e+02, 3.187380e+01
1.000000e+02, 3.188884e+01
1.000000e+02, 3.190453e+01
1.000000e+02, 3.192089e+01
1.000000e+02, 3.193789e+01
1.000000e+02, 3.195556e+01
1.000000e+02, 3.197388e+01
1.000000e+02, 3.199285e+01
1.000000e+02, 3.201249e+01
1.000000e+02, 3.203278e+01
1.000000e+02, 3.205372e+01
1.000000e+02, 3.207533e+01
1.000000e+02, 3.209759e+01
1.000000e+02, 3.212051e+01
1.000000e+02, 3.214409e+01
1.000000e+02, 3.216832e+01
1.000000e+02, 3.219322e+01
1.000000e+02, 3.221877e+01
1.000000e+02, 3.224498e+01
1.000000e+02, 3.227186e+01
1.000000e+02, 3.229939e+01
1.000000e+02, 3.232758e+01
1.000000e+02, 3.235644e+01
1.000000e+02, 3.238595e+01
1.000000e+02, 3.241613e+01
1.000000e+02, 3.244697e+01
1.000000e+02, 3.247847e+01
1.000000e+02, 3.251063e+01
1.000000e+02, 3.254346e+01
1.000000e+02, 3.257695e+01
1.000000e+02, 3.261110e+01
1.000000e+02, 3.264592e+01
1.000000e+02, 3.268140e+01
1.000000e+02, 3.271755e+01
1.000000e+02, 3.275436e+01
1.000000e+02, 3.279184e+01
1.000000e+02, 3.282998e+01
1.000000e+02, 3.286879e+01
1.000000e+02, 3.290827e+01
1.000000e+02, 3.294842e+01
1.000000e+02, 3.298923e+01
1.000000e+02, 3.303071e+01
1.000000e+02, 3.307287e+01
1.000000e+02, 3.311569e+01
1.000000e+02, 3.315918e+01
1.000000e+02, 3.320334e+01
1.000000e+02, 3.324818e+01
1.000000e+02, 3.329369e+01
1.000000e+02, 3.333986e+01
1.000000e+02, 3.338672e+01
1.000000e+02, 3.343424e+01
1.000000e+02, 3.348244e+01
1.000000e+02, 3.353132e+01
1.000000e+02, 3.358087e+01
1.000000e+02, 3.363109e+01
1.000000e+02, 3.368200e+01
1.000000e+02, 3.373358e+01
1.000000e+02, 3.378584e+01
1.000000e+02, 3.383877e+01
1.000000e+02, 3.389239e+01
1.000000e+02, 3.394668e+01
1.000000e+02, 3.400166e+01
1.000000e+02, 3.405732e+01
1.000000e+02, 3.411366e+01
1.000000e+02, 3.417068e+01
1.000000e+02, 3.422839e+01
1.000000e+02, 3.428678e+01
1.000000e+02, 3.434586e+01
1.000000e+02, 3.440562e+01
1.000000e+02, 3.446606e+01
1.000000e+02, 3.452720e+01
1.000000e+02, 3.458902e+01
1.000000e+02, 3.465153e+01
1.000000e+02, 3.471474e+01
1.000000e+02, 3.477863e+01
1.000000e+02, 3.484321e+01
1.000000e+02, 3.490849e+01
1.000000e+02, 3.497445e+01
1.000000e+02, 3.504112e+01
1.000000e+02, 3.510847e+01
1.000000e+02, 3.517652e+01
1.000000e+02, 3.524527e+01
1.000000e+02, 3.531472e+01
1.000000e+02, 3.538486e+01
1.000000e+02, 3.545570e+01
1.000000e+02, 3.552724e+01
1.000000e+02, 3.559949e+01
1.000000e+02, 3.567243e+01
1.000000e+02, 3.574608e+01
1.000000e+02, 3.582043e+01
1.000000e+02, 3.589549e+01
1.000000e+02, 3.597125e+01
1.000000e+02, 3.604772e+01
1.000000e+02, 3.612490e+01
1.000000e+02, 3.620278e+01
1.000000e+02, 3.628138e+01
1.000000e+02, 3.636068e+01
1.000000e+02, 3.644070e+01
1.000000e+02, 3.652143e+01
1.000000e+02, 3.660288e+01
1.000000e+02, 3.668504e+01
1.000000e+02, 3.676792e+01
1.000000e+02, 3.685151e+01
1.000000e+02, 3.693582e+01
1.000000e+02, 3.702086e+01
1.000000e+02, 3.710661e+01
1.000000e+02, 3.719308e+01
1.000000e+02, 3.728028e+01
1.000000e+02, 3.736820e+01
1.000000e+02, 3.745685e+01
1.000000e+02, 3.754623e+01
1.000000e+02, 3.763633e+01
1.000000e+02, 3.772716e+01
1.000000e+02, 3.781873e+01
1.000000e+02, 3.791102e+01
1.000000e+02, 3.800405e+01
1.000000e+02, 3.809781e+01
1.000000e+02, 3.819231e+01
1.000000e+02, 3.828754e+01
1.000000e+02, 3.838351e+01
1.000000e+02, 3.848023e+01
1.000000e+02, 3.857768e+01
1.000000e+02, 3.867587e+01
1.000000e+02, 3.877481e+01
1.000000e+02, 3.887450e+01
1.000000e+02, 3.897493e+01
1.000000e+02, 3.907611e+01
1.000000e+02, 3.917804e+01
1.000000e+02, 3.928072e+01
1.000000e+02, 3.938415e+01
1.000000e+02, 3.948833e+01
1.000000e+02, 3.959328e+01
1.000000e+02, 3.969897e+01
1.000000e+02, 3.980543e+01
1.000000e+02, 3.991265e+01
1.000000e+02, 4.002062e+01
1.000000e+02, 4.012937e+01
1.000000e+02, 4.023887e+01
1.000000e+02, 4.034914e+01
1.000000e+02, 4.046018e+01
1.000000e+02, 4.057199e+01
1.000000e+02, 4.068457e+01
1.000000e+02, 4.079793e+01
1.000000e+02, 4.091206e+01
1.000000e+02, 4.102696e+01
1.000000e+02, 4.114264e+01
1.000000e+02, 4.125911e+01
1.000000e+02, 4.137635e+01
1.000000e+02, 4.149438e+01
1.000000e+02, 4.161319e+01
1.000000e+02, 4.173279e+01
1.000000e+02, 4.185318e+01
1.000000e+02, 4.197436e+01
1.000000e+02, 4.209633e+01
1.000000e+02, 4.221909e+01
1.000000e+02, 4.234266e+01
1.000000e+02, 4.246702e+01
1.000000e+02, 4.259218e+01
1.000000e+02, 4.271814e+01
1.000000e+02, 4.284490e+01
1.000000e+02, 4.297248e+01
1.000000e+02, 4.310086e+01
1.000000e+02, 4.323005e+01
1.000000e+02, 4.336005e+01
1.000000e+02, 4.349087e+01
1.000000e+02, 4.362250e+01
1.000000e+02, 4.375495e+01
1.000000e+02, 4.388822e+01
1.000000e+02, 4.402232e+01
1.000000e+02, 4.415724e+01
1.000000e+02, 4.429298e+01
1.000000e+02, 4.442956e+01
1.000000e+02, 4.456697e+01
1.000000e+02, 4.470521e+01
1.000000e+02, 4.484428e+01
1.000000e+02, 4.498420e+01
1.000000e+02, 4.512496e+01
1.000000e+02, 4.526656e+01
1.000000e+02, 4.540900e+01
1.000000e+02, 4.555229e+01
1.000000e+02, 4.569644e+01
1.000000e+02, 4.584143e+01
1.000000e+02, 4.598728e+01
1.000000e+02, 4.613399e+01
1.000000e+02, 4.628156e+01
1.000000e+02, 4.642999e+01
1.000000e+02, 4.657929e+01
1.000000e+02, 4.672945e+01
1.000000e+02, 4.688048e+01
1.000000e+02, 4.703239e+01
1.000000e+02, 4.718518e+01
1.000000e+02, 4.733884e+01
1.000000e+02, 4.749338e+01
1.000000e+02, 4.764881e+01
1.000000e+02, 4.780512e+01
1.000000e+02, 4.796232e+01
1.000000e+02, 4.812042e+01
1.000000e+02, 4.827941e+01
1.000000e+02, 4.843930e+01
1.000000e+02, 4.860009e+01
1.000000e+02, 4.876178e+01
1.000000e+02, 4.892438e+01
1.000000e+02, 4.908789e+01
1.000000e+02, 4.925232e+01
1.000000e+02, 4.941766e+01
1.000000e+02, 4.958392e+01
1.000000e+02, 4.975110e+01
1.000000e+02, 4.991920e+01
1.000000e+02, 5.008824e+01
1.000000e+02, 5.025821e+01
1.000000e+02, 5.042911e+01
1.000000e+02, 5.060095e+01
1.000000e+02, 5.077373e+01
1.000000e+02, 5.094746e+01
1.000000e+02, 5.112213e+01
1.000000e+02, 5.129776e+01
1.000000e+02, 5.147434e+01
1.000000e+02, 5.165189e+01
1.000000e+02, 5.183039e+01
1.000000e+02, 5.200986e+01
1.000000e+02, 5.219030e+01
1.000000e+02, 5.237171e+01
1.000000e+02, 5.255410e+01
1.000000e+02, 5.273747e+01
1.000000e+02, 5.292183e+01
1.000000e+02, 5.310717e+01
1.000000e+02, 5.329350e+01
1.000000e+02, 5.348083e+01
1.000000e+02, 5.366916e+01
1.000000e+02, 5.385850e+01
1.000000e+02, 5.404884e+01
1.000000e+02, 5.424019e+01
1.000000e+02, 5.443256e+01
1.000000e+02, 5.462595e+01
1.000000e+02, 5.482037e+01
1.000000e+02, 5.501581e+01
1.000000e+02, 5.521228e+01
1.000000e+02, 5.540980e+01
1.000000e+02, 5.560835e+01
1.000000e+02, 5.580795e+01
1.000000e+02, 5.600860e+01
1.000000e+02, 5.621031e+01
1.000000e+02, 5.641307e+01
1.000000e+02, 5.661690e+01
1.000000e+02, 5.682179e+01
1.000000e+02, 5.702776e+01
1.000000e+02, 5.723481e+01
1.000000e+02, 5.744294e+01
1.000000e+02, 5.765216e+01
1.000000e+02, 5.786248e+01
1.000000e+02, 5.807388e+01
1.000000e+02, 5.828640e+01
1.000000e+02, 5.850002e+01
1.000000e+02, 5.871475e+01
1.000000e+02, 5.893060e+01
1.000000e+02, 5.914758e+01
1.000000e+02, 5.936568e+01
1.000000e+02, 5.958492e+01
1.000000e+02, 5.980530e+01
1.000000e+02, 6.002682e+01
1.000000e+02, 6.024950e+01
1.000000e+02, 6.047333e+01
1.000000e+02, 6.069832e+01
1.000000e+02, 6.092448e+01
1.000000e+02, 6.115182e+01
1.000000e+02, 6.138033e+01
1.000000e+02, 6.161004e+01
1.000000e+02, 6.184093e+01
1.000000e+02, 6.207302e+01
1.000000e+02, 6.230631e+01
1.000000e+02, 6.254082e+01
1.000000e+02, 6.277654e+01
1.000000e+02, 6.301349e+01
1.000000e+02, 6.325167e+01
1.000000e+02, 6.349108e+01
1.000000e+02, 6.373174e+01
1.000000e+02, 6.397364e+01
1.000000e+02, 6.421681e+01
1.000000e+02, 6.446123e+01
1.000000e+02, 6.470693e+01
1.000000e+02, 6.495391e+01
1.000000e+02, 6.520217e+01
1.000000e+02, 6.545173e+01
1.000000e+02, 6.570258e+01
1.000000e+02, 6.595474e+01
1.000000e+02, 6.620822e+01
1.000000e+02, 6.646302e+01
1.000000e+02, 6.671915e+01
1.000000e+02, 6.697662e+01
1.000000e+02, 6.723544e+01
1.000000e+02, 6.749561e+01
1.000000e+02, 6.775714e+01
1.000000e+02, 6.802004e+01
1.000000e+02, 6.828433e+01
1.000000e+02, 6.855000e+01
1.000000e+02, 6.881707e+01
1.000000e+02, 6.908555e+01
1.000000e+02, 6.935544e+01
1.000000e+02, 6.962675e+01
1.000000e+02, 6.989950e+01
1.000000e+02, 7.017368e+01
1.000000e+02, 7.044932e+01
1.000000e+02, 7.072642e+01
1.000000e+02, 7.100500e+01
1.000000e+02, 7.128505e+01
1.000000e+02, 7.156659e+01
1.000000e+02, 7.184964e+01
1.000000e+02, 7.213419e+01
1.000000e+02, 7.242027e+01
1.000000e+02, 7.270788e+01
1.000000e+02, 7.299703e+01
1.000000e+02, 7.328773e+01
1.000000e+02, 7.358000e+01
1.000000e+02, 7.387384e+01
1.000000e+02, 7.416928e+01
1.000000e+02, 7.446631e+01
1.000000e+02, 7.476495e+01
1.000000e+02, 7.506521e+01
1.000000e+02, 7.536711e+01
1.000000e+02, 7.567065e+01
1.000000e+02, 7.597586e+01
1.000000e+02, 7.628273e+01
1.000000e+02, 7.659129e+01
1.000000e+02, 7.690155e+01
1.000000e+02, 7.721352e+01
1.000000e+02, 7.752721e+01
1.000000e+02, 7.784264e+01
1.000000e+02, 7.815983e+01
1.000000e+02, 7.847878e+01
1.000000e+02, 7.879951e+01
1.000000e+02, 7.912203e+01
1.000000e+02, 7.944637e+01
1.000000e+02, 7.977253e+01
1.000000e+02, 8.010053e+01
1.000000e+02, 8.043039e+01
1.000000e+02, 8.076212e+01
1.000000e+02, 8.109573e+01
1.000000e+02, 8.143125e+01
1.000000e+02, 8.176870e+01
1.000000e+02, 8.210808e+01
1.000000e+02, 8.244942e+01
1.000000e+02, 8.279273e+01
1.000000e+02, 8.313803e+01
1.000000e+02, 8.348535e+01
1.000000e+02, 8.383469e+01
1.000000e+02, 8.418607e+01
1.000000e+02, 8.453953e+01
1.000000e+02, 8.489507e+01
1.000000e+02, 8.525272e+01
1.000000e+02, 8.561249e+01
1.000000e+02, 8.597441e+01
1.000000e+02, 8.633850e+01
1.000000e+02, 8.670478e+01
1.000000e+02, 8.707327e+01
1.000000e+02, 8.744400e+01
1.000000e+02, 8.781698e+01
1.000000e+02, 8.819225e+01
1.000000e+02, 8.856982e+01
1.000000e+02, 8.894972e+01
1.000000e+02, 8.933197e+01
1.000000e+02, 8.971661e+01
1.000000e+02, 9.010365e+01
1.000000e+02, 9.049312e+01
1.000000e+02, 9.088504e+01
1.000000e+02, 9.127946e+01
1.000000e+02, 9.167639e+01
1.000000e+02, 9.207586e+01
1.000000e+02, 9.247790e+01
1.000000e+02, 9.288255e+01
1.000000e+02, 9.328982e+01
1.000000e+02, 9.369977e+01
1.000000e+02, 9.411241e+01
1.000000e+02, 9.452777e+01
1.000000e+02, 9.494590e+01
1.000000e+02, 9.536683e+01
1.000000e+02, 9.579059e+01
1.000000e+02, 9.621722e+01
1.000000e+02, 9.664675e+01
1.000000e+02, 9.707922e+01
1.000000e+02, 9.751468e+01
1.000000e+02, 9.795316e+01
1.000000e+02, 9.839469e+01
1.000000e+02, 9.883933e+01
1.000000e+02, 9.928712e+01
1.000000e+02, 9.973810e+01
1.000000e+02, 1.001923e+02
1.000000e+02, 1.006498e+02
1.000000e+02, 1.011106e+02
1.000000e+02, 1.015748e+02
1.000000e+02, 1.020424e+02
1.000000e+02, 1.025135e+02
1.000000e+02, 1.029882e+02
1.000000e+02, 1.034664e+02
1.000000e+02, 1.039482e+02
1.000000e+02, 1.044338e+02
1.000000e+02, 1.049231e+02
1.000000e+02, 1.054162e+02
1.000000e+02, 1.059132e+02
1.000000e+02, 1.064141e+02
1.000000e+02, 1.069191e+02
1.000000e+02, 1.074281e+02
1.000000e+02, 1.079413e+02
1.000000e+02, 1.084587e+02
1.000000e+02, 1.089804e+02
1.000000e+02, 1.095064e+02
1.000000e+02, 1.100370e+02
1.000000e+02, 1.105720e+02
1.000000e+02, 1.111117e+02
1.000000e+02, 1.116561e+02
1.000000e+02, 1.122053e+02
1.000000e+02, 1.127594e+02
1.000000e+02, 1.133185e+02
1.000000e+02, 1.138826e+02
1.000000e+02, 1.144520e+02
1.000000e+02, 1.150267e+02
1.000000e+02, 1.156068e+02
1.000000e+02, 1.161925e+02
1.000000e+02, 1.167838e+02
1.000000e+02, 1.173809e+02
1.000000e+02, 1.179839e+02
1.000000e+02, 1.185930e+02
1.000000e+02, 1.192083e+02
1.000000e+02, 1.198300e+02
1.000000e+02, 1.204582e+02
1.000000e+02, 1.210930e+02
1.000000e+02, 1.217347e+02
1.000000e+02, 1.223834e+02
1.000000e+02, 1.230393e+02
1.000000e+02, 1.237026e+02
1.000000e+02, 1.243736e+02
1.000000e+02, 1.250523e+02
1.000000e+02, 1.257391e+02
1.000000e+02, 1.264342e+02
1.000000e+02, 1.271379e+02
1.000000e+02, 1.278503e+02
1.000000e+02, 1.285718e+02
1.000000e+02, 1.293027e+02
1.000000e+02, 1.300433e+02
1.000000e+02, 1.307939e+02
1.000000e+02, 1.315548e+02
1.000000e+02, 1.323265e+02
1.000000e+02, 1.331092e+02
1.000000e+02, 1.339036e+02
1.000000e+02, 1.347099e+02
1.000000e+02, 1.355287e+02
1.000000e+02, 1.363604e+02
1.000000e+02, 1.372057e+02
1.000000e+02, 1.380650e+02
1.000000e+02, 1.389392e+02
1.000000e+02, 1.398287e+02
1.000000e+02, 1.407344e+02
1.000000e+02, 1.416571e+02
1.000000e+02, 1.425977e+02
1.000000e+02, 1.435570e+02
1.000000e+02, 1.445362e+02
1.000000e+02, 1.455364e+02
1.000000e+02, 1.465588e+02
1.000000e+02, 1.476050e+02
1.000000e+02, 1.486763e+02
1.000000e+02, 1.497746e+02
1.000000e+02, 1.509018e+02
1.000000e+02, 1.520602e+02
1.000000e+02, 1.532523e+02
1.000000e+02, 1.544808e+02
1.000000e+02, 1.557492e+02
1.000000e+02, 1.570614e+02
1.000000e+02, 1.584218e+02
1.000000e+02, 1.598358e+02
1.000000e+02, 1.613101e+02
1.000000e+02, 1.628526e+02
1.000000e+02, 1.644731e+02
1.000000e+02, 1.661844e+02
1.000000e+02, 1.680029e+02
1.000000e+02, 1.699510e+02
1.000000e+02, 1.720600e+02
1.000000e+02, 1.743769e+02
1.000000e+02, 1.769774e+02
1.000000e+02, 1.800000e+02
##END= 