##TITLE= /opt/topspin3.0/exp/stan/nmr/lists/wave/user/HypSec_trunc2.84_110
##JCAMP-DX= 5.00 Bruker JCAMP library
##DATA TYPE= Shape Data
##ORIGIN= Bruker BioSpin GmbH
##OWNER= <nmrsu>
##DATE= 15/02/24
##TIME= 16:15:04
##MINX= 1.164538e+01
##MAXX= 9.999960e+01
##MINY= 2.546774e-02
##MAXY= 3.585574e+02
##$SHAPE_EXMODE= Adiabatic
##$SHAPE_TOTROT= 1.800000e+02
##$SHAPE_BWFAC= 1.929340e+02
##$SHAPE_INTEGFAC= 2.356110e-02
##$SHAPE_MODE= 0
##NPOINTS= 500
##XYPOINTS= (XY..XY)
1.000000e+02, 1.800000e+02
1.000000e+02, 1.774231e+02
1.000000e+02, 1.754148e+02
1.000000e+02, 1.737108e+02
1.000000e+02, 1.722055e+02
1.000000e+02, 1.708435e+02
1.000000e+02, 1.695914e+02
1.000000e+02, 1.684272e+02
1.000000e+02, 1.673353e+02
1.000000e+02, 1.663044e+02
1.000000e+02, 1.653259e+02
1.000000e+02, 1.643931e+02
1.000000e+02, 1.635006e+02
1.000000e+02, 1.626439e+02
1.000000e+02, 1.618196e+02
1.000000e+02, 1.610244e+02
1.000000e+02, 1.602558e+02
1.000000e+02, 1.595117e+02
1.000000e+02, 1.587901e+02
1.000000e+02, 1.580893e+02
1.000000e+02, 1.574079e+02
1.000000e+02, 1.567446e+02
1.000000e+02, 1.560982e+02
1.000000e+02, 1.554676e+02
1.000000e+02, 1.548520e+02
1.000000e+02, 1.542506e+02
1.000000e+02, 1.536625e+02
1.000000e+02, 1.530870e+02
1.000000e+02, 1.525237e+02
1.000000e+02, 1.519717e+02
1.000000e+02, 1.514308e+02
1.000000e+02, 1.509002e+02
1.000000e+02, 1.503797e+02
1.000000e+02, 1.498687e+02
1.000000e+02, 1.493670e+02
1.000000e+02, 1.488741e+02
1.000000e+02, 1.483896e+02
1.000000e+02, 1.479134e+02
1.000000e+02, 1.474450e+02
1.000000e+02, 1.469843e+02
1.000000e+02, 1.465309e+02
1.000000e+02, 1.460846e+02
1.000000e+02, 1.456452e+02
1.000000e+02, 1.452125e+02
1.000000e+02, 1.447862e+02
1.000000e+02, 1.443663e+02
1.000000e+02, 1.439524e+02
1.000000e+02, 1.435444e+02
1.000000e+02, 1.431422e+02
1.000000e+02, 1.427455e+02
1.000000e+02, 1.423543e+02
1.000000e+02, 1.419685e+02
1.000000e+02, 1.415878e+02
1.000000e+02, 1.412121e+02
1.000000e+02, 1.408414e+02
1.000000e+02, 1.404755e+02
1.000000e+02, 1.401142e+02
1.000000e+02, 1.397576e+02
1.000000e+02, 1.394054e+02
1.000000e+02, 1.390576e+02
1.000000e+02, 1.387142e+02
1.000000e+02, 1.383749e+02
1.000000e+02, 1.380397e+02
1.000000e+02, 1.377086e+02
1.000000e+02, 1.373814e+02
1.000000e+02, 1.370581e+02
1.000000e+02, 1.367386e+02
1.000000e+02, 1.364228e+02
1.000000e+02, 1.361106e+02
1.000000e+02, 1.358021e+02
1.000000e+02, 1.354971e+02
1.000000e+02, 1.351955e+02
1.000000e+02, 1.348974e+02
1.000000e+02, 1.346026e+02
1.000000e+02, 1.343111e+02
1.000000e+02, 1.340229e+02
1.000000e+02, 1.337378e+02
1.000000e+02, 1.334558e+02
1.000000e+02, 1.331770e+02
1.000000e+02, 1.329012e+02
1.000000e+02, 1.326284e+02
1.000000e+02, 1.323585e+02
1.000000e+02, 1.320915e+02
1.000000e+02, 1.318274e+02
1.000000e+02, 1.315661e+02
1.000000e+02, 1.313076e+02
1.000000e+02, 1.310519e+02
1.000000e+02, 1.307988e+02
1.000000e+02, 1.305484e+02
1.000000e+02, 1.303007e+02
1.000000e+02, 1.300556e+02
1.000000e+02, 1.298130e+02
1.000000e+02, 1.295729e+02
1.000000e+02, 1.293354e+02
1.000000e+02, 1.291004e+02
1.000000e+02, 1.288677e+02
1.000000e+02, 1.286375e+02
1.000000e+02, 1.284097e+02
1.000000e+02, 1.281843e+02
1.000000e+02, 1.279611e+02
1.000000e+02, 1.277403e+02
1.000000e+02, 1.275218e+02
1.000000e+02, 1.273055e+02
1.000000e+02, 1.270914e+02
1.000000e+02, 1.268796e+02
1.000000e+02, 1.266699e+02
1.000000e+02, 1.264624e+02
1.000000e+02, 1.262571e+02
1.000000e+02, 1.260538e+02
1.000000e+02, 1.258527e+02
1.000000e+02, 1.256536e+02
1.000000e+02, 1.254566e+02
1.000000e+02, 1.252616e+02
1.000000e+02, 1.250686e+02
1.000000e+02, 1.248777e+02
1.000000e+02, 1.246887e+02
1.000000e+02, 1.245017e+02
1.000000e+02, 1.243166e+02
1.000000e+02, 1.241334e+02
1.000000e+02, 1.239522e+02
1.000000e+02, 1.237729e+02
1.000000e+02, 1.235954e+02
1.000000e+02, 1.234198e+02
1.000000e+02, 1.232460e+02
1.000000e+02, 1.230741e+02
1.000000e+02, 1.229040e+02
1.000000e+02, 1.227357e+02
1.000000e+02, 1.225692e+02
1.000000e+02, 1.224045e+02
1.000000e+02, 1.222415e+02
1.000000e+02, 1.220803e+02
1.000000e+02, 1.219208e+02
1.000000e+02, 1.217630e+02
1.000000e+02, 1.216070e+02
1.000000e+02, 1.214526e+02
1.000000e+02, 1.213000e+02
1.000000e+02, 1.211490e+02
1.000000e+02, 1.209997e+02
1.000000e+02, 1.208520e+02
1.000000e+02, 1.207060e+02
1.000000e+02, 1.205616e+02
1.000000e+02, 1.204188e+02
1.000000e+02, 1.202776e+02
1.000000e+02, 1.201380e+02
1.000000e+02, 1.200001e+02
1.000000e+02, 1.198637e+02
1.000000e+02, 1.197288e+02
1.000000e+02, 1.195956e+02
1.000000e+02, 1.194638e+02
1.000000e+02, 1.193337e+02
1.000000e+02, 1.192050e+02
1.000000e+02, 1.190779e+02
1.000000e+02, 1.189523e+02
1.000000e+02, 1.188282e+02
1.000000e+02, 1.187056e+02
1.000000e+02, 1.185845e+02
1.000000e+02, 1.184649e+02
1.000000e+02, 1.183468e+02
1.000000e+02, 1.182301e+02
1.000000e+02, 1.181149e+02
1.000000e+02, 1.180012e+02
1.000000e+02, 1.178889e+02
1.000000e+02, 1.177780e+02
1.000000e+02, 1.176686e+02
1.000000e+02, 1.175606e+02
1.000000e+02, 1.174540e+02
1.000000e+02, 1.173488e+02
1.000000e+02, 1.172451e+02
1.000000e+02, 1.171427e+02
1.000000e+02, 1.170417e+02
1.000000e+02, 1.169422e+02
1.000000e+02, 1.168440e+02
1.000000e+02, 1.167472e+02
1.000000e+02, 1.166517e+02
1.000000e+02, 1.165576e+02
1.000000e+02, 1.164649e+02
1.000000e+02, 1.163735e+02
1.000000e+02, 1.162835e+02
1.000000e+02, 1.161949e+02
1.000000e+02, 1.161075e+02
1.000000e+02, 1.160215e+02
1.000000e+02, 1.159369e+02
1.000000e+02, 1.158535e+02
1.000000e+02, 1.157715e+02
1.000000e+02, 1.156908e+02
1.000000e+02, 1.156114e+02
1.000000e+02, 1.155333e+02
1.000000e+02, 1.154565e+02
1.000000e+02, 1.153811e+02
1.000000e+02, 1.153069e+02
1.000000e+02, 1.152340e+02
1.000000e+02, 1.151624e+02
1.000000e+02, 1.150920e+02
1.000000e+02, 1.150230e+02
1.000000e+02, 1.149552e+02
1.000000e+02, 1.148887e+02
1.000000e+02, 1.148235e+02
1.000000e+02, 1.147595e+02
1.000000e+02, 1.146968e+02
1.000000e+02, 1.146354e+02
1.000000e+02, 1.145752e+02
1.000000e+02, 1.145162e+02
1.000000e+02, 1.144585e+02
1.000000e+02, 1.144021e+02
1.000000e+02, 1.143469e+02
1.000000e+02, 1.142929e+02
1.000000e+02, 1.142402e+02
1.000000e+02, 1.141887e+02
1.000000e+02, 1.141385e+02
1.000000e+02, 1.140894e+02
1.000000e+02, 1.140416e+02
1.000000e+02, 1.139951e+02
1.000000e+02, 1.139497e+02
1.000000e+02, 1.139056e+02
1.000000e+02, 1.138627e+02
1.000000e+02, 1.138210e+02
1.000000e+02, 1.137805e+02
1.000000e+02, 1.137412e+02
1.000000e+02, 1.137032e+02
1.000000e+02, 1.136663e+02
1.000000e+02, 1.136307e+02
1.000000e+02, 1.135962e+02
1.000000e+02, 1.135630e+02
1.000000e+02, 1.135310e+02
1.000000e+02, 1.135001e+02
1.000000e+02, 1.134705e+02
1.000000e+02, 1.134420e+02
1.000000e+02, 1.134148e+02
1.000000e+02, 1.133887e+02
1.000000e+02, 1.133639e+02
1.000000e+02, 1.133402e+02
1.000000e+02, 1.133177e+02
1.000000e+02, 1.132964e+02
1.000000e+02, 1.132763e+02
1.000000e+02, 1.132574e+02
1.000000e+02, 1.132397e+02
1.000000e+02, 1.132232e+02
1.000000e+02, 1.132078e+02
1.000000e+02, 1.131936e+02
1.000000e+02, 1.131806e+02
1.000000e+02, 1.131688e+02
1.000000e+02, 1.131582e+02
1.000000e+02, 1.131488e+02
1.000000e+02, 1.131405e+02
1.000000e+02, 1.131334e+02
1.000000e+02, 1.131275e+02
1.000000e+02, 1.131228e+02
1.000000e+02, 1.131193e+02
1.000000e+02, 1.131169e+02
1.000000e+02, 1.131157e+02
1.000000e+02, 1.131157e+02
1.000000e+02, 1.131169e+02
1.000000e+02, 1.131193e+02
1.000000e+02, 1.131228e+02
1.000000e+02, 1.131275e+02
1.000000e+02, 1.131334e+02
1.000000e+02, 1.131405e+02
1.000000e+02, 1.131488e+02
1.000000e+02, 1.131582e+02
1.000000e+02, 1.131688e+02
1.000000e+02, 1.131806e+02
1.000000e+02, 1.131936e+02
1.000000e+02, 1.132078e+02
1.000000e+02, 1.132232e+02
1.000000e+02, 1.132397e+02
1.000000e+02, 1.132574e+02
1.000000e+02, 1.132763e+02
1.000000e+02, 1.132964e+02
1.000000e+02, 1.133177e+02
1.000000e+02, 1.133402e+02
1.000000e+02, 1.133639e+02
1.000000e+02, 1.133887e+02
1.000000e+02, 1.134148e+02
1.000000e+02, 1.134420e+02
1.000000e+02, 1.134705e+02
1.000000e+02, 1.135001e+02
1.000000e+02, 1.135310e+02
1.000000e+02, 1.135630e+02
1.000000e+02, 1.135962e+02
1.000000e+02, 1.136307e+02
1.000000e+02, 1.136663e+02
1.000000e+02, 1.137032e+02
1.000000e+02, 1.137412e+02
1.000000e+02, 1.137805e+02
1.000000e+02, 1.138210e+02
1.000000e+02, 1.138627e+02
1.000000e+02, 1.139056e+02
1.000000e+02, 1.139497e+02
1.000000e+02, 1.139951e+02
1.000000e+02, 1.140416e+02
1.000000e+02, 1.140894e+02
1.000000e+02, 1.141385e+02
1.000000e+02, 1.141887e+02
1.000000e+02, 1.142402e+02
1.000000e+02, 1.142929e+02
1.000000e+02, 1.143469e+02
1.000000e+02, 1.144021e+02
1.000000e+02, 1.144585e+02
1.000000e+02, 1.145162e+02
1.000000e+02, 1.145752e+02
1.000000e+02, 1.146354e+02
1.000000e+02, 1.146968e+02
1.000000e+02, 1.147595e+02
1.000000e+02, 1.148235e+02
1.000000e+02, 1.148887e+02
1.000000e+02, 1.149552e+02
1.000000e+02, 1.150230e+02
1.000000e+02, 1.150920e+02
1.000000e+02, 1.151624e+02
1.000000e+02, 1.152340e+02
1.000000e+02, 1.153069e+02
1.000000e+02, 1.153811e+02
1.000000e+02, 1.154565e+02
1.000000e+02, 1.155333e+02
1.000000e+02, 1.156114e+02
1.000000e+02, 1.156908e+02
1.000000e+02, 1.157715e+02
1.000000e+02, 1.158535e+02
1.000000e+02, 1.159369e+02
1.000000e+02, 1.160215e+02
1.000000e+02, 1.161075e+02
1.000000e+02, 1.161949e+02
1.000000e+02, 1.162835e+02
1.000000e+02, 1.163735e+02
1.000000e+02, 1.164649e+02
1.000000e+02, 1.165576e+02
1.000000e+02, 1.166517e+02
1.000000e+02, 1.167472e+02
1.000000e+02, 1.168440e+02
1.000000e+02, 1.169422e+02
1.000000e+02, 1.170417e+02
1.000000e+02, 1.171427e+02
1.000000e+02, 1.172451e+02
1.000000e+02, 1.173488e+02
1.000000e+02, 1.174540e+02
1.000000e+02, 1.175606e+02
1.000000e+02, 1.176686e+02
1.000000e+02, 1.177780e+02
1.000000e+02, 1.178889e+02
1.000000e+02, 1.180012e+02
1.000000e+02, 1.181149e+02
1.000000e+02, 1.182301e+02
1.000000e+02, 1.183468e+02
1.000000e+02, 1.184649e+02
1.000000e+02, 1.185845e+02
1.000000e+02, 1.187056e+02
1.000000e+02, 1.188282e+02
1.000000e+02, 1.189523e+02
1.000000e+02, 1.190779e+02
1.000000e+02, 1.192050e+02
1.000000e+02, 1.193337e+02
1.000000e+02, 1.194638e+02
1.000000e+02, 1.195956e+02
1.000000e+02, 1.197288e+02
1.000000e+02, 1.198637e+02
1.000000e+02, 1.200001e+02
1.000000e+02, 1.201380e+02
1.000000e+02, 1.202776e+02
1.000000e+02, 1.204188e+02
1.000000e+02, 1.205616e+02
1.000000e+02, 1.207060e+02
1.000000e+02, 1.208520e+02
1.000000e+02, 1.209997e+02
1.000000e+02, 1.211490e+02
1.000000e+02, 1.213000e+02
1.000000e+02, 1.214526e+02
1.000000e+02, 1.216070e+02
1.000000e+02, 1.217630e+02
1.000000e+02, 1.219208e+02
1.000000e+02, 1.220803e+02
1.000000e+02, 1.222415e+02
1.000000e+02, 1.224045e+02
1.000000e+02, 1.225692e+02
1.000000e+02, 1.227357e+02
1.000000e+02, 1.229040e+02
1.000000e+02, 1.230741e+02
1.000000e+02, 1.232460e+02
1.000000e+02, 1.234198e+02
1.000000e+02, 1.235954e+02
1.000000e+02, 1.237729e+02
1.000000e+02, 1.239522e+02
1.000000e+02, 1.241334e+02
1.000000e+02, 1.243166e+02
1.000000e+02, 1.245017e+02
1.000000e+02, 1.246887e+02
1.000000e+02, 1.248777e+02
1.000000e+02, 1.250686e+02
1.000000e+02, 1.252616e+02
1.000000e+02, 1.254566e+02
1.000000e+02, 1.256536e+02
1.000000e+02, 1.258527e+02
1.000000e+02, 1.260538e+02
1.000000e+02, 1.262571e+02
1.000000e+02, 1.264624e+02
1.000000e+02, 1.266699e+02
1.000000e+02, 1.268796e+02
1.000000e+02, 1.270914e+02
1.000000e+02, 1.273055e+02
1.000000e+02, 1.275218e+02
1.000000e+02, 1.277403e+02
1.000000e+02, 1.279611e+02
1.000000e+02, 1.281843e+02
1.000000e+02, 1.284097e+02
1.000000e+02, 1.286375e+02
1.000000e+02, 1.288677e+02
1.000000e+02, 1.291004e+02
1.000000e+02, 1.293354e+02
1.000000e+02, 1.295729e+02
1.000000e+02, 1.298130e+02
1.000000e+02, 1.300556e+02
1.000000e+02, 1.303007e+02
1.000000e+02, 1.305484e+02
1.000000e+02, 1.307988e+02
1.000000e+02, 1.310519e+02
1.000000e+02, 1.313076e+02
1.000000e+02, 1.315661e+02
1.000000e+02, 1.318274e+02
1.000000e+02, 1.320915e+02
1.000000e+02, 1.323585e+02
1.000000e+02, 1.326284e+02
1.000000e+02, 1.329012e+02
1.000000e+02, 1.331770e+02
1.000000e+02, 1.334558e+02
1.000000e+02, 1.337378e+02
1.000000e+02, 1.340229e+02
1.000000e+02, 1.343111e+02
1.000000e+02, 1.346026e+02
1.000000e+02, 1.348974e+02
1.000000e+02, 1.351955e+02
1.000000e+02, 1.354971e+02
1.000000e+02, 1.358021e+02
1.000000e+02, 1.361106e+02
1.000000e+02, 1.364228e+02
1.000000e+02, 1.367386e+02
1.000000e+02, 1.370581e+02
1.000000e+02, 1.373814e+02
1.000000e+02, 1.377086e+02
1.000000e+02, 1.380397e+02
1.000000e+02, 1.383749e+02
1.000000e+02, 1.387142e+02
1.000000e+02, 1.390576e+02
1.000000e+02, 1.394054e+02
1.000000e+02, 1.397576e+02
1.000000e+02, 1.401142e+02
1.000000e+02, 1.404755e+02
1.000000e+02, 1.408414e+02
1.000000e+02, 1.412121e+02
1.000000e+02, 1.415878e+02
1.000000e+02, 1.419685e+02
1.000000e+02, 1.423543e+02
1.000000e+02, 1.427455e+02
1.000000e+02, 1.431422e+02
1.000000e+02, 1.435444e+02
1.000000e+02, 1.439524e+02
1.000000e+02, 1.443663e+02
1.000000e+02, 1.447862e+02
1.000000e+02, 1.452125e+02
1.000000e+02, 1.456452e+02
1.000000e+02, 1.460846e+02
1.000000e+02, 1.465309e+02
1.000000e+02, 1.469843e+02
1.000000e+02, 1.474450e+02
1.000000e+02, 1.479134e+02
1.000000e+02, 1.483896e+02
1.000000e+02, 1.488741e+02
1.000000e+02, 1.493670e+02
1.000000e+02, 1.498687e+02
1.000000e+02, 1.503797e+02
1.000000e+02, 1.509002e+02
1.000000e+02, 1.514308e+02
1.000000e+02, 1.519717e+02
1.000000e+02, 1.525237e+02
1.000000e+02, 1.530870e+02
1.000000e+02, 1.536625e+02
1.000000e+02, 1.542506e+02
1.000000e+02, 1.548520e+02
1.000000e+02, 1.554676e+02
1.000000e+02, 1.560982e+02
1.000000e+02, 1.567446e+02
1.000000e+02, 1.574079e+02
1.000000e+02, 1.580893e+02
1.000000e+02, 1.587901e+02
1.000000e+02, 1.595117e+02
1.000000e+02, 1.602558e+02
1.000000e+02, 1.610244e+02
1.000000e+02, 1.618196e+02
1.000000e+02, 1.626439e+02
1.000000e+02, 1.635006e+02
1.000000e+02, 1.643931e+02
1.000000e+02, 1.653259e+02
1.000000e+02, 1.663044e+02
1.000000e+02, 1.673353e+02
1.000000e+02, 1.684272e+02
1.000000e+02, 1.695914e+02
1.000000e+02, 1.708435e+02
1.000000e+02, 1.722055e+02
1.000000e+02, 1.737108e+02
1.000000e+02, 1.754148e+02
1.000000e+02, 1.774231e+02
1.000000e+02, 1.800000e+02
##END= 