##TITLE= /opt/topspin3.0/exp/stan/nmr/lists/wave/user/HypSec_trunc2.84_110
##JCAMP-DX= 5.00 Bruker JCAMP library
##DATA TYPE= Shape Data
##ORIGIN= Bruker BioSpin GmbH
##OWNER= <nmrsu>
##DATE= 15/02/24
##TIME= 16:15:04
##MINX= 1.164538e+01
##MAXX= 9.999960e+01
##MINY= 2.546774e-02
##MAXY= 3.585574e+02
##$SHAPE_EXMODE= Adiabatic
##$SHAPE_TOTROT= 1.800000e+02
##$SHAPE_BWFAC= 1.929340e+02
##$SHAPE_INTEGFAC= 2.356110e-02
##$SHAPE_MODE= 0
##NPOINTS= 500
##XYPOINTS= (XY..XY)
1.000000e+02, 1.800000e+02
1.000000e+02, 1.772974e+02
1.000000e+02, 1.751911e+02
1.000000e+02, 1.734040e+02
1.000000e+02, 1.718253e+02
1.000000e+02, 1.703969e+02
1.000000e+02, 1.690837e+02
1.000000e+02, 1.678626e+02
1.000000e+02, 1.667175e+02
1.000000e+02, 1.656363e+02
1.000000e+02, 1.646101e+02
1.000000e+02, 1.636318e+02
1.000000e+02, 1.626957e+02
1.000000e+02, 1.617973e+02
1.000000e+02, 1.609327e+02
1.000000e+02, 1.600987e+02
1.000000e+02, 1.592927e+02
1.000000e+02, 1.585123e+02
1.000000e+02, 1.577555e+02
1.000000e+02, 1.570205e+02
1.000000e+02, 1.563059e+02
1.000000e+02, 1.556102e+02
1.000000e+02, 1.549322e+02
1.000000e+02, 1.542709e+02
1.000000e+02, 1.536253e+02
1.000000e+02, 1.529945e+02
1.000000e+02, 1.523777e+02
1.000000e+02, 1.517742e+02
1.000000e+02, 1.511833e+02
1.000000e+02, 1.506045e+02
1.000000e+02, 1.500371e+02
1.000000e+02, 1.494807e+02
1.000000e+02, 1.489348e+02
1.000000e+02, 1.483989e+02
1.000000e+02, 1.478727e+02
1.000000e+02, 1.473557e+02
1.000000e+02, 1.468477e+02
1.000000e+02, 1.463482e+02
1.000000e+02, 1.458570e+02
1.000000e+02, 1.453737e+02
1.000000e+02, 1.448982e+02
1.000000e+02, 1.444302e+02
1.000000e+02, 1.439694e+02
1.000000e+02, 1.435155e+02
1.000000e+02, 1.430685e+02
1.000000e+02, 1.426280e+02
1.000000e+02, 1.421939e+02
1.000000e+02, 1.417661e+02
1.000000e+02, 1.413442e+02
1.000000e+02, 1.409282e+02
1.000000e+02, 1.405180e+02
1.000000e+02, 1.401133e+02
1.000000e+02, 1.397140e+02
1.000000e+02, 1.393200e+02
1.000000e+02, 1.389312e+02
1.000000e+02, 1.385474e+02
1.000000e+02, 1.381686e+02
1.000000e+02, 1.377945e+02
1.000000e+02, 1.374252e+02
1.000000e+02, 1.370605e+02
1.000000e+02, 1.367002e+02
1.000000e+02, 1.363444e+02
1.000000e+02, 1.359929e+02
1.000000e+02, 1.356456e+02
1.000000e+02, 1.353024e+02
1.000000e+02, 1.349633e+02
1.000000e+02, 1.346282e+02
1.000000e+02, 1.342970e+02
1.000000e+02, 1.339697e+02
1.000000e+02, 1.336461e+02
1.000000e+02, 1.333262e+02
1.000000e+02, 1.330100e+02
1.000000e+02, 1.326973e+02
1.000000e+02, 1.323881e+02
1.000000e+02, 1.320824e+02
1.000000e+02, 1.317801e+02
1.000000e+02, 1.314811e+02
1.000000e+02, 1.311854e+02
1.000000e+02, 1.308929e+02
1.000000e+02, 1.306037e+02
1.000000e+02, 1.303175e+02
1.000000e+02, 1.300345e+02
1.000000e+02, 1.297545e+02
1.000000e+02, 1.294775e+02
1.000000e+02, 1.292035e+02
1.000000e+02, 1.289324e+02
1.000000e+02, 1.286642e+02
1.000000e+02, 1.283988e+02
1.000000e+02, 1.281362e+02
1.000000e+02, 1.278763e+02
1.000000e+02, 1.276192e+02
1.000000e+02, 1.273648e+02
1.000000e+02, 1.271131e+02
1.000000e+02, 1.268640e+02
1.000000e+02, 1.266174e+02
1.000000e+02, 1.263735e+02
1.000000e+02, 1.261320e+02
1.000000e+02, 1.258931e+02
1.000000e+02, 1.256567e+02
1.000000e+02, 1.254227e+02
1.000000e+02, 1.251911e+02
1.000000e+02, 1.249619e+02
1.000000e+02, 1.247350e+02
1.000000e+02, 1.245105e+02
1.000000e+02, 1.242883e+02
1.000000e+02, 1.240685e+02
1.000000e+02, 1.238508e+02
1.000000e+02, 1.236354e+02
1.000000e+02, 1.234223e+02
1.000000e+02, 1.232113e+02
1.000000e+02, 1.230025e+02
1.000000e+02, 1.227959e+02
1.000000e+02, 1.225914e+02
1.000000e+02, 1.223890e+02
1.000000e+02, 1.221888e+02
1.000000e+02, 1.219906e+02
1.000000e+02, 1.217944e+02
1.000000e+02, 1.216003e+02
1.000000e+02, 1.214082e+02
1.000000e+02, 1.212182e+02
1.000000e+02, 1.210301e+02
1.000000e+02, 1.208439e+02
1.000000e+02, 1.206598e+02
1.000000e+02, 1.204775e+02
1.000000e+02, 1.202972e+02
1.000000e+02, 1.201188e+02
1.000000e+02, 1.199423e+02
1.000000e+02, 1.197677e+02
1.000000e+02, 1.195949e+02
1.000000e+02, 1.194240e+02
1.000000e+02, 1.192549e+02
1.000000e+02, 1.190877e+02
1.000000e+02, 1.189222e+02
1.000000e+02, 1.187585e+02
1.000000e+02, 1.185967e+02
1.000000e+02, 1.184366e+02
1.000000e+02, 1.182782e+02
1.000000e+02, 1.181216e+02
1.000000e+02, 1.179667e+02
1.000000e+02, 1.178136e+02
1.000000e+02, 1.176621e+02
1.000000e+02, 1.175124e+02
1.000000e+02, 1.173643e+02
1.000000e+02, 1.172179e+02
1.000000e+02, 1.170732e+02
1.000000e+02, 1.169302e+02
1.000000e+02, 1.167888e+02
1.000000e+02, 1.166490e+02
1.000000e+02, 1.165109e+02
1.000000e+02, 1.163743e+02
1.000000e+02, 1.162394e+02
1.000000e+02, 1.161061e+02
1.000000e+02, 1.159744e+02
1.000000e+02, 1.158442e+02
1.000000e+02, 1.157157e+02
1.000000e+02, 1.155887e+02
1.000000e+02, 1.154632e+02
1.000000e+02, 1.153393e+02
1.000000e+02, 1.152170e+02
1.000000e+02, 1.150961e+02
1.000000e+02, 1.149768e+02
1.000000e+02, 1.148591e+02
1.000000e+02, 1.147428e+02
1.000000e+02, 1.146280e+02
1.000000e+02, 1.145148e+02
1.000000e+02, 1.144030e+02
1.000000e+02, 1.142927e+02
1.000000e+02, 1.141839e+02
1.000000e+02, 1.140765e+02
1.000000e+02, 1.139706e+02
1.000000e+02, 1.138662e+02
1.000000e+02, 1.137632e+02
1.000000e+02, 1.136616e+02
1.000000e+02, 1.135615e+02
1.000000e+02, 1.134629e+02
1.000000e+02, 1.133656e+02
1.000000e+02, 1.132698e+02
1.000000e+02, 1.131754e+02
1.000000e+02, 1.130824e+02
1.000000e+02, 1.129908e+02
1.000000e+02, 1.129006e+02
1.000000e+02, 1.128118e+02
1.000000e+02, 1.127244e+02
1.000000e+02, 1.126384e+02
1.000000e+02, 1.125538e+02
1.000000e+02, 1.124705e+02
1.000000e+02, 1.123886e+02
1.000000e+02, 1.123081e+02
1.000000e+02, 1.122289e+02
1.000000e+02, 1.121511e+02
1.000000e+02, 1.120747e+02
1.000000e+02, 1.119996e+02
1.000000e+02, 1.119258e+02
1.000000e+02, 1.118534e+02
1.000000e+02, 1.117823e+02
1.000000e+02, 1.117126e+02
1.000000e+02, 1.116441e+02
1.000000e+02, 1.115771e+02
1.000000e+02, 1.115113e+02
1.000000e+02, 1.114468e+02
1.000000e+02, 1.113837e+02
1.000000e+02, 1.113219e+02
1.000000e+02, 1.112614e+02
1.000000e+02, 1.112022e+02
1.000000e+02, 1.111443e+02
1.000000e+02, 1.110877e+02
1.000000e+02, 1.110324e+02
1.000000e+02, 1.109784e+02
1.000000e+02, 1.109257e+02
1.000000e+02, 1.108743e+02
1.000000e+02, 1.108242e+02
1.000000e+02, 1.107753e+02
1.000000e+02, 1.107278e+02
1.000000e+02, 1.106815e+02
1.000000e+02, 1.106365e+02
1.000000e+02, 1.105927e+02
1.000000e+02, 1.105503e+02
1.000000e+02, 1.105091e+02
1.000000e+02, 1.104692e+02
1.000000e+02, 1.104305e+02
1.000000e+02, 1.103931e+02
1.000000e+02, 1.103570e+02
1.000000e+02, 1.103222e+02
1.000000e+02, 1.102886e+02
1.000000e+02, 1.102562e+02
1.000000e+02, 1.102251e+02
1.000000e+02, 1.101953e+02
1.000000e+02, 1.101667e+02
1.000000e+02, 1.101394e+02
1.000000e+02, 1.101133e+02
1.000000e+02, 1.100885e+02
1.000000e+02, 1.100649e+02
1.000000e+02, 1.100426e+02
1.000000e+02, 1.100215e+02
1.000000e+02, 1.100017e+02
1.000000e+02, 1.099831e+02
1.000000e+02, 1.099658e+02
1.000000e+02, 1.099496e+02
1.000000e+02, 1.099348e+02
1.000000e+02, 1.099212e+02
1.000000e+02, 1.099088e+02
1.000000e+02, 1.098976e+02
1.000000e+02, 1.098877e+02
1.000000e+02, 1.098791e+02
1.000000e+02, 1.098716e+02
1.000000e+02, 1.098655e+02
1.000000e+02, 1.098605e+02
1.000000e+02, 1.098568e+02
1.000000e+02, 1.098543e+02
1.000000e+02, 1.098531e+02
1.000000e+02, 1.098531e+02
1.000000e+02, 1.098543e+02
1.000000e+02, 1.098568e+02
1.000000e+02, 1.098605e+02
1.000000e+02, 1.098655e+02
1.000000e+02, 1.098716e+02
1.000000e+02, 1.098791e+02
1.000000e+02, 1.098877e+02
1.000000e+02, 1.098976e+02
1.000000e+02, 1.099088e+02
1.000000e+02, 1.099212e+02
1.000000e+02, 1.099348e+02
1.000000e+02, 1.099496e+02
1.000000e+02, 1.099658e+02
1.000000e+02, 1.099831e+02
1.000000e+02, 1.100017e+02
1.000000e+02, 1.100215e+02
1.000000e+02, 1.100426e+02
1.000000e+02, 1.100649e+02
1.000000e+02, 1.100885e+02
1.000000e+02, 1.101133e+02
1.000000e+02, 1.101394e+02
1.000000e+02, 1.101667e+02
1.000000e+02, 1.101953e+02
1.000000e+02, 1.102251e+02
1.000000e+02, 1.102562e+02
1.000000e+02, 1.102886e+02
1.000000e+02, 1.103222e+02
1.000000e+02, 1.103570e+02
1.000000e+02, 1.103931e+02
1.000000e+02, 1.104305e+02
1.000000e+02, 1.104692e+02
1.000000e+02, 1.105091e+02
1.000000e+02, 1.105503e+02
1.000000e+02, 1.105927e+02
1.000000e+02, 1.106365e+02
1.000000e+02, 1.106815e+02
1.000000e+02, 1.107278e+02
1.000000e+02, 1.107753e+02
1.000000e+02, 1.108242e+02
1.000000e+02, 1.108743e+02
1.000000e+02, 1.109257e+02
1.000000e+02, 1.109784e+02
1.000000e+02, 1.110324e+02
1.000000e+02, 1.110877e+02
1.000000e+02, 1.111443e+02
1.000000e+02, 1.112022e+02
1.000000e+02, 1.112614e+02
1.000000e+02, 1.113219e+02
1.000000e+02, 1.113837e+02
1.000000e+02, 1.114468e+02
1.000000e+02, 1.115113e+02
1.000000e+02, 1.115771e+02
1.000000e+02, 1.116441e+02
1.000000e+02, 1.117126e+02
1.000000e+02, 1.117823e+02
1.000000e+02, 1.118534e+02
1.000000e+02, 1.119258e+02
1.000000e+02, 1.119996e+02
1.000000e+02, 1.120747e+02
1.000000e+02, 1.121511e+02
1.000000e+02, 1.122289e+02
1.000000e+02, 1.123081e+02
1.000000e+02, 1.123886e+02
1.000000e+02, 1.124705e+02
1.000000e+02, 1.125538e+02
1.000000e+02, 1.126384e+02
1.000000e+02, 1.127244e+02
1.000000e+02, 1.128118e+02
1.000000e+02, 1.129006e+02
1.000000e+02, 1.129908e+02
1.000000e+02, 1.130824e+02
1.000000e+02, 1.131754e+02
1.000000e+02, 1.132698e+02
1.000000e+02, 1.133656e+02
1.000000e+02, 1.134629e+02
1.000000e+02, 1.135615e+02
1.000000e+02, 1.136617e+02
1.000000e+02, 1.137632e+02
1.000000e+02, 1.138662e+02
1.000000e+02, 1.139706e+02
1.000000e+02, 1.140765e+02
1.000000e+02, 1.141839e+02
1.000000e+02, 1.142927e+02
1.000000e+02, 1.144030e+02
1.000000e+02, 1.145148e+02
1.000000e+02, 1.146280e+02
1.000000e+02, 1.147428e+02
1.000000e+02, 1.148591e+02
1.000000e+02, 1.149768e+02
1.000000e+02, 1.150961e+02
1.000000e+02, 1.152170e+02
1.000000e+02, 1.153393e+02
1.000000e+02, 1.154632e+02
1.000000e+02, 1.155887e+02
1.000000e+02, 1.157157e+02
1.000000e+02, 1.158442e+02
1.000000e+02, 1.159744e+02
1.000000e+02, 1.161061e+02
1.000000e+02, 1.162394e+02
1.000000e+02, 1.163743e+02
1.000000e+02, 1.165109e+02
1.000000e+02, 1.166490e+02
1.000000e+02, 1.167888e+02
1.000000e+02, 1.169302e+02
1.000000e+02, 1.170732e+02
1.000000e+02, 1.172179e+02
1.000000e+02, 1.173643e+02
1.000000e+02, 1.175124e+02
1.000000e+02, 1.176621e+02
1.000000e+02, 1.178136e+02
1.000000e+02, 1.179667e+02
1.000000e+02, 1.181216e+02
1.000000e+02, 1.182782e+02
1.000000e+02, 1.184366e+02
1.000000e+02, 1.185967e+02
1.000000e+02, 1.187585e+02
1.000000e+02, 1.189222e+02
1.000000e+02, 1.190877e+02
1.000000e+02, 1.192549e+02
1.000000e+02, 1.194240e+02
1.000000e+02, 1.195949e+02
1.000000e+02, 1.197677e+02
1.000000e+02, 1.199423e+02
1.000000e+02, 1.201188e+02
1.000000e+02, 1.202972e+02
1.000000e+02, 1.204776e+02
1.000000e+02, 1.206598e+02
1.000000e+02, 1.208439e+02
1.000000e+02, 1.210301e+02
1.000000e+02, 1.212182e+02
1.000000e+02, 1.214082e+02
1.000000e+02, 1.216003e+02
1.000000e+02, 1.217944e+02
1.000000e+02, 1.219906e+02
1.000000e+02, 1.221888e+02
1.000000e+02, 1.223891e+02
1.000000e+02, 1.225914e+02
1.000000e+02, 1.227959e+02
1.000000e+02, 1.230025e+02
1.000000e+02, 1.232113e+02
1.000000e+02, 1.234223e+02
1.000000e+02, 1.236354e+02
1.000000e+02, 1.238508e+02
1.000000e+02, 1.240685e+02
1.000000e+02, 1.242883e+02
1.000000e+02, 1.245105e+02
1.000000e+02, 1.247350e+02
1.000000e+02, 1.249619e+02
1.000000e+02, 1.251911e+02
1.000000e+02, 1.254227e+02
1.000000e+02, 1.256567e+02
1.000000e+02, 1.258931e+02
1.000000e+02, 1.261320e+02
1.000000e+02, 1.263735e+02
1.000000e+02, 1.266174e+02
1.000000e+02, 1.268640e+02
1.000000e+02, 1.271131e+02
1.000000e+02, 1.273648e+02
1.000000e+02, 1.276192e+02
1.000000e+02, 1.278763e+02
1.000000e+02, 1.281362e+02
1.000000e+02, 1.283988e+02
1.000000e+02, 1.286642e+02
1.000000e+02, 1.289324e+02
1.000000e+02, 1.292035e+02
1.000000e+02, 1.294775e+02
1.000000e+02, 1.297545e+02
1.000000e+02, 1.300345e+02
1.000000e+02, 1.303175e+02
1.000000e+02, 1.306037e+02
1.000000e+02, 1.308929e+02
1.000000e+02, 1.311854e+02
1.000000e+02, 1.314811e+02
1.000000e+02, 1.317801e+02
1.000000e+02, 1.320824e+02
1.000000e+02, 1.323881e+02
1.000000e+02, 1.326973e+02
1.000000e+02, 1.330100e+02
1.000000e+02, 1.333262e+02
1.000000e+02, 1.336461e+02
1.000000e+02, 1.339697e+02
1.000000e+02, 1.342970e+02
1.000000e+02, 1.346282e+02
1.000000e+02, 1.349633e+02
1.000000e+02, 1.353024e+02
1.000000e+02, 1.356456e+02
1.000000e+02, 1.359929e+02
1.000000e+02, 1.363444e+02
1.000000e+02, 1.367002e+02
1.000000e+02, 1.370605e+02
1.000000e+02, 1.374252e+02
1.000000e+02, 1.377945e+02
1.000000e+02, 1.381686e+02
1.000000e+02, 1.385474e+02
1.000000e+02, 1.389312e+02
1.000000e+02, 1.393200e+02
1.000000e+02, 1.397140e+02
1.000000e+02, 1.401133e+02
1.000000e+02, 1.405180e+02
1.000000e+02, 1.409282e+02
1.000000e+02, 1.413442e+02
1.000000e+02, 1.417661e+02
1.000000e+02, 1.421939e+02
1.000000e+02, 1.426280e+02
1.000000e+02, 1.430685e+02
1.000000e+02, 1.435155e+02
1.000000e+02, 1.439694e+02
1.000000e+02, 1.444302e+02
1.000000e+02, 1.448982e+02
1.000000e+02, 1.453737e+02
1.000000e+02, 1.458570e+02
1.000000e+02, 1.463482e+02
1.000000e+02, 1.468477e+02
1.000000e+02, 1.473557e+02
1.000000e+02, 1.478727e+02
1.000000e+02, 1.483989e+02
1.000000e+02, 1.489348e+02
1.000000e+02, 1.494807e+02
1.000000e+02, 1.500371e+02
1.000000e+02, 1.506045e+02
1.000000e+02, 1.511833e+02
1.000000e+02, 1.517742e+02
1.000000e+02, 1.523777e+02
1.000000e+02, 1.529945e+02
1.000000e+02, 1.536253e+02
1.000000e+02, 1.542709e+02
1.000000e+02, 1.549322e+02
1.000000e+02, 1.556102e+02
1.000000e+02, 1.563059e+02
1.000000e+02, 1.570205e+02
1.000000e+02, 1.577555e+02
1.000000e+02, 1.585123e+02
1.000000e+02, 1.592927e+02
1.000000e+02, 1.600987e+02
1.000000e+02, 1.609327e+02
1.000000e+02, 1.617973e+02
1.000000e+02, 1.626957e+02
1.000000e+02, 1.636318e+02
1.000000e+02, 1.646101e+02
1.000000e+02, 1.656363e+02
1.000000e+02, 1.667175e+02
1.000000e+02, 1.678626e+02
1.000000e+02, 1.690837e+02
1.000000e+02, 1.703969e+02
1.000000e+02, 1.718253e+02
1.000000e+02, 1.734040e+02
1.000000e+02, 1.751911e+02
1.000000e+02, 1.772974e+02
1.000000e+02, 1.800000e+02
##END= 