##TITLE= /opt/topspin3.0/exp/stan/nmr/lists/wave/user/HypSec_trunc2.84_110
##JCAMP-DX= 5.00 Bruker JCAMP library
##DATA TYPE= Shape Data
##ORIGIN= Bruker BioSpin GmbH
##OWNER= <nmrsu>
##DATE= 15/02/24
##TIME= 16:15:04
##MINX= 1.164538e+01
##MAXX= 9.999960e+01
##MINY= 2.546774e-02
##MAXY= 3.585574e+02
##$SHAPE_EXMODE= Adiabatic
##$SHAPE_TOTROT= 1.800000e+02
##$SHAPE_BWFAC= 1.929340e+02
##$SHAPE_INTEGFAC= 2.356110e-02
##$SHAPE_MODE= 0
##NPOINTS= 1000
##XYPOINTS= (XY..XY)
1.000000e+02, 1.800000e+02
1.000000e+02, 1.769110e+02
1.000000e+02, 1.742533e+02
1.000000e+02, 1.718855e+02
1.000000e+02, 1.697301e+02
1.000000e+02, 1.677392e+02
1.000000e+02, 1.658807e+02
1.000000e+02, 1.641318e+02
1.000000e+02, 1.624757e+02
1.000000e+02, 1.608993e+02
1.000000e+02, 1.593927e+02
1.000000e+02, 1.579475e+02
1.000000e+02, 1.565572e+02
1.000000e+02, 1.552162e+02
1.000000e+02, 1.539199e+02
1.000000e+02, 1.526644e+02
1.000000e+02, 1.514462e+02
1.000000e+02, 1.502623e+02
1.000000e+02, 1.491103e+02
1.000000e+02, 1.479879e+02
1.000000e+02, 1.468930e+02
1.000000e+02, 1.458239e+02
1.000000e+02, 1.447789e+02
1.000000e+02, 1.437568e+02
1.000000e+02, 1.427561e+02
1.000000e+02, 1.417756e+02
1.000000e+02, 1.408144e+02
1.000000e+02, 1.398715e+02
1.000000e+02, 1.389458e+02
1.000000e+02, 1.380367e+02
1.000000e+02, 1.371434e+02
1.000000e+02, 1.362651e+02
1.000000e+02, 1.354013e+02
1.000000e+02, 1.345513e+02
1.000000e+02, 1.337145e+02
1.000000e+02, 1.328905e+02
1.000000e+02, 1.320787e+02
1.000000e+02, 1.312787e+02
1.000000e+02, 1.304901e+02
1.000000e+02, 1.297124e+02
1.000000e+02, 1.289453e+02
1.000000e+02, 1.281885e+02
1.000000e+02, 1.274415e+02
1.000000e+02, 1.267042e+02
1.000000e+02, 1.259761e+02
1.000000e+02, 1.252570e+02
1.000000e+02, 1.245466e+02
1.000000e+02, 1.238447e+02
1.000000e+02, 1.231510e+02
1.000000e+02, 1.224653e+02
1.000000e+02, 1.217874e+02
1.000000e+02, 1.211171e+02
1.000000e+02, 1.204541e+02
1.000000e+02, 1.197983e+02
1.000000e+02, 1.191495e+02
1.000000e+02, 1.185076e+02
1.000000e+02, 1.178722e+02
1.000000e+02, 1.172434e+02
1.000000e+02, 1.166209e+02
1.000000e+02, 1.160047e+02
1.000000e+02, 1.153944e+02
1.000000e+02, 1.147901e+02
1.000000e+02, 1.141916e+02
1.000000e+02, 1.135987e+02
1.000000e+02, 1.130114e+02
1.000000e+02, 1.124295e+02
1.000000e+02, 1.118529e+02
1.000000e+02, 1.112816e+02
1.000000e+02, 1.107153e+02
1.000000e+02, 1.101540e+02
1.000000e+02, 1.095977e+02
1.000000e+02, 1.090461e+02
1.000000e+02, 1.084993e+02
1.000000e+02, 1.079571e+02
1.000000e+02, 1.074195e+02
1.000000e+02, 1.068863e+02
1.000000e+02, 1.063576e+02
1.000000e+02, 1.058331e+02
1.000000e+02, 1.053129e+02
1.000000e+02, 1.047969e+02
1.000000e+02, 1.042849e+02
1.000000e+02, 1.037770e+02
1.000000e+02, 1.032730e+02
1.000000e+02, 1.027730e+02
1.000000e+02, 1.022767e+02
1.000000e+02, 1.017843e+02
1.000000e+02, 1.012956e+02
1.000000e+02, 1.008105e+02
1.000000e+02, 1.003291e+02
1.000000e+02, 9.985118e+01
1.000000e+02, 9.937678e+01
1.000000e+02, 9.890583e+01
1.000000e+02, 9.843829e+01
1.000000e+02, 9.797410e+01
1.000000e+02, 9.751321e+01
1.000000e+02, 9.705558e+01
1.000000e+02, 9.660117e+01
1.000000e+02, 9.614993e+01
1.000000e+02, 9.570181e+01
1.000000e+02, 9.525679e+01
1.000000e+02, 9.481481e+01
1.000000e+02, 9.437584e+01
1.000000e+02, 9.393983e+01
1.000000e+02, 9.350676e+01
1.000000e+02, 9.307658e+01
1.000000e+02, 9.264926e+01
1.000000e+02, 9.222476e+01
1.000000e+02, 9.180306e+01
1.000000e+02, 9.138410e+01
1.000000e+02, 9.096788e+01
1.000000e+02, 9.055434e+01
1.000000e+02, 9.014346e+01
1.000000e+02, 8.973521e+01
1.000000e+02, 8.932955e+01
1.000000e+02, 8.892647e+01
1.000000e+02, 8.852593e+01
1.000000e+02, 8.812790e+01
1.000000e+02, 8.773236e+01
1.000000e+02, 8.733927e+01
1.000000e+02, 8.694861e+01
1.000000e+02, 8.656037e+01
1.000000e+02, 8.617450e+01
1.000000e+02, 8.579098e+01
1.000000e+02, 8.540980e+01
1.000000e+02, 8.503093e+01
1.000000e+02, 8.465433e+01
1.000000e+02, 8.428000e+01
1.000000e+02, 8.390791e+01
1.000000e+02, 8.353804e+01
1.000000e+02, 8.317036e+01
1.000000e+02, 8.280485e+01
1.000000e+02, 8.244149e+01
1.000000e+02, 8.208027e+01
1.000000e+02, 8.172116e+01
1.000000e+02, 8.136414e+01
1.000000e+02, 8.100920e+01
1.000000e+02, 8.065631e+01
1.000000e+02, 8.030545e+01
1.000000e+02, 7.995661e+01
1.000000e+02, 7.960977e+01
1.000000e+02, 7.926491e+01
1.000000e+02, 7.892201e+01
1.000000e+02, 7.858106e+01
1.000000e+02, 7.824204e+01
1.000000e+02, 7.790493e+01
1.000000e+02, 7.756972e+01
1.000000e+02, 7.723640e+01
1.000000e+02, 7.690493e+01
1.000000e+02, 7.657532e+01
1.000000e+02, 7.624754e+01
1.000000e+02, 7.592158e+01
1.000000e+02, 7.559743e+01
1.000000e+02, 7.527506e+01
1.000000e+02, 7.495447e+01
1.000000e+02, 7.463565e+01
1.000000e+02, 7.431857e+01
1.000000e+02, 7.400323e+01
1.000000e+02, 7.368961e+01
1.000000e+02, 7.337770e+01
1.000000e+02, 7.306748e+01
1.000000e+02, 7.275895e+01
1.000000e+02, 7.245209e+01
1.000000e+02, 7.214688e+01
1.000000e+02, 7.184332e+01
1.000000e+02, 7.154140e+01
1.000000e+02, 7.124110e+01
1.000000e+02, 7.094240e+01
1.000000e+02, 7.064531e+01
1.000000e+02, 7.034981e+01
1.000000e+02, 7.005588e+01
1.000000e+02, 6.976351e+01
1.000000e+02, 6.947270e+01
1.000000e+02, 6.918344e+01
1.000000e+02, 6.889571e+01
1.000000e+02, 6.860950e+01
1.000000e+02, 6.832481e+01
1.000000e+02, 6.804162e+01
1.000000e+02, 6.775992e+01
1.000000e+02, 6.747970e+01
1.000000e+02, 6.720096e+01
1.000000e+02, 6.692369e+01
1.000000e+02, 6.664786e+01
1.000000e+02, 6.637349e+01
1.000000e+02, 6.610055e+01
1.000000e+02, 6.582904e+01
1.000000e+02, 6.555895e+01
1.000000e+02, 6.529026e+01
1.000000e+02, 6.502298e+01
1.000000e+02, 6.475709e+01
1.000000e+02, 6.449259e+01
1.000000e+02, 6.422946e+01
1.000000e+02, 6.396770e+01
1.000000e+02, 6.370730e+01
1.000000e+02, 6.344825e+01
1.000000e+02, 6.319055e+01
1.000000e+02, 6.293418e+01
1.000000e+02, 6.267914e+01
1.000000e+02, 6.242542e+01
1.000000e+02, 6.217302e+01
1.000000e+02, 6.192192e+01
1.000000e+02, 6.167212e+01
1.000000e+02, 6.142361e+01
1.000000e+02, 6.117639e+01
1.000000e+02, 6.093044e+01
1.000000e+02, 6.068577e+01
1.000000e+02, 6.044236e+01
1.000000e+02, 6.020020e+01
1.000000e+02, 5.995930e+01
1.000000e+02, 5.971964e+01
1.000000e+02, 5.948122e+01
1.000000e+02, 5.924402e+01
1.000000e+02, 5.900806e+01
1.000000e+02, 5.877331e+01
1.000000e+02, 5.853977e+01
1.000000e+02, 5.830744e+01
1.000000e+02, 5.807631e+01
1.000000e+02, 5.784637e+01
1.000000e+02, 5.761762e+01
1.000000e+02, 5.739005e+01
1.000000e+02, 5.716366e+01
1.000000e+02, 5.693843e+01
1.000000e+02, 5.671438e+01
1.000000e+02, 5.649148e+01
1.000000e+02, 5.626974e+01
1.000000e+02, 5.604914e+01
1.000000e+02, 5.582969e+01
1.000000e+02, 5.561137e+01
1.000000e+02, 5.539419e+01
1.000000e+02, 5.517813e+01
1.000000e+02, 5.496320e+01
1.000000e+02, 5.474938e+01
1.000000e+02, 5.453668e+01
1.000000e+02, 5.432508e+01
1.000000e+02, 5.411458e+01
1.000000e+02, 5.390518e+01
1.000000e+02, 5.369687e+01
1.000000e+02, 5.348965e+01
1.000000e+02, 5.328351e+01
1.000000e+02, 5.307845e+01
1.000000e+02, 5.287447e+01
1.000000e+02, 5.267155e+01
1.000000e+02, 5.246970e+01
1.000000e+02, 5.226890e+01
1.000000e+02, 5.206917e+01
1.000000e+02, 5.187048e+01
1.000000e+02, 5.167284e+01
1.000000e+02, 5.147624e+01
1.000000e+02, 5.128068e+01
1.000000e+02, 5.108616e+01
1.000000e+02, 5.089266e+01
1.000000e+02, 5.070019e+01
1.000000e+02, 5.050874e+01
1.000000e+02, 5.031831e+01
1.000000e+02, 5.012890e+01
1.000000e+02, 4.994049e+01
1.000000e+02, 4.975309e+01
1.000000e+02, 4.956669e+01
1.000000e+02, 4.938129e+01
1.000000e+02, 4.919689e+01
1.000000e+02, 4.901347e+01
1.000000e+02, 4.883105e+01
1.000000e+02, 4.864960e+01
1.000000e+02, 4.846914e+01
1.000000e+02, 4.828965e+01
1.000000e+02, 4.811114e+01
1.000000e+02, 4.793359e+01
1.000000e+02, 4.775701e+01
1.000000e+02, 4.758140e+01
1.000000e+02, 4.740674e+01
1.000000e+02, 4.723303e+01
1.000000e+02, 4.706028e+01
1.000000e+02, 4.688848e+01
1.000000e+02, 4.671763e+01
1.000000e+02, 4.654772e+01
1.000000e+02, 4.637874e+01
1.000000e+02, 4.621070e+01
1.000000e+02, 4.604360e+01
1.000000e+02, 4.587743e+01
1.000000e+02, 4.571218e+01
1.000000e+02, 4.554785e+01
1.000000e+02, 4.538445e+01
1.000000e+02, 4.522197e+01
1.000000e+02, 4.506040e+01
1.000000e+02, 4.489974e+01
1.000000e+02, 4.473999e+01
1.000000e+02, 4.458115e+01
1.000000e+02, 4.442321e+01
1.000000e+02, 4.426617e+01
1.000000e+02, 4.411003e+01
1.000000e+02, 4.395478e+01
1.000000e+02, 4.380043e+01
1.000000e+02, 4.364696e+01
1.000000e+02, 4.349438e+01
1.000000e+02, 4.334269e+01
1.000000e+02, 4.319188e+01
1.000000e+02, 4.304195e+01
1.000000e+02, 4.289289e+01
1.000000e+02, 4.274471e+01
1.000000e+02, 4.259740e+01
1.000000e+02, 4.245096e+01
1.000000e+02, 4.230538e+01
1.000000e+02, 4.216067e+01
1.000000e+02, 4.201682e+01
1.000000e+02, 4.187383e+01
1.000000e+02, 4.173169e+01
1.000000e+02, 4.159042e+01
1.000000e+02, 4.144999e+01
1.000000e+02, 4.131041e+01
1.000000e+02, 4.117168e+01
1.000000e+02, 4.103380e+01
1.000000e+02, 4.089675e+01
1.000000e+02, 4.076055e+01
1.000000e+02, 4.062519e+01
1.000000e+02, 4.049066e+01
1.000000e+02, 4.035697e+01
1.000000e+02, 4.022411e+01
1.000000e+02, 4.009208e+01
1.000000e+02, 3.996088e+01
1.000000e+02, 3.983051e+01
1.000000e+02, 3.970095e+01
1.000000e+02, 3.957222e+01
1.000000e+02, 3.944431e+01
1.000000e+02, 3.931722e+01
1.000000e+02, 3.919094e+01
1.000000e+02, 3.906548e+01
1.000000e+02, 3.894083e+01
1.000000e+02, 3.881698e+01
1.000000e+02, 3.869395e+01
1.000000e+02, 3.857172e+01
1.000000e+02, 3.845030e+01
1.000000e+02, 3.832968e+01
1.000000e+02, 3.820985e+01
1.000000e+02, 3.809083e+01
1.000000e+02, 3.797261e+01
1.000000e+02, 3.785518e+01
1.000000e+02, 3.773854e+01
1.000000e+02, 3.762270e+01
1.000000e+02, 3.750764e+01
1.000000e+02, 3.739337e+01
1.000000e+02, 3.727989e+01
1.000000e+02, 3.716720e+01
1.000000e+02, 3.705528e+01
1.000000e+02, 3.694415e+01
1.000000e+02, 3.683380e+01
1.000000e+02, 3.672423e+01
1.000000e+02, 3.661543e+01
1.000000e+02, 3.650741e+01
1.000000e+02, 3.640017e+01
1.000000e+02, 3.629369e+01
1.000000e+02, 3.618798e+01
1.000000e+02, 3.608305e+01
1.000000e+02, 3.597888e+01
1.000000e+02, 3.587548e+01
1.000000e+02, 3.577284e+01
1.000000e+02, 3.567096e+01
1.000000e+02, 3.556985e+01
1.000000e+02, 3.546950e+01
1.000000e+02, 3.536990e+01
1.000000e+02, 3.527106e+01
1.000000e+02, 3.517298e+01
1.000000e+02, 3.507565e+01
1.000000e+02, 3.497908e+01
1.000000e+02, 3.488326e+01
1.000000e+02, 3.478818e+01
1.000000e+02, 3.469386e+01
1.000000e+02, 3.460029e+01
1.000000e+02, 3.450746e+01
1.000000e+02, 3.441538e+01
1.000000e+02, 3.432404e+01
1.000000e+02, 3.423344e+01
1.000000e+02, 3.414358e+01
1.000000e+02, 3.405447e+01
1.000000e+02, 3.396609e+01
1.000000e+02, 3.387846e+01
1.000000e+02, 3.379156e+01
1.000000e+02, 3.370539e+01
1.000000e+02, 3.361996e+01
1.000000e+02, 3.353526e+01
1.000000e+02, 3.345129e+01
1.000000e+02, 3.336806e+01
1.000000e+02, 3.328555e+01
1.000000e+02, 3.320378e+01
1.000000e+02, 3.312273e+01
1.000000e+02, 3.304240e+01
1.000000e+02, 3.296281e+01
1.000000e+02, 3.288393e+01
1.000000e+02, 3.280578e+01
1.000000e+02, 3.272836e+01
1.000000e+02, 3.265165e+01
1.000000e+02, 3.257566e+01
1.000000e+02, 3.250040e+01
1.000000e+02, 3.242585e+01
1.000000e+02, 3.235202e+01
1.000000e+02, 3.227890e+01
1.000000e+02, 3.220650e+01
1.000000e+02, 3.213482e+01
1.000000e+02, 3.206385e+01
1.000000e+02, 3.199359e+01
1.000000e+02, 3.192404e+01
1.000000e+02, 3.185521e+01
1.000000e+02, 3.178708e+01
1.000000e+02, 3.171966e+01
1.000000e+02, 3.165295e+01
1.000000e+02, 3.158695e+01
1.000000e+02, 3.152165e+01
1.000000e+02, 3.145706e+01
1.000000e+02, 3.139318e+01
1.000000e+02, 3.133000e+01
1.000000e+02, 3.126752e+01
1.000000e+02, 3.120574e+01
1.000000e+02, 3.114467e+01
1.000000e+02, 3.108429e+01
1.000000e+02, 3.102462e+01
1.000000e+02, 3.096564e+01
1.000000e+02, 3.090737e+01
1.000000e+02, 3.084979e+01
1.000000e+02, 3.079291e+01
1.000000e+02, 3.073672e+01
1.000000e+02, 3.068123e+01
1.000000e+02, 3.062644e+01
1.000000e+02, 3.057234e+01
1.000000e+02, 3.051893e+01
1.000000e+02, 3.046622e+01
1.000000e+02, 3.041419e+01
1.000000e+02, 3.036286e+01
1.000000e+02, 3.031222e+01
1.000000e+02, 3.026228e+01
1.000000e+02, 3.021302e+01
1.000000e+02, 3.016445e+01
1.000000e+02, 3.011656e+01
1.000000e+02, 3.006937e+01
1.000000e+02, 3.002286e+01
1.000000e+02, 2.997704e+01
1.000000e+02, 2.993191e+01
1.000000e+02, 2.988746e+01
1.000000e+02, 2.984370e+01
1.000000e+02, 2.980062e+01
1.000000e+02, 2.975822e+01
1.000000e+02, 2.971651e+01
1.000000e+02, 2.967549e+01
1.000000e+02, 2.963514e+01
1.000000e+02, 2.959548e+01
1.000000e+02, 2.955649e+01
1.000000e+02, 2.951819e+01
1.000000e+02, 2.948057e+01
1.000000e+02, 2.944363e+01
1.000000e+02, 2.940737e+01
1.000000e+02, 2.937178e+01
1.000000e+02, 2.933688e+01
1.000000e+02, 2.930266e+01
1.000000e+02, 2.926911e+01
1.000000e+02, 2.923624e+01
1.000000e+02, 2.920405e+01
1.000000e+02, 2.917253e+01
1.000000e+02, 2.914169e+01
1.000000e+02, 2.911153e+01
1.000000e+02, 2.908204e+01
1.000000e+02, 2.905322e+01
1.000000e+02, 2.902509e+01
1.000000e+02, 2.899762e+01
1.000000e+02, 2.897083e+01
1.000000e+02, 2.894472e+01
1.000000e+02, 2.891927e+01
1.000000e+02, 2.889450e+01
1.000000e+02, 2.887041e+01
1.000000e+02, 2.884699e+01
1.000000e+02, 2.882423e+01
1.000000e+02, 2.880216e+01
1.000000e+02, 2.878075e+01
1.000000e+02, 2.876001e+01
1.000000e+02, 2.873995e+01
1.000000e+02, 2.872056e+01
1.000000e+02, 2.870183e+01
1.000000e+02, 2.868378e+01
1.000000e+02, 2.866640e+01
1.000000e+02, 2.864969e+01
1.000000e+02, 2.863365e+01
1.000000e+02, 2.861828e+01
1.000000e+02, 2.860358e+01
1.000000e+02, 2.858954e+01
1.000000e+02, 2.857618e+01
1.000000e+02, 2.856349e+01
1.000000e+02, 2.855146e+01
1.000000e+02, 2.854011e+01
1.000000e+02, 2.852942e+01
1.000000e+02, 2.851940e+01
1.000000e+02, 2.851005e+01
1.000000e+02, 2.850137e+01
1.000000e+02, 2.849335e+01
1.000000e+02, 2.848601e+01
1.000000e+02, 2.847933e+01
1.000000e+02, 2.847332e+01
1.000000e+02, 2.846798e+01
1.000000e+02, 2.846331e+01
1.000000e+02, 2.845930e+01
1.000000e+02, 2.845596e+01
1.000000e+02, 2.845329e+01
1.000000e+02, 2.845129e+01
1.000000e+02, 2.844995e+01
1.000000e+02, 2.844929e+01
1.000000e+02, 2.844929e+01
1.000000e+02, 2.844995e+01
1.000000e+02, 2.845129e+01
1.000000e+02, 2.845329e+01
1.000000e+02, 2.845596e+01
1.000000e+02, 2.845930e+01
1.000000e+02, 2.846331e+01
1.000000e+02, 2.846798e+01
1.000000e+02, 2.847332e+01
1.000000e+02, 2.847933e+01
1.000000e+02, 2.848601e+01
1.000000e+02, 2.849335e+01
1.000000e+02, 2.850137e+01
1.000000e+02, 2.851005e+01
1.000000e+02, 2.851940e+01
1.000000e+02, 2.852942e+01
1.000000e+02, 2.854011e+01
1.000000e+02, 2.855146e+01
1.000000e+02, 2.856349e+01
1.000000e+02, 2.857618e+01
1.000000e+02, 2.858954e+01
1.000000e+02, 2.860358e+01
1.000000e+02, 2.861828e+01
1.000000e+02, 2.863365e+01
1.000000e+02, 2.864969e+01
1.000000e+02, 2.866640e+01
1.000000e+02, 2.868378e+01
1.000000e+02, 2.870183e+01
1.000000e+02, 2.872056e+01
1.000000e+02, 2.873995e+01
1.000000e+02, 2.876001e+01
1.000000e+02, 2.878075e+01
1.000000e+02, 2.880216e+01
1.000000e+02, 2.882423e+01
1.000000e+02, 2.884699e+01
1.000000e+02, 2.887041e+01
1.000000e+02, 2.889450e+01
1.000000e+02, 2.891927e+01
1.000000e+02, 2.894472e+01
1.000000e+02, 2.897083e+01
1.000000e+02, 2.899762e+01
1.000000e+02, 2.902509e+01
1.000000e+02, 2.905322e+01
1.000000e+02, 2.908204e+01
1.000000e+02, 2.911153e+01
1.000000e+02, 2.914169e+01
1.000000e+02, 2.917253e+01
1.000000e+02, 2.920405e+01
1.000000e+02, 2.923624e+01
1.000000e+02, 2.926911e+01
1.000000e+02, 2.930266e+01
1.000000e+02, 2.933688e+01
1.000000e+02, 2.937179e+01
1.000000e+02, 2.940737e+01
1.000000e+02, 2.944363e+01
1.000000e+02, 2.948057e+01
1.000000e+02, 2.951819e+01
1.000000e+02, 2.955649e+01
1.000000e+02, 2.959548e+01
1.000000e+02, 2.963514e+01
1.000000e+02, 2.967549e+01
1.000000e+02, 2.971651e+01
1.000000e+02, 2.975823e+01
1.000000e+02, 2.980062e+01
1.000000e+02, 2.984370e+01
1.000000e+02, 2.988746e+01
1.000000e+02, 2.993191e+01
1.000000e+02, 2.997704e+01
1.000000e+02, 3.002286e+01
1.000000e+02, 3.006937e+01
1.000000e+02, 3.011656e+01
1.000000e+02, 3.016445e+01
1.000000e+02, 3.021302e+01
1.000000e+02, 3.026228e+01
1.000000e+02, 3.031223e+01
1.000000e+02, 3.036286e+01
1.000000e+02, 3.041419e+01
1.000000e+02, 3.046622e+01
1.000000e+02, 3.051893e+01
1.000000e+02, 3.057234e+01
1.000000e+02, 3.062644e+01
1.000000e+02, 3.068123e+01
1.000000e+02, 3.073672e+01
1.000000e+02, 3.079291e+01
1.000000e+02, 3.084979e+01
1.000000e+02, 3.090737e+01
1.000000e+02, 3.096564e+01
1.000000e+02, 3.102462e+01
1.000000e+02, 3.108429e+01
1.000000e+02, 3.114467e+01
1.000000e+02, 3.120574e+01
1.000000e+02, 3.126752e+01
1.000000e+02, 3.133000e+01
1.000000e+02, 3.139318e+01
1.000000e+02, 3.145706e+01
1.000000e+02, 3.152165e+01
1.000000e+02, 3.158695e+01
1.000000e+02, 3.165295e+01
1.000000e+02, 3.171966e+01
1.000000e+02, 3.178708e+01
1.000000e+02, 3.185521e+01
1.000000e+02, 3.192404e+01
1.000000e+02, 3.199359e+01
1.000000e+02, 3.206385e+01
1.000000e+02, 3.213482e+01
1.000000e+02, 3.220650e+01
1.000000e+02, 3.227890e+01
1.000000e+02, 3.235202e+01
1.000000e+02, 3.242585e+01
1.000000e+02, 3.250040e+01
1.000000e+02, 3.257567e+01
1.000000e+02, 3.265165e+01
1.000000e+02, 3.272836e+01
1.000000e+02, 3.280578e+01
1.000000e+02, 3.288393e+01
1.000000e+02, 3.296281e+01
1.000000e+02, 3.304240e+01
1.000000e+02, 3.312273e+01
1.000000e+02, 3.320378e+01
1.000000e+02, 3.328555e+01
1.000000e+02, 3.336806e+01
1.000000e+02, 3.345129e+01
1.000000e+02, 3.353526e+01
1.000000e+02, 3.361996e+01
1.000000e+02, 3.370539e+01
1.000000e+02, 3.379156e+01
1.000000e+02, 3.387846e+01
1.000000e+02, 3.396609e+01
1.000000e+02, 3.405447e+01
1.000000e+02, 3.414359e+01
1.000000e+02, 3.423344e+01
1.000000e+02, 3.432404e+01
1.000000e+02, 3.441538e+01
1.000000e+02, 3.450746e+01
1.000000e+02, 3.460029e+01
1.000000e+02, 3.469386e+01
1.000000e+02, 3.478819e+01
1.000000e+02, 3.488326e+01
1.000000e+02, 3.497908e+01
1.000000e+02, 3.507565e+01
1.000000e+02, 3.517298e+01
1.000000e+02, 3.527106e+01
1.000000e+02, 3.536990e+01
1.000000e+02, 3.546950e+01
1.000000e+02, 3.556985e+01
1.000000e+02, 3.567096e+01
1.000000e+02, 3.577284e+01
1.000000e+02, 3.587548e+01
1.000000e+02, 3.597888e+01
1.000000e+02, 3.608305e+01
1.000000e+02, 3.618799e+01
1.000000e+02, 3.629369e+01
1.000000e+02, 3.640017e+01
1.000000e+02, 3.650741e+01
1.000000e+02, 3.661543e+01
1.000000e+02, 3.672423e+01
1.000000e+02, 3.683380e+01
1.000000e+02, 3.694415e+01
1.000000e+02, 3.705529e+01
1.000000e+02, 3.716720e+01
1.000000e+02, 3.727989e+01
1.000000e+02, 3.739337e+01
1.000000e+02, 3.750764e+01
1.000000e+02, 3.762270e+01
1.000000e+02, 3.773854e+01
1.000000e+02, 3.785518e+01
1.000000e+02, 3.797261e+01
1.000000e+02, 3.809083e+01
1.000000e+02, 3.820986e+01
1.000000e+02, 3.832968e+01
1.000000e+02, 3.845030e+01
1.000000e+02, 3.857172e+01
1.000000e+02, 3.869395e+01
1.000000e+02, 3.881698e+01
1.000000e+02, 3.894083e+01
1.000000e+02, 3.906548e+01
1.000000e+02, 3.919094e+01
1.000000e+02, 3.931722e+01
1.000000e+02, 3.944431e+01
1.000000e+02, 3.957222e+01
1.000000e+02, 3.970095e+01
1.000000e+02, 3.983051e+01
1.000000e+02, 3.996088e+01
1.000000e+02, 4.009208e+01
1.000000e+02, 4.022411e+01
1.000000e+02, 4.035697e+01
1.000000e+02, 4.049067e+01
1.000000e+02, 4.062519e+01
1.000000e+02, 4.076055e+01
1.000000e+02, 4.089675e+01
1.000000e+02, 4.103380e+01
1.000000e+02, 4.117168e+01
1.000000e+02, 4.131041e+01
1.000000e+02, 4.144999e+01
1.000000e+02, 4.159042e+01
1.000000e+02, 4.173170e+01
1.000000e+02, 4.187383e+01
1.000000e+02, 4.201682e+01
1.000000e+02, 4.216067e+01
1.000000e+02, 4.230538e+01
1.000000e+02, 4.245096e+01
1.000000e+02, 4.259740e+01
1.000000e+02, 4.274471e+01
1.000000e+02, 4.289289e+01
1.000000e+02, 4.304195e+01
1.000000e+02, 4.319188e+01
1.000000e+02, 4.334269e+01
1.000000e+02, 4.349438e+01
1.000000e+02, 4.364696e+01
1.000000e+02, 4.380043e+01
1.000000e+02, 4.395478e+01
1.000000e+02, 4.411003e+01
1.000000e+02, 4.426617e+01
1.000000e+02, 4.442321e+01
1.000000e+02, 4.458115e+01
1.000000e+02, 4.473999e+01
1.000000e+02, 4.489974e+01
1.000000e+02, 4.506040e+01
1.000000e+02, 4.522197e+01
1.000000e+02, 4.538445e+01
1.000000e+02, 4.554786e+01
1.000000e+02, 4.571218e+01
1.000000e+02, 4.587743e+01
1.000000e+02, 4.604360e+01
1.000000e+02, 4.621071e+01
1.000000e+02, 4.637874e+01
1.000000e+02, 4.654772e+01
1.000000e+02, 4.671763e+01
1.000000e+02, 4.688848e+01
1.000000e+02, 4.706029e+01
1.000000e+02, 4.723304e+01
1.000000e+02, 4.740674e+01
1.000000e+02, 4.758140e+01
1.000000e+02, 4.775701e+01
1.000000e+02, 4.793359e+01
1.000000e+02, 4.811114e+01
1.000000e+02, 4.828965e+01
1.000000e+02, 4.846914e+01
1.000000e+02, 4.864960e+01
1.000000e+02, 4.883105e+01
1.000000e+02, 4.901347e+01
1.000000e+02, 4.919689e+01
1.000000e+02, 4.938129e+01
1.000000e+02, 4.956669e+01
1.000000e+02, 4.975309e+01
1.000000e+02, 4.994049e+01
1.000000e+02, 5.012890e+01
1.000000e+02, 5.031831e+01
1.000000e+02, 5.050874e+01
1.000000e+02, 5.070019e+01
1.000000e+02, 5.089266e+01
1.000000e+02, 5.108616e+01
1.000000e+02, 5.128068e+01
1.000000e+02, 5.147624e+01
1.000000e+02, 5.167284e+01
1.000000e+02, 5.187048e+01
1.000000e+02, 5.206917e+01
1.000000e+02, 5.226890e+01
1.000000e+02, 5.246970e+01
1.000000e+02, 5.267155e+01
1.000000e+02, 5.287447e+01
1.000000e+02, 5.307845e+01
1.000000e+02, 5.328351e+01
1.000000e+02, 5.348965e+01
1.000000e+02, 5.369687e+01
1.000000e+02, 5.390518e+01
1.000000e+02, 5.411458e+01
1.000000e+02, 5.432508e+01
1.000000e+02, 5.453668e+01
1.000000e+02, 5.474938e+01
1.000000e+02, 5.496320e+01
1.000000e+02, 5.517813e+01
1.000000e+02, 5.539419e+01
1.000000e+02, 5.561137e+01
1.000000e+02, 5.582969e+01
1.000000e+02, 5.604914e+01
1.000000e+02, 5.626974e+01
1.000000e+02, 5.649148e+01
1.000000e+02, 5.671438e+01
1.000000e+02, 5.693844e+01
1.000000e+02, 5.716366e+01
1.000000e+02, 5.739005e+01
1.000000e+02, 5.761762e+01
1.000000e+02, 5.784637e+01
1.000000e+02, 5.807631e+01
1.000000e+02, 5.830744e+01
1.000000e+02, 5.853977e+01
1.000000e+02, 5.877331e+01
1.000000e+02, 5.900806e+01
1.000000e+02, 5.924403e+01
1.000000e+02, 5.948122e+01
1.000000e+02, 5.971964e+01
1.000000e+02, 5.995930e+01
1.000000e+02, 6.020020e+01
1.000000e+02, 6.044236e+01
1.000000e+02, 6.068577e+01
1.000000e+02, 6.093045e+01
1.000000e+02, 6.117639e+01
1.000000e+02, 6.142361e+01
1.000000e+02, 6.167212e+01
1.000000e+02, 6.192192e+01
1.000000e+02, 6.217302e+01
1.000000e+02, 6.242542e+01
1.000000e+02, 6.267914e+01
1.000000e+02, 6.293418e+01
1.000000e+02, 6.319055e+01
1.000000e+02, 6.344825e+01
1.000000e+02, 6.370730e+01
1.000000e+02, 6.396770e+01
1.000000e+02, 6.422946e+01
1.000000e+02, 6.449259e+01
1.000000e+02, 6.475709e+01
1.000000e+02, 6.502298e+01
1.000000e+02, 6.529026e+01
1.000000e+02, 6.555895e+01
1.000000e+02, 6.582904e+01
1.000000e+02, 6.610055e+01
1.000000e+02, 6.637349e+01
1.000000e+02, 6.664787e+01
1.000000e+02, 6.692369e+01
1.000000e+02, 6.720096e+01
1.000000e+02, 6.747970e+01
1.000000e+02, 6.775992e+01
1.000000e+02, 6.804162e+01
1.000000e+02, 6.832481e+01
1.000000e+02, 6.860950e+01
1.000000e+02, 6.889571e+01
1.000000e+02, 6.918344e+01
1.000000e+02, 6.947270e+01
1.000000e+02, 6.976351e+01
1.000000e+02, 7.005588e+01
1.000000e+02, 7.034981e+01
1.000000e+02, 7.064531e+01
1.000000e+02, 7.094241e+01
1.000000e+02, 7.124110e+01
1.000000e+02, 7.154140e+01
1.000000e+02, 7.184333e+01
1.000000e+02, 7.214688e+01
1.000000e+02, 7.245209e+01
1.000000e+02, 7.275895e+01
1.000000e+02, 7.306748e+01
1.000000e+02, 7.337770e+01
1.000000e+02, 7.368961e+01
1.000000e+02, 7.400323e+01
1.000000e+02, 7.431857e+01
1.000000e+02, 7.463565e+01
1.000000e+02, 7.495447e+01
1.000000e+02, 7.527506e+01
1.000000e+02, 7.559743e+01
1.000000e+02, 7.592158e+01
1.000000e+02, 7.624754e+01
1.000000e+02, 7.657532e+01
1.000000e+02, 7.690493e+01
1.000000e+02, 7.723640e+01
1.000000e+02, 7.756973e+01
1.000000e+02, 7.790494e+01
1.000000e+02, 7.824204e+01
1.000000e+02, 7.858106e+01
1.000000e+02, 7.892201e+01
1.000000e+02, 7.926491e+01
1.000000e+02, 7.960977e+01
1.000000e+02, 7.995661e+01
1.000000e+02, 8.030545e+01
1.000000e+02, 8.065631e+01
1.000000e+02, 8.100920e+01
1.000000e+02, 8.136414e+01
1.000000e+02, 8.172116e+01
1.000000e+02, 8.208027e+01
1.000000e+02, 8.244150e+01
1.000000e+02, 8.280485e+01
1.000000e+02, 8.317036e+01
1.000000e+02, 8.353804e+01
1.000000e+02, 8.390791e+01
1.000000e+02, 8.428001e+01
1.000000e+02, 8.465434e+01
1.000000e+02, 8.503093e+01
1.000000e+02, 8.540980e+01
1.000000e+02, 8.579098e+01
1.000000e+02, 8.617450e+01
1.000000e+02, 8.656037e+01
1.000000e+02, 8.694862e+01
1.000000e+02, 8.733927e+01
1.000000e+02, 8.773236e+01
1.000000e+02, 8.812790e+01
1.000000e+02, 8.852593e+01
1.000000e+02, 8.892647e+01
1.000000e+02, 8.932956e+01
1.000000e+02, 8.973521e+01
1.000000e+02, 9.014346e+01
1.000000e+02, 9.055434e+01
1.000000e+02, 9.096788e+01
1.000000e+02, 9.138411e+01
1.000000e+02, 9.180306e+01
1.000000e+02, 9.222477e+01
1.000000e+02, 9.264926e+01
1.000000e+02, 9.307658e+01
1.000000e+02, 9.350676e+01
1.000000e+02, 9.393983e+01
1.000000e+02, 9.437584e+01
1.000000e+02, 9.481481e+01
1.000000e+02, 9.525679e+01
1.000000e+02, 9.570182e+01
1.000000e+02, 9.614993e+01
1.000000e+02, 9.660117e+01
1.000000e+02, 9.705558e+01
1.000000e+02, 9.751321e+01
1.000000e+02, 9.797410e+01
1.000000e+02, 9.843829e+01
1.000000e+02, 9.890584e+01
1.000000e+02, 9.937678e+01
1.000000e+02, 9.985118e+01
1.000000e+02, 1.003291e+02
1.000000e+02, 1.008105e+02
1.000000e+02, 1.012956e+02
1.000000e+02, 1.017843e+02
1.000000e+02, 1.022767e+02
1.000000e+02, 1.027730e+02
1.000000e+02, 1.032730e+02
1.000000e+02, 1.037770e+02
1.000000e+02, 1.042849e+02
1.000000e+02, 1.047969e+02
1.000000e+02, 1.053129e+02
1.000000e+02, 1.058331e+02
1.000000e+02, 1.063576e+02
1.000000e+02, 1.068863e+02
1.000000e+02, 1.074195e+02
1.000000e+02, 1.079571e+02
1.000000e+02, 1.084993e+02
1.000000e+02, 1.090461e+02
1.000000e+02, 1.095977e+02
1.000000e+02, 1.101540e+02
1.000000e+02, 1.107153e+02
1.000000e+02, 1.112816e+02
1.000000e+02, 1.118529e+02
1.000000e+02, 1.124295e+02
1.000000e+02, 1.130114e+02
1.000000e+02, 1.135987e+02
1.000000e+02, 1.141916e+02
1.000000e+02, 1.147901e+02
1.000000e+02, 1.153944e+02
1.000000e+02, 1.160047e+02
1.000000e+02, 1.166209e+02
1.000000e+02, 1.172434e+02
1.000000e+02, 1.178722e+02
1.000000e+02, 1.185076e+02
1.000000e+02, 1.191495e+02
1.000000e+02, 1.197983e+02
1.000000e+02, 1.204541e+02
1.000000e+02, 1.211171e+02
1.000000e+02, 1.217874e+02
1.000000e+02, 1.224653e+02
1.000000e+02, 1.231510e+02
1.000000e+02, 1.238447e+02
1.000000e+02, 1.245466e+02
1.000000e+02, 1.252570e+02
1.000000e+02, 1.259761e+02
1.000000e+02, 1.267042e+02
1.000000e+02, 1.274415e+02
1.000000e+02, 1.281885e+02
1.000000e+02, 1.289453e+02
1.000000e+02, 1.297124e+02
1.000000e+02, 1.304901e+02
1.000000e+02, 1.312787e+02
1.000000e+02, 1.320787e+02
1.000000e+02, 1.328905e+02
1.000000e+02, 1.337145e+02
1.000000e+02, 1.345513e+02
1.000000e+02, 1.354013e+02
1.000000e+02, 1.362651e+02
1.000000e+02, 1.371434e+02
1.000000e+02, 1.380367e+02
1.000000e+02, 1.389458e+02
1.000000e+02, 1.398715e+02
1.000000e+02, 1.408144e+02
1.000000e+02, 1.417756e+02
1.000000e+02, 1.427561e+02
1.000000e+02, 1.437568e+02
1.000000e+02, 1.447789e+02
1.000000e+02, 1.458239e+02
1.000000e+02, 1.468930e+02
1.000000e+02, 1.479879e+02
1.000000e+02, 1.491103e+02
1.000000e+02, 1.502623e+02
1.000000e+02, 1.514462e+02
1.000000e+02, 1.526644e+02
1.000000e+02, 1.539200e+02
1.000000e+02, 1.552162e+02
1.000000e+02, 1.565572e+02
1.000000e+02, 1.579475e+02
1.000000e+02, 1.593927e+02
1.000000e+02, 1.608994e+02
1.000000e+02, 1.624757e+02
1.000000e+02, 1.641318e+02
1.000000e+02, 1.658807e+02
1.000000e+02, 1.677392e+02
1.000000e+02, 1.697301e+02
1.000000e+02, 1.718855e+02
1.000000e+02, 1.742533e+02
1.000000e+02, 1.769110e+02
1.000000e+02, 1.800000e+02
##END= 