##TITLE= /opt/topspin3.0/exp/stan/nmr/lists/wave/user/HypSec_trunc2.84_110
##JCAMP-DX= 5.00 Bruker JCAMP library
##DATA TYPE= Shape Data
##ORIGIN= Bruker BioSpin GmbH
##OWNER= <nmrsu>
##DATE= 15/02/24
##TIME= 16:15:04
##MINX= 1.164538e+01
##MAXX= 9.999960e+01
##MINY= 2.546774e-02
##MAXY= 3.585574e+02
##$SHAPE_EXMODE= Adiabatic
##$SHAPE_TOTROT= 1.800000e+02
##$SHAPE_BWFAC= 1.929340e+02
##$SHAPE_INTEGFAC= 2.356110e-02
##$SHAPE_MODE= 0
##NPOINTS= 1000
##XYPOINTS= (XY..XY)
1.000000e+02, 1.800000e+02
1.000000e+02, 1.767449e+02
1.000000e+02, 1.739444e+02
1.000000e+02, 1.714492e+02
1.000000e+02, 1.691780e+02
1.000000e+02, 1.670800e+02
1.000000e+02, 1.651216e+02
1.000000e+02, 1.632787e+02
1.000000e+02, 1.615335e+02
1.000000e+02, 1.598724e+02
1.000000e+02, 1.582848e+02
1.000000e+02, 1.567619e+02
1.000000e+02, 1.552968e+02
1.000000e+02, 1.538838e+02
1.000000e+02, 1.525178e+02
1.000000e+02, 1.511947e+02
1.000000e+02, 1.499110e+02
1.000000e+02, 1.486635e+02
1.000000e+02, 1.474496e+02
1.000000e+02, 1.462668e+02
1.000000e+02, 1.451130e+02
1.000000e+02, 1.439864e+02
1.000000e+02, 1.428853e+02
1.000000e+02, 1.418082e+02
1.000000e+02, 1.407537e+02
1.000000e+02, 1.397206e+02
1.000000e+02, 1.387077e+02
1.000000e+02, 1.377140e+02
1.000000e+02, 1.367386e+02
1.000000e+02, 1.357806e+02
1.000000e+02, 1.348393e+02
1.000000e+02, 1.339138e+02
1.000000e+02, 1.330035e+02
1.000000e+02, 1.321078e+02
1.000000e+02, 1.312260e+02
1.000000e+02, 1.303577e+02
1.000000e+02, 1.295023e+02
1.000000e+02, 1.286593e+02
1.000000e+02, 1.278282e+02
1.000000e+02, 1.270088e+02
1.000000e+02, 1.262004e+02
1.000000e+02, 1.254029e+02
1.000000e+02, 1.246158e+02
1.000000e+02, 1.238388e+02
1.000000e+02, 1.230715e+02
1.000000e+02, 1.223138e+02
1.000000e+02, 1.215652e+02
1.000000e+02, 1.208256e+02
1.000000e+02, 1.200946e+02
1.000000e+02, 1.193721e+02
1.000000e+02, 1.186577e+02
1.000000e+02, 1.179513e+02
1.000000e+02, 1.172527e+02
1.000000e+02, 1.165617e+02
1.000000e+02, 1.158780e+02
1.000000e+02, 1.152015e+02
1.000000e+02, 1.145320e+02
1.000000e+02, 1.138694e+02
1.000000e+02, 1.132135e+02
1.000000e+02, 1.125640e+02
1.000000e+02, 1.119210e+02
1.000000e+02, 1.112842e+02
1.000000e+02, 1.106535e+02
1.000000e+02, 1.100288e+02
1.000000e+02, 1.094099e+02
1.000000e+02, 1.087967e+02
1.000000e+02, 1.081891e+02
1.000000e+02, 1.075870e+02
1.000000e+02, 1.069903e+02
1.000000e+02, 1.063989e+02
1.000000e+02, 1.058126e+02
1.000000e+02, 1.052314e+02
1.000000e+02, 1.046552e+02
1.000000e+02, 1.040839e+02
1.000000e+02, 1.035173e+02
1.000000e+02, 1.029555e+02
1.000000e+02, 1.023983e+02
1.000000e+02, 1.018457e+02
1.000000e+02, 1.012975e+02
1.000000e+02, 1.007537e+02
1.000000e+02, 1.002142e+02
1.000000e+02, 9.967897e+01
1.000000e+02, 9.914791e+01
1.000000e+02, 9.862097e+01
1.000000e+02, 9.809807e+01
1.000000e+02, 9.757916e+01
1.000000e+02, 9.706416e+01
1.000000e+02, 9.655303e+01
1.000000e+02, 9.604569e+01
1.000000e+02, 9.554210e+01
1.000000e+02, 9.504220e+01
1.000000e+02, 9.454593e+01
1.000000e+02, 9.405325e+01
1.000000e+02, 9.356410e+01
1.000000e+02, 9.307844e+01
1.000000e+02, 9.259620e+01
1.000000e+02, 9.211736e+01
1.000000e+02, 9.164186e+01
1.000000e+02, 9.116965e+01
1.000000e+02, 9.070070e+01
1.000000e+02, 9.023496e+01
1.000000e+02, 8.977239e+01
1.000000e+02, 8.931294e+01
1.000000e+02, 8.885659e+01
1.000000e+02, 8.840328e+01
1.000000e+02, 8.795298e+01
1.000000e+02, 8.750567e+01
1.000000e+02, 8.706129e+01
1.000000e+02, 8.661981e+01
1.000000e+02, 8.618120e+01
1.000000e+02, 8.574543e+01
1.000000e+02, 8.531246e+01
1.000000e+02, 8.488226e+01
1.000000e+02, 8.445480e+01
1.000000e+02, 8.403005e+01
1.000000e+02, 8.360797e+01
1.000000e+02, 8.318854e+01
1.000000e+02, 8.277173e+01
1.000000e+02, 8.235751e+01
1.000000e+02, 8.194585e+01
1.000000e+02, 8.153673e+01
1.000000e+02, 8.113011e+01
1.000000e+02, 8.072598e+01
1.000000e+02, 8.032431e+01
1.000000e+02, 7.992506e+01
1.000000e+02, 7.952822e+01
1.000000e+02, 7.913377e+01
1.000000e+02, 7.874167e+01
1.000000e+02, 7.835191e+01
1.000000e+02, 7.796446e+01
1.000000e+02, 7.757930e+01
1.000000e+02, 7.719641e+01
1.000000e+02, 7.681577e+01
1.000000e+02, 7.643735e+01
1.000000e+02, 7.606114e+01
1.000000e+02, 7.568711e+01
1.000000e+02, 7.531525e+01
1.000000e+02, 7.494553e+01
1.000000e+02, 7.457793e+01
1.000000e+02, 7.421244e+01
1.000000e+02, 7.384904e+01
1.000000e+02, 7.348771e+01
1.000000e+02, 7.312843e+01
1.000000e+02, 7.277118e+01
1.000000e+02, 7.241595e+01
1.000000e+02, 7.206272e+01
1.000000e+02, 7.171147e+01
1.000000e+02, 7.136219e+01
1.000000e+02, 7.101485e+01
1.000000e+02, 7.066945e+01
1.000000e+02, 7.032597e+01
1.000000e+02, 6.998438e+01
1.000000e+02, 6.964469e+01
1.000000e+02, 6.930686e+01
1.000000e+02, 6.897090e+01
1.000000e+02, 6.863677e+01
1.000000e+02, 6.830448e+01
1.000000e+02, 6.797400e+01
1.000000e+02, 6.764532e+01
1.000000e+02, 6.731842e+01
1.000000e+02, 6.699330e+01
1.000000e+02, 6.666994e+01
1.000000e+02, 6.634833e+01
1.000000e+02, 6.602845e+01
1.000000e+02, 6.571029e+01
1.000000e+02, 6.539384e+01
1.000000e+02, 6.507909e+01
1.000000e+02, 6.476603e+01
1.000000e+02, 6.445463e+01
1.000000e+02, 6.414490e+01
1.000000e+02, 6.383682e+01
1.000000e+02, 6.353038e+01
1.000000e+02, 6.322556e+01
1.000000e+02, 6.292236e+01
1.000000e+02, 6.262076e+01
1.000000e+02, 6.232076e+01
1.000000e+02, 6.202235e+01
1.000000e+02, 6.172550e+01
1.000000e+02, 6.143022e+01
1.000000e+02, 6.113650e+01
1.000000e+02, 6.084431e+01
1.000000e+02, 6.055366e+01
1.000000e+02, 6.026454e+01
1.000000e+02, 5.997692e+01
1.000000e+02, 5.969081e+01
1.000000e+02, 5.940620e+01
1.000000e+02, 5.912307e+01
1.000000e+02, 5.884142e+01
1.000000e+02, 5.856124e+01
1.000000e+02, 5.828251e+01
1.000000e+02, 5.800524e+01
1.000000e+02, 5.772941e+01
1.000000e+02, 5.745501e+01
1.000000e+02, 5.718203e+01
1.000000e+02, 5.691047e+01
1.000000e+02, 5.664032e+01
1.000000e+02, 5.637157e+01
1.000000e+02, 5.610421e+01
1.000000e+02, 5.583823e+01
1.000000e+02, 5.557364e+01
1.000000e+02, 5.531041e+01
1.000000e+02, 5.504854e+01
1.000000e+02, 5.478802e+01
1.000000e+02, 5.452885e+01
1.000000e+02, 5.427103e+01
1.000000e+02, 5.401453e+01
1.000000e+02, 5.375935e+01
1.000000e+02, 5.350550e+01
1.000000e+02, 5.325295e+01
1.000000e+02, 5.300171e+01
1.000000e+02, 5.275177e+01
1.000000e+02, 5.250311e+01
1.000000e+02, 5.225574e+01
1.000000e+02, 5.200965e+01
1.000000e+02, 5.176483e+01
1.000000e+02, 5.152127e+01
1.000000e+02, 5.127897e+01
1.000000e+02, 5.103792e+01
1.000000e+02, 5.079812e+01
1.000000e+02, 5.055955e+01
1.000000e+02, 5.032222e+01
1.000000e+02, 5.008612e+01
1.000000e+02, 4.985124e+01
1.000000e+02, 4.961757e+01
1.000000e+02, 4.938512e+01
1.000000e+02, 4.915386e+01
1.000000e+02, 4.892381e+01
1.000000e+02, 4.869495e+01
1.000000e+02, 4.846728e+01
1.000000e+02, 4.824079e+01
1.000000e+02, 4.801548e+01
1.000000e+02, 4.779134e+01
1.000000e+02, 4.756836e+01
1.000000e+02, 4.734655e+01
1.000000e+02, 4.712589e+01
1.000000e+02, 4.690638e+01
1.000000e+02, 4.668802e+01
1.000000e+02, 4.647080e+01
1.000000e+02, 4.625471e+01
1.000000e+02, 4.603976e+01
1.000000e+02, 4.582593e+01
1.000000e+02, 4.561323e+01
1.000000e+02, 4.540164e+01
1.000000e+02, 4.519116e+01
1.000000e+02, 4.498179e+01
1.000000e+02, 4.477353e+01
1.000000e+02, 4.456636e+01
1.000000e+02, 4.436029e+01
1.000000e+02, 4.415530e+01
1.000000e+02, 4.395141e+01
1.000000e+02, 4.374859e+01
1.000000e+02, 4.354685e+01
1.000000e+02, 4.334618e+01
1.000000e+02, 4.314658e+01
1.000000e+02, 4.294804e+01
1.000000e+02, 4.275057e+01
1.000000e+02, 4.255415e+01
1.000000e+02, 4.235878e+01
1.000000e+02, 4.216446e+01
1.000000e+02, 4.197119e+01
1.000000e+02, 4.177895e+01
1.000000e+02, 4.158775e+01
1.000000e+02, 4.139759e+01
1.000000e+02, 4.120845e+01
1.000000e+02, 4.102034e+01
1.000000e+02, 4.083325e+01
1.000000e+02, 4.064717e+01
1.000000e+02, 4.046212e+01
1.000000e+02, 4.027807e+01
1.000000e+02, 4.009503e+01
1.000000e+02, 3.991299e+01
1.000000e+02, 3.973195e+01
1.000000e+02, 3.955191e+01
1.000000e+02, 3.937286e+01
1.000000e+02, 3.919480e+01
1.000000e+02, 3.901773e+01
1.000000e+02, 3.884164e+01
1.000000e+02, 3.866653e+01
1.000000e+02, 3.849240e+01
1.000000e+02, 3.831924e+01
1.000000e+02, 3.814706e+01
1.000000e+02, 3.797584e+01
1.000000e+02, 3.780558e+01
1.000000e+02, 3.763628e+01
1.000000e+02, 3.746795e+01
1.000000e+02, 3.730056e+01
1.000000e+02, 3.713413e+01
1.000000e+02, 3.696865e+01
1.000000e+02, 3.680411e+01
1.000000e+02, 3.664052e+01
1.000000e+02, 3.647787e+01
1.000000e+02, 3.631615e+01
1.000000e+02, 3.615537e+01
1.000000e+02, 3.599552e+01
1.000000e+02, 3.583660e+01
1.000000e+02, 3.567861e+01
1.000000e+02, 3.552154e+01
1.000000e+02, 3.536539e+01
1.000000e+02, 3.521016e+01
1.000000e+02, 3.505585e+01
1.000000e+02, 3.490244e+01
1.000000e+02, 3.474995e+01
1.000000e+02, 3.459837e+01
1.000000e+02, 3.444769e+01
1.000000e+02, 3.429792e+01
1.000000e+02, 3.414904e+01
1.000000e+02, 3.400106e+01
1.000000e+02, 3.385398e+01
1.000000e+02, 3.370779e+01
1.000000e+02, 3.356249e+01
1.000000e+02, 3.341809e+01
1.000000e+02, 3.327456e+01
1.000000e+02, 3.313192e+01
1.000000e+02, 3.299016e+01
1.000000e+02, 3.284928e+01
1.000000e+02, 3.270928e+01
1.000000e+02, 3.257015e+01
1.000000e+02, 3.243190e+01
1.000000e+02, 3.229451e+01
1.000000e+02, 3.215799e+01
1.000000e+02, 3.202234e+01
1.000000e+02, 3.188755e+01
1.000000e+02, 3.175363e+01
1.000000e+02, 3.162056e+01
1.000000e+02, 3.148835e+01
1.000000e+02, 3.135700e+01
1.000000e+02, 3.122650e+01
1.000000e+02, 3.109685e+01
1.000000e+02, 3.096805e+01
1.000000e+02, 3.084010e+01
1.000000e+02, 3.071299e+01
1.000000e+02, 3.058673e+01
1.000000e+02, 3.046131e+01
1.000000e+02, 3.033673e+01
1.000000e+02, 3.021298e+01
1.000000e+02, 3.009008e+01
1.000000e+02, 2.996800e+01
1.000000e+02, 2.984676e+01
1.000000e+02, 2.972635e+01
1.000000e+02, 2.960677e+01
1.000000e+02, 2.948801e+01
1.000000e+02, 2.937009e+01
1.000000e+02, 2.925298e+01
1.000000e+02, 2.913670e+01
1.000000e+02, 2.902123e+01
1.000000e+02, 2.890659e+01
1.000000e+02, 2.879276e+01
1.000000e+02, 2.867974e+01
1.000000e+02, 2.856754e+01
1.000000e+02, 2.845616e+01
1.000000e+02, 2.834558e+01
1.000000e+02, 2.823581e+01
1.000000e+02, 2.812685e+01
1.000000e+02, 2.801869e+01
1.000000e+02, 2.791134e+01
1.000000e+02, 2.780479e+01
1.000000e+02, 2.769904e+01
1.000000e+02, 2.759409e+01
1.000000e+02, 2.748994e+01
1.000000e+02, 2.738658e+01
1.000000e+02, 2.728402e+01
1.000000e+02, 2.718226e+01
1.000000e+02, 2.708128e+01
1.000000e+02, 2.698110e+01
1.000000e+02, 2.688170e+01
1.000000e+02, 2.678310e+01
1.000000e+02, 2.668528e+01
1.000000e+02, 2.658824e+01
1.000000e+02, 2.649200e+01
1.000000e+02, 2.639653e+01
1.000000e+02, 2.630184e+01
1.000000e+02, 2.620794e+01
1.000000e+02, 2.611481e+01
1.000000e+02, 2.602246e+01
1.000000e+02, 2.593089e+01
1.000000e+02, 2.584009e+01
1.000000e+02, 2.575006e+01
1.000000e+02, 2.566081e+01
1.000000e+02, 2.557233e+01
1.000000e+02, 2.548462e+01
1.000000e+02, 2.539768e+01
1.000000e+02, 2.531151e+01
1.000000e+02, 2.522610e+01
1.000000e+02, 2.514146e+01
1.000000e+02, 2.505758e+01
1.000000e+02, 2.497447e+01
1.000000e+02, 2.489212e+01
1.000000e+02, 2.481053e+01
1.000000e+02, 2.472970e+01
1.000000e+02, 2.464963e+01
1.000000e+02, 2.457031e+01
1.000000e+02, 2.449176e+01
1.000000e+02, 2.441396e+01
1.000000e+02, 2.433691e+01
1.000000e+02, 2.426062e+01
1.000000e+02, 2.418508e+01
1.000000e+02, 2.411029e+01
1.000000e+02, 2.403626e+01
1.000000e+02, 2.396297e+01
1.000000e+02, 2.389043e+01
1.000000e+02, 2.381864e+01
1.000000e+02, 2.374760e+01
1.000000e+02, 2.367730e+01
1.000000e+02, 2.360775e+01
1.000000e+02, 2.353895e+01
1.000000e+02, 2.347088e+01
1.000000e+02, 2.340356e+01
1.000000e+02, 2.333698e+01
1.000000e+02, 2.327115e+01
1.000000e+02, 2.320605e+01
1.000000e+02, 2.314169e+01
1.000000e+02, 2.307807e+01
1.000000e+02, 2.301519e+01
1.000000e+02, 2.295304e+01
1.000000e+02, 2.289163e+01
1.000000e+02, 2.283096e+01
1.000000e+02, 2.277102e+01
1.000000e+02, 2.271181e+01
1.000000e+02, 2.265334e+01
1.000000e+02, 2.259560e+01
1.000000e+02, 2.253859e+01
1.000000e+02, 2.248231e+01
1.000000e+02, 2.242677e+01
1.000000e+02, 2.237195e+01
1.000000e+02, 2.231786e+01
1.000000e+02, 2.226450e+01
1.000000e+02, 2.221186e+01
1.000000e+02, 2.215995e+01
1.000000e+02, 2.210877e+01
1.000000e+02, 2.205832e+01
1.000000e+02, 2.200858e+01
1.000000e+02, 2.195958e+01
1.000000e+02, 2.191129e+01
1.000000e+02, 2.186373e+01
1.000000e+02, 2.181690e+01
1.000000e+02, 2.177078e+01
1.000000e+02, 2.172538e+01
1.000000e+02, 2.168071e+01
1.000000e+02, 2.163676e+01
1.000000e+02, 2.159352e+01
1.000000e+02, 2.155101e+01
1.000000e+02, 2.150921e+01
1.000000e+02, 2.146813e+01
1.000000e+02, 2.142777e+01
1.000000e+02, 2.138813e+01
1.000000e+02, 2.134920e+01
1.000000e+02, 2.131099e+01
1.000000e+02, 2.127349e+01
1.000000e+02, 2.123671e+01
1.000000e+02, 2.120065e+01
1.000000e+02, 2.116530e+01
1.000000e+02, 2.113066e+01
1.000000e+02, 2.109674e+01
1.000000e+02, 2.106353e+01
1.000000e+02, 2.103103e+01
1.000000e+02, 2.099924e+01
1.000000e+02, 2.096817e+01
1.000000e+02, 2.093781e+01
1.000000e+02, 2.090815e+01
1.000000e+02, 2.087921e+01
1.000000e+02, 2.085098e+01
1.000000e+02, 2.082346e+01
1.000000e+02, 2.079665e+01
1.000000e+02, 2.077055e+01
1.000000e+02, 2.074516e+01
1.000000e+02, 2.072048e+01
1.000000e+02, 2.069650e+01
1.000000e+02, 2.067324e+01
1.000000e+02, 2.065068e+01
1.000000e+02, 2.062883e+01
1.000000e+02, 2.060769e+01
1.000000e+02, 2.058725e+01
1.000000e+02, 2.056752e+01
1.000000e+02, 2.054850e+01
1.000000e+02, 2.053018e+01
1.000000e+02, 2.051258e+01
1.000000e+02, 2.049567e+01
1.000000e+02, 2.047947e+01
1.000000e+02, 2.046398e+01
1.000000e+02, 2.044920e+01
1.000000e+02, 2.043511e+01
1.000000e+02, 2.042174e+01
1.000000e+02, 2.040907e+01
1.000000e+02, 2.039710e+01
1.000000e+02, 2.038584e+01
1.000000e+02, 2.037528e+01
1.000000e+02, 2.036543e+01
1.000000e+02, 2.035628e+01
1.000000e+02, 2.034784e+01
1.000000e+02, 2.034009e+01
1.000000e+02, 2.033306e+01
1.000000e+02, 2.032673e+01
1.000000e+02, 2.032110e+01
1.000000e+02, 2.031617e+01
1.000000e+02, 2.031195e+01
1.000000e+02, 2.030843e+01
1.000000e+02, 2.030562e+01
1.000000e+02, 2.030351e+01
1.000000e+02, 2.030210e+01
1.000000e+02, 2.030140e+01
1.000000e+02, 2.030140e+01
1.000000e+02, 2.030210e+01
1.000000e+02, 2.030351e+01
1.000000e+02, 2.030562e+01
1.000000e+02, 2.030843e+01
1.000000e+02, 2.031195e+01
1.000000e+02, 2.031617e+01
1.000000e+02, 2.032110e+01
1.000000e+02, 2.032673e+01
1.000000e+02, 2.033306e+01
1.000000e+02, 2.034010e+01
1.000000e+02, 2.034784e+01
1.000000e+02, 2.035628e+01
1.000000e+02, 2.036543e+01
1.000000e+02, 2.037528e+01
1.000000e+02, 2.038584e+01
1.000000e+02, 2.039710e+01
1.000000e+02, 2.040907e+01
1.000000e+02, 2.042174e+01
1.000000e+02, 2.043511e+01
1.000000e+02, 2.044920e+01
1.000000e+02, 2.046398e+01
1.000000e+02, 2.047947e+01
1.000000e+02, 2.049567e+01
1.000000e+02, 2.051258e+01
1.000000e+02, 2.053018e+01
1.000000e+02, 2.054850e+01
1.000000e+02, 2.056752e+01
1.000000e+02, 2.058725e+01
1.000000e+02, 2.060769e+01
1.000000e+02, 2.062883e+01
1.000000e+02, 2.065068e+01
1.000000e+02, 2.067324e+01
1.000000e+02, 2.069650e+01
1.000000e+02, 2.072048e+01
1.000000e+02, 2.074516e+01
1.000000e+02, 2.077055e+01
1.000000e+02, 2.079665e+01
1.000000e+02, 2.082346e+01
1.000000e+02, 2.085098e+01
1.000000e+02, 2.087921e+01
1.000000e+02, 2.090815e+01
1.000000e+02, 2.093781e+01
1.000000e+02, 2.096817e+01
1.000000e+02, 2.099924e+01
1.000000e+02, 2.103103e+01
1.000000e+02, 2.106353e+01
1.000000e+02, 2.109674e+01
1.000000e+02, 2.113066e+01
1.000000e+02, 2.116530e+01
1.000000e+02, 2.120065e+01
1.000000e+02, 2.123671e+01
1.000000e+02, 2.127349e+01
1.000000e+02, 2.131099e+01
1.000000e+02, 2.134920e+01
1.000000e+02, 2.138813e+01
1.000000e+02, 2.142777e+01
1.000000e+02, 2.146813e+01
1.000000e+02, 2.150921e+01
1.000000e+02, 2.155101e+01
1.000000e+02, 2.159352e+01
1.000000e+02, 2.163676e+01
1.000000e+02, 2.168071e+01
1.000000e+02, 2.172538e+01
1.000000e+02, 2.177078e+01
1.000000e+02, 2.181690e+01
1.000000e+02, 2.186373e+01
1.000000e+02, 2.191129e+01
1.000000e+02, 2.195958e+01
1.000000e+02, 2.200858e+01
1.000000e+02, 2.205832e+01
1.000000e+02, 2.210877e+01
1.000000e+02, 2.215995e+01
1.000000e+02, 2.221186e+01
1.000000e+02, 2.226450e+01
1.000000e+02, 2.231786e+01
1.000000e+02, 2.237195e+01
1.000000e+02, 2.242677e+01
1.000000e+02, 2.248231e+01
1.000000e+02, 2.253859e+01
1.000000e+02, 2.259560e+01
1.000000e+02, 2.265334e+01
1.000000e+02, 2.271181e+01
1.000000e+02, 2.277102e+01
1.000000e+02, 2.283096e+01
1.000000e+02, 2.289163e+01
1.000000e+02, 2.295304e+01
1.000000e+02, 2.301519e+01
1.000000e+02, 2.307807e+01
1.000000e+02, 2.314169e+01
1.000000e+02, 2.320605e+01
1.000000e+02, 2.327115e+01
1.000000e+02, 2.333698e+01
1.000000e+02, 2.340356e+01
1.000000e+02, 2.347088e+01
1.000000e+02, 2.353895e+01
1.000000e+02, 2.360775e+01
1.000000e+02, 2.367730e+01
1.000000e+02, 2.374760e+01
1.000000e+02, 2.381864e+01
1.000000e+02, 2.389043e+01
1.000000e+02, 2.396297e+01
1.000000e+02, 2.403626e+01
1.000000e+02, 2.411029e+01
1.000000e+02, 2.418508e+01
1.000000e+02, 2.426062e+01
1.000000e+02, 2.433691e+01
1.000000e+02, 2.441396e+01
1.000000e+02, 2.449176e+01
1.000000e+02, 2.457031e+01
1.000000e+02, 2.464963e+01
1.000000e+02, 2.472970e+01
1.000000e+02, 2.481053e+01
1.000000e+02, 2.489212e+01
1.000000e+02, 2.497447e+01
1.000000e+02, 2.505758e+01
1.000000e+02, 2.514146e+01
1.000000e+02, 2.522610e+01
1.000000e+02, 2.531151e+01
1.000000e+02, 2.539768e+01
1.000000e+02, 2.548462e+01
1.000000e+02, 2.557233e+01
1.000000e+02, 2.566081e+01
1.000000e+02, 2.575006e+01
1.000000e+02, 2.584009e+01
1.000000e+02, 2.593089e+01
1.000000e+02, 2.602246e+01
1.000000e+02, 2.611481e+01
1.000000e+02, 2.620794e+01
1.000000e+02, 2.630184e+01
1.000000e+02, 2.639653e+01
1.000000e+02, 2.649200e+01
1.000000e+02, 2.658825e+01
1.000000e+02, 2.668528e+01
1.000000e+02, 2.678310e+01
1.000000e+02, 2.688170e+01
1.000000e+02, 2.698110e+01
1.000000e+02, 2.708128e+01
1.000000e+02, 2.718226e+01
1.000000e+02, 2.728402e+01
1.000000e+02, 2.738658e+01
1.000000e+02, 2.748994e+01
1.000000e+02, 2.759409e+01
1.000000e+02, 2.769904e+01
1.000000e+02, 2.780479e+01
1.000000e+02, 2.791134e+01
1.000000e+02, 2.801869e+01
1.000000e+02, 2.812685e+01
1.000000e+02, 2.823581e+01
1.000000e+02, 2.834558e+01
1.000000e+02, 2.845616e+01
1.000000e+02, 2.856754e+01
1.000000e+02, 2.867974e+01
1.000000e+02, 2.879276e+01
1.000000e+02, 2.890659e+01
1.000000e+02, 2.902123e+01
1.000000e+02, 2.913670e+01
1.000000e+02, 2.925298e+01
1.000000e+02, 2.937009e+01
1.000000e+02, 2.948801e+01
1.000000e+02, 2.960677e+01
1.000000e+02, 2.972635e+01
1.000000e+02, 2.984676e+01
1.000000e+02, 2.996800e+01
1.000000e+02, 3.009008e+01
1.000000e+02, 3.021298e+01
1.000000e+02, 3.033673e+01
1.000000e+02, 3.046131e+01
1.000000e+02, 3.058673e+01
1.000000e+02, 3.071299e+01
1.000000e+02, 3.084010e+01
1.000000e+02, 3.096805e+01
1.000000e+02, 3.109685e+01
1.000000e+02, 3.122650e+01
1.000000e+02, 3.135700e+01
1.000000e+02, 3.148835e+01
1.000000e+02, 3.162056e+01
1.000000e+02, 3.175363e+01
1.000000e+02, 3.188756e+01
1.000000e+02, 3.202234e+01
1.000000e+02, 3.215799e+01
1.000000e+02, 3.229451e+01
1.000000e+02, 3.243190e+01
1.000000e+02, 3.257015e+01
1.000000e+02, 3.270928e+01
1.000000e+02, 3.284928e+01
1.000000e+02, 3.299016e+01
1.000000e+02, 3.313192e+01
1.000000e+02, 3.327456e+01
1.000000e+02, 3.341809e+01
1.000000e+02, 3.356250e+01
1.000000e+02, 3.370779e+01
1.000000e+02, 3.385398e+01
1.000000e+02, 3.400106e+01
1.000000e+02, 3.414904e+01
1.000000e+02, 3.429792e+01
1.000000e+02, 3.444769e+01
1.000000e+02, 3.459837e+01
1.000000e+02, 3.474995e+01
1.000000e+02, 3.490244e+01
1.000000e+02, 3.505585e+01
1.000000e+02, 3.521016e+01
1.000000e+02, 3.536539e+01
1.000000e+02, 3.552154e+01
1.000000e+02, 3.567861e+01
1.000000e+02, 3.583660e+01
1.000000e+02, 3.599552e+01
1.000000e+02, 3.615537e+01
1.000000e+02, 3.631615e+01
1.000000e+02, 3.647787e+01
1.000000e+02, 3.664052e+01
1.000000e+02, 3.680411e+01
1.000000e+02, 3.696865e+01
1.000000e+02, 3.713413e+01
1.000000e+02, 3.730056e+01
1.000000e+02, 3.746795e+01
1.000000e+02, 3.763628e+01
1.000000e+02, 3.780558e+01
1.000000e+02, 3.797584e+01
1.000000e+02, 3.814706e+01
1.000000e+02, 3.831925e+01
1.000000e+02, 3.849240e+01
1.000000e+02, 3.866654e+01
1.000000e+02, 3.884164e+01
1.000000e+02, 3.901773e+01
1.000000e+02, 3.919480e+01
1.000000e+02, 3.937286e+01
1.000000e+02, 3.955191e+01
1.000000e+02, 3.973195e+01
1.000000e+02, 3.991299e+01
1.000000e+02, 4.009503e+01
1.000000e+02, 4.027807e+01
1.000000e+02, 4.046212e+01
1.000000e+02, 4.064718e+01
1.000000e+02, 4.083325e+01
1.000000e+02, 4.102034e+01
1.000000e+02, 4.120845e+01
1.000000e+02, 4.139759e+01
1.000000e+02, 4.158775e+01
1.000000e+02, 4.177895e+01
1.000000e+02, 4.197119e+01
1.000000e+02, 4.216446e+01
1.000000e+02, 4.235878e+01
1.000000e+02, 4.255415e+01
1.000000e+02, 4.275057e+01
1.000000e+02, 4.294805e+01
1.000000e+02, 4.314658e+01
1.000000e+02, 4.334618e+01
1.000000e+02, 4.354685e+01
1.000000e+02, 4.374859e+01
1.000000e+02, 4.395141e+01
1.000000e+02, 4.415531e+01
1.000000e+02, 4.436029e+01
1.000000e+02, 4.456636e+01
1.000000e+02, 4.477353e+01
1.000000e+02, 4.498180e+01
1.000000e+02, 4.519116e+01
1.000000e+02, 4.540164e+01
1.000000e+02, 4.561323e+01
1.000000e+02, 4.582594e+01
1.000000e+02, 4.603976e+01
1.000000e+02, 4.625472e+01
1.000000e+02, 4.647080e+01
1.000000e+02, 4.668802e+01
1.000000e+02, 4.690638e+01
1.000000e+02, 4.712589e+01
1.000000e+02, 4.734655e+01
1.000000e+02, 4.756836e+01
1.000000e+02, 4.779134e+01
1.000000e+02, 4.801548e+01
1.000000e+02, 4.824079e+01
1.000000e+02, 4.846728e+01
1.000000e+02, 4.869495e+01
1.000000e+02, 4.892381e+01
1.000000e+02, 4.915387e+01
1.000000e+02, 4.938512e+01
1.000000e+02, 4.961757e+01
1.000000e+02, 4.985124e+01
1.000000e+02, 5.008612e+01
1.000000e+02, 5.032222e+01
1.000000e+02, 5.055955e+01
1.000000e+02, 5.079812e+01
1.000000e+02, 5.103792e+01
1.000000e+02, 5.127897e+01
1.000000e+02, 5.152127e+01
1.000000e+02, 5.176483e+01
1.000000e+02, 5.200965e+01
1.000000e+02, 5.225574e+01
1.000000e+02, 5.250311e+01
1.000000e+02, 5.275177e+01
1.000000e+02, 5.300171e+01
1.000000e+02, 5.325295e+01
1.000000e+02, 5.350550e+01
1.000000e+02, 5.375936e+01
1.000000e+02, 5.401453e+01
1.000000e+02, 5.427103e+01
1.000000e+02, 5.452886e+01
1.000000e+02, 5.478802e+01
1.000000e+02, 5.504854e+01
1.000000e+02, 5.531041e+01
1.000000e+02, 5.557364e+01
1.000000e+02, 5.583824e+01
1.000000e+02, 5.610421e+01
1.000000e+02, 5.637157e+01
1.000000e+02, 5.664032e+01
1.000000e+02, 5.691047e+01
1.000000e+02, 5.718203e+01
1.000000e+02, 5.745501e+01
1.000000e+02, 5.772941e+01
1.000000e+02, 5.800524e+01
1.000000e+02, 5.828251e+01
1.000000e+02, 5.856124e+01
1.000000e+02, 5.884142e+01
1.000000e+02, 5.912307e+01
1.000000e+02, 5.940620e+01
1.000000e+02, 5.969082e+01
1.000000e+02, 5.997692e+01
1.000000e+02, 6.026454e+01
1.000000e+02, 6.055366e+01
1.000000e+02, 6.084432e+01
1.000000e+02, 6.113650e+01
1.000000e+02, 6.143023e+01
1.000000e+02, 6.172551e+01
1.000000e+02, 6.202235e+01
1.000000e+02, 6.232076e+01
1.000000e+02, 6.262077e+01
1.000000e+02, 6.292236e+01
1.000000e+02, 6.322556e+01
1.000000e+02, 6.353038e+01
1.000000e+02, 6.383682e+01
1.000000e+02, 6.414490e+01
1.000000e+02, 6.445463e+01
1.000000e+02, 6.476603e+01
1.000000e+02, 6.507909e+01
1.000000e+02, 6.539385e+01
1.000000e+02, 6.571029e+01
1.000000e+02, 6.602845e+01
1.000000e+02, 6.634833e+01
1.000000e+02, 6.666994e+01
1.000000e+02, 6.699330e+01
1.000000e+02, 6.731842e+01
1.000000e+02, 6.764532e+01
1.000000e+02, 6.797400e+01
1.000000e+02, 6.830448e+01
1.000000e+02, 6.863678e+01
1.000000e+02, 6.897090e+01
1.000000e+02, 6.930687e+01
1.000000e+02, 6.964469e+01
1.000000e+02, 6.998438e+01
1.000000e+02, 7.032597e+01
1.000000e+02, 7.066945e+01
1.000000e+02, 7.101485e+01
1.000000e+02, 7.136219e+01
1.000000e+02, 7.171147e+01
1.000000e+02, 7.206272e+01
1.000000e+02, 7.241595e+01
1.000000e+02, 7.277118e+01
1.000000e+02, 7.312843e+01
1.000000e+02, 7.348771e+01
1.000000e+02, 7.384904e+01
1.000000e+02, 7.421244e+01
1.000000e+02, 7.457793e+01
1.000000e+02, 7.494553e+01
1.000000e+02, 7.531525e+01
1.000000e+02, 7.568711e+01
1.000000e+02, 7.606114e+01
1.000000e+02, 7.643735e+01
1.000000e+02, 7.681577e+01
1.000000e+02, 7.719642e+01
1.000000e+02, 7.757931e+01
1.000000e+02, 7.796446e+01
1.000000e+02, 7.835191e+01
1.000000e+02, 7.874167e+01
1.000000e+02, 7.913377e+01
1.000000e+02, 7.952823e+01
1.000000e+02, 7.992506e+01
1.000000e+02, 8.032431e+01
1.000000e+02, 8.072598e+01
1.000000e+02, 8.113012e+01
1.000000e+02, 8.153673e+01
1.000000e+02, 8.194585e+01
1.000000e+02, 8.235751e+01
1.000000e+02, 8.277173e+01
1.000000e+02, 8.318854e+01
1.000000e+02, 8.360797e+01
1.000000e+02, 8.403005e+01
1.000000e+02, 8.445480e+01
1.000000e+02, 8.488226e+01
1.000000e+02, 8.531246e+01
1.000000e+02, 8.574543e+01
1.000000e+02, 8.618120e+01
1.000000e+02, 8.661981e+01
1.000000e+02, 8.706129e+01
1.000000e+02, 8.750567e+01
1.000000e+02, 8.795299e+01
1.000000e+02, 8.840328e+01
1.000000e+02, 8.885659e+01
1.000000e+02, 8.931294e+01
1.000000e+02, 8.977239e+01
1.000000e+02, 9.023496e+01
1.000000e+02, 9.070070e+01
1.000000e+02, 9.116965e+01
1.000000e+02, 9.164186e+01
1.000000e+02, 9.211736e+01
1.000000e+02, 9.259621e+01
1.000000e+02, 9.307844e+01
1.000000e+02, 9.356410e+01
1.000000e+02, 9.405325e+01
1.000000e+02, 9.454593e+01
1.000000e+02, 9.504220e+01
1.000000e+02, 9.554210e+01
1.000000e+02, 9.604569e+01
1.000000e+02, 9.655303e+01
1.000000e+02, 9.706416e+01
1.000000e+02, 9.757916e+01
1.000000e+02, 9.809808e+01
1.000000e+02, 9.862097e+01
1.000000e+02, 9.914792e+01
1.000000e+02, 9.967897e+01
1.000000e+02, 1.002142e+02
1.000000e+02, 1.007537e+02
1.000000e+02, 1.012975e+02
1.000000e+02, 1.018457e+02
1.000000e+02, 1.023983e+02
1.000000e+02, 1.029555e+02
1.000000e+02, 1.035173e+02
1.000000e+02, 1.040839e+02
1.000000e+02, 1.046552e+02
1.000000e+02, 1.052314e+02
1.000000e+02, 1.058126e+02
1.000000e+02, 1.063989e+02
1.000000e+02, 1.069903e+02
1.000000e+02, 1.075870e+02
1.000000e+02, 1.081891e+02
1.000000e+02, 1.087967e+02
1.000000e+02, 1.094099e+02
1.000000e+02, 1.100288e+02
1.000000e+02, 1.106535e+02
1.000000e+02, 1.112842e+02
1.000000e+02, 1.119210e+02
1.000000e+02, 1.125640e+02
1.000000e+02, 1.132135e+02
1.000000e+02, 1.138694e+02
1.000000e+02, 1.145320e+02
1.000000e+02, 1.152015e+02
1.000000e+02, 1.158780e+02
1.000000e+02, 1.165617e+02
1.000000e+02, 1.172527e+02
1.000000e+02, 1.179513e+02
1.000000e+02, 1.186577e+02
1.000000e+02, 1.193721e+02
1.000000e+02, 1.200946e+02
1.000000e+02, 1.208256e+02
1.000000e+02, 1.215652e+02
1.000000e+02, 1.223138e+02
1.000000e+02, 1.230716e+02
1.000000e+02, 1.238388e+02
1.000000e+02, 1.246158e+02
1.000000e+02, 1.254029e+02
1.000000e+02, 1.262004e+02
1.000000e+02, 1.270088e+02
1.000000e+02, 1.278282e+02
1.000000e+02, 1.286593e+02
1.000000e+02, 1.295023e+02
1.000000e+02, 1.303577e+02
1.000000e+02, 1.312260e+02
1.000000e+02, 1.321078e+02
1.000000e+02, 1.330035e+02
1.000000e+02, 1.339138e+02
1.000000e+02, 1.348393e+02
1.000000e+02, 1.357806e+02
1.000000e+02, 1.367386e+02
1.000000e+02, 1.377140e+02
1.000000e+02, 1.387077e+02
1.000000e+02, 1.397206e+02
1.000000e+02, 1.407537e+02
1.000000e+02, 1.418082e+02
1.000000e+02, 1.428853e+02
1.000000e+02, 1.439864e+02
1.000000e+02, 1.451130e+02
1.000000e+02, 1.462668e+02
1.000000e+02, 1.474496e+02
1.000000e+02, 1.486635e+02
1.000000e+02, 1.499110e+02
1.000000e+02, 1.511947e+02
1.000000e+02, 1.525178e+02
1.000000e+02, 1.538838e+02
1.000000e+02, 1.552968e+02
1.000000e+02, 1.567619e+02
1.000000e+02, 1.582848e+02
1.000000e+02, 1.598724e+02
1.000000e+02, 1.615335e+02
1.000000e+02, 1.632787e+02
1.000000e+02, 1.651216e+02
1.000000e+02, 1.670800e+02
1.000000e+02, 1.691780e+02
1.000000e+02, 1.714493e+02
1.000000e+02, 1.739444e+02
1.000000e+02, 1.767449e+02
1.000000e+02, 1.800000e+02
##END= 