##TITLE= /opt/topspin3.0/exp/stan/nmr/lists/wave/user/HypSec_trunc2.84_110
##JCAMP-DX= 5.00 Bruker JCAMP library
##DATA TYPE= Shape Data
##ORIGIN= Bruker BioSpin GmbH
##OWNER= <nmrsu>
##DATE= 15/02/24
##TIME= 16:15:04
##MINX= 1.164538e+01
##MAXX= 9.999960e+01
##MINY= 2.546774e-02
##MAXY= 3.585574e+02
##$SHAPE_EXMODE= Adiabatic
##$SHAPE_TOTROT= 1.800000e+02
##$SHAPE_BWFAC= 1.929340e+02
##$SHAPE_INTEGFAC= 2.356110e-02
##$SHAPE_MODE= 0
##NPOINTS= 1000
##XYPOINTS= (XY..XY)
1.000000e+02, 1.800000e+02
1.000000e+02, 1.778410e+02
1.000000e+02, 1.759835e+02
1.000000e+02, 1.743286e+02
1.000000e+02, 1.728221e+02
1.000000e+02, 1.714306e+02
1.000000e+02, 1.701317e+02
1.000000e+02, 1.689093e+02
1.000000e+02, 1.677518e+02
1.000000e+02, 1.666501e+02
1.000000e+02, 1.655970e+02
1.000000e+02, 1.645870e+02
1.000000e+02, 1.636153e+02
1.000000e+02, 1.626780e+02
1.000000e+02, 1.617720e+02
1.000000e+02, 1.608945e+02
1.000000e+02, 1.600430e+02
1.000000e+02, 1.592156e+02
1.000000e+02, 1.584104e+02
1.000000e+02, 1.576259e+02
1.000000e+02, 1.568607e+02
1.000000e+02, 1.561135e+02
1.000000e+02, 1.553831e+02
1.000000e+02, 1.546687e+02
1.000000e+02, 1.539693e+02
1.000000e+02, 1.532840e+02
1.000000e+02, 1.526122e+02
1.000000e+02, 1.519532e+02
1.000000e+02, 1.513062e+02
1.000000e+02, 1.506708e+02
1.000000e+02, 1.500465e+02
1.000000e+02, 1.494326e+02
1.000000e+02, 1.488289e+02
1.000000e+02, 1.482347e+02
1.000000e+02, 1.476499e+02
1.000000e+02, 1.470740e+02
1.000000e+02, 1.465066e+02
1.000000e+02, 1.459475e+02
1.000000e+02, 1.453963e+02
1.000000e+02, 1.448528e+02
1.000000e+02, 1.443166e+02
1.000000e+02, 1.437876e+02
1.000000e+02, 1.432656e+02
1.000000e+02, 1.427502e+02
1.000000e+02, 1.422413e+02
1.000000e+02, 1.417387e+02
1.000000e+02, 1.412422e+02
1.000000e+02, 1.407517e+02
1.000000e+02, 1.402668e+02
1.000000e+02, 1.397876e+02
1.000000e+02, 1.393138e+02
1.000000e+02, 1.388453e+02
1.000000e+02, 1.383819e+02
1.000000e+02, 1.379236e+02
1.000000e+02, 1.374701e+02
1.000000e+02, 1.370214e+02
1.000000e+02, 1.365774e+02
1.000000e+02, 1.361379e+02
1.000000e+02, 1.357028e+02
1.000000e+02, 1.352721e+02
1.000000e+02, 1.348456e+02
1.000000e+02, 1.344232e+02
1.000000e+02, 1.340049e+02
1.000000e+02, 1.335905e+02
1.000000e+02, 1.331800e+02
1.000000e+02, 1.327733e+02
1.000000e+02, 1.323703e+02
1.000000e+02, 1.319710e+02
1.000000e+02, 1.315752e+02
1.000000e+02, 1.311829e+02
1.000000e+02, 1.307941e+02
1.000000e+02, 1.304086e+02
1.000000e+02, 1.300264e+02
1.000000e+02, 1.296475e+02
1.000000e+02, 1.292717e+02
1.000000e+02, 1.288991e+02
1.000000e+02, 1.285295e+02
1.000000e+02, 1.281629e+02
1.000000e+02, 1.277993e+02
1.000000e+02, 1.274387e+02
1.000000e+02, 1.270808e+02
1.000000e+02, 1.267258e+02
1.000000e+02, 1.263736e+02
1.000000e+02, 1.260241e+02
1.000000e+02, 1.256773e+02
1.000000e+02, 1.253331e+02
1.000000e+02, 1.249915e+02
1.000000e+02, 1.246525e+02
1.000000e+02, 1.243160e+02
1.000000e+02, 1.239820e+02
1.000000e+02, 1.236504e+02
1.000000e+02, 1.233213e+02
1.000000e+02, 1.229945e+02
1.000000e+02, 1.226701e+02
1.000000e+02, 1.223479e+02
1.000000e+02, 1.220281e+02
1.000000e+02, 1.217105e+02
1.000000e+02, 1.213951e+02
1.000000e+02, 1.210819e+02
1.000000e+02, 1.207709e+02
1.000000e+02, 1.204620e+02
1.000000e+02, 1.201552e+02
1.000000e+02, 1.198504e+02
1.000000e+02, 1.195477e+02
1.000000e+02, 1.192471e+02
1.000000e+02, 1.189484e+02
1.000000e+02, 1.186517e+02
1.000000e+02, 1.183570e+02
1.000000e+02, 1.180642e+02
1.000000e+02, 1.177732e+02
1.000000e+02, 1.174842e+02
1.000000e+02, 1.171970e+02
1.000000e+02, 1.169117e+02
1.000000e+02, 1.166282e+02
1.000000e+02, 1.163465e+02
1.000000e+02, 1.160665e+02
1.000000e+02, 1.157883e+02
1.000000e+02, 1.155119e+02
1.000000e+02, 1.152371e+02
1.000000e+02, 1.149641e+02
1.000000e+02, 1.146927e+02
1.000000e+02, 1.144230e+02
1.000000e+02, 1.141550e+02
1.000000e+02, 1.138886e+02
1.000000e+02, 1.136238e+02
1.000000e+02, 1.133606e+02
1.000000e+02, 1.130989e+02
1.000000e+02, 1.128389e+02
1.000000e+02, 1.125803e+02
1.000000e+02, 1.123234e+02
1.000000e+02, 1.120679e+02
1.000000e+02, 1.118139e+02
1.000000e+02, 1.115615e+02
1.000000e+02, 1.113105e+02
1.000000e+02, 1.110610e+02
1.000000e+02, 1.108129e+02
1.000000e+02, 1.105662e+02
1.000000e+02, 1.103210e+02
1.000000e+02, 1.100772e+02
1.000000e+02, 1.098348e+02
1.000000e+02, 1.095938e+02
1.000000e+02, 1.093541e+02
1.000000e+02, 1.091158e+02
1.000000e+02, 1.088788e+02
1.000000e+02, 1.086432e+02
1.000000e+02, 1.084089e+02
1.000000e+02, 1.081760e+02
1.000000e+02, 1.079443e+02
1.000000e+02, 1.077139e+02
1.000000e+02, 1.074848e+02
1.000000e+02, 1.072570e+02
1.000000e+02, 1.070305e+02
1.000000e+02, 1.068052e+02
1.000000e+02, 1.065811e+02
1.000000e+02, 1.063582e+02
1.000000e+02, 1.061366e+02
1.000000e+02, 1.059162e+02
1.000000e+02, 1.056970e+02
1.000000e+02, 1.054790e+02
1.000000e+02, 1.052622e+02
1.000000e+02, 1.050466e+02
1.000000e+02, 1.048321e+02
1.000000e+02, 1.046188e+02
1.000000e+02, 1.044066e+02
1.000000e+02, 1.041956e+02
1.000000e+02, 1.039857e+02
1.000000e+02, 1.037769e+02
1.000000e+02, 1.035693e+02
1.000000e+02, 1.033628e+02
1.000000e+02, 1.031573e+02
1.000000e+02, 1.029530e+02
1.000000e+02, 1.027497e+02
1.000000e+02, 1.025476e+02
1.000000e+02, 1.023465e+02
1.000000e+02, 1.021464e+02
1.000000e+02, 1.019474e+02
1.000000e+02, 1.017495e+02
1.000000e+02, 1.015526e+02
1.000000e+02, 1.013568e+02
1.000000e+02, 1.011620e+02
1.000000e+02, 1.009682e+02
1.000000e+02, 1.007754e+02
1.000000e+02, 1.005836e+02
1.000000e+02, 1.003929e+02
1.000000e+02, 1.002031e+02
1.000000e+02, 1.000143e+02
1.000000e+02, 9.982653e+01
1.000000e+02, 9.963972e+01
1.000000e+02, 9.945388e+01
1.000000e+02, 9.926901e+01
1.000000e+02, 9.908511e+01
1.000000e+02, 9.890216e+01
1.000000e+02, 9.872016e+01
1.000000e+02, 9.853910e+01
1.000000e+02, 9.835899e+01
1.000000e+02, 9.817980e+01
1.000000e+02, 9.800155e+01
1.000000e+02, 9.782422e+01
1.000000e+02, 9.764781e+01
1.000000e+02, 9.747231e+01
1.000000e+02, 9.729772e+01
1.000000e+02, 9.712403e+01
1.000000e+02, 9.695124e+01
1.000000e+02, 9.677934e+01
1.000000e+02, 9.660833e+01
1.000000e+02, 9.643821e+01
1.000000e+02, 9.626896e+01
1.000000e+02, 9.610059e+01
1.000000e+02, 9.593308e+01
1.000000e+02, 9.576644e+01
1.000000e+02, 9.560066e+01
1.000000e+02, 9.543574e+01
1.000000e+02, 9.527167e+01
1.000000e+02, 9.510844e+01
1.000000e+02, 9.494606e+01
1.000000e+02, 9.478451e+01
1.000000e+02, 9.462381e+01
1.000000e+02, 9.446393e+01
1.000000e+02, 9.430487e+01
1.000000e+02, 9.414664e+01
1.000000e+02, 9.398923e+01
1.000000e+02, 9.383263e+01
1.000000e+02, 9.367684e+01
1.000000e+02, 9.352186e+01
1.000000e+02, 9.336768e+01
1.000000e+02, 9.321430e+01
1.000000e+02, 9.306171e+01
1.000000e+02, 9.290992e+01
1.000000e+02, 9.275891e+01
1.000000e+02, 9.260869e+01
1.000000e+02, 9.245925e+01
1.000000e+02, 9.231058e+01
1.000000e+02, 9.216269e+01
1.000000e+02, 9.201557e+01
1.000000e+02, 9.186921e+01
1.000000e+02, 9.172362e+01
1.000000e+02, 9.157879e+01
1.000000e+02, 9.143471e+01
1.000000e+02, 9.129139e+01
1.000000e+02, 9.114882e+01
1.000000e+02, 9.100700e+01
1.000000e+02, 9.086592e+01
1.000000e+02, 9.072558e+01
1.000000e+02, 9.058598e+01
1.000000e+02, 9.044711e+01
1.000000e+02, 9.030897e+01
1.000000e+02, 9.017157e+01
1.000000e+02, 9.003488e+01
1.000000e+02, 8.989893e+01
1.000000e+02, 8.976369e+01
1.000000e+02, 8.962917e+01
1.000000e+02, 8.949536e+01
1.000000e+02, 8.936226e+01
1.000000e+02, 8.922987e+01
1.000000e+02, 8.909819e+01
1.000000e+02, 8.896721e+01
1.000000e+02, 8.883694e+01
1.000000e+02, 8.870736e+01
1.000000e+02, 8.857847e+01
1.000000e+02, 8.845028e+01
1.000000e+02, 8.832277e+01
1.000000e+02, 8.819596e+01
1.000000e+02, 8.806983e+01
1.000000e+02, 8.794438e+01
1.000000e+02, 8.781961e+01
1.000000e+02, 8.769552e+01
1.000000e+02, 8.757211e+01
1.000000e+02, 8.744936e+01
1.000000e+02, 8.732729e+01
1.000000e+02, 8.720588e+01
1.000000e+02, 8.708515e+01
1.000000e+02, 8.696507e+01
1.000000e+02, 8.684565e+01
1.000000e+02, 8.672690e+01
1.000000e+02, 8.660880e+01
1.000000e+02, 8.649135e+01
1.000000e+02, 8.637456e+01
1.000000e+02, 8.625842e+01
1.000000e+02, 8.614292e+01
1.000000e+02, 8.602807e+01
1.000000e+02, 8.591386e+01
1.000000e+02, 8.580030e+01
1.000000e+02, 8.568737e+01
1.000000e+02, 8.557509e+01
1.000000e+02, 8.546343e+01
1.000000e+02, 8.535241e+01
1.000000e+02, 8.524203e+01
1.000000e+02, 8.513227e+01
1.000000e+02, 8.502314e+01
1.000000e+02, 8.491463e+01
1.000000e+02, 8.480675e+01
1.000000e+02, 8.469949e+01
1.000000e+02, 8.459285e+01
1.000000e+02, 8.448683e+01
1.000000e+02, 8.438142e+01
1.000000e+02, 8.427663e+01
1.000000e+02, 8.417245e+01
1.000000e+02, 8.406888e+01
1.000000e+02, 8.396592e+01
1.000000e+02, 8.386357e+01
1.000000e+02, 8.376182e+01
1.000000e+02, 8.366068e+01
1.000000e+02, 8.356014e+01
1.000000e+02, 8.346020e+01
1.000000e+02, 8.336086e+01
1.000000e+02, 8.326212e+01
1.000000e+02, 8.316397e+01
1.000000e+02, 8.306642e+01
1.000000e+02, 8.296945e+01
1.000000e+02, 8.287308e+01
1.000000e+02, 8.277730e+01
1.000000e+02, 8.268211e+01
1.000000e+02, 8.258750e+01
1.000000e+02, 8.249348e+01
1.000000e+02, 8.240003e+01
1.000000e+02, 8.230718e+01
1.000000e+02, 8.221490e+01
1.000000e+02, 8.212320e+01
1.000000e+02, 8.203207e+01
1.000000e+02, 8.194153e+01
1.000000e+02, 8.185155e+01
1.000000e+02, 8.176215e+01
1.000000e+02, 8.167332e+01
1.000000e+02, 8.158507e+01
1.000000e+02, 8.149738e+01
1.000000e+02, 8.141025e+01
1.000000e+02, 8.132370e+01
1.000000e+02, 8.123771e+01
1.000000e+02, 8.115228e+01
1.000000e+02, 8.106741e+01
1.000000e+02, 8.098311e+01
1.000000e+02, 8.089936e+01
1.000000e+02, 8.081617e+01
1.000000e+02, 8.073354e+01
1.000000e+02, 8.065147e+01
1.000000e+02, 8.056995e+01
1.000000e+02, 8.048898e+01
1.000000e+02, 8.040857e+01
1.000000e+02, 8.032870e+01
1.000000e+02, 8.024939e+01
1.000000e+02, 8.017062e+01
1.000000e+02, 8.009240e+01
1.000000e+02, 8.001473e+01
1.000000e+02, 7.993760e+01
1.000000e+02, 7.986102e+01
1.000000e+02, 7.978498e+01
1.000000e+02, 7.970948e+01
1.000000e+02, 7.963452e+01
1.000000e+02, 7.956011e+01
1.000000e+02, 7.948623e+01
1.000000e+02, 7.941288e+01
1.000000e+02, 7.934008e+01
1.000000e+02, 7.926781e+01
1.000000e+02, 7.919607e+01
1.000000e+02, 7.912487e+01
1.000000e+02, 7.905420e+01
1.000000e+02, 7.898406e+01
1.000000e+02, 7.891445e+01
1.000000e+02, 7.884537e+01
1.000000e+02, 7.877681e+01
1.000000e+02, 7.870879e+01
1.000000e+02, 7.864129e+01
1.000000e+02, 7.857432e+01
1.000000e+02, 7.850787e+01
1.000000e+02, 7.844195e+01
1.000000e+02, 7.837654e+01
1.000000e+02, 7.831166e+01
1.000000e+02, 7.824731e+01
1.000000e+02, 7.818347e+01
1.000000e+02, 7.812015e+01
1.000000e+02, 7.805734e+01
1.000000e+02, 7.799506e+01
1.000000e+02, 7.793329e+01
1.000000e+02, 7.787204e+01
1.000000e+02, 7.781130e+01
1.000000e+02, 7.775108e+01
1.000000e+02, 7.769137e+01
1.000000e+02, 7.763217e+01
1.000000e+02, 7.757349e+01
1.000000e+02, 7.751531e+01
1.000000e+02, 7.745764e+01
1.000000e+02, 7.740049e+01
1.000000e+02, 7.734384e+01
1.000000e+02, 7.728770e+01
1.000000e+02, 7.723207e+01
1.000000e+02, 7.717694e+01
1.000000e+02, 7.712232e+01
1.000000e+02, 7.706821e+01
1.000000e+02, 7.701459e+01
1.000000e+02, 7.696149e+01
1.000000e+02, 7.690888e+01
1.000000e+02, 7.685678e+01
1.000000e+02, 7.680517e+01
1.000000e+02, 7.675407e+01
1.000000e+02, 7.670347e+01
1.000000e+02, 7.665337e+01
1.000000e+02, 7.660376e+01
1.000000e+02, 7.655466e+01
1.000000e+02, 7.650605e+01
1.000000e+02, 7.645794e+01
1.000000e+02, 7.641032e+01
1.000000e+02, 7.636320e+01
1.000000e+02, 7.631658e+01
1.000000e+02, 7.627045e+01
1.000000e+02, 7.622481e+01
1.000000e+02, 7.617967e+01
1.000000e+02, 7.613502e+01
1.000000e+02, 7.609086e+01
1.000000e+02, 7.604719e+01
1.000000e+02, 7.600401e+01
1.000000e+02, 7.596133e+01
1.000000e+02, 7.591913e+01
1.000000e+02, 7.587742e+01
1.000000e+02, 7.583620e+01
1.000000e+02, 7.579547e+01
1.000000e+02, 7.575523e+01
1.000000e+02, 7.571547e+01
1.000000e+02, 7.567620e+01
1.000000e+02, 7.563742e+01
1.000000e+02, 7.559912e+01
1.000000e+02, 7.556131e+01
1.000000e+02, 7.552398e+01
1.000000e+02, 7.548714e+01
1.000000e+02, 7.545078e+01
1.000000e+02, 7.541491e+01
1.000000e+02, 7.537951e+01
1.000000e+02, 7.534460e+01
1.000000e+02, 7.531017e+01
1.000000e+02, 7.527623e+01
1.000000e+02, 7.524276e+01
1.000000e+02, 7.520978e+01
1.000000e+02, 7.517727e+01
1.000000e+02, 7.514525e+01
1.000000e+02, 7.511370e+01
1.000000e+02, 7.508263e+01
1.000000e+02, 7.505205e+01
1.000000e+02, 7.502194e+01
1.000000e+02, 7.499231e+01
1.000000e+02, 7.496315e+01
1.000000e+02, 7.493448e+01
1.000000e+02, 7.490628e+01
1.000000e+02, 7.487856e+01
1.000000e+02, 7.485131e+01
1.000000e+02, 7.482454e+01
1.000000e+02, 7.479825e+01
1.000000e+02, 7.477243e+01
1.000000e+02, 7.474708e+01
1.000000e+02, 7.472222e+01
1.000000e+02, 7.469782e+01
1.000000e+02, 7.467390e+01
1.000000e+02, 7.465045e+01
1.000000e+02, 7.462748e+01
1.000000e+02, 7.460498e+01
1.000000e+02, 7.458295e+01
1.000000e+02, 7.456140e+01
1.000000e+02, 7.454031e+01
1.000000e+02, 7.451970e+01
1.000000e+02, 7.449957e+01
1.000000e+02, 7.447990e+01
1.000000e+02, 7.446070e+01
1.000000e+02, 7.444198e+01
1.000000e+02, 7.442373e+01
1.000000e+02, 7.440594e+01
1.000000e+02, 7.438863e+01
1.000000e+02, 7.437179e+01
1.000000e+02, 7.435542e+01
1.000000e+02, 7.433952e+01
1.000000e+02, 7.432409e+01
1.000000e+02, 7.430912e+01
1.000000e+02, 7.429463e+01
1.000000e+02, 7.428061e+01
1.000000e+02, 7.426705e+01
1.000000e+02, 7.425397e+01
1.000000e+02, 7.424135e+01
1.000000e+02, 7.422920e+01
1.000000e+02, 7.421752e+01
1.000000e+02, 7.420631e+01
1.000000e+02, 7.419557e+01
1.000000e+02, 7.418529e+01
1.000000e+02, 7.417549e+01
1.000000e+02, 7.416615e+01
1.000000e+02, 7.415728e+01
1.000000e+02, 7.414887e+01
1.000000e+02, 7.414093e+01
1.000000e+02, 7.413346e+01
1.000000e+02, 7.412646e+01
1.000000e+02, 7.411993e+01
1.000000e+02, 7.411386e+01
1.000000e+02, 7.410826e+01
1.000000e+02, 7.410312e+01
1.000000e+02, 7.409846e+01
1.000000e+02, 7.409426e+01
1.000000e+02, 7.409052e+01
1.000000e+02, 7.408726e+01
1.000000e+02, 7.408446e+01
1.000000e+02, 7.408212e+01
1.000000e+02, 7.408026e+01
1.000000e+02, 7.407886e+01
1.000000e+02, 7.407792e+01
1.000000e+02, 7.407746e+01
1.000000e+02, 7.407746e+01
1.000000e+02, 7.407792e+01
1.000000e+02, 7.407886e+01
1.000000e+02, 7.408026e+01
1.000000e+02, 7.408212e+01
1.000000e+02, 7.408446e+01
1.000000e+02, 7.408726e+01
1.000000e+02, 7.409052e+01
1.000000e+02, 7.409426e+01
1.000000e+02, 7.409846e+01
1.000000e+02, 7.410312e+01
1.000000e+02, 7.410826e+01
1.000000e+02, 7.411386e+01
1.000000e+02, 7.411993e+01
1.000000e+02, 7.412646e+01
1.000000e+02, 7.413346e+01
1.000000e+02, 7.414093e+01
1.000000e+02, 7.414887e+01
1.000000e+02, 7.415728e+01
1.000000e+02, 7.416615e+01
1.000000e+02, 7.417549e+01
1.000000e+02, 7.418529e+01
1.000000e+02, 7.419557e+01
1.000000e+02, 7.420631e+01
1.000000e+02, 7.421752e+01
1.000000e+02, 7.422920e+01
1.000000e+02, 7.424135e+01
1.000000e+02, 7.425397e+01
1.000000e+02, 7.426705e+01
1.000000e+02, 7.428061e+01
1.000000e+02, 7.429463e+01
1.000000e+02, 7.430913e+01
1.000000e+02, 7.432409e+01
1.000000e+02, 7.433952e+01
1.000000e+02, 7.435542e+01
1.000000e+02, 7.437179e+01
1.000000e+02, 7.438863e+01
1.000000e+02, 7.440594e+01
1.000000e+02, 7.442373e+01
1.000000e+02, 7.444198e+01
1.000000e+02, 7.446070e+01
1.000000e+02, 7.447990e+01
1.000000e+02, 7.449957e+01
1.000000e+02, 7.451970e+01
1.000000e+02, 7.454031e+01
1.000000e+02, 7.456140e+01
1.000000e+02, 7.458295e+01
1.000000e+02, 7.460498e+01
1.000000e+02, 7.462748e+01
1.000000e+02, 7.465045e+01
1.000000e+02, 7.467390e+01
1.000000e+02, 7.469782e+01
1.000000e+02, 7.472222e+01
1.000000e+02, 7.474708e+01
1.000000e+02, 7.477243e+01
1.000000e+02, 7.479825e+01
1.000000e+02, 7.482454e+01
1.000000e+02, 7.485131e+01
1.000000e+02, 7.487856e+01
1.000000e+02, 7.490628e+01
1.000000e+02, 7.493448e+01
1.000000e+02, 7.496315e+01
1.000000e+02, 7.499231e+01
1.000000e+02, 7.502194e+01
1.000000e+02, 7.505205e+01
1.000000e+02, 7.508263e+01
1.000000e+02, 7.511370e+01
1.000000e+02, 7.514525e+01
1.000000e+02, 7.517727e+01
1.000000e+02, 7.520978e+01
1.000000e+02, 7.524276e+01
1.000000e+02, 7.527623e+01
1.000000e+02, 7.531017e+01
1.000000e+02, 7.534460e+01
1.000000e+02, 7.537951e+01
1.000000e+02, 7.541491e+01
1.000000e+02, 7.545078e+01
1.000000e+02, 7.548714e+01
1.000000e+02, 7.552398e+01
1.000000e+02, 7.556131e+01
1.000000e+02, 7.559912e+01
1.000000e+02, 7.563742e+01
1.000000e+02, 7.567620e+01
1.000000e+02, 7.571547e+01
1.000000e+02, 7.575523e+01
1.000000e+02, 7.579547e+01
1.000000e+02, 7.583620e+01
1.000000e+02, 7.587742e+01
1.000000e+02, 7.591913e+01
1.000000e+02, 7.596133e+01
1.000000e+02, 7.600401e+01
1.000000e+02, 7.604719e+01
1.000000e+02, 7.609086e+01
1.000000e+02, 7.613502e+01
1.000000e+02, 7.617967e+01
1.000000e+02, 7.622481e+01
1.000000e+02, 7.627045e+01
1.000000e+02, 7.631658e+01
1.000000e+02, 7.636320e+01
1.000000e+02, 7.641032e+01
1.000000e+02, 7.645794e+01
1.000000e+02, 7.650605e+01
1.000000e+02, 7.655466e+01
1.000000e+02, 7.660376e+01
1.000000e+02, 7.665337e+01
1.000000e+02, 7.670347e+01
1.000000e+02, 7.675407e+01
1.000000e+02, 7.680517e+01
1.000000e+02, 7.685678e+01
1.000000e+02, 7.690888e+01
1.000000e+02, 7.696149e+01
1.000000e+02, 7.701459e+01
1.000000e+02, 7.706821e+01
1.000000e+02, 7.712232e+01
1.000000e+02, 7.717694e+01
1.000000e+02, 7.723207e+01
1.000000e+02, 7.728770e+01
1.000000e+02, 7.734384e+01
1.000000e+02, 7.740049e+01
1.000000e+02, 7.745764e+01
1.000000e+02, 7.751531e+01
1.000000e+02, 7.757349e+01
1.000000e+02, 7.763217e+01
1.000000e+02, 7.769137e+01
1.000000e+02, 7.775108e+01
1.000000e+02, 7.781130e+01
1.000000e+02, 7.787204e+01
1.000000e+02, 7.793329e+01
1.000000e+02, 7.799506e+01
1.000000e+02, 7.805734e+01
1.000000e+02, 7.812015e+01
1.000000e+02, 7.818347e+01
1.000000e+02, 7.824731e+01
1.000000e+02, 7.831166e+01
1.000000e+02, 7.837654e+01
1.000000e+02, 7.844195e+01
1.000000e+02, 7.850787e+01
1.000000e+02, 7.857432e+01
1.000000e+02, 7.864129e+01
1.000000e+02, 7.870879e+01
1.000000e+02, 7.877681e+01
1.000000e+02, 7.884537e+01
1.000000e+02, 7.891445e+01
1.000000e+02, 7.898406e+01
1.000000e+02, 7.905420e+01
1.000000e+02, 7.912487e+01
1.000000e+02, 7.919607e+01
1.000000e+02, 7.926781e+01
1.000000e+02, 7.934008e+01
1.000000e+02, 7.941288e+01
1.000000e+02, 7.948623e+01
1.000000e+02, 7.956011e+01
1.000000e+02, 7.963452e+01
1.000000e+02, 7.970948e+01
1.000000e+02, 7.978498e+01
1.000000e+02, 7.986102e+01
1.000000e+02, 7.993760e+01
1.000000e+02, 8.001473e+01
1.000000e+02, 8.009240e+01
1.000000e+02, 8.017062e+01
1.000000e+02, 8.024939e+01
1.000000e+02, 8.032870e+01
1.000000e+02, 8.040857e+01
1.000000e+02, 8.048898e+01
1.000000e+02, 8.056995e+01
1.000000e+02, 8.065147e+01
1.000000e+02, 8.073354e+01
1.000000e+02, 8.081617e+01
1.000000e+02, 8.089936e+01
1.000000e+02, 8.098311e+01
1.000000e+02, 8.106741e+01
1.000000e+02, 8.115228e+01
1.000000e+02, 8.123771e+01
1.000000e+02, 8.132370e+01
1.000000e+02, 8.141025e+01
1.000000e+02, 8.149738e+01
1.000000e+02, 8.158507e+01
1.000000e+02, 8.167333e+01
1.000000e+02, 8.176215e+01
1.000000e+02, 8.185155e+01
1.000000e+02, 8.194153e+01
1.000000e+02, 8.203207e+01
1.000000e+02, 8.212320e+01
1.000000e+02, 8.221490e+01
1.000000e+02, 8.230718e+01
1.000000e+02, 8.240004e+01
1.000000e+02, 8.249348e+01
1.000000e+02, 8.258750e+01
1.000000e+02, 8.268211e+01
1.000000e+02, 8.277730e+01
1.000000e+02, 8.287308e+01
1.000000e+02, 8.296945e+01
1.000000e+02, 8.306642e+01
1.000000e+02, 8.316397e+01
1.000000e+02, 8.326212e+01
1.000000e+02, 8.336086e+01
1.000000e+02, 8.346020e+01
1.000000e+02, 8.356014e+01
1.000000e+02, 8.366068e+01
1.000000e+02, 8.376183e+01
1.000000e+02, 8.386357e+01
1.000000e+02, 8.396592e+01
1.000000e+02, 8.406888e+01
1.000000e+02, 8.417245e+01
1.000000e+02, 8.427663e+01
1.000000e+02, 8.438142e+01
1.000000e+02, 8.448683e+01
1.000000e+02, 8.459285e+01
1.000000e+02, 8.469949e+01
1.000000e+02, 8.480675e+01
1.000000e+02, 8.491463e+01
1.000000e+02, 8.502314e+01
1.000000e+02, 8.513227e+01
1.000000e+02, 8.524203e+01
1.000000e+02, 8.535241e+01
1.000000e+02, 8.546343e+01
1.000000e+02, 8.557509e+01
1.000000e+02, 8.568737e+01
1.000000e+02, 8.580030e+01
1.000000e+02, 8.591386e+01
1.000000e+02, 8.602807e+01
1.000000e+02, 8.614292e+01
1.000000e+02, 8.625842e+01
1.000000e+02, 8.637456e+01
1.000000e+02, 8.649135e+01
1.000000e+02, 8.660880e+01
1.000000e+02, 8.672690e+01
1.000000e+02, 8.684565e+01
1.000000e+02, 8.696507e+01
1.000000e+02, 8.708515e+01
1.000000e+02, 8.720589e+01
1.000000e+02, 8.732729e+01
1.000000e+02, 8.744936e+01
1.000000e+02, 8.757211e+01
1.000000e+02, 8.769552e+01
1.000000e+02, 8.781961e+01
1.000000e+02, 8.794438e+01
1.000000e+02, 8.806983e+01
1.000000e+02, 8.819596e+01
1.000000e+02, 8.832278e+01
1.000000e+02, 8.845028e+01
1.000000e+02, 8.857847e+01
1.000000e+02, 8.870736e+01
1.000000e+02, 8.883694e+01
1.000000e+02, 8.896721e+01
1.000000e+02, 8.909819e+01
1.000000e+02, 8.922988e+01
1.000000e+02, 8.936226e+01
1.000000e+02, 8.949536e+01
1.000000e+02, 8.962917e+01
1.000000e+02, 8.976369e+01
1.000000e+02, 8.989893e+01
1.000000e+02, 9.003489e+01
1.000000e+02, 9.017157e+01
1.000000e+02, 9.030897e+01
1.000000e+02, 9.044711e+01
1.000000e+02, 9.058598e+01
1.000000e+02, 9.072558e+01
1.000000e+02, 9.086592e+01
1.000000e+02, 9.100700e+01
1.000000e+02, 9.114882e+01
1.000000e+02, 9.129139e+01
1.000000e+02, 9.143471e+01
1.000000e+02, 9.157879e+01
1.000000e+02, 9.172362e+01
1.000000e+02, 9.186921e+01
1.000000e+02, 9.201557e+01
1.000000e+02, 9.216269e+01
1.000000e+02, 9.231058e+01
1.000000e+02, 9.245925e+01
1.000000e+02, 9.260869e+01
1.000000e+02, 9.275891e+01
1.000000e+02, 9.290992e+01
1.000000e+02, 9.306171e+01
1.000000e+02, 9.321430e+01
1.000000e+02, 9.336768e+01
1.000000e+02, 9.352186e+01
1.000000e+02, 9.367684e+01
1.000000e+02, 9.383263e+01
1.000000e+02, 9.398923e+01
1.000000e+02, 9.414664e+01
1.000000e+02, 9.430487e+01
1.000000e+02, 9.446393e+01
1.000000e+02, 9.462381e+01
1.000000e+02, 9.478452e+01
1.000000e+02, 9.494606e+01
1.000000e+02, 9.510844e+01
1.000000e+02, 9.527167e+01
1.000000e+02, 9.543574e+01
1.000000e+02, 9.560066e+01
1.000000e+02, 9.576644e+01
1.000000e+02, 9.593308e+01
1.000000e+02, 9.610059e+01
1.000000e+02, 9.626896e+01
1.000000e+02, 9.643821e+01
1.000000e+02, 9.660833e+01
1.000000e+02, 9.677934e+01
1.000000e+02, 9.695124e+01
1.000000e+02, 9.712403e+01
1.000000e+02, 9.729772e+01
1.000000e+02, 9.747231e+01
1.000000e+02, 9.764781e+01
1.000000e+02, 9.782422e+01
1.000000e+02, 9.800155e+01
1.000000e+02, 9.817980e+01
1.000000e+02, 9.835899e+01
1.000000e+02, 9.853910e+01
1.000000e+02, 9.872016e+01
1.000000e+02, 9.890216e+01
1.000000e+02, 9.908511e+01
1.000000e+02, 9.926901e+01
1.000000e+02, 9.945388e+01
1.000000e+02, 9.963972e+01
1.000000e+02, 9.982653e+01
1.000000e+02, 1.000143e+02
1.000000e+02, 1.002031e+02
1.000000e+02, 1.003929e+02
1.000000e+02, 1.005836e+02
1.000000e+02, 1.007754e+02
1.000000e+02, 1.009682e+02
1.000000e+02, 1.011620e+02
1.000000e+02, 1.013568e+02
1.000000e+02, 1.015526e+02
1.000000e+02, 1.017495e+02
1.000000e+02, 1.019474e+02
1.000000e+02, 1.021464e+02
1.000000e+02, 1.023465e+02
1.000000e+02, 1.025476e+02
1.000000e+02, 1.027497e+02
1.000000e+02, 1.029530e+02
1.000000e+02, 1.031573e+02
1.000000e+02, 1.033628e+02
1.000000e+02, 1.035693e+02
1.000000e+02, 1.037770e+02
1.000000e+02, 1.039857e+02
1.000000e+02, 1.041956e+02
1.000000e+02, 1.044066e+02
1.000000e+02, 1.046188e+02
1.000000e+02, 1.048321e+02
1.000000e+02, 1.050466e+02
1.000000e+02, 1.052622e+02
1.000000e+02, 1.054790e+02
1.000000e+02, 1.056970e+02
1.000000e+02, 1.059162e+02
1.000000e+02, 1.061366e+02
1.000000e+02, 1.063582e+02
1.000000e+02, 1.065811e+02
1.000000e+02, 1.068052e+02
1.000000e+02, 1.070305e+02
1.000000e+02, 1.072570e+02
1.000000e+02, 1.074848e+02
1.000000e+02, 1.077139e+02
1.000000e+02, 1.079443e+02
1.000000e+02, 1.081760e+02
1.000000e+02, 1.084089e+02
1.000000e+02, 1.086432e+02
1.000000e+02, 1.088788e+02
1.000000e+02, 1.091158e+02
1.000000e+02, 1.093541e+02
1.000000e+02, 1.095938e+02
1.000000e+02, 1.098348e+02
1.000000e+02, 1.100772e+02
1.000000e+02, 1.103210e+02
1.000000e+02, 1.105662e+02
1.000000e+02, 1.108129e+02
1.000000e+02, 1.110610e+02
1.000000e+02, 1.113105e+02
1.000000e+02, 1.115615e+02
1.000000e+02, 1.118139e+02
1.000000e+02, 1.120679e+02
1.000000e+02, 1.123234e+02
1.000000e+02, 1.125803e+02
1.000000e+02, 1.128389e+02
1.000000e+02, 1.130989e+02
1.000000e+02, 1.133606e+02
1.000000e+02, 1.136238e+02
1.000000e+02, 1.138886e+02
1.000000e+02, 1.141550e+02
1.000000e+02, 1.144230e+02
1.000000e+02, 1.146927e+02
1.000000e+02, 1.149641e+02
1.000000e+02, 1.152371e+02
1.000000e+02, 1.155119e+02
1.000000e+02, 1.157883e+02
1.000000e+02, 1.160665e+02
1.000000e+02, 1.163465e+02
1.000000e+02, 1.166282e+02
1.000000e+02, 1.169117e+02
1.000000e+02, 1.171970e+02
1.000000e+02, 1.174842e+02
1.000000e+02, 1.177732e+02
1.000000e+02, 1.180642e+02
1.000000e+02, 1.183570e+02
1.000000e+02, 1.186517e+02
1.000000e+02, 1.189484e+02
1.000000e+02, 1.192471e+02
1.000000e+02, 1.195477e+02
1.000000e+02, 1.198504e+02
1.000000e+02, 1.201552e+02
1.000000e+02, 1.204620e+02
1.000000e+02, 1.207709e+02
1.000000e+02, 1.210819e+02
1.000000e+02, 1.213951e+02
1.000000e+02, 1.217105e+02
1.000000e+02, 1.220281e+02
1.000000e+02, 1.223479e+02
1.000000e+02, 1.226701e+02
1.000000e+02, 1.229945e+02
1.000000e+02, 1.233213e+02
1.000000e+02, 1.236504e+02
1.000000e+02, 1.239820e+02
1.000000e+02, 1.243160e+02
1.000000e+02, 1.246525e+02
1.000000e+02, 1.249915e+02
1.000000e+02, 1.253331e+02
1.000000e+02, 1.256773e+02
1.000000e+02, 1.260241e+02
1.000000e+02, 1.263736e+02
1.000000e+02, 1.267258e+02
1.000000e+02, 1.270808e+02
1.000000e+02, 1.274387e+02
1.000000e+02, 1.277993e+02
1.000000e+02, 1.281629e+02
1.000000e+02, 1.285295e+02
1.000000e+02, 1.288991e+02
1.000000e+02, 1.292717e+02
1.000000e+02, 1.296475e+02
1.000000e+02, 1.300264e+02
1.000000e+02, 1.304086e+02
1.000000e+02, 1.307941e+02
1.000000e+02, 1.311829e+02
1.000000e+02, 1.315752e+02
1.000000e+02, 1.319710e+02
1.000000e+02, 1.323703e+02
1.000000e+02, 1.327733e+02
1.000000e+02, 1.331800e+02
1.000000e+02, 1.335905e+02
1.000000e+02, 1.340049e+02
1.000000e+02, 1.344232e+02
1.000000e+02, 1.348456e+02
1.000000e+02, 1.352721e+02
1.000000e+02, 1.357028e+02
1.000000e+02, 1.361379e+02
1.000000e+02, 1.365774e+02
1.000000e+02, 1.370214e+02
1.000000e+02, 1.374701e+02
1.000000e+02, 1.379236e+02
1.000000e+02, 1.383819e+02
1.000000e+02, 1.388453e+02
1.000000e+02, 1.393138e+02
1.000000e+02, 1.397876e+02
1.000000e+02, 1.402668e+02
1.000000e+02, 1.407517e+02
1.000000e+02, 1.412422e+02
1.000000e+02, 1.417387e+02
1.000000e+02, 1.422413e+02
1.000000e+02, 1.427502e+02
1.000000e+02, 1.432656e+02
1.000000e+02, 1.437876e+02
1.000000e+02, 1.443166e+02
1.000000e+02, 1.448528e+02
1.000000e+02, 1.453963e+02
1.000000e+02, 1.459475e+02
1.000000e+02, 1.465066e+02
1.000000e+02, 1.470740e+02
1.000000e+02, 1.476499e+02
1.000000e+02, 1.482348e+02
1.000000e+02, 1.488289e+02
1.000000e+02, 1.494326e+02
1.000000e+02, 1.500465e+02
1.000000e+02, 1.506708e+02
1.000000e+02, 1.513062e+02
1.000000e+02, 1.519532e+02
1.000000e+02, 1.526122e+02
1.000000e+02, 1.532840e+02
1.000000e+02, 1.539693e+02
1.000000e+02, 1.546687e+02
1.000000e+02, 1.553831e+02
1.000000e+02, 1.561135e+02
1.000000e+02, 1.568607e+02
1.000000e+02, 1.576259e+02
1.000000e+02, 1.584104e+02
1.000000e+02, 1.592156e+02
1.000000e+02, 1.600430e+02
1.000000e+02, 1.608945e+02
1.000000e+02, 1.617720e+02
1.000000e+02, 1.626780e+02
1.000000e+02, 1.636153e+02
1.000000e+02, 1.645870e+02
1.000000e+02, 1.655970e+02
1.000000e+02, 1.666501e+02
1.000000e+02, 1.677518e+02
1.000000e+02, 1.689093e+02
1.000000e+02, 1.701317e+02
1.000000e+02, 1.714306e+02
1.000000e+02, 1.728221e+02
1.000000e+02, 1.743286e+02
1.000000e+02, 1.759835e+02
1.000000e+02, 1.778410e+02
1.000000e+02, 1.800000e+02
##END= 