##TITLE= /opt/topspin3.0/exp/stan/nmr/lists/wave/user/HypSec_trunc2.84_110
##JCAMP-DX= 5.00 Bruker JCAMP library
##DATA TYPE= Shape Data
##ORIGIN= Bruker BioSpin GmbH
##OWNER= <nmrsu>
##DATE= 15/02/24
##TIME= 16:15:04
##MINX= 1.164538e+01
##MAXX= 9.999960e+01
##MINY= 2.546774e-02
##MAXY= 3.585574e+02
##$SHAPE_EXMODE= Adiabatic
##$SHAPE_TOTROT= 1.800000e+02
##$SHAPE_BWFAC= 1.929340e+02
##$SHAPE_INTEGFAC= 2.356110e-02
##$SHAPE_MODE= 0
##NPOINTS= 500
##XYPOINTS= (XY..XY)
1.000000e+02, 1.800000e+02
1.000000e+02, 1.779888e+02
1.000000e+02, 1.764213e+02
1.000000e+02, 1.750913e+02
1.000000e+02, 1.739165e+02
1.000000e+02, 1.728535e+02
1.000000e+02, 1.718762e+02
1.000000e+02, 1.709675e+02
1.000000e+02, 1.701153e+02
1.000000e+02, 1.693108e+02
1.000000e+02, 1.685471e+02
1.000000e+02, 1.678190e+02
1.000000e+02, 1.671224e+02
1.000000e+02, 1.664538e+02
1.000000e+02, 1.658104e+02
1.000000e+02, 1.651898e+02
1.000000e+02, 1.645899e+02
1.000000e+02, 1.640091e+02
1.000000e+02, 1.634459e+02
1.000000e+02, 1.628990e+02
1.000000e+02, 1.623672e+02
1.000000e+02, 1.618494e+02
1.000000e+02, 1.613449e+02
1.000000e+02, 1.608528e+02
1.000000e+02, 1.603723e+02
1.000000e+02, 1.599029e+02
1.000000e+02, 1.594439e+02
1.000000e+02, 1.589948e+02
1.000000e+02, 1.585551e+02
1.000000e+02, 1.581243e+02
1.000000e+02, 1.577021e+02
1.000000e+02, 1.572880e+02
1.000000e+02, 1.568817e+02
1.000000e+02, 1.564829e+02
1.000000e+02, 1.560913e+02
1.000000e+02, 1.557066e+02
1.000000e+02, 1.553285e+02
1.000000e+02, 1.549568e+02
1.000000e+02, 1.545912e+02
1.000000e+02, 1.542316e+02
1.000000e+02, 1.538778e+02
1.000000e+02, 1.535294e+02
1.000000e+02, 1.531865e+02
1.000000e+02, 1.528488e+02
1.000000e+02, 1.525161e+02
1.000000e+02, 1.521883e+02
1.000000e+02, 1.518653e+02
1.000000e+02, 1.515468e+02
1.000000e+02, 1.512329e+02
1.000000e+02, 1.509233e+02
1.000000e+02, 1.506180e+02
1.000000e+02, 1.503169e+02
1.000000e+02, 1.500197e+02
1.000000e+02, 1.497265e+02
1.000000e+02, 1.494372e+02
1.000000e+02, 1.491516e+02
1.000000e+02, 1.488696e+02
1.000000e+02, 1.485913e+02
1.000000e+02, 1.483164e+02
1.000000e+02, 1.480450e+02
1.000000e+02, 1.477769e+02
1.000000e+02, 1.475121e+02
1.000000e+02, 1.472505e+02
1.000000e+02, 1.469921e+02
1.000000e+02, 1.467367e+02
1.000000e+02, 1.464843e+02
1.000000e+02, 1.462350e+02
1.000000e+02, 1.459885e+02
1.000000e+02, 1.457449e+02
1.000000e+02, 1.455041e+02
1.000000e+02, 1.452660e+02
1.000000e+02, 1.450307e+02
1.000000e+02, 1.447980e+02
1.000000e+02, 1.445679e+02
1.000000e+02, 1.443404e+02
1.000000e+02, 1.441154e+02
1.000000e+02, 1.438929e+02
1.000000e+02, 1.436729e+02
1.000000e+02, 1.434552e+02
1.000000e+02, 1.432399e+02
1.000000e+02, 1.430270e+02
1.000000e+02, 1.428164e+02
1.000000e+02, 1.426080e+02
1.000000e+02, 1.424019e+02
1.000000e+02, 1.421980e+02
1.000000e+02, 1.419962e+02
1.000000e+02, 1.417966e+02
1.000000e+02, 1.415991e+02
1.000000e+02, 1.414037e+02
1.000000e+02, 1.412103e+02
1.000000e+02, 1.410190e+02
1.000000e+02, 1.408296e+02
1.000000e+02, 1.406423e+02
1.000000e+02, 1.404569e+02
1.000000e+02, 1.402734e+02
1.000000e+02, 1.400919e+02
1.000000e+02, 1.399122e+02
1.000000e+02, 1.397344e+02
1.000000e+02, 1.395584e+02
1.000000e+02, 1.393843e+02
1.000000e+02, 1.392120e+02
1.000000e+02, 1.390414e+02
1.000000e+02, 1.388726e+02
1.000000e+02, 1.387055e+02
1.000000e+02, 1.385402e+02
1.000000e+02, 1.383765e+02
1.000000e+02, 1.382146e+02
1.000000e+02, 1.380543e+02
1.000000e+02, 1.378957e+02
1.000000e+02, 1.377387e+02
1.000000e+02, 1.375833e+02
1.000000e+02, 1.374295e+02
1.000000e+02, 1.372773e+02
1.000000e+02, 1.371267e+02
1.000000e+02, 1.369777e+02
1.000000e+02, 1.368302e+02
1.000000e+02, 1.366842e+02
1.000000e+02, 1.365398e+02
1.000000e+02, 1.363968e+02
1.000000e+02, 1.362554e+02
1.000000e+02, 1.361154e+02
1.000000e+02, 1.359769e+02
1.000000e+02, 1.358398e+02
1.000000e+02, 1.357042e+02
1.000000e+02, 1.355700e+02
1.000000e+02, 1.354373e+02
1.000000e+02, 1.353059e+02
1.000000e+02, 1.351760e+02
1.000000e+02, 1.350474e+02
1.000000e+02, 1.349202e+02
1.000000e+02, 1.347944e+02
1.000000e+02, 1.346699e+02
1.000000e+02, 1.345468e+02
1.000000e+02, 1.344250e+02
1.000000e+02, 1.343045e+02
1.000000e+02, 1.341853e+02
1.000000e+02, 1.340675e+02
1.000000e+02, 1.339509e+02
1.000000e+02, 1.338357e+02
1.000000e+02, 1.337217e+02
1.000000e+02, 1.336090e+02
1.000000e+02, 1.334976e+02
1.000000e+02, 1.333874e+02
1.000000e+02, 1.332785e+02
1.000000e+02, 1.331708e+02
1.000000e+02, 1.330643e+02
1.000000e+02, 1.329591e+02
1.000000e+02, 1.328551e+02
1.000000e+02, 1.327523e+02
1.000000e+02, 1.326507e+02
1.000000e+02, 1.325503e+02
1.000000e+02, 1.324511e+02
1.000000e+02, 1.323530e+02
1.000000e+02, 1.322562e+02
1.000000e+02, 1.321605e+02
1.000000e+02, 1.320660e+02
1.000000e+02, 1.319726e+02
1.000000e+02, 1.318804e+02
1.000000e+02, 1.317894e+02
1.000000e+02, 1.316995e+02
1.000000e+02, 1.316107e+02
1.000000e+02, 1.315230e+02
1.000000e+02, 1.314365e+02
1.000000e+02, 1.313511e+02
1.000000e+02, 1.312668e+02
1.000000e+02, 1.311836e+02
1.000000e+02, 1.311015e+02
1.000000e+02, 1.310205e+02
1.000000e+02, 1.309407e+02
1.000000e+02, 1.308618e+02
1.000000e+02, 1.307841e+02
1.000000e+02, 1.307075e+02
1.000000e+02, 1.306319e+02
1.000000e+02, 1.305574e+02
1.000000e+02, 1.304840e+02
1.000000e+02, 1.304116e+02
1.000000e+02, 1.303403e+02
1.000000e+02, 1.302701e+02
1.000000e+02, 1.302009e+02
1.000000e+02, 1.301327e+02
1.000000e+02, 1.300656e+02
1.000000e+02, 1.299995e+02
1.000000e+02, 1.299345e+02
1.000000e+02, 1.298704e+02
1.000000e+02, 1.298075e+02
1.000000e+02, 1.297455e+02
1.000000e+02, 1.296846e+02
1.000000e+02, 1.296246e+02
1.000000e+02, 1.295657e+02
1.000000e+02, 1.295078e+02
1.000000e+02, 1.294509e+02
1.000000e+02, 1.293950e+02
1.000000e+02, 1.293401e+02
1.000000e+02, 1.292862e+02
1.000000e+02, 1.292333e+02
1.000000e+02, 1.291814e+02
1.000000e+02, 1.291305e+02
1.000000e+02, 1.290806e+02
1.000000e+02, 1.290317e+02
1.000000e+02, 1.289837e+02
1.000000e+02, 1.289367e+02
1.000000e+02, 1.288907e+02
1.000000e+02, 1.288457e+02
1.000000e+02, 1.288016e+02
1.000000e+02, 1.287586e+02
1.000000e+02, 1.287164e+02
1.000000e+02, 1.286753e+02
1.000000e+02, 1.286351e+02
1.000000e+02, 1.285959e+02
1.000000e+02, 1.285576e+02
1.000000e+02, 1.285203e+02
1.000000e+02, 1.284840e+02
1.000000e+02, 1.284486e+02
1.000000e+02, 1.284141e+02
1.000000e+02, 1.283806e+02
1.000000e+02, 1.283481e+02
1.000000e+02, 1.283165e+02
1.000000e+02, 1.282858e+02
1.000000e+02, 1.282561e+02
1.000000e+02, 1.282274e+02
1.000000e+02, 1.281995e+02
1.000000e+02, 1.281727e+02
1.000000e+02, 1.281467e+02
1.000000e+02, 1.281217e+02
1.000000e+02, 1.280977e+02
1.000000e+02, 1.280745e+02
1.000000e+02, 1.280523e+02
1.000000e+02, 1.280311e+02
1.000000e+02, 1.280107e+02
1.000000e+02, 1.279913e+02
1.000000e+02, 1.279728e+02
1.000000e+02, 1.279553e+02
1.000000e+02, 1.279387e+02
1.000000e+02, 1.279230e+02
1.000000e+02, 1.279082e+02
1.000000e+02, 1.278944e+02
1.000000e+02, 1.278815e+02
1.000000e+02, 1.278695e+02
1.000000e+02, 1.278584e+02
1.000000e+02, 1.278483e+02
1.000000e+02, 1.278391e+02
1.000000e+02, 1.278308e+02
1.000000e+02, 1.278234e+02
1.000000e+02, 1.278170e+02
1.000000e+02, 1.278115e+02
1.000000e+02, 1.278069e+02
1.000000e+02, 1.278032e+02
1.000000e+02, 1.278004e+02
1.000000e+02, 1.277986e+02
1.000000e+02, 1.277976e+02
1.000000e+02, 1.277976e+02
1.000000e+02, 1.277986e+02
1.000000e+02, 1.278004e+02
1.000000e+02, 1.278032e+02
1.000000e+02, 1.278069e+02
1.000000e+02, 1.278115e+02
1.000000e+02, 1.278170e+02
1.000000e+02, 1.278234e+02
1.000000e+02, 1.278308e+02
1.000000e+02, 1.278391e+02
1.000000e+02, 1.278483e+02
1.000000e+02, 1.278584e+02
1.000000e+02, 1.278695e+02
1.000000e+02, 1.278815e+02
1.000000e+02, 1.278944e+02
1.000000e+02, 1.279082e+02
1.000000e+02, 1.279230e+02
1.000000e+02, 1.279387e+02
1.000000e+02, 1.279553e+02
1.000000e+02, 1.279728e+02
1.000000e+02, 1.279913e+02
1.000000e+02, 1.280107e+02
1.000000e+02, 1.280311e+02
1.000000e+02, 1.280523e+02
1.000000e+02, 1.280745e+02
1.000000e+02, 1.280977e+02
1.000000e+02, 1.281217e+02
1.000000e+02, 1.281467e+02
1.000000e+02, 1.281727e+02
1.000000e+02, 1.281995e+02
1.000000e+02, 1.282274e+02
1.000000e+02, 1.282561e+02
1.000000e+02, 1.282858e+02
1.000000e+02, 1.283165e+02
1.000000e+02, 1.283481e+02
1.000000e+02, 1.283806e+02
1.000000e+02, 1.284141e+02
1.000000e+02, 1.284486e+02
1.000000e+02, 1.284840e+02
1.000000e+02, 1.285203e+02
1.000000e+02, 1.285576e+02
1.000000e+02, 1.285959e+02
1.000000e+02, 1.286351e+02
1.000000e+02, 1.286753e+02
1.000000e+02, 1.287164e+02
1.000000e+02, 1.287586e+02
1.000000e+02, 1.288016e+02
1.000000e+02, 1.288457e+02
1.000000e+02, 1.288907e+02
1.000000e+02, 1.289367e+02
1.000000e+02, 1.289837e+02
1.000000e+02, 1.290317e+02
1.000000e+02, 1.290806e+02
1.000000e+02, 1.291305e+02
1.000000e+02, 1.291814e+02
1.000000e+02, 1.292333e+02
1.000000e+02, 1.292862e+02
1.000000e+02, 1.293401e+02
1.000000e+02, 1.293950e+02
1.000000e+02, 1.294509e+02
1.000000e+02, 1.295078e+02
1.000000e+02, 1.295657e+02
1.000000e+02, 1.296246e+02
1.000000e+02, 1.296846e+02
1.000000e+02, 1.297455e+02
1.000000e+02, 1.298075e+02
1.000000e+02, 1.298704e+02
1.000000e+02, 1.299345e+02
1.000000e+02, 1.299995e+02
1.000000e+02, 1.300656e+02
1.000000e+02, 1.301327e+02
1.000000e+02, 1.302009e+02
1.000000e+02, 1.302701e+02
1.000000e+02, 1.303403e+02
1.000000e+02, 1.304116e+02
1.000000e+02, 1.304840e+02
1.000000e+02, 1.305574e+02
1.000000e+02, 1.306319e+02
1.000000e+02, 1.307075e+02
1.000000e+02, 1.307841e+02
1.000000e+02, 1.308618e+02
1.000000e+02, 1.309407e+02
1.000000e+02, 1.310205e+02
1.000000e+02, 1.311015e+02
1.000000e+02, 1.311836e+02
1.000000e+02, 1.312668e+02
1.000000e+02, 1.313511e+02
1.000000e+02, 1.314365e+02
1.000000e+02, 1.315230e+02
1.000000e+02, 1.316107e+02
1.000000e+02, 1.316995e+02
1.000000e+02, 1.317894e+02
1.000000e+02, 1.318804e+02
1.000000e+02, 1.319726e+02
1.000000e+02, 1.320660e+02
1.000000e+02, 1.321605e+02
1.000000e+02, 1.322562e+02
1.000000e+02, 1.323530e+02
1.000000e+02, 1.324511e+02
1.000000e+02, 1.325503e+02
1.000000e+02, 1.326507e+02
1.000000e+02, 1.327523e+02
1.000000e+02, 1.328551e+02
1.000000e+02, 1.329591e+02
1.000000e+02, 1.330643e+02
1.000000e+02, 1.331708e+02
1.000000e+02, 1.332785e+02
1.000000e+02, 1.333874e+02
1.000000e+02, 1.334976e+02
1.000000e+02, 1.336090e+02
1.000000e+02, 1.337217e+02
1.000000e+02, 1.338357e+02
1.000000e+02, 1.339509e+02
1.000000e+02, 1.340675e+02
1.000000e+02, 1.341853e+02
1.000000e+02, 1.343045e+02
1.000000e+02, 1.344250e+02
1.000000e+02, 1.345468e+02
1.000000e+02, 1.346699e+02
1.000000e+02, 1.347944e+02
1.000000e+02, 1.349202e+02
1.000000e+02, 1.350474e+02
1.000000e+02, 1.351760e+02
1.000000e+02, 1.353059e+02
1.000000e+02, 1.354373e+02
1.000000e+02, 1.355700e+02
1.000000e+02, 1.357042e+02
1.000000e+02, 1.358398e+02
1.000000e+02, 1.359769e+02
1.000000e+02, 1.361154e+02
1.000000e+02, 1.362554e+02
1.000000e+02, 1.363968e+02
1.000000e+02, 1.365398e+02
1.000000e+02, 1.366842e+02
1.000000e+02, 1.368302e+02
1.000000e+02, 1.369777e+02
1.000000e+02, 1.371267e+02
1.000000e+02, 1.372773e+02
1.000000e+02, 1.374295e+02
1.000000e+02, 1.375833e+02
1.000000e+02, 1.377387e+02
1.000000e+02, 1.378957e+02
1.000000e+02, 1.380543e+02
1.000000e+02, 1.382146e+02
1.000000e+02, 1.383765e+02
1.000000e+02, 1.385402e+02
1.000000e+02, 1.387055e+02
1.000000e+02, 1.388726e+02
1.000000e+02, 1.390414e+02
1.000000e+02, 1.392120e+02
1.000000e+02, 1.393843e+02
1.000000e+02, 1.395584e+02
1.000000e+02, 1.397344e+02
1.000000e+02, 1.399122e+02
1.000000e+02, 1.400919e+02
1.000000e+02, 1.402734e+02
1.000000e+02, 1.404569e+02
1.000000e+02, 1.406423e+02
1.000000e+02, 1.408296e+02
1.000000e+02, 1.410190e+02
1.000000e+02, 1.412103e+02
1.000000e+02, 1.414037e+02
1.000000e+02, 1.415991e+02
1.000000e+02, 1.417966e+02
1.000000e+02, 1.419962e+02
1.000000e+02, 1.421980e+02
1.000000e+02, 1.424019e+02
1.000000e+02, 1.426080e+02
1.000000e+02, 1.428164e+02
1.000000e+02, 1.430270e+02
1.000000e+02, 1.432399e+02
1.000000e+02, 1.434552e+02
1.000000e+02, 1.436729e+02
1.000000e+02, 1.438929e+02
1.000000e+02, 1.441154e+02
1.000000e+02, 1.443404e+02
1.000000e+02, 1.445679e+02
1.000000e+02, 1.447980e+02
1.000000e+02, 1.450307e+02
1.000000e+02, 1.452660e+02
1.000000e+02, 1.455041e+02
1.000000e+02, 1.457449e+02
1.000000e+02, 1.459885e+02
1.000000e+02, 1.462350e+02
1.000000e+02, 1.464843e+02
1.000000e+02, 1.467367e+02
1.000000e+02, 1.469921e+02
1.000000e+02, 1.472505e+02
1.000000e+02, 1.475121e+02
1.000000e+02, 1.477769e+02
1.000000e+02, 1.480450e+02
1.000000e+02, 1.483164e+02
1.000000e+02, 1.485913e+02
1.000000e+02, 1.488696e+02
1.000000e+02, 1.491516e+02
1.000000e+02, 1.494372e+02
1.000000e+02, 1.497265e+02
1.000000e+02, 1.500197e+02
1.000000e+02, 1.503169e+02
1.000000e+02, 1.506180e+02
1.000000e+02, 1.509233e+02
1.000000e+02, 1.512329e+02
1.000000e+02, 1.515468e+02
1.000000e+02, 1.518653e+02
1.000000e+02, 1.521883e+02
1.000000e+02, 1.525161e+02
1.000000e+02, 1.528488e+02
1.000000e+02, 1.531865e+02
1.000000e+02, 1.535294e+02
1.000000e+02, 1.538778e+02
1.000000e+02, 1.542316e+02
1.000000e+02, 1.545912e+02
1.000000e+02, 1.549568e+02
1.000000e+02, 1.553285e+02
1.000000e+02, 1.557066e+02
1.000000e+02, 1.560913e+02
1.000000e+02, 1.564829e+02
1.000000e+02, 1.568817e+02
1.000000e+02, 1.572880e+02
1.000000e+02, 1.577021e+02
1.000000e+02, 1.581243e+02
1.000000e+02, 1.585551e+02
1.000000e+02, 1.589948e+02
1.000000e+02, 1.594439e+02
1.000000e+02, 1.599029e+02
1.000000e+02, 1.603723e+02
1.000000e+02, 1.608528e+02
1.000000e+02, 1.613449e+02
1.000000e+02, 1.618494e+02
1.000000e+02, 1.623672e+02
1.000000e+02, 1.628990e+02
1.000000e+02, 1.634459e+02
1.000000e+02, 1.640092e+02
1.000000e+02, 1.645899e+02
1.000000e+02, 1.651898e+02
1.000000e+02, 1.658104e+02
1.000000e+02, 1.664538e+02
1.000000e+02, 1.671224e+02
1.000000e+02, 1.678190e+02
1.000000e+02, 1.685471e+02
1.000000e+02, 1.693108e+02
1.000000e+02, 1.701153e+02
1.000000e+02, 1.709675e+02
1.000000e+02, 1.718762e+02
1.000000e+02, 1.728535e+02
1.000000e+02, 1.739165e+02
1.000000e+02, 1.750913e+02
1.000000e+02, 1.764213e+02
1.000000e+02, 1.779888e+02
1.000000e+02, 1.800000e+02
##END= 