##TITLE= /opt/topspin3.0/exp/stan/nmr/lists/wave/user/HypSec_trunc2.84_110
##JCAMP-DX= 5.00 Bruker JCAMP library
##DATA TYPE= Shape Data
##ORIGIN= Bruker BioSpin GmbH
##OWNER= <nmrsu>
##DATE= 15/02/24
##TIME= 16:15:04
##MINX= 1.164538e+01
##MAXX= 9.999960e+01
##MINY= 2.546774e-02
##MAXY= 3.585574e+02
##$SHAPE_EXMODE= Adiabatic
##$SHAPE_TOTROT= 1.800000e+02
##$SHAPE_BWFAC= 1.929340e+02
##$SHAPE_INTEGFAC= 2.356110e-02
##$SHAPE_MODE= 0
##NPOINTS= 100
##XYPOINTS= (XY..XY)
1.000000e+02, 1.800000e+02
1.000000e+02, 1.734627e+02
1.000000e+02, 1.700103e+02
1.000000e+02, 1.673540e+02
1.000000e+02, 1.651300e+02
1.000000e+02, 1.631921e+02
1.000000e+02, 1.614633e+02
1.000000e+02, 1.598968e+02
1.000000e+02, 1.584620e+02
1.000000e+02, 1.571371e+02
1.000000e+02, 1.559061e+02
1.000000e+02, 1.547569e+02
1.000000e+02, 1.536800e+02
1.000000e+02, 1.526677e+02
1.000000e+02, 1.517138e+02
1.000000e+02, 1.508132e+02
1.000000e+02, 1.499616e+02
1.000000e+02, 1.491553e+02
1.000000e+02, 1.483912e+02
1.000000e+02, 1.476666e+02
1.000000e+02, 1.469791e+02
1.000000e+02, 1.463266e+02
1.000000e+02, 1.457074e+02
1.000000e+02, 1.451197e+02
1.000000e+02, 1.445623e+02
1.000000e+02, 1.440337e+02
1.000000e+02, 1.435328e+02
1.000000e+02, 1.430587e+02
1.000000e+02, 1.426104e+02
1.000000e+02, 1.421869e+02
1.000000e+02, 1.417877e+02
1.000000e+02, 1.414119e+02
1.000000e+02, 1.410590e+02
1.000000e+02, 1.407284e+02
1.000000e+02, 1.404195e+02
1.000000e+02, 1.401320e+02
1.000000e+02, 1.398653e+02
1.000000e+02, 1.396191e+02
1.000000e+02, 1.393931e+02
1.000000e+02, 1.391870e+02
1.000000e+02, 1.390004e+02
1.000000e+02, 1.388331e+02
1.000000e+02, 1.386850e+02
1.000000e+02, 1.385558e+02
1.000000e+02, 1.384453e+02
1.000000e+02, 1.383534e+02
1.000000e+02, 1.382801e+02
1.000000e+02, 1.382252e+02
1.000000e+02, 1.381886e+02
1.000000e+02, 1.381703e+02
1.000000e+02, 1.381703e+02
1.000000e+02, 1.381886e+02
1.000000e+02, 1.382252e+02
1.000000e+02, 1.382801e+02
1.000000e+02, 1.383534e+02
1.000000e+02, 1.384453e+02
1.000000e+02, 1.385558e+02
1.000000e+02, 1.386850e+02
1.000000e+02, 1.388331e+02
1.000000e+02, 1.390004e+02
1.000000e+02, 1.391870e+02
1.000000e+02, 1.393931e+02
1.000000e+02, 1.396191e+02
1.000000e+02, 1.398653e+02
1.000000e+02, 1.401320e+02
1.000000e+02, 1.404195e+02
1.000000e+02, 1.407284e+02
1.000000e+02, 1.410590e+02
1.000000e+02, 1.414119e+02
1.000000e+02, 1.417877e+02
1.000000e+02, 1.421869e+02
1.000000e+02, 1.426104e+02
1.000000e+02, 1.430587e+02
1.000000e+02, 1.435328e+02
1.000000e+02, 1.440337e+02
1.000000e+02, 1.445623e+02
1.000000e+02, 1.451197e+02
1.000000e+02, 1.457074e+02
1.000000e+02, 1.463266e+02
1.000000e+02, 1.469791e+02
1.000000e+02, 1.476666e+02
1.000000e+02, 1.483912e+02
1.000000e+02, 1.491553e+02
1.000000e+02, 1.499616e+02
1.000000e+02, 1.508132e+02
1.000000e+02, 1.517138e+02
1.000000e+02, 1.526677e+02
1.000000e+02, 1.536800e+02
1.000000e+02, 1.547569e+02
1.000000e+02, 1.559061e+02
1.000000e+02, 1.571371e+02
1.000000e+02, 1.584620e+02
1.000000e+02, 1.598968e+02
1.000000e+02, 1.614633e+02
1.000000e+02, 1.631921e+02
1.000000e+02, 1.651300e+02
1.000000e+02, 1.673540e+02
1.000000e+02, 1.700103e+02
1.000000e+02, 1.734627e+02
1.000000e+02, 1.800000e+02
##END= 