##TITLE= /opt/topspin3.0/exp/stan/nmr/lists/wave/user/HypSec_trunc2.84_110
##JCAMP-DX= 5.00 Bruker JCAMP library
##DATA TYPE= Shape Data
##ORIGIN= Bruker BioSpin GmbH
##OWNER= <nmrsu>
##DATE= 15/02/24
##TIME= 16:15:04
##MINX= 1.164538e+01
##MAXX= 9.999960e+01
##MINY= 2.546774e-02
##MAXY= 3.585574e+02
##$SHAPE_EXMODE= Adiabatic
##$SHAPE_TOTROT= 1.800000e+02
##$SHAPE_BWFAC= 1.929340e+02
##$SHAPE_INTEGFAC= 2.356110e-02
##$SHAPE_MODE= 0
##NPOINTS= 1000
##XYPOINTS= (XY..XY)
1.000000e+02, 1.800000e+02
1.000000e+02, 1.768777e+02
1.000000e+02, 1.741915e+02
1.000000e+02, 1.717983e+02
1.000000e+02, 1.696197e+02
1.000000e+02, 1.676074e+02
1.000000e+02, 1.657289e+02
1.000000e+02, 1.639612e+02
1.000000e+02, 1.622873e+02
1.000000e+02, 1.606940e+02
1.000000e+02, 1.591711e+02
1.000000e+02, 1.577104e+02
1.000000e+02, 1.563051e+02
1.000000e+02, 1.549497e+02
1.000000e+02, 1.536395e+02
1.000000e+02, 1.523705e+02
1.000000e+02, 1.511391e+02
1.000000e+02, 1.499426e+02
1.000000e+02, 1.487782e+02
1.000000e+02, 1.476436e+02
1.000000e+02, 1.465370e+02
1.000000e+02, 1.454564e+02
1.000000e+02, 1.444002e+02
1.000000e+02, 1.433671e+02
1.000000e+02, 1.423556e+02
1.000000e+02, 1.413646e+02
1.000000e+02, 1.403931e+02
1.000000e+02, 1.394400e+02
1.000000e+02, 1.385044e+02
1.000000e+02, 1.375855e+02
1.000000e+02, 1.366826e+02
1.000000e+02, 1.357949e+02
1.000000e+02, 1.349217e+02
1.000000e+02, 1.340626e+02
1.000000e+02, 1.332168e+02
1.000000e+02, 1.323839e+02
1.000000e+02, 1.315634e+02
1.000000e+02, 1.307548e+02
1.000000e+02, 1.299577e+02
1.000000e+02, 1.291717e+02
1.000000e+02, 1.283963e+02
1.000000e+02, 1.276314e+02
1.000000e+02, 1.268764e+02
1.000000e+02, 1.261311e+02
1.000000e+02, 1.253952e+02
1.000000e+02, 1.246683e+02
1.000000e+02, 1.239503e+02
1.000000e+02, 1.232409e+02
1.000000e+02, 1.225397e+02
1.000000e+02, 1.218467e+02
1.000000e+02, 1.211615e+02
1.000000e+02, 1.204839e+02
1.000000e+02, 1.198138e+02
1.000000e+02, 1.191510e+02
1.000000e+02, 1.184952e+02
1.000000e+02, 1.178464e+02
1.000000e+02, 1.172042e+02
1.000000e+02, 1.165686e+02
1.000000e+02, 1.159394e+02
1.000000e+02, 1.153165e+02
1.000000e+02, 1.146997e+02
1.000000e+02, 1.140889e+02
1.000000e+02, 1.134840e+02
1.000000e+02, 1.128847e+02
1.000000e+02, 1.122911e+02
1.000000e+02, 1.117029e+02
1.000000e+02, 1.111202e+02
1.000000e+02, 1.105427e+02
1.000000e+02, 1.099703e+02
1.000000e+02, 1.094030e+02
1.000000e+02, 1.088407e+02
1.000000e+02, 1.082832e+02
1.000000e+02, 1.077305e+02
1.000000e+02, 1.071825e+02
1.000000e+02, 1.066391e+02
1.000000e+02, 1.061002e+02
1.000000e+02, 1.055657e+02
1.000000e+02, 1.050356e+02
1.000000e+02, 1.045098e+02
1.000000e+02, 1.039882e+02
1.000000e+02, 1.034708e+02
1.000000e+02, 1.029574e+02
1.000000e+02, 1.024480e+02
1.000000e+02, 1.019426e+02
1.000000e+02, 1.014410e+02
1.000000e+02, 1.009433e+02
1.000000e+02, 1.004493e+02
1.000000e+02, 9.995902e+01
1.000000e+02, 9.947240e+01
1.000000e+02, 9.898936e+01
1.000000e+02, 9.850986e+01
1.000000e+02, 9.803385e+01
1.000000e+02, 9.756128e+01
1.000000e+02, 9.709210e+01
1.000000e+02, 9.662625e+01
1.000000e+02, 9.616371e+01
1.000000e+02, 9.570441e+01
1.000000e+02, 9.524831e+01
1.000000e+02, 9.479538e+01
1.000000e+02, 9.434557e+01
1.000000e+02, 9.389884e+01
1.000000e+02, 9.345515e+01
1.000000e+02, 9.301445e+01
1.000000e+02, 9.257672e+01
1.000000e+02, 9.214192e+01
1.000000e+02, 9.171001e+01
1.000000e+02, 9.128094e+01
1.000000e+02, 9.085470e+01
1.000000e+02, 9.043125e+01
1.000000e+02, 9.001054e+01
1.000000e+02, 8.959256e+01
1.000000e+02, 8.917726e+01
1.000000e+02, 8.876462e+01
1.000000e+02, 8.835460e+01
1.000000e+02, 8.794719e+01
1.000000e+02, 8.754234e+01
1.000000e+02, 8.714003e+01
1.000000e+02, 8.674023e+01
1.000000e+02, 8.634292e+01
1.000000e+02, 8.594806e+01
1.000000e+02, 8.555564e+01
1.000000e+02, 8.516562e+01
1.000000e+02, 8.477798e+01
1.000000e+02, 8.439270e+01
1.000000e+02, 8.400975e+01
1.000000e+02, 8.362911e+01
1.000000e+02, 8.325076e+01
1.000000e+02, 8.287466e+01
1.000000e+02, 8.250081e+01
1.000000e+02, 8.212918e+01
1.000000e+02, 8.175974e+01
1.000000e+02, 8.139248e+01
1.000000e+02, 8.102737e+01
1.000000e+02, 8.066440e+01
1.000000e+02, 8.030354e+01
1.000000e+02, 7.994478e+01
1.000000e+02, 7.958809e+01
1.000000e+02, 7.923346e+01
1.000000e+02, 7.888087e+01
1.000000e+02, 7.853030e+01
1.000000e+02, 7.818173e+01
1.000000e+02, 7.783515e+01
1.000000e+02, 7.749054e+01
1.000000e+02, 7.714787e+01
1.000000e+02, 7.680714e+01
1.000000e+02, 7.646832e+01
1.000000e+02, 7.613141e+01
1.000000e+02, 7.579638e+01
1.000000e+02, 7.546322e+01
1.000000e+02, 7.513192e+01
1.000000e+02, 7.480246e+01
1.000000e+02, 7.447482e+01
1.000000e+02, 7.414899e+01
1.000000e+02, 7.382495e+01
1.000000e+02, 7.350270e+01
1.000000e+02, 7.318221e+01
1.000000e+02, 7.286348e+01
1.000000e+02, 7.254649e+01
1.000000e+02, 7.223122e+01
1.000000e+02, 7.191767e+01
1.000000e+02, 7.160582e+01
1.000000e+02, 7.129566e+01
1.000000e+02, 7.098717e+01
1.000000e+02, 7.068035e+01
1.000000e+02, 7.037518e+01
1.000000e+02, 7.007165e+01
1.000000e+02, 6.976974e+01
1.000000e+02, 6.946945e+01
1.000000e+02, 6.917077e+01
1.000000e+02, 6.887368e+01
1.000000e+02, 6.857817e+01
1.000000e+02, 6.828424e+01
1.000000e+02, 6.799186e+01
1.000000e+02, 6.770104e+01
1.000000e+02, 6.741175e+01
1.000000e+02, 6.712400e+01
1.000000e+02, 6.683776e+01
1.000000e+02, 6.655303e+01
1.000000e+02, 6.626981e+01
1.000000e+02, 6.598807e+01
1.000000e+02, 6.570781e+01
1.000000e+02, 6.542902e+01
1.000000e+02, 6.515170e+01
1.000000e+02, 6.487582e+01
1.000000e+02, 6.460139e+01
1.000000e+02, 6.432840e+01
1.000000e+02, 6.405682e+01
1.000000e+02, 6.378667e+01
1.000000e+02, 6.351792e+01
1.000000e+02, 6.325057e+01
1.000000e+02, 6.298462e+01
1.000000e+02, 6.272004e+01
1.000000e+02, 6.245684e+01
1.000000e+02, 6.219501e+01
1.000000e+02, 6.193453e+01
1.000000e+02, 6.167541e+01
1.000000e+02, 6.141763e+01
1.000000e+02, 6.116118e+01
1.000000e+02, 6.090606e+01
1.000000e+02, 6.065226e+01
1.000000e+02, 6.039978e+01
1.000000e+02, 6.014860e+01
1.000000e+02, 5.989872e+01
1.000000e+02, 5.965013e+01
1.000000e+02, 5.940282e+01
1.000000e+02, 5.915679e+01
1.000000e+02, 5.891203e+01
1.000000e+02, 5.866854e+01
1.000000e+02, 5.842630e+01
1.000000e+02, 5.818532e+01
1.000000e+02, 5.794557e+01
1.000000e+02, 5.770707e+01
1.000000e+02, 5.746979e+01
1.000000e+02, 5.723375e+01
1.000000e+02, 5.699892e+01
1.000000e+02, 5.676530e+01
1.000000e+02, 5.653289e+01
1.000000e+02, 5.630168e+01
1.000000e+02, 5.607166e+01
1.000000e+02, 5.584284e+01
1.000000e+02, 5.561519e+01
1.000000e+02, 5.538873e+01
1.000000e+02, 5.516343e+01
1.000000e+02, 5.493930e+01
1.000000e+02, 5.471634e+01
1.000000e+02, 5.449452e+01
1.000000e+02, 5.427386e+01
1.000000e+02, 5.405434e+01
1.000000e+02, 5.383596e+01
1.000000e+02, 5.361872e+01
1.000000e+02, 5.340260e+01
1.000000e+02, 5.318761e+01
1.000000e+02, 5.297373e+01
1.000000e+02, 5.276097e+01
1.000000e+02, 5.254932e+01
1.000000e+02, 5.233877e+01
1.000000e+02, 5.212933e+01
1.000000e+02, 5.192097e+01
1.000000e+02, 5.171371e+01
1.000000e+02, 5.150753e+01
1.000000e+02, 5.130243e+01
1.000000e+02, 5.109840e+01
1.000000e+02, 5.089545e+01
1.000000e+02, 5.069357e+01
1.000000e+02, 5.049274e+01
1.000000e+02, 5.029298e+01
1.000000e+02, 5.009426e+01
1.000000e+02, 4.989660e+01
1.000000e+02, 4.969999e+01
1.000000e+02, 4.950441e+01
1.000000e+02, 4.930987e+01
1.000000e+02, 4.911636e+01
1.000000e+02, 4.892389e+01
1.000000e+02, 4.873243e+01
1.000000e+02, 4.854200e+01
1.000000e+02, 4.835259e+01
1.000000e+02, 4.816418e+01
1.000000e+02, 4.797679e+01
1.000000e+02, 4.779040e+01
1.000000e+02, 4.760502e+01
1.000000e+02, 4.742063e+01
1.000000e+02, 4.723723e+01
1.000000e+02, 4.705483e+01
1.000000e+02, 4.687341e+01
1.000000e+02, 4.669298e+01
1.000000e+02, 4.651352e+01
1.000000e+02, 4.633504e+01
1.000000e+02, 4.615754e+01
1.000000e+02, 4.598100e+01
1.000000e+02, 4.580543e+01
1.000000e+02, 4.563083e+01
1.000000e+02, 4.545718e+01
1.000000e+02, 4.528448e+01
1.000000e+02, 4.511274e+01
1.000000e+02, 4.494195e+01
1.000000e+02, 4.477211e+01
1.000000e+02, 4.460321e+01
1.000000e+02, 4.443525e+01
1.000000e+02, 4.426822e+01
1.000000e+02, 4.410213e+01
1.000000e+02, 4.393697e+01
1.000000e+02, 4.377274e+01
1.000000e+02, 4.360943e+01
1.000000e+02, 4.344705e+01
1.000000e+02, 4.328558e+01
1.000000e+02, 4.312503e+01
1.000000e+02, 4.296539e+01
1.000000e+02, 4.280666e+01
1.000000e+02, 4.264884e+01
1.000000e+02, 4.249193e+01
1.000000e+02, 4.233591e+01
1.000000e+02, 4.218080e+01
1.000000e+02, 4.202658e+01
1.000000e+02, 4.187326e+01
1.000000e+02, 4.172082e+01
1.000000e+02, 4.156928e+01
1.000000e+02, 4.141862e+01
1.000000e+02, 4.126884e+01
1.000000e+02, 4.111995e+01
1.000000e+02, 4.097193e+01
1.000000e+02, 4.082479e+01
1.000000e+02, 4.067853e+01
1.000000e+02, 4.053313e+01
1.000000e+02, 4.038860e+01
1.000000e+02, 4.024494e+01
1.000000e+02, 4.010214e+01
1.000000e+02, 3.996020e+01
1.000000e+02, 3.981912e+01
1.000000e+02, 3.967890e+01
1.000000e+02, 3.953954e+01
1.000000e+02, 3.940102e+01
1.000000e+02, 3.926335e+01
1.000000e+02, 3.912654e+01
1.000000e+02, 3.899056e+01
1.000000e+02, 3.885544e+01
1.000000e+02, 3.872115e+01
1.000000e+02, 3.858770e+01
1.000000e+02, 3.845508e+01
1.000000e+02, 3.832331e+01
1.000000e+02, 3.819236e+01
1.000000e+02, 3.806225e+01
1.000000e+02, 3.793296e+01
1.000000e+02, 3.780450e+01
1.000000e+02, 3.767687e+01
1.000000e+02, 3.755005e+01
1.000000e+02, 3.742406e+01
1.000000e+02, 3.729889e+01
1.000000e+02, 3.717453e+01
1.000000e+02, 3.705099e+01
1.000000e+02, 3.692826e+01
1.000000e+02, 3.680634e+01
1.000000e+02, 3.668523e+01
1.000000e+02, 3.656493e+01
1.000000e+02, 3.644543e+01
1.000000e+02, 3.632674e+01
1.000000e+02, 3.620885e+01
1.000000e+02, 3.609176e+01
1.000000e+02, 3.597546e+01
1.000000e+02, 3.585997e+01
1.000000e+02, 3.574527e+01
1.000000e+02, 3.563136e+01
1.000000e+02, 3.551824e+01
1.000000e+02, 3.540592e+01
1.000000e+02, 3.529438e+01
1.000000e+02, 3.518363e+01
1.000000e+02, 3.507366e+01
1.000000e+02, 3.496448e+01
1.000000e+02, 3.485608e+01
1.000000e+02, 3.474846e+01
1.000000e+02, 3.464162e+01
1.000000e+02, 3.453555e+01
1.000000e+02, 3.443027e+01
1.000000e+02, 3.432575e+01
1.000000e+02, 3.422201e+01
1.000000e+02, 3.411904e+01
1.000000e+02, 3.401684e+01
1.000000e+02, 3.391540e+01
1.000000e+02, 3.381474e+01
1.000000e+02, 3.371484e+01
1.000000e+02, 3.361570e+01
1.000000e+02, 3.351733e+01
1.000000e+02, 3.341971e+01
1.000000e+02, 3.332286e+01
1.000000e+02, 3.322677e+01
1.000000e+02, 3.313143e+01
1.000000e+02, 3.303685e+01
1.000000e+02, 3.294302e+01
1.000000e+02, 3.284995e+01
1.000000e+02, 3.275763e+01
1.000000e+02, 3.266606e+01
1.000000e+02, 3.257524e+01
1.000000e+02, 3.248516e+01
1.000000e+02, 3.239584e+01
1.000000e+02, 3.230726e+01
1.000000e+02, 3.221942e+01
1.000000e+02, 3.213233e+01
1.000000e+02, 3.204598e+01
1.000000e+02, 3.196037e+01
1.000000e+02, 3.187550e+01
1.000000e+02, 3.179137e+01
1.000000e+02, 3.170798e+01
1.000000e+02, 3.162532e+01
1.000000e+02, 3.154340e+01
1.000000e+02, 3.146221e+01
1.000000e+02, 3.138176e+01
1.000000e+02, 3.130204e+01
1.000000e+02, 3.122305e+01
1.000000e+02, 3.114479e+01
1.000000e+02, 3.106726e+01
1.000000e+02, 3.099046e+01
1.000000e+02, 3.091438e+01
1.000000e+02, 3.083903e+01
1.000000e+02, 3.076441e+01
1.000000e+02, 3.069050e+01
1.000000e+02, 3.061733e+01
1.000000e+02, 3.054487e+01
1.000000e+02, 3.047314e+01
1.000000e+02, 3.040212e+01
1.000000e+02, 3.033183e+01
1.000000e+02, 3.026225e+01
1.000000e+02, 3.019339e+01
1.000000e+02, 3.012525e+01
1.000000e+02, 3.005782e+01
1.000000e+02, 2.999111e+01
1.000000e+02, 2.992511e+01
1.000000e+02, 2.985983e+01
1.000000e+02, 2.979525e+01
1.000000e+02, 2.973139e+01
1.000000e+02, 2.966824e+01
1.000000e+02, 2.960580e+01
1.000000e+02, 2.954407e+01
1.000000e+02, 2.948305e+01
1.000000e+02, 2.942273e+01
1.000000e+02, 2.936312e+01
1.000000e+02, 2.930422e+01
1.000000e+02, 2.924602e+01
1.000000e+02, 2.918853e+01
1.000000e+02, 2.913174e+01
1.000000e+02, 2.907565e+01
1.000000e+02, 2.902027e+01
1.000000e+02, 2.896559e+01
1.000000e+02, 2.891161e+01
1.000000e+02, 2.885833e+01
1.000000e+02, 2.880574e+01
1.000000e+02, 2.875386e+01
1.000000e+02, 2.870268e+01
1.000000e+02, 2.865219e+01
1.000000e+02, 2.860240e+01
1.000000e+02, 2.855331e+01
1.000000e+02, 2.850491e+01
1.000000e+02, 2.845721e+01
1.000000e+02, 2.841021e+01
1.000000e+02, 2.836389e+01
1.000000e+02, 2.831827e+01
1.000000e+02, 2.827335e+01
1.000000e+02, 2.822911e+01
1.000000e+02, 2.818557e+01
1.000000e+02, 2.814272e+01
1.000000e+02, 2.810056e+01
1.000000e+02, 2.805909e+01
1.000000e+02, 2.801831e+01
1.000000e+02, 2.797822e+01
1.000000e+02, 2.793882e+01
1.000000e+02, 2.790011e+01
1.000000e+02, 2.786208e+01
1.000000e+02, 2.782474e+01
1.000000e+02, 2.778809e+01
1.000000e+02, 2.775213e+01
1.000000e+02, 2.771685e+01
1.000000e+02, 2.768225e+01
1.000000e+02, 2.764835e+01
1.000000e+02, 2.761512e+01
1.000000e+02, 2.758258e+01
1.000000e+02, 2.755073e+01
1.000000e+02, 2.751956e+01
1.000000e+02, 2.748907e+01
1.000000e+02, 2.745926e+01
1.000000e+02, 2.743014e+01
1.000000e+02, 2.740170e+01
1.000000e+02, 2.737394e+01
1.000000e+02, 2.734686e+01
1.000000e+02, 2.732047e+01
1.000000e+02, 2.729475e+01
1.000000e+02, 2.726971e+01
1.000000e+02, 2.724536e+01
1.000000e+02, 2.722168e+01
1.000000e+02, 2.719869e+01
1.000000e+02, 2.717637e+01
1.000000e+02, 2.715473e+01
1.000000e+02, 2.713378e+01
1.000000e+02, 2.711350e+01
1.000000e+02, 2.709389e+01
1.000000e+02, 2.707497e+01
1.000000e+02, 2.705673e+01
1.000000e+02, 2.703916e+01
1.000000e+02, 2.702227e+01
1.000000e+02, 2.700605e+01
1.000000e+02, 2.699052e+01
1.000000e+02, 2.697566e+01
1.000000e+02, 2.696147e+01
1.000000e+02, 2.694797e+01
1.000000e+02, 2.693514e+01
1.000000e+02, 2.692298e+01
1.000000e+02, 2.691150e+01
1.000000e+02, 2.690070e+01
1.000000e+02, 2.689058e+01
1.000000e+02, 2.688113e+01
1.000000e+02, 2.687235e+01
1.000000e+02, 2.686425e+01
1.000000e+02, 2.685683e+01
1.000000e+02, 2.685008e+01
1.000000e+02, 2.684400e+01
1.000000e+02, 2.683860e+01
1.000000e+02, 2.683388e+01
1.000000e+02, 2.682983e+01
1.000000e+02, 2.682646e+01
1.000000e+02, 2.682376e+01
1.000000e+02, 2.682173e+01
1.000000e+02, 2.682038e+01
1.000000e+02, 2.681971e+01
1.000000e+02, 2.681971e+01
1.000000e+02, 2.682038e+01
1.000000e+02, 2.682173e+01
1.000000e+02, 2.682376e+01
1.000000e+02, 2.682646e+01
1.000000e+02, 2.682983e+01
1.000000e+02, 2.683388e+01
1.000000e+02, 2.683860e+01
1.000000e+02, 2.684400e+01
1.000000e+02, 2.685008e+01
1.000000e+02, 2.685683e+01
1.000000e+02, 2.686425e+01
1.000000e+02, 2.687235e+01
1.000000e+02, 2.688113e+01
1.000000e+02, 2.689058e+01
1.000000e+02, 2.690070e+01
1.000000e+02, 2.691150e+01
1.000000e+02, 2.692298e+01
1.000000e+02, 2.693514e+01
1.000000e+02, 2.694797e+01
1.000000e+02, 2.696147e+01
1.000000e+02, 2.697566e+01
1.000000e+02, 2.699052e+01
1.000000e+02, 2.700605e+01
1.000000e+02, 2.702227e+01
1.000000e+02, 2.703916e+01
1.000000e+02, 2.705673e+01
1.000000e+02, 2.707497e+01
1.000000e+02, 2.709389e+01
1.000000e+02, 2.711350e+01
1.000000e+02, 2.713378e+01
1.000000e+02, 2.715473e+01
1.000000e+02, 2.717637e+01
1.000000e+02, 2.719869e+01
1.000000e+02, 2.722168e+01
1.000000e+02, 2.724536e+01
1.000000e+02, 2.726971e+01
1.000000e+02, 2.729475e+01
1.000000e+02, 2.732047e+01
1.000000e+02, 2.734686e+01
1.000000e+02, 2.737394e+01
1.000000e+02, 2.740170e+01
1.000000e+02, 2.743014e+01
1.000000e+02, 2.745926e+01
1.000000e+02, 2.748907e+01
1.000000e+02, 2.751956e+01
1.000000e+02, 2.755073e+01
1.000000e+02, 2.758258e+01
1.000000e+02, 2.761512e+01
1.000000e+02, 2.764835e+01
1.000000e+02, 2.768225e+01
1.000000e+02, 2.771685e+01
1.000000e+02, 2.775213e+01
1.000000e+02, 2.778809e+01
1.000000e+02, 2.782474e+01
1.000000e+02, 2.786208e+01
1.000000e+02, 2.790011e+01
1.000000e+02, 2.793882e+01
1.000000e+02, 2.797822e+01
1.000000e+02, 2.801831e+01
1.000000e+02, 2.805909e+01
1.000000e+02, 2.810056e+01
1.000000e+02, 2.814272e+01
1.000000e+02, 2.818557e+01
1.000000e+02, 2.822911e+01
1.000000e+02, 2.827335e+01
1.000000e+02, 2.831827e+01
1.000000e+02, 2.836389e+01
1.000000e+02, 2.841021e+01
1.000000e+02, 2.845721e+01
1.000000e+02, 2.850491e+01
1.000000e+02, 2.855331e+01
1.000000e+02, 2.860240e+01
1.000000e+02, 2.865219e+01
1.000000e+02, 2.870268e+01
1.000000e+02, 2.875386e+01
1.000000e+02, 2.880575e+01
1.000000e+02, 2.885833e+01
1.000000e+02, 2.891161e+01
1.000000e+02, 2.896559e+01
1.000000e+02, 2.902027e+01
1.000000e+02, 2.907565e+01
1.000000e+02, 2.913174e+01
1.000000e+02, 2.918853e+01
1.000000e+02, 2.924602e+01
1.000000e+02, 2.930422e+01
1.000000e+02, 2.936312e+01
1.000000e+02, 2.942273e+01
1.000000e+02, 2.948305e+01
1.000000e+02, 2.954407e+01
1.000000e+02, 2.960580e+01
1.000000e+02, 2.966824e+01
1.000000e+02, 2.973139e+01
1.000000e+02, 2.979525e+01
1.000000e+02, 2.985983e+01
1.000000e+02, 2.992511e+01
1.000000e+02, 2.999111e+01
1.000000e+02, 3.005782e+01
1.000000e+02, 3.012525e+01
1.000000e+02, 3.019339e+01
1.000000e+02, 3.026225e+01
1.000000e+02, 3.033183e+01
1.000000e+02, 3.040212e+01
1.000000e+02, 3.047314e+01
1.000000e+02, 3.054487e+01
1.000000e+02, 3.061733e+01
1.000000e+02, 3.069051e+01
1.000000e+02, 3.076441e+01
1.000000e+02, 3.083903e+01
1.000000e+02, 3.091438e+01
1.000000e+02, 3.099046e+01
1.000000e+02, 3.106726e+01
1.000000e+02, 3.114479e+01
1.000000e+02, 3.122305e+01
1.000000e+02, 3.130204e+01
1.000000e+02, 3.138176e+01
1.000000e+02, 3.146222e+01
1.000000e+02, 3.154340e+01
1.000000e+02, 3.162532e+01
1.000000e+02, 3.170798e+01
1.000000e+02, 3.179137e+01
1.000000e+02, 3.187550e+01
1.000000e+02, 3.196037e+01
1.000000e+02, 3.204598e+01
1.000000e+02, 3.213233e+01
1.000000e+02, 3.221942e+01
1.000000e+02, 3.230726e+01
1.000000e+02, 3.239584e+01
1.000000e+02, 3.248516e+01
1.000000e+02, 3.257524e+01
1.000000e+02, 3.266606e+01
1.000000e+02, 3.275763e+01
1.000000e+02, 3.284995e+01
1.000000e+02, 3.294302e+01
1.000000e+02, 3.303685e+01
1.000000e+02, 3.313143e+01
1.000000e+02, 3.322677e+01
1.000000e+02, 3.332286e+01
1.000000e+02, 3.341972e+01
1.000000e+02, 3.351733e+01
1.000000e+02, 3.361570e+01
1.000000e+02, 3.371484e+01
1.000000e+02, 3.381474e+01
1.000000e+02, 3.391540e+01
1.000000e+02, 3.401684e+01
1.000000e+02, 3.411904e+01
1.000000e+02, 3.422201e+01
1.000000e+02, 3.432575e+01
1.000000e+02, 3.443027e+01
1.000000e+02, 3.453556e+01
1.000000e+02, 3.464162e+01
1.000000e+02, 3.474846e+01
1.000000e+02, 3.485608e+01
1.000000e+02, 3.496448e+01
1.000000e+02, 3.507366e+01
1.000000e+02, 3.518363e+01
1.000000e+02, 3.529438e+01
1.000000e+02, 3.540592e+01
1.000000e+02, 3.551825e+01
1.000000e+02, 3.563136e+01
1.000000e+02, 3.574527e+01
1.000000e+02, 3.585997e+01
1.000000e+02, 3.597546e+01
1.000000e+02, 3.609176e+01
1.000000e+02, 3.620885e+01
1.000000e+02, 3.632674e+01
1.000000e+02, 3.644543e+01
1.000000e+02, 3.656493e+01
1.000000e+02, 3.668523e+01
1.000000e+02, 3.680634e+01
1.000000e+02, 3.692826e+01
1.000000e+02, 3.705099e+01
1.000000e+02, 3.717453e+01
1.000000e+02, 3.729889e+01
1.000000e+02, 3.742406e+01
1.000000e+02, 3.755005e+01
1.000000e+02, 3.767687e+01
1.000000e+02, 3.780450e+01
1.000000e+02, 3.793296e+01
1.000000e+02, 3.806225e+01
1.000000e+02, 3.819236e+01
1.000000e+02, 3.832331e+01
1.000000e+02, 3.845509e+01
1.000000e+02, 3.858770e+01
1.000000e+02, 3.872115e+01
1.000000e+02, 3.885544e+01
1.000000e+02, 3.899057e+01
1.000000e+02, 3.912654e+01
1.000000e+02, 3.926336e+01
1.000000e+02, 3.940102e+01
1.000000e+02, 3.953954e+01
1.000000e+02, 3.967890e+01
1.000000e+02, 3.981913e+01
1.000000e+02, 3.996020e+01
1.000000e+02, 4.010214e+01
1.000000e+02, 4.024494e+01
1.000000e+02, 4.038860e+01
1.000000e+02, 4.053313e+01
1.000000e+02, 4.067853e+01
1.000000e+02, 4.082479e+01
1.000000e+02, 4.097193e+01
1.000000e+02, 4.111995e+01
1.000000e+02, 4.126885e+01
1.000000e+02, 4.141862e+01
1.000000e+02, 4.156928e+01
1.000000e+02, 4.172082e+01
1.000000e+02, 4.187326e+01
1.000000e+02, 4.202658e+01
1.000000e+02, 4.218080e+01
1.000000e+02, 4.233591e+01
1.000000e+02, 4.249193e+01
1.000000e+02, 4.264884e+01
1.000000e+02, 4.280666e+01
1.000000e+02, 4.296539e+01
1.000000e+02, 4.312503e+01
1.000000e+02, 4.328558e+01
1.000000e+02, 4.344705e+01
1.000000e+02, 4.360943e+01
1.000000e+02, 4.377274e+01
1.000000e+02, 4.393697e+01
1.000000e+02, 4.410213e+01
1.000000e+02, 4.426822e+01
1.000000e+02, 4.443525e+01
1.000000e+02, 4.460321e+01
1.000000e+02, 4.477211e+01
1.000000e+02, 4.494196e+01
1.000000e+02, 4.511275e+01
1.000000e+02, 4.528449e+01
1.000000e+02, 4.545718e+01
1.000000e+02, 4.563083e+01
1.000000e+02, 4.580543e+01
1.000000e+02, 4.598100e+01
1.000000e+02, 4.615754e+01
1.000000e+02, 4.633505e+01
1.000000e+02, 4.651352e+01
1.000000e+02, 4.669298e+01
1.000000e+02, 4.687341e+01
1.000000e+02, 4.705483e+01
1.000000e+02, 4.723723e+01
1.000000e+02, 4.742063e+01
1.000000e+02, 4.760502e+01
1.000000e+02, 4.779040e+01
1.000000e+02, 4.797679e+01
1.000000e+02, 4.816419e+01
1.000000e+02, 4.835259e+01
1.000000e+02, 4.854200e+01
1.000000e+02, 4.873243e+01
1.000000e+02, 4.892389e+01
1.000000e+02, 4.911637e+01
1.000000e+02, 4.930987e+01
1.000000e+02, 4.950441e+01
1.000000e+02, 4.969999e+01
1.000000e+02, 4.989660e+01
1.000000e+02, 5.009427e+01
1.000000e+02, 5.029298e+01
1.000000e+02, 5.049274e+01
1.000000e+02, 5.069357e+01
1.000000e+02, 5.089545e+01
1.000000e+02, 5.109840e+01
1.000000e+02, 5.130243e+01
1.000000e+02, 5.150753e+01
1.000000e+02, 5.171371e+01
1.000000e+02, 5.192097e+01
1.000000e+02, 5.212933e+01
1.000000e+02, 5.233877e+01
1.000000e+02, 5.254932e+01
1.000000e+02, 5.276097e+01
1.000000e+02, 5.297373e+01
1.000000e+02, 5.318761e+01
1.000000e+02, 5.340260e+01
1.000000e+02, 5.361872e+01
1.000000e+02, 5.383596e+01
1.000000e+02, 5.405434e+01
1.000000e+02, 5.427386e+01
1.000000e+02, 5.449452e+01
1.000000e+02, 5.471634e+01
1.000000e+02, 5.493930e+01
1.000000e+02, 5.516343e+01
1.000000e+02, 5.538873e+01
1.000000e+02, 5.561519e+01
1.000000e+02, 5.584284e+01
1.000000e+02, 5.607166e+01
1.000000e+02, 5.630168e+01
1.000000e+02, 5.653289e+01
1.000000e+02, 5.676530e+01
1.000000e+02, 5.699892e+01
1.000000e+02, 5.723375e+01
1.000000e+02, 5.746980e+01
1.000000e+02, 5.770707e+01
1.000000e+02, 5.794557e+01
1.000000e+02, 5.818532e+01
1.000000e+02, 5.842630e+01
1.000000e+02, 5.866854e+01
1.000000e+02, 5.891203e+01
1.000000e+02, 5.915679e+01
1.000000e+02, 5.940282e+01
1.000000e+02, 5.965013e+01
1.000000e+02, 5.989872e+01
1.000000e+02, 6.014860e+01
1.000000e+02, 6.039978e+01
1.000000e+02, 6.065226e+01
1.000000e+02, 6.090606e+01
1.000000e+02, 6.116118e+01
1.000000e+02, 6.141763e+01
1.000000e+02, 6.167541e+01
1.000000e+02, 6.193453e+01
1.000000e+02, 6.219501e+01
1.000000e+02, 6.245684e+01
1.000000e+02, 6.272004e+01
1.000000e+02, 6.298462e+01
1.000000e+02, 6.325057e+01
1.000000e+02, 6.351792e+01
1.000000e+02, 6.378667e+01
1.000000e+02, 6.405683e+01
1.000000e+02, 6.432840e+01
1.000000e+02, 6.460139e+01
1.000000e+02, 6.487583e+01
1.000000e+02, 6.515170e+01
1.000000e+02, 6.542903e+01
1.000000e+02, 6.570781e+01
1.000000e+02, 6.598807e+01
1.000000e+02, 6.626981e+01
1.000000e+02, 6.655304e+01
1.000000e+02, 6.683776e+01
1.000000e+02, 6.712400e+01
1.000000e+02, 6.741175e+01
1.000000e+02, 6.770104e+01
1.000000e+02, 6.799186e+01
1.000000e+02, 6.828424e+01
1.000000e+02, 6.857818e+01
1.000000e+02, 6.887368e+01
1.000000e+02, 6.917077e+01
1.000000e+02, 6.946946e+01
1.000000e+02, 6.976974e+01
1.000000e+02, 7.007165e+01
1.000000e+02, 7.037518e+01
1.000000e+02, 7.068035e+01
1.000000e+02, 7.098717e+01
1.000000e+02, 7.129566e+01
1.000000e+02, 7.160582e+01
1.000000e+02, 7.191767e+01
1.000000e+02, 7.223122e+01
1.000000e+02, 7.254649e+01
1.000000e+02, 7.286348e+01
1.000000e+02, 7.318221e+01
1.000000e+02, 7.350270e+01
1.000000e+02, 7.382495e+01
1.000000e+02, 7.414899e+01
1.000000e+02, 7.447482e+01
1.000000e+02, 7.480246e+01
1.000000e+02, 7.513192e+01
1.000000e+02, 7.546323e+01
1.000000e+02, 7.579638e+01
1.000000e+02, 7.613141e+01
1.000000e+02, 7.646832e+01
1.000000e+02, 7.680714e+01
1.000000e+02, 7.714787e+01
1.000000e+02, 7.749054e+01
1.000000e+02, 7.783515e+01
1.000000e+02, 7.818174e+01
1.000000e+02, 7.853030e+01
1.000000e+02, 7.888087e+01
1.000000e+02, 7.923347e+01
1.000000e+02, 7.958809e+01
1.000000e+02, 7.994478e+01
1.000000e+02, 8.030354e+01
1.000000e+02, 8.066440e+01
1.000000e+02, 8.102737e+01
1.000000e+02, 8.139248e+01
1.000000e+02, 8.175974e+01
1.000000e+02, 8.212918e+01
1.000000e+02, 8.250081e+01
1.000000e+02, 8.287467e+01
1.000000e+02, 8.325076e+01
1.000000e+02, 8.362911e+01
1.000000e+02, 8.400975e+01
1.000000e+02, 8.439270e+01
1.000000e+02, 8.477798e+01
1.000000e+02, 8.516562e+01
1.000000e+02, 8.555564e+01
1.000000e+02, 8.594806e+01
1.000000e+02, 8.634292e+01
1.000000e+02, 8.674023e+01
1.000000e+02, 8.714003e+01
1.000000e+02, 8.754234e+01
1.000000e+02, 8.794719e+01
1.000000e+02, 8.835460e+01
1.000000e+02, 8.876462e+01
1.000000e+02, 8.917726e+01
1.000000e+02, 8.959256e+01
1.000000e+02, 9.001054e+01
1.000000e+02, 9.043125e+01
1.000000e+02, 9.085470e+01
1.000000e+02, 9.128095e+01
1.000000e+02, 9.171001e+01
1.000000e+02, 9.214192e+01
1.000000e+02, 9.257673e+01
1.000000e+02, 9.301446e+01
1.000000e+02, 9.345515e+01
1.000000e+02, 9.389884e+01
1.000000e+02, 9.434557e+01
1.000000e+02, 9.479538e+01
1.000000e+02, 9.524831e+01
1.000000e+02, 9.570441e+01
1.000000e+02, 9.616371e+01
1.000000e+02, 9.662626e+01
1.000000e+02, 9.709210e+01
1.000000e+02, 9.756128e+01
1.000000e+02, 9.803386e+01
1.000000e+02, 9.850987e+01
1.000000e+02, 9.898936e+01
1.000000e+02, 9.947240e+01
1.000000e+02, 9.995903e+01
1.000000e+02, 1.004493e+02
1.000000e+02, 1.009433e+02
1.000000e+02, 1.014410e+02
1.000000e+02, 1.019426e+02
1.000000e+02, 1.024480e+02
1.000000e+02, 1.029574e+02
1.000000e+02, 1.034708e+02
1.000000e+02, 1.039882e+02
1.000000e+02, 1.045098e+02
1.000000e+02, 1.050356e+02
1.000000e+02, 1.055657e+02
1.000000e+02, 1.061002e+02
1.000000e+02, 1.066391e+02
1.000000e+02, 1.071825e+02
1.000000e+02, 1.077305e+02
1.000000e+02, 1.082832e+02
1.000000e+02, 1.088407e+02
1.000000e+02, 1.094030e+02
1.000000e+02, 1.099703e+02
1.000000e+02, 1.105427e+02
1.000000e+02, 1.111202e+02
1.000000e+02, 1.117029e+02
1.000000e+02, 1.122911e+02
1.000000e+02, 1.128847e+02
1.000000e+02, 1.134840e+02
1.000000e+02, 1.140889e+02
1.000000e+02, 1.146997e+02
1.000000e+02, 1.153165e+02
1.000000e+02, 1.159394e+02
1.000000e+02, 1.165686e+02
1.000000e+02, 1.172042e+02
1.000000e+02, 1.178464e+02
1.000000e+02, 1.184952e+02
1.000000e+02, 1.191510e+02
1.000000e+02, 1.198138e+02
1.000000e+02, 1.204839e+02
1.000000e+02, 1.211615e+02
1.000000e+02, 1.218467e+02
1.000000e+02, 1.225397e+02
1.000000e+02, 1.232409e+02
1.000000e+02, 1.239503e+02
1.000000e+02, 1.246683e+02
1.000000e+02, 1.253952e+02
1.000000e+02, 1.261311e+02
1.000000e+02, 1.268764e+02
1.000000e+02, 1.276314e+02
1.000000e+02, 1.283963e+02
1.000000e+02, 1.291717e+02
1.000000e+02, 1.299577e+02
1.000000e+02, 1.307548e+02
1.000000e+02, 1.315634e+02
1.000000e+02, 1.323839e+02
1.000000e+02, 1.332168e+02
1.000000e+02, 1.340626e+02
1.000000e+02, 1.349217e+02
1.000000e+02, 1.357949e+02
1.000000e+02, 1.366826e+02
1.000000e+02, 1.375855e+02
1.000000e+02, 1.385044e+02
1.000000e+02, 1.394400e+02
1.000000e+02, 1.403931e+02
1.000000e+02, 1.413646e+02
1.000000e+02, 1.423556e+02
1.000000e+02, 1.433671e+02
1.000000e+02, 1.444002e+02
1.000000e+02, 1.454564e+02
1.000000e+02, 1.465370e+02
1.000000e+02, 1.476436e+02
1.000000e+02, 1.487782e+02
1.000000e+02, 1.499426e+02
1.000000e+02, 1.511391e+02
1.000000e+02, 1.523705e+02
1.000000e+02, 1.536395e+02
1.000000e+02, 1.549497e+02
1.000000e+02, 1.563051e+02
1.000000e+02, 1.577104e+02
1.000000e+02, 1.591711e+02
1.000000e+02, 1.606940e+02
1.000000e+02, 1.622873e+02
1.000000e+02, 1.639612e+02
1.000000e+02, 1.657289e+02
1.000000e+02, 1.676074e+02
1.000000e+02, 1.696197e+02
1.000000e+02, 1.717983e+02
1.000000e+02, 1.741915e+02
1.000000e+02, 1.768777e+02
1.000000e+02, 1.800000e+02
##END= 