##TITLE= /opt/topspin3.0/exp/stan/nmr/lists/wave/user/HypSec_trunc2.84_110
##JCAMP-DX= 5.00 Bruker JCAMP library
##DATA TYPE= Shape Data
##ORIGIN= Bruker BioSpin GmbH
##OWNER= <nmrsu>
##DATE= 15/02/24
##TIME= 16:15:04
##MINX= 1.164538e+01
##MAXX= 9.999960e+01
##MINY= 2.546774e-02
##MAXY= 3.585574e+02
##$SHAPE_EXMODE= Adiabatic
##$SHAPE_TOTROT= 1.800000e+02
##$SHAPE_BWFAC= 1.929340e+02
##$SHAPE_INTEGFAC= 2.356110e-02
##$SHAPE_MODE= 0
##NPOINTS= 1000
##XYPOINTS= (XY..XY)
1.000000e+02, 1.800000e+02
1.000000e+02, 1.775753e+02
1.000000e+02, 1.754892e+02
1.000000e+02, 1.736306e+02
1.000000e+02, 1.719387e+02
1.000000e+02, 1.703759e+02
1.000000e+02, 1.689171e+02
1.000000e+02, 1.675443e+02
1.000000e+02, 1.662444e+02
1.000000e+02, 1.650070e+02
1.000000e+02, 1.638244e+02
1.000000e+02, 1.626900e+02
1.000000e+02, 1.615987e+02
1.000000e+02, 1.605461e+02
1.000000e+02, 1.595286e+02
1.000000e+02, 1.585430e+02
1.000000e+02, 1.575868e+02
1.000000e+02, 1.566575e+02
1.000000e+02, 1.557533e+02
1.000000e+02, 1.548722e+02
1.000000e+02, 1.540128e+02
1.000000e+02, 1.531736e+02
1.000000e+02, 1.523534e+02
1.000000e+02, 1.515510e+02
1.000000e+02, 1.507655e+02
1.000000e+02, 1.499959e+02
1.000000e+02, 1.492414e+02
1.000000e+02, 1.485012e+02
1.000000e+02, 1.477747e+02
1.000000e+02, 1.470611e+02
1.000000e+02, 1.463599e+02
1.000000e+02, 1.456705e+02
1.000000e+02, 1.449924e+02
1.000000e+02, 1.443252e+02
1.000000e+02, 1.436684e+02
1.000000e+02, 1.430215e+02
1.000000e+02, 1.423843e+02
1.000000e+02, 1.417564e+02
1.000000e+02, 1.411374e+02
1.000000e+02, 1.405269e+02
1.000000e+02, 1.399248e+02
1.000000e+02, 1.393307e+02
1.000000e+02, 1.387444e+02
1.000000e+02, 1.381656e+02
1.000000e+02, 1.375941e+02
1.000000e+02, 1.370297e+02
1.000000e+02, 1.364721e+02
1.000000e+02, 1.359211e+02
1.000000e+02, 1.353766e+02
1.000000e+02, 1.348384e+02
1.000000e+02, 1.343063e+02
1.000000e+02, 1.337801e+02
1.000000e+02, 1.332597e+02
1.000000e+02, 1.327449e+02
1.000000e+02, 1.322357e+02
1.000000e+02, 1.317317e+02
1.000000e+02, 1.312331e+02
1.000000e+02, 1.307395e+02
1.000000e+02, 1.302508e+02
1.000000e+02, 1.297671e+02
1.000000e+02, 1.292881e+02
1.000000e+02, 1.288137e+02
1.000000e+02, 1.283439e+02
1.000000e+02, 1.278786e+02
1.000000e+02, 1.274175e+02
1.000000e+02, 1.269608e+02
1.000000e+02, 1.265082e+02
1.000000e+02, 1.260597e+02
1.000000e+02, 1.256152e+02
1.000000e+02, 1.251747e+02
1.000000e+02, 1.247380e+02
1.000000e+02, 1.243050e+02
1.000000e+02, 1.238758e+02
1.000000e+02, 1.234502e+02
1.000000e+02, 1.230282e+02
1.000000e+02, 1.226097e+02
1.000000e+02, 1.221947e+02
1.000000e+02, 1.217830e+02
1.000000e+02, 1.213746e+02
1.000000e+02, 1.209696e+02
1.000000e+02, 1.205677e+02
1.000000e+02, 1.201690e+02
1.000000e+02, 1.197734e+02
1.000000e+02, 1.193809e+02
1.000000e+02, 1.189914e+02
1.000000e+02, 1.186049e+02
1.000000e+02, 1.182213e+02
1.000000e+02, 1.178405e+02
1.000000e+02, 1.174626e+02
1.000000e+02, 1.170875e+02
1.000000e+02, 1.167151e+02
1.000000e+02, 1.163454e+02
1.000000e+02, 1.159784e+02
1.000000e+02, 1.156141e+02
1.000000e+02, 1.152523e+02
1.000000e+02, 1.148931e+02
1.000000e+02, 1.145364e+02
1.000000e+02, 1.141822e+02
1.000000e+02, 1.138305e+02
1.000000e+02, 1.134811e+02
1.000000e+02, 1.131342e+02
1.000000e+02, 1.127896e+02
1.000000e+02, 1.124474e+02
1.000000e+02, 1.121075e+02
1.000000e+02, 1.117698e+02
1.000000e+02, 1.114344e+02
1.000000e+02, 1.111012e+02
1.000000e+02, 1.107701e+02
1.000000e+02, 1.104413e+02
1.000000e+02, 1.101146e+02
1.000000e+02, 1.097900e+02
1.000000e+02, 1.094674e+02
1.000000e+02, 1.091470e+02
1.000000e+02, 1.088286e+02
1.000000e+02, 1.085122e+02
1.000000e+02, 1.081978e+02
1.000000e+02, 1.078853e+02
1.000000e+02, 1.075749e+02
1.000000e+02, 1.072663e+02
1.000000e+02, 1.069597e+02
1.000000e+02, 1.066549e+02
1.000000e+02, 1.063520e+02
1.000000e+02, 1.060510e+02
1.000000e+02, 1.057518e+02
1.000000e+02, 1.054544e+02
1.000000e+02, 1.051588e+02
1.000000e+02, 1.048650e+02
1.000000e+02, 1.045729e+02
1.000000e+02, 1.042825e+02
1.000000e+02, 1.039939e+02
1.000000e+02, 1.037070e+02
1.000000e+02, 1.034218e+02
1.000000e+02, 1.031383e+02
1.000000e+02, 1.028564e+02
1.000000e+02, 1.025762e+02
1.000000e+02, 1.022975e+02
1.000000e+02, 1.020205e+02
1.000000e+02, 1.017451e+02
1.000000e+02, 1.014713e+02
1.000000e+02, 1.011991e+02
1.000000e+02, 1.009284e+02
1.000000e+02, 1.006592e+02
1.000000e+02, 1.003916e+02
1.000000e+02, 1.001255e+02
1.000000e+02, 9.986086e+01
1.000000e+02, 9.959774e+01
1.000000e+02, 9.933610e+01
1.000000e+02, 9.907591e+01
1.000000e+02, 9.881719e+01
1.000000e+02, 9.855990e+01
1.000000e+02, 9.830404e+01
1.000000e+02, 9.804959e+01
1.000000e+02, 9.779655e+01
1.000000e+02, 9.754491e+01
1.000000e+02, 9.729465e+01
1.000000e+02, 9.704576e+01
1.000000e+02, 9.679823e+01
1.000000e+02, 9.655206e+01
1.000000e+02, 9.630723e+01
1.000000e+02, 9.606372e+01
1.000000e+02, 9.582154e+01
1.000000e+02, 9.558067e+01
1.000000e+02, 9.534110e+01
1.000000e+02, 9.510282e+01
1.000000e+02, 9.486583e+01
1.000000e+02, 9.463011e+01
1.000000e+02, 9.439565e+01
1.000000e+02, 9.416245e+01
1.000000e+02, 9.393049e+01
1.000000e+02, 9.369977e+01
1.000000e+02, 9.347028e+01
1.000000e+02, 9.324201e+01
1.000000e+02, 9.301496e+01
1.000000e+02, 9.278910e+01
1.000000e+02, 9.256445e+01
1.000000e+02, 9.234098e+01
1.000000e+02, 9.211869e+01
1.000000e+02, 9.189757e+01
1.000000e+02, 9.167762e+01
1.000000e+02, 9.145882e+01
1.000000e+02, 9.124117e+01
1.000000e+02, 9.102467e+01
1.000000e+02, 9.080930e+01
1.000000e+02, 9.059505e+01
1.000000e+02, 9.038193e+01
1.000000e+02, 9.016992e+01
1.000000e+02, 8.995902e+01
1.000000e+02, 8.974922e+01
1.000000e+02, 8.954051e+01
1.000000e+02, 8.933289e+01
1.000000e+02, 8.912635e+01
1.000000e+02, 8.892088e+01
1.000000e+02, 8.871648e+01
1.000000e+02, 8.851314e+01
1.000000e+02, 8.831086e+01
1.000000e+02, 8.810963e+01
1.000000e+02, 8.790943e+01
1.000000e+02, 8.771028e+01
1.000000e+02, 8.751215e+01
1.000000e+02, 8.731506e+01
1.000000e+02, 8.711898e+01
1.000000e+02, 8.692391e+01
1.000000e+02, 8.672985e+01
1.000000e+02, 8.653680e+01
1.000000e+02, 8.634474e+01
1.000000e+02, 8.615368e+01
1.000000e+02, 8.596360e+01
1.000000e+02, 8.577450e+01
1.000000e+02, 8.558638e+01
1.000000e+02, 8.539923e+01
1.000000e+02, 8.521305e+01
1.000000e+02, 8.502783e+01
1.000000e+02, 8.484356e+01
1.000000e+02, 8.466025e+01
1.000000e+02, 8.447788e+01
1.000000e+02, 8.429646e+01
1.000000e+02, 8.411597e+01
1.000000e+02, 8.393641e+01
1.000000e+02, 8.375778e+01
1.000000e+02, 8.358007e+01
1.000000e+02, 8.340329e+01
1.000000e+02, 8.322741e+01
1.000000e+02, 8.305245e+01
1.000000e+02, 8.287839e+01
1.000000e+02, 8.270524e+01
1.000000e+02, 8.253298e+01
1.000000e+02, 8.236161e+01
1.000000e+02, 8.219114e+01
1.000000e+02, 8.202155e+01
1.000000e+02, 8.185283e+01
1.000000e+02, 8.168500e+01
1.000000e+02, 8.151804e+01
1.000000e+02, 8.135194e+01
1.000000e+02, 8.118671e+01
1.000000e+02, 8.102235e+01
1.000000e+02, 8.085884e+01
1.000000e+02, 8.069618e+01
1.000000e+02, 8.053437e+01
1.000000e+02, 8.037341e+01
1.000000e+02, 8.021329e+01
1.000000e+02, 8.005401e+01
1.000000e+02, 7.989557e+01
1.000000e+02, 7.973796e+01
1.000000e+02, 7.958117e+01
1.000000e+02, 7.942521e+01
1.000000e+02, 7.927008e+01
1.000000e+02, 7.911576e+01
1.000000e+02, 7.896226e+01
1.000000e+02, 7.880956e+01
1.000000e+02, 7.865768e+01
1.000000e+02, 7.850660e+01
1.000000e+02, 7.835633e+01
1.000000e+02, 7.820685e+01
1.000000e+02, 7.805817e+01
1.000000e+02, 7.791028e+01
1.000000e+02, 7.776318e+01
1.000000e+02, 7.761687e+01
1.000000e+02, 7.747134e+01
1.000000e+02, 7.732659e+01
1.000000e+02, 7.718262e+01
1.000000e+02, 7.703942e+01
1.000000e+02, 7.689700e+01
1.000000e+02, 7.675535e+01
1.000000e+02, 7.661446e+01
1.000000e+02, 7.647433e+01
1.000000e+02, 7.633497e+01
1.000000e+02, 7.619636e+01
1.000000e+02, 7.605851e+01
1.000000e+02, 7.592142e+01
1.000000e+02, 7.578507e+01
1.000000e+02, 7.564947e+01
1.000000e+02, 7.551462e+01
1.000000e+02, 7.538050e+01
1.000000e+02, 7.524713e+01
1.000000e+02, 7.511450e+01
1.000000e+02, 7.498260e+01
1.000000e+02, 7.485143e+01
1.000000e+02, 7.472099e+01
1.000000e+02, 7.459128e+01
1.000000e+02, 7.446229e+01
1.000000e+02, 7.433403e+01
1.000000e+02, 7.420649e+01
1.000000e+02, 7.407967e+01
1.000000e+02, 7.395356e+01
1.000000e+02, 7.382816e+01
1.000000e+02, 7.370348e+01
1.000000e+02, 7.357951e+01
1.000000e+02, 7.345624e+01
1.000000e+02, 7.333368e+01
1.000000e+02, 7.321182e+01
1.000000e+02, 7.309066e+01
1.000000e+02, 7.297020e+01
1.000000e+02, 7.285043e+01
1.000000e+02, 7.273136e+01
1.000000e+02, 7.261298e+01
1.000000e+02, 7.249529e+01
1.000000e+02, 7.237829e+01
1.000000e+02, 7.226198e+01
1.000000e+02, 7.214634e+01
1.000000e+02, 7.203140e+01
1.000000e+02, 7.191713e+01
1.000000e+02, 7.180354e+01
1.000000e+02, 7.169062e+01
1.000000e+02, 7.157838e+01
1.000000e+02, 7.146681e+01
1.000000e+02, 7.135592e+01
1.000000e+02, 7.124569e+01
1.000000e+02, 7.113613e+01
1.000000e+02, 7.102723e+01
1.000000e+02, 7.091900e+01
1.000000e+02, 7.081143e+01
1.000000e+02, 7.070452e+01
1.000000e+02, 7.059827e+01
1.000000e+02, 7.049267e+01
1.000000e+02, 7.038773e+01
1.000000e+02, 7.028344e+01
1.000000e+02, 7.017981e+01
1.000000e+02, 7.007682e+01
1.000000e+02, 6.997448e+01
1.000000e+02, 6.987279e+01
1.000000e+02, 6.977174e+01
1.000000e+02, 6.967134e+01
1.000000e+02, 6.957158e+01
1.000000e+02, 6.947246e+01
1.000000e+02, 6.937398e+01
1.000000e+02, 6.927613e+01
1.000000e+02, 6.917892e+01
1.000000e+02, 6.908235e+01
1.000000e+02, 6.898640e+01
1.000000e+02, 6.889109e+01
1.000000e+02, 6.879641e+01
1.000000e+02, 6.870236e+01
1.000000e+02, 6.860893e+01
1.000000e+02, 6.851613e+01
1.000000e+02, 6.842396e+01
1.000000e+02, 6.833240e+01
1.000000e+02, 6.824147e+01
1.000000e+02, 6.815116e+01
1.000000e+02, 6.806147e+01
1.000000e+02, 6.797239e+01
1.000000e+02, 6.788393e+01
1.000000e+02, 6.779608e+01
1.000000e+02, 6.770885e+01
1.000000e+02, 6.762223e+01
1.000000e+02, 6.753622e+01
1.000000e+02, 6.745082e+01
1.000000e+02, 6.736603e+01
1.000000e+02, 6.728185e+01
1.000000e+02, 6.719827e+01
1.000000e+02, 6.711530e+01
1.000000e+02, 6.703293e+01
1.000000e+02, 6.695116e+01
1.000000e+02, 6.687000e+01
1.000000e+02, 6.678943e+01
1.000000e+02, 6.670947e+01
1.000000e+02, 6.663010e+01
1.000000e+02, 6.655132e+01
1.000000e+02, 6.647315e+01
1.000000e+02, 6.639557e+01
1.000000e+02, 6.631858e+01
1.000000e+02, 6.624218e+01
1.000000e+02, 6.616637e+01
1.000000e+02, 6.609116e+01
1.000000e+02, 6.601653e+01
1.000000e+02, 6.594249e+01
1.000000e+02, 6.586904e+01
1.000000e+02, 6.579618e+01
1.000000e+02, 6.572390e+01
1.000000e+02, 6.565220e+01
1.000000e+02, 6.558109e+01
1.000000e+02, 6.551056e+01
1.000000e+02, 6.544061e+01
1.000000e+02, 6.537124e+01
1.000000e+02, 6.530244e+01
1.000000e+02, 6.523423e+01
1.000000e+02, 6.516660e+01
1.000000e+02, 6.509954e+01
1.000000e+02, 6.503305e+01
1.000000e+02, 6.496714e+01
1.000000e+02, 6.490181e+01
1.000000e+02, 6.483705e+01
1.000000e+02, 6.477286e+01
1.000000e+02, 6.470924e+01
1.000000e+02, 6.464619e+01
1.000000e+02, 6.458371e+01
1.000000e+02, 6.452180e+01
1.000000e+02, 6.446045e+01
1.000000e+02, 6.439968e+01
1.000000e+02, 6.433947e+01
1.000000e+02, 6.427982e+01
1.000000e+02, 6.422074e+01
1.000000e+02, 6.416223e+01
1.000000e+02, 6.410427e+01
1.000000e+02, 6.404688e+01
1.000000e+02, 6.399005e+01
1.000000e+02, 6.393378e+01
1.000000e+02, 6.387807e+01
1.000000e+02, 6.382292e+01
1.000000e+02, 6.376833e+01
1.000000e+02, 6.371430e+01
1.000000e+02, 6.366083e+01
1.000000e+02, 6.360791e+01
1.000000e+02, 6.355554e+01
1.000000e+02, 6.350373e+01
1.000000e+02, 6.345248e+01
1.000000e+02, 6.340178e+01
1.000000e+02, 6.335163e+01
1.000000e+02, 6.330204e+01
1.000000e+02, 6.325300e+01
1.000000e+02, 6.320451e+01
1.000000e+02, 6.315657e+01
1.000000e+02, 6.310918e+01
1.000000e+02, 6.306233e+01
1.000000e+02, 6.301604e+01
1.000000e+02, 6.297030e+01
1.000000e+02, 6.292510e+01
1.000000e+02, 6.288045e+01
1.000000e+02, 6.283635e+01
1.000000e+02, 6.279280e+01
1.000000e+02, 6.274978e+01
1.000000e+02, 6.270732e+01
1.000000e+02, 6.266540e+01
1.000000e+02, 6.262402e+01
1.000000e+02, 6.258318e+01
1.000000e+02, 6.254289e+01
1.000000e+02, 6.250314e+01
1.000000e+02, 6.246394e+01
1.000000e+02, 6.242527e+01
1.000000e+02, 6.238715e+01
1.000000e+02, 6.234956e+01
1.000000e+02, 6.231252e+01
1.000000e+02, 6.227601e+01
1.000000e+02, 6.224005e+01
1.000000e+02, 6.220462e+01
1.000000e+02, 6.216973e+01
1.000000e+02, 6.213538e+01
1.000000e+02, 6.210156e+01
1.000000e+02, 6.206828e+01
1.000000e+02, 6.203554e+01
1.000000e+02, 6.200334e+01
1.000000e+02, 6.197167e+01
1.000000e+02, 6.194053e+01
1.000000e+02, 6.190994e+01
1.000000e+02, 6.187987e+01
1.000000e+02, 6.185034e+01
1.000000e+02, 6.182134e+01
1.000000e+02, 6.179288e+01
1.000000e+02, 6.176495e+01
1.000000e+02, 6.173755e+01
1.000000e+02, 6.171069e+01
1.000000e+02, 6.168435e+01
1.000000e+02, 6.165855e+01
1.000000e+02, 6.163328e+01
1.000000e+02, 6.160854e+01
1.000000e+02, 6.158434e+01
1.000000e+02, 6.156066e+01
1.000000e+02, 6.153751e+01
1.000000e+02, 6.151490e+01
1.000000e+02, 6.149281e+01
1.000000e+02, 6.147125e+01
1.000000e+02, 6.145022e+01
1.000000e+02, 6.142972e+01
1.000000e+02, 6.140975e+01
1.000000e+02, 6.139031e+01
1.000000e+02, 6.137140e+01
1.000000e+02, 6.135301e+01
1.000000e+02, 6.133515e+01
1.000000e+02, 6.131782e+01
1.000000e+02, 6.130102e+01
1.000000e+02, 6.128474e+01
1.000000e+02, 6.126899e+01
1.000000e+02, 6.125377e+01
1.000000e+02, 6.123907e+01
1.000000e+02, 6.122490e+01
1.000000e+02, 6.121126e+01
1.000000e+02, 6.119814e+01
1.000000e+02, 6.118555e+01
1.000000e+02, 6.117349e+01
1.000000e+02, 6.116195e+01
1.000000e+02, 6.115093e+01
1.000000e+02, 6.114044e+01
1.000000e+02, 6.113048e+01
1.000000e+02, 6.112104e+01
1.000000e+02, 6.111213e+01
1.000000e+02, 6.110374e+01
1.000000e+02, 6.109587e+01
1.000000e+02, 6.108853e+01
1.000000e+02, 6.108172e+01
1.000000e+02, 6.107543e+01
1.000000e+02, 6.106966e+01
1.000000e+02, 6.106442e+01
1.000000e+02, 6.105970e+01
1.000000e+02, 6.105551e+01
1.000000e+02, 6.105184e+01
1.000000e+02, 6.104870e+01
1.000000e+02, 6.104608e+01
1.000000e+02, 6.104398e+01
1.000000e+02, 6.104241e+01
1.000000e+02, 6.104136e+01
1.000000e+02, 6.104084e+01
1.000000e+02, 6.104084e+01
1.000000e+02, 6.104136e+01
1.000000e+02, 6.104241e+01
1.000000e+02, 6.104398e+01
1.000000e+02, 6.104608e+01
1.000000e+02, 6.104870e+01
1.000000e+02, 6.105184e+01
1.000000e+02, 6.105551e+01
1.000000e+02, 6.105970e+01
1.000000e+02, 6.106442e+01
1.000000e+02, 6.106966e+01
1.000000e+02, 6.107543e+01
1.000000e+02, 6.108172e+01
1.000000e+02, 6.108853e+01
1.000000e+02, 6.109587e+01
1.000000e+02, 6.110374e+01
1.000000e+02, 6.111213e+01
1.000000e+02, 6.112104e+01
1.000000e+02, 6.113048e+01
1.000000e+02, 6.114044e+01
1.000000e+02, 6.115093e+01
1.000000e+02, 6.116195e+01
1.000000e+02, 6.117349e+01
1.000000e+02, 6.118555e+01
1.000000e+02, 6.119814e+01
1.000000e+02, 6.121126e+01
1.000000e+02, 6.122490e+01
1.000000e+02, 6.123907e+01
1.000000e+02, 6.125377e+01
1.000000e+02, 6.126899e+01
1.000000e+02, 6.128474e+01
1.000000e+02, 6.130102e+01
1.000000e+02, 6.131782e+01
1.000000e+02, 6.133515e+01
1.000000e+02, 6.135301e+01
1.000000e+02, 6.137140e+01
1.000000e+02, 6.139031e+01
1.000000e+02, 6.140975e+01
1.000000e+02, 6.142972e+01
1.000000e+02, 6.145022e+01
1.000000e+02, 6.147125e+01
1.000000e+02, 6.149281e+01
1.000000e+02, 6.151490e+01
1.000000e+02, 6.153751e+01
1.000000e+02, 6.156066e+01
1.000000e+02, 6.158434e+01
1.000000e+02, 6.160854e+01
1.000000e+02, 6.163328e+01
1.000000e+02, 6.165855e+01
1.000000e+02, 6.168435e+01
1.000000e+02, 6.171069e+01
1.000000e+02, 6.173755e+01
1.000000e+02, 6.176495e+01
1.000000e+02, 6.179288e+01
1.000000e+02, 6.182134e+01
1.000000e+02, 6.185034e+01
1.000000e+02, 6.187987e+01
1.000000e+02, 6.190994e+01
1.000000e+02, 6.194053e+01
1.000000e+02, 6.197167e+01
1.000000e+02, 6.200334e+01
1.000000e+02, 6.203554e+01
1.000000e+02, 6.206828e+01
1.000000e+02, 6.210156e+01
1.000000e+02, 6.213538e+01
1.000000e+02, 6.216973e+01
1.000000e+02, 6.220462e+01
1.000000e+02, 6.224005e+01
1.000000e+02, 6.227601e+01
1.000000e+02, 6.231252e+01
1.000000e+02, 6.234956e+01
1.000000e+02, 6.238715e+01
1.000000e+02, 6.242527e+01
1.000000e+02, 6.246394e+01
1.000000e+02, 6.250314e+01
1.000000e+02, 6.254289e+01
1.000000e+02, 6.258319e+01
1.000000e+02, 6.262402e+01
1.000000e+02, 6.266540e+01
1.000000e+02, 6.270732e+01
1.000000e+02, 6.274978e+01
1.000000e+02, 6.279280e+01
1.000000e+02, 6.283635e+01
1.000000e+02, 6.288045e+01
1.000000e+02, 6.292510e+01
1.000000e+02, 6.297030e+01
1.000000e+02, 6.301604e+01
1.000000e+02, 6.306233e+01
1.000000e+02, 6.310918e+01
1.000000e+02, 6.315657e+01
1.000000e+02, 6.320451e+01
1.000000e+02, 6.325300e+01
1.000000e+02, 6.330204e+01
1.000000e+02, 6.335163e+01
1.000000e+02, 6.340178e+01
1.000000e+02, 6.345248e+01
1.000000e+02, 6.350373e+01
1.000000e+02, 6.355554e+01
1.000000e+02, 6.360791e+01
1.000000e+02, 6.366083e+01
1.000000e+02, 6.371430e+01
1.000000e+02, 6.376833e+01
1.000000e+02, 6.382292e+01
1.000000e+02, 6.387807e+01
1.000000e+02, 6.393378e+01
1.000000e+02, 6.399005e+01
1.000000e+02, 6.404688e+01
1.000000e+02, 6.410427e+01
1.000000e+02, 6.416223e+01
1.000000e+02, 6.422074e+01
1.000000e+02, 6.427982e+01
1.000000e+02, 6.433947e+01
1.000000e+02, 6.439968e+01
1.000000e+02, 6.446045e+01
1.000000e+02, 6.452180e+01
1.000000e+02, 6.458371e+01
1.000000e+02, 6.464619e+01
1.000000e+02, 6.470924e+01
1.000000e+02, 6.477286e+01
1.000000e+02, 6.483705e+01
1.000000e+02, 6.490181e+01
1.000000e+02, 6.496715e+01
1.000000e+02, 6.503305e+01
1.000000e+02, 6.509954e+01
1.000000e+02, 6.516660e+01
1.000000e+02, 6.523423e+01
1.000000e+02, 6.530244e+01
1.000000e+02, 6.537124e+01
1.000000e+02, 6.544061e+01
1.000000e+02, 6.551056e+01
1.000000e+02, 6.558109e+01
1.000000e+02, 6.565220e+01
1.000000e+02, 6.572390e+01
1.000000e+02, 6.579618e+01
1.000000e+02, 6.586904e+01
1.000000e+02, 6.594249e+01
1.000000e+02, 6.601653e+01
1.000000e+02, 6.609116e+01
1.000000e+02, 6.616637e+01
1.000000e+02, 6.624218e+01
1.000000e+02, 6.631858e+01
1.000000e+02, 6.639557e+01
1.000000e+02, 6.647315e+01
1.000000e+02, 6.655132e+01
1.000000e+02, 6.663010e+01
1.000000e+02, 6.670947e+01
1.000000e+02, 6.678943e+01
1.000000e+02, 6.687000e+01
1.000000e+02, 6.695116e+01
1.000000e+02, 6.703293e+01
1.000000e+02, 6.711530e+01
1.000000e+02, 6.719827e+01
1.000000e+02, 6.728185e+01
1.000000e+02, 6.736603e+01
1.000000e+02, 6.745082e+01
1.000000e+02, 6.753622e+01
1.000000e+02, 6.762223e+01
1.000000e+02, 6.770885e+01
1.000000e+02, 6.779608e+01
1.000000e+02, 6.788393e+01
1.000000e+02, 6.797239e+01
1.000000e+02, 6.806147e+01
1.000000e+02, 6.815116e+01
1.000000e+02, 6.824147e+01
1.000000e+02, 6.833240e+01
1.000000e+02, 6.842396e+01
1.000000e+02, 6.851613e+01
1.000000e+02, 6.860893e+01
1.000000e+02, 6.870236e+01
1.000000e+02, 6.879641e+01
1.000000e+02, 6.889109e+01
1.000000e+02, 6.898641e+01
1.000000e+02, 6.908235e+01
1.000000e+02, 6.917892e+01
1.000000e+02, 6.927613e+01
1.000000e+02, 6.937398e+01
1.000000e+02, 6.947246e+01
1.000000e+02, 6.957158e+01
1.000000e+02, 6.967134e+01
1.000000e+02, 6.977175e+01
1.000000e+02, 6.987279e+01
1.000000e+02, 6.997448e+01
1.000000e+02, 7.007682e+01
1.000000e+02, 7.017981e+01
1.000000e+02, 7.028344e+01
1.000000e+02, 7.038773e+01
1.000000e+02, 7.049267e+01
1.000000e+02, 7.059827e+01
1.000000e+02, 7.070452e+01
1.000000e+02, 7.081143e+01
1.000000e+02, 7.091900e+01
1.000000e+02, 7.102723e+01
1.000000e+02, 7.113613e+01
1.000000e+02, 7.124569e+01
1.000000e+02, 7.135592e+01
1.000000e+02, 7.146681e+01
1.000000e+02, 7.157838e+01
1.000000e+02, 7.169062e+01
1.000000e+02, 7.180354e+01
1.000000e+02, 7.191713e+01
1.000000e+02, 7.203140e+01
1.000000e+02, 7.214634e+01
1.000000e+02, 7.226198e+01
1.000000e+02, 7.237829e+01
1.000000e+02, 7.249529e+01
1.000000e+02, 7.261298e+01
1.000000e+02, 7.273136e+01
1.000000e+02, 7.285043e+01
1.000000e+02, 7.297020e+01
1.000000e+02, 7.309066e+01
1.000000e+02, 7.321182e+01
1.000000e+02, 7.333368e+01
1.000000e+02, 7.345624e+01
1.000000e+02, 7.357951e+01
1.000000e+02, 7.370348e+01
1.000000e+02, 7.382816e+01
1.000000e+02, 7.395356e+01
1.000000e+02, 7.407967e+01
1.000000e+02, 7.420649e+01
1.000000e+02, 7.433403e+01
1.000000e+02, 7.446230e+01
1.000000e+02, 7.459128e+01
1.000000e+02, 7.472099e+01
1.000000e+02, 7.485143e+01
1.000000e+02, 7.498260e+01
1.000000e+02, 7.511450e+01
1.000000e+02, 7.524713e+01
1.000000e+02, 7.538050e+01
1.000000e+02, 7.551462e+01
1.000000e+02, 7.564947e+01
1.000000e+02, 7.578507e+01
1.000000e+02, 7.592142e+01
1.000000e+02, 7.605852e+01
1.000000e+02, 7.619637e+01
1.000000e+02, 7.633497e+01
1.000000e+02, 7.647433e+01
1.000000e+02, 7.661446e+01
1.000000e+02, 7.675535e+01
1.000000e+02, 7.689700e+01
1.000000e+02, 7.703942e+01
1.000000e+02, 7.718262e+01
1.000000e+02, 7.732659e+01
1.000000e+02, 7.747134e+01
1.000000e+02, 7.761687e+01
1.000000e+02, 7.776318e+01
1.000000e+02, 7.791028e+01
1.000000e+02, 7.805817e+01
1.000000e+02, 7.820685e+01
1.000000e+02, 7.835633e+01
1.000000e+02, 7.850660e+01
1.000000e+02, 7.865768e+01
1.000000e+02, 7.880956e+01
1.000000e+02, 7.896226e+01
1.000000e+02, 7.911576e+01
1.000000e+02, 7.927008e+01
1.000000e+02, 7.942522e+01
1.000000e+02, 7.958117e+01
1.000000e+02, 7.973796e+01
1.000000e+02, 7.989557e+01
1.000000e+02, 8.005401e+01
1.000000e+02, 8.021329e+01
1.000000e+02, 8.037341e+01
1.000000e+02, 8.053437e+01
1.000000e+02, 8.069618e+01
1.000000e+02, 8.085884e+01
1.000000e+02, 8.102235e+01
1.000000e+02, 8.118671e+01
1.000000e+02, 8.135194e+01
1.000000e+02, 8.151804e+01
1.000000e+02, 8.168500e+01
1.000000e+02, 8.185283e+01
1.000000e+02, 8.202155e+01
1.000000e+02, 8.219114e+01
1.000000e+02, 8.236162e+01
1.000000e+02, 8.253298e+01
1.000000e+02, 8.270524e+01
1.000000e+02, 8.287840e+01
1.000000e+02, 8.305245e+01
1.000000e+02, 8.322742e+01
1.000000e+02, 8.340329e+01
1.000000e+02, 8.358008e+01
1.000000e+02, 8.375778e+01
1.000000e+02, 8.393641e+01
1.000000e+02, 8.411597e+01
1.000000e+02, 8.429646e+01
1.000000e+02, 8.447788e+01
1.000000e+02, 8.466025e+01
1.000000e+02, 8.484356e+01
1.000000e+02, 8.502783e+01
1.000000e+02, 8.521305e+01
1.000000e+02, 8.539924e+01
1.000000e+02, 8.558638e+01
1.000000e+02, 8.577450e+01
1.000000e+02, 8.596360e+01
1.000000e+02, 8.615368e+01
1.000000e+02, 8.634474e+01
1.000000e+02, 8.653680e+01
1.000000e+02, 8.672986e+01
1.000000e+02, 8.692391e+01
1.000000e+02, 8.711898e+01
1.000000e+02, 8.731506e+01
1.000000e+02, 8.751216e+01
1.000000e+02, 8.771028e+01
1.000000e+02, 8.790943e+01
1.000000e+02, 8.810963e+01
1.000000e+02, 8.831086e+01
1.000000e+02, 8.851315e+01
1.000000e+02, 8.871648e+01
1.000000e+02, 8.892088e+01
1.000000e+02, 8.912635e+01
1.000000e+02, 8.933289e+01
1.000000e+02, 8.954051e+01
1.000000e+02, 8.974922e+01
1.000000e+02, 8.995902e+01
1.000000e+02, 9.016993e+01
1.000000e+02, 9.038193e+01
1.000000e+02, 9.059506e+01
1.000000e+02, 9.080930e+01
1.000000e+02, 9.102467e+01
1.000000e+02, 9.124117e+01
1.000000e+02, 9.145882e+01
1.000000e+02, 9.167762e+01
1.000000e+02, 9.189757e+01
1.000000e+02, 9.211869e+01
1.000000e+02, 9.234098e+01
1.000000e+02, 9.256445e+01
1.000000e+02, 9.278911e+01
1.000000e+02, 9.301496e+01
1.000000e+02, 9.324202e+01
1.000000e+02, 9.347028e+01
1.000000e+02, 9.369977e+01
1.000000e+02, 9.393049e+01
1.000000e+02, 9.416245e+01
1.000000e+02, 9.439565e+01
1.000000e+02, 9.463011e+01
1.000000e+02, 9.486583e+01
1.000000e+02, 9.510283e+01
1.000000e+02, 9.534110e+01
1.000000e+02, 9.558067e+01
1.000000e+02, 9.582154e+01
1.000000e+02, 9.606372e+01
1.000000e+02, 9.630723e+01
1.000000e+02, 9.655206e+01
1.000000e+02, 9.679824e+01
1.000000e+02, 9.704576e+01
1.000000e+02, 9.729465e+01
1.000000e+02, 9.754491e+01
1.000000e+02, 9.779655e+01
1.000000e+02, 9.804959e+01
1.000000e+02, 9.830404e+01
1.000000e+02, 9.855990e+01
1.000000e+02, 9.881719e+01
1.000000e+02, 9.907592e+01
1.000000e+02, 9.933610e+01
1.000000e+02, 9.959774e+01
1.000000e+02, 9.986086e+01
1.000000e+02, 1.001255e+02
1.000000e+02, 1.003916e+02
1.000000e+02, 1.006592e+02
1.000000e+02, 1.009284e+02
1.000000e+02, 1.011991e+02
1.000000e+02, 1.014713e+02
1.000000e+02, 1.017451e+02
1.000000e+02, 1.020205e+02
1.000000e+02, 1.022975e+02
1.000000e+02, 1.025762e+02
1.000000e+02, 1.028564e+02
1.000000e+02, 1.031383e+02
1.000000e+02, 1.034218e+02
1.000000e+02, 1.037070e+02
1.000000e+02, 1.039939e+02
1.000000e+02, 1.042825e+02
1.000000e+02, 1.045729e+02
1.000000e+02, 1.048650e+02
1.000000e+02, 1.051588e+02
1.000000e+02, 1.054544e+02
1.000000e+02, 1.057518e+02
1.000000e+02, 1.060510e+02
1.000000e+02, 1.063520e+02
1.000000e+02, 1.066549e+02
1.000000e+02, 1.069597e+02
1.000000e+02, 1.072663e+02
1.000000e+02, 1.075749e+02
1.000000e+02, 1.078853e+02
1.000000e+02, 1.081978e+02
1.000000e+02, 1.085122e+02
1.000000e+02, 1.088286e+02
1.000000e+02, 1.091470e+02
1.000000e+02, 1.094674e+02
1.000000e+02, 1.097900e+02
1.000000e+02, 1.101146e+02
1.000000e+02, 1.104413e+02
1.000000e+02, 1.107701e+02
1.000000e+02, 1.111012e+02
1.000000e+02, 1.114344e+02
1.000000e+02, 1.117698e+02
1.000000e+02, 1.121075e+02
1.000000e+02, 1.124474e+02
1.000000e+02, 1.127896e+02
1.000000e+02, 1.131342e+02
1.000000e+02, 1.134811e+02
1.000000e+02, 1.138305e+02
1.000000e+02, 1.141822e+02
1.000000e+02, 1.145364e+02
1.000000e+02, 1.148931e+02
1.000000e+02, 1.152523e+02
1.000000e+02, 1.156141e+02
1.000000e+02, 1.159784e+02
1.000000e+02, 1.163454e+02
1.000000e+02, 1.167151e+02
1.000000e+02, 1.170875e+02
1.000000e+02, 1.174626e+02
1.000000e+02, 1.178405e+02
1.000000e+02, 1.182213e+02
1.000000e+02, 1.186049e+02
1.000000e+02, 1.189914e+02
1.000000e+02, 1.193809e+02
1.000000e+02, 1.197734e+02
1.000000e+02, 1.201690e+02
1.000000e+02, 1.205677e+02
1.000000e+02, 1.209696e+02
1.000000e+02, 1.213746e+02
1.000000e+02, 1.217830e+02
1.000000e+02, 1.221947e+02
1.000000e+02, 1.226097e+02
1.000000e+02, 1.230282e+02
1.000000e+02, 1.234502e+02
1.000000e+02, 1.238758e+02
1.000000e+02, 1.243050e+02
1.000000e+02, 1.247380e+02
1.000000e+02, 1.251747e+02
1.000000e+02, 1.256152e+02
1.000000e+02, 1.260597e+02
1.000000e+02, 1.265082e+02
1.000000e+02, 1.269608e+02
1.000000e+02, 1.274176e+02
1.000000e+02, 1.278786e+02
1.000000e+02, 1.283439e+02
1.000000e+02, 1.288137e+02
1.000000e+02, 1.292881e+02
1.000000e+02, 1.297671e+02
1.000000e+02, 1.302508e+02
1.000000e+02, 1.307395e+02
1.000000e+02, 1.312331e+02
1.000000e+02, 1.317317e+02
1.000000e+02, 1.322357e+02
1.000000e+02, 1.327449e+02
1.000000e+02, 1.332597e+02
1.000000e+02, 1.337801e+02
1.000000e+02, 1.343063e+02
1.000000e+02, 1.348384e+02
1.000000e+02, 1.353766e+02
1.000000e+02, 1.359211e+02
1.000000e+02, 1.364721e+02
1.000000e+02, 1.370297e+02
1.000000e+02, 1.375941e+02
1.000000e+02, 1.381656e+02
1.000000e+02, 1.387444e+02
1.000000e+02, 1.393307e+02
1.000000e+02, 1.399248e+02
1.000000e+02, 1.405269e+02
1.000000e+02, 1.411374e+02
1.000000e+02, 1.417564e+02
1.000000e+02, 1.423843e+02
1.000000e+02, 1.430215e+02
1.000000e+02, 1.436684e+02
1.000000e+02, 1.443252e+02
1.000000e+02, 1.449924e+02
1.000000e+02, 1.456705e+02
1.000000e+02, 1.463599e+02
1.000000e+02, 1.470611e+02
1.000000e+02, 1.477747e+02
1.000000e+02, 1.485012e+02
1.000000e+02, 1.492414e+02
1.000000e+02, 1.499959e+02
1.000000e+02, 1.507655e+02
1.000000e+02, 1.515510e+02
1.000000e+02, 1.523534e+02
1.000000e+02, 1.531736e+02
1.000000e+02, 1.540128e+02
1.000000e+02, 1.548722e+02
1.000000e+02, 1.557533e+02
1.000000e+02, 1.566575e+02
1.000000e+02, 1.575868e+02
1.000000e+02, 1.585430e+02
1.000000e+02, 1.595286e+02
1.000000e+02, 1.605461e+02
1.000000e+02, 1.615987e+02
1.000000e+02, 1.626900e+02
1.000000e+02, 1.638244e+02
1.000000e+02, 1.650070e+02
1.000000e+02, 1.662444e+02
1.000000e+02, 1.675443e+02
1.000000e+02, 1.689171e+02
1.000000e+02, 1.703759e+02
1.000000e+02, 1.719387e+02
1.000000e+02, 1.736306e+02
1.000000e+02, 1.754892e+02
1.000000e+02, 1.775753e+02
1.000000e+02, 1.800000e+02
##END= 