##TITLE= /opt/topspin3.0/exp/stan/nmr/lists/wave/user/HypSec_trunc2.84_110
##JCAMP-DX= 5.00 Bruker JCAMP library
##DATA TYPE= Shape Data
##ORIGIN= Bruker BioSpin GmbH
##OWNER= <nmrsu>
##DATE= 15/02/24
##TIME= 16:15:04
##MINX= 1.164538e+01
##MAXX= 9.999960e+01
##MINY= 2.546774e-02
##MAXY= 3.585574e+02
##$SHAPE_EXMODE= Adiabatic
##$SHAPE_TOTROT= 1.800000e+02
##$SHAPE_BWFAC= 1.929340e+02
##$SHAPE_INTEGFAC= 2.356110e-02
##$SHAPE_MODE= 0
##NPOINTS= 1000
##XYPOINTS= (XY..XY)
1.000000e+02, 1.800000e+02
1.000000e+02, 1.769442e+02
1.000000e+02, 1.743151e+02
1.000000e+02, 1.719728e+02
1.000000e+02, 1.698405e+02
1.000000e+02, 1.678710e+02
1.000000e+02, 1.660325e+02
1.000000e+02, 1.643025e+02
1.000000e+02, 1.626641e+02
1.000000e+02, 1.611047e+02
1.000000e+02, 1.596143e+02
1.000000e+02, 1.581846e+02
1.000000e+02, 1.568093e+02
1.000000e+02, 1.554827e+02
1.000000e+02, 1.542004e+02
1.000000e+02, 1.529583e+02
1.000000e+02, 1.517532e+02
1.000000e+02, 1.505821e+02
1.000000e+02, 1.494425e+02
1.000000e+02, 1.483321e+02
1.000000e+02, 1.472490e+02
1.000000e+02, 1.461914e+02
1.000000e+02, 1.451577e+02
1.000000e+02, 1.441465e+02
1.000000e+02, 1.431565e+02
1.000000e+02, 1.421866e+02
1.000000e+02, 1.412358e+02
1.000000e+02, 1.403029e+02
1.000000e+02, 1.393873e+02
1.000000e+02, 1.384879e+02
1.000000e+02, 1.376042e+02
1.000000e+02, 1.367354e+02
1.000000e+02, 1.358808e+02
1.000000e+02, 1.350400e+02
1.000000e+02, 1.342122e+02
1.000000e+02, 1.333970e+02
1.000000e+02, 1.325940e+02
1.000000e+02, 1.318026e+02
1.000000e+02, 1.310224e+02
1.000000e+02, 1.302531e+02
1.000000e+02, 1.294943e+02
1.000000e+02, 1.287456e+02
1.000000e+02, 1.280067e+02
1.000000e+02, 1.272772e+02
1.000000e+02, 1.265570e+02
1.000000e+02, 1.258456e+02
1.000000e+02, 1.251429e+02
1.000000e+02, 1.244485e+02
1.000000e+02, 1.237623e+02
1.000000e+02, 1.230840e+02
1.000000e+02, 1.224134e+02
1.000000e+02, 1.217502e+02
1.000000e+02, 1.210944e+02
1.000000e+02, 1.204457e+02
1.000000e+02, 1.198038e+02
1.000000e+02, 1.191688e+02
1.000000e+02, 1.185403e+02
1.000000e+02, 1.179182e+02
1.000000e+02, 1.173024e+02
1.000000e+02, 1.166928e+02
1.000000e+02, 1.160891e+02
1.000000e+02, 1.154913e+02
1.000000e+02, 1.148992e+02
1.000000e+02, 1.143127e+02
1.000000e+02, 1.137317e+02
1.000000e+02, 1.131561e+02
1.000000e+02, 1.125857e+02
1.000000e+02, 1.120205e+02
1.000000e+02, 1.114603e+02
1.000000e+02, 1.109051e+02
1.000000e+02, 1.103547e+02
1.000000e+02, 1.098091e+02
1.000000e+02, 1.092681e+02
1.000000e+02, 1.087318e+02
1.000000e+02, 1.081999e+02
1.000000e+02, 1.076725e+02
1.000000e+02, 1.071494e+02
1.000000e+02, 1.066306e+02
1.000000e+02, 1.061160e+02
1.000000e+02, 1.056055e+02
1.000000e+02, 1.050990e+02
1.000000e+02, 1.045966e+02
1.000000e+02, 1.040980e+02
1.000000e+02, 1.036034e+02
1.000000e+02, 1.031125e+02
1.000000e+02, 1.026253e+02
1.000000e+02, 1.021419e+02
1.000000e+02, 1.016620e+02
1.000000e+02, 1.011857e+02
1.000000e+02, 1.007130e+02
1.000000e+02, 1.002437e+02
1.000000e+02, 9.977781e+01
1.000000e+02, 9.931530e+01
1.000000e+02, 9.885610e+01
1.000000e+02, 9.840016e+01
1.000000e+02, 9.794746e+01
1.000000e+02, 9.749793e+01
1.000000e+02, 9.705154e+01
1.000000e+02, 9.660825e+01
1.000000e+02, 9.616800e+01
1.000000e+02, 9.573078e+01
1.000000e+02, 9.529653e+01
1.000000e+02, 9.486521e+01
1.000000e+02, 9.443679e+01
1.000000e+02, 9.401124e+01
1.000000e+02, 9.358852e+01
1.000000e+02, 9.316858e+01
1.000000e+02, 9.275141e+01
1.000000e+02, 9.233696e+01
1.000000e+02, 9.192521e+01
1.000000e+02, 9.151612e+01
1.000000e+02, 9.110966e+01
1.000000e+02, 9.070580e+01
1.000000e+02, 9.030451e+01
1.000000e+02, 8.990576e+01
1.000000e+02, 8.950952e+01
1.000000e+02, 8.911577e+01
1.000000e+02, 8.872448e+01
1.000000e+02, 8.833562e+01
1.000000e+02, 8.794917e+01
1.000000e+02, 8.756509e+01
1.000000e+02, 8.718337e+01
1.000000e+02, 8.680398e+01
1.000000e+02, 8.642690e+01
1.000000e+02, 8.605210e+01
1.000000e+02, 8.567956e+01
1.000000e+02, 8.530925e+01
1.000000e+02, 8.494116e+01
1.000000e+02, 8.457526e+01
1.000000e+02, 8.421154e+01
1.000000e+02, 8.384996e+01
1.000000e+02, 8.349051e+01
1.000000e+02, 8.313317e+01
1.000000e+02, 8.277792e+01
1.000000e+02, 8.242474e+01
1.000000e+02, 8.207361e+01
1.000000e+02, 8.172452e+01
1.000000e+02, 8.137743e+01
1.000000e+02, 8.103234e+01
1.000000e+02, 8.068923e+01
1.000000e+02, 8.034808e+01
1.000000e+02, 8.000887e+01
1.000000e+02, 7.967159e+01
1.000000e+02, 7.933621e+01
1.000000e+02, 7.900273e+01
1.000000e+02, 7.867113e+01
1.000000e+02, 7.834138e+01
1.000000e+02, 7.801348e+01
1.000000e+02, 7.768741e+01
1.000000e+02, 7.736316e+01
1.000000e+02, 7.704070e+01
1.000000e+02, 7.672003e+01
1.000000e+02, 7.640114e+01
1.000000e+02, 7.608400e+01
1.000000e+02, 7.576860e+01
1.000000e+02, 7.545493e+01
1.000000e+02, 7.514298e+01
1.000000e+02, 7.483273e+01
1.000000e+02, 7.452418e+01
1.000000e+02, 7.421730e+01
1.000000e+02, 7.391208e+01
1.000000e+02, 7.360852e+01
1.000000e+02, 7.330659e+01
1.000000e+02, 7.300630e+01
1.000000e+02, 7.270762e+01
1.000000e+02, 7.241055e+01
1.000000e+02, 7.211507e+01
1.000000e+02, 7.182117e+01
1.000000e+02, 7.152884e+01
1.000000e+02, 7.123807e+01
1.000000e+02, 7.094885e+01
1.000000e+02, 7.066117e+01
1.000000e+02, 7.037502e+01
1.000000e+02, 7.009038e+01
1.000000e+02, 6.980725e+01
1.000000e+02, 6.952561e+01
1.000000e+02, 6.924547e+01
1.000000e+02, 6.896680e+01
1.000000e+02, 6.868960e+01
1.000000e+02, 6.841385e+01
1.000000e+02, 6.813956e+01
1.000000e+02, 6.786670e+01
1.000000e+02, 6.759528e+01
1.000000e+02, 6.732527e+01
1.000000e+02, 6.705668e+01
1.000000e+02, 6.678949e+01
1.000000e+02, 6.652370e+01
1.000000e+02, 6.625929e+01
1.000000e+02, 6.599626e+01
1.000000e+02, 6.573460e+01
1.000000e+02, 6.547431e+01
1.000000e+02, 6.521536e+01
1.000000e+02, 6.495776e+01
1.000000e+02, 6.470150e+01
1.000000e+02, 6.444656e+01
1.000000e+02, 6.419295e+01
1.000000e+02, 6.394066e+01
1.000000e+02, 6.368967e+01
1.000000e+02, 6.343998e+01
1.000000e+02, 6.319158e+01
1.000000e+02, 6.294446e+01
1.000000e+02, 6.269863e+01
1.000000e+02, 6.245406e+01
1.000000e+02, 6.221076e+01
1.000000e+02, 6.196872e+01
1.000000e+02, 6.172792e+01
1.000000e+02, 6.148837e+01
1.000000e+02, 6.125006e+01
1.000000e+02, 6.101298e+01
1.000000e+02, 6.077712e+01
1.000000e+02, 6.054248e+01
1.000000e+02, 6.030905e+01
1.000000e+02, 6.007682e+01
1.000000e+02, 5.984579e+01
1.000000e+02, 5.961596e+01
1.000000e+02, 5.938731e+01
1.000000e+02, 5.915985e+01
1.000000e+02, 5.893356e+01
1.000000e+02, 5.870844e+01
1.000000e+02, 5.848448e+01
1.000000e+02, 5.826168e+01
1.000000e+02, 5.804003e+01
1.000000e+02, 5.781953e+01
1.000000e+02, 5.760017e+01
1.000000e+02, 5.738195e+01
1.000000e+02, 5.716485e+01
1.000000e+02, 5.694888e+01
1.000000e+02, 5.673404e+01
1.000000e+02, 5.652030e+01
1.000000e+02, 5.630768e+01
1.000000e+02, 5.609616e+01
1.000000e+02, 5.588574e+01
1.000000e+02, 5.567642e+01
1.000000e+02, 5.546819e+01
1.000000e+02, 5.526104e+01
1.000000e+02, 5.505497e+01
1.000000e+02, 5.484998e+01
1.000000e+02, 5.464606e+01
1.000000e+02, 5.444320e+01
1.000000e+02, 5.424141e+01
1.000000e+02, 5.404067e+01
1.000000e+02, 5.384099e+01
1.000000e+02, 5.364236e+01
1.000000e+02, 5.344477e+01
1.000000e+02, 5.324822e+01
1.000000e+02, 5.305270e+01
1.000000e+02, 5.285822e+01
1.000000e+02, 5.266476e+01
1.000000e+02, 5.247233e+01
1.000000e+02, 5.228091e+01
1.000000e+02, 5.209051e+01
1.000000e+02, 5.190112e+01
1.000000e+02, 5.171274e+01
1.000000e+02, 5.152536e+01
1.000000e+02, 5.133898e+01
1.000000e+02, 5.115360e+01
1.000000e+02, 5.096920e+01
1.000000e+02, 5.078580e+01
1.000000e+02, 5.060337e+01
1.000000e+02, 5.042193e+01
1.000000e+02, 5.024147e+01
1.000000e+02, 5.006197e+01
1.000000e+02, 4.988345e+01
1.000000e+02, 4.970589e+01
1.000000e+02, 4.952930e+01
1.000000e+02, 4.935366e+01
1.000000e+02, 4.917898e+01
1.000000e+02, 4.900525e+01
1.000000e+02, 4.883247e+01
1.000000e+02, 4.866064e+01
1.000000e+02, 4.848974e+01
1.000000e+02, 4.831979e+01
1.000000e+02, 4.815077e+01
1.000000e+02, 4.798269e+01
1.000000e+02, 4.781553e+01
1.000000e+02, 4.764930e+01
1.000000e+02, 4.748399e+01
1.000000e+02, 4.731960e+01
1.000000e+02, 4.715613e+01
1.000000e+02, 4.699358e+01
1.000000e+02, 4.683193e+01
1.000000e+02, 4.667119e+01
1.000000e+02, 4.651136e+01
1.000000e+02, 4.635243e+01
1.000000e+02, 4.619440e+01
1.000000e+02, 4.603726e+01
1.000000e+02, 4.588102e+01
1.000000e+02, 4.572567e+01
1.000000e+02, 4.557121e+01
1.000000e+02, 4.541763e+01
1.000000e+02, 4.526494e+01
1.000000e+02, 4.511312e+01
1.000000e+02, 4.496219e+01
1.000000e+02, 4.481212e+01
1.000000e+02, 4.466293e+01
1.000000e+02, 4.451461e+01
1.000000e+02, 4.436716e+01
1.000000e+02, 4.422057e+01
1.000000e+02, 4.407484e+01
1.000000e+02, 4.392998e+01
1.000000e+02, 4.378597e+01
1.000000e+02, 4.364281e+01
1.000000e+02, 4.350051e+01
1.000000e+02, 4.335906e+01
1.000000e+02, 4.321845e+01
1.000000e+02, 4.307869e+01
1.000000e+02, 4.293977e+01
1.000000e+02, 4.280170e+01
1.000000e+02, 4.266446e+01
1.000000e+02, 4.252806e+01
1.000000e+02, 4.239249e+01
1.000000e+02, 4.225775e+01
1.000000e+02, 4.212384e+01
1.000000e+02, 4.199077e+01
1.000000e+02, 4.185851e+01
1.000000e+02, 4.172708e+01
1.000000e+02, 4.159647e+01
1.000000e+02, 4.146668e+01
1.000000e+02, 4.133770e+01
1.000000e+02, 4.120955e+01
1.000000e+02, 4.108220e+01
1.000000e+02, 4.095566e+01
1.000000e+02, 4.082994e+01
1.000000e+02, 4.070502e+01
1.000000e+02, 4.058090e+01
1.000000e+02, 4.045759e+01
1.000000e+02, 4.033508e+01
1.000000e+02, 4.021337e+01
1.000000e+02, 4.009246e+01
1.000000e+02, 3.997234e+01
1.000000e+02, 3.985301e+01
1.000000e+02, 3.973448e+01
1.000000e+02, 3.961674e+01
1.000000e+02, 3.949978e+01
1.000000e+02, 3.938362e+01
1.000000e+02, 3.926823e+01
1.000000e+02, 3.915363e+01
1.000000e+02, 3.903982e+01
1.000000e+02, 3.892678e+01
1.000000e+02, 3.881452e+01
1.000000e+02, 3.870303e+01
1.000000e+02, 3.859232e+01
1.000000e+02, 3.848239e+01
1.000000e+02, 3.837322e+01
1.000000e+02, 3.826483e+01
1.000000e+02, 3.815720e+01
1.000000e+02, 3.805034e+01
1.000000e+02, 3.794425e+01
1.000000e+02, 3.783892e+01
1.000000e+02, 3.773435e+01
1.000000e+02, 3.763054e+01
1.000000e+02, 3.752749e+01
1.000000e+02, 3.742520e+01
1.000000e+02, 3.732367e+01
1.000000e+02, 3.722289e+01
1.000000e+02, 3.712286e+01
1.000000e+02, 3.702359e+01
1.000000e+02, 3.692506e+01
1.000000e+02, 3.682729e+01
1.000000e+02, 3.673026e+01
1.000000e+02, 3.663398e+01
1.000000e+02, 3.653844e+01
1.000000e+02, 3.644365e+01
1.000000e+02, 3.634960e+01
1.000000e+02, 3.625629e+01
1.000000e+02, 3.616372e+01
1.000000e+02, 3.607189e+01
1.000000e+02, 3.598080e+01
1.000000e+02, 3.589044e+01
1.000000e+02, 3.580082e+01
1.000000e+02, 3.571193e+01
1.000000e+02, 3.562378e+01
1.000000e+02, 3.553635e+01
1.000000e+02, 3.544966e+01
1.000000e+02, 3.536369e+01
1.000000e+02, 3.527845e+01
1.000000e+02, 3.519394e+01
1.000000e+02, 3.511015e+01
1.000000e+02, 3.502709e+01
1.000000e+02, 3.494475e+01
1.000000e+02, 3.486313e+01
1.000000e+02, 3.478223e+01
1.000000e+02, 3.470205e+01
1.000000e+02, 3.462259e+01
1.000000e+02, 3.454385e+01
1.000000e+02, 3.446583e+01
1.000000e+02, 3.438852e+01
1.000000e+02, 3.431192e+01
1.000000e+02, 3.423604e+01
1.000000e+02, 3.416087e+01
1.000000e+02, 3.408642e+01
1.000000e+02, 3.401267e+01
1.000000e+02, 3.393963e+01
1.000000e+02, 3.386730e+01
1.000000e+02, 3.379568e+01
1.000000e+02, 3.372477e+01
1.000000e+02, 3.365456e+01
1.000000e+02, 3.358506e+01
1.000000e+02, 3.351626e+01
1.000000e+02, 3.344816e+01
1.000000e+02, 3.338077e+01
1.000000e+02, 3.331407e+01
1.000000e+02, 3.324808e+01
1.000000e+02, 3.318279e+01
1.000000e+02, 3.311819e+01
1.000000e+02, 3.305430e+01
1.000000e+02, 3.299110e+01
1.000000e+02, 3.292860e+01
1.000000e+02, 3.286679e+01
1.000000e+02, 3.280568e+01
1.000000e+02, 3.274526e+01
1.000000e+02, 3.268554e+01
1.000000e+02, 3.262650e+01
1.000000e+02, 3.256816e+01
1.000000e+02, 3.251051e+01
1.000000e+02, 3.245355e+01
1.000000e+02, 3.239728e+01
1.000000e+02, 3.234170e+01
1.000000e+02, 3.228681e+01
1.000000e+02, 3.223260e+01
1.000000e+02, 3.217909e+01
1.000000e+02, 3.212625e+01
1.000000e+02, 3.207411e+01
1.000000e+02, 3.202264e+01
1.000000e+02, 3.197187e+01
1.000000e+02, 3.192177e+01
1.000000e+02, 3.187236e+01
1.000000e+02, 3.182363e+01
1.000000e+02, 3.177558e+01
1.000000e+02, 3.172821e+01
1.000000e+02, 3.168153e+01
1.000000e+02, 3.163552e+01
1.000000e+02, 3.159019e+01
1.000000e+02, 3.154555e+01
1.000000e+02, 3.150157e+01
1.000000e+02, 3.145828e+01
1.000000e+02, 3.141567e+01
1.000000e+02, 3.137373e+01
1.000000e+02, 3.133247e+01
1.000000e+02, 3.129188e+01
1.000000e+02, 3.125197e+01
1.000000e+02, 3.121273e+01
1.000000e+02, 3.117416e+01
1.000000e+02, 3.113627e+01
1.000000e+02, 3.109906e+01
1.000000e+02, 3.106251e+01
1.000000e+02, 3.102664e+01
1.000000e+02, 3.099144e+01
1.000000e+02, 3.095691e+01
1.000000e+02, 3.092306e+01
1.000000e+02, 3.088987e+01
1.000000e+02, 3.085735e+01
1.000000e+02, 3.082551e+01
1.000000e+02, 3.079433e+01
1.000000e+02, 3.076382e+01
1.000000e+02, 3.073398e+01
1.000000e+02, 3.070481e+01
1.000000e+02, 3.067631e+01
1.000000e+02, 3.064847e+01
1.000000e+02, 3.062130e+01
1.000000e+02, 3.059480e+01
1.000000e+02, 3.056897e+01
1.000000e+02, 3.054380e+01
1.000000e+02, 3.051930e+01
1.000000e+02, 3.049546e+01
1.000000e+02, 3.047229e+01
1.000000e+02, 3.044978e+01
1.000000e+02, 3.042794e+01
1.000000e+02, 3.040676e+01
1.000000e+02, 3.038625e+01
1.000000e+02, 3.036640e+01
1.000000e+02, 3.034722e+01
1.000000e+02, 3.032869e+01
1.000000e+02, 3.031084e+01
1.000000e+02, 3.029364e+01
1.000000e+02, 3.027711e+01
1.000000e+02, 3.026124e+01
1.000000e+02, 3.024604e+01
1.000000e+02, 3.023149e+01
1.000000e+02, 3.021761e+01
1.000000e+02, 3.020439e+01
1.000000e+02, 3.019184e+01
1.000000e+02, 3.017994e+01
1.000000e+02, 3.016871e+01
1.000000e+02, 3.015813e+01
1.000000e+02, 3.014822e+01
1.000000e+02, 3.013897e+01
1.000000e+02, 3.013039e+01
1.000000e+02, 3.012246e+01
1.000000e+02, 3.011519e+01
1.000000e+02, 3.010859e+01
1.000000e+02, 3.010264e+01
1.000000e+02, 3.009736e+01
1.000000e+02, 3.009273e+01
1.000000e+02, 3.008877e+01
1.000000e+02, 3.008547e+01
1.000000e+02, 3.008283e+01
1.000000e+02, 3.008084e+01
1.000000e+02, 3.007952e+01
1.000000e+02, 3.007886e+01
1.000000e+02, 3.007886e+01
1.000000e+02, 3.007952e+01
1.000000e+02, 3.008084e+01
1.000000e+02, 3.008283e+01
1.000000e+02, 3.008547e+01
1.000000e+02, 3.008877e+01
1.000000e+02, 3.009273e+01
1.000000e+02, 3.009736e+01
1.000000e+02, 3.010264e+01
1.000000e+02, 3.010859e+01
1.000000e+02, 3.011519e+01
1.000000e+02, 3.012246e+01
1.000000e+02, 3.013039e+01
1.000000e+02, 3.013897e+01
1.000000e+02, 3.014822e+01
1.000000e+02, 3.015813e+01
1.000000e+02, 3.016871e+01
1.000000e+02, 3.017994e+01
1.000000e+02, 3.019184e+01
1.000000e+02, 3.020439e+01
1.000000e+02, 3.021761e+01
1.000000e+02, 3.023149e+01
1.000000e+02, 3.024604e+01
1.000000e+02, 3.026124e+01
1.000000e+02, 3.027711e+01
1.000000e+02, 3.029364e+01
1.000000e+02, 3.031084e+01
1.000000e+02, 3.032869e+01
1.000000e+02, 3.034722e+01
1.000000e+02, 3.036640e+01
1.000000e+02, 3.038625e+01
1.000000e+02, 3.040676e+01
1.000000e+02, 3.042794e+01
1.000000e+02, 3.044978e+01
1.000000e+02, 3.047229e+01
1.000000e+02, 3.049546e+01
1.000000e+02, 3.051930e+01
1.000000e+02, 3.054380e+01
1.000000e+02, 3.056897e+01
1.000000e+02, 3.059480e+01
1.000000e+02, 3.062130e+01
1.000000e+02, 3.064847e+01
1.000000e+02, 3.067631e+01
1.000000e+02, 3.070481e+01
1.000000e+02, 3.073398e+01
1.000000e+02, 3.076382e+01
1.000000e+02, 3.079433e+01
1.000000e+02, 3.082551e+01
1.000000e+02, 3.085735e+01
1.000000e+02, 3.088987e+01
1.000000e+02, 3.092306e+01
1.000000e+02, 3.095692e+01
1.000000e+02, 3.099144e+01
1.000000e+02, 3.102664e+01
1.000000e+02, 3.106251e+01
1.000000e+02, 3.109906e+01
1.000000e+02, 3.113628e+01
1.000000e+02, 3.117416e+01
1.000000e+02, 3.121273e+01
1.000000e+02, 3.125197e+01
1.000000e+02, 3.129188e+01
1.000000e+02, 3.133247e+01
1.000000e+02, 3.137373e+01
1.000000e+02, 3.141567e+01
1.000000e+02, 3.145828e+01
1.000000e+02, 3.150158e+01
1.000000e+02, 3.154555e+01
1.000000e+02, 3.159019e+01
1.000000e+02, 3.163552e+01
1.000000e+02, 3.168153e+01
1.000000e+02, 3.172821e+01
1.000000e+02, 3.177558e+01
1.000000e+02, 3.182363e+01
1.000000e+02, 3.187236e+01
1.000000e+02, 3.192177e+01
1.000000e+02, 3.197187e+01
1.000000e+02, 3.202264e+01
1.000000e+02, 3.207411e+01
1.000000e+02, 3.212625e+01
1.000000e+02, 3.217909e+01
1.000000e+02, 3.223261e+01
1.000000e+02, 3.228681e+01
1.000000e+02, 3.234170e+01
1.000000e+02, 3.239728e+01
1.000000e+02, 3.245355e+01
1.000000e+02, 3.251051e+01
1.000000e+02, 3.256816e+01
1.000000e+02, 3.262650e+01
1.000000e+02, 3.268554e+01
1.000000e+02, 3.274526e+01
1.000000e+02, 3.280568e+01
1.000000e+02, 3.286679e+01
1.000000e+02, 3.292860e+01
1.000000e+02, 3.299110e+01
1.000000e+02, 3.305430e+01
1.000000e+02, 3.311819e+01
1.000000e+02, 3.318279e+01
1.000000e+02, 3.324808e+01
1.000000e+02, 3.331407e+01
1.000000e+02, 3.338077e+01
1.000000e+02, 3.344816e+01
1.000000e+02, 3.351626e+01
1.000000e+02, 3.358506e+01
1.000000e+02, 3.365456e+01
1.000000e+02, 3.372477e+01
1.000000e+02, 3.379568e+01
1.000000e+02, 3.386730e+01
1.000000e+02, 3.393963e+01
1.000000e+02, 3.401267e+01
1.000000e+02, 3.408642e+01
1.000000e+02, 3.416087e+01
1.000000e+02, 3.423604e+01
1.000000e+02, 3.431192e+01
1.000000e+02, 3.438852e+01
1.000000e+02, 3.446583e+01
1.000000e+02, 3.454385e+01
1.000000e+02, 3.462259e+01
1.000000e+02, 3.470205e+01
1.000000e+02, 3.478223e+01
1.000000e+02, 3.486313e+01
1.000000e+02, 3.494475e+01
1.000000e+02, 3.502709e+01
1.000000e+02, 3.511015e+01
1.000000e+02, 3.519394e+01
1.000000e+02, 3.527845e+01
1.000000e+02, 3.536369e+01
1.000000e+02, 3.544966e+01
1.000000e+02, 3.553635e+01
1.000000e+02, 3.562378e+01
1.000000e+02, 3.571193e+01
1.000000e+02, 3.580082e+01
1.000000e+02, 3.589044e+01
1.000000e+02, 3.598080e+01
1.000000e+02, 3.607189e+01
1.000000e+02, 3.616373e+01
1.000000e+02, 3.625629e+01
1.000000e+02, 3.634960e+01
1.000000e+02, 3.644365e+01
1.000000e+02, 3.653844e+01
1.000000e+02, 3.663398e+01
1.000000e+02, 3.673026e+01
1.000000e+02, 3.682729e+01
1.000000e+02, 3.692506e+01
1.000000e+02, 3.702359e+01
1.000000e+02, 3.712286e+01
1.000000e+02, 3.722289e+01
1.000000e+02, 3.732367e+01
1.000000e+02, 3.742520e+01
1.000000e+02, 3.752749e+01
1.000000e+02, 3.763054e+01
1.000000e+02, 3.773435e+01
1.000000e+02, 3.783892e+01
1.000000e+02, 3.794425e+01
1.000000e+02, 3.805034e+01
1.000000e+02, 3.815720e+01
1.000000e+02, 3.826483e+01
1.000000e+02, 3.837322e+01
1.000000e+02, 3.848239e+01
1.000000e+02, 3.859233e+01
1.000000e+02, 3.870303e+01
1.000000e+02, 3.881452e+01
1.000000e+02, 3.892678e+01
1.000000e+02, 3.903982e+01
1.000000e+02, 3.915363e+01
1.000000e+02, 3.926823e+01
1.000000e+02, 3.938362e+01
1.000000e+02, 3.949978e+01
1.000000e+02, 3.961674e+01
1.000000e+02, 3.973448e+01
1.000000e+02, 3.985301e+01
1.000000e+02, 3.997234e+01
1.000000e+02, 4.009246e+01
1.000000e+02, 4.021337e+01
1.000000e+02, 4.033508e+01
1.000000e+02, 4.045759e+01
1.000000e+02, 4.058090e+01
1.000000e+02, 4.070502e+01
1.000000e+02, 4.082994e+01
1.000000e+02, 4.095566e+01
1.000000e+02, 4.108220e+01
1.000000e+02, 4.120955e+01
1.000000e+02, 4.133771e+01
1.000000e+02, 4.146668e+01
1.000000e+02, 4.159647e+01
1.000000e+02, 4.172708e+01
1.000000e+02, 4.185851e+01
1.000000e+02, 4.199077e+01
1.000000e+02, 4.212385e+01
1.000000e+02, 4.225775e+01
1.000000e+02, 4.239249e+01
1.000000e+02, 4.252806e+01
1.000000e+02, 4.266446e+01
1.000000e+02, 4.280170e+01
1.000000e+02, 4.293977e+01
1.000000e+02, 4.307869e+01
1.000000e+02, 4.321845e+01
1.000000e+02, 4.335906e+01
1.000000e+02, 4.350051e+01
1.000000e+02, 4.364281e+01
1.000000e+02, 4.378597e+01
1.000000e+02, 4.392998e+01
1.000000e+02, 4.407485e+01
1.000000e+02, 4.422057e+01
1.000000e+02, 4.436716e+01
1.000000e+02, 4.451461e+01
1.000000e+02, 4.466293e+01
1.000000e+02, 4.481212e+01
1.000000e+02, 4.496219e+01
1.000000e+02, 4.511312e+01
1.000000e+02, 4.526494e+01
1.000000e+02, 4.541763e+01
1.000000e+02, 4.557121e+01
1.000000e+02, 4.572567e+01
1.000000e+02, 4.588102e+01
1.000000e+02, 4.603726e+01
1.000000e+02, 4.619440e+01
1.000000e+02, 4.635243e+01
1.000000e+02, 4.651136e+01
1.000000e+02, 4.667119e+01
1.000000e+02, 4.683193e+01
1.000000e+02, 4.699358e+01
1.000000e+02, 4.715613e+01
1.000000e+02, 4.731960e+01
1.000000e+02, 4.748399e+01
1.000000e+02, 4.764930e+01
1.000000e+02, 4.781553e+01
1.000000e+02, 4.798269e+01
1.000000e+02, 4.815077e+01
1.000000e+02, 4.831979e+01
1.000000e+02, 4.848974e+01
1.000000e+02, 4.866064e+01
1.000000e+02, 4.883247e+01
1.000000e+02, 4.900525e+01
1.000000e+02, 4.917898e+01
1.000000e+02, 4.935366e+01
1.000000e+02, 4.952930e+01
1.000000e+02, 4.970589e+01
1.000000e+02, 4.988345e+01
1.000000e+02, 5.006197e+01
1.000000e+02, 5.024147e+01
1.000000e+02, 5.042193e+01
1.000000e+02, 5.060337e+01
1.000000e+02, 5.078580e+01
1.000000e+02, 5.096920e+01
1.000000e+02, 5.115360e+01
1.000000e+02, 5.133898e+01
1.000000e+02, 5.152536e+01
1.000000e+02, 5.171274e+01
1.000000e+02, 5.190112e+01
1.000000e+02, 5.209051e+01
1.000000e+02, 5.228091e+01
1.000000e+02, 5.247233e+01
1.000000e+02, 5.266476e+01
1.000000e+02, 5.285822e+01
1.000000e+02, 5.305270e+01
1.000000e+02, 5.324822e+01
1.000000e+02, 5.344477e+01
1.000000e+02, 5.364236e+01
1.000000e+02, 5.384099e+01
1.000000e+02, 5.404067e+01
1.000000e+02, 5.424141e+01
1.000000e+02, 5.444320e+01
1.000000e+02, 5.464606e+01
1.000000e+02, 5.484998e+01
1.000000e+02, 5.505497e+01
1.000000e+02, 5.526104e+01
1.000000e+02, 5.546819e+01
1.000000e+02, 5.567642e+01
1.000000e+02, 5.588574e+01
1.000000e+02, 5.609616e+01
1.000000e+02, 5.630768e+01
1.000000e+02, 5.652030e+01
1.000000e+02, 5.673404e+01
1.000000e+02, 5.694889e+01
1.000000e+02, 5.716485e+01
1.000000e+02, 5.738195e+01
1.000000e+02, 5.760017e+01
1.000000e+02, 5.781953e+01
1.000000e+02, 5.804003e+01
1.000000e+02, 5.826168e+01
1.000000e+02, 5.848448e+01
1.000000e+02, 5.870844e+01
1.000000e+02, 5.893356e+01
1.000000e+02, 5.915985e+01
1.000000e+02, 5.938731e+01
1.000000e+02, 5.961596e+01
1.000000e+02, 5.984579e+01
1.000000e+02, 6.007682e+01
1.000000e+02, 6.030905e+01
1.000000e+02, 6.054248e+01
1.000000e+02, 6.077712e+01
1.000000e+02, 6.101298e+01
1.000000e+02, 6.125006e+01
1.000000e+02, 6.148837e+01
1.000000e+02, 6.172792e+01
1.000000e+02, 6.196872e+01
1.000000e+02, 6.221076e+01
1.000000e+02, 6.245406e+01
1.000000e+02, 6.269863e+01
1.000000e+02, 6.294446e+01
1.000000e+02, 6.319158e+01
1.000000e+02, 6.343998e+01
1.000000e+02, 6.368967e+01
1.000000e+02, 6.394066e+01
1.000000e+02, 6.419295e+01
1.000000e+02, 6.444657e+01
1.000000e+02, 6.470150e+01
1.000000e+02, 6.495776e+01
1.000000e+02, 6.521536e+01
1.000000e+02, 6.547431e+01
1.000000e+02, 6.573460e+01
1.000000e+02, 6.599626e+01
1.000000e+02, 6.625929e+01
1.000000e+02, 6.652370e+01
1.000000e+02, 6.678950e+01
1.000000e+02, 6.705668e+01
1.000000e+02, 6.732528e+01
1.000000e+02, 6.759528e+01
1.000000e+02, 6.786671e+01
1.000000e+02, 6.813956e+01
1.000000e+02, 6.841386e+01
1.000000e+02, 6.868960e+01
1.000000e+02, 6.896680e+01
1.000000e+02, 6.924547e+01
1.000000e+02, 6.952562e+01
1.000000e+02, 6.980725e+01
1.000000e+02, 7.009038e+01
1.000000e+02, 7.037502e+01
1.000000e+02, 7.066117e+01
1.000000e+02, 7.094885e+01
1.000000e+02, 7.123807e+01
1.000000e+02, 7.152884e+01
1.000000e+02, 7.182117e+01
1.000000e+02, 7.211507e+01
1.000000e+02, 7.241055e+01
1.000000e+02, 7.270762e+01
1.000000e+02, 7.300630e+01
1.000000e+02, 7.330660e+01
1.000000e+02, 7.360852e+01
1.000000e+02, 7.391208e+01
1.000000e+02, 7.421730e+01
1.000000e+02, 7.452418e+01
1.000000e+02, 7.483273e+01
1.000000e+02, 7.514298e+01
1.000000e+02, 7.545493e+01
1.000000e+02, 7.576860e+01
1.000000e+02, 7.608400e+01
1.000000e+02, 7.640114e+01
1.000000e+02, 7.672003e+01
1.000000e+02, 7.704070e+01
1.000000e+02, 7.736316e+01
1.000000e+02, 7.768741e+01
1.000000e+02, 7.801348e+01
1.000000e+02, 7.834138e+01
1.000000e+02, 7.867113e+01
1.000000e+02, 7.900273e+01
1.000000e+02, 7.933621e+01
1.000000e+02, 7.967159e+01
1.000000e+02, 8.000887e+01
1.000000e+02, 8.034808e+01
1.000000e+02, 8.068923e+01
1.000000e+02, 8.103235e+01
1.000000e+02, 8.137743e+01
1.000000e+02, 8.172452e+01
1.000000e+02, 8.207362e+01
1.000000e+02, 8.242474e+01
1.000000e+02, 8.277792e+01
1.000000e+02, 8.313317e+01
1.000000e+02, 8.349051e+01
1.000000e+02, 8.384996e+01
1.000000e+02, 8.421154e+01
1.000000e+02, 8.457526e+01
1.000000e+02, 8.494116e+01
1.000000e+02, 8.530925e+01
1.000000e+02, 8.567956e+01
1.000000e+02, 8.605210e+01
1.000000e+02, 8.642690e+01
1.000000e+02, 8.680398e+01
1.000000e+02, 8.718337e+01
1.000000e+02, 8.756509e+01
1.000000e+02, 8.794917e+01
1.000000e+02, 8.833562e+01
1.000000e+02, 8.872448e+01
1.000000e+02, 8.911577e+01
1.000000e+02, 8.950952e+01
1.000000e+02, 8.990576e+01
1.000000e+02, 9.030451e+01
1.000000e+02, 9.070580e+01
1.000000e+02, 9.110966e+01
1.000000e+02, 9.151612e+01
1.000000e+02, 9.192521e+01
1.000000e+02, 9.233697e+01
1.000000e+02, 9.275141e+01
1.000000e+02, 9.316859e+01
1.000000e+02, 9.358852e+01
1.000000e+02, 9.401124e+01
1.000000e+02, 9.443680e+01
1.000000e+02, 9.486521e+01
1.000000e+02, 9.529653e+01
1.000000e+02, 9.573078e+01
1.000000e+02, 9.616801e+01
1.000000e+02, 9.660825e+01
1.000000e+02, 9.705154e+01
1.000000e+02, 9.749793e+01
1.000000e+02, 9.794746e+01
1.000000e+02, 9.840017e+01
1.000000e+02, 9.885610e+01
1.000000e+02, 9.931530e+01
1.000000e+02, 9.977782e+01
1.000000e+02, 1.002437e+02
1.000000e+02, 1.007130e+02
1.000000e+02, 1.011858e+02
1.000000e+02, 1.016620e+02
1.000000e+02, 1.021419e+02
1.000000e+02, 1.026253e+02
1.000000e+02, 1.031125e+02
1.000000e+02, 1.036034e+02
1.000000e+02, 1.040980e+02
1.000000e+02, 1.045966e+02
1.000000e+02, 1.050990e+02
1.000000e+02, 1.056055e+02
1.000000e+02, 1.061160e+02
1.000000e+02, 1.066306e+02
1.000000e+02, 1.071494e+02
1.000000e+02, 1.076725e+02
1.000000e+02, 1.081999e+02
1.000000e+02, 1.087318e+02
1.000000e+02, 1.092681e+02
1.000000e+02, 1.098091e+02
1.000000e+02, 1.103547e+02
1.000000e+02, 1.109051e+02
1.000000e+02, 1.114603e+02
1.000000e+02, 1.120205e+02
1.000000e+02, 1.125857e+02
1.000000e+02, 1.131561e+02
1.000000e+02, 1.137317e+02
1.000000e+02, 1.143127e+02
1.000000e+02, 1.148992e+02
1.000000e+02, 1.154913e+02
1.000000e+02, 1.160891e+02
1.000000e+02, 1.166928e+02
1.000000e+02, 1.173024e+02
1.000000e+02, 1.179182e+02
1.000000e+02, 1.185403e+02
1.000000e+02, 1.191688e+02
1.000000e+02, 1.198038e+02
1.000000e+02, 1.204457e+02
1.000000e+02, 1.210944e+02
1.000000e+02, 1.217502e+02
1.000000e+02, 1.224134e+02
1.000000e+02, 1.230840e+02
1.000000e+02, 1.237623e+02
1.000000e+02, 1.244485e+02
1.000000e+02, 1.251429e+02
1.000000e+02, 1.258456e+02
1.000000e+02, 1.265570e+02
1.000000e+02, 1.272772e+02
1.000000e+02, 1.280067e+02
1.000000e+02, 1.287456e+02
1.000000e+02, 1.294943e+02
1.000000e+02, 1.302531e+02
1.000000e+02, 1.310224e+02
1.000000e+02, 1.318026e+02
1.000000e+02, 1.325940e+02
1.000000e+02, 1.333970e+02
1.000000e+02, 1.342122e+02
1.000000e+02, 1.350400e+02
1.000000e+02, 1.358808e+02
1.000000e+02, 1.367354e+02
1.000000e+02, 1.376042e+02
1.000000e+02, 1.384879e+02
1.000000e+02, 1.393873e+02
1.000000e+02, 1.403029e+02
1.000000e+02, 1.412358e+02
1.000000e+02, 1.421866e+02
1.000000e+02, 1.431565e+02
1.000000e+02, 1.441465e+02
1.000000e+02, 1.451577e+02
1.000000e+02, 1.461914e+02
1.000000e+02, 1.472490e+02
1.000000e+02, 1.483321e+02
1.000000e+02, 1.494425e+02
1.000000e+02, 1.505821e+02
1.000000e+02, 1.517532e+02
1.000000e+02, 1.529583e+02
1.000000e+02, 1.542004e+02
1.000000e+02, 1.554827e+02
1.000000e+02, 1.568093e+02
1.000000e+02, 1.581846e+02
1.000000e+02, 1.596143e+02
1.000000e+02, 1.611047e+02
1.000000e+02, 1.626641e+02
1.000000e+02, 1.643025e+02
1.000000e+02, 1.660325e+02
1.000000e+02, 1.678710e+02
1.000000e+02, 1.698405e+02
1.000000e+02, 1.719728e+02
1.000000e+02, 1.743151e+02
1.000000e+02, 1.769442e+02
1.000000e+02, 1.800000e+02
##END= 