##TITLE= /opt/topspin3.0/exp/stan/nmr/lists/wave/user/HypSec_trunc2.84_110
##JCAMP-DX= 5.00 Bruker JCAMP library
##DATA TYPE= Shape Data
##ORIGIN= Bruker BioSpin GmbH
##OWNER= <nmrsu>
##DATE= 15/02/24
##TIME= 16:15:04
##MINX= 1.164538e+01
##MAXX= 9.999960e+01
##MINY= 2.546774e-02
##MAXY= 3.585574e+02
##$SHAPE_EXMODE= Adiabatic
##$SHAPE_TOTROT= 1.800000e+02
##$SHAPE_BWFAC= 1.929340e+02
##$SHAPE_INTEGFAC= 2.356110e-02
##$SHAPE_MODE= 0
##NPOINTS= 500
##XYPOINTS= (XY..XY)
1.000000e+02, 1.800000e+02
1.000000e+02, 1.781145e+02
1.000000e+02, 1.766449e+02
1.000000e+02, 1.753981e+02
1.000000e+02, 1.742967e+02
1.000000e+02, 1.733001e+02
1.000000e+02, 1.723840e+02
1.000000e+02, 1.715321e+02
1.000000e+02, 1.707331e+02
1.000000e+02, 1.699788e+02
1.000000e+02, 1.692629e+02
1.000000e+02, 1.685803e+02
1.000000e+02, 1.679273e+02
1.000000e+02, 1.673004e+02
1.000000e+02, 1.666972e+02
1.000000e+02, 1.661154e+02
1.000000e+02, 1.655531e+02
1.000000e+02, 1.650086e+02
1.000000e+02, 1.644806e+02
1.000000e+02, 1.639678e+02
1.000000e+02, 1.634692e+02
1.000000e+02, 1.629838e+02
1.000000e+02, 1.625108e+02
1.000000e+02, 1.620495e+02
1.000000e+02, 1.615990e+02
1.000000e+02, 1.611590e+02
1.000000e+02, 1.607286e+02
1.000000e+02, 1.603076e+02
1.000000e+02, 1.598954e+02
1.000000e+02, 1.594915e+02
1.000000e+02, 1.590957e+02
1.000000e+02, 1.587075e+02
1.000000e+02, 1.583266e+02
1.000000e+02, 1.579527e+02
1.000000e+02, 1.575856e+02
1.000000e+02, 1.572249e+02
1.000000e+02, 1.568705e+02
1.000000e+02, 1.565220e+02
1.000000e+02, 1.561793e+02
1.000000e+02, 1.558421e+02
1.000000e+02, 1.555104e+02
1.000000e+02, 1.551839e+02
1.000000e+02, 1.548624e+02
1.000000e+02, 1.545457e+02
1.000000e+02, 1.542338e+02
1.000000e+02, 1.539265e+02
1.000000e+02, 1.536237e+02
1.000000e+02, 1.533252e+02
1.000000e+02, 1.530308e+02
1.000000e+02, 1.527406e+02
1.000000e+02, 1.524544e+02
1.000000e+02, 1.521721e+02
1.000000e+02, 1.518935e+02
1.000000e+02, 1.516186e+02
1.000000e+02, 1.513474e+02
1.000000e+02, 1.510796e+02
1.000000e+02, 1.508153e+02
1.000000e+02, 1.505543e+02
1.000000e+02, 1.502967e+02
1.000000e+02, 1.500422e+02
1.000000e+02, 1.497909e+02
1.000000e+02, 1.495426e+02
1.000000e+02, 1.492973e+02
1.000000e+02, 1.490551e+02
1.000000e+02, 1.488156e+02
1.000000e+02, 1.485791e+02
1.000000e+02, 1.483453e+02
1.000000e+02, 1.481142e+02
1.000000e+02, 1.478858e+02
1.000000e+02, 1.476601e+02
1.000000e+02, 1.474369e+02
1.000000e+02, 1.472163e+02
1.000000e+02, 1.469981e+02
1.000000e+02, 1.467824e+02
1.000000e+02, 1.465691e+02
1.000000e+02, 1.463582e+02
1.000000e+02, 1.461496e+02
1.000000e+02, 1.459433e+02
1.000000e+02, 1.457393e+02
1.000000e+02, 1.455375e+02
1.000000e+02, 1.453378e+02
1.000000e+02, 1.451404e+02
1.000000e+02, 1.449450e+02
1.000000e+02, 1.447518e+02
1.000000e+02, 1.445606e+02
1.000000e+02, 1.443714e+02
1.000000e+02, 1.441843e+02
1.000000e+02, 1.439991e+02
1.000000e+02, 1.438159e+02
1.000000e+02, 1.436347e+02
1.000000e+02, 1.434553e+02
1.000000e+02, 1.432778e+02
1.000000e+02, 1.431022e+02
1.000000e+02, 1.429284e+02
1.000000e+02, 1.427564e+02
1.000000e+02, 1.425861e+02
1.000000e+02, 1.424177e+02
1.000000e+02, 1.422510e+02
1.000000e+02, 1.420860e+02
1.000000e+02, 1.419228e+02
1.000000e+02, 1.417612e+02
1.000000e+02, 1.416013e+02
1.000000e+02, 1.414430e+02
1.000000e+02, 1.412864e+02
1.000000e+02, 1.411314e+02
1.000000e+02, 1.409780e+02
1.000000e+02, 1.408262e+02
1.000000e+02, 1.406759e+02
1.000000e+02, 1.405272e+02
1.000000e+02, 1.403800e+02
1.000000e+02, 1.402343e+02
1.000000e+02, 1.400902e+02
1.000000e+02, 1.399475e+02
1.000000e+02, 1.398063e+02
1.000000e+02, 1.396666e+02
1.000000e+02, 1.395283e+02
1.000000e+02, 1.393915e+02
1.000000e+02, 1.392560e+02
1.000000e+02, 1.391220e+02
1.000000e+02, 1.389894e+02
1.000000e+02, 1.388582e+02
1.000000e+02, 1.387283e+02
1.000000e+02, 1.385998e+02
1.000000e+02, 1.384727e+02
1.000000e+02, 1.383469e+02
1.000000e+02, 1.382224e+02
1.000000e+02, 1.380993e+02
1.000000e+02, 1.379775e+02
1.000000e+02, 1.378569e+02
1.000000e+02, 1.377377e+02
1.000000e+02, 1.376197e+02
1.000000e+02, 1.375030e+02
1.000000e+02, 1.373876e+02
1.000000e+02, 1.372734e+02
1.000000e+02, 1.371605e+02
1.000000e+02, 1.370488e+02
1.000000e+02, 1.369383e+02
1.000000e+02, 1.368290e+02
1.000000e+02, 1.367210e+02
1.000000e+02, 1.366141e+02
1.000000e+02, 1.365085e+02
1.000000e+02, 1.364040e+02
1.000000e+02, 1.363007e+02
1.000000e+02, 1.361986e+02
1.000000e+02, 1.360976e+02
1.000000e+02, 1.359978e+02
1.000000e+02, 1.358991e+02
1.000000e+02, 1.358016e+02
1.000000e+02, 1.357052e+02
1.000000e+02, 1.356100e+02
1.000000e+02, 1.355159e+02
1.000000e+02, 1.354229e+02
1.000000e+02, 1.353310e+02
1.000000e+02, 1.352402e+02
1.000000e+02, 1.351505e+02
1.000000e+02, 1.350619e+02
1.000000e+02, 1.349743e+02
1.000000e+02, 1.348879e+02
1.000000e+02, 1.348025e+02
1.000000e+02, 1.347182e+02
1.000000e+02, 1.346350e+02
1.000000e+02, 1.345528e+02
1.000000e+02, 1.344717e+02
1.000000e+02, 1.343916e+02
1.000000e+02, 1.343126e+02
1.000000e+02, 1.342346e+02
1.000000e+02, 1.341577e+02
1.000000e+02, 1.340818e+02
1.000000e+02, 1.340069e+02
1.000000e+02, 1.339330e+02
1.000000e+02, 1.338601e+02
1.000000e+02, 1.337883e+02
1.000000e+02, 1.337174e+02
1.000000e+02, 1.336476e+02
1.000000e+02, 1.335788e+02
1.000000e+02, 1.335109e+02
1.000000e+02, 1.334441e+02
1.000000e+02, 1.333782e+02
1.000000e+02, 1.333133e+02
1.000000e+02, 1.332494e+02
1.000000e+02, 1.331865e+02
1.000000e+02, 1.331245e+02
1.000000e+02, 1.330636e+02
1.000000e+02, 1.330035e+02
1.000000e+02, 1.329445e+02
1.000000e+02, 1.328864e+02
1.000000e+02, 1.328293e+02
1.000000e+02, 1.327731e+02
1.000000e+02, 1.327179e+02
1.000000e+02, 1.326636e+02
1.000000e+02, 1.326102e+02
1.000000e+02, 1.325578e+02
1.000000e+02, 1.325064e+02
1.000000e+02, 1.324558e+02
1.000000e+02, 1.324063e+02
1.000000e+02, 1.323576e+02
1.000000e+02, 1.323099e+02
1.000000e+02, 1.322631e+02
1.000000e+02, 1.322172e+02
1.000000e+02, 1.321722e+02
1.000000e+02, 1.321282e+02
1.000000e+02, 1.320850e+02
1.000000e+02, 1.320428e+02
1.000000e+02, 1.320015e+02
1.000000e+02, 1.319611e+02
1.000000e+02, 1.319217e+02
1.000000e+02, 1.318831e+02
1.000000e+02, 1.318454e+02
1.000000e+02, 1.318086e+02
1.000000e+02, 1.317728e+02
1.000000e+02, 1.317378e+02
1.000000e+02, 1.317037e+02
1.000000e+02, 1.316705e+02
1.000000e+02, 1.316382e+02
1.000000e+02, 1.316068e+02
1.000000e+02, 1.315763e+02
1.000000e+02, 1.315467e+02
1.000000e+02, 1.315180e+02
1.000000e+02, 1.314901e+02
1.000000e+02, 1.314632e+02
1.000000e+02, 1.314371e+02
1.000000e+02, 1.314119e+02
1.000000e+02, 1.313876e+02
1.000000e+02, 1.313641e+02
1.000000e+02, 1.313415e+02
1.000000e+02, 1.313199e+02
1.000000e+02, 1.312991e+02
1.000000e+02, 1.312791e+02
1.000000e+02, 1.312600e+02
1.000000e+02, 1.312419e+02
1.000000e+02, 1.312245e+02
1.000000e+02, 1.312081e+02
1.000000e+02, 1.311925e+02
1.000000e+02, 1.311778e+02
1.000000e+02, 1.311640e+02
1.000000e+02, 1.311510e+02
1.000000e+02, 1.311389e+02
1.000000e+02, 1.311277e+02
1.000000e+02, 1.311173e+02
1.000000e+02, 1.311078e+02
1.000000e+02, 1.310991e+02
1.000000e+02, 1.310914e+02
1.000000e+02, 1.310845e+02
1.000000e+02, 1.310784e+02
1.000000e+02, 1.310732e+02
1.000000e+02, 1.310689e+02
1.000000e+02, 1.310655e+02
1.000000e+02, 1.310629e+02
1.000000e+02, 1.310612e+02
1.000000e+02, 1.310603e+02
1.000000e+02, 1.310603e+02
1.000000e+02, 1.310612e+02
1.000000e+02, 1.310629e+02
1.000000e+02, 1.310655e+02
1.000000e+02, 1.310689e+02
1.000000e+02, 1.310732e+02
1.000000e+02, 1.310784e+02
1.000000e+02, 1.310845e+02
1.000000e+02, 1.310914e+02
1.000000e+02, 1.310991e+02
1.000000e+02, 1.311078e+02
1.000000e+02, 1.311173e+02
1.000000e+02, 1.311277e+02
1.000000e+02, 1.311389e+02
1.000000e+02, 1.311510e+02
1.000000e+02, 1.311640e+02
1.000000e+02, 1.311778e+02
1.000000e+02, 1.311925e+02
1.000000e+02, 1.312081e+02
1.000000e+02, 1.312245e+02
1.000000e+02, 1.312419e+02
1.000000e+02, 1.312601e+02
1.000000e+02, 1.312791e+02
1.000000e+02, 1.312991e+02
1.000000e+02, 1.313199e+02
1.000000e+02, 1.313415e+02
1.000000e+02, 1.313641e+02
1.000000e+02, 1.313876e+02
1.000000e+02, 1.314119e+02
1.000000e+02, 1.314371e+02
1.000000e+02, 1.314632e+02
1.000000e+02, 1.314901e+02
1.000000e+02, 1.315180e+02
1.000000e+02, 1.315467e+02
1.000000e+02, 1.315763e+02
1.000000e+02, 1.316068e+02
1.000000e+02, 1.316382e+02
1.000000e+02, 1.316705e+02
1.000000e+02, 1.317037e+02
1.000000e+02, 1.317378e+02
1.000000e+02, 1.317728e+02
1.000000e+02, 1.318086e+02
1.000000e+02, 1.318454e+02
1.000000e+02, 1.318831e+02
1.000000e+02, 1.319217e+02
1.000000e+02, 1.319611e+02
1.000000e+02, 1.320015e+02
1.000000e+02, 1.320428e+02
1.000000e+02, 1.320851e+02
1.000000e+02, 1.321282e+02
1.000000e+02, 1.321722e+02
1.000000e+02, 1.322172e+02
1.000000e+02, 1.322631e+02
1.000000e+02, 1.323099e+02
1.000000e+02, 1.323576e+02
1.000000e+02, 1.324063e+02
1.000000e+02, 1.324558e+02
1.000000e+02, 1.325064e+02
1.000000e+02, 1.325578e+02
1.000000e+02, 1.326102e+02
1.000000e+02, 1.326636e+02
1.000000e+02, 1.327179e+02
1.000000e+02, 1.327731e+02
1.000000e+02, 1.328293e+02
1.000000e+02, 1.328864e+02
1.000000e+02, 1.329445e+02
1.000000e+02, 1.330035e+02
1.000000e+02, 1.330636e+02
1.000000e+02, 1.331245e+02
1.000000e+02, 1.331865e+02
1.000000e+02, 1.332494e+02
1.000000e+02, 1.333133e+02
1.000000e+02, 1.333782e+02
1.000000e+02, 1.334441e+02
1.000000e+02, 1.335109e+02
1.000000e+02, 1.335788e+02
1.000000e+02, 1.336476e+02
1.000000e+02, 1.337174e+02
1.000000e+02, 1.337883e+02
1.000000e+02, 1.338601e+02
1.000000e+02, 1.339330e+02
1.000000e+02, 1.340069e+02
1.000000e+02, 1.340818e+02
1.000000e+02, 1.341577e+02
1.000000e+02, 1.342346e+02
1.000000e+02, 1.343126e+02
1.000000e+02, 1.343916e+02
1.000000e+02, 1.344717e+02
1.000000e+02, 1.345528e+02
1.000000e+02, 1.346350e+02
1.000000e+02, 1.347182e+02
1.000000e+02, 1.348025e+02
1.000000e+02, 1.348879e+02
1.000000e+02, 1.349743e+02
1.000000e+02, 1.350619e+02
1.000000e+02, 1.351505e+02
1.000000e+02, 1.352402e+02
1.000000e+02, 1.353310e+02
1.000000e+02, 1.354229e+02
1.000000e+02, 1.355159e+02
1.000000e+02, 1.356100e+02
1.000000e+02, 1.357052e+02
1.000000e+02, 1.358016e+02
1.000000e+02, 1.358991e+02
1.000000e+02, 1.359978e+02
1.000000e+02, 1.360976e+02
1.000000e+02, 1.361986e+02
1.000000e+02, 1.363007e+02
1.000000e+02, 1.364040e+02
1.000000e+02, 1.365085e+02
1.000000e+02, 1.366141e+02
1.000000e+02, 1.367210e+02
1.000000e+02, 1.368290e+02
1.000000e+02, 1.369383e+02
1.000000e+02, 1.370488e+02
1.000000e+02, 1.371605e+02
1.000000e+02, 1.372734e+02
1.000000e+02, 1.373876e+02
1.000000e+02, 1.375030e+02
1.000000e+02, 1.376197e+02
1.000000e+02, 1.377377e+02
1.000000e+02, 1.378569e+02
1.000000e+02, 1.379775e+02
1.000000e+02, 1.380993e+02
1.000000e+02, 1.382224e+02
1.000000e+02, 1.383469e+02
1.000000e+02, 1.384727e+02
1.000000e+02, 1.385998e+02
1.000000e+02, 1.387283e+02
1.000000e+02, 1.388582e+02
1.000000e+02, 1.389894e+02
1.000000e+02, 1.391220e+02
1.000000e+02, 1.392560e+02
1.000000e+02, 1.393915e+02
1.000000e+02, 1.395283e+02
1.000000e+02, 1.396666e+02
1.000000e+02, 1.398063e+02
1.000000e+02, 1.399475e+02
1.000000e+02, 1.400902e+02
1.000000e+02, 1.402343e+02
1.000000e+02, 1.403800e+02
1.000000e+02, 1.405272e+02
1.000000e+02, 1.406759e+02
1.000000e+02, 1.408262e+02
1.000000e+02, 1.409780e+02
1.000000e+02, 1.411314e+02
1.000000e+02, 1.412864e+02
1.000000e+02, 1.414430e+02
1.000000e+02, 1.416013e+02
1.000000e+02, 1.417612e+02
1.000000e+02, 1.419228e+02
1.000000e+02, 1.420860e+02
1.000000e+02, 1.422510e+02
1.000000e+02, 1.424177e+02
1.000000e+02, 1.425861e+02
1.000000e+02, 1.427564e+02
1.000000e+02, 1.429284e+02
1.000000e+02, 1.431022e+02
1.000000e+02, 1.432778e+02
1.000000e+02, 1.434553e+02
1.000000e+02, 1.436347e+02
1.000000e+02, 1.438159e+02
1.000000e+02, 1.439991e+02
1.000000e+02, 1.441843e+02
1.000000e+02, 1.443714e+02
1.000000e+02, 1.445606e+02
1.000000e+02, 1.447518e+02
1.000000e+02, 1.449450e+02
1.000000e+02, 1.451404e+02
1.000000e+02, 1.453378e+02
1.000000e+02, 1.455375e+02
1.000000e+02, 1.457393e+02
1.000000e+02, 1.459433e+02
1.000000e+02, 1.461496e+02
1.000000e+02, 1.463582e+02
1.000000e+02, 1.465691e+02
1.000000e+02, 1.467824e+02
1.000000e+02, 1.469981e+02
1.000000e+02, 1.472163e+02
1.000000e+02, 1.474369e+02
1.000000e+02, 1.476601e+02
1.000000e+02, 1.478858e+02
1.000000e+02, 1.481142e+02
1.000000e+02, 1.483453e+02
1.000000e+02, 1.485791e+02
1.000000e+02, 1.488156e+02
1.000000e+02, 1.490551e+02
1.000000e+02, 1.492973e+02
1.000000e+02, 1.495426e+02
1.000000e+02, 1.497909e+02
1.000000e+02, 1.500422e+02
1.000000e+02, 1.502967e+02
1.000000e+02, 1.505543e+02
1.000000e+02, 1.508153e+02
1.000000e+02, 1.510796e+02
1.000000e+02, 1.513474e+02
1.000000e+02, 1.516186e+02
1.000000e+02, 1.518935e+02
1.000000e+02, 1.521721e+02
1.000000e+02, 1.524544e+02
1.000000e+02, 1.527406e+02
1.000000e+02, 1.530308e+02
1.000000e+02, 1.533252e+02
1.000000e+02, 1.536237e+02
1.000000e+02, 1.539265e+02
1.000000e+02, 1.542338e+02
1.000000e+02, 1.545457e+02
1.000000e+02, 1.548624e+02
1.000000e+02, 1.551839e+02
1.000000e+02, 1.555104e+02
1.000000e+02, 1.558421e+02
1.000000e+02, 1.561793e+02
1.000000e+02, 1.565220e+02
1.000000e+02, 1.568705e+02
1.000000e+02, 1.572249e+02
1.000000e+02, 1.575856e+02
1.000000e+02, 1.579527e+02
1.000000e+02, 1.583266e+02
1.000000e+02, 1.587075e+02
1.000000e+02, 1.590957e+02
1.000000e+02, 1.594915e+02
1.000000e+02, 1.598954e+02
1.000000e+02, 1.603076e+02
1.000000e+02, 1.607286e+02
1.000000e+02, 1.611590e+02
1.000000e+02, 1.615990e+02
1.000000e+02, 1.620495e+02
1.000000e+02, 1.625108e+02
1.000000e+02, 1.629838e+02
1.000000e+02, 1.634692e+02
1.000000e+02, 1.639678e+02
1.000000e+02, 1.644806e+02
1.000000e+02, 1.650086e+02
1.000000e+02, 1.655531e+02
1.000000e+02, 1.661154e+02
1.000000e+02, 1.666972e+02
1.000000e+02, 1.673004e+02
1.000000e+02, 1.679273e+02
1.000000e+02, 1.685803e+02
1.000000e+02, 1.692629e+02
1.000000e+02, 1.699788e+02
1.000000e+02, 1.707331e+02
1.000000e+02, 1.715321e+02
1.000000e+02, 1.723840e+02
1.000000e+02, 1.733001e+02
1.000000e+02, 1.742967e+02
1.000000e+02, 1.753981e+02
1.000000e+02, 1.766449e+02
1.000000e+02, 1.781145e+02
1.000000e+02, 1.800000e+02
##END= 