##TITLE= /opt/topspin3.0/exp/stan/nmr/lists/wave/user/HypSec_trunc2.84_110
##JCAMP-DX= 5.00 Bruker JCAMP library
##DATA TYPE= Shape Data
##ORIGIN= Bruker BioSpin GmbH
##OWNER= <nmrsu>
##DATE= 15/02/24
##TIME= 16:15:04
##MINX= 1.164538e+01
##MAXX= 9.999960e+01
##MINY= 2.546774e-02
##MAXY= 3.585574e+02
##$SHAPE_EXMODE= Adiabatic
##$SHAPE_TOTROT= 1.800000e+02
##$SHAPE_BWFAC= 1.929340e+02
##$SHAPE_INTEGFAC= 2.356110e-02
##$SHAPE_MODE= 0
##NPOINTS= 1000
##XYPOINTS= (XY..XY)
1.000000e+02, 1.800000e+02
1.000000e+02, 1.766784e+02
1.000000e+02, 1.738208e+02
1.000000e+02, 1.712747e+02
1.000000e+02, 1.689571e+02
1.000000e+02, 1.668163e+02
1.000000e+02, 1.648180e+02
1.000000e+02, 1.629375e+02
1.000000e+02, 1.611567e+02
1.000000e+02, 1.594617e+02
1.000000e+02, 1.578416e+02
1.000000e+02, 1.562877e+02
1.000000e+02, 1.547927e+02
1.000000e+02, 1.533508e+02
1.000000e+02, 1.519569e+02
1.000000e+02, 1.506069e+02
1.000000e+02, 1.492969e+02
1.000000e+02, 1.480240e+02
1.000000e+02, 1.467853e+02
1.000000e+02, 1.455783e+02
1.000000e+02, 1.444010e+02
1.000000e+02, 1.432515e+02
1.000000e+02, 1.421279e+02
1.000000e+02, 1.410288e+02
1.000000e+02, 1.399528e+02
1.000000e+02, 1.388985e+02
1.000000e+02, 1.378650e+02
1.000000e+02, 1.368510e+02
1.000000e+02, 1.358557e+02
1.000000e+02, 1.348782e+02
1.000000e+02, 1.339176e+02
1.000000e+02, 1.329733e+02
1.000000e+02, 1.320444e+02
1.000000e+02, 1.311304e+02
1.000000e+02, 1.302306e+02
1.000000e+02, 1.293446e+02
1.000000e+02, 1.284717e+02
1.000000e+02, 1.276115e+02
1.000000e+02, 1.267635e+02
1.000000e+02, 1.259273e+02
1.000000e+02, 1.251025e+02
1.000000e+02, 1.242887e+02
1.000000e+02, 1.234855e+02
1.000000e+02, 1.226926e+02
1.000000e+02, 1.219097e+02
1.000000e+02, 1.211365e+02
1.000000e+02, 1.203727e+02
1.000000e+02, 1.196179e+02
1.000000e+02, 1.188721e+02
1.000000e+02, 1.181348e+02
1.000000e+02, 1.174058e+02
1.000000e+02, 1.166850e+02
1.000000e+02, 1.159722e+02
1.000000e+02, 1.152670e+02
1.000000e+02, 1.145694e+02
1.000000e+02, 1.138791e+02
1.000000e+02, 1.131960e+02
1.000000e+02, 1.125198e+02
1.000000e+02, 1.118505e+02
1.000000e+02, 1.111878e+02
1.000000e+02, 1.105316e+02
1.000000e+02, 1.098818e+02
1.000000e+02, 1.092383e+02
1.000000e+02, 1.086008e+02
1.000000e+02, 1.079692e+02
1.000000e+02, 1.073436e+02
1.000000e+02, 1.067236e+02
1.000000e+02, 1.061092e+02
1.000000e+02, 1.055003e+02
1.000000e+02, 1.048968e+02
1.000000e+02, 1.042986e+02
1.000000e+02, 1.037055e+02
1.000000e+02, 1.031175e+02
1.000000e+02, 1.025346e+02
1.000000e+02, 1.019565e+02
1.000000e+02, 1.013832e+02
1.000000e+02, 1.008146e+02
1.000000e+02, 1.002507e+02
1.000000e+02, 9.969129e+01
1.000000e+02, 9.913640e+01
1.000000e+02, 9.858591e+01
1.000000e+02, 9.803976e+01
1.000000e+02, 9.749787e+01
1.000000e+02, 9.696018e+01
1.000000e+02, 9.642661e+01
1.000000e+02, 9.589710e+01
1.000000e+02, 9.537159e+01
1.000000e+02, 9.485003e+01
1.000000e+02, 9.433234e+01
1.000000e+02, 9.381847e+01
1.000000e+02, 9.330837e+01
1.000000e+02, 9.280197e+01
1.000000e+02, 9.229924e+01
1.000000e+02, 9.180010e+01
1.000000e+02, 9.130453e+01
1.000000e+02, 9.081245e+01
1.000000e+02, 9.032384e+01
1.000000e+02, 8.983863e+01
1.000000e+02, 8.935679e+01
1.000000e+02, 8.887827e+01
1.000000e+02, 8.840302e+01
1.000000e+02, 8.793101e+01
1.000000e+02, 8.746219e+01
1.000000e+02, 8.699652e+01
1.000000e+02, 8.653396e+01
1.000000e+02, 8.607447e+01
1.000000e+02, 8.561803e+01
1.000000e+02, 8.516458e+01
1.000000e+02, 8.471409e+01
1.000000e+02, 8.426653e+01
1.000000e+02, 8.382187e+01
1.000000e+02, 8.338006e+01
1.000000e+02, 8.294108e+01
1.000000e+02, 8.250490e+01
1.000000e+02, 8.207147e+01
1.000000e+02, 8.164078e+01
1.000000e+02, 8.121280e+01
1.000000e+02, 8.078748e+01
1.000000e+02, 8.036481e+01
1.000000e+02, 7.994475e+01
1.000000e+02, 7.952727e+01
1.000000e+02, 7.911236e+01
1.000000e+02, 7.869998e+01
1.000000e+02, 7.829011e+01
1.000000e+02, 7.788272e+01
1.000000e+02, 7.747778e+01
1.000000e+02, 7.707527e+01
1.000000e+02, 7.667518e+01
1.000000e+02, 7.627746e+01
1.000000e+02, 7.588210e+01
1.000000e+02, 7.548909e+01
1.000000e+02, 7.509838e+01
1.000000e+02, 7.470997e+01
1.000000e+02, 7.432383e+01
1.000000e+02, 7.393994e+01
1.000000e+02, 7.355828e+01
1.000000e+02, 7.317882e+01
1.000000e+02, 7.280156e+01
1.000000e+02, 7.242646e+01
1.000000e+02, 7.205351e+01
1.000000e+02, 7.168270e+01
1.000000e+02, 7.131399e+01
1.000000e+02, 7.094738e+01
1.000000e+02, 7.058284e+01
1.000000e+02, 7.022036e+01
1.000000e+02, 6.985992e+01
1.000000e+02, 6.950150e+01
1.000000e+02, 6.914509e+01
1.000000e+02, 6.879066e+01
1.000000e+02, 6.843821e+01
1.000000e+02, 6.808772e+01
1.000000e+02, 6.773917e+01
1.000000e+02, 6.739254e+01
1.000000e+02, 6.704782e+01
1.000000e+02, 6.670500e+01
1.000000e+02, 6.636406e+01
1.000000e+02, 6.602498e+01
1.000000e+02, 6.568775e+01
1.000000e+02, 6.535236e+01
1.000000e+02, 6.501880e+01
1.000000e+02, 6.468704e+01
1.000000e+02, 6.435708e+01
1.000000e+02, 6.402891e+01
1.000000e+02, 6.370250e+01
1.000000e+02, 6.337785e+01
1.000000e+02, 6.305494e+01
1.000000e+02, 6.273377e+01
1.000000e+02, 6.241431e+01
1.000000e+02, 6.209656e+01
1.000000e+02, 6.178051e+01
1.000000e+02, 6.146614e+01
1.000000e+02, 6.115344e+01
1.000000e+02, 6.084241e+01
1.000000e+02, 6.053302e+01
1.000000e+02, 6.022527e+01
1.000000e+02, 5.991915e+01
1.000000e+02, 5.961464e+01
1.000000e+02, 5.931174e+01
1.000000e+02, 5.901043e+01
1.000000e+02, 5.871071e+01
1.000000e+02, 5.841257e+01
1.000000e+02, 5.811598e+01
1.000000e+02, 5.782096e+01
1.000000e+02, 5.752747e+01
1.000000e+02, 5.723552e+01
1.000000e+02, 5.694510e+01
1.000000e+02, 5.665620e+01
1.000000e+02, 5.636880e+01
1.000000e+02, 5.608290e+01
1.000000e+02, 5.579848e+01
1.000000e+02, 5.551555e+01
1.000000e+02, 5.523409e+01
1.000000e+02, 5.495409e+01
1.000000e+02, 5.467554e+01
1.000000e+02, 5.439844e+01
1.000000e+02, 5.412277e+01
1.000000e+02, 5.384854e+01
1.000000e+02, 5.357572e+01
1.000000e+02, 5.330432e+01
1.000000e+02, 5.303432e+01
1.000000e+02, 5.276572e+01
1.000000e+02, 5.249851e+01
1.000000e+02, 5.223268e+01
1.000000e+02, 5.196822e+01
1.000000e+02, 5.170513e+01
1.000000e+02, 5.144340e+01
1.000000e+02, 5.118301e+01
1.000000e+02, 5.092398e+01
1.000000e+02, 5.066628e+01
1.000000e+02, 5.040991e+01
1.000000e+02, 5.015487e+01
1.000000e+02, 4.990114e+01
1.000000e+02, 4.964872e+01
1.000000e+02, 4.939760e+01
1.000000e+02, 4.914778e+01
1.000000e+02, 4.889925e+01
1.000000e+02, 4.865201e+01
1.000000e+02, 4.840604e+01
1.000000e+02, 4.816134e+01
1.000000e+02, 4.791791e+01
1.000000e+02, 4.767574e+01
1.000000e+02, 4.743481e+01
1.000000e+02, 4.719514e+01
1.000000e+02, 4.695671e+01
1.000000e+02, 4.671951e+01
1.000000e+02, 4.648353e+01
1.000000e+02, 4.624879e+01
1.000000e+02, 4.601526e+01
1.000000e+02, 4.578294e+01
1.000000e+02, 4.555183e+01
1.000000e+02, 4.532192e+01
1.000000e+02, 4.509320e+01
1.000000e+02, 4.486567e+01
1.000000e+02, 4.463933e+01
1.000000e+02, 4.441417e+01
1.000000e+02, 4.419018e+01
1.000000e+02, 4.396737e+01
1.000000e+02, 4.374571e+01
1.000000e+02, 4.352522e+01
1.000000e+02, 4.330588e+01
1.000000e+02, 4.308769e+01
1.000000e+02, 4.287064e+01
1.000000e+02, 4.265473e+01
1.000000e+02, 4.243996e+01
1.000000e+02, 4.222632e+01
1.000000e+02, 4.201380e+01
1.000000e+02, 4.180241e+01
1.000000e+02, 4.159213e+01
1.000000e+02, 4.138296e+01
1.000000e+02, 4.117490e+01
1.000000e+02, 4.096795e+01
1.000000e+02, 4.076209e+01
1.000000e+02, 4.055733e+01
1.000000e+02, 4.035365e+01
1.000000e+02, 4.015107e+01
1.000000e+02, 3.994956e+01
1.000000e+02, 3.974913e+01
1.000000e+02, 3.954978e+01
1.000000e+02, 3.935149e+01
1.000000e+02, 3.915427e+01
1.000000e+02, 3.895811e+01
1.000000e+02, 3.876301e+01
1.000000e+02, 3.856897e+01
1.000000e+02, 3.837597e+01
1.000000e+02, 3.818402e+01
1.000000e+02, 3.799311e+01
1.000000e+02, 3.780324e+01
1.000000e+02, 3.761440e+01
1.000000e+02, 3.742660e+01
1.000000e+02, 3.723982e+01
1.000000e+02, 3.705407e+01
1.000000e+02, 3.686934e+01
1.000000e+02, 3.668562e+01
1.000000e+02, 3.650292e+01
1.000000e+02, 3.632123e+01
1.000000e+02, 3.614054e+01
1.000000e+02, 3.596086e+01
1.000000e+02, 3.578218e+01
1.000000e+02, 3.560449e+01
1.000000e+02, 3.542780e+01
1.000000e+02, 3.525210e+01
1.000000e+02, 3.507738e+01
1.000000e+02, 3.490365e+01
1.000000e+02, 3.473090e+01
1.000000e+02, 3.455913e+01
1.000000e+02, 3.438833e+01
1.000000e+02, 3.421850e+01
1.000000e+02, 3.404964e+01
1.000000e+02, 3.388175e+01
1.000000e+02, 3.371482e+01
1.000000e+02, 3.354884e+01
1.000000e+02, 3.338383e+01
1.000000e+02, 3.321977e+01
1.000000e+02, 3.305666e+01
1.000000e+02, 3.289449e+01
1.000000e+02, 3.273328e+01
1.000000e+02, 3.257300e+01
1.000000e+02, 3.241366e+01
1.000000e+02, 3.225527e+01
1.000000e+02, 3.209780e+01
1.000000e+02, 3.194127e+01
1.000000e+02, 3.178567e+01
1.000000e+02, 3.163099e+01
1.000000e+02, 3.147724e+01
1.000000e+02, 3.132440e+01
1.000000e+02, 3.117249e+01
1.000000e+02, 3.102149e+01
1.000000e+02, 3.087141e+01
1.000000e+02, 3.072224e+01
1.000000e+02, 3.057397e+01
1.000000e+02, 3.042662e+01
1.000000e+02, 3.028016e+01
1.000000e+02, 3.013461e+01
1.000000e+02, 2.998996e+01
1.000000e+02, 2.984621e+01
1.000000e+02, 2.970335e+01
1.000000e+02, 2.956138e+01
1.000000e+02, 2.942030e+01
1.000000e+02, 2.928011e+01
1.000000e+02, 2.914081e+01
1.000000e+02, 2.900239e+01
1.000000e+02, 2.886485e+01
1.000000e+02, 2.872819e+01
1.000000e+02, 2.859241e+01
1.000000e+02, 2.845750e+01
1.000000e+02, 2.832347e+01
1.000000e+02, 2.819030e+01
1.000000e+02, 2.805801e+01
1.000000e+02, 2.792658e+01
1.000000e+02, 2.779602e+01
1.000000e+02, 2.766632e+01
1.000000e+02, 2.753748e+01
1.000000e+02, 2.740950e+01
1.000000e+02, 2.728237e+01
1.000000e+02, 2.715610e+01
1.000000e+02, 2.703069e+01
1.000000e+02, 2.690612e+01
1.000000e+02, 2.678241e+01
1.000000e+02, 2.665954e+01
1.000000e+02, 2.653752e+01
1.000000e+02, 2.641634e+01
1.000000e+02, 2.629601e+01
1.000000e+02, 2.617651e+01
1.000000e+02, 2.605785e+01
1.000000e+02, 2.594003e+01
1.000000e+02, 2.582305e+01
1.000000e+02, 2.570690e+01
1.000000e+02, 2.559158e+01
1.000000e+02, 2.547709e+01
1.000000e+02, 2.536342e+01
1.000000e+02, 2.525059e+01
1.000000e+02, 2.513858e+01
1.000000e+02, 2.502739e+01
1.000000e+02, 2.491703e+01
1.000000e+02, 2.480749e+01
1.000000e+02, 2.469876e+01
1.000000e+02, 2.459086e+01
1.000000e+02, 2.448376e+01
1.000000e+02, 2.437749e+01
1.000000e+02, 2.427202e+01
1.000000e+02, 2.416737e+01
1.000000e+02, 2.406353e+01
1.000000e+02, 2.396049e+01
1.000000e+02, 2.385826e+01
1.000000e+02, 2.375684e+01
1.000000e+02, 2.365622e+01
1.000000e+02, 2.355641e+01
1.000000e+02, 2.345739e+01
1.000000e+02, 2.335918e+01
1.000000e+02, 2.326176e+01
1.000000e+02, 2.316514e+01
1.000000e+02, 2.306932e+01
1.000000e+02, 2.297429e+01
1.000000e+02, 2.288006e+01
1.000000e+02, 2.278662e+01
1.000000e+02, 2.269397e+01
1.000000e+02, 2.260211e+01
1.000000e+02, 2.251103e+01
1.000000e+02, 2.242075e+01
1.000000e+02, 2.233125e+01
1.000000e+02, 2.224253e+01
1.000000e+02, 2.215460e+01
1.000000e+02, 2.206745e+01
1.000000e+02, 2.198108e+01
1.000000e+02, 2.189549e+01
1.000000e+02, 2.181068e+01
1.000000e+02, 2.172665e+01
1.000000e+02, 2.164339e+01
1.000000e+02, 2.156091e+01
1.000000e+02, 2.147921e+01
1.000000e+02, 2.139828e+01
1.000000e+02, 2.131812e+01
1.000000e+02, 2.123873e+01
1.000000e+02, 2.116011e+01
1.000000e+02, 2.108226e+01
1.000000e+02, 2.100518e+01
1.000000e+02, 2.092887e+01
1.000000e+02, 2.085332e+01
1.000000e+02, 2.077854e+01
1.000000e+02, 2.070452e+01
1.000000e+02, 2.063127e+01
1.000000e+02, 2.055877e+01
1.000000e+02, 2.048704e+01
1.000000e+02, 2.041607e+01
1.000000e+02, 2.034586e+01
1.000000e+02, 2.027641e+01
1.000000e+02, 2.020772e+01
1.000000e+02, 2.013978e+01
1.000000e+02, 2.007260e+01
1.000000e+02, 2.000617e+01
1.000000e+02, 1.994050e+01
1.000000e+02, 1.987558e+01
1.000000e+02, 1.981142e+01
1.000000e+02, 1.974800e+01
1.000000e+02, 1.968534e+01
1.000000e+02, 1.962343e+01
1.000000e+02, 1.956227e+01
1.000000e+02, 1.950185e+01
1.000000e+02, 1.944219e+01
1.000000e+02, 1.938327e+01
1.000000e+02, 1.932509e+01
1.000000e+02, 1.926767e+01
1.000000e+02, 1.921099e+01
1.000000e+02, 1.915505e+01
1.000000e+02, 1.909985e+01
1.000000e+02, 1.904540e+01
1.000000e+02, 1.899169e+01
1.000000e+02, 1.893873e+01
1.000000e+02, 1.888650e+01
1.000000e+02, 1.883502e+01
1.000000e+02, 1.878427e+01
1.000000e+02, 1.873426e+01
1.000000e+02, 1.868499e+01
1.000000e+02, 1.863646e+01
1.000000e+02, 1.858867e+01
1.000000e+02, 1.854161e+01
1.000000e+02, 1.849529e+01
1.000000e+02, 1.844970e+01
1.000000e+02, 1.840485e+01
1.000000e+02, 1.836074e+01
1.000000e+02, 1.831735e+01
1.000000e+02, 1.827470e+01
1.000000e+02, 1.823279e+01
1.000000e+02, 1.819160e+01
1.000000e+02, 1.815115e+01
1.000000e+02, 1.811143e+01
1.000000e+02, 1.807244e+01
1.000000e+02, 1.803418e+01
1.000000e+02, 1.799665e+01
1.000000e+02, 1.795985e+01
1.000000e+02, 1.792377e+01
1.000000e+02, 1.788843e+01
1.000000e+02, 1.785381e+01
1.000000e+02, 1.781992e+01
1.000000e+02, 1.778676e+01
1.000000e+02, 1.775433e+01
1.000000e+02, 1.772262e+01
1.000000e+02, 1.769164e+01
1.000000e+02, 1.766138e+01
1.000000e+02, 1.763185e+01
1.000000e+02, 1.760305e+01
1.000000e+02, 1.757496e+01
1.000000e+02, 1.754761e+01
1.000000e+02, 1.752097e+01
1.000000e+02, 1.749506e+01
1.000000e+02, 1.746988e+01
1.000000e+02, 1.744541e+01
1.000000e+02, 1.742167e+01
1.000000e+02, 1.739865e+01
1.000000e+02, 1.737636e+01
1.000000e+02, 1.735478e+01
1.000000e+02, 1.733393e+01
1.000000e+02, 1.731380e+01
1.000000e+02, 1.729439e+01
1.000000e+02, 1.727570e+01
1.000000e+02, 1.725773e+01
1.000000e+02, 1.724048e+01
1.000000e+02, 1.722395e+01
1.000000e+02, 1.720815e+01
1.000000e+02, 1.719306e+01
1.000000e+02, 1.717869e+01
1.000000e+02, 1.716504e+01
1.000000e+02, 1.715211e+01
1.000000e+02, 1.713990e+01
1.000000e+02, 1.712841e+01
1.000000e+02, 1.711763e+01
1.000000e+02, 1.710758e+01
1.000000e+02, 1.709824e+01
1.000000e+02, 1.708963e+01
1.000000e+02, 1.708173e+01
1.000000e+02, 1.707455e+01
1.000000e+02, 1.706809e+01
1.000000e+02, 1.706234e+01
1.000000e+02, 1.705732e+01
1.000000e+02, 1.705301e+01
1.000000e+02, 1.704942e+01
1.000000e+02, 1.704655e+01
1.000000e+02, 1.704440e+01
1.000000e+02, 1.704296e+01
1.000000e+02, 1.704224e+01
1.000000e+02, 1.704224e+01
1.000000e+02, 1.704296e+01
1.000000e+02, 1.704440e+01
1.000000e+02, 1.704655e+01
1.000000e+02, 1.704942e+01
1.000000e+02, 1.705301e+01
1.000000e+02, 1.705732e+01
1.000000e+02, 1.706234e+01
1.000000e+02, 1.706809e+01
1.000000e+02, 1.707455e+01
1.000000e+02, 1.708173e+01
1.000000e+02, 1.708963e+01
1.000000e+02, 1.709824e+01
1.000000e+02, 1.710758e+01
1.000000e+02, 1.711763e+01
1.000000e+02, 1.712841e+01
1.000000e+02, 1.713990e+01
1.000000e+02, 1.715211e+01
1.000000e+02, 1.716504e+01
1.000000e+02, 1.717869e+01
1.000000e+02, 1.719306e+01
1.000000e+02, 1.720815e+01
1.000000e+02, 1.722395e+01
1.000000e+02, 1.724048e+01
1.000000e+02, 1.725773e+01
1.000000e+02, 1.727570e+01
1.000000e+02, 1.729439e+01
1.000000e+02, 1.731380e+01
1.000000e+02, 1.733393e+01
1.000000e+02, 1.735478e+01
1.000000e+02, 1.737636e+01
1.000000e+02, 1.739865e+01
1.000000e+02, 1.742167e+01
1.000000e+02, 1.744541e+01
1.000000e+02, 1.746988e+01
1.000000e+02, 1.749506e+01
1.000000e+02, 1.752097e+01
1.000000e+02, 1.754761e+01
1.000000e+02, 1.757496e+01
1.000000e+02, 1.760305e+01
1.000000e+02, 1.763185e+01
1.000000e+02, 1.766138e+01
1.000000e+02, 1.769164e+01
1.000000e+02, 1.772262e+01
1.000000e+02, 1.775433e+01
1.000000e+02, 1.778676e+01
1.000000e+02, 1.781992e+01
1.000000e+02, 1.785381e+01
1.000000e+02, 1.788843e+01
1.000000e+02, 1.792377e+01
1.000000e+02, 1.795985e+01
1.000000e+02, 1.799665e+01
1.000000e+02, 1.803418e+01
1.000000e+02, 1.807244e+01
1.000000e+02, 1.811143e+01
1.000000e+02, 1.815115e+01
1.000000e+02, 1.819160e+01
1.000000e+02, 1.823279e+01
1.000000e+02, 1.827470e+01
1.000000e+02, 1.831735e+01
1.000000e+02, 1.836074e+01
1.000000e+02, 1.840485e+01
1.000000e+02, 1.844970e+01
1.000000e+02, 1.849529e+01
1.000000e+02, 1.854161e+01
1.000000e+02, 1.858867e+01
1.000000e+02, 1.863646e+01
1.000000e+02, 1.868499e+01
1.000000e+02, 1.873426e+01
1.000000e+02, 1.878427e+01
1.000000e+02, 1.883502e+01
1.000000e+02, 1.888650e+01
1.000000e+02, 1.893873e+01
1.000000e+02, 1.899169e+01
1.000000e+02, 1.904540e+01
1.000000e+02, 1.909985e+01
1.000000e+02, 1.915505e+01
1.000000e+02, 1.921099e+01
1.000000e+02, 1.926767e+01
1.000000e+02, 1.932509e+01
1.000000e+02, 1.938327e+01
1.000000e+02, 1.944219e+01
1.000000e+02, 1.950185e+01
1.000000e+02, 1.956227e+01
1.000000e+02, 1.962343e+01
1.000000e+02, 1.968534e+01
1.000000e+02, 1.974800e+01
1.000000e+02, 1.981142e+01
1.000000e+02, 1.987558e+01
1.000000e+02, 1.994050e+01
1.000000e+02, 2.000617e+01
1.000000e+02, 2.007260e+01
1.000000e+02, 2.013978e+01
1.000000e+02, 2.020772e+01
1.000000e+02, 2.027641e+01
1.000000e+02, 2.034586e+01
1.000000e+02, 2.041607e+01
1.000000e+02, 2.048704e+01
1.000000e+02, 2.055878e+01
1.000000e+02, 2.063127e+01
1.000000e+02, 2.070452e+01
1.000000e+02, 2.077854e+01
1.000000e+02, 2.085332e+01
1.000000e+02, 2.092887e+01
1.000000e+02, 2.100518e+01
1.000000e+02, 2.108226e+01
1.000000e+02, 2.116011e+01
1.000000e+02, 2.123873e+01
1.000000e+02, 2.131812e+01
1.000000e+02, 2.139828e+01
1.000000e+02, 2.147921e+01
1.000000e+02, 2.156091e+01
1.000000e+02, 2.164339e+01
1.000000e+02, 2.172665e+01
1.000000e+02, 2.181068e+01
1.000000e+02, 2.189549e+01
1.000000e+02, 2.198108e+01
1.000000e+02, 2.206745e+01
1.000000e+02, 2.215460e+01
1.000000e+02, 2.224253e+01
1.000000e+02, 2.233125e+01
1.000000e+02, 2.242075e+01
1.000000e+02, 2.251103e+01
1.000000e+02, 2.260211e+01
1.000000e+02, 2.269397e+01
1.000000e+02, 2.278662e+01
1.000000e+02, 2.288006e+01
1.000000e+02, 2.297430e+01
1.000000e+02, 2.306932e+01
1.000000e+02, 2.316515e+01
1.000000e+02, 2.326176e+01
1.000000e+02, 2.335918e+01
1.000000e+02, 2.345739e+01
1.000000e+02, 2.355641e+01
1.000000e+02, 2.365622e+01
1.000000e+02, 2.375684e+01
1.000000e+02, 2.385826e+01
1.000000e+02, 2.396049e+01
1.000000e+02, 2.406353e+01
1.000000e+02, 2.416737e+01
1.000000e+02, 2.427202e+01
1.000000e+02, 2.437749e+01
1.000000e+02, 2.448376e+01
1.000000e+02, 2.459086e+01
1.000000e+02, 2.469876e+01
1.000000e+02, 2.480749e+01
1.000000e+02, 2.491703e+01
1.000000e+02, 2.502740e+01
1.000000e+02, 2.513858e+01
1.000000e+02, 2.525059e+01
1.000000e+02, 2.536343e+01
1.000000e+02, 2.547709e+01
1.000000e+02, 2.559158e+01
1.000000e+02, 2.570690e+01
1.000000e+02, 2.582305e+01
1.000000e+02, 2.594003e+01
1.000000e+02, 2.605785e+01
1.000000e+02, 2.617651e+01
1.000000e+02, 2.629601e+01
1.000000e+02, 2.641634e+01
1.000000e+02, 2.653752e+01
1.000000e+02, 2.665954e+01
1.000000e+02, 2.678241e+01
1.000000e+02, 2.690612e+01
1.000000e+02, 2.703069e+01
1.000000e+02, 2.715611e+01
1.000000e+02, 2.728237e+01
1.000000e+02, 2.740950e+01
1.000000e+02, 2.753748e+01
1.000000e+02, 2.766632e+01
1.000000e+02, 2.779602e+01
1.000000e+02, 2.792658e+01
1.000000e+02, 2.805801e+01
1.000000e+02, 2.819031e+01
1.000000e+02, 2.832347e+01
1.000000e+02, 2.845750e+01
1.000000e+02, 2.859241e+01
1.000000e+02, 2.872819e+01
1.000000e+02, 2.886485e+01
1.000000e+02, 2.900239e+01
1.000000e+02, 2.914081e+01
1.000000e+02, 2.928011e+01
1.000000e+02, 2.942030e+01
1.000000e+02, 2.956138e+01
1.000000e+02, 2.970335e+01
1.000000e+02, 2.984621e+01
1.000000e+02, 2.998996e+01
1.000000e+02, 3.013461e+01
1.000000e+02, 3.028017e+01
1.000000e+02, 3.042662e+01
1.000000e+02, 3.057397e+01
1.000000e+02, 3.072224e+01
1.000000e+02, 3.087141e+01
1.000000e+02, 3.102149e+01
1.000000e+02, 3.117249e+01
1.000000e+02, 3.132440e+01
1.000000e+02, 3.147724e+01
1.000000e+02, 3.163099e+01
1.000000e+02, 3.178567e+01
1.000000e+02, 3.194127e+01
1.000000e+02, 3.209780e+01
1.000000e+02, 3.225527e+01
1.000000e+02, 3.241367e+01
1.000000e+02, 3.257300e+01
1.000000e+02, 3.273328e+01
1.000000e+02, 3.289449e+01
1.000000e+02, 3.305666e+01
1.000000e+02, 3.321977e+01
1.000000e+02, 3.338383e+01
1.000000e+02, 3.354885e+01
1.000000e+02, 3.371482e+01
1.000000e+02, 3.388175e+01
1.000000e+02, 3.404964e+01
1.000000e+02, 3.421850e+01
1.000000e+02, 3.438833e+01
1.000000e+02, 3.455913e+01
1.000000e+02, 3.473090e+01
1.000000e+02, 3.490365e+01
1.000000e+02, 3.507738e+01
1.000000e+02, 3.525210e+01
1.000000e+02, 3.542780e+01
1.000000e+02, 3.560449e+01
1.000000e+02, 3.578218e+01
1.000000e+02, 3.596086e+01
1.000000e+02, 3.614054e+01
1.000000e+02, 3.632123e+01
1.000000e+02, 3.650292e+01
1.000000e+02, 3.668562e+01
1.000000e+02, 3.686934e+01
1.000000e+02, 3.705407e+01
1.000000e+02, 3.723982e+01
1.000000e+02, 3.742660e+01
1.000000e+02, 3.761440e+01
1.000000e+02, 3.780324e+01
1.000000e+02, 3.799311e+01
1.000000e+02, 3.818402e+01
1.000000e+02, 3.837597e+01
1.000000e+02, 3.856897e+01
1.000000e+02, 3.876301e+01
1.000000e+02, 3.895812e+01
1.000000e+02, 3.915427e+01
1.000000e+02, 3.935149e+01
1.000000e+02, 3.954978e+01
1.000000e+02, 3.974913e+01
1.000000e+02, 3.994956e+01
1.000000e+02, 4.015107e+01
1.000000e+02, 4.035365e+01
1.000000e+02, 4.055733e+01
1.000000e+02, 4.076209e+01
1.000000e+02, 4.096795e+01
1.000000e+02, 4.117491e+01
1.000000e+02, 4.138296e+01
1.000000e+02, 4.159213e+01
1.000000e+02, 4.180241e+01
1.000000e+02, 4.201381e+01
1.000000e+02, 4.222632e+01
1.000000e+02, 4.243996e+01
1.000000e+02, 4.265474e+01
1.000000e+02, 4.287064e+01
1.000000e+02, 4.308769e+01
1.000000e+02, 4.330588e+01
1.000000e+02, 4.352522e+01
1.000000e+02, 4.374571e+01
1.000000e+02, 4.396737e+01
1.000000e+02, 4.419019e+01
1.000000e+02, 4.441417e+01
1.000000e+02, 4.463933e+01
1.000000e+02, 4.486568e+01
1.000000e+02, 4.509320e+01
1.000000e+02, 4.532192e+01
1.000000e+02, 4.555183e+01
1.000000e+02, 4.578294e+01
1.000000e+02, 4.601526e+01
1.000000e+02, 4.624879e+01
1.000000e+02, 4.648354e+01
1.000000e+02, 4.671951e+01
1.000000e+02, 4.695671e+01
1.000000e+02, 4.719514e+01
1.000000e+02, 4.743482e+01
1.000000e+02, 4.767574e+01
1.000000e+02, 4.791791e+01
1.000000e+02, 4.816134e+01
1.000000e+02, 4.840604e+01
1.000000e+02, 4.865201e+01
1.000000e+02, 4.889925e+01
1.000000e+02, 4.914778e+01
1.000000e+02, 4.939760e+01
1.000000e+02, 4.964872e+01
1.000000e+02, 4.990114e+01
1.000000e+02, 5.015487e+01
1.000000e+02, 5.040991e+01
1.000000e+02, 5.066628e+01
1.000000e+02, 5.092398e+01
1.000000e+02, 5.118302e+01
1.000000e+02, 5.144340e+01
1.000000e+02, 5.170513e+01
1.000000e+02, 5.196822e+01
1.000000e+02, 5.223268e+01
1.000000e+02, 5.249851e+01
1.000000e+02, 5.276572e+01
1.000000e+02, 5.303432e+01
1.000000e+02, 5.330432e+01
1.000000e+02, 5.357573e+01
1.000000e+02, 5.384854e+01
1.000000e+02, 5.412278e+01
1.000000e+02, 5.439844e+01
1.000000e+02, 5.467554e+01
1.000000e+02, 5.495409e+01
1.000000e+02, 5.523409e+01
1.000000e+02, 5.551555e+01
1.000000e+02, 5.579848e+01
1.000000e+02, 5.608290e+01
1.000000e+02, 5.636880e+01
1.000000e+02, 5.665620e+01
1.000000e+02, 5.694510e+01
1.000000e+02, 5.723553e+01
1.000000e+02, 5.752747e+01
1.000000e+02, 5.782096e+01
1.000000e+02, 5.811598e+01
1.000000e+02, 5.841257e+01
1.000000e+02, 5.871071e+01
1.000000e+02, 5.901043e+01
1.000000e+02, 5.931174e+01
1.000000e+02, 5.961464e+01
1.000000e+02, 5.991915e+01
1.000000e+02, 6.022527e+01
1.000000e+02, 6.053302e+01
1.000000e+02, 6.084241e+01
1.000000e+02, 6.115345e+01
1.000000e+02, 6.146614e+01
1.000000e+02, 6.178051e+01
1.000000e+02, 6.209657e+01
1.000000e+02, 6.241431e+01
1.000000e+02, 6.273377e+01
1.000000e+02, 6.305494e+01
1.000000e+02, 6.337785e+01
1.000000e+02, 6.370250e+01
1.000000e+02, 6.402891e+01
1.000000e+02, 6.435709e+01
1.000000e+02, 6.468705e+01
1.000000e+02, 6.501880e+01
1.000000e+02, 6.535237e+01
1.000000e+02, 6.568775e+01
1.000000e+02, 6.602498e+01
1.000000e+02, 6.636406e+01
1.000000e+02, 6.670500e+01
1.000000e+02, 6.704782e+01
1.000000e+02, 6.739254e+01
1.000000e+02, 6.773917e+01
1.000000e+02, 6.808772e+01
1.000000e+02, 6.843822e+01
1.000000e+02, 6.879067e+01
1.000000e+02, 6.914509e+01
1.000000e+02, 6.950150e+01
1.000000e+02, 6.985992e+01
1.000000e+02, 7.022036e+01
1.000000e+02, 7.058284e+01
1.000000e+02, 7.094738e+01
1.000000e+02, 7.131399e+01
1.000000e+02, 7.168270e+01
1.000000e+02, 7.205352e+01
1.000000e+02, 7.242646e+01
1.000000e+02, 7.280156e+01
1.000000e+02, 7.317882e+01
1.000000e+02, 7.355828e+01
1.000000e+02, 7.393994e+01
1.000000e+02, 7.432383e+01
1.000000e+02, 7.470997e+01
1.000000e+02, 7.509838e+01
1.000000e+02, 7.548909e+01
1.000000e+02, 7.588211e+01
1.000000e+02, 7.627746e+01
1.000000e+02, 7.667518e+01
1.000000e+02, 7.707528e+01
1.000000e+02, 7.747778e+01
1.000000e+02, 7.788272e+01
1.000000e+02, 7.829011e+01
1.000000e+02, 7.869998e+01
1.000000e+02, 7.911236e+01
1.000000e+02, 7.952728e+01
1.000000e+02, 7.994475e+01
1.000000e+02, 8.036481e+01
1.000000e+02, 8.078748e+01
1.000000e+02, 8.121280e+01
1.000000e+02, 8.164079e+01
1.000000e+02, 8.207148e+01
1.000000e+02, 8.250490e+01
1.000000e+02, 8.294108e+01
1.000000e+02, 8.338006e+01
1.000000e+02, 8.382187e+01
1.000000e+02, 8.426653e+01
1.000000e+02, 8.471409e+01
1.000000e+02, 8.516458e+01
1.000000e+02, 8.561803e+01
1.000000e+02, 8.607448e+01
1.000000e+02, 8.653396e+01
1.000000e+02, 8.699652e+01
1.000000e+02, 8.746219e+01
1.000000e+02, 8.793101e+01
1.000000e+02, 8.840302e+01
1.000000e+02, 8.887827e+01
1.000000e+02, 8.935679e+01
1.000000e+02, 8.983863e+01
1.000000e+02, 9.032384e+01
1.000000e+02, 9.081246e+01
1.000000e+02, 9.130453e+01
1.000000e+02, 9.180011e+01
1.000000e+02, 9.229924e+01
1.000000e+02, 9.280197e+01
1.000000e+02, 9.330837e+01
1.000000e+02, 9.381847e+01
1.000000e+02, 9.433234e+01
1.000000e+02, 9.485003e+01
1.000000e+02, 9.537160e+01
1.000000e+02, 9.589710e+01
1.000000e+02, 9.642661e+01
1.000000e+02, 9.696018e+01
1.000000e+02, 9.749787e+01
1.000000e+02, 9.803976e+01
1.000000e+02, 9.858592e+01
1.000000e+02, 9.913640e+01
1.000000e+02, 9.969129e+01
1.000000e+02, 1.002507e+02
1.000000e+02, 1.008146e+02
1.000000e+02, 1.013832e+02
1.000000e+02, 1.019565e+02
1.000000e+02, 1.025346e+02
1.000000e+02, 1.031175e+02
1.000000e+02, 1.037055e+02
1.000000e+02, 1.042986e+02
1.000000e+02, 1.048968e+02
1.000000e+02, 1.055003e+02
1.000000e+02, 1.061092e+02
1.000000e+02, 1.067236e+02
1.000000e+02, 1.073436e+02
1.000000e+02, 1.079692e+02
1.000000e+02, 1.086008e+02
1.000000e+02, 1.092383e+02
1.000000e+02, 1.098818e+02
1.000000e+02, 1.105316e+02
1.000000e+02, 1.111878e+02
1.000000e+02, 1.118505e+02
1.000000e+02, 1.125198e+02
1.000000e+02, 1.131960e+02
1.000000e+02, 1.138791e+02
1.000000e+02, 1.145694e+02
1.000000e+02, 1.152670e+02
1.000000e+02, 1.159722e+02
1.000000e+02, 1.166850e+02
1.000000e+02, 1.174058e+02
1.000000e+02, 1.181348e+02
1.000000e+02, 1.188721e+02
1.000000e+02, 1.196179e+02
1.000000e+02, 1.203727e+02
1.000000e+02, 1.211365e+02
1.000000e+02, 1.219097e+02
1.000000e+02, 1.226926e+02
1.000000e+02, 1.234855e+02
1.000000e+02, 1.242887e+02
1.000000e+02, 1.251025e+02
1.000000e+02, 1.259273e+02
1.000000e+02, 1.267635e+02
1.000000e+02, 1.276115e+02
1.000000e+02, 1.284717e+02
1.000000e+02, 1.293446e+02
1.000000e+02, 1.302306e+02
1.000000e+02, 1.311304e+02
1.000000e+02, 1.320444e+02
1.000000e+02, 1.329733e+02
1.000000e+02, 1.339176e+02
1.000000e+02, 1.348782e+02
1.000000e+02, 1.358557e+02
1.000000e+02, 1.368510e+02
1.000000e+02, 1.378650e+02
1.000000e+02, 1.388985e+02
1.000000e+02, 1.399528e+02
1.000000e+02, 1.410288e+02
1.000000e+02, 1.421279e+02
1.000000e+02, 1.432515e+02
1.000000e+02, 1.444010e+02
1.000000e+02, 1.455783e+02
1.000000e+02, 1.467853e+02
1.000000e+02, 1.480240e+02
1.000000e+02, 1.492969e+02
1.000000e+02, 1.506069e+02
1.000000e+02, 1.519569e+02
1.000000e+02, 1.533508e+02
1.000000e+02, 1.547927e+02
1.000000e+02, 1.562877e+02
1.000000e+02, 1.578416e+02
1.000000e+02, 1.594617e+02
1.000000e+02, 1.611567e+02
1.000000e+02, 1.629375e+02
1.000000e+02, 1.648180e+02
1.000000e+02, 1.668164e+02
1.000000e+02, 1.689571e+02
1.000000e+02, 1.712747e+02
1.000000e+02, 1.738208e+02
1.000000e+02, 1.766784e+02
1.000000e+02, 1.800000e+02
##END= 