##TITLE= /opt/topspin3.0/exp/stan/nmr/lists/wave/user/HypSec_trunc2.84_110
##JCAMP-DX= 5.00 Bruker JCAMP library
##DATA TYPE= Shape Data
##ORIGIN= Bruker BioSpin GmbH
##OWNER= <nmrsu>
##DATE= 15/02/24
##TIME= 16:15:04
##MINX= 1.164538e+01
##MAXX= 9.999960e+01
##MINY= 2.546774e-02
##MAXY= 3.585574e+02
##$SHAPE_EXMODE= Adiabatic
##$SHAPE_TOTROT= 1.800000e+02
##$SHAPE_BWFAC= 1.929340e+02
##$SHAPE_INTEGFAC= 2.356110e-02
##$SHAPE_MODE= 0
##NPOINTS= 500
##XYPOINTS= (XY..XY)
1.000000e+02, 1.800000e+02
1.000000e+02, 1.769832e+02
1.000000e+02, 1.746319e+02
1.000000e+02, 1.726370e+02
1.000000e+02, 1.708747e+02
1.000000e+02, 1.692802e+02
1.000000e+02, 1.678143e+02
1.000000e+02, 1.664513e+02
1.000000e+02, 1.651730e+02
1.000000e+02, 1.639661e+02
1.000000e+02, 1.628206e+02
1.000000e+02, 1.617285e+02
1.000000e+02, 1.606836e+02
1.000000e+02, 1.596807e+02
1.000000e+02, 1.587156e+02
1.000000e+02, 1.577846e+02
1.000000e+02, 1.568849e+02
1.000000e+02, 1.560137e+02
1.000000e+02, 1.551689e+02
1.000000e+02, 1.543485e+02
1.000000e+02, 1.535507e+02
1.000000e+02, 1.527741e+02
1.000000e+02, 1.520174e+02
1.000000e+02, 1.512792e+02
1.000000e+02, 1.505585e+02
1.000000e+02, 1.498543e+02
1.000000e+02, 1.491658e+02
1.000000e+02, 1.484921e+02
1.000000e+02, 1.478326e+02
1.000000e+02, 1.471864e+02
1.000000e+02, 1.465531e+02
1.000000e+02, 1.459320e+02
1.000000e+02, 1.453226e+02
1.000000e+02, 1.447244e+02
1.000000e+02, 1.441370e+02
1.000000e+02, 1.435599e+02
1.000000e+02, 1.429927e+02
1.000000e+02, 1.424352e+02
1.000000e+02, 1.418868e+02
1.000000e+02, 1.413474e+02
1.000000e+02, 1.408166e+02
1.000000e+02, 1.402942e+02
1.000000e+02, 1.397798e+02
1.000000e+02, 1.392732e+02
1.000000e+02, 1.387741e+02
1.000000e+02, 1.382824e+02
1.000000e+02, 1.377979e+02
1.000000e+02, 1.373202e+02
1.000000e+02, 1.368494e+02
1.000000e+02, 1.363850e+02
1.000000e+02, 1.359270e+02
1.000000e+02, 1.354753e+02
1.000000e+02, 1.350296e+02
1.000000e+02, 1.345898e+02
1.000000e+02, 1.341558e+02
1.000000e+02, 1.337274e+02
1.000000e+02, 1.333045e+02
1.000000e+02, 1.328869e+02
1.000000e+02, 1.324746e+02
1.000000e+02, 1.320675e+02
1.000000e+02, 1.316654e+02
1.000000e+02, 1.312682e+02
1.000000e+02, 1.308758e+02
1.000000e+02, 1.304881e+02
1.000000e+02, 1.301050e+02
1.000000e+02, 1.297265e+02
1.000000e+02, 1.293525e+02
1.000000e+02, 1.289828e+02
1.000000e+02, 1.286173e+02
1.000000e+02, 1.282561e+02
1.000000e+02, 1.278990e+02
1.000000e+02, 1.275460e+02
1.000000e+02, 1.271970e+02
1.000000e+02, 1.268518e+02
1.000000e+02, 1.265106e+02
1.000000e+02, 1.261731e+02
1.000000e+02, 1.258394e+02
1.000000e+02, 1.255093e+02
1.000000e+02, 1.251828e+02
1.000000e+02, 1.248599e+02
1.000000e+02, 1.245405e+02
1.000000e+02, 1.242246e+02
1.000000e+02, 1.239120e+02
1.000000e+02, 1.236028e+02
1.000000e+02, 1.232969e+02
1.000000e+02, 1.229943e+02
1.000000e+02, 1.226949e+02
1.000000e+02, 1.223986e+02
1.000000e+02, 1.221055e+02
1.000000e+02, 1.218155e+02
1.000000e+02, 1.215285e+02
1.000000e+02, 1.212445e+02
1.000000e+02, 1.209635e+02
1.000000e+02, 1.206854e+02
1.000000e+02, 1.204102e+02
1.000000e+02, 1.201378e+02
1.000000e+02, 1.198683e+02
1.000000e+02, 1.196016e+02
1.000000e+02, 1.193377e+02
1.000000e+02, 1.190765e+02
1.000000e+02, 1.188179e+02
1.000000e+02, 1.185621e+02
1.000000e+02, 1.183089e+02
1.000000e+02, 1.180583e+02
1.000000e+02, 1.178102e+02
1.000000e+02, 1.175648e+02
1.000000e+02, 1.173219e+02
1.000000e+02, 1.170814e+02
1.000000e+02, 1.168435e+02
1.000000e+02, 1.166080e+02
1.000000e+02, 1.163749e+02
1.000000e+02, 1.161443e+02
1.000000e+02, 1.159160e+02
1.000000e+02, 1.156901e+02
1.000000e+02, 1.154665e+02
1.000000e+02, 1.152453e+02
1.000000e+02, 1.150263e+02
1.000000e+02, 1.148097e+02
1.000000e+02, 1.145952e+02
1.000000e+02, 1.143831e+02
1.000000e+02, 1.141731e+02
1.000000e+02, 1.139653e+02
1.000000e+02, 1.137598e+02
1.000000e+02, 1.135563e+02
1.000000e+02, 1.133551e+02
1.000000e+02, 1.131559e+02
1.000000e+02, 1.129589e+02
1.000000e+02, 1.127639e+02
1.000000e+02, 1.125711e+02
1.000000e+02, 1.123803e+02
1.000000e+02, 1.121915e+02
1.000000e+02, 1.120048e+02
1.000000e+02, 1.118201e+02
1.000000e+02, 1.116374e+02
1.000000e+02, 1.114567e+02
1.000000e+02, 1.112780e+02
1.000000e+02, 1.111012e+02
1.000000e+02, 1.109264e+02
1.000000e+02, 1.107535e+02
1.000000e+02, 1.105826e+02
1.000000e+02, 1.104135e+02
1.000000e+02, 1.102464e+02
1.000000e+02, 1.100811e+02
1.000000e+02, 1.099177e+02
1.000000e+02, 1.097562e+02
1.000000e+02, 1.095965e+02
1.000000e+02, 1.094386e+02
1.000000e+02, 1.092826e+02
1.000000e+02, 1.091284e+02
1.000000e+02, 1.089760e+02
1.000000e+02, 1.088254e+02
1.000000e+02, 1.086766e+02
1.000000e+02, 1.085295e+02
1.000000e+02, 1.083843e+02
1.000000e+02, 1.082407e+02
1.000000e+02, 1.080990e+02
1.000000e+02, 1.079589e+02
1.000000e+02, 1.078206e+02
1.000000e+02, 1.076841e+02
1.000000e+02, 1.075492e+02
1.000000e+02, 1.074160e+02
1.000000e+02, 1.072845e+02
1.000000e+02, 1.071547e+02
1.000000e+02, 1.070266e+02
1.000000e+02, 1.069002e+02
1.000000e+02, 1.067754e+02
1.000000e+02, 1.066523e+02
1.000000e+02, 1.065308e+02
1.000000e+02, 1.064110e+02
1.000000e+02, 1.062928e+02
1.000000e+02, 1.061762e+02
1.000000e+02, 1.060612e+02
1.000000e+02, 1.059479e+02
1.000000e+02, 1.058361e+02
1.000000e+02, 1.057260e+02
1.000000e+02, 1.056175e+02
1.000000e+02, 1.055105e+02
1.000000e+02, 1.054051e+02
1.000000e+02, 1.053013e+02
1.000000e+02, 1.051991e+02
1.000000e+02, 1.050984e+02
1.000000e+02, 1.049993e+02
1.000000e+02, 1.049017e+02
1.000000e+02, 1.048057e+02
1.000000e+02, 1.047112e+02
1.000000e+02, 1.046182e+02
1.000000e+02, 1.045268e+02
1.000000e+02, 1.044369e+02
1.000000e+02, 1.043486e+02
1.000000e+02, 1.042617e+02
1.000000e+02, 1.041764e+02
1.000000e+02, 1.040925e+02
1.000000e+02, 1.040102e+02
1.000000e+02, 1.039294e+02
1.000000e+02, 1.038500e+02
1.000000e+02, 1.037722e+02
1.000000e+02, 1.036958e+02
1.000000e+02, 1.036209e+02
1.000000e+02, 1.035475e+02
1.000000e+02, 1.034756e+02
1.000000e+02, 1.034051e+02
1.000000e+02, 1.033361e+02
1.000000e+02, 1.032685e+02
1.000000e+02, 1.032025e+02
1.000000e+02, 1.031378e+02
1.000000e+02, 1.030747e+02
1.000000e+02, 1.030129e+02
1.000000e+02, 1.029527e+02
1.000000e+02, 1.028938e+02
1.000000e+02, 1.028364e+02
1.000000e+02, 1.027805e+02
1.000000e+02, 1.027259e+02
1.000000e+02, 1.026728e+02
1.000000e+02, 1.026212e+02
1.000000e+02, 1.025709e+02
1.000000e+02, 1.025221e+02
1.000000e+02, 1.024747e+02
1.000000e+02, 1.024288e+02
1.000000e+02, 1.023842e+02
1.000000e+02, 1.023411e+02
1.000000e+02, 1.022993e+02
1.000000e+02, 1.022590e+02
1.000000e+02, 1.022201e+02
1.000000e+02, 1.021826e+02
1.000000e+02, 1.021465e+02
1.000000e+02, 1.021118e+02
1.000000e+02, 1.020785e+02
1.000000e+02, 1.020466e+02
1.000000e+02, 1.020161e+02
1.000000e+02, 1.019870e+02
1.000000e+02, 1.019593e+02
1.000000e+02, 1.019329e+02
1.000000e+02, 1.019080e+02
1.000000e+02, 1.018845e+02
1.000000e+02, 1.018624e+02
1.000000e+02, 1.018416e+02
1.000000e+02, 1.018222e+02
1.000000e+02, 1.018043e+02
1.000000e+02, 1.017877e+02
1.000000e+02, 1.017725e+02
1.000000e+02, 1.017586e+02
1.000000e+02, 1.017462e+02
1.000000e+02, 1.017351e+02
1.000000e+02, 1.017255e+02
1.000000e+02, 1.017172e+02
1.000000e+02, 1.017103e+02
1.000000e+02, 1.017048e+02
1.000000e+02, 1.017006e+02
1.000000e+02, 1.016978e+02
1.000000e+02, 1.016965e+02
1.000000e+02, 1.016965e+02
1.000000e+02, 1.016978e+02
1.000000e+02, 1.017006e+02
1.000000e+02, 1.017048e+02
1.000000e+02, 1.017103e+02
1.000000e+02, 1.017172e+02
1.000000e+02, 1.017255e+02
1.000000e+02, 1.017351e+02
1.000000e+02, 1.017462e+02
1.000000e+02, 1.017586e+02
1.000000e+02, 1.017725e+02
1.000000e+02, 1.017877e+02
1.000000e+02, 1.018043e+02
1.000000e+02, 1.018222e+02
1.000000e+02, 1.018416e+02
1.000000e+02, 1.018624e+02
1.000000e+02, 1.018845e+02
1.000000e+02, 1.019080e+02
1.000000e+02, 1.019329e+02
1.000000e+02, 1.019593e+02
1.000000e+02, 1.019870e+02
1.000000e+02, 1.020161e+02
1.000000e+02, 1.020466e+02
1.000000e+02, 1.020785e+02
1.000000e+02, 1.021118e+02
1.000000e+02, 1.021465e+02
1.000000e+02, 1.021826e+02
1.000000e+02, 1.022201e+02
1.000000e+02, 1.022590e+02
1.000000e+02, 1.022993e+02
1.000000e+02, 1.023411e+02
1.000000e+02, 1.023842e+02
1.000000e+02, 1.024288e+02
1.000000e+02, 1.024747e+02
1.000000e+02, 1.025221e+02
1.000000e+02, 1.025709e+02
1.000000e+02, 1.026212e+02
1.000000e+02, 1.026728e+02
1.000000e+02, 1.027259e+02
1.000000e+02, 1.027805e+02
1.000000e+02, 1.028364e+02
1.000000e+02, 1.028938e+02
1.000000e+02, 1.029527e+02
1.000000e+02, 1.030129e+02
1.000000e+02, 1.030747e+02
1.000000e+02, 1.031378e+02
1.000000e+02, 1.032025e+02
1.000000e+02, 1.032685e+02
1.000000e+02, 1.033361e+02
1.000000e+02, 1.034051e+02
1.000000e+02, 1.034756e+02
1.000000e+02, 1.035475e+02
1.000000e+02, 1.036209e+02
1.000000e+02, 1.036958e+02
1.000000e+02, 1.037722e+02
1.000000e+02, 1.038500e+02
1.000000e+02, 1.039294e+02
1.000000e+02, 1.040102e+02
1.000000e+02, 1.040925e+02
1.000000e+02, 1.041764e+02
1.000000e+02, 1.042617e+02
1.000000e+02, 1.043486e+02
1.000000e+02, 1.044369e+02
1.000000e+02, 1.045268e+02
1.000000e+02, 1.046182e+02
1.000000e+02, 1.047112e+02
1.000000e+02, 1.048057e+02
1.000000e+02, 1.049017e+02
1.000000e+02, 1.049993e+02
1.000000e+02, 1.050984e+02
1.000000e+02, 1.051991e+02
1.000000e+02, 1.053013e+02
1.000000e+02, 1.054051e+02
1.000000e+02, 1.055105e+02
1.000000e+02, 1.056175e+02
1.000000e+02, 1.057260e+02
1.000000e+02, 1.058361e+02
1.000000e+02, 1.059479e+02
1.000000e+02, 1.060612e+02
1.000000e+02, 1.061762e+02
1.000000e+02, 1.062928e+02
1.000000e+02, 1.064110e+02
1.000000e+02, 1.065308e+02
1.000000e+02, 1.066523e+02
1.000000e+02, 1.067754e+02
1.000000e+02, 1.069002e+02
1.000000e+02, 1.070266e+02
1.000000e+02, 1.071547e+02
1.000000e+02, 1.072845e+02
1.000000e+02, 1.074160e+02
1.000000e+02, 1.075492e+02
1.000000e+02, 1.076841e+02
1.000000e+02, 1.078206e+02
1.000000e+02, 1.079589e+02
1.000000e+02, 1.080990e+02
1.000000e+02, 1.082407e+02
1.000000e+02, 1.083843e+02
1.000000e+02, 1.085295e+02
1.000000e+02, 1.086766e+02
1.000000e+02, 1.088254e+02
1.000000e+02, 1.089760e+02
1.000000e+02, 1.091284e+02
1.000000e+02, 1.092826e+02
1.000000e+02, 1.094386e+02
1.000000e+02, 1.095965e+02
1.000000e+02, 1.097562e+02
1.000000e+02, 1.099177e+02
1.000000e+02, 1.100811e+02
1.000000e+02, 1.102464e+02
1.000000e+02, 1.104135e+02
1.000000e+02, 1.105826e+02
1.000000e+02, 1.107535e+02
1.000000e+02, 1.109264e+02
1.000000e+02, 1.111012e+02
1.000000e+02, 1.112780e+02
1.000000e+02, 1.114567e+02
1.000000e+02, 1.116374e+02
1.000000e+02, 1.118201e+02
1.000000e+02, 1.120048e+02
1.000000e+02, 1.121915e+02
1.000000e+02, 1.123803e+02
1.000000e+02, 1.125711e+02
1.000000e+02, 1.127639e+02
1.000000e+02, 1.129589e+02
1.000000e+02, 1.131559e+02
1.000000e+02, 1.133551e+02
1.000000e+02, 1.135563e+02
1.000000e+02, 1.137598e+02
1.000000e+02, 1.139653e+02
1.000000e+02, 1.141731e+02
1.000000e+02, 1.143831e+02
1.000000e+02, 1.145952e+02
1.000000e+02, 1.148097e+02
1.000000e+02, 1.150263e+02
1.000000e+02, 1.152453e+02
1.000000e+02, 1.154665e+02
1.000000e+02, 1.156901e+02
1.000000e+02, 1.159160e+02
1.000000e+02, 1.161443e+02
1.000000e+02, 1.163749e+02
1.000000e+02, 1.166080e+02
1.000000e+02, 1.168435e+02
1.000000e+02, 1.170814e+02
1.000000e+02, 1.173219e+02
1.000000e+02, 1.175648e+02
1.000000e+02, 1.178102e+02
1.000000e+02, 1.180583e+02
1.000000e+02, 1.183089e+02
1.000000e+02, 1.185621e+02
1.000000e+02, 1.188179e+02
1.000000e+02, 1.190765e+02
1.000000e+02, 1.193377e+02
1.000000e+02, 1.196016e+02
1.000000e+02, 1.198683e+02
1.000000e+02, 1.201378e+02
1.000000e+02, 1.204102e+02
1.000000e+02, 1.206854e+02
1.000000e+02, 1.209635e+02
1.000000e+02, 1.212445e+02
1.000000e+02, 1.215285e+02
1.000000e+02, 1.218155e+02
1.000000e+02, 1.221055e+02
1.000000e+02, 1.223986e+02
1.000000e+02, 1.226949e+02
1.000000e+02, 1.229943e+02
1.000000e+02, 1.232969e+02
1.000000e+02, 1.236028e+02
1.000000e+02, 1.239120e+02
1.000000e+02, 1.242246e+02
1.000000e+02, 1.245405e+02
1.000000e+02, 1.248599e+02
1.000000e+02, 1.251828e+02
1.000000e+02, 1.255093e+02
1.000000e+02, 1.258394e+02
1.000000e+02, 1.261731e+02
1.000000e+02, 1.265106e+02
1.000000e+02, 1.268518e+02
1.000000e+02, 1.271970e+02
1.000000e+02, 1.275460e+02
1.000000e+02, 1.278990e+02
1.000000e+02, 1.282561e+02
1.000000e+02, 1.286173e+02
1.000000e+02, 1.289828e+02
1.000000e+02, 1.293525e+02
1.000000e+02, 1.297265e+02
1.000000e+02, 1.301050e+02
1.000000e+02, 1.304881e+02
1.000000e+02, 1.308758e+02
1.000000e+02, 1.312682e+02
1.000000e+02, 1.316654e+02
1.000000e+02, 1.320675e+02
1.000000e+02, 1.324746e+02
1.000000e+02, 1.328869e+02
1.000000e+02, 1.333045e+02
1.000000e+02, 1.337274e+02
1.000000e+02, 1.341558e+02
1.000000e+02, 1.345898e+02
1.000000e+02, 1.350296e+02
1.000000e+02, 1.354753e+02
1.000000e+02, 1.359270e+02
1.000000e+02, 1.363850e+02
1.000000e+02, 1.368494e+02
1.000000e+02, 1.373202e+02
1.000000e+02, 1.377979e+02
1.000000e+02, 1.382824e+02
1.000000e+02, 1.387741e+02
1.000000e+02, 1.392732e+02
1.000000e+02, 1.397798e+02
1.000000e+02, 1.402942e+02
1.000000e+02, 1.408166e+02
1.000000e+02, 1.413474e+02
1.000000e+02, 1.418868e+02
1.000000e+02, 1.424352e+02
1.000000e+02, 1.429927e+02
1.000000e+02, 1.435599e+02
1.000000e+02, 1.441370e+02
1.000000e+02, 1.447244e+02
1.000000e+02, 1.453226e+02
1.000000e+02, 1.459320e+02
1.000000e+02, 1.465531e+02
1.000000e+02, 1.471864e+02
1.000000e+02, 1.478326e+02
1.000000e+02, 1.484921e+02
1.000000e+02, 1.491658e+02
1.000000e+02, 1.498543e+02
1.000000e+02, 1.505585e+02
1.000000e+02, 1.512792e+02
1.000000e+02, 1.520174e+02
1.000000e+02, 1.527741e+02
1.000000e+02, 1.535507e+02
1.000000e+02, 1.543485e+02
1.000000e+02, 1.551689e+02
1.000000e+02, 1.560137e+02
1.000000e+02, 1.568849e+02
1.000000e+02, 1.577846e+02
1.000000e+02, 1.587156e+02
1.000000e+02, 1.596807e+02
1.000000e+02, 1.606836e+02
1.000000e+02, 1.617285e+02
1.000000e+02, 1.628206e+02
1.000000e+02, 1.639661e+02
1.000000e+02, 1.651730e+02
1.000000e+02, 1.664513e+02
1.000000e+02, 1.678143e+02
1.000000e+02, 1.692802e+02
1.000000e+02, 1.708747e+02
1.000000e+02, 1.726370e+02
1.000000e+02, 1.746319e+02
1.000000e+02, 1.769832e+02
1.000000e+02, 1.800000e+02
##END= 