##TITLE= /opt/topspin3.0/exp/stan/nmr/lists/wave/user/HypSec_trunc2.84_110
##JCAMP-DX= 5.00 Bruker JCAMP library
##DATA TYPE= Shape Data
##ORIGIN= Bruker BioSpin GmbH
##OWNER= <nmrsu>
##DATE= 15/02/24
##TIME= 16:15:04
##MINX= 1.164538e+01
##MAXX= 9.999960e+01
##MINY= 2.546774e-02
##MAXY= 3.585574e+02
##$SHAPE_EXMODE= Adiabatic
##$SHAPE_TOTROT= 1.800000e+02
##$SHAPE_BWFAC= 1.929340e+02
##$SHAPE_INTEGFAC= 2.356110e-02
##$SHAPE_MODE= 0
##NPOINTS= 100
##XYPOINTS= (XY..XY)
1.000000e+02, 1.800000e+02
1.000000e+02, 1.771236e+02
1.000000e+02, 1.756045e+02
1.000000e+02, 1.744358e+02
1.000000e+02, 1.734572e+02
1.000000e+02, 1.726045e+02
1.000000e+02, 1.718438e+02
1.000000e+02, 1.711546e+02
1.000000e+02, 1.705233e+02
1.000000e+02, 1.699403e+02
1.000000e+02, 1.693987e+02
1.000000e+02, 1.688930e+02
1.000000e+02, 1.684192e+02
1.000000e+02, 1.679738e+02
1.000000e+02, 1.675541e+02
1.000000e+02, 1.671578e+02
1.000000e+02, 1.667831e+02
1.000000e+02, 1.664283e+02
1.000000e+02, 1.660921e+02
1.000000e+02, 1.657733e+02
1.000000e+02, 1.654708e+02
1.000000e+02, 1.651837e+02
1.000000e+02, 1.649112e+02
1.000000e+02, 1.646527e+02
1.000000e+02, 1.644074e+02
1.000000e+02, 1.641748e+02
1.000000e+02, 1.639544e+02
1.000000e+02, 1.637458e+02
1.000000e+02, 1.635486e+02
1.000000e+02, 1.633622e+02
1.000000e+02, 1.631866e+02
1.000000e+02, 1.630212e+02
1.000000e+02, 1.628660e+02
1.000000e+02, 1.627205e+02
1.000000e+02, 1.625846e+02
1.000000e+02, 1.624581e+02
1.000000e+02, 1.623407e+02
1.000000e+02, 1.622324e+02
1.000000e+02, 1.621330e+02
1.000000e+02, 1.620423e+02
1.000000e+02, 1.619602e+02
1.000000e+02, 1.618866e+02
1.000000e+02, 1.618214e+02
1.000000e+02, 1.617645e+02
1.000000e+02, 1.617159e+02
1.000000e+02, 1.616755e+02
1.000000e+02, 1.616432e+02
1.000000e+02, 1.616191e+02
1.000000e+02, 1.616030e+02
1.000000e+02, 1.615949e+02
1.000000e+02, 1.615949e+02
1.000000e+02, 1.616030e+02
1.000000e+02, 1.616191e+02
1.000000e+02, 1.616432e+02
1.000000e+02, 1.616755e+02
1.000000e+02, 1.617159e+02
1.000000e+02, 1.617645e+02
1.000000e+02, 1.618214e+02
1.000000e+02, 1.618866e+02
1.000000e+02, 1.619602e+02
1.000000e+02, 1.620423e+02
1.000000e+02, 1.621330e+02
1.000000e+02, 1.622324e+02
1.000000e+02, 1.623407e+02
1.000000e+02, 1.624581e+02
1.000000e+02, 1.625846e+02
1.000000e+02, 1.627205e+02
1.000000e+02, 1.628660e+02
1.000000e+02, 1.630212e+02
1.000000e+02, 1.631866e+02
1.000000e+02, 1.633622e+02
1.000000e+02, 1.635486e+02
1.000000e+02, 1.637458e+02
1.000000e+02, 1.639544e+02
1.000000e+02, 1.641748e+02
1.000000e+02, 1.644074e+02
1.000000e+02, 1.646527e+02
1.000000e+02, 1.649112e+02
1.000000e+02, 1.651837e+02
1.000000e+02, 1.654708e+02
1.000000e+02, 1.657733e+02
1.000000e+02, 1.660921e+02
1.000000e+02, 1.664284e+02
1.000000e+02, 1.667831e+02
1.000000e+02, 1.671578e+02
1.000000e+02, 1.675541e+02
1.000000e+02, 1.679738e+02
1.000000e+02, 1.684192e+02
1.000000e+02, 1.688930e+02
1.000000e+02, 1.693987e+02
1.000000e+02, 1.699403e+02
1.000000e+02, 1.705233e+02
1.000000e+02, 1.711546e+02
1.000000e+02, 1.718438e+02
1.000000e+02, 1.726045e+02
1.000000e+02, 1.734572e+02
1.000000e+02, 1.744358e+02
1.000000e+02, 1.756045e+02
1.000000e+02, 1.771236e+02
1.000000e+02, 1.800000e+02
##END= 