##TITLE= /opt/topspin3.0/exp/stan/nmr/lists/wave/user/HypSec_trunc2.84_110
##JCAMP-DX= 5.00 Bruker JCAMP library
##DATA TYPE= Shape Data
##ORIGIN= Bruker BioSpin GmbH
##OWNER= <nmrsu>
##DATE= 15/02/24
##TIME= 16:15:04
##MINX= 1.164538e+01
##MAXX= 9.999960e+01
##MINY= 2.546774e-02
##MAXY= 3.585574e+02
##$SHAPE_EXMODE= Adiabatic
##$SHAPE_TOTROT= 1.800000e+02
##$SHAPE_BWFAC= 1.929340e+02
##$SHAPE_INTEGFAC= 2.356110e-02
##$SHAPE_MODE= 0
##NPOINTS= 1000
##XYPOINTS= (XY..XY)
1.000000e+02, 1.800000e+02
1.000000e+02, 1.776085e+02
1.000000e+02, 1.755510e+02
1.000000e+02, 1.737178e+02
1.000000e+02, 1.720491e+02
1.000000e+02, 1.705078e+02
1.000000e+02, 1.690689e+02
1.000000e+02, 1.677150e+02
1.000000e+02, 1.664328e+02
1.000000e+02, 1.652124e+02
1.000000e+02, 1.640459e+02
1.000000e+02, 1.629271e+02
1.000000e+02, 1.618507e+02
1.000000e+02, 1.608126e+02
1.000000e+02, 1.598090e+02
1.000000e+02, 1.588369e+02
1.000000e+02, 1.578938e+02
1.000000e+02, 1.569773e+02
1.000000e+02, 1.560854e+02
1.000000e+02, 1.552164e+02
1.000000e+02, 1.543688e+02
1.000000e+02, 1.535411e+02
1.000000e+02, 1.527321e+02
1.000000e+02, 1.519407e+02
1.000000e+02, 1.511660e+02
1.000000e+02, 1.504069e+02
1.000000e+02, 1.496628e+02
1.000000e+02, 1.489327e+02
1.000000e+02, 1.482161e+02
1.000000e+02, 1.475123e+02
1.000000e+02, 1.468207e+02
1.000000e+02, 1.461407e+02
1.000000e+02, 1.454720e+02
1.000000e+02, 1.448139e+02
1.000000e+02, 1.441661e+02
1.000000e+02, 1.435281e+02
1.000000e+02, 1.428996e+02
1.000000e+02, 1.422803e+02
1.000000e+02, 1.416697e+02
1.000000e+02, 1.410677e+02
1.000000e+02, 1.404738e+02
1.000000e+02, 1.398879e+02
1.000000e+02, 1.393096e+02
1.000000e+02, 1.387387e+02
1.000000e+02, 1.381750e+02
1.000000e+02, 1.376183e+02
1.000000e+02, 1.370683e+02
1.000000e+02, 1.365249e+02
1.000000e+02, 1.359879e+02
1.000000e+02, 1.354570e+02
1.000000e+02, 1.349322e+02
1.000000e+02, 1.344132e+02
1.000000e+02, 1.339000e+02
1.000000e+02, 1.333923e+02
1.000000e+02, 1.328900e+02
1.000000e+02, 1.323930e+02
1.000000e+02, 1.319011e+02
1.000000e+02, 1.314143e+02
1.000000e+02, 1.309323e+02
1.000000e+02, 1.304552e+02
1.000000e+02, 1.299828e+02
1.000000e+02, 1.295149e+02
1.000000e+02, 1.290515e+02
1.000000e+02, 1.285926e+02
1.000000e+02, 1.281379e+02
1.000000e+02, 1.276874e+02
1.000000e+02, 1.272410e+02
1.000000e+02, 1.267986e+02
1.000000e+02, 1.263602e+02
1.000000e+02, 1.259257e+02
1.000000e+02, 1.254950e+02
1.000000e+02, 1.250680e+02
1.000000e+02, 1.246446e+02
1.000000e+02, 1.242249e+02
1.000000e+02, 1.238087e+02
1.000000e+02, 1.233959e+02
1.000000e+02, 1.229865e+02
1.000000e+02, 1.225805e+02
1.000000e+02, 1.221777e+02
1.000000e+02, 1.217782e+02
1.000000e+02, 1.213819e+02
1.000000e+02, 1.209886e+02
1.000000e+02, 1.205985e+02
1.000000e+02, 1.202113e+02
1.000000e+02, 1.198272e+02
1.000000e+02, 1.194459e+02
1.000000e+02, 1.190675e+02
1.000000e+02, 1.186920e+02
1.000000e+02, 1.183193e+02
1.000000e+02, 1.179493e+02
1.000000e+02, 1.175820e+02
1.000000e+02, 1.172174e+02
1.000000e+02, 1.168554e+02
1.000000e+02, 1.164961e+02
1.000000e+02, 1.161393e+02
1.000000e+02, 1.157850e+02
1.000000e+02, 1.154332e+02
1.000000e+02, 1.150838e+02
1.000000e+02, 1.147369e+02
1.000000e+02, 1.143924e+02
1.000000e+02, 1.140502e+02
1.000000e+02, 1.137103e+02
1.000000e+02, 1.133728e+02
1.000000e+02, 1.130375e+02
1.000000e+02, 1.127044e+02
1.000000e+02, 1.123736e+02
1.000000e+02, 1.120450e+02
1.000000e+02, 1.117185e+02
1.000000e+02, 1.113941e+02
1.000000e+02, 1.110719e+02
1.000000e+02, 1.107517e+02
1.000000e+02, 1.104336e+02
1.000000e+02, 1.101176e+02
1.000000e+02, 1.098035e+02
1.000000e+02, 1.094915e+02
1.000000e+02, 1.091814e+02
1.000000e+02, 1.088732e+02
1.000000e+02, 1.085670e+02
1.000000e+02, 1.082627e+02
1.000000e+02, 1.079602e+02
1.000000e+02, 1.076596e+02
1.000000e+02, 1.073609e+02
1.000000e+02, 1.070640e+02
1.000000e+02, 1.067689e+02
1.000000e+02, 1.064756e+02
1.000000e+02, 1.061840e+02
1.000000e+02, 1.058942e+02
1.000000e+02, 1.056061e+02
1.000000e+02, 1.053198e+02
1.000000e+02, 1.050351e+02
1.000000e+02, 1.047521e+02
1.000000e+02, 1.044708e+02
1.000000e+02, 1.041912e+02
1.000000e+02, 1.039132e+02
1.000000e+02, 1.036368e+02
1.000000e+02, 1.033620e+02
1.000000e+02, 1.030888e+02
1.000000e+02, 1.028171e+02
1.000000e+02, 1.025471e+02
1.000000e+02, 1.022785e+02
1.000000e+02, 1.020115e+02
1.000000e+02, 1.017461e+02
1.000000e+02, 1.014821e+02
1.000000e+02, 1.012196e+02
1.000000e+02, 1.009587e+02
1.000000e+02, 1.006991e+02
1.000000e+02, 1.004411e+02
1.000000e+02, 1.001845e+02
1.000000e+02, 9.992928e+01
1.000000e+02, 9.967551e+01
1.000000e+02, 9.942316e+01
1.000000e+02, 9.917220e+01
1.000000e+02, 9.892263e+01
1.000000e+02, 9.867443e+01
1.000000e+02, 9.842760e+01
1.000000e+02, 9.818212e+01
1.000000e+02, 9.793798e+01
1.000000e+02, 9.769518e+01
1.000000e+02, 9.745370e+01
1.000000e+02, 9.721354e+01
1.000000e+02, 9.697467e+01
1.000000e+02, 9.673710e+01
1.000000e+02, 9.650081e+01
1.000000e+02, 9.626580e+01
1.000000e+02, 9.603205e+01
1.000000e+02, 9.579956e+01
1.000000e+02, 9.556831e+01
1.000000e+02, 9.533831e+01
1.000000e+02, 9.510953e+01
1.000000e+02, 9.488197e+01
1.000000e+02, 9.465562e+01
1.000000e+02, 9.443048e+01
1.000000e+02, 9.420653e+01
1.000000e+02, 9.398377e+01
1.000000e+02, 9.376219e+01
1.000000e+02, 9.354179e+01
1.000000e+02, 9.332254e+01
1.000000e+02, 9.310445e+01
1.000000e+02, 9.288751e+01
1.000000e+02, 9.267171e+01
1.000000e+02, 9.245705e+01
1.000000e+02, 9.224351e+01
1.000000e+02, 9.203109e+01
1.000000e+02, 9.181978e+01
1.000000e+02, 9.160958e+01
1.000000e+02, 9.140047e+01
1.000000e+02, 9.119246e+01
1.000000e+02, 9.098553e+01
1.000000e+02, 9.077968e+01
1.000000e+02, 9.057491e+01
1.000000e+02, 9.037120e+01
1.000000e+02, 9.016854e+01
1.000000e+02, 8.996694e+01
1.000000e+02, 8.976639e+01
1.000000e+02, 8.956688e+01
1.000000e+02, 8.936840e+01
1.000000e+02, 8.917095e+01
1.000000e+02, 8.897452e+01
1.000000e+02, 8.877911e+01
1.000000e+02, 8.858471e+01
1.000000e+02, 8.839132e+01
1.000000e+02, 8.819893e+01
1.000000e+02, 8.800753e+01
1.000000e+02, 8.781712e+01
1.000000e+02, 8.762769e+01
1.000000e+02, 8.743924e+01
1.000000e+02, 8.725177e+01
1.000000e+02, 8.706526e+01
1.000000e+02, 8.687972e+01
1.000000e+02, 8.669514e+01
1.000000e+02, 8.651150e+01
1.000000e+02, 8.632882e+01
1.000000e+02, 8.614708e+01
1.000000e+02, 8.596627e+01
1.000000e+02, 8.578640e+01
1.000000e+02, 8.560746e+01
1.000000e+02, 8.542945e+01
1.000000e+02, 8.525235e+01
1.000000e+02, 8.507617e+01
1.000000e+02, 8.490090e+01
1.000000e+02, 8.472653e+01
1.000000e+02, 8.455307e+01
1.000000e+02, 8.438050e+01
1.000000e+02, 8.420883e+01
1.000000e+02, 8.403804e+01
1.000000e+02, 8.386815e+01
1.000000e+02, 8.369913e+01
1.000000e+02, 8.353098e+01
1.000000e+02, 8.336372e+01
1.000000e+02, 8.319732e+01
1.000000e+02, 8.303178e+01
1.000000e+02, 8.286710e+01
1.000000e+02, 8.270329e+01
1.000000e+02, 8.254032e+01
1.000000e+02, 8.237820e+01
1.000000e+02, 8.221693e+01
1.000000e+02, 8.205650e+01
1.000000e+02, 8.189691e+01
1.000000e+02, 8.173816e+01
1.000000e+02, 8.158023e+01
1.000000e+02, 8.142314e+01
1.000000e+02, 8.126686e+01
1.000000e+02, 8.111141e+01
1.000000e+02, 8.095677e+01
1.000000e+02, 8.080295e+01
1.000000e+02, 8.064994e+01
1.000000e+02, 8.049773e+01
1.000000e+02, 8.034633e+01
1.000000e+02, 8.019573e+01
1.000000e+02, 8.004593e+01
1.000000e+02, 7.989692e+01
1.000000e+02, 7.974870e+01
1.000000e+02, 7.960128e+01
1.000000e+02, 7.945463e+01
1.000000e+02, 7.930877e+01
1.000000e+02, 7.916368e+01
1.000000e+02, 7.901938e+01
1.000000e+02, 7.887584e+01
1.000000e+02, 7.873307e+01
1.000000e+02, 7.859108e+01
1.000000e+02, 7.844984e+01
1.000000e+02, 7.830937e+01
1.000000e+02, 7.816966e+01
1.000000e+02, 7.803070e+01
1.000000e+02, 7.789249e+01
1.000000e+02, 7.775504e+01
1.000000e+02, 7.761833e+01
1.000000e+02, 7.748237e+01
1.000000e+02, 7.734715e+01
1.000000e+02, 7.721267e+01
1.000000e+02, 7.707893e+01
1.000000e+02, 7.694592e+01
1.000000e+02, 7.681365e+01
1.000000e+02, 7.668210e+01
1.000000e+02, 7.655128e+01
1.000000e+02, 7.642119e+01
1.000000e+02, 7.629182e+01
1.000000e+02, 7.616317e+01
1.000000e+02, 7.603523e+01
1.000000e+02, 7.590802e+01
1.000000e+02, 7.578151e+01
1.000000e+02, 7.565572e+01
1.000000e+02, 7.553063e+01
1.000000e+02, 7.540625e+01
1.000000e+02, 7.528257e+01
1.000000e+02, 7.515960e+01
1.000000e+02, 7.503732e+01
1.000000e+02, 7.491574e+01
1.000000e+02, 7.479486e+01
1.000000e+02, 7.467467e+01
1.000000e+02, 7.455517e+01
1.000000e+02, 7.443636e+01
1.000000e+02, 7.431823e+01
1.000000e+02, 7.420079e+01
1.000000e+02, 7.408404e+01
1.000000e+02, 7.396796e+01
1.000000e+02, 7.385256e+01
1.000000e+02, 7.373784e+01
1.000000e+02, 7.362379e+01
1.000000e+02, 7.351042e+01
1.000000e+02, 7.339771e+01
1.000000e+02, 7.328568e+01
1.000000e+02, 7.317431e+01
1.000000e+02, 7.306361e+01
1.000000e+02, 7.295357e+01
1.000000e+02, 7.284419e+01
1.000000e+02, 7.273547e+01
1.000000e+02, 7.262741e+01
1.000000e+02, 7.252001e+01
1.000000e+02, 7.241326e+01
1.000000e+02, 7.230716e+01
1.000000e+02, 7.220172e+01
1.000000e+02, 7.209692e+01
1.000000e+02, 7.199277e+01
1.000000e+02, 7.188927e+01
1.000000e+02, 7.178641e+01
1.000000e+02, 7.168419e+01
1.000000e+02, 7.158262e+01
1.000000e+02, 7.148168e+01
1.000000e+02, 7.138138e+01
1.000000e+02, 7.128172e+01
1.000000e+02, 7.118269e+01
1.000000e+02, 7.108430e+01
1.000000e+02, 7.098654e+01
1.000000e+02, 7.088940e+01
1.000000e+02, 7.079290e+01
1.000000e+02, 7.069702e+01
1.000000e+02, 7.060177e+01
1.000000e+02, 7.050714e+01
1.000000e+02, 7.041313e+01
1.000000e+02, 7.031975e+01
1.000000e+02, 7.022698e+01
1.000000e+02, 7.013484e+01
1.000000e+02, 7.004331e+01
1.000000e+02, 6.995240e+01
1.000000e+02, 6.986210e+01
1.000000e+02, 6.977241e+01
1.000000e+02, 6.968333e+01
1.000000e+02, 6.959487e+01
1.000000e+02, 6.950701e+01
1.000000e+02, 6.941977e+01
1.000000e+02, 6.933312e+01
1.000000e+02, 6.924709e+01
1.000000e+02, 6.916165e+01
1.000000e+02, 6.907682e+01
1.000000e+02, 6.899259e+01
1.000000e+02, 6.890896e+01
1.000000e+02, 6.882593e+01
1.000000e+02, 6.874350e+01
1.000000e+02, 6.866167e+01
1.000000e+02, 6.858042e+01
1.000000e+02, 6.849978e+01
1.000000e+02, 6.841972e+01
1.000000e+02, 6.834026e+01
1.000000e+02, 6.826139e+01
1.000000e+02, 6.818311e+01
1.000000e+02, 6.810542e+01
1.000000e+02, 6.802831e+01
1.000000e+02, 6.795179e+01
1.000000e+02, 6.787586e+01
1.000000e+02, 6.780051e+01
1.000000e+02, 6.772574e+01
1.000000e+02, 6.765155e+01
1.000000e+02, 6.757795e+01
1.000000e+02, 6.750493e+01
1.000000e+02, 6.743248e+01
1.000000e+02, 6.736061e+01
1.000000e+02, 6.728932e+01
1.000000e+02, 6.721861e+01
1.000000e+02, 6.714847e+01
1.000000e+02, 6.707890e+01
1.000000e+02, 6.700991e+01
1.000000e+02, 6.694149e+01
1.000000e+02, 6.687364e+01
1.000000e+02, 6.680637e+01
1.000000e+02, 6.673966e+01
1.000000e+02, 6.667352e+01
1.000000e+02, 6.660794e+01
1.000000e+02, 6.654294e+01
1.000000e+02, 6.647850e+01
1.000000e+02, 6.641462e+01
1.000000e+02, 6.635131e+01
1.000000e+02, 6.628856e+01
1.000000e+02, 6.622638e+01
1.000000e+02, 6.616475e+01
1.000000e+02, 6.610369e+01
1.000000e+02, 6.604319e+01
1.000000e+02, 6.598324e+01
1.000000e+02, 6.592386e+01
1.000000e+02, 6.586503e+01
1.000000e+02, 6.580676e+01
1.000000e+02, 6.574904e+01
1.000000e+02, 6.569189e+01
1.000000e+02, 6.563528e+01
1.000000e+02, 6.557923e+01
1.000000e+02, 6.552373e+01
1.000000e+02, 6.546879e+01
1.000000e+02, 6.541439e+01
1.000000e+02, 6.536055e+01
1.000000e+02, 6.530726e+01
1.000000e+02, 6.525451e+01
1.000000e+02, 6.520232e+01
1.000000e+02, 6.515067e+01
1.000000e+02, 6.509957e+01
1.000000e+02, 6.504902e+01
1.000000e+02, 6.499902e+01
1.000000e+02, 6.494956e+01
1.000000e+02, 6.490064e+01
1.000000e+02, 6.485227e+01
1.000000e+02, 6.480444e+01
1.000000e+02, 6.475716e+01
1.000000e+02, 6.471042e+01
1.000000e+02, 6.466422e+01
1.000000e+02, 6.461856e+01
1.000000e+02, 6.457345e+01
1.000000e+02, 6.452887e+01
1.000000e+02, 6.448483e+01
1.000000e+02, 6.444133e+01
1.000000e+02, 6.439837e+01
1.000000e+02, 6.435595e+01
1.000000e+02, 6.431407e+01
1.000000e+02, 6.427272e+01
1.000000e+02, 6.423191e+01
1.000000e+02, 6.419163e+01
1.000000e+02, 6.415189e+01
1.000000e+02, 6.411269e+01
1.000000e+02, 6.407402e+01
1.000000e+02, 6.403588e+01
1.000000e+02, 6.399828e+01
1.000000e+02, 6.396121e+01
1.000000e+02, 6.392467e+01
1.000000e+02, 6.388867e+01
1.000000e+02, 6.385320e+01
1.000000e+02, 6.381825e+01
1.000000e+02, 6.378384e+01
1.000000e+02, 6.374996e+01
1.000000e+02, 6.371661e+01
1.000000e+02, 6.368379e+01
1.000000e+02, 6.365149e+01
1.000000e+02, 6.361973e+01
1.000000e+02, 6.358849e+01
1.000000e+02, 6.355779e+01
1.000000e+02, 6.352761e+01
1.000000e+02, 6.349795e+01
1.000000e+02, 6.346883e+01
1.000000e+02, 6.344023e+01
1.000000e+02, 6.341216e+01
1.000000e+02, 6.338461e+01
1.000000e+02, 6.335759e+01
1.000000e+02, 6.333109e+01
1.000000e+02, 6.330512e+01
1.000000e+02, 6.327967e+01
1.000000e+02, 6.325475e+01
1.000000e+02, 6.323035e+01
1.000000e+02, 6.320647e+01
1.000000e+02, 6.318312e+01
1.000000e+02, 6.316029e+01
1.000000e+02, 6.313798e+01
1.000000e+02, 6.311620e+01
1.000000e+02, 6.309493e+01
1.000000e+02, 6.307419e+01
1.000000e+02, 6.305397e+01
1.000000e+02, 6.303428e+01
1.000000e+02, 6.301510e+01
1.000000e+02, 6.299645e+01
1.000000e+02, 6.297831e+01
1.000000e+02, 6.296070e+01
1.000000e+02, 6.294360e+01
1.000000e+02, 6.292703e+01
1.000000e+02, 6.291098e+01
1.000000e+02, 6.289544e+01
1.000000e+02, 6.288043e+01
1.000000e+02, 6.286594e+01
1.000000e+02, 6.285196e+01
1.000000e+02, 6.283850e+01
1.000000e+02, 6.282557e+01
1.000000e+02, 6.281315e+01
1.000000e+02, 6.280125e+01
1.000000e+02, 6.278986e+01
1.000000e+02, 6.277900e+01
1.000000e+02, 6.276866e+01
1.000000e+02, 6.275883e+01
1.000000e+02, 6.274952e+01
1.000000e+02, 6.274073e+01
1.000000e+02, 6.273245e+01
1.000000e+02, 6.272470e+01
1.000000e+02, 6.271746e+01
1.000000e+02, 6.271074e+01
1.000000e+02, 6.270453e+01
1.000000e+02, 6.269885e+01
1.000000e+02, 6.269368e+01
1.000000e+02, 6.268902e+01
1.000000e+02, 6.268489e+01
1.000000e+02, 6.268127e+01
1.000000e+02, 6.267817e+01
1.000000e+02, 6.267558e+01
1.000000e+02, 6.267352e+01
1.000000e+02, 6.267197e+01
1.000000e+02, 6.267093e+01
1.000000e+02, 6.267041e+01
1.000000e+02, 6.267041e+01
1.000000e+02, 6.267093e+01
1.000000e+02, 6.267197e+01
1.000000e+02, 6.267352e+01
1.000000e+02, 6.267558e+01
1.000000e+02, 6.267817e+01
1.000000e+02, 6.268127e+01
1.000000e+02, 6.268489e+01
1.000000e+02, 6.268902e+01
1.000000e+02, 6.269368e+01
1.000000e+02, 6.269885e+01
1.000000e+02, 6.270453e+01
1.000000e+02, 6.271074e+01
1.000000e+02, 6.271746e+01
1.000000e+02, 6.272470e+01
1.000000e+02, 6.273245e+01
1.000000e+02, 6.274073e+01
1.000000e+02, 6.274952e+01
1.000000e+02, 6.275883e+01
1.000000e+02, 6.276866e+01
1.000000e+02, 6.277900e+01
1.000000e+02, 6.278986e+01
1.000000e+02, 6.280125e+01
1.000000e+02, 6.281315e+01
1.000000e+02, 6.282557e+01
1.000000e+02, 6.283850e+01
1.000000e+02, 6.285196e+01
1.000000e+02, 6.286594e+01
1.000000e+02, 6.288043e+01
1.000000e+02, 6.289544e+01
1.000000e+02, 6.291098e+01
1.000000e+02, 6.292703e+01
1.000000e+02, 6.294360e+01
1.000000e+02, 6.296070e+01
1.000000e+02, 6.297831e+01
1.000000e+02, 6.299645e+01
1.000000e+02, 6.301510e+01
1.000000e+02, 6.303428e+01
1.000000e+02, 6.305397e+01
1.000000e+02, 6.307419e+01
1.000000e+02, 6.309493e+01
1.000000e+02, 6.311620e+01
1.000000e+02, 6.313798e+01
1.000000e+02, 6.316029e+01
1.000000e+02, 6.318312e+01
1.000000e+02, 6.320647e+01
1.000000e+02, 6.323035e+01
1.000000e+02, 6.325475e+01
1.000000e+02, 6.327967e+01
1.000000e+02, 6.330512e+01
1.000000e+02, 6.333109e+01
1.000000e+02, 6.335759e+01
1.000000e+02, 6.338461e+01
1.000000e+02, 6.341216e+01
1.000000e+02, 6.344023e+01
1.000000e+02, 6.346883e+01
1.000000e+02, 6.349795e+01
1.000000e+02, 6.352761e+01
1.000000e+02, 6.355779e+01
1.000000e+02, 6.358850e+01
1.000000e+02, 6.361973e+01
1.000000e+02, 6.365149e+01
1.000000e+02, 6.368379e+01
1.000000e+02, 6.371661e+01
1.000000e+02, 6.374996e+01
1.000000e+02, 6.378384e+01
1.000000e+02, 6.381825e+01
1.000000e+02, 6.385320e+01
1.000000e+02, 6.388867e+01
1.000000e+02, 6.392467e+01
1.000000e+02, 6.396121e+01
1.000000e+02, 6.399828e+01
1.000000e+02, 6.403588e+01
1.000000e+02, 6.407402e+01
1.000000e+02, 6.411269e+01
1.000000e+02, 6.415190e+01
1.000000e+02, 6.419163e+01
1.000000e+02, 6.423191e+01
1.000000e+02, 6.427272e+01
1.000000e+02, 6.431407e+01
1.000000e+02, 6.435595e+01
1.000000e+02, 6.439837e+01
1.000000e+02, 6.444133e+01
1.000000e+02, 6.448483e+01
1.000000e+02, 6.452887e+01
1.000000e+02, 6.457345e+01
1.000000e+02, 6.461856e+01
1.000000e+02, 6.466422e+01
1.000000e+02, 6.471042e+01
1.000000e+02, 6.475716e+01
1.000000e+02, 6.480444e+01
1.000000e+02, 6.485227e+01
1.000000e+02, 6.490064e+01
1.000000e+02, 6.494956e+01
1.000000e+02, 6.499902e+01
1.000000e+02, 6.504902e+01
1.000000e+02, 6.509957e+01
1.000000e+02, 6.515067e+01
1.000000e+02, 6.520232e+01
1.000000e+02, 6.525451e+01
1.000000e+02, 6.530726e+01
1.000000e+02, 6.536055e+01
1.000000e+02, 6.541439e+01
1.000000e+02, 6.546879e+01
1.000000e+02, 6.552373e+01
1.000000e+02, 6.557923e+01
1.000000e+02, 6.563528e+01
1.000000e+02, 6.569189e+01
1.000000e+02, 6.574905e+01
1.000000e+02, 6.580676e+01
1.000000e+02, 6.586503e+01
1.000000e+02, 6.592386e+01
1.000000e+02, 6.598324e+01
1.000000e+02, 6.604319e+01
1.000000e+02, 6.610369e+01
1.000000e+02, 6.616475e+01
1.000000e+02, 6.622638e+01
1.000000e+02, 6.628856e+01
1.000000e+02, 6.635131e+01
1.000000e+02, 6.641462e+01
1.000000e+02, 6.647850e+01
1.000000e+02, 6.654294e+01
1.000000e+02, 6.660794e+01
1.000000e+02, 6.667352e+01
1.000000e+02, 6.673966e+01
1.000000e+02, 6.680637e+01
1.000000e+02, 6.687364e+01
1.000000e+02, 6.694149e+01
1.000000e+02, 6.700991e+01
1.000000e+02, 6.707890e+01
1.000000e+02, 6.714847e+01
1.000000e+02, 6.721861e+01
1.000000e+02, 6.728932e+01
1.000000e+02, 6.736061e+01
1.000000e+02, 6.743248e+01
1.000000e+02, 6.750493e+01
1.000000e+02, 6.757795e+01
1.000000e+02, 6.765155e+01
1.000000e+02, 6.772574e+01
1.000000e+02, 6.780051e+01
1.000000e+02, 6.787586e+01
1.000000e+02, 6.795179e+01
1.000000e+02, 6.802831e+01
1.000000e+02, 6.810542e+01
1.000000e+02, 6.818311e+01
1.000000e+02, 6.826139e+01
1.000000e+02, 6.834026e+01
1.000000e+02, 6.841972e+01
1.000000e+02, 6.849978e+01
1.000000e+02, 6.858043e+01
1.000000e+02, 6.866167e+01
1.000000e+02, 6.874350e+01
1.000000e+02, 6.882593e+01
1.000000e+02, 6.890897e+01
1.000000e+02, 6.899259e+01
1.000000e+02, 6.907682e+01
1.000000e+02, 6.916165e+01
1.000000e+02, 6.924709e+01
1.000000e+02, 6.933312e+01
1.000000e+02, 6.941977e+01
1.000000e+02, 6.950701e+01
1.000000e+02, 6.959487e+01
1.000000e+02, 6.968333e+01
1.000000e+02, 6.977241e+01
1.000000e+02, 6.986210e+01
1.000000e+02, 6.995240e+01
1.000000e+02, 7.004331e+01
1.000000e+02, 7.013484e+01
1.000000e+02, 7.022698e+01
1.000000e+02, 7.031975e+01
1.000000e+02, 7.041313e+01
1.000000e+02, 7.050714e+01
1.000000e+02, 7.060177e+01
1.000000e+02, 7.069702e+01
1.000000e+02, 7.079290e+01
1.000000e+02, 7.088940e+01
1.000000e+02, 7.098654e+01
1.000000e+02, 7.108430e+01
1.000000e+02, 7.118269e+01
1.000000e+02, 7.128172e+01
1.000000e+02, 7.138138e+01
1.000000e+02, 7.148168e+01
1.000000e+02, 7.158262e+01
1.000000e+02, 7.168419e+01
1.000000e+02, 7.178641e+01
1.000000e+02, 7.188927e+01
1.000000e+02, 7.199277e+01
1.000000e+02, 7.209692e+01
1.000000e+02, 7.220172e+01
1.000000e+02, 7.230717e+01
1.000000e+02, 7.241326e+01
1.000000e+02, 7.252001e+01
1.000000e+02, 7.262742e+01
1.000000e+02, 7.273548e+01
1.000000e+02, 7.284419e+01
1.000000e+02, 7.295357e+01
1.000000e+02, 7.306361e+01
1.000000e+02, 7.317431e+01
1.000000e+02, 7.328568e+01
1.000000e+02, 7.339771e+01
1.000000e+02, 7.351042e+01
1.000000e+02, 7.362379e+01
1.000000e+02, 7.373784e+01
1.000000e+02, 7.385256e+01
1.000000e+02, 7.396796e+01
1.000000e+02, 7.408404e+01
1.000000e+02, 7.420079e+01
1.000000e+02, 7.431823e+01
1.000000e+02, 7.443636e+01
1.000000e+02, 7.455517e+01
1.000000e+02, 7.467467e+01
1.000000e+02, 7.479486e+01
1.000000e+02, 7.491574e+01
1.000000e+02, 7.503732e+01
1.000000e+02, 7.515960e+01
1.000000e+02, 7.528257e+01
1.000000e+02, 7.540625e+01
1.000000e+02, 7.553063e+01
1.000000e+02, 7.565572e+01
1.000000e+02, 7.578151e+01
1.000000e+02, 7.590802e+01
1.000000e+02, 7.603524e+01
1.000000e+02, 7.616317e+01
1.000000e+02, 7.629182e+01
1.000000e+02, 7.642119e+01
1.000000e+02, 7.655128e+01
1.000000e+02, 7.668210e+01
1.000000e+02, 7.681365e+01
1.000000e+02, 7.694592e+01
1.000000e+02, 7.707893e+01
1.000000e+02, 7.721267e+01
1.000000e+02, 7.734715e+01
1.000000e+02, 7.748237e+01
1.000000e+02, 7.761833e+01
1.000000e+02, 7.775504e+01
1.000000e+02, 7.789249e+01
1.000000e+02, 7.803070e+01
1.000000e+02, 7.816966e+01
1.000000e+02, 7.830937e+01
1.000000e+02, 7.844984e+01
1.000000e+02, 7.859108e+01
1.000000e+02, 7.873308e+01
1.000000e+02, 7.887584e+01
1.000000e+02, 7.901938e+01
1.000000e+02, 7.916368e+01
1.000000e+02, 7.930877e+01
1.000000e+02, 7.945463e+01
1.000000e+02, 7.960128e+01
1.000000e+02, 7.974871e+01
1.000000e+02, 7.989692e+01
1.000000e+02, 8.004593e+01
1.000000e+02, 8.019573e+01
1.000000e+02, 8.034633e+01
1.000000e+02, 8.049774e+01
1.000000e+02, 8.064994e+01
1.000000e+02, 8.080295e+01
1.000000e+02, 8.095677e+01
1.000000e+02, 8.111141e+01
1.000000e+02, 8.126686e+01
1.000000e+02, 8.142314e+01
1.000000e+02, 8.158023e+01
1.000000e+02, 8.173816e+01
1.000000e+02, 8.189691e+01
1.000000e+02, 8.205651e+01
1.000000e+02, 8.221693e+01
1.000000e+02, 8.237820e+01
1.000000e+02, 8.254032e+01
1.000000e+02, 8.270329e+01
1.000000e+02, 8.286710e+01
1.000000e+02, 8.303178e+01
1.000000e+02, 8.319732e+01
1.000000e+02, 8.336372e+01
1.000000e+02, 8.353099e+01
1.000000e+02, 8.369913e+01
1.000000e+02, 8.386815e+01
1.000000e+02, 8.403804e+01
1.000000e+02, 8.420883e+01
1.000000e+02, 8.438050e+01
1.000000e+02, 8.455307e+01
1.000000e+02, 8.472653e+01
1.000000e+02, 8.490090e+01
1.000000e+02, 8.507617e+01
1.000000e+02, 8.525235e+01
1.000000e+02, 8.542945e+01
1.000000e+02, 8.560746e+01
1.000000e+02, 8.578640e+01
1.000000e+02, 8.596627e+01
1.000000e+02, 8.614708e+01
1.000000e+02, 8.632882e+01
1.000000e+02, 8.651150e+01
1.000000e+02, 8.669514e+01
1.000000e+02, 8.687972e+01
1.000000e+02, 8.706526e+01
1.000000e+02, 8.725177e+01
1.000000e+02, 8.743925e+01
1.000000e+02, 8.762769e+01
1.000000e+02, 8.781712e+01
1.000000e+02, 8.800753e+01
1.000000e+02, 8.819893e+01
1.000000e+02, 8.839132e+01
1.000000e+02, 8.858471e+01
1.000000e+02, 8.877911e+01
1.000000e+02, 8.897452e+01
1.000000e+02, 8.917095e+01
1.000000e+02, 8.936840e+01
1.000000e+02, 8.956688e+01
1.000000e+02, 8.976639e+01
1.000000e+02, 8.996694e+01
1.000000e+02, 9.016854e+01
1.000000e+02, 9.037120e+01
1.000000e+02, 9.057491e+01
1.000000e+02, 9.077969e+01
1.000000e+02, 9.098553e+01
1.000000e+02, 9.119246e+01
1.000000e+02, 9.140047e+01
1.000000e+02, 9.160958e+01
1.000000e+02, 9.181978e+01
1.000000e+02, 9.203109e+01
1.000000e+02, 9.224351e+01
1.000000e+02, 9.245705e+01
1.000000e+02, 9.267171e+01
1.000000e+02, 9.288751e+01
1.000000e+02, 9.310445e+01
1.000000e+02, 9.332254e+01
1.000000e+02, 9.354179e+01
1.000000e+02, 9.376220e+01
1.000000e+02, 9.398378e+01
1.000000e+02, 9.420653e+01
1.000000e+02, 9.443048e+01
1.000000e+02, 9.465562e+01
1.000000e+02, 9.488197e+01
1.000000e+02, 9.510953e+01
1.000000e+02, 9.533831e+01
1.000000e+02, 9.556831e+01
1.000000e+02, 9.579956e+01
1.000000e+02, 9.603205e+01
1.000000e+02, 9.626580e+01
1.000000e+02, 9.650081e+01
1.000000e+02, 9.673710e+01
1.000000e+02, 9.697467e+01
1.000000e+02, 9.721354e+01
1.000000e+02, 9.745370e+01
1.000000e+02, 9.769518e+01
1.000000e+02, 9.793799e+01
1.000000e+02, 9.818212e+01
1.000000e+02, 9.842760e+01
1.000000e+02, 9.867443e+01
1.000000e+02, 9.892263e+01
1.000000e+02, 9.917220e+01
1.000000e+02, 9.942316e+01
1.000000e+02, 9.967551e+01
1.000000e+02, 9.992928e+01
1.000000e+02, 1.001845e+02
1.000000e+02, 1.004411e+02
1.000000e+02, 1.006991e+02
1.000000e+02, 1.009587e+02
1.000000e+02, 1.012196e+02
1.000000e+02, 1.014821e+02
1.000000e+02, 1.017461e+02
1.000000e+02, 1.020115e+02
1.000000e+02, 1.022785e+02
1.000000e+02, 1.025471e+02
1.000000e+02, 1.028171e+02
1.000000e+02, 1.030888e+02
1.000000e+02, 1.033620e+02
1.000000e+02, 1.036368e+02
1.000000e+02, 1.039132e+02
1.000000e+02, 1.041912e+02
1.000000e+02, 1.044708e+02
1.000000e+02, 1.047521e+02
1.000000e+02, 1.050351e+02
1.000000e+02, 1.053198e+02
1.000000e+02, 1.056061e+02
1.000000e+02, 1.058942e+02
1.000000e+02, 1.061840e+02
1.000000e+02, 1.064756e+02
1.000000e+02, 1.067689e+02
1.000000e+02, 1.070640e+02
1.000000e+02, 1.073609e+02
1.000000e+02, 1.076596e+02
1.000000e+02, 1.079602e+02
1.000000e+02, 1.082627e+02
1.000000e+02, 1.085670e+02
1.000000e+02, 1.088732e+02
1.000000e+02, 1.091814e+02
1.000000e+02, 1.094915e+02
1.000000e+02, 1.098035e+02
1.000000e+02, 1.101176e+02
1.000000e+02, 1.104336e+02
1.000000e+02, 1.107517e+02
1.000000e+02, 1.110719e+02
1.000000e+02, 1.113941e+02
1.000000e+02, 1.117185e+02
1.000000e+02, 1.120450e+02
1.000000e+02, 1.123736e+02
1.000000e+02, 1.127045e+02
1.000000e+02, 1.130375e+02
1.000000e+02, 1.133728e+02
1.000000e+02, 1.137103e+02
1.000000e+02, 1.140502e+02
1.000000e+02, 1.143924e+02
1.000000e+02, 1.147369e+02
1.000000e+02, 1.150838e+02
1.000000e+02, 1.154332e+02
1.000000e+02, 1.157850e+02
1.000000e+02, 1.161393e+02
1.000000e+02, 1.164961e+02
1.000000e+02, 1.168555e+02
1.000000e+02, 1.172174e+02
1.000000e+02, 1.175820e+02
1.000000e+02, 1.179493e+02
1.000000e+02, 1.183193e+02
1.000000e+02, 1.186920e+02
1.000000e+02, 1.190675e+02
1.000000e+02, 1.194459e+02
1.000000e+02, 1.198272e+02
1.000000e+02, 1.202113e+02
1.000000e+02, 1.205985e+02
1.000000e+02, 1.209886e+02
1.000000e+02, 1.213819e+02
1.000000e+02, 1.217782e+02
1.000000e+02, 1.221777e+02
1.000000e+02, 1.225805e+02
1.000000e+02, 1.229865e+02
1.000000e+02, 1.233959e+02
1.000000e+02, 1.238087e+02
1.000000e+02, 1.242249e+02
1.000000e+02, 1.246446e+02
1.000000e+02, 1.250680e+02
1.000000e+02, 1.254950e+02
1.000000e+02, 1.259257e+02
1.000000e+02, 1.263602e+02
1.000000e+02, 1.267986e+02
1.000000e+02, 1.272410e+02
1.000000e+02, 1.276874e+02
1.000000e+02, 1.281379e+02
1.000000e+02, 1.285926e+02
1.000000e+02, 1.290515e+02
1.000000e+02, 1.295149e+02
1.000000e+02, 1.299828e+02
1.000000e+02, 1.304552e+02
1.000000e+02, 1.309323e+02
1.000000e+02, 1.314143e+02
1.000000e+02, 1.319011e+02
1.000000e+02, 1.323930e+02
1.000000e+02, 1.328900e+02
1.000000e+02, 1.333923e+02
1.000000e+02, 1.339000e+02
1.000000e+02, 1.344132e+02
1.000000e+02, 1.349322e+02
1.000000e+02, 1.354570e+02
1.000000e+02, 1.359879e+02
1.000000e+02, 1.365249e+02
1.000000e+02, 1.370683e+02
1.000000e+02, 1.376183e+02
1.000000e+02, 1.381750e+02
1.000000e+02, 1.387387e+02
1.000000e+02, 1.393096e+02
1.000000e+02, 1.398879e+02
1.000000e+02, 1.404738e+02
1.000000e+02, 1.410677e+02
1.000000e+02, 1.416697e+02
1.000000e+02, 1.422803e+02
1.000000e+02, 1.428996e+02
1.000000e+02, 1.435281e+02
1.000000e+02, 1.441661e+02
1.000000e+02, 1.448139e+02
1.000000e+02, 1.454720e+02
1.000000e+02, 1.461407e+02
1.000000e+02, 1.468207e+02
1.000000e+02, 1.475123e+02
1.000000e+02, 1.482161e+02
1.000000e+02, 1.489327e+02
1.000000e+02, 1.496628e+02
1.000000e+02, 1.504069e+02
1.000000e+02, 1.511660e+02
1.000000e+02, 1.519407e+02
1.000000e+02, 1.527321e+02
1.000000e+02, 1.535411e+02
1.000000e+02, 1.543688e+02
1.000000e+02, 1.552164e+02
1.000000e+02, 1.560854e+02
1.000000e+02, 1.569773e+02
1.000000e+02, 1.578938e+02
1.000000e+02, 1.588369e+02
1.000000e+02, 1.598090e+02
1.000000e+02, 1.608126e+02
1.000000e+02, 1.618507e+02
1.000000e+02, 1.629271e+02
1.000000e+02, 1.640459e+02
1.000000e+02, 1.652124e+02
1.000000e+02, 1.664328e+02
1.000000e+02, 1.677150e+02
1.000000e+02, 1.690689e+02
1.000000e+02, 1.705078e+02
1.000000e+02, 1.720491e+02
1.000000e+02, 1.737178e+02
1.000000e+02, 1.755510e+02
1.000000e+02, 1.776085e+02
1.000000e+02, 1.800000e+02
##END= 